231 252 10 2786
0 10
1 8
2 8
3 8
4 8
5 9
6 8
7 8
8 6
9 7
10 9
11 6
12 3
13 3
14 3
15 3
16 3
17 3
18 3
19 3
20 6
21 3
22 3
23 3
24 3
25 3
26 3
27 4
28 3
29 4
30 3
31 5
32 3
33 3
34 3
35 4
36 3
37 3
38 3
39 3
40 4
41 3
42 3
43 4
44 3
45 3
46 3
47 5
48 5
49 3
50 3
51 3
52 3
53 3
54 3
55 3
56 3
57 3
58 3
59 3
60 4
61 5
62 4
63 4
64 3
65 3
66 3
67 3
68 3
69 3
70 5
71 3
72 3
73 3
74 4
75 3
76 3
77 3
78 4
79 3
80 4
81 4
82 5
83 4
84 3
85 3
86 4
87 3
88 5
89 3
90 3
91 3
92 3
93 3
94 4
95 3
96 4
97 3
98 5
99 3
100 4
101 3
102 3
103 4
104 7
105 3
106 3
107 3
108 5
109 3
110 3
111 3
112 4
113 3
114 3
115 3
116 4
117 3
118 3
119 3
120 7
121 3
122 3
123 4
124 3
125 3
126 3
127 3
128 3
129 3
130 3
131 3
132 3
133 3
134 3
135 3
136 6
137 3
138 3
139 3
140 4
141 3
142 3
143 3
144 3
145 3
146 5
147 3
148 4
149 3
150 3
151 3
152 5
153 3
154 3
155 3
156 4
157 4
158 3
159 4
160 5
161 3
162 3
163 3
164 3
165 3
166 4
167 4
168 3
169 4
170 3
171 3
172 3
173 3
174 4
175 3
176 3
177 4
178 4
179 3
180 5
181 3
182 3
183 3
184 3
185 5
186 3
187 4
188 5
189 3
190 4
191 3
192 3
193 3
194 3
195 3
196 3
197 3
198 3
199 3
200 3
201 4
202 3
203 3
204 3
205 3
206 3
207 3
208 4
209 3
210 4
211 3
212 3
213 3
214 6
215 5
216 4
217 3
218 3
219 4
220 5
221 3
222 3
223 3
224 3
225 3
226 5
227 3
228 3
229 3
230 4
0 0 1
1 0 2
2 0 3
3 0 6
4 0 7
5 0 8
6 0 9
7 0 11
8 1 2
9 1 4
10 1 6
11 1 7
12 1 11
13 2 3
14 2 4
15 2 5
16 2 98
17 3 5
18 3 9
19 3 10
20 3 11
21 4 6
22 4 10
23 4 12
24 4 61
25 4 81
26 4 215
27 5 8
28 5 46
29 5 116
30 5 132
31 5 150
32 6 8
33 6 9
34 6 10
35 6 11
36 7 8
37 7 10
38 7 11
39 7 31
40 7 200
41 8 9
42 9 10
43 10 11
44 10 166
45 10 185
46 12 13
47 12 20
48 13 19
49 14 27
50 14 20
51 15 25
52 15 24
53 15 18
54 16 29
55 16 28
56 17 29
57 18 26
58 20 22
59 20 23
60 20 24
61 21 22
62 26 30
63 27 28
64 31 36
65 31 42
66 31 43
67 31 37
68 32 33
69 33 43
70 34 35
71 35 41
72 35 36
73 37 38
74 37 45
75 39 43
76 40 44
77 40 45
78 46 55
79 47 51
80 47 49
81 47 58
82 47 48
83 48 50
84 48 60
85 49 53
86 49 57
87 50 54
88 51 56
89 52 60
90 54 59
91 55 56
92 61 64
93 61 63
94 62 78
95 62 68
96 63 65
97 65 67
98 66 71
99 66 80
100 67 77
101 67 74
102 68 80
103 69 78
104 70 73
105 70 74
106 70 80
107 71 75
108 72 77
109 76 79
110 76 80
111 81 87
112 81 93
113 81 90
114 82 85
115 82 89
116 82 97
117 83 95
118 83 91
119 84 90
120 84 86
121 86 91
122 86 88
123 88 96
124 88 94
125 92 96
126 94 97
127 98 109
128 98 104
129 99 112
130 100 107
131 100 112
132 100 108
133 101 110
134 101 109
135 102 108
136 103 113
137 103 107
138 104 105
139 104 106
140 104 108
141 104 115
142 106 111
143 112 114
144 116 125
145 116 129
146 116 118
147 117 121
148 117 120
149 118 123
150 119 120
151 119 131
152 120 126
153 120 124
154 120 130
155 121 122
156 123 127
157 124 127
158 128 130
159 132 149
160 133 140
161 134 138
162 134 148
163 135 148
164 136 141
165 136 142
166 136 140
167 136 146
168 137 145
169 139 144
170 140 147
171 143 145
172 143 146
173 144 145
174 146 149
175 147 148
176 150 163
177 151 160
178 152 153
179 152 164
180 152 155
181 154 165
182 155 156
183 156 157
184 157 161
185 158 159
186 158 160
187 159 163
188 160 162
189 160 161
190 161 165
191 166 178
192 167 170
193 167 178
194 168 174
195 169 175
196 169 180
197 169 184
198 170 177
199 171 180
200 172 178
201 172 183
202 173 177
203 174 181
204 176 179
205 176 177
206 178 182
207 179 181
208 180 183
209 185 193
210 185 189
211 186 198
212 186 187
213 187 188
214 187 199
215 188 196
216 188 191
217 189 190
218 190 195
219 191 197
220 192 199
221 194 196
222 195 199
223 200 206
224 201 211
225 201 212
226 201 208
227 201 214
228 202 214
229 203 208
230 204 213
231 205 209
232 205 210
233 206 212
234 207 214
235 208 213
236 210 214
237 215 224
238 215 216
239 216 230
240 217 228
241 218 220
242 219 220
243 219 230
244 220 225
245 220 227
246 221 222
247 222 226
248 223 228
249 223 230
250 224 226
251 226 229
0 216 17
1 228 21
2 223 20
3 226 26
4 223 14
5 218 30
6 217 16
7 229 21
8 226 22
9 228 27
10 223 27
11 224 22
12 229 22
13 227 16
14 227 12
15 229 20
16 225 17
17 230 15
18 222 27
19 227 20
20 226 15
21 216 18
22 228 17
23 230 19
24 226 12
25 219 21
26 215 13
27 222 27
28 229 25
29 189 118
30 185 119
31 199 123
32 199 125
33 191 131
34 199 119
35 199 125
36 188 116
37 190 124
38 190 130
39 185 119
40 199 123
41 188 126
42 196 118
43 197 116
44 199 118
45 194 128
46 191 130
47 188 130
48 196 116
49 192 119
50 197 116
51 195 121
52 190 130
53 197 117
54 189 121
55 193 117
56 193 123
57 190 122
58 187 120
59 154 129
60 150 130
61 155 127
62 160 118
63 151 129
64 162 121
65 150 117
66 163 117
67 152 122
68 160 126
69 150 117
70 159 119
71 159 123
72 163 131
73 157 118
74 154 121
75 160 131
76 161 120
77 152 126
78 151 116
79 164 120
80 159 125
81 155 131
82 163 118
83 160 125
84 161 128
85 151 122
86 153 121
87 163 117
88 155 125
89 0 114
90 8 104
91 1 110
92 3 103
93 11 113
94 8 102
95 0 104
96 5 108
97 7 110
98 8 103
99 9 112
100 8 115
101 4 99
102 7 104
103 10 114
104 0 109
105 0 100
106 8 100
107 7 102
108 11 98
109 11 99
110 8 110
111 8 115
112 2 111
113 0 115
114 8 112
115 10 107
116 11 110
117 0 108
118 5 102
119 68 113
120 80 112
121 72 104
122 71 109
123 79 105
124 80 107
125 63 112
126 75 111
127 62 108
128 66 112
129 69 105
130 78 102
131 67 114
132 80 113
133 77 105
134 66 106
135 64 114
136 79 100
137 64 111
138 70 114
139 68 104
140 75 105
141 77 101
142 65 98
143 75 113
144 72 99
145 77 110
146 77 103
147 68 100
148 77 115
149 173 65
150 181 65
151 184 64
152 171 65
153 176 64
154 183 75
155 168 73
156 168 62
157 176 72
158 177 80
159 174 62
160 173 73
161 178 66
162 182 68
163 166 74
164 167 74
165 174 67
166 173 67
167 169 68
168 181 65
169 167 66
170 176 80
171 166 77
172 168 62
173 172 64
174 184 68
175 168 68
176 172 75
177 184 74
178 169 70
179 14 185
180 23 189
181 28 190
182 17 198
183 30 198
184 12 197
185 20 187
186 20 198
187 16 193
188 20 195
189 15 196
190 21 199
191 30 188
192 28 189
193 20 195
194 22 186
195 24 196
196 22 189
197 18 193
198 24 193
199 21 190
200 24 193
201 14 190
202 28 191
203 14 188
204 22 188
205 20 199
206 17 196
207 24 190
208 20 199
209 128 213
210 122 204
211 119 212
212 127 212
213 119 211
214 128 200
215 119 213
216 116 204
217 123 208
218 122 207
219 124 203
220 118 211
221 116 204
222 124 208
223 125 209
224 118 201
225 117 204
226 129 213
227 116 204
228 124 212
229 125 204
230 121 214
231 116 213
232 116 214
233 124 210
234 120 211
235 117 207
236 120 214
237 126 200
238 120 209
239 170 171
240 184 166
241 180 177
242 174 171
243 177 169
244 180 168
245 177 183
246 177 182
247 177 180
248 175 171
249 176 172
250 174 182
251 167 181
252 170 180
253 179 182
254 174 183
255 172 169
256 170 181
257 176 174
258 42 55
259 34 47
260 32 57
261 43 46
262 38 55
263 45 52
264 37 51
265 34 54
266 38 55
267 36 60
268 33 54
269 32 49
270 43 52
271 43 54
272 36 50
273 41 48
274 45 56
275 31 59
276 35 53
277 42 52
278 36 59
279 36 58
280 35 50
281 44 49
282 43 58
283 31 48
284 41 52
285 39 46
286 43 46
287 35 57
288 199 44
289 196 31
290 199 36
291 190 45
292 193 38
293 193 43
294 187 37
295 194 37
296 192 40
297 193 44
298 191 41
299 185 32
300 198 37
301 187 41
302 188 45
303 196 36
304 189 32
305 198 43
306 189 42
307 195 36
308 186 36
309 189 40
310 199 41
311 193 44
312 191 31
313 192 39
314 194 42
315 186 38
316 195 40
317 194 39
318 5 52
319 5 56
320 7 58
321 7 46
322 6 57
323 1 57
324 11 54
325 11 50
326 1 50
327 10 55
328 8 58
329 4 52
330 9 50
331 1 49
332 7 58
333 10 50
334 3 55
335 2 52
336 9 48
337 4 53
338 7 59
339 5 52
340 0 59
341 8 47
342 7 47
343 0 59
344 6 55
345 4 48
346 6 60
347 7 55
348 27 227
349 29 228
350 12 218
351 17 219
352 23 226
353 13 230
354 13 218
355 16 217
356 28 221
357 24 225
358 16 230
359 21 216
360 26 229
361 16 223
362 15 222
363 15 225
364 20 230
365 16 219
366 21 229
367 26 223
368 24 222
369 14 225
370 20 215
371 16 225
372 23 223
373 19 228
374 27 228
375 28 215
376 24 218
377 28 227
378 158 156
379 158 150
380 163 153
381 150 157
382 164 150
383 165 153
384 165 163
385 150 157
386 163 152
387 150 164
388 158 154
389 156 163
390 153 160
391 164 157
392 156 150
393 164 158
394 153 151
395 162 163
396 163 164
397 90 125
398 83 120
399 90 127
400 91 130
401 92 125
402 97 120
403 97 124
404 97 127
405 81 120
406 94 129
407 93 128
408 91 122
409 84 117
410 95 128
411 94 123
412 96 127
413 88 116
414 93 129
415 84 128
416 84 118
417 83 125
418 82 121
419 93 124
420 96 131
421 89 119
422 90 121
423 92 118
424 83 117
425 97 118
426 83 126
427 127 206
428 131 212
429 131 212
430 130 211
431 122 208
432 121 211
433 122 206
434 130 204
435 118 210
436 123 211
437 116 202
438 118 213
439 121 210
440 122 211
441 126 200
442 118 214
443 122 211
444 119 209
445 127 202
446 127 201
447 122 213
448 120 200
449 119 212
450 125 207
451 119 203
452 130 207
453 129 205
454 121 212
455 120 210
456 118 202
457 51 109
458 54 112
459 48 114
460 48 102
461 48 111
462 51 103
463 56 104
464 48 115
465 50 106
466 46 114
467 47 104
468 47 101
469 48 100
470 58 115
471 56 106
472 56 107
473 57 111
474 49 102
475 60 106
476 52 101
477 54 113
478 53 104
479 52 112
480 60 109
481 49 113
482 51 113
483 57 107
484 50 98
485 60 101
486 60 107
487 28 150
488 13 157
489 23 165
490 21 157
491 21 156
492 21 161
493 27 159
494 14 164
495 15 164
496 16 154
497 20 151
498 29 159
499 25 157
500 24 163
501 30 157
502 13 157
503 15 153
504 13 159
505 26 155
506 22 155
507 16 164
508 24 165
509 27 158
510 14 152
511 22 152
512 15 150
513 16 150
514 14 161
515 16 162
516 27 163
517 207 95
518 204 87
519 211 81
520 208 96
521 200 87
522 203 86
523 207 82
524 212 89
525 200 96
526 213 93
527 213 85
528 209 95
529 213 84
530 214 82
531 205 89
532 210 96
533 204 96
534 209 92
535 201 97
536 214 95
537 213 87
538 203 88
539 201 90
540 211 85
541 210 86
542 214 95
543 211 81
544 209 91
545 209 82
546 206 94
547 73 8
548 65 10
549 74 9
550 62 2
551 74 6
552 79 4
553 72 10
554 61 8
555 77 9
556 63 10
557 77 7
558 76 0
559 64 3
560 64 3
561 65 3
562 65 2
563 66 8
564 65 8
565 63 6
566 77 3
567 63 3
568 68 6
569 72 8
570 69 10
571 64 10
572 71 9
573 67 9
574 66 5
575 127 129
576 123 125
577 121 130
578 124 116
579 124 128
580 119 118
581 118 124
582 131 129
583 116 121
584 116 126
585 116 120
586 122 127
587 131 128
588 119 116
589 128 122
590 124 121
591 126 116
592 116 127
593 121 125
594 122 125
595 11 220
596 11 227
597 1 223
598 3 221
599 9 217
600 8 218
601 2 225
602 0 219
603 0 224
604 1 222
605 11 230
606 9 224
607 3 223
608 2 219
609 6 222
610 6 230
611 2 227
612 7 218
613 0 224
614 2 219
615 10 228
616 6 217
617 9 222
618 2 221
619 1 225
620 2 230
621 4 228
622 7 228
623 218 217
624 215 220
625 223 218
626 229 216
627 219 229
628 227 216
629 229 230
630 227 224
631 226 227
632 215 220
633 223 221
634 224 227
635 227 224
636 224 218
637 229 215
638 217 220
639 226 219
640 228 225
641 215 222
642 44 83
643 40 87
644 42 95
645 40 88
646 42 86
647 31 87
648 35 91
649 42 81
650 36 96
651 32 93
652 37 97
653 36 97
654 45 95
655 34 86
656 39 84
657 39 89
658 34 97
659 34 90
660 43 87
661 36 95
662 41 96
663 45 92
664 41 82
665 41 86
666 42 91
667 39 96
668 39 90
669 43 96
670 36 87
671 36 91
672 48 19
673 52 13
674 55 23
675 53 28
676 50 14
677 52 15
678 56 15
679 49 20
680 51 23
681 56 13
682 46 30
683 46 26
684 50 28
685 49 19
686 49 21
687 58 21
688 59 18
689 48 12
690 55 27
691 46 13
692 53 29
693 55 25
694 50 30
695 49 29
696 53 28
697 50 15
698 50 22
699 46 22
700 47 19
701 49 14
702 19 230
703 22 218
704 30 230
705 17 224
706 29 229
707 18 217
708 12 223
709 30 225
710 13 221
711 16 220
712 17 221
713 12 223
714 26 228
715 12 230
716 13 218
717 21 224
718 28 219
719 25 225
720 13 225
721 12 221
722 29 220
723 13 215
724 28 223
725 19 219
726 25 221
727 25 228
728 22 227
729 28 223
730 28 225
731 20 230
732 85 123
733 91 129
734 92 120
735 85 130
736 85 131
737 90 124
738 95 116
739 90 129
740 96 128
741 88 123
742 83 124
743 96 128
744 81 119
745 87 116
746 84 129
747 95 118
748 91 129
749 94 129
750 90 117
751 94 118
752 95 124
753 87 131
754 85 123
755 84 126
756 95 130
757 94 125
758 85 121
759 81 123
760 95 120
761 81 131
762 2 122
763 2 130
764 2 120
765 4 128
766 1 119
767 2 122
768 0 128
769 9 121
770 0 128
771 9 125
772 3 119
773 2 127
774 7 127
775 2 131
776 3 126
777 0 128
778 5 119
779 0 121
780 10 129
781 8 127
782 6 117
783 11 124
784 0 125
785 0 125
786 2 118
787 2 119
788 2 123
789 9 120
790 11 128
791 9 174
792 10 177
793 6 171
794 3 175
795 8 176
796 0 167
797 2 171
798 9 175
799 11 181
800 6 181
801 1 166
802 1 180
803 6 177
804 10 169
805 3 170
806 11 178
807 7 180
808 4 169
809 1 173
810 1 166
811 1 182
812 7 172
813 7 183
814 5 171
815 10 176
816 10 181
817 0 177
818 8 180
819 2 167
820 133 156
821 147 157
822 132 153
823 146 158
824 139 153
825 133 158
826 143 162
827 143 151
828 146 162
829 149 156
830 136 164
831 135 155
832 133 160
833 141 163
834 141 156
835 142 162
836 140 162
837 148 165
838 133 154
839 137 165
840 133 157
841 144 150
842 147 156
843 143 152
844 133 164
845 147 164
846 137 153
847 142 153
848 146 157
849 149 165
850 64 29
851 80 18
852 65 18
853 61 28
854 62 20
855 66 24
856 75 24
857 76 23
858 70 13
859 63 25
860 65 22
861 67 21
862 76 21
863 67 16
864 78 25
865 64 20
866 65 27
867 63 22
868 71 18
869 69 15
870 67 21
871 70 21
872 72 24
873 63 14
874 76 20
875 67 13
876 77 24
877 76 26
878 76 27
879 68 21
880 138 216
881 146 221
882 137 219
883 145 221
884 146 224
885 139 217
886 143 216
887 137 217
888 146 228
889 148 228
890 137 228
891 137 223
892 135 218
893 141 216
894 149 225
895 134 219
896 141 215
897 141 228
898 138 217
899 141 215
900 137 230
901 138 216
902 138 226
903 147 225
904 136 227
905 133 226
906 141 224
907 148 219
908 139 221
909 148 223
910 13 32
911 19 38
912 25 41
913 22 33
914 25 33
915 24 38
916 12 31
917 30 39
918 21 41
919 21 36
920 13 37
921 19 35
922 24 35
923 21 39
924 15 43
925 25 45
926 20 39
927 23 39
928 18 40
929 29 41
930 30 41
931 30 41
932 26 33
933 17 41
934 19 40
935 22 39
936 19 37
937 15 31
938 18 40
939 16 40
940 163 189
941 150 190
942 157 193
943 150 185
944 150 189
945 165 194
946 161 196
947 152 193
948 155 189
949 157 199
950 162 190
951 161 191
952 154 188
953 150 191
954 162 187
955 153 188
956 157 188
957 158 194
958 156 189
959 150 188
960 164 198
961 163 187
962 150 188
963 150 193
964 165 196
965 155 195
966 159 189
967 153 198
968 164 196
969 157 197
970 181 135
971 166 138
972 177 144
973 176 149
974 180 137
975 169 148
976 170 136
977 173 148
978 181 140
979 180 133
980 169 134
981 183 142
982 171 142
983 173 144
984 184 142
985 166 140
986 173 146
987 170 149
988 173 133
989 174 149
990 174 140
991 167 135
992 176 144
993 184 145
994 172 137
995 172 136
996 183 140
997 180 146
998 179 142
999 179 145
1000 95 227
1001 92 222
1002 94 230
1003 96 222
1004 94 221
1005 82 216
1006 92 228
1007 82 229
1008 95 220
1009 85 227
1010 89 220
1011 86 217
1012 88 224
1013 82 224
1014 85 222
1015 92 218
1016 85 229
1017 97 219
1018 91 219
1019 86 215
1020 90 229
1021 83 215
1022 81 221
1023 84 219
1024 83 225
1025 96 215
1026 96 221
1027 95 215
1028 97 218
1029 91 218
1030 82 192
1031 92 199
1032 86 187
1033 84 196
1034 87 194
1035 81 195
1036 97 190
1037 82 188
1038 96 192
1039 96 188
1040 97 189
1041 97 187
1042 88 186
1043 85 192
1044 89 185
1045 85 197
1046 81 188
1047 97 187
1048 97 191
1049 97 197
1050 91 193
1051 90 185
1052 97 188
1053 82 194
1054 93 190
1055 94 196
1056 83 189
1057 92 187
1058 92 186
1059 84 197
1060 41 73
1061 41 63
1062 41 69
1063 45 66
1064 44 77
1065 39 64
1066 35 68
1067 41 63
1068 32 74
1069 40 62
1070 32 80
1071 37 67
1072 42 76
1073 39 71
1074 34 76
1075 33 65
1076 42 62
1077 39 76
1078 42 65
1079 36 74
1080 37 76
1081 40 65
1082 38 76
1083 35 64
1084 33 76
1085 41 74
1086 38 68
1087 43 67
1088 40 74
1089 45 79
1090 71 159
1091 71 157
1092 72 158
1093 75 162
1094 78 164
1095 79 158
1096 61 157
1097 73 154
1098 80 161
1099 63 151
1100 74 163
1101 61 161
1102 72 161
1103 70 163
1104 65 154
1105 62 158
1106 80 163
1107 76 159
1108 75 163
1109 61 159
1110 75 153
1111 63 162
1112 76 161
1113 61 165
1114 68 150
1115 76 152
1116 78 158
1117 80 162
1118 79 165
1119 80 152
1120 195 43
1121 188 43
1122 193 34
1123 189 41
1124 188 34
1125 189 32
1126 186 42
1127 190 33
1128 198 31
1129 196 37
1130 199 35
1131 187 35
1132 190 42
1133 192 42
1134 197 38
1135 188 39
1136 195 45
1137 194 44
1138 185 43
1139 194 35
1140 186 35
1141 191 39
1142 185 42
1143 190 36
1144 193 34
1145 194 38
1146 189 38
1147 191 35
1148 190 31
1149 197 38
1150 133 6
1151 148 0
1152 135 2
1153 136 10
1154 137 5
1155 139 2
1156 147 0
1157 139 1
1158 138 0
1159 139 3
1160 132 7
1161 148 6
1162 138 7
1163 138 0
1164 145 5
1165 145 5
1166 142 1
1167 143 6
1168 135 1
1169 147 6
1170 144 5
1171 141 0
1172 143 6
1173 138 5
1174 132 7
1175 142 6
1176 132 6
1177 138 10
1178 136 4
1179 137 11
1180 178 7
1181 169 7
1182 169 10
1183 172 6
1184 169 11
1185 172 1
1186 176 0
1187 167 1
1188 167 7
1189 184 10
1190 174 3
1191 173 8
1192 176 1
1193 168 3
1194 177 7
1195 171 7
1196 170 7
1197 182 0
1198 171 9
1199 179 11
1200 175 2
1201 169 1
1202 167 5
1203 177 6
1204 178 4
1205 179 2
1206 180 6
1207 170 11
1208 181 6
1209 170 5
1210 28 80
1211 14 66
1212 24 74
1213 16 72
1214 26 68
1215 29 63
1216 16 75
1217 17 66
1218 13 75
1219 23 70
1220 17 70
1221 26 79
1222 22 64
1223 24 73
1224 22 79
1225 17 77
1226 24 67
1227 19 71
1228 17 76
1229 24 61
1230 23 75
1231 28 66
1232 29 74
1233 23 68
1234 17 78
1235 21 73
1236 21 68
1237 14 78
1238 17 66
1239 27 63
1240 187 92
1241 193 95
1242 194 81
1243 191 82
1244 188 96
1245 196 91
1246 189 81
1247 195 90
1248 186 96
1249 193 83
1250 194 87
1251 194 94
1252 186 86
1253 188 95
1254 193 97
1255 196 94
1256 198 89
1257 188 93
1258 196 91
1259 192 94
1260 193 92
1261 190 89
1262 187 85
1263 194 93
1264 190 94
1265 188 96
1266 195 84
1267 187 92
1268 197 94
1269 197 86
1270 164 172
1271 153 167
1272 165 184
1273 150 176
1274 164 183
1275 165 177
1276 151 178
1277 155 174
1278 159 183
1279 165 172
1280 151 181
1281 162 182
1282 157 181
1283 158 167
1284 151 180
1285 164 181
1286 158 166
1287 161 166
1288 153 180
1289 151 166
1290 163 181
1291 159 182
1292 156 177
1293 163 182
1294 154 167
1295 161 172
1296 153 170
1297 162 170
1298 162 178
1299 161 172
1300 154 224
1301 153 218
1302 159 223
1303 151 222
1304 164 220
1305 155 220
1306 154 218
1307 163 216
1308 162 222
1309 159 215
1310 157 230
1311 151 224
1312 158 216
1313 161 230
1314 155 215
1315 152 216
1316 162 227
1317 162 225
1318 161 225
1319 159 219
1320 164 229
1321 161 226
1322 160 217
1323 154 223
1324 152 228
1325 153 226
1326 156 219
1327 161 224
1328 163 227
1329 157 219
1330 156 109
1331 159 112
1332 155 108
1333 152 114
1334 160 109
1335 154 110
1336 163 99
1337 154 101
1338 155 115
1339 151 114
1340 156 112
1341 161 113
1342 162 98
1343 157 112
1344 164 106
1345 155 111
1346 156 111
1347 163 103
1348 153 108
1349 153 103
1350 154 104
1351 159 109
1352 164 110
1353 155 108
1354 157 113
1355 158 103
1356 155 113
1357 152 106
1358 157 110
1359 161 105
1360 188 42
1361 190 41
1362 196 37
1363 188 34
1364 191 36
1365 197 42
1366 187 36
1367 197 42
1368 188 44
1369 194 40
1370 189 44
1371 197 40
1372 197 34
1373 196 42
1374 198 36
1375 196 39
1376 191 41
1377 197 31
1378 190 44
1379 192 40
1380 189 44
1381 197 41
1382 187 44
1383 187 43
1384 187 39
1385 198 37
1386 191 42
1387 196 39
1388 192 34
1389 186 34
1390 135 16
1391 143 24
1392 139 29
1393 139 30
1394 139 20
1395 135 24
1396 148 23
1397 142 17
1398 145 29
1399 133 15
1400 148 14
1401 144 21
1402 144 22
1403 143 29
1404 139 29
1405 133 15
1406 146 19
1407 137 28
1408 147 20
1409 146 17
1410 146 15
1411 136 22
1412 140 29
1413 133 14
1414 140 26
1415 139 25
1416 145 22
1417 140 15
1418 147 17
1419 143 20
1420 155 15
1421 162 27
1422 160 18
1423 165 30
1424 153 26
1425 155 29
1426 165 28
1427 150 19
1428 157 28
1429 165 29
1430 153 27
1431 151 27
1432 164 16
1433 152 24
1434 154 22
1435 161 19
1436 155 18
1437 161 20
1438 159 24
1439 156 26
1440 164 19
1441 152 28
1442 151 18
1443 160 20
1444 161 25
1445 150 27
1446 151 29
1447 153 29
1448 151 20
1449 158 20
1450 137 136
1451 133 146
1452 143 138
1453 140 145
1454 139 147
1455 139 135
1456 137 146
1457 138 146
1458 132 138
1459 138 149
1460 135 144
1461 136 135
1462 133 132
1463 139 136
1464 144 132
1465 141 143
1466 139 148
1467 139 149
1468 135 140
1469 139 136
1470 142 143
1471 62 109
1472 62 114
1473 71 107
1474 65 105
1475 68 100
1476 68 107
1477 64 114
1478 76 104
1479 73 100
1480 74 100
1481 67 99
1482 78 113
1483 63 108
1484 80 99
1485 75 101
1486 72 114
1487 63 101
1488 77 98
1489 69 100
1490 64 111
1491 67 114
1492 63 111
1493 63 106
1494 74 112
1495 64 108
1496 71 99
1497 80 98
1498 76 105
1499 74 99
1500 63 101
1501 34 210
1502 38 210
1503 34 203
1504 35 204
1505 37 214
1506 36 214
1507 45 214
1508 42 210
1509 34 209
1510 32 200
1511 33 210
1512 34 213
1513 38 200
1514 33 212
1515 42 214
1516 38 201
1517 33 200
1518 41 211
1519 33 201
1520 39 211
1521 32 214
1522 32 209
1523 32 205
1524 31 212
1525 33 202
1526 39 214
1527 44 209
1528 31 204
1529 31 209
1530 34 210
1531 30 47
1532 23 56
1533 30 59
1534 22 55
1535 14 52
1536 12 56
1537 23 51
1538 13 60
1539 12 60
1540 17 58
1541 24 59
1542 15 51
1543 24 48
1544 17 51
1545 21 58
1546 17 60
1547 20 58
1548 21 58
1549 30 50
1550 26 54
1551 15 47
1552 26 49
1553 21 57
1554 13 49
1555 16 58
1556 30 54
1557 14 47
1558 20 58
1559 17 53
1560 24 50
1561 81 52
1562 82 57
1563 89 56
1564 82 55
1565 95 51
1566 95 56
1567 86 56
1568 94 49
1569 81 59
1570 91 47
1571 94 57
1572 85 49
1573 81 52
1574 83 60
1575 94 48
1576 81 55
1577 87 55
1578 85 59
1579 91 48
1580 91 58
1581 81 47
1582 90 53
1583 92 55
1584 97 58
1585 86 55
1586 88 50
1587 82 55
1588 91 57
1589 95 59
1590 96 50
1591 64 173
1592 70 175
1593 62 172
1594 65 170
1595 78 172
1596 76 172
1597 67 182
1598 67 177
1599 70 169
1600 66 170
1601 80 171
1602 71 172
1603 66 175
1604 77 176
1605 68 169
1606 68 178
1607 79 174
1608 62 177
1609 62 172
1610 62 175
1611 75 176
1612 65 173
1613 71 176
1614 67 177
1615 70 173
1616 74 171
1617 80 181
1618 79 184
1619 75 183
1620 73 174
1621 85 39
1622 95 34
1623 90 39
1624 84 45
1625 82 37
1626 81 39
1627 88 42
1628 88 33
1629 96 37
1630 93 44
1631 87 40
1632 87 35
1633 88 35
1634 89 36
1635 86 42
1636 96 39
1637 83 43
1638 87 38
1639 88 35
1640 88 42
1641 93 41
1642 85 31
1643 91 36
1644 86 37
1645 93 36
1646 85 44
1647 90 38
1648 86 31
1649 97 36
1650 87 36
1651 151 228
1652 159 219
1653 150 215
1654 151 230
1655 159 224
1656 153 223
1657 151 217
1658 159 228
1659 164 216
1660 160 230
1661 163 220
1662 161 228
1663 162 221
1664 150 215
1665 155 230
1666 150 223
1667 157 225
1668 156 226
1669 155 217
1670 157 221
1671 151 221
1672 162 226
1673 156 218
1674 151 215
1675 158 228
1676 158 220
1677 163 218
1678 156 230
1679 151 216
1680 164 223
1681 47 31
1682 57 34
1683 48 39
1684 50 35
1685 53 39
1686 53 31
1687 47 34
1688 58 31
1689 54 32
1690 58 39
1691 57 36
1692 58 44
1693 52 44
1694 55 42
1695 55 36
1696 52 31
1697 53 39
1698 59 34
1699 46 41
1700 57 34
1701 46 31
1702 60 45
1703 60 36
1704 60 42
1705 57 36
1706 46 34
1707 57 39
1708 53 45
1709 46 44
1710 57 37
1711 192 66
1712 185 63
1713 191 62
1714 199 78
1715 189 74
1716 197 72
1717 199 64
1718 194 77
1719 187 62
1720 196 62
1721 193 79
1722 191 76
1723 194 77
1724 191 79
1725 192 61
1726 185 61
1727 190 72
1728 186 75
1729 194 74
1730 192 74
1731 197 72
1732 197 80
1733 196 68
1734 195 65
1735 188 73
1736 195 73
1737 187 66
1738 192 62
1739 191 66
1740 190 64
1741 88 87
1742 86 82
1743 92 86
1744 84 89
1745 96 81
1746 96 91
1747 83 94
1748 87 82
1749 81 88
1750 91 87
1751 97 90
1752 89 83
1753 93 94
1754 91 89
1755 94 91
1756 87 84
1757 81 86
1758 82 96
1759 92 84
1760 83 82
1761 59 162
1762 48 150
1763 58 155
1764 57 157
1765 46 162
1766 59 156
1767 58 150
1768 58 159
1769 52 151
1770 54 160
1771 49 159
1772 49 165
1773 55 155
1774 51 154
1775 49 155
1776 55 164
1777 56 163
1778 47 152
1779 51 163
1780 53 156
1781 52 164
1782 48 162
1783 60 158
1784 49 164
1785 57 162
1786 50 160
1787 60 165
1788 49 152
1789 52 150
1790 52 158
1791 216 32
1792 217 43
1793 222 45
1794 217 44
1795 227 37
1796 219 38
1797 230 32
1798 225 45
1799 215 32
1800 219 36
1801 228 37
1802 217 40
1803 227 38
1804 228 44
1805 222 42
1806 221 45
1807 226 35
1808 225 32
1809 226 41
1810 222 38
1811 222 40
1812 228 34
1813 221 34
1814 220 37
1815 216 39
1816 221 31
1817 221 44
1818 224 33
1819 225 45
1820 220 43
1821 121 115
1822 120 100
1823 129 112
1824 121 102
1825 131 105
1826 128 114
1827 116 101
1828 128 101
1829 126 98
1830 128 107
1831 125 109
1832 119 103
1833 121 103
1834 127 98
1835 125 99
1836 130 100
1837 131 110
1838 121 111
1839 116 109
1840 121 106
1841 129 115
1842 124 104
1843 118 109
1844 124 99
1845 116 113
1846 120 111
1847 130 106
1848 130 111
1849 128 113
1850 129 100
1851 91 65
1852 84 62
1853 93 79
1854 85 70
1855 97 67
1856 93 65
1857 89 77
1858 88 68
1859 83 66
1860 82 65
1861 93 73
1862 85 77
1863 88 76
1864 87 61
1865 86 66
1866 90 72
1867 81 75
1868 82 78
1869 97 73
1870 82 65
1871 88 78
1872 91 61
1873 87 65
1874 94 70
1875 83 66
1876 95 78
1877 81 69
1878 89 73
1879 92 64
1880 93 80
1881 125 13
1882 117 29
1883 131 23
1884 118 15
1885 124 30
1886 116 24
1887 129 15
1888 131 16
1889 125 23
1890 127 30
1891 131 29
1892 121 28
1893 119 22
1894 129 16
1895 127 21
1896 121 17
1897 116 15
1898 119 13
1899 117 12
1900 131 19
1901 122 20
1902 123 14
1903 121 30
1904 124 25
1905 129 26
1906 130 28
1907 127 16
1908 128 20
1909 118 24
1910 122 12
1911 73 200
1912 80 205
1913 76 206
1914 75 210
1915 76 214
1916 72 213
1917 72 201
1918 65 203
1919 77 205
1920 78 203
1921 77 209
1922 68 210
1923 64 201
1924 80 205
1925 66 212
1926 68 206
1927 67 207
1928 77 213
1929 61 205
1930 68 207
1931 71 209
1932 73 205
1933 66 205
1934 80 212
1935 72 207
1936 69 202
1937 72 210
1938 64 208
1939 74 203
1940 74 210
1941 128 40
1942 128 32
1943 121 34
1944 124 35
1945 128 44
1946 118 33
1947 120 41
1948 117 40
1949 124 44
1950 116 37
1951 130 37
1952 129 37
1953 131 32
1954 124 38
1955 122 33
1956 119 35
1957 129 44
1958 128 43
1959 123 31
1960 121 34
1961 128 45
1962 118 38
1963 116 44
1964 128 45
1965 128 39
1966 120 31
1967 129 32
1968 120 31
1969 122 37
1970 119 38
1971 199 202
1972 197 212
1973 185 205
1974 190 203
1975 186 208
1976 186 210
1977 191 205
1978 185 214
1979 188 205
1980 194 208
1981 197 206
1982 186 202
1983 192 205
1984 193 200
1985 186 201
1986 189 212
1987 191 202
1988 188 201
1989 186 204
1990 192 202
1991 194 201
1992 193 213
1993 187 214
1994 198 208
1995 197 213
1996 195 206
1997 194 200
1998 194 204
1999 199 202
2000 185 214
2001 13 94
2002 25 82
2003 18 87
2004 19 83
2005 18 83
2006 23 95
2007 23 97
2008 28 84
2009 30 96
2010 17 88
2011 25 96
2012 20 84
2013 20 83
2014 22 83
2015 19 92
2016 23 92
2017 22 81
2018 13 81
2019 22 93
2020 19 88
2021 27 96
2022 14 95
2023 15 83
2024 26 91
2025 22 93
2026 19 96
2027 14 93
2028 25 89
2029 25 95
2030 17 81
2031 182 145
2032 166 146
2033 174 140
2034 171 148
2035 166 136
2036 176 138
2037 181 136
2038 181 146
2039 174 140
2040 170 146
2041 167 134
2042 178 135
2043 170 149
2044 181 149
2045 174 144
2046 167 149
2047 177 141
2048 173 141
2049 169 146
2050 179 132
2051 183 148
2052 182 144
2053 172 133
2054 181 145
2055 166 144
2056 184 147
2057 178 132
2058 178 146
2059 184 133
2060 179 139
2061 171 25
2062 180 17
2063 180 28
2064 169 15
2065 184 27
2066 175 20
2067 169 19
2068 176 28
2069 182 22
2070 183 19
2071 172 26
2072 170 29
2073 175 17
2074 183 17
2075 182 13
2076 179 29
2077 184 25
2078 182 14
2079 180 29
2080 184 30
2081 172 29
2082 184 15
2083 183 25
2084 183 23
2085 170 17
2086 174 27
2087 169 30
2088 173 20
2089 171 28
2090 171 27
2091 180 47
2092 169 49
2093 180 55
2094 172 59
2095 173 60
2096 175 50
2097 178 54
2098 169 53
2099 169 50
2100 180 49
2101 178 59
2102 168 52
2103 178 51
2104 179 58
2105 166 59
2106 181 48
2107 181 58
2108 175 49
2109 167 60
2110 179 47
2111 181 52
2112 175 56
2113 179 57
2114 184 51
2115 178 58
2116 171 49
2117 175 51
2118 183 57
2119 180 55
2120 178 47
2121 60 59
2122 59 51
2123 53 59
2124 46 50
2125 49 55
2126 52 59
2127 58 56
2128 58 54
2129 58 56
2130 51 53
2131 46 48
2132 52 54
2133 56 54
2134 46 53
2135 58 57
2136 51 46
2137 57 52
2138 55 50
2139 54 49
2140 58 56
2141 55 59
2142 60 59
2143 77 39
2144 61 34
2145 71 41
2146 73 32
2147 78 37
2148 61 32
2149 75 36
2150 67 34
2151 71 44
2152 65 33
2153 74 35
2154 66 41
2155 73 45
2156 72 35
2157 65 42
2158 77 44
2159 68 43
2160 70 43
2161 79 44
2162 64 33
2163 77 37
2164 62 43
2165 78 43
2166 71 44
2167 64 35
2168 80 41
2169 67 40
2170 78 36
2171 66 45
2172 66 40
2173 5 64
2174 8 72
2175 7 63
2176 3 65
2177 9 77
2178 10 79
2179 10 76
2180 3 70
2181 3 74
2182 2 73
2183 7 68
2184 11 72
2185 8 77
2186 4 77
2187 8 68
2188 5 62
2189 7 67
2190 2 73
2191 8 76
2192 11 61
2193 1 64
2194 9 64
2195 8 61
2196 10 74
2197 2 63
2198 5 71
2199 8 75
2200 5 69
2201 11 63
2202 194 199
2203 198 188
2204 189 191
2205 197 199
2206 189 191
2207 190 196
2208 191 185
2209 186 197
2210 194 198
2211 189 196
2212 193 192
2213 198 196
2214 189 198
2215 197 190
2216 186 190
2217 191 192
2218 192 196
2219 196 199
2220 193 188
2221 197 21
2222 186 26
2223 190 17
2224 187 28
2225 187 16
2226 185 16
2227 193 30
2228 187 24
2229 191 17
2230 193 23
2231 197 14
2232 190 25
2233 187 18
2234 198 29
2235 199 22
2236 199 20
2237 198 18
2238 192 12
2239 195 12
2240 189 12
2241 198 27
2242 188 19
2243 194 23
2244 193 25
2245 188 15
2246 187 27
2247 193 30
2248 187 28
2249 196 30
2250 188 30
2251 82 92
2252 93 83
2253 90 89
2254 85 81
2255 96 97
2256 90 91
2257 84 94
2258 97 92
2259 91 89
2260 85 95
2261 81 92
2262 84 93
2263 93 83
2264 89 83
2265 83 94
2266 92 91
2267 88 89
2268 92 83
2269 95 96
2270 92 94
2271 122 129
2272 128 126
2273 124 116
2274 123 125
2275 124 116
2276 117 118
2277 122 128
2278 127 131
2279 127 119
2280 122 118
2281 117 118
2282 124 131
2283 131 130
2284 127 117
2285 116 122
2286 123 125
2287 123 125
2288 131 129
2289 129 124
2290 122 124
2291 130 121
2292 123 130
2293 129 131
2294 163 44
2295 159 40
2296 150 31
2297 159 36
2298 165 45
2299 154 41
2300 152 45
2301 164 42
2302 151 44
2303 164 43
2304 155 40
2305 155 32
2306 152 38
2307 164 34
2308 160 39
2309 151 33
2310 158 43
2311 160 34
2312 161 40
2313 161 31
2314 165 37
2315 158 36
2316 159 41
2317 162 31
2318 152 41
2319 162 42
2320 153 42
2321 153 37
2322 162 41
2323 162 37
2324 32 153
2325 42 153
2326 37 154
2327 44 164
2328 42 160
2329 36 151
2330 39 158
2331 35 156
2332 32 158
2333 33 160
2334 32 165
2335 41 154
2336 37 161
2337 36 158
2338 45 150
2339 35 154
2340 35 159
2341 36 157
2342 43 155
2343 37 152
2344 44 154
2345 34 163
2346 38 159
2347 40 152
2348 33 152
2349 40 165
2350 45 161
2351 38 163
2352 38 165
2353 41 158
2354 188 116
2355 186 121
2356 185 118
2357 193 117
2358 193 116
2359 193 126
2360 185 131
2361 191 126
2362 191 119
2363 196 117
2364 194 130
2365 186 118
2366 199 124
2367 199 126
2368 199 130
2369 198 129
2370 187 123
2371 190 117
2372 190 124
2373 194 128
2374 198 129
2375 188 123
2376 198 117
2377 198 129
2378 188 127
2379 187 125
2380 197 117
2381 192 119
2382 199 124
2383 199 128
2384 119 146
2385 131 133
2386 126 139
2387 125 138
2388 125 144
2389 127 138
2390 120 133
2391 131 138
2392 127 133
2393 130 134
2394 130 134
2395 117 141
2396 130 141
2397 131 138
2398 117 144
2399 130 134
2400 123 135
2401 129 135
2402 126 138
2403 122 136
2404 121 140
2405 127 149
2406 121 134
2407 118 139
2408 120 140
2409 122 148
2410 130 137
2411 129 147
2412 131 137
2413 117 143
2414 4 182
2415 2 183
2416 6 173
2417 3 180
2418 0 181
2419 9 179
2420 8 184
2421 5 181
2422 1 180
2423 2 180
2424 3 173
2425 1 174
2426 6 181
2427 9 179
2428 10 182
2429 8 174
2430 0 182
2431 11 175
2432 1 172
2433 5 166
2434 8 175
2435 3 179
2436 9 172
2437 2 174
2438 7 168
2439 9 174
2440 7 177
2441 3 168
2442 5 178
2443 37 85
2444 39 87
2445 33 88
2446 34 94
2447 41 82
2448 38 89
2449 32 90
2450 35 91
2451 32 87
2452 36 93
2453 37 92
2454 44 88
2455 34 86
2456 43 90
2457 38 92
2458 32 94
2459 45 96
2460 38 87
2461 44 86
2462 44 84
2463 45 88
2464 33 89
2465 45 83
2466 36 92
2467 32 84
2468 37 90
2469 44 92
2470 34 84
2471 35 90
2472 45 94
2473 83 68
2474 92 66
2475 96 79
2476 83 76
2477 93 66
2478 84 66
2479 93 64
2480 87 76
2481 85 77
2482 93 69
2483 90 75
2484 85 64
2485 85 64
2486 84 78
2487 86 79
2488 84 79
2489 87 78
2490 93 77
2491 94 78
2492 96 75
2493 96 74
2494 82 78
2495 89 76
2496 97 65
2497 89 73
2498 89 75
2499 88 64
2500 94 68
2501 85 65
2502 82 78
2503 194 185
2504 192 190
2505 198 185
2506 185 186
2507 198 190
2508 185 198
2509 194 187
2510 195 198
2511 186 189
2512 194 198
2513 193 195
2514 192 185
2515 194 190
2516 191 199
2517 192 185
2518 191 195
2519 192 196
2520 185 194
2521 195 193
2522 195 193
2523 192 190
2524 189 191
2525 199 191
2526 71 218
2527 64 228
2528 74 220
2529 69 224
2530 72 221
2531 67 216
2532 70 222
2533 71 224
2534 61 229
2535 61 225
2536 75 225
2537 80 227
2538 64 228
2539 73 215
2540 68 229
2541 77 222
2542 77 230
2543 77 228
2544 76 230
2545 68 217
2546 62 216
2547 79 215
2548 72 217
2549 61 228
2550 63 219
2551 66 217
2552 74 221
2553 63 225
2554 67 220
2555 66 228
2556 124 169
2557 128 184
2558 120 166
2559 123 180
2560 125 184
2561 116 182
2562 117 176
2563 126 168
2564 128 180
2565 120 168
2566 119 173
2567 127 167
2568 128 173
2569 122 167
2570 116 180
2571 126 181
2572 116 169
2573 127 181
2574 123 167
2575 131 174
2576 131 179
2577 118 182
2578 127 183
2579 119 183
2580 125 172
2581 130 182
2582 127 184
2583 129 176
2584 124 173
2585 117 171
2586 146 148
2587 147 143
2588 132 142
2589 143 141
2590 134 146
2591 132 133
2592 142 147
2593 142 144
2594 147 142
2595 144 142
2596 136 138
2597 149 135
2598 137 141
2599 148 137
2600 134 145
2601 139 142
2602 132 138
2603 144 136
2604 138 136
2605 145 138
2606 187 161
2607 188 150
2608 191 154
2609 193 161
2610 194 159
2611 195 163
2612 194 154
2613 186 156
2614 185 159
2615 185 154
2616 185 161
2617 192 150
2618 185 158
2619 198 155
2620 186 164
2621 195 163
2622 193 161
2623 190 152
2624 197 152
2625 199 160
2626 193 158
2627 186 164
2628 191 161
2629 197 164
2630 193 164
2631 197 160
2632 195 156
2633 185 165
2634 187 154
2635 185 165
2636 179 208
2637 172 210
2638 178 209
2639 180 202
2640 176 211
2641 167 210
2642 175 205
2643 170 200
2644 169 210
2645 170 203
2646 168 205
2647 180 213
2648 167 201
2649 182 200
2650 176 212
2651 181 205
2652 183 201
2653 177 201
2654 167 200
2655 176 211
2656 169 211
2657 173 201
2658 180 209
2659 181 206
2660 183 207
2661 168 214
2662 183 208
2663 171 200
2664 178 213
2665 172 211
2666 141 39
2667 149 31
2668 142 41
2669 144 34
2670 138 32
2671 136 35
2672 141 34
2673 136 41
2674 134 36
2675 148 34
2676 141 31
2677 134 42
2678 135 36
2679 139 35
2680 140 38
2681 134 34
2682 138 38
2683 140 40
2684 133 37
2685 139 40
2686 143 33
2687 136 31
2688 139 42
2689 132 39
2690 132 31
2691 142 45
2692 137 44
2693 142 40
2694 148 32
2695 145 36
2696 33 94
2697 34 89
2698 31 89
2699 34 91
2700 38 82
2701 45 84
2702 39 81
2703 43 87
2704 45 88
2705 38 83
2706 41 94
2707 45 95
2708 44 92
2709 35 90
2710 42 89
2711 38 85
2712 32 87
2713 39 97
2714 33 86
2715 42 91
2716 43 97
2717 38 86
2718 35 97
2719 45 97
2720 34 96
2721 40 84
2722 37 89
2723 32 90
2724 35 89
2725 40 88
2726 22 59
2727 17 52
2728 28 53
2729 12 46
2730 21 51
2731 16 50
2732 22 57
2733 28 60
2734 26 47
2735 13 58
2736 26 54
2737 29 52
2738 28 47
2739 12 54
2740 18 59
2741 30 54
2742 19 46
2743 12 57
2744 22 50
2745 16 57
2746 26 58
2747 12 46
2748 22 56
2749 15 58
2750 14 58
2751 28 58
2752 26 50
2753 21 48
2754 19 46
2755 21 51
2756 89 15
2757 82 13
2758 94 20
2759 82 17
2760 81 21
2761 94 24
2762 97 22
2763 94 27
2764 85 19
2765 97 18
2766 91 28
2767 84 21
2768 91 13
2769 96 21
2770 91 18
2771 95 13
2772 92 19
2773 83 14
2774 93 26
2775 88 16
2776 82 12
2777 94 26
2778 86 27
2779 93 13
2780 87 14
2781 94 16
2782 88 15
2783 94 14
2784 85 14
2785 88 12
