251 275 10 2874
0 9
1 6
2 6
3 8
4 10
5 10
6 8
7 10
8 7
9 9
10 12
11 8
12 3
13 3
14 3
15 5
16 4
17 3
18 3
19 3
20 3
21 3
22 3
23 3
24 6
25 3
26 4
27 3
28 3
29 3
30 3
31 3
32 4
33 3
34 5
35 4
36 4
37 3
38 5
39 4
40 3
41 3
42 3
43 3
44 3
45 3
46 3
47 4
48 3
49 3
50 4
51 4
52 4
53 4
54 3
55 4
56 3
57 3
58 3
59 3
60 3
61 5
62 5
63 3
64 3
65 3
66 3
67 3
68 3
69 5
70 3
71 3
72 3
73 3
74 3
75 3
76 3
77 6
78 3
79 4
80 3
81 4
82 3
83 3
84 3
85 3
86 5
87 5
88 4
89 4
90 5
91 3
92 3
93 3
94 3
95 3
96 3
97 3
98 3
99 3
100 4
101 4
102 3
103 3
104 3
105 5
106 5
107 6
108 4
109 3
110 3
111 4
112 3
113 3
114 3
115 3
116 5
117 4
118 3
119 3
120 5
121 3
122 3
123 3
124 4
125 5
126 3
127 4
128 3
129 3
130 3
131 3
132 6
133 5
134 4
135 3
136 3
137 3
138 3
139 3
140 3
141 3
142 3
143 3
144 3
145 3
146 3
147 3
148 4
149 3
150 3
151 4
152 3
153 4
154 3
155 3
156 3
157 3
158 3
159 3
160 4
161 3
162 3
163 3
164 3
165 3
166 4
167 3
168 3
169 4
170 4
171 3
172 3
173 3
174 3
175 3
176 4
177 3
178 3
179 4
180 4
181 4
182 3
183 3
184 3
185 3
186 3
187 3
188 4
189 4
190 4
191 3
192 6
193 3
194 3
195 6
196 3
197 3
198 3
199 3
200 3
201 3
202 5
203 5
204 3
205 3
206 3
207 5
208 4
209 3
210 3
211 3
212 3
213 5
214 3
215 5
216 5
217 3
218 3
219 3
220 3
221 3
222 3
223 3
224 4
225 3
226 4
227 3
228 4
229 4
230 3
231 3
232 3
233 3
234 4
235 3
236 5
237 3
238 3
239 3
240 3
241 4
242 3
243 4
244 3
245 5
246 3
247 3
248 4
249 3
250 3
0 0 1
1 0 3
2 0 4
3 0 5
4 0 6
5 0 9
6 0 11
7 0 215
8 1 7
9 1 9
10 1 11
11 2 4
12 2 6
13 2 9
14 2 10
15 2 180
16 3 5
17 3 6
18 3 10
19 3 11
20 3 232
21 4 7
22 4 8
23 4 9
24 4 10
25 4 12
26 4 51
27 5 6
28 5 7
29 5 8
30 5 9
31 5 10
32 5 69
33 6 7
34 6 9
35 6 195
36 7 8
37 7 10
38 7 11
39 7 32
40 7 144
41 8 9
42 8 10
43 8 11
44 8 161
45 10 11
46 10 89
47 10 107
48 10 127
49 12 15
50 13 21
51 14 24
52 14 19
53 15 27
54 15 23
55 15 30
56 15 24
57 16 18
58 16 24
59 17 18
60 19 20
61 19 25
62 21 29
63 22 31
64 23 26
65 24 28
66 25 31
67 26 29
68 32 38
69 32 45
70 33 38
71 34 43
72 34 48
73 34 36
74 35 37
75 35 46
76 35 49
77 36 46
78 38 40
79 38 44
80 39 49
81 39 50
82 41 44
83 42 47
84 45 46
85 47 50
86 51 55
87 52 57
88 52 68
89 53 65
90 53 66
91 54 59
92 54 56
93 55 59
94 56 62
95 58 63
96 58 68
97 60 62
98 61 64
99 61 62
100 61 65
101 62 67
102 66 68
103 69 72
104 69 81
105 70 81
106 71 75
107 71 87
108 73 79
109 73 76
110 74 77
111 76 88
112 77 83
113 77 87
114 77 85
115 78 81
116 79 84
117 80 81
118 80 87
119 82 86
120 85 86
121 86 88
122 89 93
123 89 101
124 89 106
125 90 98
126 90 100
127 90 105
128 91 92
129 91 100
130 93 97
131 94 100
132 95 103
133 96 106
134 99 102
135 101 102
136 103 105
137 104 105
138 105 106
139 107 120
140 107 112
141 107 126
142 108 122
143 108 120
144 109 125
145 110 111
146 111 124
147 112 125
148 113 117
149 113 125
150 114 117
151 115 116
152 116 119
153 116 122
154 117 123
155 118 125
156 119 124
157 120 121
158 127 131
159 128 133
160 129 138
161 129 133
162 130 141
163 131 135
164 132 135
165 132 133
166 132 140
167 132 137
168 132 142
169 132 134
170 134 139
171 136 143
172 137 141
173 139 143
174 144 157
175 145 147
176 146 155
177 146 153
178 147 150
179 148 149
180 148 158
181 148 160
182 149 154
183 150 153
184 151 152
185 151 156
186 153 159
187 156 158
188 157 159
189 157 160
190 161 166
191 162 163
192 162 172
193 163 169
194 164 173
195 165 173
196 165 179
197 166 167
198 167 168
199 167 174
200 168 177
201 169 178
202 170 171
203 170 175
204 172 176
205 174 179
206 175 179
207 176 179
208 180 188
209 181 185
210 181 192
211 182 189
212 183 192
213 184 194
214 186 190
215 187 191
216 187 190
217 188 193
218 188 192
219 189 191
220 190 192
221 192 194
222 195 197
223 195 211
224 195 200
225 196 209
226 196 207
227 198 210
228 198 202
229 199 213
230 200 212
231 201 208
232 202 203
233 202 214
234 203 206
235 203 207
236 204 206
237 205 210
238 207 213
239 208 214
240 212 213
241 215 227
242 215 223
243 215 216
244 216 222
245 216 217
246 217 224
247 217 229
248 218 224
249 219 231
250 220 231
251 221 229
252 221 231
253 223 230
254 225 228
255 226 228
256 226 229
257 232 234
258 233 242
259 233 244
260 233 245
261 234 249
262 234 236
263 235 246
264 235 236
265 236 248
266 237 239
267 238 243
268 238 250
269 239 240
270 240 241
271 241 242
272 243 245
273 245 247
274 247 248
0 101 100
1 95 104
2 101 98
3 106 98
4 93 103
5 102 97
6 94 97
7 95 92
8 100 95
9 104 99
10 102 105
11 98 99
12 106 97
13 100 106
14 101 103
15 103 98
16 89 103
17 98 96
18 92 93
19 95 92
20 91 95
21 97 90
22 97 98
23 212 29
24 197 30
25 201 30
26 210 27
27 214 26
28 198 23
29 204 15
30 214 12
31 199 17
32 214 14
33 210 24
34 206 27
35 207 12
36 197 20
37 201 29
38 207 13
39 212 28
40 207 22
41 211 26
42 196 16
43 208 12
44 207 30
45 209 30
46 195 15
47 214 26
48 195 30
49 206 17
50 205 27
51 207 22
52 199 15
53 25 105
54 14 98
55 30 94
56 27 102
57 13 106
58 24 100
59 24 90
60 30 94
61 12 97
62 29 95
63 17 94
64 22 90
65 26 98
66 28 97
67 29 97
68 28 98
69 29 97
70 30 92
71 30 94
72 12 93
73 19 92
74 18 99
75 20 97
76 16 89
77 26 101
78 14 89
79 29 105
80 31 104
81 30 100
82 15 97
83 154 139
84 160 130
85 150 129
86 156 142
87 156 136
88 154 127
89 155 134
90 159 136
91 150 138
92 154 131
93 146 128
94 146 136
95 148 133
96 158 132
97 156 127
98 159 139
99 157 143
100 148 129
101 149 143
102 158 137
103 157 129
104 151 135
105 149 137
106 156 135
107 148 142
108 145 131
109 159 130
110 157 135
111 150 138
112 158 135
113 38 49
114 37 47
115 42 32
116 36 41
117 35 42
118 39 34
119 40 34
120 46 40
121 32 37
122 42 46
123 37 45
124 37 48
125 40 48
126 45 34
127 41 40
128 39 32
129 32 47
130 44 47
131 49 33
132 36 41
133 39 37
134 37 33
135 91 62
136 89 53
137 98 53
138 105 68
139 101 64
140 100 65
141 97 63
142 96 63
143 104 67
144 89 58
145 89 59
146 105 66
147 102 59
148 89 61
149 95 65
150 97 56
151 97 68
152 90 62
153 102 63
154 106 65
155 98 54
156 105 66
157 95 64
158 105 54
159 100 64
160 103 52
161 90 51
162 98 65
163 96 63
164 103 64
165 217 136
166 218 131
167 228 143
168 221 133
169 215 129
170 215 128
171 231 127
172 216 130
173 226 136
174 227 142
175 225 139
176 227 141
177 224 138
178 220 127
179 227 128
180 226 127
181 221 134
182 218 132
183 223 139
184 224 132
185 231 143
186 220 131
187 229 143
188 226 143
189 224 128
190 215 143
191 220 130
192 225 140
193 217 141
194 226 141
195 110 108
196 119 114
197 116 107
198 116 114
199 120 110
200 121 109
201 117 120
202 126 109
203 114 126
204 118 123
205 115 123
206 110 123
207 114 126
208 115 118
209 109 119
210 109 114
211 125 122
212 112 122
213 114 120
214 107 116
215 125 123
216 189 213
217 185 206
218 189 198
219 188 205
220 183 201
221 192 206
222 188 204
223 185 209
224 186 198
225 184 205
226 193 197
227 186 196
228 181 195
229 193 213
230 191 201
231 183 209
232 182 203
233 193 214
234 188 208
235 191 214
236 194 195
237 186 197
238 185 214
239 182 198
240 180 212
241 182 207
242 190 198
243 180 199
244 194 207
245 182 201
246 179 207
247 168 209
248 179 201
249 164 203
250 163 212
251 167 197
252 170 197
253 168 195
254 162 206
255 164 213
256 164 210
257 169 203
258 173 207
259 167 210
260 167 205
261 173 209
262 174 198
263 167 207
264 174 198
265 172 208
266 172 213
267 164 202
268 179 206
269 173 211
270 177 196
271 164 210
272 161 212
273 166 209
274 173 195
275 178 202
276 165 137
277 163 139
278 169 136
279 165 131
280 161 127
281 179 138
282 175 132
283 171 143
284 162 134
285 163 131
286 178 143
287 167 141
288 174 137
289 169 140
290 174 141
291 176 127
292 163 128
293 161 143
294 165 135
295 163 132
296 168 137
297 170 132
298 170 129
299 168 139
300 176 129
301 173 131
302 178 137
303 176 133
304 162 140
305 165 136
306 243 149
307 245 159
308 246 154
309 233 155
310 247 151
311 241 148
312 236 151
313 236 157
314 233 148
315 233 160
316 246 148
317 249 149
318 243 156
319 243 151
320 238 148
321 236 157
322 238 145
323 248 158
324 248 152
325 242 156
326 234 156
327 242 148
328 239 147
329 236 160
330 234 147
331 237 144
332 239 157
333 232 146
334 248 146
335 233 150
336 157 156
337 147 155
338 158 150
339 149 151
340 156 146
341 148 144
342 154 159
343 156 159
344 147 159
345 153 145
346 150 149
347 145 148
348 148 151
349 211 100
350 212 90
351 202 91
352 206 106
353 201 100
354 206 104
355 205 103
356 213 101
357 196 97
358 212 100
359 200 95
360 199 104
361 213 100
362 198 92
363 204 96
364 207 91
365 211 106
366 201 101
367 206 93
368 202 93
369 214 95
370 195 95
371 198 100
372 201 98
373 209 106
374 208 99
375 198 93
376 197 101
377 204 103
378 212 104
379 218 156
380 222 144
381 215 155
382 222 158
383 222 147
384 219 152
385 224 147
386 223 151
387 218 144
388 226 155
389 218 147
390 220 145
391 220 157
392 222 151
393 225 146
394 217 144
395 218 151
396 230 144
397 231 159
398 218 151
399 217 151
400 228 150
401 215 160
402 225 155
403 221 144
404 217 151
405 229 156
406 217 153
407 217 147
408 229 156
409 51 202
410 55 201
411 59 202
412 55 206
413 55 202
414 58 214
415 67 198
416 54 201
417 55 208
418 54 201
419 54 207
420 62 206
421 57 213
422 51 197
423 52 202
424 51 197
425 66 206
426 53 198
427 65 205
428 51 204
429 62 198
430 66 205
431 60 197
432 62 209
433 65 197
434 58 211
435 58 196
436 67 195
437 57 213
438 61 195
439 49 51
440 37 63
441 34 62
442 32 56
443 49 67
444 47 66
445 44 52
446 45 64
447 41 61
448 50 52
449 48 52
450 49 66
451 43 64
452 48 56
453 48 63
454 43 67
455 47 68
456 33 60
457 37 64
458 48 66
459 36 65
460 44 51
461 36 66
462 46 60
463 44 56
464 46 61
465 39 53
466 43 53
467 40 65
468 48 64
469 189 91
470 184 97
471 190 89
472 194 106
473 191 94
474 182 105
475 182 101
476 194 91
477 192 99
478 185 99
479 183 100
480 191 103
481 180 99
482 193 89
483 190 93
484 192 98
485 187 91
486 189 105
487 194 93
488 190 97
489 192 94
490 186 96
491 190 95
492 191 97
493 188 91
494 183 97
495 182 94
496 188 98
497 189 90
498 181 96
499 171 155
500 179 144
501 174 158
502 178 153
503 167 156
504 166 146
505 173 151
506 174 151
507 164 158
508 174 146
509 167 145
510 177 148
511 167 150
512 177 156
513 165 149
514 163 147
515 162 150
516 171 148
517 171 148
518 176 153
519 163 152
520 175 146
521 163 154
522 168 159
523 171 160
524 161 148
525 174 155
526 164 160
527 179 151
528 170 156
529 89 198
530 92 196
531 90 210
532 98 201
533 99 204
534 96 199
535 102 203
536 104 214
537 99 208
538 92 200
539 94 205
540 95 201
541 93 208
542 104 212
543 94 200
544 90 205
545 91 195
546 91 197
547 100 208
548 89 211
549 103 213
550 98 213
551 89 198
552 100 201
553 106 206
554 94 196
555 104 199
556 89 210
557 104 195
558 89 208
559 123 82
560 126 71
561 120 69
562 114 72
563 112 80
564 109 72
565 111 73
566 121 77
567 107 73
568 123 87
569 120 83
570 111 69
571 119 73
572 125 75
573 118 82
574 126 85
575 111 80
576 113 71
577 107 85
578 125 83
579 122 81
580 122 75
581 123 80
582 124 70
583 107 81
584 108 81
585 121 70
586 121 84
587 118 81
588 122 73
589 11 53
590 10 53
591 9 65
592 1 68
593 6 65
594 2 55
595 11 65
596 3 53
597 0 53
598 5 55
599 8 53
600 7 57
601 5 63
602 1 59
603 9 57
604 7 61
605 6 55
606 3 63
607 10 62
608 6 63
609 11 51
610 2 54
611 4 57
612 3 62
613 2 66
614 1 67
615 1 54
616 5 59
617 6 57
618 170 156
619 178 144
620 176 145
621 170 145
622 177 149
623 166 144
624 161 155
625 179 159
626 167 146
627 176 151
628 168 160
629 165 160
630 172 155
631 178 145
632 166 151
633 177 146
634 163 146
635 176 148
636 165 157
637 178 159
638 174 148
639 173 150
640 176 144
641 175 157
642 172 144
643 176 157
644 179 157
645 162 151
646 178 159
647 164 148
648 188 228
649 188 227
650 181 219
651 183 224
652 181 222
653 190 228
654 185 219
655 189 224
656 188 228
657 193 224
658 193 215
659 183 221
660 186 216
661 188 227
662 186 225
663 182 229
664 190 218
665 187 222
666 180 228
667 185 227
668 193 226
669 189 215
670 189 227
671 193 224
672 181 226
673 180 219
674 190 217
675 193 229
676 181 224
677 187 227
678 41 40
679 32 42
680 48 35
681 47 33
682 39 41
683 49 42
684 33 45
685 47 32
686 49 41
687 38 35
688 48 35
689 46 48
690 38 39
691 48 45
692 50 36
693 47 38
694 43 42
695 37 38
696 42 35
697 48 32
698 50 38
699 48 45
700 225 64
701 215 54
702 217 60
703 228 58
704 225 63
705 225 66
706 218 67
707 221 51
708 230 61
709 224 62
710 222 54
711 224 63
712 220 67
713 225 56
714 221 68
715 217 63
716 218 65
717 230 63
718 217 63
719 220 58
720 224 57
721 230 52
722 215 57
723 223 58
724 221 52
725 229 54
726 215 55
727 225 61
728 224 63
729 221 56
730 100 154
731 95 158
732 106 153
733 99 154
734 99 150
735 106 148
736 100 145
737 100 155
738 99 159
739 101 145
740 104 153
741 97 153
742 90 151
743 105 144
744 97 150
745 98 160
746 106 159
747 106 159
748 100 145
749 92 159
750 104 147
751 90 160
752 91 147
753 104 159
754 97 154
755 95 149
756 106 151
757 98 149
758 104 158
759 101 151
760 42 64
761 36 57
762 49 56
763 38 66
764 46 60
765 50 68
766 35 52
767 38 67
768 47 62
769 40 55
770 40 54
771 37 53
772 34 61
773 32 59
774 45 63
775 39 60
776 40 56
777 33 63
778 41 53
779 48 57
780 37 57
781 32 54
782 32 67
783 32 54
784 32 60
785 44 64
786 37 57
787 49 56
788 41 67
789 41 52
790 0 112
791 8 114
792 6 121
793 11 111
794 3 113
795 7 121
796 9 107
797 2 119
798 0 110
799 5 126
800 0 110
801 1 125
802 6 108
803 0 113
804 8 122
805 0 110
806 0 126
807 8 109
808 8 112
809 6 121
810 11 109
811 3 108
812 3 120
813 6 110
814 11 111
815 5 126
816 10 121
817 2 123
818 7 121
819 11 122
820 222 242
821 221 240
822 221 232
823 227 243
824 228 243
825 220 237
826 215 234
827 230 247
828 225 233
829 223 248
830 226 233
831 218 248
832 217 246
833 231 240
834 226 250
835 217 236
836 228 247
837 231 239
838 222 244
839 221 236
840 225 241
841 227 236
842 229 232
843 217 237
844 220 234
845 227 250
846 220 243
847 227 247
848 229 239
849 218 246
850 8 194
851 3 183
852 9 194
853 11 187
854 4 190
855 4 182
856 10 182
857 8 189
858 8 184
859 10 186
860 1 185
861 10 182
862 9 194
863 5 192
864 8 185
865 8 182
866 5 194
867 3 182
868 4 192
869 9 191
870 6 191
871 2 184
872 11 188
873 11 189
874 1 184
875 3 185
876 9 194
877 2 190
878 6 185
879 3 189
880 161 187
881 161 182
882 176 185
883 171 192
884 172 190
885 164 187
886 179 183
887 175 186
888 167 192
889 168 182
890 178 188
891 161 185
892 167 190
893 173 193
894 170 187
895 175 185
896 161 189
897 172 180
898 163 184
899 173 184
900 171 183
901 178 190
902 179 190
903 175 189
904 172 190
905 175 194
906 172 192
907 165 187
908 173 189
909 165 192
910 162 243
911 171 246
912 166 250
913 177 238
914 169 246
915 170 237
916 179 245
917 167 247
918 174 242
919 171 247
920 176 243
921 164 237
922 178 239
923 175 234
924 172 237
925 168 237
926 173 235
927 170 246
928 168 236
929 166 240
930 166 250
931 168 238
932 179 246
933 168 232
934 174 245
935 171 232
936 177 237
937 172 250
938 176 234
939 170 238
940 226 194
941 228 186
942 221 181
943 216 194
944 228 181
945 225 184
946 227 190
947 223 192
948 230 186
949 215 181
950 223 182
951 218 183
952 225 184
953 224 186
954 227 189
955 220 190
956 225 185
957 230 192
958 218 183
959 223 186
960 217 184
961 216 191
962 226 186
963 220 191
964 220 182
965 231 194
966 223 181
967 230 192
968 223 182
969 227 194
970 31 183
971 30 192
972 13 182
973 19 189
974 31 191
975 28 182
976 23 186
977 22 184
978 12 184
979 17 194
980 23 186
981 14 194
982 25 186
983 29 182
984 28 185
985 23 190
986 22 184
987 21 192
988 22 189
989 12 187
990 21 189
991 19 190
992 24 191
993 19 185
994 16 181
995 13 183
996 18 183
997 23 185
998 18 188
999 26 185
1000 157 222
1001 157 215
1002 151 231
1003 150 217
1004 147 224
1005 159 219
1006 156 221
1007 151 221
1008 157 230
1009 154 226
1010 157 217
1011 149 215
1012 160 223
1013 153 221
1014 147 228
1015 146 224
1016 154 215
1017 151 218
1018 154 222
1019 154 228
1020 153 228
1021 145 228
1022 151 218
1023 144 227
1024 144 219
1025 157 217
1026 145 215
1027 156 215
1028 146 225
1029 147 223
1030 51 30
1031 54 12
1032 63 20
1033 54 25
1034 63 20
1035 60 14
1036 59 16
1037 55 23
1038 54 14
1039 65 15
1040 64 14
1041 58 13
1042 61 26
1043 65 20
1044 62 12
1045 67 21
1046 66 21
1047 66 30
1048 58 13
1049 57 17
1050 66 24
1051 64 27
1052 64 18
1053 62 28
1054 55 14
1055 58 29
1056 64 19
1057 68 29
1058 56 19
1059 53 24
1060 2 172
1061 2 162
1062 10 174
1063 1 175
1064 6 164
1065 6 164
1066 8 172
1067 7 171
1068 2 167
1069 2 175
1070 10 175
1071 6 178
1072 3 162
1073 4 170
1074 8 177
1075 11 172
1076 7 174
1077 9 172
1078 6 179
1079 6 178
1080 6 167
1081 8 177
1082 6 177
1083 4 172
1084 10 179
1085 10 164
1086 2 176
1087 11 176
1088 9 175
1089 7 168
1090 235 210
1091 232 214
1092 249 209
1093 240 202
1094 240 209
1095 250 198
1096 234 208
1097 234 206
1098 234 196
1099 242 195
1100 237 213
1101 239 210
1102 242 195
1103 250 197
1104 241 203
1105 237 205
1106 237 196
1107 248 204
1108 247 195
1109 235 211
1110 235 198
1111 240 214
1112 250 209
1113 234 205
1114 234 203
1115 232 210
1116 232 209
1117 236 202
1118 249 201
1119 244 206
1120 11 62
1121 10 68
1122 10 55
1123 0 55
1124 9 54
1125 1 59
1126 10 58
1127 3 59
1128 3 57
1129 4 67
1130 2 61
1131 9 62
1132 1 57
1133 3 67
1134 8 53
1135 9 61
1136 4 68
1137 4 53
1138 4 68
1139 10 57
1140 3 64
1141 4 63
1142 8 66
1143 9 64
1144 10 63
1145 1 66
1146 4 53
1147 0 52
1148 10 67
1149 1 68
1150 154 120
1151 158 117
1152 145 110
1153 152 125
1154 144 113
1155 151 108
1156 151 119
1157 156 117
1158 148 107
1159 144 121
1160 147 112
1161 154 123
1162 158 114
1163 144 114
1164 156 124
1165 154 120
1166 152 119
1167 152 107
1168 160 114
1169 146 118
1170 153 121
1171 148 111
1172 145 124
1173 144 126
1174 155 115
1175 145 120
1176 160 114
1177 159 108
1178 145 126
1179 144 124
1180 129 245
1181 139 246
1182 139 237
1183 133 244
1184 131 236
1185 141 241
1186 136 242
1187 143 236
1188 143 234
1189 139 243
1190 135 241
1191 141 240
1192 130 237
1193 130 244
1194 141 243
1195 132 236
1196 135 246
1197 137 233
1198 128 241
1199 132 237
1200 128 250
1201 138 234
1202 137 237
1203 139 236
1204 130 238
1205 127 234
1206 142 241
1207 134 246
1208 127 237
1209 141 246
1210 198 35
1211 214 43
1212 207 39
1213 196 37
1214 207 48
1215 195 35
1216 213 37
1217 195 49
1218 213 34
1219 208 37
1220 212 32
1221 205 35
1222 213 33
1223 207 50
1224 211 43
1225 196 45
1226 198 44
1227 198 45
1228 213 35
1229 213 38
1230 201 47
1231 200 32
1232 203 40
1233 207 41
1234 209 47
1235 210 40
1236 199 48
1237 211 32
1238 211 42
1239 212 42
1240 124 61
1241 110 62
1242 114 57
1243 116 68
1244 107 63
1245 113 65
1246 108 59
1247 119 53
1248 114 61
1249 116 61
1250 118 66
1251 117 55
1252 116 68
1253 107 58
1254 112 54
1255 108 67
1256 120 54
1257 118 61
1258 125 61
1259 120 56
1260 117 56
1261 117 64
1262 125 54
1263 121 52
1264 111 54
1265 119 59
1266 108 58
1267 125 59
1268 108 58
1269 122 68
1270 24 13
1271 12 26
1272 30 28
1273 21 31
1274 15 19
1275 13 19
1276 20 16
1277 20 30
1278 14 13
1279 20 21
1280 29 15
1281 26 16
1282 20 22
1283 12 21
1284 28 17
1285 21 12
1286 22 20
1287 22 29
1288 19 22
1289 13 31
1290 27 21
1291 30 22
1292 25 12
1293 22 21
1294 13 25
1295 13 16
1296 200 115
1297 202 107
1298 209 126
1299 214 112
1300 204 116
1301 200 108
1302 206 118
1303 214 107
1304 201 115
1305 207 121
1306 204 122
1307 205 124
1308 196 107
1309 199 121
1310 203 114
1311 211 108
1312 202 125
1313 200 126
1314 199 112
1315 197 111
1316 198 110
1317 209 119
1318 208 116
1319 199 110
1320 196 124
1321 205 122
1322 206 124
1323 196 108
1324 198 116
1325 200 109
1326 57 84
1327 60 85
1328 62 69
1329 55 84
1330 64 77
1331 65 81
1332 52 88
1333 58 70
1334 64 76
1335 60 70
1336 56 70
1337 56 69
1338 58 81
1339 56 77
1340 56 88
1341 57 69
1342 64 85
1343 63 84
1344 62 70
1345 62 81
1346 61 84
1347 66 85
1348 53 71
1349 66 83
1350 61 78
1351 64 69
1352 68 70
1353 55 76
1354 51 70
1355 56 88
1356 138 155
1357 130 150
1358 133 156
1359 130 155
1360 128 154
1361 132 158
1362 136 158
1363 134 155
1364 132 147
1365 143 151
1366 128 151
1367 136 149
1368 130 146
1369 132 156
1370 143 160
1371 141 151
1372 128 160
1373 138 159
1374 140 149
1375 129 146
1376 141 147
1377 131 151
1378 134 145
1379 140 155
1380 134 158
1381 140 160
1382 133 148
1383 130 147
1384 131 151
1385 140 157
1386 224 14
1387 219 29
1388 218 28
1389 221 13
1390 216 26
1391 223 31
1392 220 30
1393 229 14
1394 217 15
1395 231 15
1396 226 13
1397 218 26
1398 216 23
1399 221 23
1400 221 21
1401 217 17
1402 225 28
1403 221 28
1404 230 22
1405 227 12
1406 220 25
1407 215 28
1408 222 20
1409 227 14
1410 222 21
1411 228 12
1412 224 21
1413 223 15
1414 228 17
1415 228 19
1416 63 121
1417 68 126
1418 63 125
1419 58 121
1420 51 124
1421 68 113
1422 60 109
1423 60 118
1424 64 112
1425 62 115
1426 68 112
1427 68 123
1428 62 108
1429 62 114
1430 55 114
1431 65 125
1432 64 115
1433 58 116
1434 53 116
1435 51 120
1436 54 121
1437 54 121
1438 59 118
1439 66 114
1440 60 122
1441 59 120
1442 59 112
1443 60 107
1444 62 114
1445 56 115
1446 249 64
1447 250 65
1448 236 54
1449 242 66
1450 240 52
1451 249 54
1452 246 61
1453 239 59
1454 245 52
1455 245 67
1456 245 55
1457 239 57
1458 247 65
1459 244 55
1460 239 68
1461 247 54
1462 243 56
1463 232 57
1464 238 53
1465 250 51
1466 245 62
1467 235 63
1468 236 67
1469 233 55
1470 235 64
1471 246 53
1472 239 67
1473 234 68
1474 240 62
1475 250 61
1476 7 35
1477 3 45
1478 3 41
1479 8 44
1480 9 41
1481 2 36
1482 9 47
1483 3 36
1484 3 33
1485 3 46
1486 2 36
1487 8 38
1488 0 43
1489 9 36
1490 7 35
1491 0 47
1492 4 36
1493 7 50
1494 3 45
1495 5 33
1496 2 48
1497 6 44
1498 4 40
1499 6 41
1500 6 48
1501 7 35
1502 10 46
1503 0 41
1504 81 220
1505 71 216
1506 88 222
1507 71 228
1508 71 221
1509 79 230
1510 84 225
1511 78 218
1512 81 217
1513 78 222
1514 72 217
1515 87 227
1516 86 231
1517 74 228
1518 76 216
1519 74 227
1520 85 224
1521 79 215
1522 77 222
1523 75 219
1524 79 216
1525 72 218
1526 79 226
1527 87 223
1528 83 218
1529 72 222
1530 80 215
1531 88 220
1532 75 229
1533 78 228
1534 200 4
1535 212 4
1536 202 8
1537 199 0
1538 198 11
1539 203 5
1540 195 4
1541 201 2
1542 205 9
1543 214 3
1544 200 5
1545 206 8
1546 201 10
1547 210 1
1548 198 8
1549 203 7
1550 202 1
1551 204 10
1552 208 0
1553 213 2
1554 213 3
1555 201 10
1556 206 1
1557 202 11
1558 204 1
1559 206 2
1560 214 7
1561 205 5
1562 201 8
1563 205 3
1564 64 166
1565 67 166
1566 67 167
1567 66 179
1568 63 166
1569 52 173
1570 55 166
1571 66 169
1572 62 174
1573 63 177
1574 68 179
1575 64 176
1576 53 179
1577 60 174
1578 56 170
1579 61 175
1580 51 170
1581 67 165
1582 53 174
1583 57 173
1584 51 163
1585 56 173
1586 66 179
1587 54 161
1588 67 167
1589 57 162
1590 65 171
1591 51 168
1592 54 171
1593 51 163
1594 203 74
1595 213 71
1596 208 79
1597 197 85
1598 207 82
1599 212 71
1600 207 85
1601 200 82
1602 205 70
1603 211 74
1604 209 87
1605 196 84
1606 203 79
1607 195 88
1608 198 76
1609 202 79
1610 211 87
1611 209 69
1612 214 74
1613 206 70
1614 211 85
1615 210 72
1616 206 86
1617 197 72
1618 208 69
1619 214 81
1620 211 79
1621 212 83
1622 200 76
1623 199 81
1624 19 236
1625 30 234
1626 29 239
1627 20 250
1628 24 233
1629 16 247
1630 28 243
1631 28 247
1632 12 246
1633 18 250
1634 25 242
1635 28 233
1636 28 235
1637 19 248
1638 24 242
1639 22 240
1640 21 248
1641 18 245
1642 26 240
1643 13 242
1644 14 247
1645 25 246
1646 26 235
1647 14 244
1648 30 237
1649 27 247
1650 28 240
1651 12 244
1652 26 233
1653 16 250
1654 204 140
1655 197 133
1656 202 138
1657 199 133
1658 204 130
1659 204 127
1660 208 133
1661 196 130
1662 201 127
1663 198 136
1664 205 140
1665 204 137
1666 207 132
1667 197 132
1668 197 134
1669 204 138
1670 212 129
1671 207 132
1672 201 127
1673 204 141
1674 213 134
1675 213 133
1676 214 129
1677 200 127
1678 197 131
1679 212 134
1680 195 132
1681 209 137
1682 201 141
1683 202 137
1684 3 86
1685 9 70
1686 3 76
1687 0 81
1688 0 87
1689 4 75
1690 4 75
1691 8 72
1692 10 72
1693 8 71
1694 8 71
1695 8 88
1696 5 83
1697 8 71
1698 11 86
1699 2 82
1700 9 75
1701 2 76
1702 6 84
1703 4 76
1704 2 72
1705 0 72
1706 11 85
1707 5 78
1708 0 88
1709 8 74
1710 0 78
1711 0 85
1712 5 80
1713 194 199
1714 187 199
1715 181 208
1716 189 212
1717 188 206
1718 194 199
1719 193 205
1720 181 214
1721 184 202
1722 193 212
1723 186 209
1724 184 197
1725 183 207
1726 193 209
1727 189 199
1728 182 200
1729 186 196
1730 186 204
1731 183 206
1732 184 204
1733 187 201
1734 189 196
1735 181 202
1736 184 208
1737 188 202
1738 193 208
1739 190 205
1740 184 202
1741 188 199
1742 191 213
1743 237 249
1744 236 233
1745 246 233
1746 250 244
1747 239 232
1748 240 248
1749 242 239
1750 240 235
1751 240 250
1752 234 244
1753 240 238
1754 239 236
1755 239 236
1756 236 250
1757 241 236
1758 235 243
1759 249 242
1760 235 239
1761 235 239
1762 241 232
1763 249 250
1764 238 244
1765 215 118
1766 219 108
1767 227 113
1768 230 124
1769 217 109
1770 215 126
1771 218 116
1772 220 109
1773 221 121
1774 223 112
1775 217 119
1776 227 113
1777 228 119
1778 217 110
1779 224 122
1780 224 124
1781 220 108
1782 228 107
1783 216 118
1784 224 126
1785 216 121
1786 215 121
1787 219 114
1788 223 122
1789 219 110
1790 217 112
1791 228 119
1792 226 120
1793 215 117
1794 230 122
1795 153 171
1796 159 172
1797 158 164
1798 153 174
1799 147 164
1800 160 163
1801 144 163
1802 155 169
1803 144 170
1804 160 176
1805 152 174
1806 148 165
1807 158 179
1808 159 171
1809 155 171
1810 154 168
1811 151 164
1812 152 163
1813 159 179
1814 160 171
1815 158 165
1816 152 167
1817 154 176
1818 152 173
1819 156 173
1820 149 167
1821 156 169
1822 155 163
1823 153 171
1824 147 179
1825 193 0
1826 184 8
1827 191 1
1828 188 8
1829 194 1
1830 186 6
1831 181 3
1832 193 10
1833 189 2
1834 181 9
1835 184 11
1836 184 5
1837 191 3
1838 192 9
1839 188 8
1840 193 10
1841 186 5
1842 181 5
1843 186 10
1844 180 1
1845 191 2
1846 180 3
1847 183 7
1848 194 2
1849 191 4
1850 188 1
1851 184 8
1852 180 11
1853 193 7
1854 186 8
1855 157 208
1856 150 202
1857 159 206
1858 147 200
1859 154 203
1860 154 195
1861 152 195
1862 147 204
1863 151 207
1864 160 214
1865 160 205
1866 149 213
1867 156 209
1868 146 197
1869 158 199
1870 160 201
1871 151 203
1872 160 208
1873 159 200
1874 150 197
1875 144 195
1876 160 196
1877 154 211
1878 152 205
1879 144 205
1880 157 212
1881 150 195
1882 144 214
1883 158 200
1884 156 207
1885 165 149
1886 176 148
1887 177 144
1888 171 149
1889 161 159
1890 163 150
1891 171 152
1892 163 151
1893 167 148
1894 174 155
1895 170 160
1896 163 160
1897 171 150
1898 164 160
1899 170 144
1900 167 144
1901 167 150
1902 172 147
1903 175 146
1904 178 150
1905 170 157
1906 168 148
1907 163 154
1908 164 159
1909 162 147
1910 169 159
1911 176 157
1912 170 150
1913 164 152
1914 175 147
1915 150 246
1916 160 236
1917 156 233
1918 154 247
1919 145 247
1920 144 249
1921 160 234
1922 159 237
1923 146 249
1924 149 248
1925 147 233
1926 159 239
1927 147 246
1928 157 232
1929 144 249
1930 148 247
1931 146 245
1932 154 245
1933 155 249
1934 157 247
1935 154 248
1936 155 244
1937 146 237
1938 146 247
1939 155 232
1940 152 250
1941 157 242
1942 152 244
1943 155 243
1944 146 233
1945 130 26
1946 140 20
1947 132 25
1948 132 18
1949 131 24
1950 137 16
1951 142 17
1952 136 25
1953 136 30
1954 143 13
1955 140 24
1956 140 22
1957 128 26
1958 140 18
1959 139 31
1960 140 30
1961 130 16
1962 142 30
1963 138 27
1964 129 26
1965 130 26
1966 136 14
1967 139 15
1968 133 26
1969 129 18
1970 139 23
1971 138 20
1972 140 18
1973 128 27
1974 134 21
1975 110 153
1976 126 154
1977 107 157
1978 119 147
1979 117 150
1980 119 156
1981 121 145
1982 120 146
1983 121 149
1984 116 149
1985 120 155
1986 116 159
1987 120 154
1988 119 146
1989 119 152
1990 115 146
1991 113 157
1992 121 160
1993 123 144
1994 107 153
1995 120 146
1996 112 160
1997 123 156
1998 107 145
1999 120 151
2000 118 150
2001 116 160
2002 125 149
2003 113 152
2004 124 144
2005 112 160
2006 122 153
2007 124 148
2008 125 152
2009 113 156
2010 113 148
2011 113 149
2012 112 158
2013 125 149
2014 117 157
2015 107 150
2016 115 159
2017 111 151
2018 125 154
2019 110 154
2020 117 147
2021 116 148
2022 125 157
2023 126 153
2024 113 146
2025 114 160
2026 113 151
2027 119 149
2028 107 147
2029 109 152
2030 126 150
2031 113 149
2032 119 156
2033 114 144
2034 111 156
2035 96 99
2036 106 99
2037 96 104
2038 95 106
2039 102 104
2040 100 96
2041 99 94
2042 104 102
2043 103 96
2044 98 93
2045 102 98
2046 106 94
2047 92 96
2048 104 97
2049 98 103
2050 93 94
2051 89 99
2052 96 103
2053 93 103
2054 90 99
2055 95 92
2056 98 99
2057 200 131
2058 202 142
2059 213 139
2060 197 138
2061 196 131
2062 204 143
2063 211 136
2064 211 128
2065 205 134
2066 210 130
2067 211 141
2068 208 130
2069 207 129
2070 200 129
2071 206 141
2072 206 131
2073 196 136
2074 197 135
2075 201 137
2076 202 141
2077 198 137
2078 195 139
2079 198 139
2080 204 130
2081 205 127
2082 213 141
2083 207 128
2084 213 134
2085 213 140
2086 196 129
2087 125 94
2088 118 93
2089 125 95
2090 118 104
2091 114 90
2092 108 92
2093 123 97
2094 110 103
2095 118 93
2096 108 90
2097 111 105
2098 126 89
2099 126 100
2100 118 100
2101 114 89
2102 125 90
2103 111 95
2104 126 101
2105 111 103
2106 124 91
2107 116 98
2108 111 101
2109 110 90
2110 107 104
2111 114 90
2112 120 106
2113 108 104
2114 110 99
2115 123 97
2116 107 91
2117 169 62
2118 164 65
2119 179 58
2120 172 68
2121 163 62
2122 177 51
2123 166 62
2124 171 53
2125 164 63
2126 177 60
2127 166 54
2128 161 55
2129 168 62
2130 171 60
2131 167 57
2132 171 61
2133 166 53
2134 179 66
2135 168 63
2136 164 57
2137 167 63
2138 166 61
2139 178 57
2140 165 65
2141 173 57
2142 170 53
2143 167 68
2144 175 54
2145 164 61
2146 165 55
2147 185 52
2148 189 59
2149 188 64
2150 193 66
2151 183 63
2152 184 60
2153 188 64
2154 186 60
2155 184 62
2156 186 66
2157 187 55
2158 187 60
2159 184 51
2160 180 60
2161 193 68
2162 182 59
2163 182 55
2164 192 68
2165 187 60
2166 184 57
2167 185 63
2168 192 51
2169 188 52
2170 184 55
2171 182 61
2172 192 68
2173 183 61
2174 183 61
2175 194 59
2176 181 60
2177 28 47
2178 14 36
2179 20 42
2180 28 39
2181 25 42
2182 17 43
2183 19 32
2184 19 49
2185 31 35
2186 22 42
2187 31 49
2188 15 42
2189 25 49
2190 12 37
2191 23 38
2192 28 49
2193 15 49
2194 28 32
2195 18 36
2196 16 47
2197 30 50
2198 20 45
2199 29 33
2200 24 41
2201 24 40
2202 30 39
2203 14 33
2204 26 43
2205 31 35
2206 31 47
2207 184 193
2208 184 193
2209 180 184
2210 182 187
2211 188 182
2212 189 192
2213 188 184
2214 182 186
2215 182 194
2216 186 182
2217 184 190
2218 180 189
2219 180 181
2220 189 186
2221 181 182
2222 183 182
2223 190 185
2224 184 183
2225 102 207
2226 100 209
2227 104 198
2228 90 207
2229 97 210
2230 101 208
2231 95 210
2232 105 210
2233 93 207
2234 103 198
2235 89 209
2236 94 202
2237 100 206
2238 96 204
2239 92 210
2240 96 200
2241 105 204
2242 97 214
2243 103 208
2244 103 213
2245 89 204
2246 103 211
2247 104 206
2248 96 195
2249 93 199
2250 94 206
2251 90 199
2252 99 199
2253 106 210
2254 104 214
2255 92 96
2256 93 96
2257 93 102
2258 104 97
2259 92 94
2260 97 101
2261 97 94
2262 100 106
2263 95 98
2264 94 105
2265 101 92
2266 92 99
2267 102 100
2268 94 92
2269 102 92
2270 96 101
2271 91 93
2272 90 95
2273 105 94
2274 91 97
2275 95 100
2276 91 98
2277 93 99
2278 102 91
2279 89 92
2280 2 223
2281 7 222
2282 6 219
2283 0 219
2284 5 216
2285 10 217
2286 5 216
2287 5 217
2288 7 215
2289 8 225
2290 4 227
2291 6 219
2292 10 230
2293 3 224
2294 1 225
2295 6 218
2296 9 224
2297 6 217
2298 2 217
2299 8 227
2300 4 221
2301 3 228
2302 8 220
2303 8 227
2304 11 220
2305 6 231
2306 7 219
2307 145 151
2308 148 150
2309 160 151
2310 145 155
2311 148 147
2312 147 151
2313 149 146
2314 157 154
2315 158 145
2316 158 153
2317 146 148
2318 151 146
2319 148 153
2320 150 149
2321 152 159
2322 152 153
2323 159 152
2324 154 153
2325 159 145
2326 158 157
2327 144 156
2328 13 1
2329 23 4
2330 19 5
2331 14 5
2332 18 5
2333 17 10
2334 22 9
2335 28 8
2336 27 10
2337 30 8
2338 26 9
2339 19 11
2340 29 1
2341 18 4
2342 21 1
2343 13 10
2344 13 0
2345 28 5
2346 28 8
2347 20 6
2348 23 3
2349 21 0
2350 14 7
2351 13 3
2352 15 5
2353 27 8
2354 25 3
2355 27 6
2356 130 13
2357 131 16
2358 129 19
2359 133 29
2360 130 24
2361 140 26
2362 129 20
2363 137 13
2364 142 30
2365 128 22
2366 141 13
2367 132 17
2368 141 15
2369 138 30
2370 129 29
2371 128 23
2372 142 29
2373 140 31
2374 138 13
2375 136 22
2376 138 18
2377 141 22
2378 139 20
2379 133 28
2380 143 21
2381 131 27
2382 133 31
2383 136 20
2384 133 26
2385 132 12
2386 167 199
2387 177 195
2388 174 206
2389 176 213
2390 165 205
2391 178 204
2392 176 197
2393 164 211
2394 163 199
2395 166 197
2396 176 202
2397 170 210
2398 166 201
2399 165 213
2400 168 209
2401 166 206
2402 162 203
2403 168 207
2404 179 205
2405 167 201
2406 168 208
2407 174 208
2408 161 204
2409 172 206
2410 164 197
2411 171 202
2412 173 211
2413 167 202
2414 166 210
2415 171 202
2416 173 115
2417 173 118
2418 175 117
2419 168 121
2420 174 123
2421 173 114
2422 167 112
2423 164 125
2424 163 120
2425 176 113
2426 177 108
2427 179 122
2428 164 109
2429 169 107
2430 171 108
2431 166 109
2432 162 112
2433 177 115
2434 176 109
2435 172 124
2436 167 109
2437 174 117
2438 170 121
2439 176 114
2440 177 110
2441 168 113
2442 163 114
2443 163 114
2444 169 109
2445 165 125
2446 26 27
2447 25 21
2448 19 28
2449 13 20
2450 17 14
2451 31 24
2452 26 13
2453 13 26
2454 23 25
2455 21 17
2456 31 30
2457 21 28
2458 28 20
2459 21 25
2460 13 23
2461 27 20
2462 20 18
2463 21 15
2464 15 18
2465 14 29
2466 20 15
2467 12 18
2468 22 13
2469 20 26
2470 18 15
2471 20 29
2472 108 229
2473 116 219
2474 114 230
2475 125 224
2476 122 217
2477 113 221
2478 121 223
2479 126 228
2480 114 219
2481 114 227
2482 121 231
2483 109 221
2484 113 220
2485 113 221
2486 117 226
2487 121 222
2488 110 228
2489 108 228
2490 121 216
2491 107 215
2492 108 217
2493 126 221
2494 108 225
2495 119 218
2496 120 228
2497 121 218
2498 110 227
2499 125 219
2500 113 217
2501 112 221
2502 76 109
2503 73 119
2504 87 107
2505 86 108
2506 70 123
2507 76 122
2508 73 112
2509 81 107
2510 83 116
2511 76 120
2512 76 118
2513 88 114
2514 88 107
2515 84 114
2516 74 107
2517 75 109
2518 75 125
2519 87 123
2520 87 116
2521 70 111
2522 77 118
2523 83 110
2524 81 114
2525 74 114
2526 87 123
2527 84 122
2528 69 107
2529 85 115
2530 87 120
2531 80 124
2532 30 21
2533 21 22
2534 13 22
2535 13 23
2536 25 29
2537 31 28
2538 25 24
2539 29 17
2540 27 19
2541 28 27
2542 26 19
2543 13 19
2544 20 16
2545 23 16
2546 13 18
2547 19 29
2548 27 22
2549 22 19
2550 25 17
2551 25 13
2552 239 71
2553 247 88
2554 237 77
2555 246 71
2556 233 77
2557 237 82
2558 238 70
2559 243 72
2560 242 78
2561 234 83
2562 245 85
2563 239 87
2564 234 73
2565 237 88
2566 232 82
2567 240 70
2568 234 70
2569 241 79
2570 244 84
2571 233 75
2572 233 69
2573 247 85
2574 243 77
2575 247 84
2576 239 82
2577 245 75
2578 241 81
2579 235 82
2580 249 74
2581 250 87
2582 57 53
2583 53 51
2584 57 56
2585 51 66
2586 55 64
2587 61 59
2588 52 59
2589 67 57
2590 51 57
2591 60 66
2592 63 67
2593 59 58
2594 54 52
2595 53 59
2596 54 60
2597 63 66
2598 66 63
2599 66 57
2600 53 64
2601 63 57
2602 67 55
2603 63 53
2604 198 64
2605 202 61
2606 203 51
2607 214 64
2608 196 56
2609 214 64
2610 198 64
2611 196 66
2612 195 65
2613 195 52
2614 202 58
2615 207 62
2616 206 58
2617 211 60
2618 210 55
2619 212 68
2620 195 61
2621 203 54
2622 204 68
2623 208 63
2624 212 51
2625 205 66
2626 207 64
2627 206 68
2628 200 53
2629 208 66
2630 195 56
2631 200 52
2632 204 61
2633 202 57
2634 189 202
2635 184 197
2636 188 195
2637 187 207
2638 185 196
2639 187 213
2640 186 197
2641 190 201
2642 180 207
2643 186 213
2644 192 203
2645 181 203
2646 191 205
2647 186 207
2648 184 206
2649 188 206
2650 184 207
2651 186 205
2652 180 201
2653 181 213
2654 194 214
2655 183 195
2656 191 200
2657 185 204
2658 181 195
2659 187 207
2660 181 202
2661 180 205
2662 186 200
2663 185 196
2664 118 134
2665 110 138
2666 120 137
2667 125 132
2668 125 143
2669 119 136
2670 119 138
2671 110 136
2672 111 137
2673 124 127
2674 121 130
2675 113 138
2676 109 136
2677 119 139
2678 117 129
2679 114 135
2680 122 131
2681 126 138
2682 126 129
2683 124 133
2684 117 131
2685 110 143
2686 108 136
2687 112 136
2688 121 135
2689 110 137
2690 126 133
2691 114 140
2692 117 141
2693 111 133
2694 39 159
2695 39 147
2696 44 157
2697 49 150
2698 48 159
2699 45 159
2700 46 158
2701 50 153
2702 33 146
2703 35 153
2704 49 157
2705 41 156
2706 37 148
2707 33 152
2708 49 152
2709 33 158
2710 35 152
2711 38 160
2712 41 155
2713 46 152
2714 41 153
2715 40 145
2716 45 158
2717 45 147
2718 36 151
2719 47 160
2720 36 156
2721 47 145
2722 48 158
2723 35 148
2724 2 153
2725 0 159
2726 5 153
2727 11 156
2728 5 148
2729 2 159
2730 2 159
2731 8 146
2732 2 152
2733 3 148
2734 5 149
2735 9 154
2736 4 150
2737 7 148
2738 2 151
2739 2 153
2740 9 153
2741 5 158
2742 5 153
2743 11 154
2744 7 153
2745 6 157
2746 11 152
2747 8 160
2748 11 160
2749 11 151
2750 4 151
2751 1 155
2752 7 160
2753 6 153
2754 68 182
2755 55 185
2756 64 181
2757 55 190
2758 60 183
2759 58 186
2760 51 183
2761 51 184
2762 63 192
2763 62 186
2764 63 194
2765 55 184
2766 65 183
2767 55 180
2768 56 192
2769 60 189
2770 63 182
2771 61 186
2772 53 188
2773 64 190
2774 58 186
2775 55 193
2776 65 187
2777 67 189
2778 60 187
2779 61 189
2780 66 181
2781 63 182
2782 65 185
2783 56 186
2784 99 204
2785 106 205
2786 97 214
2787 94 200
2788 103 208
2789 104 200
2790 102 201
2791 89 210
2792 98 197
2793 105 213
2794 99 195
2795 97 212
2796 97 199
2797 105 213
2798 103 207
2799 97 210
2800 92 200
2801 105 198
2802 94 208
2803 100 214
2804 93 204
2805 92 202
2806 92 207
2807 101 206
2808 105 202
2809 98 203
2810 104 208
2811 94 212
2812 97 211
2813 90 198
2814 56 163
2815 65 175
2816 62 175
2817 68 179
2818 60 175
2819 59 170
2820 56 165
2821 59 174
2822 53 179
2823 68 165
2824 60 164
2825 68 165
2826 63 163
2827 67 168
2828 66 177
2829 51 168
2830 65 168
2831 64 168
2832 66 166
2833 67 164
2834 65 173
2835 66 179
2836 66 179
2837 65 176
2838 56 171
2839 61 175
2840 60 161
2841 63 168
2842 62 176
2843 60 174
2844 180 148
2845 186 145
2846 194 155
2847 185 159
2848 189 146
2849 190 155
2850 183 147
2851 187 159
2852 193 152
2853 184 144
2854 185 153
2855 194 151
2856 193 144
2857 183 149
2858 184 147
2859 184 152
2860 185 158
2861 185 145
2862 190 159
2863 189 156
2864 186 152
2865 182 145
2866 181 157
2867 180 155
2868 183 145
2869 183 154
2870 185 158
2871 180 145
2872 189 151
2873 191 154
