254 273 10 2811
0 9
1 11
2 6
3 7
4 8
5 7
6 9
7 5
8 5
9 9
10 9
11 4
12 3
13 3
14 3
15 3
16 4
17 3
18 4
19 3
20 3
21 3
22 3
23 3
24 4
25 3
26 5
27 4
28 3
29 4
30 3
31 3
32 3
33 3
34 5
35 3
36 3
37 3
38 3
39 4
40 3
41 3
42 4
43 3
44 3
45 3
46 5
47 3
48 5
49 3
50 3
51 3
52 4
53 3
54 3
55 3
56 4
57 3
58 3
59 3
60 3
61 3
62 3
63 3
64 5
65 3
66 3
67 5
68 3
69 3
70 4
71 3
72 5
73 3
74 3
75 3
76 4
77 3
78 3
79 3
80 3
81 4
82 3
83 5
84 3
85 3
86 3
87 5
88 3
89 3
90 4
91 3
92 3
93 3
94 4
95 3
96 3
97 4
98 3
99 3
100 3
101 3
102 4
103 5
104 3
105 3
106 3
107 3
108 3
109 5
110 3
111 6
112 3
113 3
114 4
115 4
116 3
117 3
118 3
119 4
120 3
121 3
122 3
123 3
124 3
125 3
126 3
127 4
128 5
129 3
130 4
131 3
132 3
133 3
134 3
135 4
136 3
137 3
138 3
139 4
140 3
141 3
142 4
143 3
144 3
145 5
146 3
147 3
148 3
149 3
150 3
151 3
152 4
153 3
154 3
155 6
156 3
157 5
158 3
159 3
160 3
161 4
162 3
163 4
164 3
165 3
166 3
167 3
168 3
169 3
170 5
171 4
172 3
173 3
174 4
175 3
176 3
177 3
178 4
179 3
180 7
181 3
182 3
183 3
184 3
185 3
186 3
187 3
188 3
189 3
190 3
191 4
192 4
193 3
194 3
195 3
196 3
197 7
198 3
199 3
200 3
201 6
202 3
203 4
204 3
205 3
206 3
207 4
208 4
209 3
210 5
211 3
212 3
213 3
214 3
215 3
216 3
217 3
218 4
219 3
220 3
221 4
222 3
223 3
224 3
225 3
226 3
227 4
228 3
229 4
230 3
231 5
232 3
233 3
234 3
235 3
236 4
237 4
238 3
239 3
240 3
241 4
242 4
243 3
244 3
245 4
246 3
247 3
248 4
249 4
250 3
251 3
252 3
253 5
0 0 1
1 0 5
2 0 6
3 0 9
4 0 11
5 0 103
6 0 122
7 0 190
8 1 2
9 1 3
10 1 4
11 1 6
12 1 7
13 1 9
14 1 10
15 1 12
16 1 69
17 2 5
18 2 9
19 2 10
20 3 5
21 3 7
22 3 9
23 3 10
24 3 171
25 4 5
26 4 8
27 4 9
28 4 87
29 4 238
30 5 6
31 5 10
32 5 31
33 6 7
34 6 8
35 6 10
36 6 207
37 7 155
38 7 223
39 8 10
40 9 10
41 9 11
42 9 49
43 10 11
44 11 139
45 12 24
46 13 27
47 14 23
48 14 16
49 15 21
50 15 27
51 16 30
52 17 25
53 18 24
54 18 29
55 19 22
56 19 29
57 20 28
58 20 26
59 21 26
60 25 27
61 26 29
62 27 30
63 31 34
64 31 39
65 32 48
66 33 46
67 34 41
68 34 46
69 35 47
70 35 36
71 36 39
72 37 48
73 38 42
74 38 48
75 39 43
76 39 42
77 40 42
78 41 44
79 45 46
80 49 53
81 49 66
82 50 67
83 51 55
84 51 62
85 51 64
86 52 61
87 52 55
88 54 66
89 54 56
90 56 64
91 56 67
92 56 65
93 57 60
94 58 64
95 59 67
96 60 63
97 60 68
98 63 65
99 69 70
100 70 71
101 70 73
102 71 78
103 72 79
104 72 75
105 72 83
106 73 81
107 73 75
108 74 84
109 74 82
110 76 80
111 76 85
112 77 81
113 81 85
114 82 83
115 83 86
116 87 93
117 87 94
118 87 95
119 87 97
120 88 96
121 89 94
122 90 92
123 90 97
124 91 98
125 91 99
126 96 100
127 96 102
128 97 101
129 97 102
130 99 102
131 103 106
132 103 119
133 103 111
134 103 121
135 104 111
136 105 109
137 105 116
138 107 120
139 108 119
140 109 112
141 109 113
142 110 114
143 111 115
144 111 116
145 113 117
146 114 121
147 115 118
148 116 120
149 122 126
150 122 128
151 123 135
152 123 138
153 124 137
154 124 127
155 125 129
156 127 130
157 128 133
158 128 130
159 128 135
160 129 131
161 130 134
162 130 136
163 131 136
164 132 135
165 139 142
166 140 148
167 141 145
168 141 153
169 142 151
170 142 145
171 143 153
172 144 146
173 145 146
174 147 148
175 147 152
176 149 152
177 149 150
178 150 154
179 152 153
180 155 165
181 155 168
182 155 158
183 156 164
184 157 160
185 157 158
186 157 166
187 159 163
188 160 162
189 161 163
190 161 164
191 163 169
192 164 170
193 166 170
194 167 170
195 171 178
196 171 184
197 171 187
198 172 187
199 173 178
200 174 182
201 174 186
202 175 176
203 175 181
204 177 180
205 179 185
206 179 180
207 180 187
208 180 188
209 180 183
210 181 182
211 183 189
212 185 186
213 190 199
214 190 205
215 191 193
216 191 194
217 191 197
218 192 197
219 192 206
220 195 197
221 196 203
222 196 205
223 197 200
224 197 201
225 198 203
226 201 202
227 201 204
228 201 205
229 207 221
230 207 222
231 208 211
232 208 218
233 209 218
234 209 221
235 210 215
236 210 214
237 210 213
238 212 217
239 212 214
240 213 218
241 216 221
242 219 220
243 220 221
244 223 230
245 224 231
246 224 229
247 225 228
248 225 236
249 226 237
250 227 230
251 227 229
252 227 237
253 229 236
254 231 233
255 231 235
256 232 233
257 234 236
258 238 245
259 238 249
260 239 241
261 240 252
262 240 253
263 241 243
264 241 249
265 242 248
266 242 253
267 243 246
268 244 251
269 245 247
270 248 250
271 249 253
272 250 251
0 53 50
1 67 49
2 52 56
3 62 49
4 53 62
5 66 58
6 54 55
7 59 58
8 60 64
9 68 49
10 57 56
11 59 68
12 55 49
13 50 65
14 53 59
15 56 60
16 49 64
17 65 58
18 58 57
19 66 57
20 52 66
21 53 62
22 2 216
23 7 209
24 4 217
25 5 208
26 3 214
27 8 220
28 4 222
29 1 221
30 6 218
31 2 220
32 3 221
33 10 210
34 7 215
35 4 216
36 0 221
37 8 210
38 3 218
39 3 220
40 1 209
41 9 210
42 1 216
43 5 208
44 1 210
45 0 214
46 11 216
47 6 210
48 11 221
49 5 221
50 31 236
51 32 228
52 46 225
53 39 224
54 32 237
55 45 226
56 31 233
57 39 231
58 47 236
59 41 232
60 37 237
61 36 223
62 41 230
63 33 235
64 46 233
65 35 227
66 34 226
67 37 237
68 43 233
69 44 226
70 43 229
71 41 236
72 37 229
73 31 234
74 42 223
75 36 228
76 36 226
77 36 224
78 36 223
79 40 230
80 82 36
81 73 43
82 80 45
83 69 46
84 80 31
85 75 36
86 82 31
87 72 45
88 73 37
89 77 33
90 81 37
91 83 45
92 78 43
93 71 34
94 71 35
95 69 40
96 79 46
97 79 44
98 80 31
99 69 36
100 82 37
101 85 33
102 83 43
103 81 39
104 76 47
105 71 36
106 79 41
107 77 33
108 74 39
109 78 35
110 228 162
111 236 157
112 228 166
113 235 158
114 223 157
115 231 166
116 230 163
117 235 166
118 230 166
119 237 169
120 234 170
121 236 169
122 231 164
123 233 165
124 236 159
125 223 161
126 234 170
127 237 163
128 230 169
129 232 161
130 229 170
131 237 160
132 231 168
133 223 165
134 229 159
135 235 170
136 237 160
137 237 170
138 236 167
139 230 168
140 153 111
141 147 103
142 146 109
143 144 104
144 139 120
145 147 104
146 148 111
147 148 107
148 144 116
149 141 117
150 144 119
151 140 115
152 148 111
153 139 105
154 141 113
155 148 111
156 142 119
157 140 107
158 146 117
159 154 108
160 148 115
161 148 117
162 151 103
163 143 116
164 147 116
165 152 112
166 149 107
167 143 103
168 144 120
169 148 109
170 48 81
171 37 77
172 44 77
173 36 81
174 32 73
175 47 78
176 43 79
177 48 72
178 43 77
179 41 72
180 48 76
181 48 75
182 33 84
183 31 69
184 42 71
185 36 85
186 39 74
187 34 82
188 39 73
189 33 85
190 31 79
191 46 73
192 35 74
193 48 69
194 38 79
195 48 83
196 43 83
197 42 69
198 44 78
199 41 81
200 21 220
201 25 212
202 26 221
203 22 221
204 28 218
205 30 213
206 22 220
207 19 209
208 14 219
209 21 216
210 13 222
211 18 222
212 15 220
213 22 210
214 15 222
215 27 209
216 17 213
217 15 210
218 19 215
219 25 215
220 19 208
221 30 222
222 16 220
223 16 210
224 17 212
225 22 218
226 27 221
227 12 211
228 14 207
229 18 218
230 112 189
231 114 172
232 108 173
233 120 179
234 109 188
235 108 171
236 108 188
237 113 181
238 117 173
239 116 180
240 115 173
241 106 184
242 104 181
243 121 171
244 112 174
245 118 177
246 111 178
247 105 181
248 121 189
249 108 184
250 119 189
251 112 189
252 103 185
253 120 178
254 115 184
255 112 177
256 106 180
257 115 185
258 118 180
259 121 178
260 28 158
261 16 165
262 13 168
263 13 170
264 23 155
265 30 166
266 29 156
267 12 169
268 16 157
269 27 161
270 30 166
271 20 160
272 27 161
273 24 157
274 21 157
275 20 156
276 22 156
277 28 165
278 16 159
279 15 166
280 20 157
281 21 160
282 16 170
283 27 159
284 30 167
285 22 156
286 22 165
287 12 167
288 25 169
289 17 157
290 39 151
291 40 154
292 36 146
293 33 141
294 36 151
295 48 144
296 35 149
297 44 140
298 32 147
299 39 142
300 37 153
301 38 147
302 34 141
303 48 141
304 35 139
305 39 140
306 40 153
307 42 144
308 37 153
309 32 139
310 45 143
311 32 146
312 46 154
313 32 147
314 37 152
315 47 147
316 37 142
317 41 146
318 48 139
319 34 145
320 250 108
321 242 121
322 239 119
323 238 111
324 242 110
325 252 114
326 247 112
327 253 116
328 252 107
329 245 114
330 242 104
331 242 111
332 244 118
333 244 113
334 245 120
335 246 104
336 249 110
337 249 108
338 249 107
339 238 103
340 240 114
341 247 111
342 241 119
343 252 116
344 251 106
345 239 120
346 242 109
347 243 109
348 245 109
349 242 119
350 139 251
351 140 243
352 146 247
353 141 251
354 150 248
355 145 243
356 148 238
357 145 248
358 144 246
359 141 244
360 150 239
361 153 243
362 148 250
363 154 244
364 149 244
365 151 246
366 154 252
367 154 253
368 143 243
369 149 242
370 143 249
371 146 240
372 151 251
373 143 252
374 146 250
375 146 244
376 142 252
377 140 240
378 146 245
379 139 244
380 112 133
381 105 128
382 119 129
383 116 124
384 105 122
385 108 123
386 118 127
387 108 137
388 114 133
389 110 134
390 112 136
391 104 138
392 121 135
393 120 126
394 113 125
395 112 136
396 120 133
397 118 129
398 118 132
399 111 138
400 104 126
401 103 133
402 114 131
403 108 129
404 113 131
405 113 123
406 119 127
407 109 124
408 120 125
409 121 126
410 11 83
411 1 80
412 8 86
413 8 80
414 6 78
415 3 80
416 11 82
417 9 85
418 0 71
419 8 69
420 11 73
421 7 82
422 8 84
423 9 73
424 3 76
425 9 77
426 10 77
427 9 73
428 5 75
429 7 76
430 9 74
431 9 73
432 1 85
433 11 73
434 10 78
435 8 86
436 6 73
437 31 208
438 37 218
439 44 207
440 32 208
441 37 219
442 34 216
443 35 219
444 41 220
445 44 212
446 33 222
447 34 214
448 33 216
449 38 211
450 34 216
451 39 221
452 42 208
453 43 219
454 31 213
455 32 216
456 44 221
457 35 219
458 48 214
459 34 217
460 42 209
461 41 217
462 33 213
463 44 220
464 35 214
465 35 209
466 47 222
467 11 14
468 7 22
469 8 26
470 8 20
471 4 25
472 8 24
473 2 24
474 10 18
475 8 21
476 1 18
477 10 30
478 9 25
479 3 30
480 0 25
481 2 30
482 1 27
483 9 17
484 2 30
485 7 24
486 2 15
487 5 19
488 11 29
489 3 19
490 5 12
491 4 21
492 9 24
493 11 28
494 1 27
495 11 15
496 218 71
497 220 84
498 220 75
499 219 74
500 212 74
501 221 76
502 222 86
503 216 85
504 207 78
505 220 71
506 210 76
507 210 72
508 222 78
509 214 80
510 217 80
511 207 72
512 207 82
513 210 80
514 220 71
515 216 84
516 211 78
517 212 76
518 219 86
519 222 79
520 207 70
521 208 79
522 222 85
523 208 75
524 216 80
525 209 71
526 204 200
527 190 206
528 205 195
529 192 194
530 203 194
531 203 202
532 196 197
533 206 195
534 191 203
535 203 193
536 198 200
537 193 202
538 199 198
539 195 194
540 197 198
541 192 198
542 196 191
543 192 202
544 191 206
545 195 196
546 198 205
547 190 193
548 192 204
549 195 196
550 154 228
551 149 232
552 142 231
553 149 234
554 146 233
555 149 232
556 149 229
557 147 236
558 152 237
559 142 226
560 148 236
561 142 230
562 144 233
563 149 224
564 153 234
565 147 227
566 145 234
567 144 229
568 150 227
569 143 229
570 145 237
571 145 225
572 144 228
573 146 226
574 142 223
575 145 237
576 141 223
577 147 231
578 141 237
579 145 229
580 76 158
581 75 158
582 72 156
583 82 158
584 69 165
585 79 155
586 78 162
587 79 166
588 73 169
589 80 167
590 69 169
591 69 168
592 79 168
593 82 163
594 76 166
595 74 158
596 74 158
597 73 168
598 84 169
599 73 156
600 84 163
601 70 165
602 77 168
603 76 167
604 69 157
605 74 166
606 78 158
607 81 168
608 72 158
609 78 162
610 177 113
611 185 118
612 184 113
613 172 112
614 172 108
615 180 103
616 176 111
617 182 110
618 175 106
619 175 104
620 177 107
621 175 111
622 180 103
623 178 115
624 178 108
625 178 111
626 177 103
627 172 108
628 172 106
629 188 118
630 185 108
631 173 116
632 189 120
633 173 117
634 183 105
635 174 103
636 180 109
637 186 104
638 179 105
639 175 110
640 159 121
641 156 113
642 169 120
643 167 119
644 168 103
645 168 121
646 162 108
647 170 120
648 159 104
649 162 107
650 157 103
651 170 103
652 160 112
653 163 106
654 158 103
655 155 113
656 165 112
657 167 103
658 155 105
659 161 113
660 159 118
661 168 109
662 159 119
663 167 106
664 164 118
665 167 116
666 160 115
667 159 116
668 166 119
669 167 108
670 109 206
671 116 199
672 117 200
673 116 192
674 120 205
675 103 205
676 113 193
677 110 192
678 121 200
679 110 196
680 120 195
681 104 190
682 105 204
683 113 203
684 110 202
685 116 203
686 116 203
687 104 195
688 111 206
689 113 194
690 107 197
691 114 200
692 108 205
693 108 198
694 116 199
695 112 190
696 118 193
697 117 198
698 117 196
699 118 196
700 221 148
701 216 140
702 211 154
703 218 150
704 210 152
705 208 139
706 210 140
707 222 143
708 213 141
709 219 148
710 214 140
711 217 154
712 222 150
713 217 144
714 209 143
715 212 146
716 214 139
717 222 146
718 218 150
719 211 153
720 209 147
721 222 145
722 219 151
723 218 140
724 222 145
725 215 149
726 222 146
727 221 149
728 222 150
729 216 140
730 108 147
731 117 149
732 111 152
733 117 140
734 110 140
735 108 140
736 117 152
737 114 149
738 110 149
739 107 143
740 109 144
741 114 145
742 111 150
743 106 146
744 103 140
745 114 147
746 105 145
747 116 143
748 106 141
749 106 146
750 104 151
751 103 144
752 106 147
753 105 153
754 117 147
755 105 144
756 117 144
757 107 141
758 107 151
759 115 140
760 241 15
761 238 16
762 240 22
763 241 18
764 238 27
765 242 26
766 240 12
767 244 24
768 247 28
769 250 25
770 239 12
771 240 22
772 245 17
773 242 29
774 245 22
775 245 19
776 246 23
777 244 22
778 242 23
779 238 26
780 241 18
781 247 29
782 248 20
783 244 13
784 249 30
785 242 26
786 245 26
787 251 21
788 242 29
789 241 27
790 45 143
791 39 150
792 41 140
793 35 150
794 46 139
795 39 152
796 38 151
797 44 142
798 35 150
799 39 153
800 35 145
801 34 140
802 42 142
803 40 140
804 46 146
805 44 143
806 36 149
807 32 142
808 34 143
809 35 139
810 37 152
811 33 146
812 36 142
813 47 147
814 38 141
815 42 143
816 42 149
817 45 150
818 33 146
819 38 145
820 166 159
821 169 157
822 166 156
823 157 169
824 169 170
825 159 164
826 165 170
827 168 162
828 170 158
829 155 169
830 167 165
831 159 157
832 165 164
833 169 156
834 157 163
835 155 166
836 167 158
837 160 164
838 165 162
839 123 137
840 123 130
841 135 131
842 122 138
843 136 125
844 131 138
845 122 123
846 127 135
847 132 130
848 135 129
849 125 123
850 131 138
851 129 135
852 132 127
853 127 131
854 129 138
855 124 134
856 134 129
857 134 132
858 183 161
859 174 170
860 180 170
861 177 168
862 173 169
863 189 162
864 182 160
865 171 159
866 173 169
867 180 166
868 174 156
869 183 158
870 180 164
871 171 170
872 188 164
873 181 160
874 189 157
875 185 165
876 177 167
877 179 163
878 180 163
879 173 168
880 176 170
881 189 160
882 175 163
883 183 169
884 177 163
885 178 169
886 180 165
887 172 162
888 186 192
889 173 195
890 176 200
891 182 190
892 180 199
893 180 202
894 174 203
895 177 203
896 176 197
897 187 194
898 179 205
899 184 191
900 179 206
901 187 191
902 174 199
903 171 206
904 176 199
905 175 196
906 180 204
907 189 194
908 185 193
909 189 195
910 189 193
911 183 197
912 175 194
913 176 205
914 183 196
915 185 191
916 185 205
917 171 191
918 215 194
919 221 205
920 218 197
921 215 193
922 210 203
923 221 191
924 214 196
925 221 197
926 210 194
927 217 201
928 214 194
929 211 196
930 215 203
931 213 196
932 210 205
933 215 202
934 213 205
935 216 199
936 208 197
937 213 202
938 207 197
939 213 205
940 214 206
941 214 197
942 216 205
943 207 200
944 208 195
945 216 198
946 208 202
947 217 206
948 23 45
949 20 33
950 22 43
951 14 45
952 22 31
953 24 38
954 29 43
955 25 42
956 17 32
957 30 48
958 26 37
959 21 38
960 13 36
961 19 42
962 12 43
963 18 34
964 16 35
965 23 33
966 23 34
967 20 44
968 16 31
969 14 42
970 17 43
971 20 40
972 12 41
973 15 37
974 25 42
975 29 35
976 13 46
977 28 35
978 21 30
979 26 24
980 29 25
981 13 19
982 28 23
983 14 26
984 28 12
985 16 12
986 30 23
987 24 26
988 22 20
989 16 26
990 17 16
991 22 15
992 13 24
993 27 20
994 73 164
995 71 167
996 82 160
997 76 166
998 75 166
999 73 159
1000 78 161
1001 86 162
1002 71 169
1003 81 155
1004 86 170
1005 71 169
1006 69 164
1007 69 168
1008 77 169
1009 79 155
1010 72 165
1011 85 164
1012 79 164
1013 79 161
1014 86 167
1015 79 167
1016 74 166
1017 80 161
1018 86 156
1019 80 167
1020 84 168
1021 81 157
1022 74 160
1023 81 161
1024 239 252
1025 239 244
1026 251 246
1027 244 247
1028 242 247
1029 246 238
1030 240 245
1031 238 244
1032 240 248
1033 245 241
1034 245 248
1035 253 245
1036 253 245
1037 248 239
1038 245 241
1039 238 251
1040 244 249
1041 249 248
1042 215 92
1043 208 91
1044 218 87
1045 209 91
1046 222 92
1047 211 97
1048 215 96
1049 211 101
1050 213 87
1051 211 102
1052 221 87
1053 210 89
1054 210 98
1055 219 93
1056 215 100
1057 213 102
1058 220 89
1059 221 96
1060 213 90
1061 212 93
1062 208 87
1063 215 87
1064 216 90
1065 208 97
1066 214 98
1067 216 98
1068 209 93
1069 209 87
1070 213 100
1071 221 97
1072 179 91
1073 174 88
1074 175 94
1075 175 96
1076 176 91
1077 185 99
1078 181 93
1079 172 90
1080 176 102
1081 173 89
1082 187 94
1083 175 88
1084 184 87
1085 178 102
1086 181 99
1087 189 90
1088 173 87
1089 173 97
1090 189 100
1091 184 88
1092 180 102
1093 181 91
1094 176 89
1095 187 89
1096 172 97
1097 175 93
1098 173 95
1099 179 88
1100 187 99
1101 186 97
1102 11 121
1103 7 114
1104 10 118
1105 10 111
1106 2 113
1107 11 105
1108 9 121
1109 5 104
1110 3 108
1111 2 108
1112 5 111
1113 2 106
1114 1 111
1115 4 105
1116 6 106
1117 10 119
1118 3 120
1119 4 121
1120 10 119
1121 6 106
1122 5 115
1123 4 120
1124 2 112
1125 0 120
1126 4 105
1127 4 106
1128 4 115
1129 7 103
1130 150 0
1131 147 6
1132 146 3
1133 150 2
1134 147 10
1135 150 7
1136 154 3
1137 147 5
1138 146 5
1139 139 3
1140 148 9
1141 153 3
1142 141 6
1143 151 11
1144 150 2
1145 152 1
1146 149 4
1147 153 1
1148 141 2
1149 152 0
1150 149 11
1151 142 10
1152 140 0
1153 140 0
1154 146 0
1155 153 7
1156 139 2
1157 36 32
1158 35 42
1159 36 34
1160 38 35
1161 46 47
1162 39 44
1163 43 46
1164 46 32
1165 45 31
1166 41 32
1167 44 43
1168 38 35
1169 38 44
1170 48 47
1171 35 32
1172 44 32
1173 31 32
1174 46 43
1175 39 44
1176 36 32
1177 6 250
1178 9 241
1179 7 253
1180 9 243
1181 10 251
1182 7 241
1183 5 246
1184 4 244
1185 11 243
1186 4 241
1187 2 252
1188 1 242
1189 0 247
1190 11 242
1191 7 245
1192 8 241
1193 8 245
1194 0 243
1195 0 243
1196 6 240
1197 6 253
1198 9 246
1199 7 244
1200 2 244
1201 1 252
1202 7 244
1203 1 241
1204 1 247
1205 6 247
1206 10 246
1207 9 179
1208 6 185
1209 8 174
1210 11 189
1211 0 171
1212 6 180
1213 2 184
1214 8 176
1215 2 171
1216 6 173
1217 11 172
1218 6 172
1219 0 172
1220 11 171
1221 5 181
1222 9 182
1223 1 175
1224 8 175
1225 6 174
1226 9 174
1227 8 179
1228 11 189
1229 5 178
1230 7 189
1231 10 179
1232 0 180
1233 5 183
1234 11 186
1235 9 179
1236 144 98
1237 146 96
1238 140 87
1239 154 101
1240 154 92
1241 140 98
1242 148 102
1243 151 94
1244 140 97
1245 146 89
1246 154 102
1247 139 90
1248 141 89
1249 151 91
1250 139 87
1251 139 93
1252 149 102
1253 140 92
1254 148 94
1255 140 90
1256 148 102
1257 151 91
1258 149 100
1259 140 93
1260 151 97
1261 153 88
1262 153 95
1263 143 100
1264 147 89
1265 144 101
1266 115 15
1267 108 30
1268 112 15
1269 119 15
1270 106 14
1271 104 25
1272 119 13
1273 116 22
1274 113 14
1275 111 17
1276 114 29
1277 119 26
1278 106 22
1279 115 24
1280 108 15
1281 110 28
1282 120 18
1283 112 19
1284 104 30
1285 106 27
1286 104 28
1287 106 29
1288 116 21
1289 120 28
1290 110 25
1291 121 21
1292 119 18
1293 108 28
1294 112 23
1295 104 25
1296 198 144
1297 196 149
1298 199 152
1299 198 141
1300 199 144
1301 195 145
1302 203 140
1303 202 154
1304 196 153
1305 206 154
1306 197 147
1307 204 142
1308 203 146
1309 204 148
1310 200 149
1311 193 149
1312 199 151
1313 198 147
1314 192 143
1315 206 147
1316 203 140
1317 193 148
1318 198 154
1319 206 145
1320 201 141
1321 194 144
1322 193 148
1323 191 150
1324 206 152
1325 191 154
1326 19 134
1327 29 131
1328 13 137
1329 29 136
1330 22 128
1331 24 133
1332 24 127
1333 20 133
1334 30 134
1335 17 137
1336 22 129
1337 19 126
1338 30 125
1339 14 123
1340 23 128
1341 14 127
1342 20 125
1343 16 131
1344 13 137
1345 13 133
1346 16 126
1347 12 137
1348 20 124
1349 24 132
1350 20 138
1351 17 135
1352 22 134
1353 21 129
1354 14 137
1355 21 133
1356 20 97
1357 12 98
1358 20 95
1359 27 94
1360 18 101
1361 13 101
1362 21 91
1363 16 98
1364 27 99
1365 16 97
1366 23 100
1367 17 100
1368 13 89
1369 15 99
1370 12 92
1371 29 97
1372 22 100
1373 27 101
1374 12 87
1375 24 89
1376 13 96
1377 27 98
1378 25 88
1379 19 89
1380 19 94
1381 30 100
1382 17 100
1383 21 88
1384 17 88
1385 18 92
1386 241 143
1387 241 149
1388 249 144
1389 245 149
1390 239 142
1391 252 140
1392 243 144
1393 238 151
1394 240 140
1395 245 145
1396 240 142
1397 238 152
1398 250 142
1399 246 142
1400 243 148
1401 243 153
1402 241 139
1403 244 147
1404 240 148
1405 241 145
1406 242 154
1407 251 149
1408 246 147
1409 240 153
1410 245 149
1411 246 151
1412 246 148
1413 248 149
1414 242 150
1415 253 147
1416 251 173
1417 244 186
1418 241 175
1419 241 171
1420 244 175
1421 239 185
1422 244 174
1423 240 181
1424 251 185
1425 253 189
1426 252 182
1427 249 178
1428 253 184
1429 241 176
1430 238 189
1431 248 182
1432 245 174
1433 241 189
1434 245 176
1435 244 179
1436 240 185
1437 253 173
1438 238 178
1439 239 172
1440 251 182
1441 247 183
1442 253 186
1443 248 174
1444 240 178
1445 251 174
1446 197 237
1447 191 230
1448 202 234
1449 195 224
1450 204 229
1451 204 225
1452 201 232
1453 191 223
1454 194 230
1455 190 230
1456 196 226
1457 198 228
1458 204 237
1459 198 235
1460 203 237
1461 191 232
1462 194 231
1463 195 225
1464 206 227
1465 196 231
1466 199 236
1467 195 226
1468 201 224
1469 192 229
1470 206 234
1471 195 237
1472 202 232
1473 198 231
1474 202 226
1475 201 225
1476 52 224
1477 66 223
1478 57 233
1479 54 227
1480 54 229
1481 68 237
1482 53 223
1483 60 227
1484 57 226
1485 54 235
1486 63 225
1487 63 226
1488 54 231
1489 67 231
1490 57 225
1491 50 237
1492 62 237
1493 64 234
1494 61 229
1495 60 223
1496 60 235
1497 57 226
1498 59 224
1499 58 234
1500 49 237
1501 63 236
1502 63 224
1503 64 225
1504 68 236
1505 63 227
1506 94 247
1507 88 249
1508 92 243
1509 102 251
1510 100 245
1511 98 248
1512 88 248
1513 101 252
1514 93 245
1515 94 243
1516 100 240
1517 100 251
1518 97 245
1519 94 243
1520 89 242
1521 89 239
1522 100 253
1523 88 253
1524 87 242
1525 87 245
1526 100 238
1527 101 239
1528 99 238
1529 88 252
1530 97 249
1531 95 243
1532 92 250
1533 92 249
1534 93 249
1535 90 246
1536 118 189
1537 103 189
1538 109 180
1539 105 176
1540 119 186
1541 118 172
1542 105 173
1543 116 174
1544 119 175
1545 104 180
1546 120 183
1547 115 180
1548 112 181
1549 110 175
1550 115 182
1551 110 172
1552 110 182
1553 108 189
1554 110 175
1555 110 173
1556 117 181
1557 117 185
1558 108 175
1559 112 181
1560 118 179
1561 118 180
1562 103 181
1563 104 172
1564 121 172
1565 104 184
1566 114 173
1567 110 188
1568 110 186
1569 108 185
1570 119 180
1571 110 182
1572 111 183
1573 115 172
1574 107 181
1575 121 184
1576 110 184
1577 115 173
1578 117 186
1579 119 172
1580 120 177
1581 108 183
1582 114 176
1583 114 183
1584 110 179
1585 108 172
1586 111 171
1587 115 183
1588 108 177
1589 106 173
1590 109 178
1591 118 177
1592 113 189
1593 107 172
1594 110 183
1595 109 187
1596 156 152
1597 155 150
1598 155 139
1599 159 153
1600 168 149
1601 156 151
1602 163 150
1603 170 142
1604 170 142
1605 160 142
1606 163 139
1607 157 141
1608 170 142
1609 169 146
1610 166 142
1611 159 147
1612 166 140
1613 155 152
1614 157 145
1615 162 145
1616 170 141
1617 159 147
1618 166 144
1619 155 145
1620 165 141
1621 158 142
1622 155 147
1623 164 139
1624 166 148
1625 162 149
1626 8 190
1627 9 205
1628 6 202
1629 7 193
1630 2 195
1631 7 204
1632 3 190
1633 9 203
1634 7 191
1635 10 190
1636 7 195
1637 2 197
1638 8 199
1639 3 202
1640 3 204
1641 4 190
1642 2 206
1643 10 194
1644 4 195
1645 11 205
1646 9 196
1647 11 193
1648 6 201
1649 7 206
1650 3 200
1651 3 204
1652 9 191
1653 11 201
1654 6 195
1655 2 193
1656 51 85
1657 58 74
1658 51 74
1659 59 85
1660 51 85
1661 68 85
1662 61 85
1663 68 69
1664 67 69
1665 62 78
1666 60 78
1667 54 85
1668 49 79
1669 53 79
1670 61 85
1671 54 75
1672 53 84
1673 65 82
1674 49 75
1675 68 71
1676 64 72
1677 59 83
1678 55 72
1679 55 73
1680 49 74
1681 64 84
1682 56 77
1683 53 75
1684 57 70
1685 65 74
1686 135 16
1687 130 28
1688 126 24
1689 131 22
1690 131 17
1691 138 29
1692 125 26
1693 129 22
1694 138 28
1695 127 13
1696 129 13
1697 137 12
1698 129 23
1699 130 14
1700 136 26
1701 135 15
1702 126 27
1703 134 14
1704 123 28
1705 137 19
1706 134 24
1707 130 24
1708 131 18
1709 131 16
1710 129 25
1711 134 30
1712 136 24
1713 135 28
1714 126 18
1715 123 29
1716 156 81
1717 160 83
1718 162 76
1719 167 77
1720 155 75
1721 162 80
1722 167 84
1723 155 70
1724 161 85
1725 169 73
1726 158 71
1727 157 72
1728 158 72
1729 161 78
1730 166 73
1731 164 79
1732 165 73
1733 162 76
1734 160 83
1735 162 81
1736 165 84
1737 161 78
1738 163 79
1739 166 77
1740 159 74
1741 160 79
1742 159 83
1743 168 86
1744 155 75
1745 155 76
1746 250 239
1747 240 238
1748 238 240
1749 244 249
1750 246 247
1751 247 242
1752 238 242
1753 249 244
1754 238 250
1755 243 245
1756 247 244
1757 253 243
1758 242 246
1759 249 247
1760 247 242
1761 240 243
1762 239 240
1763 252 249
1764 245 251
1765 239 245
1766 246 244
1767 246 238
1768 248 252
1769 248 252
1770 189 169
1771 174 165
1772 179 168
1773 171 159
1774 178 157
1775 185 170
1776 171 164
1777 187 159
1778 183 160
1779 182 160
1780 176 169
1781 186 157
1782 184 160
1783 183 168
1784 186 168
1785 174 157
1786 177 158
1787 180 166
1788 177 168
1789 173 158
1790 183 168
1791 180 158
1792 171 162
1793 177 158
1794 179 170
1795 179 155
1796 176 158
1797 182 166
1798 172 163
1799 187 155
1800 124 28
1801 129 24
1802 131 28
1803 132 21
1804 127 17
1805 123 20
1806 126 16
1807 123 20
1808 122 27
1809 123 30
1810 127 18
1811 131 24
1812 128 13
1813 128 18
1814 133 26
1815 130 25
1816 132 28
1817 137 17
1818 125 16
1819 123 16
1820 132 25
1821 130 15
1822 127 14
1823 122 28
1824 124 20
1825 136 17
1826 128 30
1827 138 29
1828 129 16
1829 137 30
1830 175 127
1831 188 136
1832 171 123
1833 177 127
1834 189 127
1835 174 136
1836 174 131
1837 185 122
1838 173 138
1839 174 129
1840 179 135
1841 189 135
1842 185 122
1843 180 135
1844 171 132
1845 179 137
1846 178 127
1847 174 131
1848 186 137
1849 177 135
1850 174 136
1851 184 131
1852 182 130
1853 182 137
1854 172 135
1855 185 134
1856 186 138
1857 181 128
1858 183 128
1859 172 122
1860 182 173
1861 178 182
1862 172 189
1863 185 175
1864 181 171
1865 172 185
1866 175 188
1867 184 183
1868 175 179
1869 172 174
1870 185 182
1871 180 174
1872 183 175
1873 173 189
1874 174 176
1875 174 175
1876 175 189
1877 172 177
1878 177 174
1879 175 179
1880 186 183
1881 189 171
1882 221 59
1883 215 60
1884 210 55
1885 208 53
1886 217 64
1887 211 56
1888 217 51
1889 215 51
1890 215 56
1891 211 51
1892 212 53
1893 214 63
1894 219 63
1895 216 68
1896 222 61
1897 209 66
1898 222 62
1899 219 55
1900 221 50
1901 215 51
1902 209 51
1903 212 68
1904 208 64
1905 214 50
1906 219 62
1907 209 63
1908 219 60
1909 222 67
1910 218 53
1911 219 65
1912 15 217
1913 18 209
1914 13 220
1915 30 220
1916 14 217
1917 21 208
1918 23 214
1919 28 217
1920 17 209
1921 17 207
1922 20 207
1923 24 221
1924 24 218
1925 20 222
1926 30 207
1927 25 214
1928 30 215
1929 29 219
1930 22 222
1931 16 209
1932 22 219
1933 21 220
1934 22 209
1935 16 207
1936 18 212
1937 14 216
1938 16 220
1939 17 218
1940 18 222
1941 15 208
1942 139 82
1943 139 81
1944 152 80
1945 150 83
1946 148 74
1947 146 70
1948 145 79
1949 145 81
1950 152 72
1951 150 80
1952 148 83
1953 139 70
1954 150 69
1955 144 86
1956 140 84
1957 139 81
1958 151 71
1959 152 83
1960 144 77
1961 145 79
1962 143 80
1963 144 70
1964 147 84
1965 146 85
1966 152 76
1967 153 82
1968 142 71
1969 147 69
1970 152 83
1971 149 69
1972 225 156
1973 237 169
1974 235 164
1975 225 159
1976 231 161
1977 225 161
1978 227 158
1979 236 160
1980 232 158
1981 235 155
1982 231 161
1983 225 165
1984 236 167
1985 233 168
1986 227 163
1987 230 169
1988 236 168
1989 231 164
1990 226 155
1991 230 163
1992 233 162
1993 233 155
1994 237 155
1995 227 160
1996 237 168
1997 224 155
1998 226 156
1999 232 157
2000 223 169
2001 231 159
2002 135 252
2003 129 239
2004 122 244
2005 123 238
2006 128 243
2007 126 248
2008 133 249
2009 128 253
2010 127 245
2011 127 249
2012 122 249
2013 132 243
2014 136 239
2015 123 248
2016 122 240
2017 134 240
2018 128 242
2019 128 245
2020 132 244
2021 126 244
2022 138 251
2023 122 245
2024 132 248
2025 132 253
2026 126 247
2027 136 244
2028 136 240
2029 131 239
2030 123 241
2031 127 242
2032 195 54
2033 199 62
2034 192 60
2035 202 54
2036 203 62
2037 196 55
2038 202 55
2039 206 64
2040 203 62
2041 202 66
2042 194 60
2043 196 58
2044 190 49
2045 191 58
2046 190 55
2047 198 57
2048 194 59
2049 205 64
2050 190 61
2051 198 61
2052 196 61
2053 191 51
2054 193 58
2055 205 68
2056 205 63
2057 205 58
2058 203 63
2059 201 62
2060 204 65
2061 192 55
2062 92 64
2063 100 68
2064 92 55
2065 89 61
2066 95 59
2067 101 54
2068 101 64
2069 97 53
2070 88 67
2071 96 62
2072 100 67
2073 93 56
2074 92 51
2075 96 65
2076 88 55
2077 88 56
2078 101 56
2079 97 65
2080 94 51
2081 101 58
2082 96 51
2083 91 52
2084 96 52
2085 102 64
2086 91 63
2087 96 64
2088 101 54
2089 87 54
2090 91 61
2091 92 49
2092 193 15
2093 203 18
2094 191 13
2095 197 25
2096 196 14
2097 195 21
2098 198 30
2099 199 13
2100 195 30
2101 199 24
2102 196 13
2103 190 17
2104 196 14
2105 205 13
2106 200 14
2107 192 19
2108 191 27
2109 203 23
2110 199 24
2111 206 26
2112 191 29
2113 203 28
2114 194 28
2115 190 16
2116 193 13
2117 203 16
2118 200 13
2119 200 20
2120 191 14
2121 196 30
2122 34 241
2123 40 246
2124 47 251
2125 35 247
2126 36 252
2127 44 246
2128 37 249
2129 40 242
2130 47 246
2131 36 247
2132 45 251
2133 40 249
2134 36 250
2135 36 243
2136 40 241
2137 31 238
2138 45 241
2139 43 240
2140 31 253
2141 47 249
2142 39 247
2143 42 242
2144 44 249
2145 48 239
2146 33 242
2147 47 248
2148 34 251
2149 37 249
2150 43 242
2151 48 250
2152 82 6
2153 81 0
2154 73 7
2155 71 11
2156 83 2
2157 82 2
2158 76 2
2159 76 9
2160 70 9
2161 77 5
2162 71 5
2163 70 6
2164 74 4
2165 85 6
2166 75 6
2167 82 11
2168 79 4
2169 83 3
2170 84 1
2171 79 2
2172 79 0
2173 86 6
2174 79 4
2175 75 5
2176 86 1
2177 75 4
2178 75 0
2179 80 8
2180 80 9
2181 79 188
2182 79 178
2183 83 189
2184 81 189
2185 86 177
2186 78 178
2187 79 186
2188 69 174
2189 70 185
2190 82 173
2191 70 180
2192 83 180
2193 82 181
2194 75 187
2195 70 174
2196 83 189
2197 82 179
2198 80 183
2199 86 185
2200 71 172
2201 79 173
2202 70 185
2203 85 186
2204 78 171
2205 79 171
2206 86 173
2207 74 178
2208 82 185
2209 75 180
2210 85 180
2211 196 3
2212 195 3
2213 204 9
2214 192 5
2215 200 2
2216 191 7
2217 193 8
2218 191 2
2219 195 4
2220 203 6
2221 202 8
2222 195 11
2223 195 0
2224 205 4
2225 203 6
2226 190 7
2227 200 3
2228 204 2
2229 202 10
2230 194 6
2231 205 4
2232 196 1
2233 199 11
2234 200 4
2235 193 7
2236 195 1
2237 195 9
2238 195 11
2239 206 8
2240 191 10
2241 156 110
2242 160 110
2243 169 116
2244 167 121
2245 166 105
2246 159 103
2247 160 121
2248 157 113
2249 156 110
2250 156 117
2251 167 109
2252 162 106
2253 162 110
2254 166 112
2255 157 120
2256 159 121
2257 164 111
2258 157 105
2259 166 119
2260 169 111
2261 164 116
2262 168 113
2263 161 108
2264 161 121
2265 162 111
2266 167 108
2267 168 120
2268 168 111
2269 159 119
2270 161 105
2271 32 148
2272 43 139
2273 41 146
2274 45 154
2275 31 148
2276 44 151
2277 34 144
2278 35 154
2279 35 149
2280 33 148
2281 31 139
2282 38 145
2283 41 152
2284 43 150
2285 31 153
2286 31 143
2287 43 141
2288 46 154
2289 32 141
2290 31 145
2291 48 148
2292 33 147
2293 35 140
2294 32 145
2295 33 140
2296 44 143
2297 37 152
2298 35 144
2299 46 152
2300 48 142
2301 236 237
2302 230 226
2303 223 225
2304 235 234
2305 237 224
2306 229 232
2307 228 230
2308 233 228
2309 226 233
2310 229 226
2311 235 223
2312 228 230
2313 224 226
2314 227 232
2315 230 235
2316 224 232
2317 233 229
2318 235 226
2319 237 223
2320 153 47
2321 147 41
2322 154 31
2323 143 33
2324 149 38
2325 152 40
2326 151 41
2327 151 44
2328 153 40
2329 140 44
2330 147 43
2331 151 44
2332 141 33
2333 148 44
2334 146 34
2335 146 34
2336 152 47
2337 148 31
2338 145 37
2339 145 33
2340 141 35
2341 153 43
2342 139 34
2343 152 31
2344 146 36
2345 140 34
2346 152 42
2347 148 41
2348 143 44
2349 144 46
2350 244 169
2351 250 167
2352 252 163
2353 251 155
2354 245 169
2355 247 161
2356 253 164
2357 238 164
2358 240 167
2359 243 156
2360 247 168
2361 245 162
2362 250 169
2363 247 160
2364 242 160
2365 246 169
2366 247 158
2367 252 168
2368 238 168
2369 252 164
2370 253 155
2371 249 161
2372 238 170
2373 248 165
2374 239 162
2375 248 157
2376 242 163
2377 242 157
2378 242 156
2379 253 167
2380 232 0
2381 237 6
2382 231 10
2383 229 5
2384 230 8
2385 226 4
2386 229 7
2387 225 7
2388 233 2
2389 235 10
2390 226 3
2391 231 5
2392 237 2
2393 236 11
2394 237 7
2395 234 8
2396 228 3
2397 236 4
2398 229 5
2399 236 1
2400 227 6
2401 228 11
2402 236 10
2403 233 4
2404 230 4
2405 232 7
2406 230 8
2407 223 8
2408 237 2
2409 238 144
2410 242 153
2411 242 143
2412 238 142
2413 241 150
2414 242 151
2415 240 145
2416 242 140
2417 249 139
2418 241 154
2419 249 143
2420 248 150
2421 239 152
2422 249 151
2423 239 154
2424 248 145
2425 246 140
2426 249 145
2427 250 140
2428 251 146
2429 248 141
2430 250 147
2431 252 152
2432 241 140
2433 239 153
2434 239 148
2435 238 149
2436 238 145
2437 244 149
2438 252 148
2439 239 214
2440 250 219
2441 246 221
2442 252 219
2443 253 216
2444 245 221
2445 249 209
2446 243 209
2447 244 208
2448 244 221
2449 251 209
2450 248 222
2451 251 211
2452 248 212
2453 242 211
2454 239 209
2455 241 211
2456 253 209
2457 250 217
2458 246 219
2459 249 208
2460 250 220
2461 252 209
2462 246 219
2463 248 219
2464 242 212
2465 241 212
2466 246 207
2467 248 211
2468 251 211
2469 11 7
2470 7 11
2471 27 12
2472 20 24
2473 14 26
2474 28 12
2475 18 16
2476 30 17
2477 22 12
2478 30 12
2479 23 30
2480 19 12
2481 16 17
2482 18 13
2483 14 19
2484 30 29
2485 30 18
2486 24 27
2487 14 17
2488 23 25
2489 23 18
2490 24 20
2491 27 12
2492 19 15
2493 140 199
2494 152 205
2495 154 197
2496 142 196
2497 148 193
2498 154 200
2499 151 200
2500 140 203
2501 143 204
2502 147 206
2503 150 200
2504 154 206
2505 152 201
2506 145 200
2507 145 190
2508 141 190
2509 147 190
2510 151 192
2511 145 196
2512 145 190
2513 154 194
2514 147 204
2515 146 203
2516 145 191
2517 145 192
2518 148 194
2519 140 193
2520 151 196
2521 140 198
2522 141 199
2523 151 240
2524 141 238
2525 140 240
2526 151 253
2527 145 241
2528 148 241
2529 153 238
2530 142 249
2531 142 246
2532 142 239
2533 149 251
2534 142 250
2535 151 242
2536 150 238
2537 141 251
2538 149 240
2539 143 248
2540 139 240
2541 143 244
2542 154 239
2543 144 249
2544 153 248
2545 144 238
2546 141 251
2547 148 248
2548 153 246
2549 147 242
2550 150 249
2551 145 248
2552 144 253
2553 140 87
2554 145 96
2555 151 94
2556 143 89
2557 141 101
2558 141 97
2559 148 87
2560 154 101
2561 144 94
2562 149 89
2563 151 87
2564 151 92
2565 150 102
2566 150 91
2567 152 100
2568 153 94
2569 141 87
2570 151 90
2571 153 87
2572 139 88
2573 143 91
2574 139 96
2575 150 93
2576 145 97
2577 146 94
2578 141 91
2579 146 93
2580 146 97
2581 153 100
2582 149 98
2583 72 226
2584 77 235
2585 71 230
2586 84 233
2587 74 229
2588 81 236
2589 85 223
2590 71 236
2591 85 224
2592 72 237
2593 77 230
2594 78 234
2595 80 237
2596 86 224
2597 70 226
2598 78 231
2599 74 231
2600 83 235
2601 75 226
2602 81 233
2603 70 225
2604 78 232
2605 78 234
2606 69 232
2607 74 230
2608 86 234
2609 82 225
2610 71 228
2611 82 231
2612 82 236
2613 37 150
2614 42 140
2615 45 143
2616 43 152
2617 33 140
2618 43 152
2619 45 142
2620 43 140
2621 44 147
2622 44 149
2623 33 141
2624 42 142
2625 33 150
2626 42 145
2627 38 147
2628 39 143
2629 37 139
2630 38 144
2631 43 143
2632 31 151
2633 43 141
2634 40 144
2635 36 148
2636 44 146
2637 47 153
2638 47 154
2639 44 153
2640 35 145
2641 35 153
2642 42 141
2643 1 229
2644 9 236
2645 6 231
2646 11 235
2647 9 226
2648 6 229
2649 3 226
2650 1 234
2651 9 235
2652 0 225
2653 8 228
2654 0 236
2655 11 223
2656 10 232
2657 1 234
2658 9 233
2659 7 236
2660 7 235
2661 2 226
2662 5 231
2663 7 236
2664 5 225
2665 9 235
2666 0 227
2667 1 229
2668 0 232
2669 3 224
2670 5 233
2671 9 236
2672 183 9
2673 174 6
2674 172 11
2675 182 1
2676 174 3
2677 184 10
2678 177 11
2679 188 11
2680 173 10
2681 189 7
2682 176 11
2683 178 5
2684 184 9
2685 189 0
2686 183 0
2687 185 9
2688 182 10
2689 171 0
2690 182 0
2691 173 2
2692 187 4
2693 187 0
2694 187 5
2695 187 6
2696 173 6
2697 173 4
2698 177 11
2699 172 3
2700 182 8
2701 5 219
2702 4 215
2703 7 212
2704 8 213
2705 10 222
2706 8 215
2707 5 211
2708 6 215
2709 4 219
2710 2 209
2711 2 207
2712 9 219
2713 2 212
2714 11 217
2715 8 210
2716 1 210
2717 9 222
2718 10 222
2719 6 210
2720 3 211
2721 11 215
2722 0 215
2723 4 216
2724 9 209
2725 9 207
2726 5 211
2727 5 219
2728 11 217
2729 11 218
2730 8 73
2731 8 73
2732 8 71
2733 9 73
2734 0 82
2735 8 80
2736 4 70
2737 11 71
2738 5 71
2739 2 82
2740 6 81
2741 10 71
2742 11 79
2743 2 84
2744 7 83
2745 7 76
2746 9 75
2747 8 70
2748 6 70
2749 0 82
2750 9 85
2751 4 83
2752 2 75
2753 5 74
2754 9 85
2755 3 77
2756 1 83
2757 8 83
2758 172 89
2759 187 89
2760 184 87
2761 178 92
2762 180 90
2763 182 99
2764 189 102
2765 176 102
2766 189 101
2767 186 87
2768 183 95
2769 176 100
2770 180 101
2771 183 101
2772 174 94
2773 171 100
2774 174 100
2775 189 98
2776 177 93
2777 176 95
2778 173 101
2779 171 89
2780 180 99
2781 179 101
2782 183 98
2783 183 92
2784 182 96
2785 177 91
2786 173 93
2787 180 96
2788 234 227
2789 236 233
2790 228 226
2791 235 225
2792 233 225
2793 223 234
2794 234 232
2795 230 231
2796 230 232
2797 237 236
2798 225 237
2799 232 225
2800 229 235
2801 228 233
2802 224 226
2803 225 224
2804 225 230
2805 229 228
2806 225 233
2807 230 236
2808 224 225
2809 231 223
2810 232 234
