236 262 10 2891
0 9
1 7
2 6
3 13
4 9
5 10
6 5
7 11
8 8
9 10
10 7
11 9
12 3
13 4
14 3
15 3
16 7
17 3
18 3
19 5
20 3
21 3
22 3
23 3
24 3
25 3
26 4
27 4
28 4
29 3
30 3
31 3
32 3
33 4
34 3
35 3
36 3
37 3
38 4
39 4
40 3
41 3
42 3
43 3
44 3
45 4
46 3
47 4
48 3
49 5
50 3
51 7
52 3
53 3
54 3
55 4
56 3
57 3
58 3
59 4
60 3
61 5
62 5
63 3
64 3
65 3
66 3
67 3
68 4
69 3
70 3
71 3
72 4
73 3
74 3
75 4
76 3
77 3
78 3
79 5
80 3
81 3
82 3
83 3
84 4
85 4
86 5
87 3
88 5
89 3
90 3
91 3
92 4
93 3
94 3
95 3
96 3
97 4
98 4
99 3
100 4
101 3
102 3
103 3
104 4
105 4
106 3
107 5
108 3
109 3
110 3
111 3
112 3
113 3
114 3
115 3
116 3
117 3
118 3
119 4
120 5
121 3
122 3
123 3
124 4
125 3
126 3
127 3
128 3
129 3
130 3
131 4
132 3
133 4
134 3
135 3
136 3
137 3
138 3
139 4
140 4
141 5
142 4
143 3
144 3
145 3
146 3
147 5
148 6
149 3
150 3
151 3
152 4
153 3
154 3
155 3
156 3
157 3
158 4
159 3
160 3
161 3
162 5
163 3
164 5
165 3
166 3
167 4
168 3
169 3
170 5
171 3
172 3
173 3
174 3
175 3
176 4
177 5
178 3
179 3
180 3
181 3
182 3
183 3
184 5
185 3
186 3
187 3
188 5
189 3
190 4
191 3
192 3
193 3
194 3
195 3
196 3
197 3
198 3
199 3
200 3
201 4
202 3
203 3
204 3
205 4
206 3
207 4
208 3
209 3
210 3
211 3
212 3
213 4
214 4
215 4
216 3
217 3
218 5
219 3
220 3
221 3
222 4
223 3
224 4
225 3
226 3
227 4
228 3
229 4
230 3
231 3
232 3
233 3
234 3
235 3
0 0 3
1 0 5
2 0 7
3 0 8
4 0 9
5 0 11
6 0 47
7 1 3
8 1 6
9 1 7
10 1 8
11 1 9
12 1 11
13 2 3
14 2 4
15 2 5
16 2 6
17 2 9
18 3 4
19 3 5
20 3 6
21 3 7
22 3 8
23 3 9
24 3 114
25 3 217
26 4 5
27 4 8
28 4 9
29 4 10
30 4 27
31 5 7
32 5 8
33 5 11
34 5 167
35 5 202
36 6 9
37 6 11
38 7 9
39 7 10
40 7 11
41 7 12
42 7 94
43 8 9
44 8 11
45 9 10
46 9 64
47 10 79
48 10 133
49 11 148
50 11 186
51 12 13
52 13 18
53 13 24
54 14 16
55 15 25
56 15 16
57 16 21
58 16 23
59 16 26
60 17 22
61 19 20
62 19 22
63 19 26
64 22 24
65 27 39
66 27 43
67 28 41
68 28 42
69 28 43
70 28 46
71 29 37
72 30 45
73 31 45
74 32 34
75 33 40
76 33 34
77 33 39
78 34 38
79 35 44
80 36 41
81 37 38
82 38 44
83 45 46
84 47 57
85 47 63
86 48 61
87 49 54
88 49 60
89 49 57
90 50 51
91 51 52
92 51 55
93 51 62
94 51 57
95 53 61
96 55 58
97 56 62
98 59 61
99 59 62
100 64 67
101 65 77
102 66 68
103 66 69
104 67 68
105 68 73
106 69 78
107 70 74
108 71 77
109 72 76
110 72 74
111 72 78
112 74 75
113 75 77
114 79 88
115 79 86
116 80 82
117 80 92
118 81 84
119 81 85
120 83 84
121 84 87
122 85 88
123 86 91
124 86 93
125 88 90
126 88 92
127 89 92
128 94 100
129 95 100
130 96 100
131 96 105
132 97 103
133 97 110
134 98 107
135 98 113
136 99 104
137 100 101
138 101 111
139 101 112
140 102 104
141 102 110
142 102 106
143 105 108
144 105 107
145 106 111
146 107 109
147 114 120
148 115 124
149 115 118
150 116 128
151 117 127
152 118 122
153 119 123
154 119 125
155 119 120
156 120 122
157 120 131
158 121 125
159 122 128
160 124 129
161 126 131
162 126 132
163 127 128
164 130 131
165 133 142
166 134 147
167 135 137
168 135 136
169 136 144
170 136 139
171 137 142
172 138 141
173 139 140
174 140 143
175 141 143
176 141 147
177 144 145
178 146 147
179 148 154
180 148 162
181 148 149
182 149 152
183 149 164
184 150 165
185 151 156
186 152 155
187 152 165
188 153 159
189 153 163
190 153 158
191 156 166
192 157 164
193 158 162
194 160 162
195 161 164
196 164 166
197 167 170
198 168 171
199 168 170
200 169 177
201 170 176
202 170 177
203 170 184
204 172 176
205 173 182
206 173 181
207 174 180
208 174 184
209 175 179
210 175 178
211 176 178
212 177 181
213 183 185
214 184 185
215 186 199
216 186 201
217 187 195
218 188 195
219 188 196
220 188 191
221 189 193
222 189 190
223 190 198
224 190 197
225 191 197
226 192 199
227 193 200
228 194 201
229 197 201
230 202 203
231 202 213
232 204 215
233 205 207
234 205 212
235 205 213
236 205 206
237 206 216
238 207 211
239 208 215
240 209 212
241 210 214
242 210 213
243 214 215
244 217 218
245 218 229
246 218 232
247 218 235
248 219 222
249 219 228
250 220 223
251 220 226
252 220 229
253 221 224
254 222 231
255 224 230
256 224 227
257 225 228
258 225 235
259 227 234
260 228 234
261 231 233
0 121 136
1 116 142
2 116 137
3 129 144
4 114 137
5 131 137
6 123 134
7 118 140
8 120 144
9 130 134
10 124 137
11 131 135
12 118 147
13 132 142
14 129 145
15 125 145
16 115 143
17 117 134
18 123 142
19 126 135
20 131 142
21 131 136
22 129 137
23 125 134
24 120 142
25 123 145
26 125 135
27 119 147
28 119 142
29 132 134
30 33 94
31 28 113
32 41 104
33 46 97
34 45 105
35 40 100
36 46 97
37 28 95
38 36 95
39 40 100
40 46 113
41 28 112
42 43 98
43 43 106
44 44 101
45 44 113
46 46 106
47 27 112
48 41 113
49 38 108
50 35 108
51 39 111
52 32 108
53 42 94
54 39 107
55 39 113
56 27 112
57 35 104
58 41 98
59 35 99
60 59 86
61 52 93
62 54 88
63 58 85
64 61 86
65 51 80
66 52 93
67 53 87
68 52 81
69 62 92
70 60 86
71 62 89
72 48 81
73 48 80
74 57 84
75 62 91
76 57 89
77 48 90
78 63 88
79 56 86
80 58 80
81 58 92
82 52 87
83 48 86
84 56 81
85 52 79
86 58 79
87 61 89
88 56 84
89 57 84
90 36 168
91 36 185
92 45 175
93 45 181
94 27 170
95 37 174
96 32 179
97 38 173
98 29 173
99 42 175
100 45 168
101 46 183
102 33 174
103 40 177
104 29 183
105 39 173
106 32 181
107 34 183
108 34 169
109 37 178
110 35 184
111 45 170
112 46 181
113 41 182
114 33 173
115 27 177
116 45 183
117 30 177
118 32 179
119 45 171
120 50 226
121 54 221
122 47 229
123 57 227
124 57 235
125 58 221
126 61 233
127 51 229
128 60 223
129 58 227
130 47 219
131 57 234
132 56 226
133 50 232
134 47 217
135 50 230
136 55 223
137 54 229
138 52 219
139 58 235
140 54 226
141 48 226
142 61 233
143 60 219
144 57 224
145 53 218
146 48 231
147 49 225
148 63 222
149 59 228
150 201 200
151 197 199
152 199 194
153 194 188
154 190 196
155 187 191
156 193 187
157 188 194
158 193 186
159 198 196
160 192 198
161 199 195
162 187 197
163 200 186
164 190 186
165 195 198
166 195 192
167 200 191
168 187 189
169 191 194
170 5 96
171 8 113
172 9 106
173 8 108
174 7 102
175 2 113
176 11 98
177 9 98
178 0 105
179 2 109
180 4 99
181 6 100
182 11 97
183 5 108
184 9 103
185 5 96
186 10 112
187 5 100
188 6 100
189 4 99
190 10 113
191 10 101
192 1 98
193 0 102
194 2 98
195 8 110
196 2 107
197 3 108
198 3 96
199 4 94
200 47 176
201 63 185
202 61 174
203 61 174
204 50 172
205 61 171
206 50 178
207 54 168
208 51 184
209 47 177
210 62 173
211 60 170
212 53 171
213 53 178
214 62 169
215 58 180
216 51 176
217 54 169
218 47 176
219 57 171
220 62 174
221 52 172
222 55 178
223 54 176
224 52 175
225 52 182
226 60 168
227 55 172
228 52 173
229 58 181
230 2 117
231 3 118
232 5 116
233 1 118
234 11 114
235 0 125
236 10 115
237 4 122
238 4 122
239 8 123
240 9 132
241 4 116
242 7 123
243 0 128
244 10 120
245 10 128
246 4 119
247 8 126
248 4 130
249 2 123
250 7 131
251 11 130
252 0 118
253 7 122
254 3 131
255 2 123
256 4 121
257 11 132
258 8 115
259 43 16
260 31 12
261 33 20
262 45 22
263 27 19
264 43 14
265 40 14
266 29 24
267 30 19
268 33 14
269 30 15
270 41 18
271 44 18
272 45 12
273 31 26
274 37 26
275 46 25
276 39 22
277 42 21
278 34 20
279 30 17
280 29 26
281 39 15
282 43 21
283 41 22
284 42 12
285 42 12
286 39 13
287 46 20
288 27 13
289 3 57
290 6 48
291 8 53
292 1 54
293 5 50
294 6 48
295 10 51
296 8 51
297 2 52
298 9 57
299 9 57
300 6 47
301 6 59
302 8 58
303 1 59
304 8 53
305 5 57
306 7 60
307 2 55
308 5 57
309 6 56
310 4 53
311 1 62
312 7 52
313 5 51
314 6 47
315 11 54
316 0 54
317 10 48
318 1 62
319 7 187
320 4 201
321 0 189
322 11 197
323 7 197
324 8 187
325 0 196
326 1 201
327 8 198
328 3 189
329 5 187
330 7 201
331 5 197
332 4 198
333 11 188
334 2 192
335 4 190
336 9 196
337 3 198
338 11 195
339 2 189
340 7 192
341 3 199
342 5 190
343 3 197
344 8 193
345 3 189
346 11 200
347 8 198
348 1 195
349 165 166
350 151 155
351 163 164
352 166 152
353 161 160
354 166 152
355 148 150
356 150 163
357 150 156
358 152 154
359 162 163
360 153 155
361 165 159
362 165 160
363 150 156
364 161 159
365 157 160
366 156 157
367 165 161
368 152 166
369 155 151
370 151 157
371 149 151
372 157 150
373 85 2
374 81 8
375 87 11
376 81 4
377 81 1
378 90 3
379 80 5
380 79 8
381 93 1
382 91 3
383 87 0
384 91 2
385 89 1
386 82 8
387 84 7
388 84 3
389 88 9
390 93 0
391 79 11
392 83 9
393 87 5
394 92 2
395 80 2
396 81 5
397 84 11
398 93 9
399 84 9
400 88 9
401 91 2
402 135 175
403 137 168
404 133 183
405 144 173
406 135 168
407 139 183
408 144 171
409 144 181
410 139 167
411 136 175
412 137 181
413 135 177
414 141 176
415 140 169
416 133 171
417 147 182
418 137 184
419 133 184
420 147 167
421 144 168
422 141 167
423 133 182
424 135 180
425 143 184
426 137 175
427 138 183
428 147 172
429 134 167
430 134 172
431 136 177
432 228 55
433 229 63
434 233 50
435 222 47
436 217 63
437 227 58
438 232 63
439 231 54
440 234 50
441 234 48
442 226 55
443 224 50
444 231 48
445 233 62
446 233 55
447 233 50
448 223 55
449 227 52
450 230 48
451 235 52
452 232 59
453 227 61
454 219 55
455 226 57
456 224 62
457 225 55
458 228 47
459 223 52
460 222 48
461 235 51
462 114 99
463 115 111
464 117 105
465 116 105
466 124 94
467 131 102
468 116 111
469 123 103
470 118 100
471 116 96
472 126 113
473 128 95
474 115 111
475 122 113
476 128 113
477 129 98
478 127 100
479 127 96
480 121 112
481 119 100
482 121 112
483 119 109
484 130 113
485 121 96
486 129 100
487 123 98
488 115 113
489 117 105
490 129 110
491 118 108
492 52 40
493 52 35
494 61 41
495 52 43
496 62 36
497 50 32
498 56 34
499 52 40
500 55 39
501 52 31
502 57 38
503 47 32
504 48 28
505 56 34
506 47 42
507 49 45
508 54 40
509 59 40
510 59 44
511 54 36
512 62 36
513 58 34
514 55 31
515 51 29
516 62 42
517 53 28
518 60 31
519 56 30
520 62 40
521 61 30
522 92 213
523 88 214
524 86 212
525 80 208
526 90 213
527 84 207
528 87 207
529 92 210
530 87 206
531 91 210
532 88 202
533 91 210
534 87 207
535 83 207
536 90 213
537 93 213
538 83 215
539 87 207
540 89 202
541 88 216
542 90 214
543 82 208
544 79 214
545 90 213
546 87 206
547 79 212
548 93 212
549 82 204
550 82 216
551 82 212
552 211 213
553 209 207
554 208 202
555 205 208
556 213 215
557 216 208
558 202 206
559 209 215
560 215 212
561 204 211
562 215 212
563 211 215
564 202 207
565 215 206
566 215 203
567 215 207
568 202 208
569 211 203
570 216 208
571 220 159
572 230 162
573 232 152
574 233 156
575 229 163
576 234 158
577 233 155
578 233 157
579 235 148
580 226 148
581 222 148
582 230 153
583 217 166
584 223 158
585 228 150
586 220 156
587 226 152
588 227 158
589 217 166
590 217 160
591 222 148
592 230 151
593 226 161
594 228 162
595 217 161
596 224 159
597 224 152
598 223 149
599 229 165
600 220 164
601 217 66
602 222 69
603 218 73
604 220 65
605 227 70
606 224 72
607 230 77
608 224 74
609 235 74
610 223 71
611 231 74
612 226 67
613 221 75
614 229 73
615 226 70
616 229 70
617 223 70
618 218 75
619 219 66
620 224 64
621 224 67
622 235 77
623 230 67
624 234 66
625 226 67
626 231 68
627 226 64
628 221 77
629 228 75
630 217 70
631 181 84
632 168 90
633 184 82
634 178 80
635 176 92
636 169 86
637 178 89
638 167 80
639 183 83
640 176 85
641 174 83
642 170 83
643 176 88
644 180 85
645 178 85
646 170 83
647 182 81
648 174 88
649 167 81
650 176 89
651 183 79
652 180 84
653 183 84
654 167 88
655 177 81
656 171 91
657 167 81
658 181 83
659 173 87
660 181 87
661 96 12
662 98 15
663 98 15
664 96 21
665 108 16
666 110 24
667 110 18
668 113 13
669 100 14
670 103 26
671 96 21
672 104 22
673 96 16
674 113 26
675 98 12
676 105 24
677 94 19
678 107 13
679 94 25
680 106 24
681 95 22
682 103 21
683 96 20
684 108 20
685 104 18
686 101 21
687 96 26
688 100 25
689 113 17
690 112 19
691 4 73
692 9 70
693 0 71
694 6 76
695 7 78
696 0 68
697 8 75
698 8 76
699 11 71
700 2 73
701 8 75
702 2 75
703 2 65
704 2 75
705 7 73
706 5 73
707 0 68
708 7 77
709 10 77
710 9 73
711 1 70
712 2 65
713 3 77
714 7 72
715 9 71
716 9 70
717 4 72
718 8 76
719 4 72
720 89 148
721 79 148
722 91 154
723 83 152
724 83 157
725 82 150
726 87 165
727 88 148
728 87 164
729 93 162
730 91 160
731 93 161
732 88 164
733 93 163
734 91 152
735 90 160
736 83 153
737 91 156
738 85 151
739 86 156
740 83 157
741 91 161
742 93 148
743 80 155
744 89 161
745 86 156
746 90 164
747 91 153
748 89 165
749 81 152
750 215 137
751 216 145
752 210 147
753 211 136
754 215 143
755 210 139
756 207 138
757 204 146
758 215 138
759 216 141
760 212 143
761 206 136
762 209 140
763 212 136
764 215 134
765 211 135
766 214 139
767 212 142
768 205 145
769 214 137
770 202 144
771 202 140
772 202 136
773 214 144
774 204 143
775 206 135
776 213 144
777 210 139
778 212 135
779 202 139
780 209 222
781 213 234
782 214 226
783 211 232
784 207 222
785 202 220
786 208 220
787 213 228
788 213 229
789 215 232
790 209 221
791 206 230
792 216 229
793 204 228
794 205 226
795 210 229
796 206 219
797 210 235
798 213 229
799 202 218
800 216 227
801 208 223
802 205 229
803 202 232
804 210 222
805 210 218
806 216 222
807 209 229
808 213 225
809 215 222
810 135 229
811 134 229
812 136 219
813 136 217
814 136 229
815 138 223
816 142 227
817 134 218
818 144 223
819 138 217
820 142 218
821 133 230
822 137 229
823 141 217
824 141 233
825 140 223
826 136 219
827 139 231
828 147 225
829 144 227
830 134 234
831 144 235
832 138 234
833 140 228
834 136 227
835 147 226
836 136 234
837 147 226
838 133 234
839 138 229
840 135 182
841 142 171
842 138 167
843 140 182
844 142 168
845 133 172
846 146 177
847 135 176
848 134 184
849 137 181
850 138 178
851 142 173
852 133 179
853 147 169
854 145 170
855 134 174
856 147 178
857 144 182
858 140 178
859 138 169
860 139 185
861 147 167
862 144 173
863 136 177
864 135 173
865 140 174
866 144 177
867 142 176
868 138 177
869 143 184
870 90 224
871 89 235
872 87 219
873 83 220
874 82 220
875 92 234
876 89 234
877 91 230
878 81 221
879 80 233
880 88 225
881 85 220
882 89 226
883 88 234
884 91 227
885 85 221
886 79 234
887 83 235
888 89 227
889 80 220
890 89 223
891 83 218
892 81 224
893 86 219
894 86 232
895 80 225
896 80 219
897 86 226
898 85 228
899 82 235
900 78 173
901 78 185
902 76 184
903 65 179
904 64 181
905 65 180
906 72 168
907 67 168
908 71 172
909 65 173
910 64 172
911 70 184
912 72 183
913 70 179
914 65 173
915 76 170
916 70 170
917 72 178
918 69 170
919 67 183
920 70 170
921 66 170
922 64 170
923 67 174
924 77 174
925 76 183
926 67 175
927 65 168
928 76 185
929 66 181
930 66 54
931 71 61
932 76 48
933 68 49
934 76 50
935 69 58
936 70 55
937 72 61
938 72 61
939 69 57
940 77 55
941 67 60
942 71 59
943 75 48
944 76 54
945 65 50
946 69 53
947 64 59
948 78 61
949 67 48
950 72 52
951 69 54
952 72 63
953 68 47
954 70 52
955 74 59
956 66 56
957 71 57
958 67 48
959 76 54
960 63 1
961 59 6
962 52 7
963 51 6
964 55 7
965 55 11
966 54 4
967 53 10
968 51 1
969 47 10
970 50 0
971 52 2
972 55 2
973 60 6
974 63 5
975 59 3
976 51 3
977 57 11
978 59 2
979 52 7
980 54 4
981 59 4
982 52 2
983 50 1
984 62 6
985 52 5
986 55 2
987 53 5
988 60 8
989 50 4
990 196 169
991 191 169
992 198 173
993 199 182
994 188 180
995 197 185
996 187 180
997 201 181
998 198 174
999 188 177
1000 199 179
1001 195 184
1002 201 170
1003 199 175
1004 194 177
1005 193 178
1006 194 168
1007 192 183
1008 191 171
1009 201 180
1010 197 172
1011 200 170
1012 187 171
1013 200 185
1014 192 176
1015 189 168
1016 190 170
1017 193 172
1018 188 169
1019 194 184
1020 170 17
1021 169 17
1022 180 24
1023 184 22
1024 175 21
1025 168 23
1026 183 22
1027 178 19
1028 181 20
1029 179 25
1030 175 20
1031 183 18
1032 176 23
1033 178 13
1034 183 24
1035 178 26
1036 185 17
1037 179 16
1038 170 26
1039 176 23
1040 174 24
1041 173 25
1042 171 18
1043 178 12
1044 183 22
1045 177 22
1046 180 15
1047 175 17
1048 169 17
1049 172 24
1050 136 120
1051 147 126
1052 144 114
1053 144 125
1054 146 116
1055 145 119
1056 137 132
1057 145 128
1058 143 120
1059 143 120
1060 146 129
1061 135 122
1062 135 117
1063 137 126
1064 140 115
1065 134 128
1066 147 123
1067 142 117
1068 143 130
1069 135 118
1070 138 122
1071 146 118
1072 140 124
1073 140 116
1074 136 123
1075 142 127
1076 134 129
1077 140 128
1078 134 128
1079 135 116
1080 138 48
1081 146 53
1082 138 61
1083 134 53
1084 142 57
1085 141 59
1086 134 54
1087 143 60
1088 143 49
1089 136 57
1090 146 63
1091 137 56
1092 140 48
1093 144 61
1094 145 51
1095 141 53
1096 146 62
1097 146 62
1098 135 49
1099 133 51
1100 136 61
1101 141 52
1102 139 55
1103 141 62
1104 133 59
1105 136 58
1106 146 47
1107 133 58
1108 136 52
1109 135 60
1110 2 107
1111 7 99
1112 4 103
1113 10 109
1114 8 103
1115 5 96
1116 4 109
1117 10 112
1118 2 100
1119 8 105
1120 2 100
1121 3 108
1122 1 103
1123 6 106
1124 2 99
1125 1 110
1126 0 106
1127 6 112
1128 6 99
1129 8 113
1130 9 98
1131 8 109
1132 9 95
1133 5 112
1134 11 112
1135 7 102
1136 10 103
1137 11 107
1138 3 112
1139 6 94
1140 52 183
1141 62 168
1142 47 168
1143 50 177
1144 49 173
1145 47 173
1146 60 173
1147 60 176
1148 52 178
1149 59 183
1150 59 183
1151 57 178
1152 49 184
1153 58 185
1154 60 170
1155 60 177
1156 53 171
1157 51 173
1158 52 169
1159 49 185
1160 57 181
1161 62 168
1162 52 179
1163 54 184
1164 57 183
1165 58 177
1166 61 171
1167 49 178
1168 57 185
1169 47 171
1170 19 117
1171 13 132
1172 14 127
1173 15 122
1174 23 121
1175 12 128
1176 21 114
1177 20 132
1178 14 114
1179 22 128
1180 15 114
1181 18 121
1182 16 117
1183 12 116
1184 20 132
1185 18 124
1186 23 130
1187 12 130
1188 19 114
1189 21 126
1190 13 132
1191 25 131
1192 18 131
1193 25 117
1194 23 120
1195 24 127
1196 24 118
1197 26 120
1198 21 118
1199 20 125
1200 0 227
1201 8 235
1202 7 221
1203 8 230
1204 8 219
1205 4 220
1206 1 225
1207 9 220
1208 5 229
1209 8 224
1210 8 221
1211 9 220
1212 0 230
1213 8 231
1214 10 221
1215 4 235
1216 1 219
1217 3 235
1218 10 230
1219 6 219
1220 11 223
1221 0 218
1222 5 226
1223 9 226
1224 3 233
1225 2 222
1226 1 220
1227 10 228
1228 3 220
1229 137 18
1230 135 19
1231 146 12
1232 142 13
1233 141 15
1234 139 19
1235 147 20
1236 144 14
1237 136 14
1238 136 21
1239 145 20
1240 139 12
1241 133 24
1242 133 19
1243 146 24
1244 135 15
1245 140 20
1246 134 13
1247 138 16
1248 133 24
1249 146 15
1250 135 23
1251 143 24
1252 140 23
1253 137 23
1254 136 22
1255 141 23
1256 147 22
1257 143 24
1258 139 24
1259 90 230
1260 85 220
1261 89 218
1262 91 224
1263 87 218
1264 81 226
1265 91 218
1266 82 224
1267 84 220
1268 83 224
1269 83 220
1270 80 222
1271 91 225
1272 82 224
1273 86 220
1274 82 222
1275 79 231
1276 88 229
1277 92 219
1278 92 230
1279 86 230
1280 86 235
1281 84 231
1282 90 226
1283 90 218
1284 84 233
1285 83 229
1286 81 233
1287 88 228
1288 84 219
1289 154 150
1290 153 164
1291 161 153
1292 165 162
1293 149 159
1294 161 150
1295 165 166
1296 159 154
1297 165 164
1298 161 158
1299 150 158
1300 163 164
1301 152 166
1302 164 150
1303 153 151
1304 154 163
1305 148 159
1306 157 156
1307 163 155
1308 116 43
1309 122 37
1310 124 41
1311 123 39
1312 125 39
1313 130 44
1314 126 27
1315 127 30
1316 118 44
1317 127 36
1318 117 46
1319 114 27
1320 120 45
1321 117 35
1322 115 27
1323 129 37
1324 125 32
1325 118 27
1326 127 43
1327 115 46
1328 124 28
1329 127 36
1330 123 36
1331 118 28
1332 121 37
1333 119 45
1334 128 40
1335 124 34
1336 116 27
1337 128 43
1338 184 210
1339 176 202
1340 181 211
1341 177 205
1342 173 216
1343 172 207
1344 168 202
1345 168 211
1346 176 207
1347 176 203
1348 183 208
1349 180 203
1350 169 208
1351 169 211
1352 184 209
1353 180 210
1354 168 206
1355 170 213
1356 184 207
1357 180 207
1358 179 202
1359 182 212
1360 178 210
1361 183 215
1362 179 216
1363 182 211
1364 184 216
1365 167 207
1366 181 212
1367 167 212
1368 225 46
1369 232 41
1370 235 42
1371 229 33
1372 217 35
1373 223 46
1374 223 42
1375 221 37
1376 231 35
1377 223 35
1378 230 31
1379 222 46
1380 220 29
1381 217 43
1382 222 44
1383 222 45
1384 222 44
1385 224 34
1386 227 29
1387 228 33
1388 226 30
1389 228 29
1390 218 27
1391 230 44
1392 221 32
1393 223 35
1394 222 31
1395 231 44
1396 230 31
1397 223 43
1398 202 84
1399 215 93
1400 206 81
1401 211 89
1402 207 81
1403 202 81
1404 209 93
1405 209 86
1406 203 81
1407 206 86
1408 214 92
1409 205 84
1410 204 82
1411 211 84
1412 216 81
1413 206 90
1414 214 88
1415 209 82
1416 210 88
1417 211 88
1418 212 82
1419 210 86
1420 213 93
1421 209 87
1422 205 93
1423 209 91
1424 216 91
1425 202 81
1426 214 91
1427 210 92
1428 159 196
1429 162 198
1430 149 190
1431 155 196
1432 162 200
1433 156 199
1434 158 200
1435 150 192
1436 162 199
1437 166 187
1438 149 199
1439 161 199
1440 158 188
1441 162 197
1442 156 193
1443 162 193
1444 155 190
1445 152 187
1446 156 195
1447 148 200
1448 159 197
1449 151 194
1450 152 187
1451 161 197
1452 149 198
1453 164 195
1454 158 190
1455 155 189
1456 162 190
1457 153 188
1458 232 62
1459 224 59
1460 229 52
1461 221 51
1462 232 55
1463 220 56
1464 222 54
1465 218 47
1466 224 48
1467 223 61
1468 231 54
1469 230 63
1470 217 57
1471 227 53
1472 233 60
1473 226 58
1474 219 57
1475 220 54
1476 233 52
1477 229 61
1478 222 57
1479 232 59
1480 221 50
1481 230 62
1482 222 51
1483 222 51
1484 227 47
1485 218 57
1486 226 62
1487 235 54
1488 200 100
1489 194 99
1490 188 103
1491 200 106
1492 190 101
1493 190 101
1494 189 112
1495 195 109
1496 191 103
1497 186 99
1498 198 106
1499 201 104
1500 196 99
1501 200 112
1502 194 109
1503 200 100
1504 188 108
1505 186 111
1506 201 98
1507 196 94
1508 199 95
1509 190 105
1510 195 103
1511 196 110
1512 190 99
1513 201 102
1514 191 108
1515 186 108
1516 187 110
1517 189 102
1518 24 1
1519 21 11
1520 25 6
1521 17 7
1522 20 7
1523 14 8
1524 24 3
1525 22 1
1526 24 2
1527 15 10
1528 12 4
1529 17 7
1530 22 10
1531 12 4
1532 20 5
1533 18 0
1534 17 5
1535 19 6
1536 14 7
1537 15 9
1538 15 7
1539 20 2
1540 16 10
1541 26 11
1542 15 8
1543 24 5
1544 26 8
1545 234 36
1546 217 31
1547 231 35
1548 235 37
1549 228 33
1550 218 46
1551 232 37
1552 227 42
1553 218 30
1554 218 42
1555 228 41
1556 231 45
1557 221 28
1558 230 42
1559 232 35
1560 225 43
1561 226 27
1562 229 35
1563 219 27
1564 230 27
1565 233 33
1566 232 29
1567 226 46
1568 228 43
1569 226 30
1570 234 46
1571 222 29
1572 223 42
1573 224 33
1574 228 35
1575 172 191
1576 178 186
1577 177 195
1578 171 199
1579 184 193
1580 179 201
1581 168 195
1582 184 201
1583 167 200
1584 181 191
1585 179 189
1586 168 186
1587 173 196
1588 176 197
1589 178 194
1590 182 191
1591 175 196
1592 172 192
1593 178 197
1594 172 188
1595 181 192
1596 176 190
1597 182 186
1598 177 187
1599 176 188
1600 178 194
1601 180 195
1602 178 196
1603 184 186
1604 185 186
1605 167 230
1606 177 228
1607 184 229
1608 182 229
1609 176 234
1610 177 220
1611 180 232
1612 169 233
1613 181 226
1614 185 231
1615 167 228
1616 168 232
1617 179 232
1618 178 235
1619 183 224
1620 175 227
1621 176 225
1622 178 221
1623 180 235
1624 174 233
1625 176 221
1626 185 230
1627 183 235
1628 174 218
1629 173 227
1630 174 223
1631 181 235
1632 170 232
1633 180 235
1634 180 222
1635 80 19
1636 90 21
1637 80 12
1638 89 16
1639 90 22
1640 88 21
1641 87 23
1642 81 16
1643 80 21
1644 91 25
1645 87 23
1646 80 24
1647 93 24
1648 86 22
1649 92 25
1650 92 13
1651 86 13
1652 93 25
1653 91 24
1654 80 18
1655 87 22
1656 82 12
1657 84 14
1658 87 15
1659 87 22
1660 92 25
1661 86 19
1662 85 22
1663 93 20
1664 87 22
1665 138 100
1666 147 96
1667 142 104
1668 135 98
1669 140 97
1670 136 104
1671 133 106
1672 139 113
1673 144 111
1674 144 109
1675 133 94
1676 135 106
1677 135 104
1678 137 106
1679 146 94
1680 140 110
1681 140 97
1682 137 103
1683 140 96
1684 135 103
1685 139 94
1686 145 99
1687 134 108
1688 145 105
1689 143 103
1690 140 111
1691 141 113
1692 133 112
1693 137 112
1694 140 98
1695 28 141
1696 31 138
1697 41 135
1698 46 134
1699 35 146
1700 45 141
1701 41 144
1702 40 134
1703 31 137
1704 31 146
1705 35 137
1706 43 142
1707 41 134
1708 35 136
1709 44 136
1710 33 141
1711 46 145
1712 28 144
1713 36 137
1714 40 133
1715 40 143
1716 43 142
1717 32 147
1718 45 144
1719 35 136
1720 46 142
1721 39 137
1722 29 145
1723 40 134
1724 33 147
1725 90 78
1726 92 73
1727 79 67
1728 85 68
1729 80 70
1730 91 70
1731 81 74
1732 87 65
1733 87 64
1734 83 69
1735 93 75
1736 89 69
1737 89 68
1738 90 68
1739 84 67
1740 80 76
1741 79 74
1742 86 78
1743 85 66
1744 83 67
1745 79 76
1746 89 77
1747 83 73
1748 93 73
1749 93 76
1750 84 67
1751 81 75
1752 82 78
1753 81 74
1754 85 64
1755 146 125
1756 136 127
1757 141 115
1758 147 123
1759 141 123
1760 133 115
1761 147 128
1762 141 119
1763 143 114
1764 143 127
1765 137 129
1766 144 116
1767 133 129
1768 145 132
1769 144 128
1770 144 120
1771 133 127
1772 147 123
1773 147 122
1774 134 124
1775 138 114
1776 143 128
1777 137 114
1778 133 118
1779 144 127
1780 140 116
1781 140 116
1782 137 121
1783 147 128
1784 146 115
1785 217 185
1786 218 167
1787 229 183
1788 227 176
1789 222 171
1790 217 177
1791 219 177
1792 217 185
1793 221 170
1794 224 167
1795 220 176
1796 231 178
1797 226 184
1798 234 178
1799 218 168
1800 217 168
1801 235 169
1802 231 185
1803 224 185
1804 223 168
1805 228 172
1806 217 171
1807 234 180
1808 226 173
1809 221 170
1810 227 174
1811 233 177
1812 219 174
1813 221 181
1814 223 167
1815 209 40
1816 209 30
1817 207 31
1818 210 45
1819 208 28
1820 203 27
1821 212 45
1822 213 28
1823 207 36
1824 202 27
1825 216 27
1826 209 42
1827 211 33
1828 207 31
1829 210 32
1830 207 40
1831 213 36
1832 214 36
1833 206 46
1834 205 37
1835 208 44
1836 209 38
1837 209 46
1838 212 42
1839 211 30
1840 216 41
1841 212 41
1842 202 45
1843 212 38
1844 211 40
1845 65 220
1846 69 225
1847 77 230
1848 68 227
1849 74 227
1850 66 222
1851 78 223
1852 74 220
1853 75 221
1854 65 217
1855 67 223
1856 65 217
1857 77 228
1858 67 222
1859 69 222
1860 69 219
1861 78 231
1862 68 219
1863 72 230
1864 77 218
1865 74 222
1866 64 219
1867 69 231
1868 65 235
1869 69 228
1870 67 221
1871 76 232
1872 74 219
1873 72 229
1874 66 219
1875 70 110
1876 69 100
1877 74 101
1878 73 110
1879 64 101
1880 78 107
1881 68 106
1882 76 110
1883 68 101
1884 75 103
1885 64 100
1886 64 109
1887 76 94
1888 78 98
1889 71 111
1890 78 106
1891 64 106
1892 66 106
1893 67 111
1894 72 109
1895 68 109
1896 73 112
1897 74 102
1898 69 107
1899 69 95
1900 68 104
1901 65 98
1902 68 99
1903 73 100
1904 72 112
1905 188 135
1906 186 146
1907 200 145
1908 188 144
1909 200 135
1910 189 143
1911 194 142
1912 190 144
1913 197 145
1914 199 143
1915 194 145
1916 196 147
1917 190 133
1918 191 147
1919 186 134
1920 186 136
1921 186 144
1922 187 135
1923 200 146
1924 195 136
1925 186 133
1926 197 143
1927 186 136
1928 201 139
1929 200 140
1930 195 138
1931 195 133
1932 195 146
1933 199 147
1934 194 145
1935 9 138
1936 8 139
1937 5 145
1938 5 139
1939 11 141
1940 11 140
1941 10 146
1942 1 138
1943 2 147
1944 1 141
1945 5 144
1946 4 141
1947 11 138
1948 8 137
1949 10 143
1950 0 135
1951 10 135
1952 4 138
1953 0 133
1954 1 134
1955 1 142
1956 0 147
1957 2 143
1958 7 135
1959 7 146
1960 10 143
1961 7 144
1962 3 138
1963 1 139
1964 18 140
1965 26 134
1966 24 143
1967 18 146
1968 14 139
1969 14 141
1970 13 138
1971 15 144
1972 22 135
1973 20 139
1974 18 134
1975 18 139
1976 17 135
1977 13 147
1978 23 147
1979 17 133
1980 18 147
1981 17 139
1982 22 133
1983 26 141
1984 25 135
1985 21 140
1986 16 141
1987 22 137
1988 16 139
1989 15 142
1990 20 145
1991 24 141
1992 20 133
1993 18 133
1994 172 203
1995 176 213
1996 180 207
1997 175 210
1998 181 215
1999 177 215
2000 180 212
2001 179 209
2002 176 212
2003 172 212
2004 185 205
2005 167 209
2006 171 210
2007 182 203
2008 173 216
2009 169 206
2010 180 208
2011 167 213
2012 172 212
2013 174 207
2014 180 205
2015 179 214
2016 172 208
2017 173 203
2018 180 208
2019 176 215
2020 170 203
2021 173 211
2022 185 214
2023 180 215
2024 111 96
2025 102 113
2026 94 106
2027 94 108
2028 112 105
2029 97 113
2030 107 111
2031 101 109
2032 112 97
2033 109 108
2034 102 94
2035 109 110
2036 95 110
2037 113 104
2038 103 108
2039 112 113
2040 108 100
2041 98 101
2042 112 109
2043 102 107
2044 100 110
2045 113 102
2046 109 101
2047 102 112
2048 104 101
2049 201 79
2050 197 82
2051 186 86
2052 187 84
2053 198 85
2054 186 89
2055 194 90
2056 196 90
2057 192 86
2058 191 82
2059 190 86
2060 192 86
2061 186 83
2062 189 81
2063 200 87
2064 201 91
2065 194 90
2066 197 83
2067 192 81
2068 197 87
2069 192 83
2070 196 93
2071 197 87
2072 194 85
2073 189 83
2074 198 80
2075 195 87
2076 196 86
2077 188 85
2078 200 85
2079 89 82
2080 82 86
2081 81 92
2082 85 80
2083 85 93
2084 85 89
2085 90 80
2086 87 82
2087 93 90
2088 87 85
2089 87 90
2090 84 88
2091 84 91
2092 82 87
2093 93 81
2094 79 84
2095 83 88
2096 91 84
2097 83 86
2098 83 86
2099 93 89
2100 79 83
2101 82 79
2102 83 85
2103 29 165
2104 30 161
2105 31 166
2106 40 159
2107 45 162
2108 40 153
2109 34 159
2110 35 158
2111 46 148
2112 39 163
2113 38 154
2114 43 149
2115 44 154
2116 32 166
2117 42 160
2118 27 148
2119 30 153
2120 31 160
2121 36 151
2122 43 151
2123 39 162
2124 34 159
2125 38 158
2126 27 159
2127 34 148
2128 31 159
2129 40 153
2130 44 157
2131 31 162
2132 35 157
2133 91 124
2134 88 126
2135 87 125
2136 88 131
2137 79 130
2138 87 121
2139 85 127
2140 84 117
2141 81 114
2142 89 118
2143 87 130
2144 84 123
2145 87 117
2146 79 123
2147 85 119
2148 86 127
2149 81 126
2150 85 117
2151 82 128
2152 85 121
2153 88 115
2154 81 131
2155 89 131
2156 91 132
2157 91 121
2158 92 128
2159 88 127
2160 86 132
2161 92 115
2162 91 118
2163 75 184
2164 69 183
2165 67 185
2166 66 179
2167 70 174
2168 72 167
2169 64 174
2170 77 184
2171 66 173
2172 66 177
2173 71 167
2174 65 169
2175 72 179
2176 67 175
2177 68 176
2178 78 177
2179 67 180
2180 71 176
2181 66 170
2182 78 176
2183 68 178
2184 65 176
2185 70 175
2186 68 176
2187 78 181
2188 65 175
2189 64 175
2190 74 185
2191 72 169
2192 70 181
2193 82 200
2194 84 190
2195 87 191
2196 83 188
2197 93 190
2198 88 190
2199 81 188
2200 82 194
2201 81 186
2202 81 192
2203 93 186
2204 88 187
2205 89 189
2206 88 190
2207 90 190
2208 81 190
2209 85 190
2210 93 187
2211 82 188
2212 93 193
2213 91 197
2214 86 198
2215 86 191
2216 88 199
2217 88 186
2218 82 197
2219 93 186
2220 82 198
2221 83 188
2222 86 190
2223 179 95
2224 175 100
2225 176 113
2226 180 109
2227 175 104
2228 167 109
2229 171 111
2230 183 105
2231 176 102
2232 170 108
2233 173 102
2234 173 95
2235 177 108
2236 181 103
2237 184 113
2238 168 110
2239 184 108
2240 169 107
2241 174 105
2242 178 98
2243 168 104
2244 170 100
2245 174 99
2246 184 108
2247 168 105
2248 179 105
2249 175 109
2250 172 110
2251 183 111
2252 167 102
2253 200 138
2254 190 138
2255 201 142
2256 192 133
2257 187 139
2258 189 147
2259 196 145
2260 196 144
2261 193 145
2262 192 133
2263 188 146
2264 194 134
2265 195 133
2266 186 133
2267 201 144
2268 191 143
2269 201 143
2270 188 141
2271 194 139
2272 188 142
2273 191 146
2274 189 143
2275 191 141
2276 195 137
2277 192 136
2278 194 144
2279 186 145
2280 189 133
2281 187 138
2282 192 147
2283 52 140
2284 60 141
2285 54 137
2286 55 146
2287 47 142
2288 47 137
2289 54 136
2290 54 135
2291 56 137
2292 49 144
2293 48 147
2294 63 138
2295 60 135
2296 52 139
2297 61 138
2298 51 137
2299 55 133
2300 54 145
2301 57 147
2302 59 138
2303 63 141
2304 62 147
2305 63 141
2306 50 142
2307 51 141
2308 51 143
2309 54 146
2310 53 145
2311 61 145
2312 60 142
2313 33 231
2314 33 227
2315 30 217
2316 41 232
2317 39 218
2318 45 217
2319 44 228
2320 44 223
2321 37 217
2322 29 224
2323 32 226
2324 44 228
2325 33 231
2326 29 228
2327 37 226
2328 45 221
2329 27 234
2330 35 227
2331 40 225
2332 41 229
2333 28 234
2334 33 230
2335 28 235
2336 41 232
2337 42 217
2338 30 231
2339 36 217
2340 34 222
2341 41 234
2342 29 233
2343 109 216
2344 100 212
2345 112 205
2346 98 215
2347 95 211
2348 112 207
2349 112 209
2350 108 204
2351 101 206
2352 110 205
2353 103 213
2354 112 215
2355 109 214
2356 96 207
2357 97 209
2358 103 215
2359 96 211
2360 99 213
2361 99 211
2362 111 209
2363 104 211
2364 113 211
2365 106 204
2366 97 209
2367 105 202
2368 101 209
2369 109 203
2370 98 204
2371 96 208
2372 113 211
2373 205 23
2374 215 15
2375 212 21
2376 214 18
2377 204 14
2378 203 21
2379 210 20
2380 203 23
2381 209 13
2382 204 12
2383 215 18
2384 209 14
2385 212 14
2386 202 25
2387 205 17
2388 216 17
2389 202 13
2390 209 26
2391 211 16
2392 207 14
2393 213 13
2394 202 20
2395 207 24
2396 211 20
2397 213 26
2398 216 25
2399 202 15
2400 209 14
2401 211 13
2402 211 18
2403 26 61
2404 20 57
2405 18 58
2406 21 48
2407 18 60
2408 15 60
2409 13 50
2410 14 61
2411 18 50
2412 26 59
2413 23 63
2414 18 52
2415 21 50
2416 13 50
2417 26 53
2418 22 51
2419 15 52
2420 15 54
2421 14 51
2422 18 60
2423 14 57
2424 13 51
2425 20 60
2426 15 56
2427 22 54
2428 23 52
2429 20 57
2430 23 55
2431 12 54
2432 12 48
2433 18 1
2434 19 1
2435 13 4
2436 22 6
2437 23 6
2438 18 4
2439 19 9
2440 18 5
2441 24 9
2442 16 8
2443 24 7
2444 23 11
2445 18 7
2446 15 11
2447 17 5
2448 22 3
2449 22 10
2450 16 4
2451 22 10
2452 14 6
2453 17 6
2454 17 6
2455 26 11
2456 19 10
2457 24 5
2458 16 4
2459 15 4
2460 14 0
2461 14 11
2462 197 62
2463 201 47
2464 188 56
2465 200 63
2466 200 54
2467 198 50
2468 193 52
2469 200 48
2470 192 53
2471 190 51
2472 198 49
2473 192 51
2474 193 57
2475 188 50
2476 189 61
2477 198 48
2478 199 55
2479 190 54
2480 188 57
2481 192 50
2482 194 59
2483 186 62
2484 200 53
2485 198 51
2486 192 59
2487 191 57
2488 197 56
2489 193 60
2490 198 63
2491 193 63
2492 71 73
2493 65 68
2494 69 70
2495 69 76
2496 74 68
2497 66 71
2498 69 73
2499 68 76
2500 68 72
2501 75 69
2502 70 67
2503 73 77
2504 65 70
2505 71 67
2506 71 76
2507 76 73
2508 74 64
2509 65 78
2510 71 66
2511 66 72
2512 201 111
2513 187 99
2514 189 96
2515 195 99
2516 188 100
2517 196 102
2518 186 97
2519 187 107
2520 194 110
2521 194 110
2522 195 106
2523 198 96
2524 192 106
2525 189 94
2526 187 107
2527 200 98
2528 194 112
2529 193 109
2530 188 101
2531 186 97
2532 200 111
2533 186 96
2534 191 112
2535 194 113
2536 196 109
2537 200 100
2538 195 108
2539 186 100
2540 188 111
2541 186 111
2542 93 66
2543 83 77
2544 89 66
2545 92 69
2546 82 71
2547 88 77
2548 81 68
2549 84 69
2550 87 74
2551 84 75
2552 81 69
2553 84 64
2554 84 73
2555 90 71
2556 80 64
2557 85 75
2558 84 71
2559 90 64
2560 83 77
2561 89 68
2562 87 73
2563 89 66
2564 92 69
2565 80 74
2566 88 75
2567 84 70
2568 81 71
2569 84 72
2570 82 74
2571 84 75
2572 4 71
2573 4 66
2574 4 78
2575 5 77
2576 6 65
2577 5 70
2578 7 65
2579 7 75
2580 9 65
2581 11 66
2582 1 70
2583 10 65
2584 9 78
2585 10 68
2586 5 69
2587 3 71
2588 11 70
2589 4 75
2590 0 69
2591 2 71
2592 2 73
2593 7 77
2594 1 77
2595 1 71
2596 6 74
2597 9 75
2598 3 67
2599 10 69
2600 11 78
2601 0 71
2602 101 80
2603 94 89
2604 103 92
2605 98 79
2606 106 89
2607 112 80
2608 112 91
2609 95 84
2610 105 87
2611 96 93
2612 109 88
2613 101 90
2614 106 83
2615 95 86
2616 95 91
2617 105 88
2618 110 92
2619 98 80
2620 107 86
2621 94 88
2622 105 86
2623 95 87
2624 98 81
2625 101 89
2626 108 86
2627 100 82
2628 96 93
2629 99 82
2630 107 84
2631 113 79
2632 151 27
2633 157 30
2634 150 27
2635 162 46
2636 159 37
2637 148 27
2638 158 36
2639 166 32
2640 165 35
2641 150 30
2642 150 45
2643 156 42
2644 157 35
2645 158 32
2646 156 42
2647 163 42
2648 159 45
2649 161 41
2650 159 31
2651 166 43
2652 166 39
2653 164 43
2654 149 38
2655 150 45
2656 158 34
2657 163 34
2658 148 40
2659 149 44
2660 148 37
2661 156 46
2662 86 127
2663 93 118
2664 81 119
2665 82 123
2666 86 125
2667 83 125
2668 88 130
2669 82 122
2670 88 117
2671 91 131
2672 93 130
2673 92 116
2674 88 118
2675 85 124
2676 83 121
2677 91 130
2678 89 130
2679 93 130
2680 93 122
2681 85 123
2682 79 123
2683 86 126
2684 84 126
2685 81 132
2686 93 128
2687 91 118
2688 84 126
2689 93 122
2690 83 132
2691 80 132
2692 94 201
2693 109 193
2694 103 186
2695 101 187
2696 97 198
2697 103 197
2698 96 196
2699 95 199
2700 108 196
2701 109 186
2702 102 189
2703 113 187
2704 98 192
2705 105 195
2706 98 197
2707 96 199
2708 96 197
2709 102 201
2710 106 197
2711 95 199
2712 104 186
2713 100 200
2714 104 188
2715 103 199
2716 100 201
2717 97 189
2718 98 189
2719 108 200
2720 103 200
2721 96 188
2722 62 74
2723 51 72
2724 50 71
2725 63 74
2726 54 68
2727 49 66
2728 58 72
2729 49 66
2730 54 77
2731 57 73
2732 60 71
2733 53 73
2734 50 68
2735 55 75
2736 63 75
2737 63 77
2738 48 78
2739 49 74
2740 61 71
2741 49 76
2742 61 70
2743 60 70
2744 59 74
2745 56 68
2746 49 74
2747 63 66
2748 51 72
2749 56 78
2750 61 72
2751 47 71
2752 84 68
2753 89 75
2754 92 78
2755 81 75
2756 79 69
2757 80 77
2758 84 77
2759 82 72
2760 89 66
2761 89 72
2762 90 76
2763 81 71
2764 85 76
2765 86 68
2766 91 72
2767 89 70
2768 81 78
2769 82 77
2770 84 73
2771 81 76
2772 88 74
2773 90 77
2774 93 76
2775 88 70
2776 81 71
2777 83 64
2778 84 65
2779 80 76
2780 88 68
2781 91 77
2782 126 33
2783 126 39
2784 125 33
2785 114 31
2786 117 37
2787 123 37
2788 117 39
2789 124 44
2790 116 46
2791 121 43
2792 125 45
2793 132 31
2794 121 44
2795 129 40
2796 114 42
2797 117 29
2798 118 33
2799 127 40
2800 115 35
2801 128 28
2802 122 45
2803 119 28
2804 121 37
2805 128 34
2806 119 43
2807 122 39
2808 120 45
2809 132 28
2810 123 30
2811 126 28
2812 43 37
2813 40 35
2814 43 40
2815 38 45
2816 40 32
2817 33 44
2818 41 40
2819 37 30
2820 45 37
2821 30 39
2822 43 36
2823 42 45
2824 36 39
2825 29 39
2826 35 45
2827 44 43
2828 44 29
2829 33 35
2830 46 39
2831 89 208
2832 86 207
2833 90 205
2834 84 209
2835 91 214
2836 81 215
2837 91 216
2838 93 211
2839 90 213
2840 84 209
2841 86 207
2842 85 203
2843 86 208
2844 91 208
2845 85 212
2846 79 203
2847 87 208
2848 88 210
2849 91 215
2850 87 211
2851 84 216
2852 79 211
2853 84 213
2854 82 206
2855 84 202
2856 84 205
2857 92 211
2858 86 212
2859 91 212
2860 85 212
2861 120 194
2862 122 199
2863 121 189
2864 131 193
2865 124 200
2866 129 192
2867 123 197
2868 118 191
2869 117 186
2870 126 194
2871 123 193
2872 127 201
2873 129 188
2874 132 190
2875 122 192
2876 116 186
2877 119 200
2878 127 186
2879 132 198
2880 126 194
2881 128 201
2882 127 193
2883 117 198
2884 114 189
2885 121 191
2886 120 192
2887 124 198
2888 114 196
2889 132 201
2890 130 188
