251 274 10 2979
0 6
1 7
2 7
3 12
4 7
5 8
6 9
7 9
8 9
9 6
10 9
11 10
12 3
13 3
14 3
15 3
16 4
17 4
18 3
19 3
20 3
21 3
22 6
23 3
24 3
25 4
26 3
27 4
28 3
29 3
30 3
31 4
32 3
33 4
34 3
35 3
36 4
37 3
38 3
39 3
40 4
41 3
42 3
43 5
44 5
45 3
46 4
47 5
48 3
49 3
50 3
51 3
52 3
53 3
54 3
55 3
56 3
57 3
58 3
59 3
60 3
61 3
62 3
63 3
64 3
65 3
66 4
67 3
68 3
69 3
70 3
71 3
72 4
73 3
74 3
75 5
76 3
77 3
78 3
79 5
80 5
81 5
82 3
83 3
84 4
85 3
86 4
87 3
88 3
89 3
90 4
91 3
92 3
93 5
94 3
95 4
96 3
97 3
98 5
99 3
100 3
101 3
102 3
103 3
104 3
105 3
106 3
107 5
108 6
109 3
110 3
111 5
112 3
113 3
114 4
115 3
116 5
117 3
118 3
119 3
120 3
121 3
122 3
123 3
124 4
125 3
126 3
127 3
128 3
129 5
130 3
131 3
132 3
133 3
134 3
135 3
136 3
137 3
138 3
139 3
140 4
141 4
142 5
143 3
144 3
145 3
146 4
147 3
148 4
149 4
150 3
151 3
152 3
153 3
154 3
155 3
156 4
157 3
158 5
159 3
160 4
161 3
162 4
163 3
164 3
165 4
166 3
167 4
168 3
169 3
170 3
171 3
172 3
173 4
174 3
175 5
176 3
177 3
178 3
179 5
180 5
181 3
182 3
183 4
184 4
185 3
186 6
187 4
188 4
189 3
190 3
191 3
192 3
193 3
194 3
195 4
196 3
197 3
198 4
199 3
200 3
201 4
202 3
203 3
204 3
205 4
206 3
207 4
208 3
209 3
210 3
211 3
212 3
213 3
214 3
215 6
216 4
217 3
218 3
219 3
220 3
221 4
222 3
223 6
224 3
225 3
226 4
227 3
228 3
229 3
230 3
231 3
232 5
233 3
234 3
235 3
236 3
237 3
238 4
239 3
240 3
241 3
242 4
243 3
244 3
245 3
246 3
247 3
248 3
249 3
250 3
0 0 3
1 0 4
2 0 6
3 0 60
4 1 6
5 1 8
6 1 9
7 1 10
8 1 127
9 2 3
10 2 8
11 2 9
12 2 10
13 2 11
14 2 95
15 2 143
16 3 4
17 3 5
18 3 6
19 3 7
20 3 9
21 3 10
22 3 28
23 3 212
24 4 5
25 4 6
26 4 10
27 4 11
28 5 6
29 5 7
30 5 8
31 5 194
32 6 8
33 6 10
34 6 11
35 7 8
36 7 10
37 7 11
38 7 43
39 7 159
40 7 231
41 8 10
42 8 11
43 8 76
44 9 11
45 9 12
46 10 11
47 10 175
48 11 111
49 12 22
50 13 15
51 14 25
52 15 24
53 16 20
54 16 22
55 17 19
56 17 22
57 18 25
58 19 23
59 21 26
60 22 27
61 23 25
62 24 27
63 26 27
64 28 33
65 28 40
66 29 38
67 30 35
68 30 38
69 31 32
70 31 36
71 32 40
72 33 41
73 34 42
74 35 37
75 36 39
76 38 40
77 39 42
78 43 49
79 43 48
80 44 51
81 44 55
82 44 50
83 45 47
84 46 48
85 46 47
86 47 59
87 48 54
88 50 56
89 50 54
90 52 58
91 52 53
92 53 57
93 54 57
94 60 63
95 60 71
96 61 75
97 62 70
98 62 74
99 63 64
100 65 68
101 66 71
102 66 72
103 67 68
104 67 74
105 67 71
106 68 73
107 69 75
108 72 75
109 76 80
110 77 84
111 77 79
112 78 80
113 78 93
114 79 92
115 79 86
116 80 86
117 81 82
118 81 91
119 81 86
120 82 89
121 83 94
122 84 85
123 87 90
124 88 93
125 90 93
126 93 94
127 95 97
128 95 100
129 96 107
130 96 98
131 98 99
132 98 100
133 98 108
134 101 106
135 101 108
136 102 103
137 102 107
138 104 105
139 104 108
140 107 109
141 108 110
142 111 119
143 111 116
144 112 119
145 113 114
146 114 122
147 114 116
148 115 122
149 116 120
150 116 124
151 117 125
152 118 121
153 121 123
154 123 126
155 124 125
156 124 126
157 127 132
158 127 142
159 128 138
160 129 130
161 129 139
162 129 140
163 129 142
164 131 134
165 131 132
166 133 140
167 135 136
168 135 141
169 137 140
170 138 140
171 141 142
172 143 149
173 144 158
174 145 156
175 145 158
176 146 149
177 146 153
178 147 155
179 147 156
180 148 154
181 148 151
182 149 151
183 150 158
184 151 152
185 153 156
186 154 157
187 159 169
188 159 172
189 160 168
190 160 161
191 160 174
192 161 164
193 162 163
194 162 165
195 162 166
196 164 173
197 165 171
198 166 174
199 167 170
200 167 173
201 172 174
202 175 186
203 175 193
204 176 178
205 177 188
206 178 184
207 179 187
208 179 180
209 179 186
210 180 188
211 180 183
212 181 187
213 182 185
214 183 184
215 184 192
216 185 189
217 186 189
218 186 191
219 190 191
220 194 198
221 194 204
222 195 200
223 195 197
224 196 207
225 197 204
226 197 211
227 198 207
228 199 206
229 200 202
230 201 210
231 201 208
232 202 208
233 203 205
234 204 205
235 206 210
236 209 210
237 212 215
238 213 226
239 213 222
240 214 215
241 214 221
242 215 227
243 215 222
244 216 225
245 216 218
246 217 223
247 218 223
248 219 223
249 220 228
250 221 224
251 223 226
252 224 229
253 224 230
254 226 228
255 231 233
256 231 239
257 232 237
258 232 242
259 232 240
260 233 245
261 234 246
262 235 244
263 235 239
264 235 246
265 236 246
266 236 238
267 236 250
268 238 240
269 241 249
270 241 242
271 243 245
272 244 247
273 245 248
0 204 163
1 200 169
2 199 166
3 201 172
4 206 169
5 199 168
6 210 165
7 209 169
8 197 165
9 207 170
10 195 172
11 197 173
12 199 163
13 203 164
14 197 171
15 198 163
16 207 167
17 202 165
18 194 165
19 206 163
20 209 162
21 210 167
22 205 162
23 206 173
24 204 169
25 209 159
26 211 164
27 196 161
28 197 171
29 198 163
30 109 225
31 95 221
32 97 219
33 95 212
34 96 227
35 105 214
36 104 215
37 97 219
38 98 230
39 107 227
40 96 229
41 98 224
42 110 224
43 99 228
44 102 214
45 98 226
46 102 220
47 104 227
48 109 213
49 101 228
50 106 221
51 109 230
52 106 222
53 102 213
54 95 225
55 103 220
56 101 216
57 105 218
58 97 218
59 108 227
60 7 19
61 5 13
62 3 19
63 11 21
64 4 24
65 2 26
66 8 27
67 5 15
68 8 13
69 10 13
70 4 17
71 4 12
72 5 15
73 3 15
74 6 19
75 5 24
76 10 24
77 10 12
78 1 24
79 10 18
80 0 22
81 7 12
82 10 22
83 0 27
84 5 14
85 3 22
86 2 17
87 0 24
88 0 12
89 141 126
90 129 117
91 132 120
92 141 125
93 137 122
94 132 114
95 133 113
96 140 119
97 127 119
98 141 111
99 137 113
100 132 121
101 132 116
102 137 119
103 138 119
104 142 124
105 129 112
106 133 111
107 128 123
108 130 126
109 127 124
110 142 112
111 127 122
112 127 115
113 136 114
114 139 111
115 142 118
116 137 124
117 129 112
118 133 111
119 80 62
120 84 61
121 76 60
122 94 75
123 85 61
124 82 69
125 81 74
126 87 71
127 78 74
128 91 73
129 91 63
130 88 72
131 86 66
132 78 62
133 93 75
134 80 66
135 93 73
136 84 66
137 79 62
138 86 70
139 86 72
140 76 65
141 93 62
142 83 60
143 85 71
144 93 60
145 91 72
146 83 75
147 77 68
148 81 74
149 181 117
150 180 114
151 183 117
152 185 112
153 181 111
154 190 121
155 182 118
156 185 125
157 180 123
158 176 113
159 181 115
160 189 116
161 181 119
162 179 124
163 191 126
164 178 117
165 187 115
166 182 121
167 178 123
168 188 126
169 185 122
170 191 115
171 191 111
172 191 119
173 175 116
174 193 124
175 189 123
176 192 116
177 185 114
178 190 112
179 190 126
180 193 122
181 183 111
182 176 117
183 185 119
184 176 113
185 190 116
186 188 111
187 176 121
188 186 116
189 189 126
190 177 118
191 186 122
192 183 119
193 190 120
194 175 122
195 177 123
196 189 121
197 188 113
198 177 118
199 187 121
200 182 126
201 187 126
202 176 111
203 182 113
204 179 124
205 180 124
206 186 117
207 179 118
208 177 120
209 26 32
210 17 38
211 23 34
212 12 42
213 17 37
214 19 38
215 16 36
216 22 33
217 15 30
218 24 33
219 23 28
220 24 36
221 15 35
222 24 37
223 14 33
224 24 33
225 17 41
226 18 30
227 21 29
228 20 39
229 23 29
230 24 28
231 26 38
232 24 31
233 19 41
234 15 33
235 13 41
236 21 29
237 26 35
238 26 30
239 34 176
240 36 193
241 36 186
242 38 178
243 30 175
244 39 185
245 33 175
246 36 183
247 34 193
248 34 192
249 40 187
250 37 182
251 42 181
252 32 192
253 40 189
254 35 176
255 42 175
256 29 180
257 38 176
258 35 184
259 36 192
260 40 187
261 38 186
262 34 193
263 42 192
264 31 182
265 38 185
266 34 179
267 29 183
268 34 186
269 171 79
270 162 80
271 165 92
272 162 91
273 172 84
274 172 82
275 174 88
276 162 88
277 162 77
278 166 85
279 172 94
280 160 81
281 174 86
282 169 90
283 159 82
284 171 83
285 166 79
286 162 76
287 172 90
288 164 89
289 167 88
290 162 78
291 165 77
292 160 89
293 168 88
294 164 91
295 171 85
296 164 82
297 165 86
298 159 78
299 201 95
300 200 96
301 197 95
302 196 106
303 211 102
304 206 108
305 207 100
306 199 106
307 204 98
308 204 106
309 209 108
310 194 110
311 200 95
312 203 95
313 197 102
314 210 98
315 208 105
316 211 105
317 196 109
318 197 105
319 197 110
320 196 102
321 196 108
322 200 96
323 202 107
324 198 95
325 205 109
326 200 102
327 207 96
328 197 105
329 165 155
330 173 148
331 160 150
332 167 146
333 173 145
334 169 147
335 171 149
336 168 149
337 167 151
338 172 152
339 169 149
340 159 153
341 168 150
342 170 146
343 163 155
344 167 148
345 171 145
346 171 158
347 167 151
348 168 145
349 173 150
350 162 152
351 172 155
352 172 147
353 164 147
354 174 153
355 163 146
356 169 149
357 161 158
358 160 152
359 168 107
360 173 102
361 168 96
362 169 100
363 172 100
364 164 105
365 161 98
366 173 110
367 170 110
368 163 109
369 174 97
370 160 103
371 161 104
372 163 109
373 161 106
374 164 96
375 159 108
376 166 106
377 173 106
378 171 105
379 164 107
380 161 109
381 172 103
382 167 110
383 173 98
384 172 100
385 171 102
386 170 107
387 173 108
388 161 107
389 10 199
390 1 197
391 10 200
392 3 199
393 0 198
394 1 200
395 1 194
396 11 202
397 2 204
398 11 197
399 5 197
400 0 199
401 9 202
402 9 196
403 1 202
404 6 207
405 9 202
406 8 197
407 6 202
408 8 208
409 7 195
410 6 199
411 9 197
412 3 196
413 6 198
414 10 197
415 2 208
416 1 202
417 4 202
418 3 198
419 248 147
420 240 151
421 237 143
422 232 154
423 234 157
424 237 152
425 241 146
426 238 144
427 239 154
428 232 146
429 237 146
430 241 147
431 239 158
432 250 149
433 246 157
434 237 147
435 238 150
436 243 155
437 245 151
438 238 145
439 244 157
440 245 143
441 238 153
442 237 147
443 243 156
444 249 143
445 246 158
446 232 145
447 250 152
448 248 156
449 12 207
450 14 203
451 21 210
452 18 207
453 20 208
454 17 194
455 13 208
456 20 202
457 17 194
458 14 206
459 21 202
460 19 206
461 14 209
462 26 194
463 14 202
464 26 195
465 13 204
466 22 209
467 23 210
468 16 211
469 13 195
470 20 207
471 20 202
472 15 204
473 23 196
474 14 201
475 15 201
476 25 197
477 20 208
478 25 206
479 95 199
480 108 199
481 102 203
482 97 196
483 105 210
484 110 207
485 102 196
486 109 207
487 99 209
488 96 205
489 96 201
490 110 197
491 96 210
492 101 204
493 109 205
494 106 207
495 95 209
496 102 200
497 96 201
498 102 199
499 103 204
500 103 198
501 110 211
502 95 204
503 96 202
504 97 199
505 104 211
506 104 204
507 109 202
508 103 196
509 188 198
510 192 209
511 184 205
512 188 208
513 190 198
514 178 204
515 181 198
516 176 208
517 177 204
518 182 199
519 188 202
520 178 209
521 184 197
522 191 202
523 175 200
524 189 205
525 184 204
526 176 210
527 190 203
528 177 197
529 192 199
530 175 197
531 182 205
532 190 208
533 185 207
534 183 194
535 176 211
536 187 202
537 187 198
538 176 210
539 100 234
540 95 233
541 96 238
542 106 236
543 105 233
544 109 234
545 103 245
546 106 233
547 104 246
548 102 232
549 98 234
550 108 238
551 103 233
552 107 239
553 108 240
554 105 233
555 97 238
556 101 246
557 107 244
558 107 236
559 109 239
560 97 247
561 107 239
562 98 246
563 96 241
564 102 244
565 100 248
566 98 235
567 103 238
568 100 238
569 195 126
570 196 114
571 204 123
572 201 126
573 207 117
574 201 111
575 200 117
576 206 123
577 203 115
578 198 112
579 196 111
580 208 112
581 206 121
582 196 115
583 196 116
584 195 119
585 199 126
586 208 112
587 210 116
588 194 121
589 207 121
590 205 117
591 208 116
592 205 119
593 207 122
594 204 124
595 201 125
596 194 116
597 198 117
598 195 124
599 239 0
600 246 10
601 244 3
602 243 4
603 239 11
604 237 7
605 239 4
606 249 11
607 240 3
608 241 6
609 245 7
610 249 2
611 241 1
612 232 11
613 250 4
614 237 2
615 245 4
616 248 7
617 243 0
618 238 4
619 235 4
620 234 9
621 236 2
622 245 6
623 241 5
624 244 0
625 247 0
626 248 8
627 239 6
628 107 29
629 99 37
630 105 32
631 106 41
632 95 35
633 101 33
634 100 37
635 105 36
636 110 31
637 110 30
638 110 30
639 97 41
640 109 32
641 104 42
642 99 34
643 101 32
644 103 42
645 101 38
646 100 30
647 97 31
648 107 38
649 96 28
650 110 39
651 106 30
652 109 36
653 98 37
654 110 42
655 109 38
656 104 39
657 100 33
658 148 139
659 154 141
660 147 133
661 154 137
662 148 134
663 148 137
664 158 142
665 145 141
666 147 136
667 155 140
668 157 129
669 157 132
670 149 132
671 158 140
672 156 130
673 145 133
674 156 127
675 156 128
676 147 132
677 147 138
678 152 128
679 147 131
680 144 141
681 150 131
682 150 139
683 156 134
684 155 141
685 155 139
686 153 127
687 147 129
688 111 203
689 117 209
690 116 196
691 116 206
692 121 208
693 125 198
694 118 205
695 116 206
696 115 201
697 116 205
698 122 207
699 126 200
700 117 198
701 114 203
702 119 194
703 124 206
704 119 199
705 120 207
706 116 197
707 116 198
708 120 207
709 121 196
710 120 204
711 121 208
712 117 210
713 125 196
714 115 196
715 115 198
716 113 204
717 116 197
718 124 237
719 125 246
720 118 234
721 120 242
722 126 239
723 111 243
724 112 246
725 117 246
726 121 234
727 125 241
728 122 246
729 112 237
730 116 232
731 124 235
732 116 233
733 118 245
734 115 235
735 125 248
736 118 243
737 121 241
738 119 248
739 116 232
740 111 246
741 121 245
742 122 245
743 118 241
744 124 231
745 122 237
746 126 237
747 111 247
748 71 188
749 65 187
750 60 193
751 64 180
752 74 182
753 71 185
754 64 190
755 70 184
756 61 185
757 74 184
758 65 186
759 70 178
760 68 192
761 73 187
762 69 189
763 65 193
764 71 183
765 69 183
766 63 177
767 67 189
768 75 179
769 63 175
770 61 193
771 62 183
772 64 186
773 67 179
774 68 191
775 74 185
776 67 180
777 69 178
778 180 205
779 192 196
780 175 202
781 184 209
782 184 206
783 193 202
784 192 208
785 183 204
786 176 203
787 177 203
788 182 199
789 181 200
790 189 201
791 186 197
792 181 206
793 179 207
794 182 208
795 191 208
796 190 194
797 180 206
798 175 196
799 181 210
800 177 198
801 175 198
802 192 200
803 176 199
804 181 208
805 178 205
806 192 209
807 188 209
808 73 38
809 60 39
810 69 36
811 60 37
812 68 32
813 74 32
814 72 30
815 74 41
816 66 36
817 72 29
818 65 33
819 70 33
820 75 28
821 66 40
822 75 35
823 71 28
824 72 40
825 71 42
826 63 41
827 66 42
828 73 38
829 67 39
830 60 42
831 61 39
832 62 35
833 63 31
834 74 34
835 65 34
836 66 28
837 71 41
838 15 206
839 23 207
840 23 199
841 20 207
842 17 207
843 13 203
844 12 197
845 20 198
846 24 211
847 13 196
848 21 205
849 12 194
850 15 195
851 13 210
852 21 201
853 26 196
854 12 197
855 21 207
856 19 202
857 15 195
858 19 204
859 15 204
860 17 203
861 19 202
862 12 197
863 12 207
864 23 197
865 15 205
866 14 207
867 20 199
868 32 245
869 42 238
870 33 235
871 41 237
872 38 245
873 40 231
874 36 246
875 38 239
876 32 235
877 28 239
878 34 244
879 30 248
880 41 237
881 41 232
882 34 242
883 32 247
884 36 248
885 38 246
886 36 249
887 42 231
888 30 233
889 33 250
890 32 245
891 37 244
892 38 240
893 29 233
894 38 233
895 35 243
896 42 239
897 33 233
898 220 116
899 219 120
900 219 123
901 227 122
902 215 126
903 218 124
904 215 113
905 229 111
906 218 115
907 225 114
908 220 119
909 225 118
910 217 119
911 224 119
912 216 111
913 214 117
914 217 118
915 214 111
916 218 115
917 229 117
918 224 120
919 216 118
920 229 124
921 219 122
922 217 117
923 227 120
924 226 121
925 227 114
926 220 113
927 230 119
928 75 155
929 74 144
930 61 158
931 71 157
932 66 154
933 75 144
934 70 157
935 75 147
936 73 151
937 70 148
938 65 149
939 69 153
940 66 155
941 73 151
942 67 156
943 75 148
944 64 152
945 64 152
946 73 157
947 70 152
948 66 151
949 63 148
950 68 144
951 63 145
952 73 148
953 71 153
954 67 148
955 70 147
956 74 158
957 73 153
958 160 143
959 159 149
960 171 153
961 161 145
962 163 156
963 169 157
964 169 154
965 168 147
966 159 145
967 174 147
968 167 152
969 165 148
970 162 144
971 173 157
972 170 146
973 165 156
974 162 149
975 163 148
976 174 154
977 165 154
978 169 144
979 168 150
980 172 148
981 163 145
982 167 146
983 165 155
984 174 151
985 166 144
986 174 149
987 171 144
988 43 175
989 56 193
990 43 180
991 48 184
992 50 180
993 57 192
994 56 185
995 59 190
996 57 186
997 55 182
998 51 191
999 53 181
1000 46 185
1001 54 181
1002 49 177
1003 52 175
1004 44 190
1005 56 192
1006 47 182
1007 54 186
1008 59 178
1009 58 193
1010 48 176
1011 46 193
1012 43 189
1013 50 186
1014 52 177
1015 44 190
1016 59 184
1017 52 191
1018 228 35
1019 217 40
1020 221 34
1021 216 30
1022 228 33
1023 227 33
1024 217 31
1025 219 42
1026 230 34
1027 222 33
1028 230 30
1029 218 37
1030 217 39
1031 220 39
1032 223 35
1033 216 40
1034 212 34
1035 226 32
1036 213 38
1037 230 32
1038 225 28
1039 216 33
1040 218 42
1041 221 34
1042 226 29
1043 212 31
1044 214 37
1045 223 35
1046 229 32
1047 216 29
1048 12 55
1049 20 50
1050 16 51
1051 18 48
1052 25 57
1053 12 56
1054 18 59
1055 12 46
1056 26 46
1057 25 47
1058 16 45
1059 22 57
1060 18 49
1061 15 53
1062 19 47
1063 12 52
1064 13 56
1065 12 48
1066 15 44
1067 13 50
1068 20 53
1069 26 46
1070 26 55
1071 16 45
1072 27 49
1073 20 45
1074 16 52
1075 12 46
1076 13 55
1077 22 50
1078 106 1
1079 107 5
1080 99 10
1081 100 0
1082 100 4
1083 110 2
1084 103 9
1085 107 6
1086 109 5
1087 102 6
1088 99 9
1089 99 8
1090 103 9
1091 102 2
1092 107 8
1093 102 9
1094 98 11
1095 106 4
1096 96 4
1097 104 7
1098 95 0
1099 98 4
1100 99 1
1101 102 8
1102 108 0
1103 100 3
1104 99 4
1105 109 5
1106 106 9
1107 97 11
1108 195 224
1109 203 216
1110 201 217
1111 208 223
1112 206 213
1113 207 215
1114 209 223
1115 197 214
1116 194 228
1117 200 226
1118 202 223
1119 209 229
1120 210 226
1121 200 227
1122 211 220
1123 203 225
1124 205 224
1125 204 218
1126 211 216
1127 195 224
1128 201 214
1129 210 223
1130 203 216
1131 210 226
1132 199 230
1133 210 220
1134 208 214
1135 199 228
1136 201 213
1137 205 223
1138 219 204
1139 213 207
1140 222 204
1141 217 210
1142 230 198
1143 230 202
1144 218 197
1145 220 203
1146 213 210
1147 220 210
1148 225 199
1149 227 211
1150 216 208
1151 213 197
1152 222 200
1153 228 209
1154 216 211
1155 227 206
1156 212 205
1157 229 198
1158 225 210
1159 214 200
1160 223 198
1161 218 194
1162 227 195
1163 226 201
1164 230 197
1165 221 198
1166 218 207
1167 218 207
1168 15 159
1169 14 168
1170 15 172
1171 15 163
1172 25 166
1173 16 166
1174 23 173
1175 15 174
1176 23 165
1177 23 171
1178 25 172
1179 14 160
1180 27 164
1181 23 161
1182 12 174
1183 27 171
1184 18 169
1185 22 163
1186 27 164
1187 27 159
1188 16 173
1189 15 170
1190 18 165
1191 27 162
1192 22 163
1193 13 166
1194 17 165
1195 18 171
1196 25 170
1197 18 166
1198 128 0
1199 139 3
1200 138 4
1201 129 8
1202 128 11
1203 139 7
1204 138 3
1205 129 11
1206 139 7
1207 142 3
1208 132 7
1209 132 5
1210 138 11
1211 142 11
1212 134 1
1213 134 5
1214 130 8
1215 134 0
1216 142 8
1217 139 1
1218 129 8
1219 138 10
1220 139 8
1221 133 3
1222 141 6
1223 140 0
1224 127 2
1225 41 141
1226 31 139
1227 30 135
1228 33 135
1229 30 129
1230 36 129
1231 30 131
1232 41 129
1233 34 131
1234 38 130
1235 38 134
1236 42 131
1237 33 137
1238 37 133
1239 33 127
1240 40 131
1241 33 141
1242 36 135
1243 40 133
1244 31 128
1245 28 129
1246 31 136
1247 39 137
1248 31 142
1249 41 127
1250 34 136
1251 40 137
1252 32 134
1253 33 142
1254 40 133
1255 163 11
1256 170 8
1257 165 6
1258 164 6
1259 174 4
1260 166 6
1261 165 5
1262 165 3
1263 174 1
1264 163 6
1265 170 7
1266 165 5
1267 170 11
1268 170 7
1269 161 5
1270 166 9
1271 173 4
1272 170 0
1273 165 3
1274 169 8
1275 161 7
1276 161 8
1277 161 6
1278 160 7
1279 164 9
1280 159 2
1281 162 10
1282 162 11
1283 161 4
1284 172 1
1285 55 35
1286 53 42
1287 55 34
1288 56 42
1289 51 31
1290 45 33
1291 48 39
1292 44 40
1293 43 32
1294 46 31
1295 48 30
1296 51 30
1297 55 42
1298 43 32
1299 49 37
1300 48 41
1301 48 38
1302 56 41
1303 45 37
1304 43 30
1305 50 42
1306 56 31
1307 49 40
1308 59 36
1309 44 28
1310 47 31
1311 45 32
1312 51 42
1313 54 39
1314 50 34
1315 79 10
1316 83 7
1317 78 9
1318 79 4
1319 79 2
1320 85 8
1321 91 1
1322 84 9
1323 84 7
1324 86 7
1325 83 2
1326 92 1
1327 91 11
1328 76 9
1329 83 3
1330 90 1
1331 80 11
1332 87 0
1333 79 7
1334 80 1
1335 90 7
1336 79 4
1337 91 7
1338 80 7
1339 86 4
1340 77 11
1341 77 7
1342 82 1
1343 22 238
1344 21 242
1345 17 233
1346 18 231
1347 27 250
1348 26 243
1349 26 241
1350 21 243
1351 14 241
1352 19 236
1353 18 240
1354 17 234
1355 18 249
1356 16 245
1357 14 243
1358 22 233
1359 19 250
1360 22 249
1361 16 246
1362 20 250
1363 18 237
1364 22 234
1365 22 247
1366 15 237
1367 19 240
1368 14 231
1369 19 250
1370 27 234
1371 12 240
1372 18 242
1373 245 42
1374 244 34
1375 243 30
1376 236 30
1377 244 40
1378 245 37
1379 232 38
1380 247 34
1381 234 41
1382 250 29
1383 248 40
1384 233 40
1385 248 39
1386 231 31
1387 246 40
1388 246 41
1389 245 29
1390 250 37
1391 233 37
1392 235 31
1393 249 35
1394 237 28
1395 240 37
1396 249 36
1397 233 28
1398 236 31
1399 247 33
1400 247 39
1401 246 36
1402 242 35
1403 18 183
1404 24 179
1405 22 185
1406 21 189
1407 26 188
1408 25 190
1409 17 175
1410 15 183
1411 26 191
1412 15 180
1413 15 176
1414 20 182
1415 25 180
1416 26 182
1417 22 182
1418 18 180
1419 21 180
1420 26 190
1421 13 192
1422 23 177
1423 21 192
1424 23 191
1425 14 176
1426 21 182
1427 26 182
1428 20 183
1429 18 187
1430 18 175
1431 21 187
1432 21 185
1433 7 217
1434 8 220
1435 4 223
1436 10 224
1437 5 218
1438 9 216
1439 10 223
1440 8 217
1441 3 221
1442 6 224
1443 8 230
1444 1 221
1445 10 226
1446 7 227
1447 8 225
1448 3 227
1449 3 227
1450 8 224
1451 8 224
1452 6 219
1453 1 218
1454 1 223
1455 8 228
1456 6 229
1457 3 218
1458 9 220
1459 1 227
1460 3 213
1461 8 217
1462 4 216
1463 190 25
1464 181 21
1465 186 14
1466 187 16
1467 193 21
1468 175 18
1469 187 13
1470 184 17
1471 177 20
1472 182 15
1473 176 13
1474 179 21
1475 185 23
1476 176 22
1477 179 17
1478 186 24
1479 176 19
1480 185 16
1481 179 14
1482 175 16
1483 189 22
1484 190 27
1485 192 20
1486 180 24
1487 185 21
1488 192 15
1489 182 22
1490 176 16
1491 191 20
1492 178 21
1493 71 234
1494 60 235
1495 74 246
1496 67 245
1497 66 239
1498 63 231
1499 66 245
1500 75 239
1501 75 234
1502 61 247
1503 66 245
1504 64 233
1505 72 247
1506 71 236
1507 64 231
1508 68 238
1509 62 233
1510 69 244
1511 61 238
1512 64 249
1513 62 237
1514 75 235
1515 63 240
1516 60 242
1517 61 237
1518 69 240
1519 64 240
1520 70 244
1521 71 249
1522 73 247
1523 2 23
1524 1 22
1525 5 18
1526 8 21
1527 11 15
1528 2 22
1529 11 16
1530 0 22
1531 5 16
1532 10 22
1533 10 12
1534 10 16
1535 6 17
1536 10 13
1537 10 18
1538 7 22
1539 0 22
1540 6 18
1541 8 13
1542 8 17
1543 4 24
1544 10 23
1545 5 12
1546 5 13
1547 2 26
1548 11 16
1549 6 24
1550 9 24
1551 1 21
1552 2 16
1553 233 67
1554 233 71
1555 245 65
1556 233 73
1557 241 72
1558 233 71
1559 239 74
1560 233 73
1561 235 63
1562 236 64
1563 236 69
1564 242 74
1565 236 60
1566 246 65
1567 235 62
1568 234 60
1569 235 73
1570 234 62
1571 239 65
1572 238 72
1573 243 61
1574 250 60
1575 237 72
1576 246 68
1577 245 72
1578 246 62
1579 233 65
1580 246 64
1581 242 61
1582 248 65
1583 166 117
1584 170 117
1585 166 120
1586 160 111
1587 160 111
1588 161 119
1589 167 120
1590 161 125
1591 166 117
1592 163 118
1593 161 120
1594 169 118
1595 159 122
1596 170 122
1597 161 116
1598 159 111
1599 159 119
1600 168 114
1601 169 119
1602 173 124
1603 173 116
1604 174 126
1605 161 126
1606 159 114
1607 174 116
1608 173 117
1609 162 115
1610 161 117
1611 166 121
1612 160 120
1613 3 86
1614 6 80
1615 0 77
1616 0 76
1617 7 78
1618 6 88
1619 10 80
1620 11 81
1621 2 91
1622 7 81
1623 10 94
1624 5 88
1625 4 81
1626 9 76
1627 10 77
1628 9 87
1629 0 89
1630 1 83
1631 11 89
1632 1 87
1633 8 90
1634 1 83
1635 5 80
1636 5 94
1637 1 92
1638 0 82
1639 4 82
1640 4 77
1641 9 90
1642 21 121
1643 23 118
1644 26 120
1645 25 114
1646 15 111
1647 12 123
1648 16 113
1649 18 121
1650 20 120
1651 26 123
1652 13 113
1653 19 114
1654 25 117
1655 19 111
1656 27 117
1657 21 112
1658 18 118
1659 18 123
1660 17 125
1661 15 125
1662 20 115
1663 25 113
1664 16 117
1665 16 122
1666 20 122
1667 19 125
1668 16 119
1669 21 126
1670 17 122
1671 16 116
1672 242 41
1673 240 33
1674 232 35
1675 250 38
1676 238 33
1677 236 32
1678 231 38
1679 239 39
1680 244 35
1681 231 33
1682 237 31
1683 244 38
1684 249 41
1685 246 41
1686 233 35
1687 240 37
1688 237 34
1689 248 34
1690 235 39
1691 238 38
1692 237 34
1693 244 37
1694 233 38
1695 236 32
1696 232 38
1697 231 33
1698 248 39
1699 250 42
1700 245 35
1701 249 33
1702 201 98
1703 207 96
1704 202 110
1705 195 97
1706 196 96
1707 202 110
1708 198 103
1709 199 99
1710 195 110
1711 198 108
1712 200 97
1713 204 98
1714 194 110
1715 194 109
1716 199 108
1717 209 102
1718 195 103
1719 194 95
1720 205 101
1721 202 95
1722 210 97
1723 201 104
1724 204 108
1725 207 103
1726 199 103
1727 205 97
1728 208 100
1729 204 99
1730 199 101
1731 207 101
1732 9 170
1733 9 169
1734 2 166
1735 3 170
1736 2 163
1737 11 164
1738 7 164
1739 2 166
1740 5 170
1741 2 165
1742 0 163
1743 6 170
1744 6 162
1745 0 159
1746 10 173
1747 4 168
1748 4 160
1749 8 164
1750 3 162
1751 0 167
1752 4 166
1753 3 170
1754 9 159
1755 5 163
1756 7 167
1757 2 167
1758 2 164
1759 1 169
1760 19 231
1761 14 231
1762 19 242
1763 22 236
1764 22 237
1765 15 234
1766 17 235
1767 20 233
1768 27 233
1769 20 242
1770 27 244
1771 21 234
1772 20 248
1773 18 241
1774 20 246
1775 21 249
1776 12 233
1777 21 248
1778 27 231
1779 18 245
1780 19 248
1781 24 248
1782 27 244
1783 23 241
1784 26 244
1785 20 248
1786 25 231
1787 26 234
1788 14 243
1789 22 245
1790 178 70
1791 184 69
1792 181 73
1793 183 60
1794 178 69
1795 179 72
1796 183 75
1797 176 66
1798 190 62
1799 180 69
1800 184 72
1801 183 67
1802 186 64
1803 177 64
1804 176 60
1805 183 65
1806 180 64
1807 175 60
1808 175 73
1809 176 65
1810 189 69
1811 179 75
1812 182 67
1813 184 69
1814 184 65
1815 189 70
1816 178 62
1817 185 69
1818 180 66
1819 187 70
1820 20 168
1821 16 168
1822 14 167
1823 14 160
1824 20 173
1825 13 174
1826 23 171
1827 25 168
1828 26 161
1829 17 160
1830 21 168
1831 26 160
1832 15 167
1833 25 168
1834 21 169
1835 19 160
1836 16 162
1837 21 160
1838 18 171
1839 27 163
1840 20 164
1841 13 167
1842 14 174
1843 18 166
1844 24 166
1845 25 161
1846 24 172
1847 15 168
1848 13 170
1849 17 161
1850 121 143
1851 125 152
1852 116 148
1853 113 145
1854 119 151
1855 117 153
1856 120 152
1857 114 144
1858 111 155
1859 122 146
1860 115 150
1861 116 148
1862 124 146
1863 121 149
1864 125 151
1865 118 143
1866 113 157
1867 120 150
1868 114 144
1869 115 143
1870 121 148
1871 124 150
1872 111 156
1873 114 151
1874 112 155
1875 122 143
1876 120 155
1877 119 156
1878 121 144
1879 120 145
1880 129 29
1881 130 38
1882 142 40
1883 133 34
1884 141 42
1885 139 31
1886 128 36
1887 129 37
1888 140 29
1889 138 33
1890 131 39
1891 128 29
1892 139 33
1893 141 36
1894 127 40
1895 139 34
1896 135 36
1897 130 30
1898 129 42
1899 141 31
1900 127 42
1901 137 35
1902 136 41
1903 140 42
1904 135 28
1905 141 30
1906 140 39
1907 127 31
1908 129 35
1909 133 40
1910 87 138
1911 82 129
1912 94 135
1913 84 127
1914 86 129
1915 79 138
1916 78 137
1917 78 141
1918 76 134
1919 89 131
1920 93 128
1921 94 132
1922 80 137
1923 89 139
1924 83 138
1925 90 132
1926 85 140
1927 93 142
1928 91 140
1929 83 127
1930 93 142
1931 92 134
1932 92 137
1933 94 137
1934 91 139
1935 88 127
1936 77 127
1937 79 140
1938 87 141
1939 78 139
1940 182 201
1941 189 208
1942 177 198
1943 190 197
1944 175 195
1945 189 196
1946 179 198
1947 180 203
1948 181 194
1949 175 198
1950 187 197
1951 186 211
1952 182 203
1953 192 204
1954 183 197
1955 192 198
1956 189 200
1957 181 211
1958 186 208
1959 188 208
1960 185 197
1961 188 202
1962 182 205
1963 192 203
1964 192 202
1965 186 203
1966 184 198
1967 187 210
1968 193 198
1969 193 197
1970 178 67
1971 176 68
1972 186 65
1973 178 61
1974 187 68
1975 181 68
1976 180 64
1977 192 68
1978 189 70
1979 179 74
1980 192 71
1981 177 66
1982 186 68
1983 175 63
1984 176 70
1985 192 67
1986 184 74
1987 187 61
1988 182 69
1989 185 60
1990 177 64
1991 178 67
1992 175 64
1993 188 67
1994 179 73
1995 177 71
1996 183 71
1997 188 63
1998 187 61
1999 190 61
2000 194 42
2001 200 30
2002 197 33
2003 203 38
2004 198 36
2005 207 40
2006 208 28
2007 198 32
2008 194 39
2009 204 37
2010 200 38
2011 199 40
2012 199 29
2013 204 29
2014 207 31
2015 203 32
2016 197 39
2017 206 38
2018 206 33
2019 194 41
2020 210 29
2021 211 32
2022 208 32
2023 197 35
2024 197 28
2025 204 42
2026 201 29
2027 195 37
2028 205 34
2029 199 32
2030 21 124
2031 18 117
2032 15 116
2033 13 115
2034 22 111
2035 22 113
2036 20 119
2037 26 115
2038 25 120
2039 22 117
2040 13 120
2041 14 117
2042 16 114
2043 15 117
2044 27 116
2045 21 115
2046 15 113
2047 24 121
2048 21 112
2049 26 126
2050 13 118
2051 18 121
2052 18 122
2053 19 116
2054 20 114
2055 15 124
2056 24 116
2057 21 121
2058 17 112
2059 22 117
2060 102 43
2061 96 48
2062 96 54
2063 106 58
2064 103 52
2065 100 54
2066 110 50
2067 95 49
2068 102 52
2069 108 53
2070 97 44
2071 100 49
2072 95 47
2073 95 55
2074 98 48
2075 104 49
2076 109 55
2077 99 57
2078 110 44
2079 104 54
2080 104 59
2081 110 49
2082 110 50
2083 110 59
2084 96 44
2085 101 43
2086 107 48
2087 96 52
2088 102 58
2089 103 54
2090 148 188
2091 151 182
2092 147 178
2093 149 189
2094 148 177
2095 149 181
2096 150 180
2097 146 182
2098 157 178
2099 150 192
2100 146 189
2101 144 188
2102 147 193
2103 144 189
2104 157 191
2105 143 181
2106 148 190
2107 145 185
2108 148 181
2109 150 176
2110 147 182
2111 152 179
2112 143 189
2113 151 179
2114 145 191
2115 154 193
2116 158 182
2117 156 193
2118 152 180
2119 152 190
2120 234 68
2121 243 62
2122 248 69
2123 243 68
2124 242 62
2125 238 65
2126 231 74
2127 248 64
2128 242 66
2129 241 72
2130 242 68
2131 235 63
2132 244 63
2133 232 66
2134 236 75
2135 247 68
2136 235 64
2137 248 73
2138 238 61
2139 244 73
2140 249 69
2141 244 69
2142 233 64
2143 235 60
2144 243 69
2145 245 61
2146 240 70
2147 249 75
2148 232 73
2149 234 71
2150 27 190
2151 27 182
2152 16 187
2153 23 187
2154 21 186
2155 14 192
2156 26 189
2157 19 176
2158 17 176
2159 26 191
2160 27 185
2161 25 188
2162 13 185
2163 13 176
2164 17 175
2165 25 188
2166 27 190
2167 27 189
2168 20 179
2169 27 177
2170 16 179
2171 17 191
2172 27 191
2173 21 183
2174 12 184
2175 22 178
2176 12 176
2177 20 180
2178 21 180
2179 17 181
2180 59 89
2181 46 86
2182 55 90
2183 46 79
2184 49 88
2185 58 84
2186 59 80
2187 49 92
2188 53 81
2189 53 90
2190 48 93
2191 58 84
2192 51 88
2193 58 89
2194 45 87
2195 44 81
2196 51 87
2197 45 81
2198 46 81
2199 46 76
2200 54 87
2201 51 81
2202 52 80
2203 45 81
2204 57 94
2205 59 77
2206 48 77
2207 55 80
2208 54 80
2209 58 76
2210 188 52
2211 180 55
2212 181 46
2213 189 50
2214 184 49
2215 178 52
2216 184 54
2217 184 48
2218 184 44
2219 192 54
2220 183 54
2221 181 58
2222 176 44
2223 175 48
2224 179 53
2225 190 48
2226 178 46
2227 178 52
2228 175 47
2229 177 52
2230 193 51
2231 183 50
2232 182 59
2233 191 48
2234 175 48
2235 184 55
2236 183 48
2237 188 44
2238 185 58
2239 176 57
2240 215 119
2241 217 124
2242 223 120
2243 217 125
2244 215 116
2245 224 118
2246 227 116
2247 219 113
2248 223 120
2249 224 113
2250 213 118
2251 219 114
2252 226 124
2253 218 126
2254 213 122
2255 219 125
2256 220 111
2257 217 124
2258 227 126
2259 225 121
2260 213 120
2261 216 120
2262 212 126
2263 223 111
2264 215 126
2265 221 112
2266 226 111
2267 227 118
2268 221 115
2269 223 124
2270 17 13
2271 26 23
2272 12 13
2273 12 21
2274 12 25
2275 23 26
2276 17 26
2277 18 13
2278 21 12
2279 15 21
2280 12 20
2281 22 23
2282 25 16
2283 17 15
2284 18 26
2285 18 17
2286 18 12
2287 25 17
2288 26 18
2289 23 22
2290 12 20
2291 13 12
2292 81 18
2293 91 15
2294 92 19
2295 80 21
2296 88 27
2297 83 25
2298 78 15
2299 92 22
2300 83 13
2301 84 26
2302 78 23
2303 91 14
2304 83 17
2305 92 27
2306 91 18
2307 93 25
2308 90 22
2309 79 20
2310 92 20
2311 94 18
2312 90 19
2313 93 12
2314 86 27
2315 76 27
2316 91 12
2317 90 20
2318 89 14
2319 93 17
2320 82 21
2321 79 12
2322 106 75
2323 105 66
2324 109 62
2325 103 67
2326 101 67
2327 100 75
2328 107 64
2329 98 69
2330 104 73
2331 98 69
2332 95 63
2333 97 73
2334 97 64
2335 106 66
2336 107 74
2337 110 67
2338 106 75
2339 102 66
2340 97 67
2341 102 72
2342 105 69
2343 100 73
2344 105 70
2345 110 60
2346 104 65
2347 107 63
2348 100 62
2349 102 68
2350 101 72
2351 99 65
2352 204 90
2353 202 91
2354 209 77
2355 199 84
2356 204 81
2357 194 91
2358 197 93
2359 198 77
2360 207 81
2361 203 93
2362 205 92
2363 205 78
2364 206 92
2365 210 94
2366 194 86
2367 196 91
2368 198 77
2369 209 79
2370 207 77
2371 202 83
2372 202 93
2373 204 81
2374 195 88
2375 195 77
2376 199 81
2377 204 90
2378 206 79
2379 205 85
2380 204 90
2381 207 78
2382 97 53
2383 95 47
2384 100 45
2385 108 43
2386 107 55
2387 99 43
2388 110 53
2389 109 50
2390 97 58
2391 108 49
2392 100 57
2393 98 53
2394 96 55
2395 97 51
2396 105 58
2397 97 59
2398 105 56
2399 109 51
2400 103 46
2401 107 59
2402 100 44
2403 96 48
2404 100 59
2405 98 48
2406 98 47
2407 98 53
2408 100 53
2409 103 47
2410 99 44
2411 100 52
2412 22 219
2413 22 227
2414 12 219
2415 12 228
2416 16 230
2417 22 217
2418 20 229
2419 26 224
2420 18 215
2421 20 230
2422 24 225
2423 13 228
2424 16 214
2425 24 225
2426 25 216
2427 23 222
2428 18 226
2429 20 226
2430 17 227
2431 27 230
2432 13 229
2433 23 217
2434 26 228
2435 14 230
2436 19 225
2437 15 220
2438 15 220
2439 18 212
2440 14 219
2441 15 225
2442 202 126
2443 205 119
2444 194 121
2445 199 125
2446 203 122
2447 203 118
2448 200 123
2449 211 121
2450 203 119
2451 199 115
2452 202 114
2453 196 111
2454 204 117
2455 208 124
2456 201 115
2457 210 125
2458 201 118
2459 196 111
2460 207 115
2461 197 112
2462 210 113
2463 194 112
2464 197 120
2465 205 112
2466 199 119
2467 211 115
2468 210 126
2469 207 119
2470 194 124
2471 208 125
2472 110 174
2473 95 164
2474 104 170
2475 95 162
2476 105 174
2477 99 173
2478 106 159
2479 101 159
2480 98 165
2481 97 165
2482 99 161
2483 104 164
2484 100 168
2485 95 172
2486 99 168
2487 97 163
2488 104 162
2489 102 163
2490 99 168
2491 109 164
2492 98 172
2493 97 160
2494 95 167
2495 99 172
2496 107 163
2497 106 160
2498 97 170
2499 110 170
2500 108 173
2501 105 167
2502 25 157
2503 15 155
2504 21 154
2505 19 155
2506 12 153
2507 20 158
2508 25 158
2509 27 157
2510 25 146
2511 25 147
2512 14 156
2513 25 155
2514 15 148
2515 21 157
2516 22 158
2517 21 152
2518 18 143
2519 26 157
2520 13 148
2521 12 149
2522 16 148
2523 24 149
2524 12 147
2525 25 145
2526 25 158
2527 17 144
2528 19 151
2529 16 157
2530 15 150
2531 12 154
2532 134 101
2533 127 99
2534 137 101
2535 127 106
2536 133 103
2537 139 103
2538 133 107
2539 127 107
2540 130 99
2541 137 95
2542 137 98
2543 133 107
2544 137 102
2545 139 104
2546 140 108
2547 131 104
2548 137 103
2549 137 102
2550 133 105
2551 133 95
2552 138 98
2553 141 110
2554 129 101
2555 134 95
2556 131 105
2557 136 109
2558 141 96
2559 132 103
2560 130 104
2561 130 105
2562 71 146
2563 73 149
2564 74 155
2565 70 143
2566 75 148
2567 75 145
2568 72 152
2569 64 158
2570 64 153
2571 72 148
2572 66 147
2573 63 157
2574 75 150
2575 63 149
2576 70 151
2577 75 143
2578 66 157
2579 61 158
2580 71 150
2581 71 153
2582 72 144
2583 69 151
2584 74 144
2585 62 151
2586 73 146
2587 62 147
2588 65 154
2589 74 147
2590 72 156
2591 62 146
2592 202 78
2593 201 86
2594 211 91
2595 209 86
2596 194 87
2597 208 91
2598 197 78
2599 200 92
2600 208 89
2601 211 79
2602 206 76
2603 209 81
2604 199 82
2605 209 92
2606 204 90
2607 198 94
2608 194 82
2609 205 78
2610 211 88
2611 197 79
2612 207 87
2613 194 79
2614 201 94
2615 207 93
2616 197 83
2617 194 79
2618 194 89
2619 203 83
2620 196 79
2621 197 85
2622 15 4
2623 25 7
2624 22 3
2625 21 0
2626 16 3
2627 17 9
2628 26 8
2629 17 11
2630 26 8
2631 23 9
2632 21 7
2633 17 0
2634 22 10
2635 18 6
2636 13 8
2637 23 9
2638 27 6
2639 12 5
2640 22 7
2641 21 5
2642 27 11
2643 13 6
2644 21 3
2645 13 3
2646 26 1
2647 23 0
2648 27 7
2649 26 10
2650 2 88
2651 8 87
2652 6 91
2653 8 84
2654 2 78
2655 8 77
2656 2 91
2657 7 87
2658 9 93
2659 6 82
2660 3 86
2661 4 94
2662 9 86
2663 2 79
2664 2 84
2665 8 91
2666 11 94
2667 2 83
2668 8 92
2669 5 79
2670 5 79
2671 11 85
2672 4 88
2673 6 84
2674 4 88
2675 5 85
2676 4 83
2677 6 81
2678 8 93
2679 0 89
2680 140 1
2681 139 5
2682 130 10
2683 142 8
2684 129 3
2685 142 3
2686 138 8
2687 142 8
2688 129 5
2689 137 10
2690 127 5
2691 132 4
2692 133 10
2693 128 4
2694 142 10
2695 140 7
2696 135 5
2697 132 4
2698 134 4
2699 141 6
2700 140 0
2701 131 7
2702 131 6
2703 134 0
2704 127 11
2705 130 10
2706 133 9
2707 140 7
2708 139 1
2709 243 179
2710 237 177
2711 250 186
2712 232 177
2713 248 190
2714 238 186
2715 231 178
2716 250 188
2717 247 177
2718 250 188
2719 237 189
2720 244 192
2721 248 185
2722 231 180
2723 247 177
2724 234 187
2725 235 179
2726 241 175
2727 245 191
2728 238 178
2729 234 183
2730 245 180
2731 241 189
2732 246 188
2733 232 192
2734 249 187
2735 246 188
2736 234 176
2737 239 183
2738 234 179
2739 84 242
2740 80 250
2741 93 248
2742 87 234
2743 81 250
2744 78 244
2745 94 238
2746 76 231
2747 91 241
2748 81 231
2749 94 247
2750 80 245
2751 77 250
2752 93 241
2753 93 237
2754 90 239
2755 89 250
2756 76 247
2757 89 246
2758 83 248
2759 88 246
2760 80 247
2761 93 232
2762 83 238
2763 87 234
2764 93 238
2765 87 237
2766 81 238
2767 85 237
2768 84 241
2769 113 89
2770 117 80
2771 115 84
2772 125 93
2773 116 80
2774 122 82
2775 118 76
2776 122 89
2777 116 91
2778 117 94
2779 116 79
2780 115 91
2781 120 91
2782 124 80
2783 125 82
2784 122 89
2785 119 79
2786 118 86
2787 113 86
2788 115 94
2789 123 76
2790 120 77
2791 113 90
2792 116 87
2793 125 90
2794 124 89
2795 111 81
2796 117 86
2797 124 82
2798 121 88
2799 162 113
2800 171 122
2801 173 113
2802 162 114
2803 159 120
2804 168 126
2805 162 114
2806 168 124
2807 163 119
2808 165 115
2809 161 115
2810 164 113
2811 159 124
2812 161 113
2813 169 125
2814 159 122
2815 167 111
2816 172 116
2817 174 119
2818 164 123
2819 159 111
2820 164 116
2821 170 124
2822 165 112
2823 174 124
2824 174 112
2825 167 118
2826 174 115
2827 168 113
2828 174 123
2829 103 154
2830 105 158
2831 100 144
2832 101 156
2833 104 153
2834 101 152
2835 96 156
2836 101 147
2837 109 156
2838 100 143
2839 106 155
2840 100 156
2841 99 149
2842 109 147
2843 98 150
2844 107 155
2845 110 155
2846 98 145
2847 110 145
2848 98 149
2849 109 152
2850 109 158
2851 100 154
2852 110 143
2853 102 146
2854 96 149
2855 107 143
2856 103 144
2857 104 145
2858 98 157
2859 172 148
2860 170 151
2861 160 155
2862 173 156
2863 159 154
2864 166 144
2865 165 152
2866 170 157
2867 173 144
2868 162 149
2869 171 153
2870 164 155
2871 162 144
2872 174 151
2873 164 156
2874 160 147
2875 164 145
2876 162 144
2877 159 154
2878 172 154
2879 170 144
2880 164 144
2881 172 151
2882 169 145
2883 159 152
2884 164 154
2885 164 151
2886 170 158
2887 161 150
2888 163 151
2889 146 176
2890 153 186
2891 158 187
2892 158 187
2893 146 186
2894 156 185
2895 152 192
2896 146 179
2897 157 176
2898 153 175
2899 154 178
2900 151 182
2901 152 180
2902 147 181
2903 150 188
2904 147 190
2905 158 190
2906 150 186
2907 154 192
2908 144 186
2909 158 192
2910 148 185
2911 155 175
2912 156 180
2913 148 187
2914 155 181
2915 152 193
2916 147 182
2917 150 181
2918 158 178
2919 88 161
2920 80 161
2921 94 162
2922 77 163
2923 89 170
2924 83 164
2925 88 166
2926 85 168
2927 90 161
2928 78 171
2929 87 163
2930 87 172
2931 90 172
2932 86 168
2933 82 174
2934 85 164
2935 87 159
2936 88 161
2937 89 167
2938 83 164
2939 86 161
2940 84 163
2941 80 166
2942 76 172
2943 82 173
2944 85 166
2945 84 162
2946 88 164
2947 85 166
2948 83 160
2949 237 176
2950 248 190
2951 241 191
2952 250 175
2953 247 184
2954 244 185
2955 242 183
2956 244 188
2957 238 190
2958 237 180
2959 236 187
2960 232 184
2961 244 183
2962 231 187
2963 249 193
2964 239 181
2965 234 192
2966 248 192
2967 247 184
2968 249 183
2969 246 181
2970 241 183
2971 240 179
2972 232 182
2973 234 192
2974 250 178
2975 238 189
2976 241 179
2977 243 178
2978 242 177
