242 263 10 2880
0 8
1 9
2 10
3 10
4 10
5 7
6 7
7 6
8 6
9 10
10 5
11 7
12 5
13 3
14 3
15 3
16 3
17 3
18 3
19 3
20 3
21 6
22 3
23 3
24 3
25 3
26 3
27 3
28 4
29 4
30 5
31 3
32 3
33 3
34 3
35 5
36 3
37 3
38 4
39 3
40 3
41 5
42 4
43 3
44 3
45 5
46 3
47 3
48 3
49 6
50 3
51 3
52 5
53 3
54 5
55 4
56 3
57 3
58 3
59 3
60 3
61 3
62 3
63 3
64 3
65 5
66 4
67 3
68 3
69 3
70 3
71 3
72 4
73 3
74 4
75 4
76 3
77 3
78 4
79 3
80 5
81 3
82 3
83 3
84 3
85 3
86 3
87 4
88 3
89 3
90 5
91 3
92 3
93 3
94 3
95 3
96 4
97 3
98 3
99 4
100 3
101 3
102 5
103 6
104 3
105 3
106 3
107 3
108 4
109 5
110 3
111 3
112 4
113 3
114 3
115 3
116 3
117 4
118 3
119 3
120 3
121 3
122 3
123 4
124 3
125 3
126 3
127 3
128 3
129 3
130 3
131 5
132 3
133 4
134 5
135 5
136 3
137 3
138 3
139 3
140 3
141 3
142 3
143 4
144 3
145 8
146 3
147 3
148 3
149 3
150 3
151 3
152 3
153 3
154 7
155 3
156 3
157 3
158 4
159 5
160 3
161 3
162 3
163 3
164 3
165 5
166 3
167 5
168 3
169 4
170 3
171 3
172 3
173 5
174 4
175 3
176 3
177 3
178 3
179 3
180 3
181 3
182 3
183 3
184 4
185 3
186 6
187 3
188 3
189 3
190 3
191 4
192 4
193 3
194 3
195 3
196 4
197 3
198 4
199 3
200 3
201 4
202 3
203 3
204 3
205 3
206 3
207 3
208 3
209 4
210 3
211 3
212 4
213 3
214 3
215 3
216 3
217 3
218 5
219 3
220 5
221 4
222 4
223 3
224 3
225 3
226 3
227 4
228 3
229 3
230 5
231 3
232 4
233 3
234 3
235 3
236 5
237 3
238 5
239 3
240 3
241 3
0 0 2
1 0 6
2 0 8
3 0 10
4 0 11
5 0 103
6 1 3
7 1 4
8 1 7
9 1 8
10 1 9
11 1 11
12 1 123
13 2 5
14 2 7
15 2 8
16 2 10
17 2 12
18 2 88
19 2 158
20 3 4
21 3 5
22 3 7
23 3 8
24 3 9
25 3 10
26 3 173
27 4 6
28 4 7
29 4 9
30 4 11
31 4 141
32 4 207
33 5 7
34 5 11
35 5 31
36 6 9
37 6 49
38 6 222
39 7 9
40 8 9
41 8 11
42 9 10
43 9 11
44 9 68
45 9 192
46 12 13
47 12 28
48 12 29
49 13 25
50 14 18
51 15 22
52 15 28
53 16 30
54 17 18
55 17 24
56 19 20
57 20 23
58 20 30
59 21 26
60 21 27
61 21 29
62 21 30
63 24 29
64 31 47
65 31 45
66 32 35
67 33 41
68 34 38
69 35 40
70 35 47
71 36 46
72 37 41
73 38 39
74 39 43
75 41 48
76 42 46
77 42 45
78 43 45
79 44 45
80 44 48
81 49 65
82 49 66
83 49 67
84 50 58
85 50 54
86 51 55
87 52 59
88 52 63
89 52 66
90 53 58
91 54 64
92 54 55
93 55 65
94 56 65
95 57 66
96 58 60
97 60 61
98 62 66
99 68 72
100 69 84
101 70 79
102 71 78
103 71 74
104 72 73
105 72 82
106 72 87
107 74 87
108 75 77
109 75 81
110 75 79
111 75 87
112 76 84
113 78 83
114 79 80
115 80 84
116 80 86
117 82 85
118 88 89
119 88 99
120 90 92
121 90 98
122 90 101
123 90 102
124 91 96
125 93 96
126 94 102
127 95 100
128 96 100
129 96 102
130 97 101
131 99 100
132 103 106
133 103 113
134 103 122
135 104 108
136 105 115
137 105 109
138 107 113
139 108 112
140 109 117
141 109 120
142 109 113
143 110 118
144 111 119
145 111 122
146 112 116
147 112 119
148 114 117
149 116 118
150 120 121
151 123 128
152 124 132
153 124 128
154 125 131
155 126 135
156 126 138
157 127 133
158 128 131
159 129 133
160 130 139
161 130 136
162 131 134
163 132 136
164 133 135
165 134 138
166 134 140
167 135 137
168 141 143
169 142 144
170 143 156
171 143 154
172 144 154
173 145 146
174 145 149
175 145 152
176 145 155
177 145 154
178 145 148
179 147 152
180 148 157
181 150 151
182 151 154
183 153 154
184 158 164
185 158 166
186 159 162
187 159 160
188 159 165
189 160 168
190 160 170
191 161 165
192 161 172
193 163 164
194 165 167
195 166 167
196 167 169
197 169 171
198 173 183
199 173 177
200 174 177
201 174 180
202 174 185
203 175 186
204 176 179
205 178 184
206 179 186
207 180 189
208 181 191
209 182 185
210 182 190
211 183 184
212 186 187
213 186 188
214 186 189
215 190 191
216 192 197
217 192 193
218 192 206
219 193 201
220 194 202
221 194 198
222 195 204
223 195 200
224 196 200
225 196 201
226 198 205
227 199 201
228 200 203
229 205 206
230 207 212
231 208 218
232 209 218
233 209 213
234 210 221
235 211 221
236 212 214
237 213 219
238 213 217
239 214 220
240 215 218
241 216 217
242 217 220
243 220 221
244 222 235
245 222 240
246 222 238
247 223 232
248 224 230
249 225 235
250 226 233
251 226 241
252 227 229
253 227 238
254 228 230
255 230 236
256 231 236
257 231 233
258 232 238
259 234 240
260 236 237
261 238 241
262 239 241
0 130 19
1 124 30
2 139 25
3 128 27
4 124 23
5 133 13
6 130 15
7 134 24
8 131 12
9 128 30
10 140 18
11 124 13
12 126 12
13 126 16
14 128 21
15 130 25
16 126 14
17 130 12
18 132 29
19 130 16
20 126 25
21 137 14
22 127 30
23 129 25
24 134 26
25 131 18
26 131 25
27 137 25
28 131 21
29 131 25
30 236 161
31 231 172
32 226 159
33 229 160
34 231 171
35 226 162
36 237 166
37 229 161
38 229 160
39 226 164
40 239 163
41 223 169
42 235 168
43 235 169
44 233 165
45 229 164
46 222 170
47 231 168
48 238 169
49 223 170
50 225 165
51 222 168
52 240 167
53 227 166
54 229 170
55 223 160
56 232 158
57 225 159
58 239 168
59 225 162
60 206 168
61 196 158
62 194 164
63 193 159
64 197 159
65 204 169
66 196 166
67 200 165
68 200 163
69 196 161
70 203 171
71 192 169
72 198 163
73 201 159
74 194 172
75 200 162
76 203 171
77 199 167
78 192 169
79 197 165
80 200 168
81 202 164
82 193 172
83 202 172
84 198 169
85 196 159
86 194 166
87 203 165
88 193 168
89 193 165
90 123 26
91 130 26
92 133 25
93 125 29
94 129 21
95 123 22
96 125 20
97 133 12
98 137 18
99 138 28
100 135 30
101 125 16
102 132 26
103 139 13
104 134 18
105 124 19
106 135 18
107 130 22
108 138 27
109 138 23
110 123 27
111 130 13
112 128 25
113 138 27
114 123 14
115 136 13
116 136 15
117 133 25
118 137 14
119 140 18
120 46 227
121 47 238
122 38 237
123 34 240
124 42 226
125 46 229
126 45 234
127 40 234
128 33 228
129 45 239
130 33 228
131 32 222
132 41 237
133 47 231
134 41 235
135 35 228
136 34 227
137 45 237
138 33 226
139 45 224
140 33 222
141 40 222
142 45 227
143 41 233
144 35 231
145 41 228
146 43 223
147 35 237
148 33 228
149 34 224
150 55 132
151 66 137
152 52 139
153 62 140
154 67 131
155 50 139
156 64 127
157 56 134
158 59 125
159 55 131
160 65 138
161 63 137
162 53 128
163 53 139
164 61 138
165 50 128
166 58 133
167 50 128
168 61 125
169 50 137
170 59 130
171 53 123
172 59 128
173 55 130
174 49 124
175 52 135
176 52 134
177 66 130
178 55 135
179 62 137
180 83 134
181 83 134
182 85 126
183 70 135
184 81 137
185 70 131
186 72 140
187 78 140
188 73 136
189 77 124
190 80 140
191 84 126
192 80 137
193 83 136
194 79 125
195 76 129
196 82 127
197 79 129
198 69 139
199 70 128
200 72 124
201 69 140
202 80 128
203 82 138
204 68 139
205 71 132
206 86 139
207 70 140
208 85 130
209 74 128
210 214 124
211 218 135
212 215 125
213 217 128
214 217 124
215 215 132
216 207 140
217 207 132
218 216 125
219 217 136
220 219 139
221 213 128
222 207 129
223 218 125
224 220 138
225 221 131
226 221 130
227 216 128
228 214 129
229 218 135
230 221 140
231 212 133
232 208 139
233 217 133
234 217 132
235 213 125
236 221 128
237 209 132
238 209 132
239 218 134
240 205 203
241 196 192
242 196 194
243 195 202
244 193 203
245 205 196
246 204 192
247 204 206
248 205 199
249 196 206
250 194 201
251 203 201
252 192 196
253 5 6
254 54 17
255 65 29
256 55 15
257 65 28
258 56 22
259 63 17
260 57 19
261 61 21
262 60 28
263 66 27
264 53 27
265 66 12
266 62 26
267 49 17
268 52 23
269 50 23
270 63 17
271 62 17
272 53 18
273 66 14
274 55 29
275 54 16
276 60 27
277 63 20
278 55 30
279 64 15
280 55 13
281 51 13
282 61 13
283 57 13
284 229 80
285 240 83
286 230 68
287 239 81
288 235 84
289 222 77
290 222 83
291 223 74
292 227 73
293 232 85
294 227 78
295 237 79
296 233 81
297 226 81
298 235 69
299 239 74
300 239 87
301 237 71
302 224 87
303 222 85
304 241 77
305 236 80
306 240 81
307 233 85
308 233 68
309 236 70
310 228 81
311 239 76
312 236 79
313 230 84
314 130 93
315 128 92
316 129 102
317 138 98
318 129 97
319 130 88
320 138 96
321 131 93
322 138 97
323 127 97
324 124 101
325 137 93
326 127 91
327 139 99
328 133 96
329 127 101
330 123 99
331 138 93
332 123 102
333 124 102
334 134 94
335 136 92
336 123 96
337 131 98
338 140 88
339 127 91
340 134 99
341 125 98
342 140 101
343 133 97
344 151 212
345 147 220
346 154 207
347 145 219
348 141 214
349 144 211
350 152 214
351 151 210
352 150 211
353 157 210
354 152 214
355 145 212
356 157 215
357 142 214
358 149 214
359 141 210
360 155 209
361 143 218
362 142 214
363 142 216
364 141 221
365 147 215
366 142 218
367 149 218
368 155 215
369 144 215
370 151 215
371 141 216
372 141 213
373 39 7
374 47 4
375 48 9
376 43 4
377 34 7
378 45 6
379 36 9
380 42 11
381 37 9
382 33 5
383 47 7
384 33 1
385 42 10
386 41 8
387 35 4
388 37 9
389 44 10
390 40 11
391 33 5
392 43 8
393 37 4
394 39 9
395 32 5
396 48 0
397 44 0
398 47 6
399 32 7
400 43 7
401 37 11
402 33 7
403 142 197
404 153 196
405 143 194
406 152 200
407 142 199
408 147 202
409 157 198
410 157 195
411 154 196
412 144 198
413 149 193
414 153 192
415 145 199
416 141 206
417 141 197
418 148 195
419 155 202
420 157 201
421 144 192
422 148 200
423 151 200
424 151 206
425 152 202
426 151 203
427 157 195
428 145 198
429 142 200
430 154 199
431 145 194
432 149 192
433 226 196
434 225 206
435 235 206
436 225 195
437 229 202
438 226 205
439 234 196
440 227 199
441 227 194
442 224 192
443 226 201
444 228 206
445 239 195
446 238 201
447 238 201
448 226 204
449 232 200
450 237 195
451 228 205
452 225 201
453 241 204
454 241 205
455 228 199
456 241 205
457 234 200
458 235 192
459 223 199
460 225 204
461 224 198
462 223 194
463 152 98
464 154 100
465 152 93
466 153 100
467 151 90
468 150 93
469 150 91
470 157 102
471 152 95
472 148 90
473 155 102
474 156 102
475 149 97
476 151 93
477 141 94
478 156 102
479 145 91
480 155 92
481 142 94
482 145 100
483 142 102
484 144 99
485 154 99
486 152 96
487 146 89
488 142 101
489 144 91
490 146 93
491 157 91
492 156 100
493 114 192
494 106 204
495 113 200
496 115 194
497 109 202
498 115 205
499 119 196
500 113 199
501 113 202
502 115 193
503 108 196
504 111 197
505 105 193
506 105 192
507 109 203
508 111 200
509 103 199
510 108 192
511 112 205
512 121 202
513 117 195
514 117 199
515 114 192
516 108 193
517 115 192
518 111 196
519 103 206
520 119 204
521 122 199
522 108 206
523 209 61
524 213 57
525 214 56
526 214 51
527 216 54
528 220 52
529 214 52
530 217 61
531 212 56
532 210 58
533 211 65
534 218 52
535 215 53
536 221 52
537 210 64
538 216 53
539 213 64
540 209 59
541 213 66
542 218 55
543 221 61
544 221 61
545 219 67
546 220 63
547 211 60
548 207 52
549 212 63
550 216 67
551 211 51
552 217 64
553 148 73
554 157 78
555 149 82
556 142 77
557 153 70
558 155 81
559 155 77
560 153 73
561 157 68
562 156 68
563 147 85
564 149 80
565 155 86
566 155 84
567 143 76
568 144 87
569 146 81
570 145 80
571 156 70
572 141 77
573 147 75
574 157 75
575 146 85
576 155 84
577 147 85
578 152 86
579 152 82
580 148 69
581 153 75
582 144 85
583 176 195
584 189 203
585 176 203
586 174 201
587 179 199
588 180 195
589 187 205
590 182 200
591 180 196
592 184 198
593 181 203
594 180 199
595 179 192
596 179 196
597 181 205
598 182 192
599 186 192
600 178 196
601 187 192
602 185 193
603 182 199
604 176 192
605 182 197
606 188 194
607 177 198
608 177 194
609 183 193
610 176 195
611 185 202
612 184 194
613 209 191
614 207 190
615 211 178
616 215 187
617 219 185
618 220 187
619 214 182
620 209 178
621 211 184
622 214 190
623 220 179
624 221 178
625 216 181
626 213 179
627 208 188
628 216 177
629 221 180
630 216 178
631 212 186
632 208 190
633 215 185
634 217 174
635 219 177
636 218 180
637 215 184
638 219 173
639 208 181
640 210 184
641 219 191
642 208 180
643 65 60
644 52 53
645 66 55
646 61 65
647 62 59
648 63 49
649 51 67
650 50 65
651 57 56
652 54 62
653 64 57
654 61 50
655 52 58
656 57 63
657 53 51
658 54 61
659 58 51
660 52 51
661 59 67
662 58 51
663 60 51
664 199 205
665 197 203
666 205 199
667 196 198
668 205 197
669 206 204
670 197 201
671 195 194
672 201 205
673 194 204
674 202 200
675 196 198
676 192 199
677 193 198
678 205 196
679 206 194
680 206 201
681 203 202
682 195 192
683 196 194
684 137 48
685 133 34
686 133 37
687 138 41
688 133 47
689 138 37
690 139 31
691 129 33
692 131 36
693 125 31
694 135 40
695 127 46
696 133 46
697 137 47
698 137 31
699 123 32
700 134 39
701 133 35
702 125 33
703 125 45
704 126 34
705 136 39
706 130 40
707 134 47
708 133 35
709 125 44
710 128 45
711 136 38
712 137 35
713 128 47
714 150 123
715 151 138
716 154 128
717 156 138
718 155 125
719 153 135
720 154 134
721 142 133
722 155 132
723 157 134
724 143 133
725 157 140
726 148 137
727 153 136
728 148 126
729 156 137
730 148 123
731 152 123
732 155 123
733 147 132
734 149 132
735 149 137
736 155 126
737 149 132
738 149 123
739 152 127
740 142 138
741 155 138
742 154 134
743 146 125
744 80 85
745 81 78
746 69 74
747 73 77
748 74 82
749 77 71
750 78 70
751 75 69
752 82 81
753 84 74
754 70 68
755 85 69
756 74 76
757 72 76
758 71 73
759 72 76
760 76 85
761 78 75
762 70 69
763 70 72
764 69 83
765 72 86
766 232 99
767 239 91
768 240 101
769 228 92
770 224 92
771 224 90
772 226 91
773 236 102
774 228 89
775 225 99
776 238 100
777 224 99
778 231 96
779 241 94
780 240 96
781 240 95
782 233 102
783 225 93
784 222 88
785 236 94
786 223 100
787 228 88
788 241 100
789 234 100
790 239 97
791 235 93
792 227 97
793 230 93
794 224 98
795 231 96
796 79 169
797 73 163
798 80 167
799 71 169
800 69 160
801 68 164
802 87 158
803 78 172
804 84 170
805 86 172
806 68 159
807 68 163
808 75 162
809 83 160
810 85 158
811 78 163
812 73 163
813 72 161
814 87 166
815 84 169
816 76 165
817 84 171
818 69 162
819 68 171
820 79 165
821 69 163
822 77 164
823 82 164
824 71 159
825 75 160
826 8 73
827 7 71
828 6 73
829 10 74
830 2 73
831 5 87
832 1 73
833 3 70
834 8 77
835 5 85
836 10 84
837 2 72
838 3 82
839 3 70
840 8 80
841 4 78
842 10 70
843 9 85
844 6 80
845 1 85
846 4 69
847 2 85
848 7 74
849 3 82
850 1 70
851 1 81
852 5 80
853 3 72
854 6 84
855 5 68
856 93 215
857 101 216
858 93 207
859 91 220
860 94 208
861 102 220
862 92 220
863 99 208
864 99 213
865 100 217
866 101 212
867 98 214
868 98 217
869 94 208
870 96 217
871 90 210
872 88 218
873 97 210
874 95 212
875 94 216
876 91 217
877 93 212
878 102 207
879 92 207
880 97 215
881 89 221
882 88 210
883 96 210
884 94 207
885 96 215
886 43 89
887 44 99
888 42 101
889 44 94
890 37 88
891 41 97
892 31 89
893 41 91
894 46 94
895 31 96
896 33 98
897 44 102
898 44 93
899 47 95
900 47 95
901 40 102
902 40 93
903 42 91
904 44 99
905 37 91
906 47 100
907 38 92
908 36 95
909 44 95
910 38 95
911 35 96
912 31 99
913 40 88
914 43 95
915 34 98
916 205 56
917 192 60
918 202 52
919 200 53
920 195 66
921 200 66
922 200 54
923 197 62
924 192 54
925 192 53
926 199 61
927 204 67
928 192 55
929 204 54
930 205 66
931 199 58
932 203 53
933 203 61
934 194 53
935 199 53
936 206 67
937 198 51
938 205 63
939 203 57
940 199 63
941 202 51
942 206 50
943 198 61
944 205 53
945 201 52
946 101 166
947 88 166
948 93 163
949 95 168
950 102 158
951 92 160
952 100 162
953 99 170
954 99 169
955 96 166
956 97 168
957 89 168
958 95 159
959 99 171
960 90 160
961 91 165
962 100 162
963 92 170
964 102 164
965 93 169
966 99 158
967 94 163
968 100 159
969 102 162
970 96 162
971 99 167
972 95 164
973 95 162
974 99 166
975 95 165
976 97 185
977 92 180
978 99 190
979 93 186
980 98 190
981 99 182
982 96 175
983 90 191
984 93 182
985 93 177
986 97 191
987 96 185
988 95 185
989 92 174
990 94 184
991 92 173
992 95 181
993 88 190
994 90 181
995 102 175
996 94 179
997 92 190
998 95 179
999 98 183
1000 93 189
1001 94 187
1002 89 183
1003 93 188
1004 101 185
1005 89 181
1006 35 112
1007 31 118
1008 39 120
1009 32 106
1010 44 118
1011 32 108
1012 33 121
1013 46 121
1014 32 109
1015 37 113
1016 35 120
1017 40 112
1018 36 112
1019 36 118
1020 46 113
1021 32 104
1022 41 117
1023 46 106
1024 42 105
1025 44 121
1026 42 117
1027 46 113
1028 32 117
1029 45 108
1030 37 114
1031 41 121
1032 48 109
1033 35 103
1034 47 120
1035 33 107
1036 238 141
1037 231 147
1038 228 144
1039 239 147
1040 228 150
1041 230 143
1042 241 141
1043 233 143
1044 223 143
1045 232 151
1046 231 147
1047 225 156
1048 234 154
1049 224 151
1050 241 149
1051 237 157
1052 231 145
1053 224 155
1054 236 154
1055 224 154
1056 226 156
1057 237 144
1058 237 150
1059 224 153
1060 236 152
1061 224 157
1062 237 149
1063 225 141
1064 239 142
1065 233 143
1066 227 135
1067 228 134
1068 230 140
1069 226 123
1070 239 137
1071 222 129
1072 241 132
1073 229 140
1074 222 127
1075 241 137
1076 230 136
1077 222 125
1078 229 138
1079 228 135
1080 223 133
1081 234 129
1082 225 133
1083 236 127
1084 233 133
1085 234 127
1086 234 140
1087 228 124
1088 231 135
1089 222 132
1090 231 140
1091 236 140
1092 225 137
1093 229 124
1094 240 132
1095 228 128
1096 36 201
1097 39 200
1098 37 206
1099 47 197
1100 47 205
1101 41 196
1102 39 201
1103 43 206
1104 47 194
1105 33 202
1106 45 201
1107 31 193
1108 39 193
1109 45 201
1110 38 205
1111 36 202
1112 39 201
1113 35 203
1114 31 201
1115 46 198
1116 45 196
1117 48 193
1118 31 194
1119 48 196
1120 47 203
1121 47 201
1122 48 203
1123 32 196
1124 48 196
1125 48 201
1126 227 137
1127 223 128
1128 239 126
1129 225 135
1130 228 133
1131 233 126
1132 231 136
1133 233 134
1134 233 132
1135 230 123
1136 241 132
1137 226 124
1138 229 139
1139 234 123
1140 223 134
1141 231 136
1142 223 129
1143 235 130
1144 228 139
1145 229 138
1146 229 136
1147 238 134
1148 233 130
1149 237 130
1150 236 123
1151 230 138
1152 239 126
1153 234 126
1154 227 128
1155 233 126
1156 211 18
1157 221 24
1158 213 30
1159 213 23
1160 217 30
1161 212 25
1162 215 23
1163 214 13
1164 207 14
1165 215 13
1166 220 15
1167 221 15
1168 215 29
1169 210 13
1170 215 30
1171 213 12
1172 207 14
1173 216 28
1174 210 16
1175 213 25
1176 214 12
1177 210 22
1178 220 28
1179 220 15
1180 211 17
1181 215 30
1182 209 27
1183 215 30
1184 210 19
1185 213 20
1186 103 143
1187 110 156
1188 108 154
1189 105 144
1190 109 150
1191 104 141
1192 116 145
1193 115 143
1194 110 144
1195 112 156
1196 113 145
1197 115 142
1198 106 150
1199 104 147
1200 118 157
1201 107 145
1202 106 142
1203 118 146
1204 120 143
1205 115 153
1206 106 144
1207 107 145
1208 107 143
1209 103 145
1210 106 155
1211 110 157
1212 116 143
1213 104 155
1214 106 153
1215 114 145
1216 233 7
1217 231 2
1218 235 4
1219 226 8
1220 222 3
1221 224 2
1222 239 0
1223 233 1
1224 236 5
1225 238 4
1226 233 2
1227 233 11
1228 223 0
1229 234 6
1230 231 6
1231 241 2
1232 232 3
1233 223 6
1234 241 1
1235 236 9
1236 235 4
1237 232 1
1238 224 10
1239 224 9
1240 236 2
1241 234 4
1242 226 8
1243 223 5
1244 241 2
1245 235 3
1246 209 67
1247 209 67
1248 221 67
1249 207 55
1250 210 60
1251 217 51
1252 219 54
1253 217 59
1254 210 64
1255 215 67
1256 213 59
1257 215 53
1258 219 65
1259 210 50
1260 218 53
1261 215 63
1262 213 61
1263 208 63
1264 218 52
1265 216 51
1266 220 52
1267 214 59
1268 219 49
1269 219 58
1270 221 49
1271 211 66
1272 218 57
1273 210 61
1274 220 64
1275 212 57
1276 128 214
1277 131 208
1278 130 208
1279 139 210
1280 140 207
1281 123 219
1282 133 219
1283 140 211
1284 123 208
1285 135 213
1286 131 210
1287 132 208
1288 124 209
1289 132 215
1290 132 207
1291 136 220
1292 126 218
1293 125 209
1294 132 217
1295 132 216
1296 128 209
1297 139 215
1298 130 212
1299 133 215
1300 127 208
1301 139 218
1302 134 221
1303 138 221
1304 123 210
1305 137 213
1306 100 121
1307 90 115
1308 88 112
1309 97 111
1310 99 111
1311 96 103
1312 100 118
1313 97 111
1314 96 106
1315 97 114
1316 91 109
1317 88 107
1318 101 117
1319 91 117
1320 98 109
1321 99 107
1322 93 113
1323 91 108
1324 102 113
1325 98 105
1326 98 104
1327 99 108
1328 100 115
1329 89 103
1330 95 113
1331 95 119
1332 91 112
1333 96 106
1334 91 119
1335 101 122
1336 216 119
1337 209 104
1338 219 110
1339 218 115
1340 214 117
1341 212 113
1342 220 108
1343 218 104
1344 215 108
1345 208 105
1346 215 106
1347 212 122
1348 221 110
1349 208 107
1350 217 108
1351 220 107
1352 210 116
1353 214 115
1354 213 106
1355 208 122
1356 210 119
1357 218 113
1358 215 116
1359 210 112
1360 217 107
1361 215 110
1362 218 110
1363 211 120
1364 220 121
1365 207 106
1366 34 92
1367 31 92
1368 45 92
1369 37 93
1370 38 94
1371 35 96
1372 35 96
1373 31 100
1374 31 90
1375 33 88
1376 45 95
1377 37 88
1378 34 94
1379 43 96
1380 32 92
1381 42 97
1382 33 92
1383 45 96
1384 31 90
1385 40 94
1386 34 91
1387 42 89
1388 42 94
1389 32 92
1390 34 91
1391 35 90
1392 33 96
1393 45 98
1394 43 93
1395 34 101
1396 59 181
1397 66 191
1398 52 185
1399 50 175
1400 56 179
1401 49 186
1402 58 177
1403 66 178
1404 62 184
1405 50 186
1406 62 182
1407 58 178
1408 53 175
1409 66 187
1410 54 182
1411 53 179
1412 57 184
1413 51 190
1414 59 189
1415 61 188
1416 50 175
1417 67 176
1418 66 175
1419 54 173
1420 67 175
1421 61 186
1422 66 174
1423 59 181
1424 51 175
1425 54 175
1426 153 30
1427 147 15
1428 149 30
1429 151 12
1430 143 28
1431 152 13
1432 153 16
1433 141 30
1434 147 22
1435 154 20
1436 145 28
1437 157 23
1438 145 25
1439 143 23
1440 150 21
1441 155 19
1442 150 13
1443 152 27
1444 145 26
1445 155 25
1446 141 15
1447 146 28
1448 144 20
1449 151 14
1450 142 25
1451 157 18
1452 154 19
1453 151 27
1454 145 26
1455 157 12
1456 5 6
1457 5 6
1458 232 77
1459 223 82
1460 225 73
1461 226 70
1462 232 74
1463 228 74
1464 237 69
1465 236 76
1466 230 87
1467 231 80
1468 223 77
1469 232 71
1470 229 73
1471 232 82
1472 236 83
1473 239 83
1474 241 71
1475 234 74
1476 239 69
1477 240 78
1478 237 72
1479 234 86
1480 241 84
1481 225 82
1482 231 81
1483 224 79
1484 226 72
1485 236 74
1486 236 84
1487 224 75
1488 34 53
1489 37 57
1490 35 56
1491 40 65
1492 32 53
1493 36 59
1494 48 60
1495 43 56
1496 35 50
1497 31 58
1498 46 62
1499 45 63
1500 47 58
1501 42 59
1502 41 52
1503 45 55
1504 40 59
1505 40 51
1506 38 52
1507 36 53
1508 44 61
1509 40 54
1510 41 53
1511 32 67
1512 43 57
1513 34 64
1514 31 49
1515 47 59
1516 47 63
1517 37 61
1518 50 237
1519 52 238
1520 56 241
1521 63 241
1522 65 230
1523 57 236
1524 62 240
1525 52 228
1526 65 235
1527 56 224
1528 65 230
1529 62 228
1530 67 232
1531 58 241
1532 56 234
1533 61 241
1534 56 227
1535 58 223
1536 51 237
1537 61 241
1538 61 227
1539 49 234
1540 66 230
1541 64 235
1542 52 241
1543 56 225
1544 52 240
1545 65 235
1546 54 239
1547 66 228
1548 199 177
1549 197 182
1550 194 184
1551 205 182
1552 199 190
1553 196 191
1554 200 176
1555 192 184
1556 197 182
1557 199 186
1558 204 182
1559 200 188
1560 201 179
1561 204 181
1562 194 191
1563 201 183
1564 197 185
1565 201 181
1566 201 189
1567 195 188
1568 192 178
1569 200 173
1570 201 176
1571 200 180
1572 198 186
1573 192 173
1574 203 191
1575 197 181
1576 195 176
1577 206 179
1578 13 74
1579 25 70
1580 12 81
1581 28 77
1582 28 83
1583 24 74
1584 19 86
1585 25 70
1586 27 77
1587 16 76
1588 29 87
1589 13 80
1590 13 70
1591 23 81
1592 27 78
1593 18 71
1594 18 84
1595 19 72
1596 23 84
1597 30 84
1598 20 86
1599 20 75
1600 28 74
1601 25 75
1602 17 73
1603 24 73
1604 13 74
1605 13 87
1606 24 82
1607 22 87
1608 150 48
1609 156 42
1610 157 32
1611 154 36
1612 154 42
1613 152 41
1614 148 48
1615 149 36
1616 141 45
1617 149 41
1618 142 37
1619 148 39
1620 149 35
1621 142 36
1622 144 46
1623 155 43
1624 142 45
1625 156 40
1626 146 35
1627 154 48
1628 146 42
1629 155 34
1630 155 38
1631 156 48
1632 147 33
1633 146 32
1634 154 38
1635 142 33
1636 141 43
1637 143 39
1638 93 175
1639 101 176
1640 92 179
1641 102 173
1642 95 184
1643 94 175
1644 100 180
1645 96 176
1646 88 191
1647 91 189
1648 100 182
1649 96 185
1650 102 174
1651 93 186
1652 92 176
1653 89 183
1654 102 179
1655 100 185
1656 88 173
1657 97 190
1658 95 179
1659 99 184
1660 93 174
1661 92 189
1662 96 180
1663 91 174
1664 88 179
1665 91 174
1666 94 187
1667 93 190
1668 132 212
1669 139 207
1670 127 215
1671 137 221
1672 125 219
1673 126 220
1674 138 217
1675 137 221
1676 126 219
1677 132 212
1678 132 220
1679 135 216
1680 134 208
1681 124 219
1682 139 219
1683 125 211
1684 129 212
1685 138 218
1686 133 210
1687 139 217
1688 125 215
1689 129 218
1690 133 212
1691 125 221
1692 127 208
1693 137 219
1694 133 208
1695 140 212
1696 124 216
1697 126 207
1698 113 149
1699 122 151
1700 108 155
1701 122 144
1702 110 147
1703 118 156
1704 116 152
1705 108 146
1706 114 142
1707 107 146
1708 122 147
1709 112 142
1710 117 147
1711 120 142
1712 106 143
1713 105 145
1714 119 149
1715 113 146
1716 117 146
1717 109 155
1718 103 151
1719 113 142
1720 109 154
1721 115 151
1722 109 144
1723 110 143
1724 113 142
1725 121 146
1726 117 150
1727 115 154
1728 65 39
1729 66 43
1730 62 39
1731 60 43
1732 55 43
1733 51 37
1734 66 39
1735 61 48
1736 62 38
1737 54 36
1738 52 46
1739 66 48
1740 55 44
1741 49 47
1742 58 39
1743 55 32
1744 61 36
1745 63 40
1746 49 31
1747 58 34
1748 65 43
1749 54 32
1750 53 44
1751 62 45
1752 53 37
1753 58 39
1754 60 48
1755 61 34
1756 51 34
1757 64 46
1758 77 48
1759 80 48
1760 78 37
1761 85 43
1762 81 45
1763 87 45
1764 85 47
1765 79 45
1766 79 45
1767 76 35
1768 74 38
1769 85 40
1770 84 47
1771 71 46
1772 81 35
1773 68 39
1774 83 32
1775 68 44
1776 82 39
1777 70 34
1778 83 33
1779 84 42
1780 78 46
1781 74 36
1782 79 45
1783 71 40
1784 71 42
1785 75 35
1786 75 32
1787 73 37
1788 216 179
1789 213 184
1790 214 190
1791 215 185
1792 211 176
1793 217 183
1794 213 180
1795 216 178
1796 217 176
1797 216 182
1798 212 183
1799 209 191
1800 212 178
1801 208 182
1802 221 189
1803 220 175
1804 209 181
1805 216 190
1806 220 178
1807 216 189
1808 216 190
1809 218 191
1810 218 178
1811 211 179
1812 209 175
1813 218 189
1814 217 179
1815 209 175
1816 209 173
1817 217 176
1818 120 179
1819 111 183
1820 108 180
1821 109 178
1822 111 178
1823 113 178
1824 122 174
1825 118 175
1826 120 191
1827 107 183
1828 115 190
1829 113 188
1830 110 184
1831 112 179
1832 117 184
1833 112 173
1834 107 187
1835 114 191
1836 108 180
1837 114 179
1838 116 184
1839 104 184
1840 120 174
1841 122 187
1842 107 175
1843 106 173
1844 104 179
1845 109 191
1846 114 184
1847 106 190
1848 27 158
1849 19 162
1850 18 168
1851 18 165
1852 24 159
1853 15 169
1854 30 172
1855 26 167
1856 21 165
1857 27 172
1858 29 163
1859 23 167
1860 18 171
1861 26 169
1862 16 160
1863 22 163
1864 23 172
1865 13 170
1866 23 164
1867 21 165
1868 21 171
1869 29 165
1870 26 168
1871 26 161
1872 16 167
1873 22 158
1874 19 164
1875 14 170
1876 28 159
1877 24 166
1878 222 21
1879 222 22
1880 229 15
1881 224 30
1882 222 13
1883 224 24
1884 224 17
1885 241 20
1886 235 16
1887 222 16
1888 230 13
1889 226 12
1890 234 21
1891 233 12
1892 234 19
1893 231 24
1894 229 20
1895 232 22
1896 237 15
1897 222 19
1898 234 26
1899 223 22
1900 232 26
1901 232 18
1902 230 21
1903 226 27
1904 241 24
1905 238 20
1906 230 27
1907 223 24
1908 190 220
1909 185 221
1910 184 208
1911 179 214
1912 174 220
1913 181 210
1914 191 219
1915 189 217
1916 173 216
1917 181 216
1918 190 213
1919 182 208
1920 180 211
1921 187 219
1922 186 207
1923 191 215
1924 176 212
1925 183 217
1926 181 216
1927 176 213
1928 178 213
1929 184 220
1930 191 219
1931 176 217
1932 180 215
1933 188 214
1934 175 217
1935 181 214
1936 177 211
1937 185 218
1938 148 98
1939 156 96
1940 146 99
1941 155 92
1942 147 102
1943 152 100
1944 143 98
1945 143 97
1946 153 89
1947 152 93
1948 143 94
1949 148 90
1950 146 98
1951 156 100
1952 150 98
1953 146 91
1954 157 91
1955 144 98
1956 144 95
1957 155 99
1958 156 97
1959 146 96
1960 150 102
1961 151 90
1962 142 93
1963 149 89
1964 152 88
1965 150 99
1966 143 102
1967 147 89
1968 82 135
1969 73 130
1970 83 138
1971 82 123
1972 73 138
1973 80 130
1974 73 123
1975 75 124
1976 83 125
1977 83 140
1978 77 130
1979 83 137
1980 80 124
1981 76 140
1982 69 128
1983 82 136
1984 86 124
1985 79 125
1986 79 139
1987 80 126
1988 75 126
1989 83 125
1990 86 129
1991 82 136
1992 85 128
1993 71 132
1994 80 136
1995 74 133
1996 82 125
1997 69 133
1998 239 216
1999 240 219
2000 235 218
2001 228 216
2002 237 210
2003 231 207
2004 235 213
2005 223 211
2006 238 213
2007 225 220
2008 228 213
2009 237 216
2010 238 215
2011 228 209
2012 223 216
2013 235 213
2014 230 220
2015 235 221
2016 224 209
2017 239 221
2018 240 212
2019 224 210
2020 224 216
2021 222 220
2022 228 216
2023 223 215
2024 232 214
2025 226 219
2026 230 209
2027 236 214
2028 35 164
2029 37 165
2030 33 167
2031 42 168
2032 44 168
2033 47 167
2034 31 170
2035 36 171
2036 38 169
2037 38 171
2038 32 169
2039 40 164
2040 33 162
2041 48 171
2042 38 165
2043 46 172
2044 38 170
2045 42 165
2046 38 158
2047 46 171
2048 38 165
2049 39 160
2050 48 171
2051 31 167
2052 31 159
2053 35 169
2054 40 168
2055 44 168
2056 31 168
2057 43 160
2058 3 66
2059 10 65
2060 10 53
2061 1 49
2062 3 65
2063 11 67
2064 11 54
2065 9 56
2066 2 65
2067 11 49
2068 8 67
2069 2 64
2070 1 56
2071 11 67
2072 1 51
2073 9 56
2074 9 66
2075 2 54
2076 11 53
2077 8 56
2078 0 66
2079 5 67
2080 9 57
2081 8 58
2082 6 63
2083 5 58
2084 4 57
2085 2 55
2086 0 63
2087 1 60
2088 146 132
2089 152 127
2090 147 126
2091 156 125
2092 154 139
2093 144 128
2094 144 124
2095 153 128
2096 156 123
2097 155 131
2098 145 138
2099 144 140
2100 146 135
2101 153 140
2102 148 127
2103 143 129
2104 145 140
2105 142 125
2106 142 131
2107 153 124
2108 151 140
2109 146 132
2110 150 126
2111 145 126
2112 150 130
2113 152 135
2114 145 133
2115 141 126
2116 154 127
2117 142 140
2118 225 163
2119 224 170
2120 240 169
2121 225 161
2122 240 172
2123 237 166
2124 224 163
2125 241 171
2126 230 158
2127 239 171
2128 235 161
2129 224 165
2130 232 165
2131 222 158
2132 222 159
2133 230 164
2134 222 168
2135 233 162
2136 228 172
2137 241 160
2138 238 160
2139 233 160
2140 227 162
2141 223 169
2142 229 160
2143 237 162
2144 237 158
2145 228 158
2146 229 171
2147 227 169
2148 13 155
2149 16 151
2150 29 146
2151 14 148
2152 13 148
2153 25 152
2154 24 144
2155 29 150
2156 15 146
2157 21 156
2158 30 144
2159 29 146
2160 18 142
2161 23 141
2162 19 150
2163 19 151
2164 13 156
2165 14 155
2166 17 143
2167 22 155
2168 20 142
2169 24 154
2170 12 149
2171 22 154
2172 13 147
2173 12 144
2174 27 157
2175 30 156
2176 16 142
2177 29 155
2178 241 141
2179 240 145
2180 236 150
2181 223 144
2182 240 148
2183 224 143
2184 235 142
2185 229 147
2186 224 149
2187 229 143
2188 229 149
2189 228 150
2190 236 143
2191 227 144
2192 234 145
2193 241 156
2194 233 143
2195 225 144
2196 234 155
2197 232 153
2198 223 145
2199 235 148
2200 237 143
2201 241 142
2202 230 150
2203 226 152
2204 228 149
2205 235 156
2206 238 147
2207 230 143
2208 84 87
2209 76 82
2210 71 85
2211 69 85
2212 84 72
2213 73 79
2214 71 75
2215 76 68
2216 68 78
2217 75 71
2218 74 85
2219 79 76
2220 69 81
2221 83 68
2222 87 70
2223 69 77
2224 81 80
2225 83 85
2226 86 72
2227 86 76
2228 76 72
2229 85 70
2230 73 80
2231 190 159
2232 177 162
2233 189 158
2234 183 158
2235 182 158
2236 173 167
2237 185 171
2238 186 171
2239 179 167
2240 177 171
2241 181 163
2242 186 161
2243 187 164
2244 191 171
2245 181 168
2246 186 162
2247 185 172
2248 179 166
2249 174 169
2250 175 164
2251 175 171
2252 183 168
2253 189 166
2254 174 171
2255 190 165
2256 175 171
2257 182 164
2258 179 168
2259 191 172
2260 179 161
2261 213 224
2262 212 239
2263 208 234
2264 218 235
2265 220 226
2266 211 235
2267 210 227
2268 216 237
2269 221 226
2270 209 240
2271 218 226
2272 214 229
2273 220 229
2274 217 230
2275 213 234
2276 213 239
2277 207 238
2278 219 222
2279 221 229
2280 219 230
2281 217 235
2282 210 223
2283 218 225
2284 216 226
2285 212 239
2286 216 231
2287 218 224
2288 214 239
2289 208 232
2290 214 233
2291 41 227
2292 33 233
2293 35 229
2294 46 224
2295 39 225
2296 47 231
2297 47 233
2298 47 230
2299 44 237
2300 38 237
2301 48 222
2302 42 222
2303 37 235
2304 45 234
2305 36 236
2306 44 223
2307 47 224
2308 40 231
2309 43 230
2310 34 240
2311 47 223
2312 44 241
2313 42 227
2314 48 223
2315 43 230
2316 33 226
2317 44 226
2318 40 231
2319 31 228
2320 47 224
2321 196 102
2322 194 100
2323 192 88
2324 199 89
2325 202 97
2326 195 99
2327 206 95
2328 202 94
2329 195 102
2330 197 99
2331 195 99
2332 197 90
2333 197 94
2334 192 89
2335 192 102
2336 199 99
2337 201 90
2338 200 96
2339 204 88
2340 197 88
2341 201 100
2342 205 97
2343 200 102
2344 202 102
2345 199 91
2346 194 90
2347 204 91
2348 196 93
2349 199 91
2350 200 91
2351 162 143
2352 168 157
2353 166 154
2354 161 148
2355 169 146
2356 163 146
2357 170 152
2358 168 153
2359 169 146
2360 165 155
2361 167 146
2362 159 143
2363 161 148
2364 167 154
2365 169 141
2366 163 144
2367 162 143
2368 171 145
2369 163 143
2370 160 148
2371 167 149
2372 159 150
2373 160 152
2374 165 151
2375 168 155
2376 172 142
2377 164 149
2378 164 152
2379 166 148
2380 169 146
2381 56 52
2382 56 52
2383 58 59
2384 63 60
2385 57 60
2386 58 63
2387 52 55
2388 59 64
2389 55 52
2390 56 51
2391 57 60
2392 53 56
2393 52 50
2394 53 49
2395 57 59
2396 62 65
2397 58 66
2398 67 58
2399 61 64
2400 67 63
2401 64 67
2402 56 53
2403 60 65
2404 77 191
2405 80 176
2406 73 173
2407 76 176
2408 72 186
2409 70 190
2410 84 175
2411 86 182
2412 84 181
2413 86 184
2414 77 180
2415 79 191
2416 75 183
2417 74 188
2418 80 175
2419 77 181
2420 71 181
2421 82 184
2422 84 184
2423 70 183
2424 73 187
2425 80 183
2426 71 180
2427 87 189
2428 79 176
2429 76 184
2430 81 178
2431 79 189
2432 83 191
2433 70 189
2434 183 90
2435 181 100
2436 183 97
2437 186 88
2438 191 95
2439 188 89
2440 178 94
2441 187 94
2442 182 96
2443 191 91
2444 184 90
2445 173 94
2446 178 98
2447 190 97
2448 174 92
2449 181 94
2450 178 90
2451 179 92
2452 178 99
2453 185 98
2454 182 90
2455 187 89
2456 178 91
2457 187 90
2458 173 99
2459 191 90
2460 182 91
2461 187 93
2462 185 98
2463 179 90
2464 213 215
2465 215 211
2466 209 216
2467 210 213
2468 219 215
2469 210 219
2470 219 212
2471 216 212
2472 217 207
2473 208 214
2474 218 211
2475 211 207
2476 220 208
2477 220 208
2478 214 208
2479 214 208
2480 215 219
2481 212 213
2482 215 221
2483 219 218
2484 214 210
2485 221 218
2486 211 218
2487 212 219
2488 213 211
2489 215 212
2490 67 68
2491 60 80
2492 57 80
2493 52 75
2494 55 80
2495 55 74
2496 51 80
2497 65 82
2498 58 74
2499 53 87
2500 62 79
2501 58 81
2502 55 75
2503 49 68
2504 50 78
2505 65 71
2506 67 76
2507 54 80
2508 65 69
2509 55 72
2510 67 79
2511 59 83
2512 56 76
2513 64 81
2514 56 84
2515 50 80
2516 49 69
2517 53 69
2518 64 75
2519 53 84
2520 219 179
2521 216 180
2522 208 186
2523 213 177
2524 220 179
2525 208 173
2526 208 182
2527 218 187
2528 217 188
2529 220 186
2530 208 179
2531 208 182
2532 207 175
2533 215 188
2534 210 173
2535 212 176
2536 208 173
2537 209 191
2538 209 183
2539 219 189
2540 221 175
2541 210 182
2542 214 183
2543 213 183
2544 208 186
2545 212 174
2546 214 185
2547 221 175
2548 216 184
2549 207 179
2550 111 18
2551 112 21
2552 105 23
2553 117 13
2554 120 24
2555 118 13
2556 109 26
2557 103 27
2558 109 17
2559 108 23
2560 122 21
2561 105 22
2562 122 15
2563 120 22
2564 111 15
2565 114 18
2566 108 22
2567 104 18
2568 112 24
2569 121 17
2570 105 13
2571 117 20
2572 109 25
2573 113 14
2574 108 23
2575 120 23
2576 118 13
2577 112 30
2578 117 24
2579 104 21
2580 240 166
2581 229 168
2582 236 158
2583 223 171
2584 236 171
2585 229 167
2586 223 172
2587 228 161
2588 234 161
2589 233 172
2590 239 168
2591 240 171
2592 232 161
2593 237 167
2594 225 165
2595 229 158
2596 225 162
2597 240 160
2598 231 172
2599 240 162
2600 237 159
2601 229 163
2602 236 168
2603 235 167
2604 237 166
2605 234 164
2606 234 169
2607 222 170
2608 229 169
2609 228 166
2610 211 150
2611 220 150
2612 212 146
2613 209 150
2614 219 156
2615 219 156
2616 221 143
2617 218 156
2618 221 142
2619 215 154
2620 209 152
2621 219 142
2622 221 142
2623 215 145
2624 208 157
2625 208 154
2626 218 143
2627 216 157
2628 209 149
2629 220 156
2630 211 154
2631 218 148
2632 215 151
2633 210 148
2634 211 149
2635 212 143
2636 214 152
2637 208 144
2638 209 156
2639 221 148
2640 120 165
2641 121 171
2642 118 164
2643 113 161
2644 119 163
2645 105 160
2646 116 169
2647 112 165
2648 103 167
2649 119 160
2650 108 167
2651 109 165
2652 121 165
2653 107 159
2654 116 161
2655 109 172
2656 110 172
2657 107 158
2658 109 161
2659 113 159
2660 111 161
2661 104 170
2662 122 170
2663 116 160
2664 121 160
2665 118 160
2666 104 164
2667 104 167
2668 117 163
2669 114 169
2670 95 72
2671 96 78
2672 91 76
2673 98 83
2674 93 75
2675 101 80
2676 95 76
2677 91 74
2678 89 87
2679 89 75
2680 91 71
2681 101 84
2682 100 86
2683 94 81
2684 90 77
2685 88 82
2686 88 74
2687 98 70
2688 98 87
2689 100 75
2690 98 71
2691 89 83
2692 101 87
2693 101 82
2694 89 68
2695 97 82
2696 90 87
2697 98 68
2698 98 73
2699 99 74
2700 103 65
2701 104 66
2702 104 51
2703 113 62
2704 104 59
2705 115 52
2706 119 56
2707 114 65
2708 118 64
2709 121 51
2710 122 54
2711 114 67
2712 106 63
2713 117 51
2714 108 56
2715 120 49
2716 113 52
2717 111 66
2718 116 56
2719 114 65
2720 117 62
2721 107 57
2722 112 57
2723 117 50
2724 107 52
2725 109 64
2726 117 54
2727 105 63
2728 118 52
2729 116 66
2730 210 136
2731 211 128
2732 217 125
2733 216 135
2734 220 139
2735 207 139
2736 221 139
2737 208 132
2738 216 123
2739 218 134
2740 220 126
2741 212 127
2742 209 131
2743 210 131
2744 207 132
2745 216 138
2746 209 124
2747 209 135
2748 217 134
2749 210 136
2750 221 135
2751 221 126
2752 209 130
2753 214 133
2754 209 136
2755 211 135
2756 209 127
2757 217 134
2758 213 127
2759 221 127
2760 180 197
2761 184 203
2762 179 200
2763 178 192
2764 174 201
2765 187 199
2766 182 201
2767 185 197
2768 182 200
2769 190 200
2770 185 205
2771 175 199
2772 176 200
2773 186 198
2774 181 202
2775 184 193
2776 174 200
2777 184 200
2778 174 196
2779 184 192
2780 182 195
2781 184 200
2782 176 192
2783 178 200
2784 173 197
2785 179 198
2786 183 198
2787 187 193
2788 174 206
2789 176 198
2790 34 25
2791 42 28
2792 32 29
2793 40 26
2794 45 21
2795 42 15
2796 48 30
2797 31 23
2798 37 30
2799 41 14
2800 41 22
2801 42 18
2802 44 12
2803 35 12
2804 34 27
2805 33 22
2806 31 28
2807 42 23
2808 48 26
2809 34 26
2810 39 17
2811 44 22
2812 46 25
2813 46 16
2814 42 22
2815 34 18
2816 39 28
2817 37 27
2818 43 16
2819 40 29
2820 143 235
2821 147 230
2822 142 222
2823 154 241
2824 148 241
2825 142 231
2826 144 228
2827 148 233
2828 147 233
2829 143 231
2830 147 223
2831 146 234
2832 141 234
2833 147 235
2834 151 240
2835 148 233
2836 148 223
2837 143 222
2838 141 229
2839 146 222
2840 142 224
2841 154 228
2842 145 241
2843 153 224
2844 142 227
2845 144 240
2846 145 241
2847 153 234
2848 148 227
2849 147 236
2850 140 180
2851 126 173
2852 123 191
2853 124 181
2854 130 184
2855 133 175
2856 127 185
2857 123 178
2858 127 177
2859 135 183
2860 129 184
2861 137 175
2862 137 189
2863 133 180
2864 137 189
2865 125 180
2866 137 176
2867 123 174
2868 138 188
2869 139 184
2870 139 185
2871 130 190
2872 126 175
2873 129 182
2874 132 182
2875 134 182
2876 125 188
2877 126 183
2878 138 191
2879 126 176
