221 240 10 2907
0 7
1 8
2 8
3 5
4 9
5 4
6 8
7 7
8 9
9 7
10 6
11 9
12 5
13 4
14 4
15 3
16 3
17 3
18 4
19 3
20 5
21 3
22 3
23 4
24 4
25 3
26 3
27 3
28 3
29 5
30 5
31 6
32 3
33 3
34 3
35 3
36 4
37 3
38 3
39 3
40 3
41 3
42 3
43 3
44 3
45 3
46 4
47 3
48 3
49 3
50 5
51 3
52 3
53 3
54 3
55 4
56 5
57 3
58 4
59 3
60 5
61 4
62 3
63 4
64 5
65 3
66 3
67 3
68 3
69 3
70 4
71 3
72 4
73 3
74 4
75 3
76 3
77 3
78 3
79 4
80 3
81 5
82 3
83 3
84 3
85 3
86 3
87 3
88 4
89 4
90 3
91 3
92 3
93 3
94 4
95 5
96 5
97 3
98 3
99 3
100 4
101 3
102 3
103 4
104 4
105 3
106 5
107 3
108 3
109 5
110 3
111 3
112 4
113 3
114 3
115 5
116 3
117 4
118 4
119 3
120 4
121 3
122 4
123 4
124 3
125 3
126 3
127 3
128 3
129 3
130 6
131 3
132 3
133 3
134 5
135 3
136 3
137 3
138 3
139 3
140 3
141 3
142 3
143 3
144 3
145 6
146 3
147 3
148 3
149 4
150 3
151 3
152 3
153 4
154 3
155 3
156 3
157 4
158 4
159 3
160 3
161 3
162 3
163 4
164 3
165 3
166 5
167 4
168 3
169 3
170 3
171 4
172 5
173 3
174 3
175 3
176 4
177 3
178 3
179 3
180 3
181 6
182 3
183 3
184 3
185 3
186 3
187 4
188 3
189 3
190 4
191 3
192 3
193 3
194 3
195 4
196 3
197 3
198 4
199 5
200 3
201 3
202 4
203 3
204 3
205 4
206 3
207 3
208 3
209 3
210 3
211 3
212 6
213 3
214 5
215 5
216 3
217 4
218 3
219 6
220 3
0 0 1
1 0 2
2 0 4
3 0 8
4 0 9
5 0 10
6 0 11
7 1 3
8 1 7
9 1 8
10 1 9
11 1 11
12 1 45
13 1 202
14 2 3
15 2 5
16 2 6
17 2 7
18 2 11
19 2 109
20 3 6
21 3 7
22 3 9
23 4 6
24 4 8
25 4 11
26 4 12
27 4 29
28 4 60
29 4 127
30 5 11
31 5 167
32 6 7
33 6 94
34 6 147
35 7 8
36 8 9
37 8 10
38 8 11
39 8 77
40 8 187
41 9 10
42 10 11
43 12 26
44 12 23
45 13 20
46 13 23
47 13 18
48 14 16
49 14 15
50 14 28
51 15 27
52 16 21
53 17 20
54 18 27
55 19 21
56 20 22
57 24 25
58 24 27
59 29 41
60 29 30
61 30 39
62 30 44
63 31 33
64 31 37
65 31 42
66 31 36
67 32 34
68 32 38
69 32 39
70 35 37
71 36 40
72 38 40
73 38 43
74 45 46
75 45 56
76 46 49
77 47 50
78 48 55
79 48 52
80 49 58
81 50 53
82 50 56
83 51 58
84 52 56
85 52 59
86 53 57
87 54 55
88 60 68
89 60 64
90 60 70
91 61 73
92 61 66
93 61 72
94 62 74
95 62 66
96 63 70
97 63 71
98 63 76
99 64 67
100 64 69
101 65 74
102 72 75
103 72 76
104 77 92
105 78 93
106 79 90
107 79 82
108 80 82
109 80 91
110 81 84
111 81 88
112 81 93
113 83 91
114 84 86
115 85 88
116 86 89
117 87 90
118 88 92
119 89 91
120 94 106
121 95 105
122 95 107
123 95 108
124 96 101
125 96 106
126 96 108
127 97 106
128 98 106
129 99 103
130 100 102
131 100 104
132 103 106
133 104 108
134 109 122
135 109 121
136 110 121
137 110 124
138 111 121
139 112 116
140 112 115
141 112 122
142 113 117
143 114 115
144 115 123
145 117 120
146 118 125
147 118 122
148 119 123
149 120 123
150 124 126
151 127 133
152 127 134
153 128 141
154 128 130
155 128 131
156 129 145
157 130 135
158 130 138
159 130 142
160 130 132
161 131 137
162 131 136
163 132 143
164 133 139
165 134 144
166 134 145
167 136 144
168 140 145
169 145 146
170 147 157
171 148 157
172 148 160
173 148 150
174 149 158
175 149 164
176 150 154
177 151 163
178 152 158
179 153 159
180 153 154
181 153 164
182 154 155
183 156 165
184 156 163
185 161 162
186 162 166
187 163 166
188 164 166
189 167 179
190 168 184
191 168 170
192 169 181
193 170 172
194 171 177
195 171 180
196 171 178
197 172 183
198 172 175
199 172 181
200 173 177
201 174 176
202 175 178
203 176 179
204 177 182
205 179 181
206 180 185
207 181 186
208 187 190
209 187 199
210 188 190
211 189 194
212 189 191
213 189 198
214 190 196
215 190 198
216 191 200
217 192 199
218 193 195
219 193 198
220 195 197
221 199 201
222 202 212
223 203 205
224 204 212
225 205 209
226 205 215
227 206 219
228 207 219
229 208 217
230 210 211
231 211 219
232 211 213
233 212 215
234 212 214
235 213 216
236 214 217
237 214 219
238 215 218
239 216 220
0 66 184
1 66 180
2 72 179
3 73 180
4 74 177
5 73 183
6 65 177
7 76 182
8 75 181
9 61 180
10 75 182
11 69 181
12 74 170
13 61 178
14 60 175
15 62 179
16 65 178
17 67 184
18 60 170
19 65 175
20 68 173
21 75 171
22 68 186
23 73 180
24 64 168
25 72 174
26 63 171
27 64 170
28 61 173
29 63 175
30 214 165
31 209 164
32 213 158
33 203 151
34 219 163
35 218 150
36 208 166
37 207 164
38 205 154
39 215 151
40 216 157
41 220 152
42 209 161
43 215 160
44 220 156
45 208 162
46 217 150
47 210 161
48 204 161
49 214 150
50 210 165
51 205 161
52 214 151
53 212 152
54 205 163
55 209 147
56 216 160
57 207 159
58 210 153
59 209 150
60 31 204
61 43 217
62 43 213
63 35 206
64 42 212
65 38 206
66 40 207
67 30 213
68 40 203
69 35 217
70 38 218
71 44 219
72 35 204
73 29 204
74 44 213
75 43 202
76 33 207
77 31 218
78 41 219
79 41 219
80 33 203
81 35 219
82 38 216
83 35 214
84 41 220
85 44 211
86 38 212
87 40 211
88 39 203
89 29 204
90 137 36
91 135 38
92 129 31
93 137 41
94 143 34
95 130 34
96 134 39
97 138 37
98 135 42
99 129 32
100 139 41
101 143 32
102 133 40
103 128 32
104 138 39
105 129 40
106 142 44
107 141 40
108 146 33
109 133 36
110 145 36
111 140 44
112 135 40
113 141 42
114 143 44
115 146 37
116 132 35
117 138 32
118 132 39
119 132 31
120 196 54
121 197 52
122 197 55
123 194 48
124 192 53
125 189 55
126 201 50
127 197 57
128 199 57
129 195 52
130 190 45
131 191 48
132 189 56
133 201 59
134 199 59
135 195 49
136 196 51
137 194 51
138 191 51
139 198 46
140 200 49
141 194 56
142 198 52
143 198 50
144 201 53
145 187 59
146 194 56
147 194 49
148 194 57
149 187 59
150 29 55
151 30 53
152 43 57
153 41 58
154 41 47
155 34 48
156 43 57
157 33 59
158 39 49
159 31 50
160 44 46
161 34 49
162 33 59
163 29 52
164 31 55
165 39 58
166 40 47
167 38 57
168 39 57
169 36 45
170 44 47
171 36 56
172 34 52
173 30 49
174 30 59
175 29 53
176 37 53
177 41 59
178 31 50
179 42 47
180 145 190
181 140 188
182 128 196
183 137 201
184 143 191
185 141 195
186 138 192
187 135 198
188 127 192
189 133 192
190 129 191
191 141 193
192 128 191
193 131 189
194 137 193
195 133 189
196 128 189
197 133 194
198 130 194
199 136 190
200 133 190
201 135 190
202 139 187
203 144 191
204 130 188
205 137 197
206 146 196
207 140 196
208 143 197
209 144 201
210 21 37
211 21 36
212 28 30
213 21 38
214 27 43
215 23 30
216 13 34
217 20 33
218 20 32
219 15 38
220 14 33
221 19 40
222 26 39
223 15 31
224 25 44
225 15 29
226 27 37
227 20 39
228 14 29
229 28 43
230 22 29
231 24 44
232 17 42
233 12 43
234 12 41
235 23 30
236 27 34
237 16 34
238 23 41
239 21 30
240 192 186
241 197 184
242 189 177
243 191 176
244 193 175
245 196 176
246 201 172
247 200 176
248 192 177
249 188 179
250 188 172
251 196 179
252 199 177
253 189 179
254 199 184
255 199 174
256 198 175
257 192 184
258 200 180
259 193 170
260 198 185
261 192 183
262 195 173
263 191 174
264 197 186
265 189 186
266 189 179
267 189 184
268 191 182
269 191 176
270 14 23
271 12 20
272 22 24
273 24 19
274 18 25
275 28 13
276 25 14
277 24 19
278 15 12
279 27 21
280 25 19
281 21 25
282 22 18
283 26 25
284 13 21
285 25 13
286 23 24
287 126 27
288 111 28
289 110 21
290 119 23
291 113 21
292 119 25
293 113 20
294 126 13
295 110 14
296 115 15
297 116 13
298 125 19
299 118 16
300 113 19
301 124 18
302 126 14
303 117 13
304 111 24
305 109 19
306 117 17
307 116 12
308 126 16
309 110 17
310 125 28
311 123 16
312 126 27
313 116 19
314 109 16
315 109 20
316 121 24
317 204 179
318 202 186
319 213 171
320 213 182
321 220 178
322 203 167
323 211 179
324 203 174
325 204 185
326 211 184
327 210 172
328 204 174
329 216 167
330 202 184
331 215 172
332 212 179
333 210 182
334 211 168
335 210 184
336 216 186
337 219 176
338 208 182
339 214 175
340 211 180
341 212 179
342 214 174
343 208 170
344 214 185
345 212 180
346 208 178
347 205 199
348 211 197
349 212 197
350 208 191
351 216 188
352 202 193
353 207 188
354 214 195
355 213 193
356 202 198
357 205 188
358 203 192
359 215 188
360 206 191
361 217 199
362 205 193
363 210 195
364 206 192
365 211 188
366 217 188
367 216 192
368 202 198
369 213 201
370 212 193
371 212 188
372 212 201
373 214 192
374 208 200
375 202 200
376 206 191
377 158 147
378 160 154
379 159 157
380 157 159
381 160 153
382 155 152
383 147 160
384 151 155
385 147 166
386 166 147
387 158 159
388 154 162
389 164 155
390 166 150
391 156 150
392 147 151
393 152 157
394 155 160
395 154 163
396 153 151
397 152 161
398 154 163
399 153 152
400 153 165
401 166 148
402 97 1
403 108 3
404 104 7
405 107 11
406 103 6
407 99 3
408 99 1
409 108 4
410 100 3
411 103 4
412 98 2
413 101 4
414 104 10
415 107 9
416 108 4
417 97 4
418 101 7
419 107 9
420 96 4
421 106 3
422 101 6
423 99 0
424 102 2
425 108 5
426 107 11
427 105 4
428 101 6
429 69 50
430 60 56
431 68 58
432 67 47
433 71 48
434 75 47
435 72 52
436 63 57
437 61 46
438 60 46
439 63 49
440 71 58
441 68 46
442 74 49
443 71 57
444 65 56
445 69 59
446 71 46
447 60 45
448 69 47
449 61 46
450 71 56
451 66 45
452 65 59
453 62 54
454 64 51
455 68 45
456 70 49
457 62 46
458 70 51
459 159 217
460 157 220
461 161 209
462 155 212
463 152 204
464 152 216
465 164 206
466 152 213
467 162 213
468 150 205
469 147 206
470 147 220
471 148 205
472 150 204
473 166 213
474 149 208
475 164 217
476 153 205
477 151 215
478 166 210
479 164 206
480 165 203
481 160 217
482 155 217
483 147 211
484 162 208
485 156 208
486 153 217
487 156 203
488 164 203
489 165 196
490 157 199
491 152 187
492 151 193
493 151 187
494 149 198
495 156 196
496 150 187
497 154 187
498 152 195
499 149 190
500 163 201
501 159 190
502 157 189
503 164 187
504 149 190
505 159 198
506 162 194
507 165 189
508 166 201
509 154 194
510 149 196
511 150 198
512 152 191
513 161 198
514 148 193
515 151 196
516 153 188
517 151 193
518 159 189
519 84 170
520 90 180
521 82 168
522 91 177
523 77 178
524 83 167
525 89 182
526 80 172
527 84 183
528 78 167
529 93 171
530 93 168
531 89 185
532 87 173
533 92 173
534 77 174
535 79 173
536 78 183
537 85 175
538 90 170
539 92 183
540 90 167
541 90 178
542 81 170
543 79 184
544 80 171
545 87 177
546 85 183
547 78 169
548 78 173
549 54 220
550 49 208
551 57 214
552 55 215
553 48 212
554 50 205
555 53 204
556 51 215
557 49 216
558 58 202
559 59 217
560 49 217
561 55 219
562 56 217
563 51 213
564 46 206
565 46 213
566 47 205
567 50 213
568 45 216
569 57 204
570 57 219
571 52 215
572 47 207
573 49 212
574 55 220
575 57 217
576 58 209
577 56 212
578 55 214
579 173 34
580 173 38
581 176 29
582 172 32
583 183 30
584 170 35
585 168 42
586 181 34
587 174 41
588 174 37
589 182 36
590 169 36
591 176 31
592 186 32
593 177 39
594 180 35
595 181 38
596 173 32
597 186 31
598 185 44
599 184 37
600 170 37
601 178 41
602 185 39
603 168 32
604 167 39
605 174 37
606 186 38
607 178 44
608 178 38
609 99 56
610 108 59
611 106 53
612 102 53
613 97 52
614 97 53
615 103 59
616 98 47
617 99 47
618 96 48
619 98 49
620 96 47
621 105 47
622 95 46
623 97 56
624 95 54
625 100 55
626 96 47
627 95 58
628 102 49
629 96 56
630 100 50
631 96 53
632 95 47
633 107 57
634 100 56
635 98 53
636 94 49
637 95 51
638 98 51
639 113 10
640 117 5
641 113 10
642 118 10
643 112 1
644 118 8
645 119 2
646 126 10
647 119 10
648 125 0
649 114 9
650 112 7
651 111 7
652 119 6
653 126 3
654 125 7
655 113 6
656 114 10
657 114 6
658 119 1
659 121 7
660 119 7
661 126 5
662 118 6
663 124 1
664 115 6
665 115 6
666 112 11
667 126 7
668 138 64
669 144 64
670 128 72
671 141 70
672 138 74
673 135 72
674 131 74
675 145 66
676 139 67
677 144 70
678 134 74
679 136 64
680 129 65
681 135 73
682 139 64
683 146 67
684 146 69
685 143 61
686 140 61
687 137 70
688 145 68
689 135 72
690 129 66
691 137 64
692 144 65
693 132 72
694 136 70
695 132 60
696 145 62
697 134 62
698 26 154
699 24 149
700 13 156
701 20 147
702 25 161
703 27 147
704 28 160
705 28 153
706 12 166
707 18 166
708 15 166
709 15 162
710 28 154
711 17 158
712 20 158
713 22 155
714 23 158
715 21 149
716 12 164
717 13 158
718 20 160
719 18 150
720 14 147
721 21 156
722 18 161
723 20 163
724 23 165
725 20 157
726 21 151
727 28 156
728 51 48
729 48 57
730 53 49
731 51 50
732 54 45
733 54 46
734 47 54
735 56 55
736 52 51
737 58 50
738 59 53
739 58 57
740 56 55
741 45 51
742 53 51
743 59 50
744 46 52
745 57 54
746 55 46
747 57 52
748 55 196
749 48 200
750 53 188
751 59 194
752 54 201
753 51 195
754 48 198
755 52 191
756 52 191
757 57 189
758 53 188
759 46 200
760 48 192
761 52 200
762 46 190
763 46 199
764 56 199
765 57 201
766 50 195
767 46 200
768 59 196
769 56 198
770 47 191
771 59 196
772 56 191
773 57 193
774 45 198
775 57 188
776 53 190
777 50 201
778 53 55
779 55 45
780 56 54
781 53 54
782 50 46
783 45 51
784 47 54
785 52 46
786 56 58
787 52 57
788 54 58
789 49 52
790 54 59
791 59 58
792 51 55
793 46 51
794 46 51
795 46 48
796 48 58
797 46 51
798 48 45
799 167 77
800 180 84
801 177 78
802 182 80
803 168 79
804 168 90
805 170 88
806 169 88
807 178 82
808 171 84
809 179 77
810 178 93
811 186 80
812 174 81
813 170 80
814 186 84
815 174 82
816 175 85
817 184 92
818 170 79
819 169 90
820 167 82
821 168 90
822 185 90
823 186 91
824 179 81
825 168 91
826 172 88
827 171 90
828 172 80
829 212 115
830 203 115
831 219 125
832 202 124
833 216 109
834 220 110
835 204 121
836 209 113
837 211 115
838 215 115
839 210 119
840 219 118
841 213 120
842 212 115
843 211 122
844 216 109
845 213 121
846 209 109
847 219 119
848 214 109
849 218 122
850 211 111
851 202 126
852 206 126
853 206 120
854 208 118
855 208 122
856 215 114
857 216 119
858 212 112
859 42 86
860 41 86
861 44 93
862 29 87
863 32 89
864 35 84
865 40 82
866 40 88
867 42 80
868 34 82
869 38 88
870 30 79
871 33 89
872 31 87
873 33 88
874 43 83
875 42 85
876 35 88
877 31 79
878 35 83
879 37 88
880 42 89
881 42 84
882 41 86
883 35 79
884 33 93
885 31 85
886 33 78
887 34 81
888 40 83
889 116 218
890 119 203
891 119 210
892 120 203
893 124 211
894 111 210
895 125 212
896 126 203
897 124 212
898 120 219
899 121 209
900 120 205
901 118 211
902 123 212
903 111 207
904 115 215
905 111 210
906 119 220
907 124 213
908 111 206
909 117 206
910 124 211
911 118 213
912 123 203
913 124 208
914 119 219
915 124 216
916 126 203
917 125 203
918 115 219
919 123 122
920 124 113
921 119 117
922 114 122
923 122 123
924 114 117
925 112 126
926 122 119
927 110 122
928 120 109
929 110 122
930 119 112
931 118 114
932 115 109
933 117 119
934 122 120
935 117 114
936 116 123
937 38 188
938 43 197
939 37 201
940 29 194
941 44 191
942 41 196
943 42 192
944 43 197
945 44 195
946 37 191
947 31 200
948 34 188
949 43 195
950 36 201
951 33 200
952 35 193
953 38 197
954 33 193
955 29 191
956 31 189
957 41 190
958 34 200
959 44 191
960 35 194
961 33 193
962 40 198
963 31 200
964 42 187
965 43 188
966 35 187
967 84 207
968 88 217
969 83 205
970 85 213
971 85 213
972 81 211
973 80 210
974 83 207
975 77 202
976 88 202
977 80 219
978 84 202
979 83 219
980 93 212
981 89 214
982 81 211
983 79 209
984 82 209
985 89 211
986 78 211
987 83 219
988 83 202
989 84 214
990 92 203
991 87 218
992 92 218
993 89 217
994 88 202
995 81 203
996 88 212
997 66 202
998 62 209
999 72 217
1000 66 220
1001 66 209
1002 65 220
1003 76 202
1004 62 206
1005 71 206
1006 72 209
1007 76 202
1008 74 202
1009 72 206
1010 74 211
1011 69 209
1012 76 213
1013 67 211
1014 69 215
1015 69 211
1016 71 211
1017 63 205
1018 61 211
1019 76 210
1020 60 211
1021 75 215
1022 70 216
1023 62 219
1024 72 217
1025 75 215
1026 69 208
1027 160 100
1028 158 104
1029 162 108
1030 152 106
1031 166 98
1032 165 102
1033 152 100
1034 157 106
1035 161 100
1036 150 100
1037 154 107
1038 164 106
1039 148 94
1040 156 107
1041 157 107
1042 158 96
1043 148 97
1044 165 105
1045 147 95
1046 154 102
1047 160 101
1048 160 94
1049 152 100
1050 157 94
1051 164 100
1052 156 104
1053 154 100
1054 152 106
1055 159 103
1056 165 106
1057 37 122
1058 37 114
1059 40 113
1060 34 124
1061 31 113
1062 30 121
1063 44 112
1064 33 111
1065 38 119
1066 44 126
1067 40 122
1068 40 114
1069 31 113
1070 29 122
1071 42 115
1072 34 111
1073 38 114
1074 33 120
1075 34 119
1076 31 126
1077 39 110
1078 44 123
1079 34 118
1080 32 109
1081 36 122
1082 38 111
1083 37 124
1084 43 126
1085 39 119
1086 43 117
1087 200 57
1088 188 45
1089 195 59
1090 201 46
1091 200 57
1092 188 46
1093 189 58
1094 194 59
1095 192 56
1096 187 58
1097 196 59
1098 192 50
1099 198 45
1100 188 57
1101 189 46
1102 194 57
1103 193 58
1104 190 58
1105 200 49
1106 194 45
1107 189 48
1108 201 48
1109 200 59
1110 201 47
1111 201 51
1112 190 51
1113 200 59
1114 197 49
1115 192 55
1116 199 54
1117 84 25
1118 77 24
1119 90 17
1120 91 20
1121 93 28
1122 92 14
1123 77 15
1124 83 20
1125 93 20
1126 86 13
1127 88 18
1128 78 23
1129 86 16
1130 92 19
1131 90 12
1132 93 16
1133 83 26
1134 88 15
1135 83 17
1136 77 23
1137 79 26
1138 90 12
1139 83 25
1140 88 28
1141 79 19
1142 93 26
1143 91 22
1144 87 14
1145 90 16
1146 87 19
1147 87 39
1148 84 30
1149 86 31
1150 91 36
1151 78 39
1152 84 32
1153 86 30
1154 86 29
1155 92 36
1156 87 37
1157 79 35
1158 78 33
1159 91 43
1160 92 32
1161 92 35
1162 78 37
1163 90 29
1164 92 39
1165 80 42
1166 83 38
1167 93 29
1168 87 44
1169 79 32
1170 90 29
1171 83 37
1172 82 32
1173 82 29
1174 92 43
1175 78 40
1176 83 41
1177 175 1
1178 167 8
1179 175 3
1180 172 0
1181 180 9
1182 167 0
1183 184 4
1184 170 10
1185 177 4
1186 167 3
1187 167 1
1188 172 6
1189 171 4
1190 181 10
1191 171 3
1192 173 9
1193 185 1
1194 170 4
1195 172 3
1196 174 7
1197 168 11
1198 180 6
1199 171 0
1200 173 3
1201 172 6
1202 176 4
1203 179 4
1204 175 7
1205 182 1
1206 168 7
1207 171 56
1208 178 58
1209 178 58
1210 167 58
1211 171 53
1212 181 55
1213 174 54
1214 174 47
1215 167 46
1216 173 59
1217 182 53
1218 183 55
1219 185 48
1220 184 48
1221 174 50
1222 184 59
1223 175 48
1224 178 51
1225 174 45
1226 171 59
1227 177 53
1228 186 58
1229 167 46
1230 182 55
1231 186 52
1232 178 58
1233 170 51
1234 177 52
1235 169 49
1236 167 53
1237 100 48
1238 97 49
1239 95 47
1240 105 53
1241 96 57
1242 96 57
1243 98 55
1244 96 50
1245 105 53
1246 97 57
1247 97 55
1248 106 53
1249 106 49
1250 108 55
1251 101 59
1252 105 59
1253 107 46
1254 106 45
1255 104 50
1256 103 45
1257 106 52
1258 99 47
1259 105 50
1260 101 45
1261 108 53
1262 95 55
1263 101 56
1264 105 57
1265 104 53
1266 100 50
1267 32 52
1268 38 53
1269 31 48
1270 36 46
1271 43 53
1272 34 59
1273 42 58
1274 36 56
1275 42 54
1276 36 45
1277 33 51
1278 43 48
1279 33 48
1280 44 56
1281 41 49
1282 36 46
1283 35 50
1284 36 59
1285 38 48
1286 32 58
1287 35 48
1288 40 50
1289 38 58
1290 30 46
1291 31 54
1292 39 47
1293 32 45
1294 43 54
1295 43 49
1296 44 46
1297 100 164
1298 103 160
1299 105 155
1300 101 154
1301 96 153
1302 108 148
1303 106 166
1304 97 162
1305 105 157
1306 103 166
1307 102 148
1308 100 160
1309 94 154
1310 108 152
1311 108 154
1312 100 151
1313 104 154
1314 102 160
1315 102 150
1316 98 152
1317 97 160
1318 104 163
1319 105 150
1320 96 152
1321 99 159
1322 105 164
1323 102 155
1324 106 152
1325 96 153
1326 96 151
1327 53 51
1328 52 57
1329 51 52
1330 49 56
1331 57 55
1332 45 48
1333 55 51
1334 53 45
1335 50 55
1336 51 57
1337 52 53
1338 59 50
1339 55 53
1340 59 54
1341 58 52
1342 52 57
1343 53 49
1344 52 57
1345 50 54
1346 46 50
1347 196 206
1348 190 205
1349 187 203
1350 200 212
1351 196 208
1352 191 213
1353 196 215
1354 196 217
1355 199 208
1356 187 204
1357 196 204
1358 189 205
1359 196 220
1360 190 214
1361 198 202
1362 199 208
1363 187 203
1364 195 206
1365 196 205
1366 201 220
1367 200 202
1368 199 220
1369 198 208
1370 189 217
1371 197 214
1372 198 203
1373 190 204
1374 189 216
1375 188 213
1376 200 210
1377 62 8
1378 71 5
1379 71 9
1380 72 9
1381 73 0
1382 67 4
1383 73 5
1384 74 8
1385 65 5
1386 64 8
1387 66 3
1388 75 8
1389 72 9
1390 60 10
1391 73 5
1392 66 3
1393 64 10
1394 73 11
1395 65 7
1396 72 6
1397 73 4
1398 73 7
1399 71 8
1400 60 9
1401 70 0
1402 75 11
1403 61 3
1404 64 7
1405 76 2
1406 70 1
1407 33 106
1408 39 107
1409 41 105
1410 40 108
1411 30 106
1412 41 104
1413 31 97
1414 44 96
1415 41 94
1416 31 106
1417 43 100
1418 37 105
1419 37 94
1420 33 96
1421 39 103
1422 37 103
1423 33 104
1424 43 94
1425 33 94
1426 38 103
1427 38 106
1428 38 105
1429 44 101
1430 44 108
1431 33 99
1432 44 107
1433 36 104
1434 29 97
1435 37 104
1436 44 104
1437 103 153
1438 98 162
1439 96 155
1440 103 159
1441 103 156
1442 107 155
1443 103 159
1444 101 153
1445 100 155
1446 94 161
1447 99 160
1448 94 151
1449 94 148
1450 107 162
1451 108 149
1452 107 156
1453 101 162
1454 103 155
1455 108 158
1456 94 152
1457 97 162
1458 103 166
1459 104 165
1460 100 166
1461 105 154
1462 105 157
1463 104 153
1464 106 147
1465 106 152
1466 98 162
1467 56 5
1468 50 11
1469 58 7
1470 51 6
1471 52 9
1472 50 8
1473 47 3
1474 55 3
1475 58 3
1476 53 8
1477 59 9
1478 47 4
1479 53 7
1480 56 2
1481 57 0
1482 47 9
1483 58 4
1484 58 8
1485 56 6
1486 57 3
1487 52 6
1488 47 4
1489 57 3
1490 53 9
1491 57 6
1492 50 2
1493 45 4
1494 55 11
1495 57 160
1496 46 161
1497 52 162
1498 57 156
1499 46 149
1500 47 147
1501 56 149
1502 59 154
1503 51 155
1504 59 163
1505 54 161
1506 49 165
1507 56 148
1508 48 154
1509 45 164
1510 49 160
1511 51 152
1512 47 158
1513 55 149
1514 55 148
1515 51 166
1516 46 156
1517 55 147
1518 52 166
1519 45 150
1520 47 161
1521 47 153
1522 58 148
1523 47 165
1524 50 166
1525 9 59
1526 10 52
1527 11 49
1528 6 50
1529 5 56
1530 8 47
1531 3 58
1532 9 50
1533 5 51
1534 0 54
1535 2 50
1536 0 58
1537 3 56
1538 7 57
1539 7 58
1540 9 51
1541 8 50
1542 9 59
1543 1 55
1544 7 50
1545 0 54
1546 9 52
1547 0 49
1548 2 50
1549 9 58
1550 9 55
1551 4 45
1552 1 50
1553 5 56
1554 76 19
1555 69 15
1556 65 25
1557 75 14
1558 75 24
1559 74 16
1560 64 15
1561 60 27
1562 72 14
1563 70 22
1564 60 21
1565 63 28
1566 75 12
1567 76 26
1568 72 21
1569 71 13
1570 74 16
1571 71 17
1572 68 14
1573 65 25
1574 62 17
1575 76 28
1576 71 24
1577 76 14
1578 63 28
1579 62 21
1580 60 25
1581 64 27
1582 70 28
1583 65 27
1584 5 150
1585 5 150
1586 1 154
1587 2 162
1588 11 158
1589 6 154
1590 5 166
1591 3 154
1592 11 162
1593 11 149
1594 10 165
1595 8 159
1596 6 158
1597 6 158
1598 6 166
1599 11 153
1600 11 160
1601 9 162
1602 9 160
1603 10 156
1604 11 149
1605 9 148
1606 3 161
1607 10 161
1608 9 147
1609 11 154
1610 5 166
1611 10 160
1612 4 152
1613 9 157
1614 149 107
1615 163 101
1616 155 94
1617 156 102
1618 166 105
1619 165 95
1620 157 103
1621 161 95
1622 156 97
1623 159 94
1624 166 97
1625 148 108
1626 151 104
1627 160 107
1628 159 108
1629 166 97
1630 160 108
1631 154 101
1632 162 106
1633 151 107
1634 152 105
1635 154 106
1636 150 98
1637 148 95
1638 159 98
1639 156 101
1640 154 101
1641 163 97
1642 148 105
1643 163 97
1644 166 2
1645 162 5
1646 158 10
1647 163 4
1648 153 8
1649 153 6
1650 161 10
1651 160 11
1652 157 2
1653 159 3
1654 156 9
1655 155 9
1656 165 7
1657 147 1
1658 161 0
1659 160 2
1660 164 9
1661 162 8
1662 152 1
1663 159 8
1664 150 3
1665 158 0
1666 148 4
1667 156 6
1668 162 7
1669 158 2
1670 148 10
1671 155 0
1672 154 10
1673 206 69
1674 209 68
1675 213 60
1676 214 62
1677 213 66
1678 206 71
1679 216 69
1680 209 69
1681 204 67
1682 210 62
1683 215 66
1684 204 64
1685 216 71
1686 209 60
1687 214 70
1688 206 68
1689 210 70
1690 218 72
1691 209 64
1692 206 70
1693 215 72
1694 207 73
1695 220 66
1696 217 75
1697 219 71
1698 210 65
1699 210 60
1700 202 60
1701 209 70
1702 203 69
1703 91 73
1704 85 61
1705 88 63
1706 91 70
1707 88 73
1708 82 75
1709 87 60
1710 91 74
1711 88 66
1712 78 65
1713 80 66
1714 87 71
1715 91 64
1716 81 73
1717 84 76
1718 89 68
1719 91 75
1720 86 71
1721 80 74
1722 82 64
1723 81 75
1724 87 74
1725 90 60
1726 87 62
1727 90 65
1728 86 75
1729 90 68
1730 84 73
1731 77 74
1732 84 70
1733 207 17
1734 219 23
1735 217 23
1736 209 28
1737 205 21
1738 210 28
1739 208 13
1740 207 27
1741 219 22
1742 212 16
1743 220 20
1744 203 14
1745 211 14
1746 203 13
1747 215 21
1748 211 14
1749 220 20
1750 202 18
1751 220 28
1752 213 20
1753 212 15
1754 212 21
1755 204 14
1756 219 23
1757 206 25
1758 216 13
1759 215 13
1760 213 26
1761 217 28
1762 220 28
1763 83 20
1764 90 23
1765 84 13
1766 81 13
1767 92 14
1768 81 25
1769 78 17
1770 79 12
1771 92 22
1772 81 20
1773 78 24
1774 93 15
1775 85 15
1776 79 17
1777 82 27
1778 82 14
1779 87 21
1780 78 22
1781 84 17
1782 93 27
1783 91 25
1784 83 26
1785 79 13
1786 92 26
1787 90 13
1788 82 26
1789 77 15
1790 92 15
1791 91 17
1792 79 19
1793 77 119
1794 78 125
1795 79 113
1796 85 112
1797 92 126
1798 81 123
1799 78 109
1800 77 123
1801 83 115
1802 88 121
1803 84 125
1804 87 123
1805 77 120
1806 85 114
1807 79 119
1808 83 114
1809 85 112
1810 85 115
1811 79 116
1812 81 117
1813 86 110
1814 84 112
1815 83 126
1816 84 124
1817 90 115
1818 79 111
1819 80 113
1820 81 117
1821 84 122
1822 77 122
1823 20 83
1824 25 83
1825 21 84
1826 13 92
1827 25 85
1828 28 77
1829 24 79
1830 15 80
1831 17 80
1832 18 81
1833 23 81
1834 14 77
1835 13 81
1836 25 88
1837 13 80
1838 21 77
1839 28 79
1840 16 83
1841 15 91
1842 25 77
1843 16 90
1844 22 79
1845 21 87
1846 18 87
1847 18 80
1848 26 77
1849 20 89
1850 13 87
1851 20 79
1852 27 81
1853 158 216
1854 159 216
1855 166 211
1856 165 220
1857 155 219
1858 163 209
1859 163 203
1860 160 205
1861 160 209
1862 162 214
1863 156 207
1864 165 214
1865 149 202
1866 155 213
1867 164 215
1868 150 207
1869 159 205
1870 156 209
1871 160 217
1872 161 217
1873 166 219
1874 147 217
1875 147 220
1876 150 219
1877 147 215
1878 160 209
1879 150 206
1880 152 207
1881 159 209
1882 151 215
1883 14 87
1884 16 87
1885 27 92
1886 12 79
1887 23 84
1888 22 80
1889 17 92
1890 15 89
1891 19 79
1892 27 89
1893 15 88
1894 23 85
1895 22 80
1896 21 79
1897 16 78
1898 24 83
1899 23 84
1900 23 85
1901 16 78
1902 12 85
1903 17 80
1904 22 83
1905 16 90
1906 25 81
1907 20 82
1908 16 84
1909 26 90
1910 24 80
1911 24 84
1912 25 80
1913 79 117
1914 88 109
1915 78 118
1916 82 114
1917 85 113
1918 87 119
1919 77 122
1920 87 110
1921 93 113
1922 84 118
1923 78 118
1924 82 113
1925 77 116
1926 81 114
1927 90 121
1928 91 111
1929 84 118
1930 87 125
1931 86 111
1932 89 126
1933 90 123
1934 89 113
1935 85 121
1936 89 124
1937 84 126
1938 78 123
1939 90 116
1940 83 113
1941 84 109
1942 84 123
1943 73 44
1944 62 36
1945 68 34
1946 63 37
1947 62 31
1948 73 42
1949 65 33
1950 62 30
1951 67 34
1952 76 38
1953 73 42
1954 64 35
1955 61 30
1956 69 36
1957 64 31
1958 75 40
1959 61 31
1960 63 33
1961 65 30
1962 75 38
1963 64 35
1964 72 42
1965 64 35
1966 61 39
1967 67 31
1968 64 31
1969 70 41
1970 70 34
1971 60 36
1972 60 41
1973 29 214
1974 29 206
1975 44 217
1976 39 208
1977 37 203
1978 29 215
1979 37 203
1980 32 214
1981 42 211
1982 29 204
1983 38 206
1984 32 208
1985 29 214
1986 39 202
1987 44 209
1988 43 207
1989 32 207
1990 40 217
1991 34 209
1992 40 207
1993 30 211
1994 42 210
1995 37 208
1996 36 216
1997 43 205
1998 38 202
1999 42 210
2000 40 202
2001 39 208
2002 36 209
2003 55 84
2004 59 88
2005 54 82
2006 50 77
2007 58 77
2008 46 88
2009 52 90
2010 56 88
2011 46 83
2012 57 85
2013 58 80
2014 56 85
2015 52 79
2016 46 91
2017 57 93
2018 57 91
2019 51 77
2020 58 81
2021 59 77
2022 47 77
2023 50 77
2024 56 83
2025 49 84
2026 54 85
2027 54 77
2028 57 83
2029 52 88
2030 50 80
2031 51 87
2032 49 90
2033 16 88
2034 16 78
2035 12 84
2036 15 90
2037 22 93
2038 28 88
2039 20 85
2040 20 85
2041 22 86
2042 16 90
2043 25 77
2044 13 84
2045 22 89
2046 14 77
2047 20 84
2048 26 83
2049 25 86
2050 20 80
2051 20 88
2052 18 93
2053 15 86
2054 21 90
2055 23 80
2056 16 77
2057 24 79
2058 25 90
2059 24 77
2060 18 80
2061 20 89
2062 27 83
2063 184 200
2064 180 187
2065 168 195
2066 185 194
2067 183 189
2068 186 198
2069 182 199
2070 179 190
2071 176 190
2072 179 190
2073 174 193
2074 170 193
2075 181 187
2076 167 193
2077 179 199
2078 186 190
2079 167 187
2080 167 191
2081 168 196
2082 180 189
2083 182 197
2084 184 196
2085 174 197
2086 167 192
2087 172 195
2088 167 193
2089 185 197
2090 176 197
2091 171 200
2092 179 188
2093 143 140
2094 145 141
2095 133 128
2096 129 141
2097 138 129
2098 138 146
2099 140 131
2100 144 129
2101 140 141
2102 145 135
2103 145 136
2104 146 130
2105 128 134
2106 130 134
2107 139 142
2108 135 144
2109 139 128
2110 130 133
2111 137 146
2112 23 103
2113 18 106
2114 28 96
2115 12 106
2116 18 99
2117 17 103
2118 22 105
2119 18 106
2120 24 98
2121 14 97
2122 21 97
2123 21 100
2124 12 95
2125 28 100
2126 28 97
2127 17 106
2128 15 97
2129 21 98
2130 15 95
2131 19 95
2132 27 100
2133 23 95
2134 22 94
2135 25 97
2136 21 97
2137 27 107
2138 20 103
2139 25 96
2140 28 95
2141 12 99
2142 138 44
2143 146 35
2144 137 37
2145 131 30
2146 137 33
2147 139 34
2148 136 36
2149 145 37
2150 139 36
2151 139 30
2152 127 38
2153 132 43
2154 134 29
2155 136 43
2156 144 38
2157 129 40
2158 144 32
2159 136 31
2160 131 31
2161 133 33
2162 129 31
2163 138 30
2164 140 41
2165 128 36
2166 134 43
2167 129 39
2168 144 40
2169 139 36
2170 145 38
2171 136 42
2172 72 183
2173 68 180
2174 62 172
2175 67 173
2176 64 183
2177 65 183
2178 60 167
2179 74 170
2180 66 174
2181 74 181
2182 73 168
2183 69 179
2184 64 174
2185 69 176
2186 68 179
2187 69 177
2188 71 181
2189 61 172
2190 76 184
2191 73 176
2192 60 177
2193 74 182
2194 69 186
2195 74 180
2196 63 183
2197 75 170
2198 67 184
2199 69 179
2200 66 183
2201 65 180
2202 67 94
2203 71 105
2204 75 99
2205 69 107
2206 68 97
2207 70 104
2208 64 97
2209 69 107
2210 61 105
2211 68 96
2212 60 102
2213 61 103
2214 75 100
2215 65 98
2216 61 96
2217 61 100
2218 76 102
2219 76 103
2220 67 101
2221 71 106
2222 60 107
2223 76 104
2224 61 95
2225 70 103
2226 73 101
2227 60 102
2228 66 98
2229 65 96
2230 65 108
2231 66 102
2232 157 145
2233 158 137
2234 164 131
2235 165 137
2236 151 141
2237 149 146
2238 150 128
2239 150 141
2240 158 144
2241 162 134
2242 155 131
2243 152 128
2244 150 128
2245 160 144
2246 155 134
2247 150 139
2248 166 129
2249 160 141
2250 162 128
2251 158 132
2252 165 144
2253 164 131
2254 157 142
2255 148 146
2256 160 136
2257 158 132
2258 147 129
2259 160 143
2260 163 127
2261 164 139
2262 13 69
2263 19 67
2264 13 73
2265 19 74
2266 18 76
2267 26 62
2268 16 61
2269 21 60
2270 21 71
2271 28 69
2272 12 69
2273 24 69
2274 27 76
2275 20 64
2276 13 63
2277 24 74
2278 18 68
2279 13 73
2280 20 69
2281 28 68
2282 27 74
2283 12 65
2284 18 70
2285 26 61
2286 17 63
2287 17 71
2288 24 72
2289 20 73
2290 17 60
2291 27 73
2292 216 5
2293 205 7
2294 207 6
2295 220 2
2296 209 5
2297 214 10
2298 205 1
2299 203 5
2300 213 11
2301 210 4
2302 203 10
2303 206 2
2304 220 6
2305 202 10
2306 207 3
2307 203 7
2308 205 5
2309 208 11
2310 219 3
2311 203 7
2312 208 2
2313 210 9
2314 209 7
2315 211 8
2316 212 7
2317 217 6
2318 217 5
2319 203 6
2320 218 10
2321 39 3
2322 34 11
2323 43 11
2324 32 5
2325 34 0
2326 44 4
2327 32 1
2328 31 10
2329 38 2
2330 38 0
2331 42 4
2332 43 2
2333 31 4
2334 31 10
2335 33 11
2336 29 9
2337 37 5
2338 30 7
2339 41 3
2340 34 4
2341 30 10
2342 35 0
2343 31 10
2344 43 9
2345 42 8
2346 33 1
2347 33 2
2348 41 5
2349 39 7
2350 79 14
2351 77 27
2352 86 22
2353 79 17
2354 80 12
2355 78 21
2356 78 20
2357 83 15
2358 89 12
2359 81 17
2360 90 12
2361 83 27
2362 85 22
2363 79 24
2364 90 24
2365 82 25
2366 80 23
2367 89 20
2368 88 13
2369 77 15
2370 86 14
2371 92 18
2372 90 16
2373 77 20
2374 80 15
2375 88 27
2376 78 12
2377 89 23
2378 85 25
2379 82 21
2380 146 181
2381 133 173
2382 129 168
2383 128 171
2384 133 173
2385 141 176
2386 136 183
2387 143 179
2388 142 182
2389 139 179
2390 136 169
2391 139 184
2392 141 181
2393 142 178
2394 131 184
2395 132 184
2396 130 179
2397 134 179
2398 139 186
2399 137 185
2400 135 169
2401 144 182
2402 140 172
2403 145 178
2404 146 185
2405 146 182
2406 143 168
2407 136 186
2408 127 178
2409 129 180
2410 123 170
2411 116 185
2412 122 174
2413 111 168
2414 121 178
2415 123 173
2416 116 176
2417 112 173
2418 125 181
2419 115 186
2420 116 177
2421 111 170
2422 121 185
2423 116 177
2424 110 175
2425 112 168
2426 118 177
2427 125 181
2428 112 182
2429 121 173
2430 113 170
2431 117 173
2432 115 177
2433 123 170
2434 111 173
2435 125 171
2436 125 173
2437 116 173
2438 109 172
2439 109 177
2440 79 187
2441 90 196
2442 93 198
2443 91 187
2444 89 191
2445 89 197
2446 93 191
2447 81 201
2448 87 195
2449 91 199
2450 80 199
2451 82 197
2452 88 187
2453 80 192
2454 92 194
2455 93 200
2456 86 197
2457 86 194
2458 84 191
2459 77 195
2460 89 196
2461 86 192
2462 83 194
2463 79 189
2464 81 196
2465 77 201
2466 81 194
2467 83 194
2468 89 194
2469 198 84
2470 199 82
2471 200 82
2472 189 93
2473 191 80
2474 200 87
2475 188 77
2476 190 91
2477 195 79
2478 192 82
2479 195 80
2480 198 82
2481 187 83
2482 194 83
2483 190 78
2484 196 85
2485 198 79
2486 191 85
2487 191 89
2488 197 86
2489 201 89
2490 195 86
2491 201 93
2492 195 85
2493 191 81
2494 192 87
2495 189 88
2496 197 82
2497 200 87
2498 194 92
2499 218 67
2500 211 70
2501 209 60
2502 215 70
2503 213 66
2504 204 68
2505 203 76
2506 210 65
2507 211 70
2508 209 65
2509 214 67
2510 203 61
2511 215 63
2512 217 69
2513 219 74
2514 210 73
2515 206 65
2516 210 65
2517 203 74
2518 216 70
2519 220 66
2520 210 64
2521 203 62
2522 212 75
2523 214 71
2524 202 66
2525 207 61
2526 202 65
2527 212 61
2528 214 72
2529 118 2
2530 116 2
2531 118 0
2532 119 8
2533 123 11
2534 113 11
2535 111 1
2536 122 8
2537 111 7
2538 118 4
2539 119 11
2540 118 7
2541 119 1
2542 124 0
2543 119 8
2544 121 0
2545 119 0
2546 118 4
2547 123 6
2548 113 9
2549 125 3
2550 123 9
2551 119 0
2552 118 4
2553 111 9
2554 121 11
2555 125 2
2556 118 115
2557 114 109
2558 120 111
2559 117 126
2560 109 126
2561 112 121
2562 119 114
2563 120 112
2564 120 124
2565 122 119
2566 110 118
2567 125 123
2568 124 120
2569 112 117
2570 122 110
2571 117 124
2572 125 117
2573 125 109
2574 121 114
2575 115 125
2576 114 122
2577 118 114
2578 113 115
2579 125 119
2580 90 174
2581 84 184
2582 91 168
2583 92 171
2584 87 168
2585 78 176
2586 86 177
2587 88 174
2588 90 167
2589 92 176
2590 86 181
2591 81 186
2592 85 180
2593 84 185
2594 85 184
2595 84 181
2596 85 176
2597 82 173
2598 91 168
2599 84 170
2600 85 183
2601 87 176
2602 80 168
2603 77 171
2604 85 185
2605 82 169
2606 90 172
2607 83 179
2608 84 178
2609 77 184
2610 108 19
2611 106 15
2612 108 17
2613 108 18
2614 94 27
2615 105 12
2616 95 22
2617 104 28
2618 95 17
2619 99 21
2620 96 22
2621 95 13
2622 95 14
2623 103 22
2624 102 20
2625 96 19
2626 104 12
2627 104 17
2628 108 20
2629 103 22
2630 107 20
2631 97 25
2632 96 17
2633 94 22
2634 97 16
2635 102 13
2636 104 20
2637 105 27
2638 95 18
2639 101 20
2640 38 104
2641 32 108
2642 33 106
2643 30 95
2644 41 107
2645 35 106
2646 30 103
2647 44 102
2648 33 105
2649 34 103
2650 32 108
2651 43 98
2652 29 97
2653 37 96
2654 43 97
2655 39 103
2656 30 108
2657 33 96
2658 36 102
2659 32 108
2660 31 100
2661 40 103
2662 38 100
2663 33 105
2664 32 103
2665 33 104
2666 38 104
2667 41 97
2668 41 105
2669 42 95
2670 102 22
2671 99 16
2672 96 16
2673 95 26
2674 102 14
2675 97 28
2676 95 23
2677 103 22
2678 97 14
2679 98 26
2680 97 18
2681 107 27
2682 96 16
2683 106 14
2684 100 16
2685 97 22
2686 107 25
2687 94 17
2688 107 16
2689 99 22
2690 95 13
2691 103 21
2692 101 21
2693 98 16
2694 102 24
2695 100 19
2696 106 18
2697 106 15
2698 94 21
2699 106 21
2700 204 3
2701 212 9
2702 205 8
2703 208 0
2704 210 5
2705 203 5
2706 206 2
2707 214 3
2708 220 3
2709 214 5
2710 218 0
2711 215 1
2712 205 11
2713 204 2
2714 217 3
2715 208 3
2716 207 4
2717 209 11
2718 219 4
2719 208 6
2720 216 2
2721 214 11
2722 204 6
2723 213 1
2724 220 11
2725 218 0
2726 219 6
2727 216 5
2728 176 199
2729 170 187
2730 170 200
2731 183 196
2732 182 201
2733 184 188
2734 169 197
2735 176 192
2736 173 195
2737 180 196
2738 182 189
2739 167 191
2740 175 192
2741 175 201
2742 168 198
2743 172 188
2744 177 188
2745 178 198
2746 175 199
2747 180 197
2748 170 188
2749 180 192
2750 168 187
2751 174 191
2752 169 191
2753 172 191
2754 181 201
2755 185 191
2756 171 192
2757 179 194
2758 44 2
2759 35 6
2760 40 8
2761 35 7
2762 40 8
2763 29 1
2764 36 10
2765 30 7
2766 36 7
2767 43 6
2768 41 10
2769 37 2
2770 43 4
2771 32 10
2772 40 0
2773 32 5
2774 34 11
2775 35 7
2776 31 9
2777 34 0
2778 31 0
2779 32 6
2780 38 9
2781 42 6
2782 40 7
2783 37 3
2784 44 0
2785 39 4
2786 39 7
2787 64 80
2788 63 77
2789 64 86
2790 66 89
2791 70 92
2792 74 81
2793 70 84
2794 76 83
2795 60 86
2796 71 84
2797 76 84
2798 75 83
2799 67 79
2800 76 87
2801 64 92
2802 71 83
2803 66 78
2804 65 79
2805 68 84
2806 74 90
2807 71 87
2808 64 77
2809 69 86
2810 64 85
2811 68 79
2812 76 89
2813 73 82
2814 68 77
2815 62 91
2816 60 92
2817 52 216
2818 56 204
2819 50 218
2820 46 215
2821 50 216
2822 54 212
2823 58 210
2824 57 204
2825 53 205
2826 50 217
2827 49 204
2828 56 202
2829 59 206
2830 54 203
2831 49 220
2832 49 203
2833 52 205
2834 50 207
2835 47 218
2836 58 218
2837 56 213
2838 48 212
2839 46 213
2840 55 219
2841 50 211
2842 52 202
2843 56 207
2844 49 205
2845 47 212
2846 54 208
2847 102 13
2848 102 17
2849 105 22
2850 98 26
2851 107 27
2852 101 13
2853 98 28
2854 105 17
2855 107 24
2856 101 27
2857 101 21
2858 97 22
2859 104 18
2860 100 19
2861 98 26
2862 99 25
2863 104 22
2864 101 21
2865 96 26
2866 100 17
2867 95 16
2868 102 14
2869 94 27
2870 99 19
2871 98 28
2872 106 20
2873 98 24
2874 103 13
2875 98 16
2876 101 21
2877 103 36
2878 96 43
2879 98 29
2880 96 33
2881 107 35
2882 106 36
2883 104 39
2884 104 36
2885 106 38
2886 101 35
2887 105 32
2888 94 38
2889 101 42
2890 103 29
2891 103 42
2892 99 43
2893 101 36
2894 102 39
2895 101 32
2896 106 38
2897 94 35
2898 106 38
2899 106 29
2900 98 42
2901 107 34
2902 108 38
2903 104 35
2904 105 31
2905 101 41
2906 99 43
