239 259 10 2899
0 5
1 6
2 5
3 7
4 6
5 8
6 5
7 9
8 10
9 9
10 6
11 10
12 4
13 5
14 4
15 3
16 3
17 3
18 4
19 3
20 3
21 5
22 3
23 3
24 4
25 3
26 3
27 3
28 4
29 5
30 4
31 3
32 3
33 4
34 3
35 3
36 3
37 3
38 4
39 4
40 4
41 3
42 3
43 3
44 4
45 3
46 3
47 3
48 3
49 3
50 4
51 3
52 3
53 3
54 3
55 3
56 3
57 4
58 3
59 3
60 3
61 3
62 3
63 3
64 5
65 4
66 4
67 3
68 6
69 4
70 3
71 3
72 3
73 4
74 3
75 3
76 3
77 3
78 3
79 3
80 3
81 3
82 4
83 6
84 3
85 3
86 5
87 3
88 3
89 4
90 3
91 3
92 4
93 3
94 4
95 4
96 3
97 3
98 4
99 3
100 3
101 4
102 4
103 3
104 3
105 4
106 4
107 3
108 4
109 3
110 3
111 4
112 3
113 3
114 4
115 3
116 4
117 4
118 4
119 3
120 3
121 3
122 4
123 4
124 3
125 3
126 5
127 5
128 3
129 3
130 3
131 3
132 4
133 3
134 3
135 3
136 3
137 4
138 4
139 3
140 6
141 3
142 3
143 3
144 3
145 4
146 3
147 4
148 3
149 3
150 3
151 4
152 3
153 5
154 3
155 3
156 3
157 4
158 3
159 4
160 3
161 3
162 4
163 3
164 3
165 4
166 3
167 3
168 3
169 3
170 3
171 3
172 7
173 4
174 3
175 6
176 3
177 4
178 3
179 3
180 3
181 3
182 4
183 3
184 3
185 3
186 4
187 4
188 3
189 6
190 4
191 3
192 3
193 3
194 3
195 3
196 4
197 3
198 4
199 3
200 3
201 3
202 3
203 3
204 3
205 6
206 3
207 3
208 3
209 3
210 4
211 3
212 3
213 4
214 5
215 3
216 3
217 3
218 3
219 6
220 4
221 4
222 3
223 3
224 4
225 3
226 3
227 5
228 3
229 3
230 3
231 3
232 3
233 4
234 4
235 3
236 3
237 3
238 3
0 0 1
1 0 9
2 0 10
3 0 11
4 1 3
5 1 5
6 1 7
7 1 11
8 1 65
9 2 3
10 2 4
11 2 5
12 2 9
13 2 151
14 3 6
15 3 8
16 3 10
17 3 133
18 4 7
19 4 8
20 4 11
21 4 12
22 5 6
23 5 8
24 5 9
25 5 205
26 6 7
27 6 8
28 6 11
29 7 8
30 7 9
31 7 11
32 7 48
33 7 167
34 8 9
35 8 10
36 8 11
37 8 224
38 9 10
39 9 11
40 9 102
41 9 186
42 10 29
43 10 83
44 11 118
45 12 21
46 13 22
47 13 24
48 13 28
49 14 19
50 14 28
51 15 25
52 15 16
53 16 18
54 17 27
55 18 27
56 18 24
57 20 21
58 21 26
59 23 24
60 26 27
61 29 40
62 29 46
63 29 31
64 30 34
65 30 33
66 31 39
67 32 35
68 33 42
69 33 43
70 35 44
71 36 39
72 37 38
73 37 44
74 37 43
75 38 41
76 39 44
77 40 45
78 43 47
79 48 60
80 49 50
81 50 58
82 50 56
83 51 57
84 51 64
85 52 64
86 53 56
87 53 57
88 54 64
89 55 63
90 55 59
91 56 62
92 57 61
93 59 62
94 60 61
95 65 78
96 65 73
97 66 74
98 66 76
99 66 79
100 66 75
101 67 68
102 68 73
103 68 75
104 68 80
105 69 80
106 69 81
107 69 72
108 70 78
109 71 82
110 72 82
111 75 77
112 83 93
113 83 95
114 83 100
115 83 98
116 84 94
117 85 96
118 86 90
119 86 92
120 86 99
121 87 101
122 88 94
123 88 92
124 89 97
125 89 94
126 91 95
127 95 96
128 95 99
129 98 101
130 102 109
131 102 107
132 102 114
133 103 106
134 104 114
135 105 112
136 105 116
137 105 117
138 106 110
139 107 108
140 108 115
141 109 110
142 111 114
143 111 117
144 113 116
145 118 122
146 118 131
147 118 120
148 119 132
149 120 132
150 121 132
151 122 126
152 123 125
153 123 129
154 124 126
155 125 130
156 126 127
157 127 128
158 127 129
159 133 140
160 134 143
161 135 142
162 135 150
163 136 149
164 136 145
165 137 147
166 137 150
167 138 140
168 138 148
169 138 142
170 139 146
171 139 147
172 140 141
173 140 144
174 142 145
175 143 149
176 151 159
177 151 152
178 152 153
179 153 154
180 153 165
181 155 166
182 156 160
183 157 160
184 157 164
185 157 161
186 158 165
187 159 163
188 159 161
189 162 165
190 162 166
191 167 169
192 168 169
193 168 181
194 170 176
195 171 182
196 172 176
197 172 180
198 172 182
199 172 177
200 172 175
201 173 175
202 173 185
203 174 175
204 175 178
205 177 184
206 179 183
207 179 184
208 181 184
209 186 189
210 187 194
211 187 189
212 187 196
213 188 198
214 189 195
215 189 201
216 189 203
217 190 199
218 190 191
219 191 200
220 191 201
221 192 196
222 193 204
223 194 198
224 196 197
225 196 202
226 202 204
227 205 211
228 205 216
229 205 218
230 206 219
231 207 221
232 207 213
233 208 220
234 209 220
235 210 214
236 210 223
237 212 221
238 213 217
239 214 215
240 214 219
241 217 223
242 218 220
243 219 220
244 219 222
245 224 233
246 224 229
247 225 234
248 225 238
249 226 232
250 227 236
251 227 229
252 227 231
253 228 233
254 230 235
255 231 234
256 232 234
257 233 237
258 235 237
0 0 24
1 7 23
2 5 20
3 6 26
4 1 27
5 5 13
6 8 22
7 9 22
8 10 13
9 6 18
10 2 25
11 1 15
12 6 16
13 0 17
14 4 26
15 3 27
16 0 22
17 10 20
18 3 22
19 2 17
20 3 25
21 0 15
22 9 26
23 7 17
24 6 19
25 9 25
26 11 24
27 4 28
28 2 13
29 66 7
30 74 1
31 69 5
32 77 8
33 68 1
34 66 1
35 76 0
36 70 6
37 75 4
38 78 4
39 72 3
40 74 2
41 70 5
42 70 10
43 67 3
44 80 3
45 81 7
46 75 6
47 80 4
48 77 11
49 81 4
50 67 6
51 67 10
52 78 6
53 81 11
54 79 0
55 81 7
56 75 11
57 81 7
58 76 3
59 92 218
60 100 219
61 92 212
62 90 218
63 83 222
64 88 205
65 88 207
66 87 223
67 94 214
68 92 211
69 101 214
70 90 214
71 97 223
72 101 223
73 88 220
74 89 214
75 99 217
76 85 208
77 85 208
78 85 207
79 90 209
80 86 205
81 100 208
82 91 209
83 90 210
84 89 210
85 97 221
86 91 211
87 95 217
88 83 220
89 27 230
90 24 236
91 22 230
92 17 235
93 25 237
94 24 236
95 27 225
96 22 232
97 25 234
98 14 233
99 14 224
100 25 238
101 15 235
102 27 236
103 27 235
104 14 235
105 22 227
106 24 236
107 26 226
108 17 226
109 19 238
110 24 227
111 12 233
112 14 227
113 14 225
114 28 226
115 12 235
116 17 227
117 17 236
118 16 226
119 110 94
120 117 100
121 107 93
122 102 94
123 117 88
124 110 83
125 114 88
126 117 86
127 114 84
128 104 83
129 116 97
130 103 99
131 115 100
132 107 92
133 110 101
134 110 98
135 104 83
136 105 88
137 110 89
138 112 97
139 115 94
140 105 83
141 109 99
142 109 91
143 112 86
144 115 91
145 107 97
146 108 97
147 115 90
148 109 96
149 226 85
150 237 97
151 226 83
152 229 100
153 238 86
154 237 98
155 232 100
156 234 87
157 226 86
158 230 88
159 230 89
160 231 86
161 226 97
162 231 94
163 228 97
164 227 95
165 230 86
166 233 90
167 236 101
168 237 97
169 231 83
170 230 94
171 229 92
172 231 85
173 227 91
174 237 95
175 238 92
176 238 100
177 231 95
178 236 94
179 8 176
180 9 171
181 5 170
182 2 184
183 0 176
184 6 175
185 3 179
186 6 174
187 11 181
188 9 179
189 9 174
190 6 180
191 10 176
192 4 179
193 2 173
194 6 175
195 0 176
196 2 175
197 6 184
198 5 185
199 1 173
200 0 182
201 7 183
202 2 169
203 1 169
204 7 173
205 2 174
206 11 182
207 8 175
208 2 167
209 104 65
210 113 82
211 108 80
212 104 73
213 114 65
214 116 73
215 113 74
216 117 66
217 115 80
218 110 67
219 103 81
220 104 68
221 109 68
222 102 76
223 107 74
224 112 74
225 112 78
226 114 68
227 110 70
228 111 80
229 105 73
230 106 76
231 104 81
232 114 75
233 112 68
234 110 73
235 116 75
236 117 80
237 108 77
238 112 71
239 45 185
240 39 180
241 45 181
242 40 182
243 34 184
244 34 177
245 40 172
246 38 171
247 44 169
248 33 169
249 32 184
250 46 170
251 37 173
252 43 182
253 35 172
254 29 179
255 31 180
256 31 178
257 32 178
258 38 168
259 36 170
260 37 170
261 35 170
262 42 175
263 46 173
264 41 173
265 31 168
266 41 171
267 37 185
268 35 178
269 82 24
270 82 26
271 76 13
272 82 13
273 65 12
274 75 15
275 70 26
276 69 12
277 75 28
278 68 21
279 68 14
280 73 21
281 66 24
282 71 18
283 76 14
284 65 12
285 73 25
286 66 17
287 74 25
288 73 27
289 76 19
290 75 18
291 79 26
292 66 24
293 66 15
294 72 28
295 71 26
296 82 24
297 73 21
298 81 21
299 146 217
300 141 206
301 149 221
302 149 216
303 150 208
304 148 208
305 139 215
306 139 206
307 139 215
308 138 206
309 145 219
310 140 219
311 145 214
312 146 210
313 136 209
314 138 223
315 150 207
316 146 214
317 135 210
318 142 213
319 141 209
320 143 210
321 144 214
322 148 215
323 138 207
324 136 213
325 142 217
326 143 214
327 136 209
328 142 210
329 108 74
330 103 73
331 109 78
332 103 79
333 103 82
334 111 69
335 111 67
336 113 69
337 117 72
338 109 71
339 102 68
340 113 76
341 113 69
342 110 66
343 102 71
344 112 80
345 106 67
346 115 74
347 105 81
348 102 77
349 112 77
350 103 78
351 113 71
352 116 75
353 102 69
354 104 81
355 114 75
356 113 74
357 105 72
358 103 67
359 196 217
360 193 211
361 187 212
362 186 208
363 201 208
364 193 219
365 186 215
366 199 216
367 203 216
368 187 209
369 193 220
370 202 221
371 191 207
372 198 223
373 195 206
374 197 218
375 187 207
376 200 210
377 190 217
378 193 212
379 203 207
380 201 219
381 204 218
382 191 208
383 188 207
384 199 210
385 200 218
386 195 206
387 196 220
388 198 207
389 158 96
390 152 95
391 165 94
392 161 84
393 154 99
394 154 91
395 159 97
396 162 93
397 153 100
398 164 94
399 166 83
400 152 94
401 159 83
402 166 94
403 165 85
404 153 97
405 159 99
406 154 93
407 157 88
408 161 94
409 164 83
410 159 99
411 159 93
412 160 83
413 164 98
414 155 87
415 161 83
416 160 97
417 165 101
418 155 83
419 9 50
420 9 54
421 2 58
422 10 62
423 10 58
424 1 60
425 0 55
426 5 61
427 10 64
428 1 58
429 11 49
430 8 51
431 2 56
432 3 49
433 8 51
434 1 59
435 0 61
436 2 48
437 11 50
438 7 57
439 3 50
440 0 49
441 0 55
442 11 61
443 4 51
444 1 51
445 5 51
446 2 63
447 6 55
448 118 161
449 130 159
450 126 162
451 125 152
452 123 156
453 121 164
454 125 157
455 124 160
456 130 153
457 128 160
458 123 159
459 130 156
460 118 160
461 128 151
462 122 159
463 119 162
464 118 153
465 130 157
466 118 155
467 127 158
468 122 166
469 121 157
470 132 164
471 119 157
472 123 155
473 124 152
474 128 162
475 127 161
476 122 155
477 121 159
478 173 20
479 168 24
480 179 23
481 170 12
482 167 19
483 174 20
484 180 23
485 184 13
486 183 16
487 167 15
488 175 21
489 179 19
490 177 21
491 185 24
492 183 14
493 173 13
494 172 16
495 185 17
496 175 15
497 169 28
498 178 13
499 179 13
500 184 18
501 167 12
502 179 22
503 181 28
504 181 18
505 171 20
506 182 18
507 184 18
508 128 35
509 129 44
510 124 41
511 120 36
512 124 46
513 123 35
514 122 37
515 124 37
516 126 35
517 128 38
518 121 44
519 128 33
520 130 42
521 131 42
522 129 38
523 129 29
524 132 34
525 121 32
526 125 37
527 131 36
528 123 44
529 123 41
530 125 43
531 119 34
532 129 46
533 123 31
534 126 45
535 121 40
536 123 37
537 131 32
538 18 9
539 13 8
540 23 0
541 21 10
542 22 5
543 13 6
544 21 6
545 28 0
546 20 3
547 23 6
548 20 4
549 12 6
550 25 1
551 27 11
552 21 1
553 12 10
554 25 2
555 16 8
556 18 5
557 22 3
558 19 8
559 21 9
560 18 6
561 28 6
562 28 2
563 17 9
564 25 9
565 28 7
566 26 6
567 27 1
568 37 190
569 44 187
570 41 193
571 40 195
572 33 195
573 39 201
574 39 191
575 45 189
576 39 201
577 46 196
578 42 198
579 33 193
580 45 187
581 40 188
582 36 203
583 47 196
584 43 199
585 30 192
586 46 200
587 40 203
588 33 193
589 30 196
590 29 189
591 33 188
592 36 188
593 43 196
594 43 197
595 37 192
596 46 195
597 34 195
598 203 98
599 201 85
600 188 93
601 196 92
602 187 85
603 189 97
604 192 84
605 198 88
606 190 92
607 200 87
608 193 96
609 192 92
610 201 97
611 195 94
612 203 86
613 195 94
614 193 99
615 197 85
616 197 91
617 191 100
618 202 90
619 204 85
620 198 100
621 202 95
622 195 94
623 200 90
624 190 83
625 204 90
626 189 92
627 202 87
628 162 37
629 165 37
630 164 31
631 151 45
632 153 38
633 164 47
634 156 41
635 154 40
636 161 42
637 157 40
638 155 44
639 165 33
640 153 35
641 153 43
642 157 39
643 154 39
644 163 29
645 161 35
646 160 33
647 158 42
648 156 33
649 156 35
650 154 42
651 162 42
652 155 33
653 160 43
654 155 46
655 156 34
656 161 31
657 162 40
658 204 90
659 189 93
660 186 89
661 195 99
662 189 91
663 197 93
664 201 93
665 186 85
666 186 94
667 201 98
668 190 91
669 201 86
670 192 95
671 193 99
672 192 93
673 193 86
674 200 83
675 195 88
676 192 84
677 196 84
678 197 89
679 195 90
680 191 101
681 203 91
682 190 92
683 204 83
684 201 88
685 186 97
686 200 98
687 197 99
688 161 73
689 154 74
690 160 68
691 158 71
692 164 76
693 155 66
694 159 78
695 160 80
696 159 66
697 155 81
698 153 71
699 152 79
700 157 68
701 153 82
702 152 71
703 154 80
704 160 74
705 164 67
706 157 74
707 160 76
708 163 73
709 166 66
710 156 80
711 165 67
712 152 73
713 153 68
714 159 66
715 166 68
716 151 78
717 164 76
718 58 238
719 49 238
720 56 224
721 52 226
722 52 237
723 61 237
724 62 236
725 51 236
726 60 233
727 62 224
728 50 236
729 64 224
730 64 231
731 62 228
732 58 230
733 61 228
734 48 226
735 56 234
736 57 235
737 48 236
738 59 231
739 55 229
740 57 228
741 64 224
742 60 225
743 62 226
744 48 227
745 48 234
746 50 226
747 60 227
748 229 18
749 232 26
750 236 18
751 238 24
752 234 20
753 230 24
754 238 23
755 226 23
756 238 17
757 237 13
758 235 28
759 228 19
760 228 13
761 237 23
762 224 12
763 232 13
764 227 16
765 226 12
766 228 26
767 238 16
768 232 13
769 229 13
770 225 18
771 227 28
772 229 18
773 228 22
774 224 23
775 229 16
776 228 28
777 232 21
778 112 27
779 104 23
780 106 13
781 111 28
782 117 18
783 115 23
784 108 18
785 114 28
786 105 27
787 113 13
788 106 21
789 117 13
790 108 25
791 111 23
792 107 13
793 117 27
794 112 12
795 116 14
796 108 14
797 115 21
798 109 15
799 107 23
800 116 27
801 107 18
802 112 12
803 107 18
804 106 21
805 103 14
806 115 15
807 114 28
808 80 111
809 71 104
810 80 117
811 72 106
812 72 110
813 72 111
814 78 112
815 66 117
816 68 103
817 67 111
818 75 107
819 66 107
820 82 106
821 68 116
822 67 104
823 82 115
824 69 114
825 81 111
826 65 112
827 67 116
828 68 115
829 73 107
830 70 109
831 82 114
832 77 105
833 82 106
834 81 105
835 77 110
836 78 111
837 75 115
838 155 26
839 155 25
840 156 26
841 153 12
842 152 17
843 164 13
844 157 24
845 166 28
846 158 15
847 152 20
848 155 27
849 165 14
850 158 16
851 164 18
852 160 18
853 163 28
854 151 27
855 152 18
856 158 20
857 156 25
858 158 12
859 157 25
860 154 22
861 151 21
862 157 24
863 161 19
864 159 18
865 156 25
866 166 16
867 156 19
868 21 234
869 12 237
870 23 226
871 17 232
872 20 227
873 26 237
874 15 226
875 12 231
876 14 224
877 27 233
878 20 229
879 12 234
880 15 225
881 19 230
882 22 233
883 12 233
884 15 236
885 16 227
886 17 226
887 19 238
888 26 228
889 27 237
890 23 227
891 15 233
892 13 231
893 26 225
894 14 234
895 20 232
896 20 233
897 24 226
898 238 71
899 230 82
900 233 77
901 230 75
902 225 81
903 227 67
904 230 82
905 238 77
906 226 69
907 228 75
908 224 80
909 231 78
910 234 79
911 231 68
912 233 65
913 234 79
914 236 69
915 226 72
916 235 65
917 230 79
918 232 68
919 227 78
920 237 70
921 235 81
922 230 76
923 230 73
924 227 74
925 224 76
926 228 80
927 227 69
928 208 177
929 215 167
930 219 172
931 222 173
932 222 184
933 217 169
934 205 170
935 214 175
936 205 181
937 218 169
938 221 176
939 207 184
940 216 176
941 214 176
942 219 175
943 206 170
944 212 172
945 209 180
946 221 168
947 207 176
948 220 171
949 209 183
950 205 176
951 208 183
952 219 172
953 223 174
954 213 170
955 216 182
956 213 185
957 219 182
958 10 66
959 0 78
960 11 77
961 2 73
962 8 79
963 10 74
964 10 65
965 6 77
966 0 73
967 7 72
968 10 80
969 9 71
970 7 72
971 1 70
972 4 69
973 11 82
974 0 73
975 0 79
976 1 75
977 8 70
978 7 79
979 5 71
980 2 77
981 2 71
982 3 69
983 2 67
984 112 210
985 108 221
986 114 207
987 102 222
988 107 219
989 104 209
990 115 211
991 103 218
992 102 218
993 104 219
994 106 208
995 104 211
996 114 217
997 116 208
998 110 222
999 110 212
1000 113 213
1001 115 223
1002 107 206
1003 105 222
1004 112 221
1005 111 221
1006 115 211
1007 106 218
1008 108 216
1009 106 220
1010 103 206
1011 109 216
1012 116 212
1013 108 223
1014 141 134
1015 146 148
1016 146 143
1017 139 142
1018 134 135
1019 141 136
1020 133 142
1021 147 144
1022 141 134
1023 139 150
1024 147 134
1025 149 142
1026 138 146
1027 139 133
1028 137 145
1029 140 134
1030 135 139
1031 146 135
1032 134 138
1033 143 141
1034 142 141
1035 136 150
1036 146 148
1037 143 140
1038 230 118
1039 227 130
1040 228 127
1041 228 118
1042 235 124
1043 233 128
1044 227 126
1045 235 127
1046 225 122
1047 235 119
1048 230 131
1049 236 120
1050 238 129
1051 227 131
1052 230 131
1053 227 131
1054 238 120
1055 229 120
1056 231 120
1057 227 120
1058 229 129
1059 228 129
1060 233 131
1061 228 127
1062 226 124
1063 224 126
1064 236 128
1065 233 124
1066 238 119
1067 234 128
1068 107 53
1069 110 54
1070 111 58
1071 116 48
1072 105 54
1073 111 59
1074 110 48
1075 107 61
1076 112 48
1077 115 63
1078 102 55
1079 115 53
1080 113 64
1081 103 64
1082 110 48
1083 115 50
1084 114 55
1085 110 63
1086 113 54
1087 108 56
1088 112 49
1089 106 60
1090 115 52
1091 105 58
1092 112 52
1093 106 51
1094 114 63
1095 112 60
1096 102 63
1097 112 55
1098 130 169
1099 130 173
1100 124 179
1101 122 185
1102 120 183
1103 131 181
1104 118 168
1105 126 169
1106 126 181
1107 124 185
1108 127 184
1109 126 174
1110 124 172
1111 125 179
1112 120 172
1113 124 173
1114 128 179
1115 118 174
1116 118 177
1117 119 170
1118 129 172
1119 132 174
1120 131 181
1121 130 175
1122 122 171
1123 121 171
1124 128 178
1125 129 185
1126 118 183
1127 121 183
1128 9 207
1129 0 223
1130 0 214
1131 11 219
1132 3 209
1133 10 216
1134 10 209
1135 2 209
1136 1 216
1137 0 223
1138 7 220
1139 3 215
1140 8 220
1141 1 206
1142 5 214
1143 8 216
1144 6 220
1145 7 220
1146 0 210
1147 0 223
1148 0 209
1149 3 217
1150 1 217
1151 2 212
1152 1 212
1153 7 217
1154 0 212
1155 0 216
1156 29 79
1157 46 73
1158 37 79
1159 40 77
1160 46 65
1161 42 68
1162 40 65
1163 47 75
1164 32 81
1165 43 78
1166 33 79
1167 38 75
1168 32 80
1169 31 74
1170 29 71
1171 38 69
1172 36 72
1173 47 68
1174 31 82
1175 29 76
1176 38 80
1177 35 82
1178 38 66
1179 29 82
1180 41 68
1181 34 77
1182 36 65
1183 42 76
1184 46 73
1185 44 82
1186 30 163
1187 41 153
1188 35 160
1189 43 155
1190 39 160
1191 39 153
1192 35 154
1193 37 151
1194 45 159
1195 47 155
1196 31 151
1197 44 152
1198 35 159
1199 45 159
1200 32 151
1201 39 158
1202 31 160
1203 39 155
1204 42 163
1205 29 152
1206 43 166
1207 32 153
1208 39 163
1209 44 161
1210 37 155
1211 29 152
1212 38 154
1213 32 160
1214 45 158
1215 43 163
1216 102 46
1217 113 31
1218 115 30
1219 104 45
1220 106 41
1221 108 44
1222 102 38
1223 105 46
1224 102 36
1225 113 30
1226 109 39
1227 116 29
1228 103 36
1229 104 44
1230 110 43
1231 112 38
1232 110 44
1233 105 29
1234 114 33
1235 106 45
1236 112 39
1237 102 35
1238 112 44
1239 107 41
1240 115 36
1241 115 42
1242 106 30
1243 104 40
1244 115 46
1245 109 42
1246 184 62
1247 181 63
1248 167 55
1249 177 50
1250 171 58
1251 173 55
1252 184 61
1253 176 53
1254 169 53
1255 172 58
1256 175 55
1257 173 52
1258 178 61
1259 185 59
1260 178 50
1261 176 53
1262 178 48
1263 175 49
1264 183 49
1265 182 63
1266 184 48
1267 169 56
1268 184 49
1269 172 64
1270 171 60
1271 182 63
1272 173 51
1273 169 57
1274 185 55
1275 175 64
1276 34 55
1277 40 53
1278 43 55
1279 42 51
1280 41 63
1281 30 52
1282 33 48
1283 31 64
1284 37 51
1285 42 51
1286 45 49
1287 32 62
1288 43 51
1289 41 59
1290 39 64
1291 44 58
1292 43 62
1293 39 50
1294 38 62
1295 43 52
1296 34 60
1297 46 49
1298 37 62
1299 29 53
1300 35 64
1301 39 55
1302 44 59
1303 38 57
1304 37 51
1305 44 53
1306 86 178
1307 93 171
1308 83 182
1309 98 182
1310 85 178
1311 92 172
1312 95 185
1313 84 170
1314 89 182
1315 101 177
1316 89 168
1317 94 182
1318 88 167
1319 97 173
1320 91 175
1321 99 182
1322 88 169
1323 86 171
1324 101 168
1325 101 170
1326 100 174
1327 101 168
1328 89 182
1329 84 184
1330 84 168
1331 86 167
1332 85 172
1333 97 172
1334 94 171
1335 94 176
1336 168 60
1337 171 54
1338 169 49
1339 172 49
1340 167 57
1341 171 60
1342 179 55
1343 169 60
1344 171 51
1345 175 54
1346 184 59
1347 179 59
1348 184 49
1349 169 55
1350 174 59
1351 177 48
1352 172 62
1353 177 61
1354 180 49
1355 180 54
1356 170 58
1357 175 55
1358 174 61
1359 175 54
1360 170 48
1361 185 62
1362 183 49
1363 176 56
1364 184 49
1365 169 56
1366 182 3
1367 183 5
1368 185 10
1369 179 11
1370 175 8
1371 182 0
1372 176 4
1373 170 3
1374 170 8
1375 168 5
1376 183 11
1377 174 6
1378 184 7
1379 169 4
1380 167 3
1381 181 9
1382 182 2
1383 185 11
1384 172 4
1385 172 3
1386 179 4
1387 170 7
1388 171 11
1389 185 8
1390 176 8
1391 182 2
1392 169 6
1393 171 7
1394 169 2
1395 152 46
1396 155 42
1397 158 31
1398 156 42
1399 151 33
1400 164 41
1401 155 31
1402 164 32
1403 153 44
1404 157 34
1405 156 38
1406 151 47
1407 161 30
1408 163 33
1409 155 40
1410 159 33
1411 166 30
1412 156 38
1413 153 47
1414 162 37
1415 160 29
1416 151 30
1417 156 42
1418 162 30
1419 159 31
1420 152 36
1421 151 37
1422 162 29
1423 158 46
1424 161 32
1425 181 1
1426 172 0
1427 179 6
1428 182 4
1429 174 0
1430 184 1
1431 178 5
1432 173 10
1433 170 0
1434 177 8
1435 175 5
1436 172 0
1437 182 2
1438 182 11
1439 180 0
1440 182 0
1441 179 0
1442 182 6
1443 174 3
1444 172 5
1445 180 0
1446 170 11
1447 177 3
1448 176 5
1449 172 6
1450 175 3
1451 169 3
1452 177 5
1453 137 124
1454 137 129
1455 137 131
1456 143 119
1457 148 126
1458 140 131
1459 136 128
1460 138 127
1461 146 120
1462 146 120
1463 145 118
1464 149 118
1465 150 131
1466 134 118
1467 148 130
1468 140 121
1469 149 119
1470 143 125
1471 137 130
1472 137 120
1473 150 123
1474 144 124
1475 134 124
1476 140 127
1477 142 129
1478 140 130
1479 136 129
1480 136 120
1481 150 127
1482 143 123
1483 50 118
1484 53 129
1485 51 126
1486 56 129
1487 64 131
1488 61 120
1489 60 123
1490 62 130
1491 61 130
1492 49 118
1493 57 121
1494 50 119
1495 53 124
1496 64 132
1497 52 131
1498 54 125
1499 56 125
1500 64 119
1501 61 127
1502 58 129
1503 60 131
1504 57 132
1505 59 124
1506 48 131
1507 64 121
1508 58 127
1509 54 130
1510 62 127
1511 62 124
1512 58 124
1513 91 187
1514 100 202
1515 97 200
1516 94 197
1517 91 201
1518 89 203
1519 97 203
1520 93 186
1521 88 195
1522 93 187
1523 97 199
1524 97 202
1525 86 198
1526 87 190
1527 96 199
1528 95 193
1529 83 189
1530 89 197
1531 98 202
1532 101 190
1533 89 191
1534 92 187
1535 94 200
1536 87 191
1537 87 198
1538 93 193
1539 100 190
1540 90 189
1541 99 194
1542 88 195
1543 54 101
1544 55 101
1545 57 99
1546 48 84
1547 57 99
1548 51 99
1549 51 86
1550 60 93
1551 60 96
1552 48 101
1553 61 85
1554 60 96
1555 53 87
1556 64 92
1557 62 84
1558 57 96
1559 54 97
1560 52 89
1561 61 87
1562 48 90
1563 61 84
1564 56 83
1565 50 96
1566 60 83
1567 61 94
1568 57 87
1569 56 94
1570 59 100
1571 55 93
1572 51 84
1573 111 85
1574 103 100
1575 113 89
1576 116 89
1577 108 92
1578 106 100
1579 111 98
1580 109 84
1581 111 100
1582 115 98
1583 110 91
1584 114 97
1585 111 97
1586 112 101
1587 109 101
1588 103 92
1589 102 98
1590 106 92
1591 104 86
1592 105 100
1593 112 99
1594 105 85
1595 115 87
1596 102 84
1597 109 96
1598 102 97
1599 117 101
1600 112 90
1601 112 85
1602 117 94
1603 158 0
1604 155 3
1605 166 0
1606 161 7
1607 154 10
1608 166 10
1609 161 7
1610 159 7
1611 160 6
1612 156 11
1613 155 8
1614 156 6
1615 155 7
1616 164 8
1617 162 0
1618 157 9
1619 159 11
1620 164 0
1621 156 3
1622 154 0
1623 159 7
1624 160 3
1625 160 7
1626 158 10
1627 163 10
1628 153 10
1629 160 2
1630 165 7
1631 151 6
1632 202 32
1633 197 32
1634 198 44
1635 192 34
1636 202 33
1637 197 47
1638 195 42
1639 200 34
1640 203 44
1641 190 41
1642 188 33
1643 194 47
1644 193 40
1645 188 34
1646 202 44
1647 203 44
1648 201 45
1649 191 44
1650 188 40
1651 199 42
1652 199 34
1653 193 35
1654 194 35
1655 186 40
1656 199 42
1657 193 43
1658 186 36
1659 193 45
1660 202 30
1661 192 36
1662 184 137
1663 177 137
1664 173 150
1665 172 137
1666 169 145
1667 169 134
1668 171 146
1669 179 142
1670 185 144
1671 169 143
1672 184 148
1673 175 144
1674 179 138
1675 167 141
1676 176 146
1677 181 143
1678 172 134
1679 171 135
1680 176 150
1681 184 134
1682 181 149
1683 178 141
1684 178 134
1685 182 148
1686 182 147
1687 185 142
1688 178 146
1689 176 147
1690 170 146
1691 180 136
1692 66 94
1693 79 94
1694 73 91
1695 82 85
1696 65 87
1697 76 89
1698 74 87
1699 80 93
1700 65 86
1701 75 97
1702 79 95
1703 79 94
1704 67 89
1705 66 93
1706 67 87
1707 81 97
1708 81 87
1709 67 89
1710 74 91
1711 65 92
1712 72 100
1713 72 84
1714 73 92
1715 80 91
1716 79 94
1717 71 96
1718 69 87
1719 80 85
1720 79 90
1721 80 84
1722 66 12
1723 70 20
1724 81 28
1725 76 19
1726 67 15
1727 78 28
1728 67 12
1729 70 24
1730 71 24
1731 71 21
1732 80 25
1733 81 21
1734 82 19
1735 67 17
1736 80 25
1737 67 19
1738 80 17
1739 76 22
1740 74 23
1741 68 26
1742 73 12
1743 74 26
1744 69 17
1745 65 28
1746 65 24
1747 76 20
1748 75 18
1749 75 26
1750 76 21
1751 67 23
1752 79 160
1753 69 155
1754 68 160
1755 82 163
1756 73 154
1757 73 158
1758 67 155
1759 70 154
1760 74 166
1761 82 151
1762 82 152
1763 78 166
1764 69 154
1765 77 159
1766 70 155
1767 78 160
1768 81 154
1769 68 162
1770 68 152
1771 75 151
1772 81 154
1773 65 156
1774 70 154
1775 82 162
1776 82 165
1777 78 155
1778 79 152
1779 65 153
1780 69 151
1781 79 152
1782 196 209
1783 189 212
1784 186 215
1785 203 211
1786 199 216
1787 187 212
1788 191 218
1789 203 218
1790 198 215
1791 187 218
1792 200 211
1793 190 215
1794 194 221
1795 195 215
1796 186 220
1797 192 215
1798 200 219
1799 196 208
1800 196 205
1801 202 222
1802 202 216
1803 203 221
1804 193 208
1805 203 215
1806 204 215
1807 201 222
1808 204 211
1809 196 208
1810 201 212
1811 200 217
1812 16 108
1813 25 109
1814 13 107
1815 13 113
1816 26 106
1817 15 113
1818 19 112
1819 16 102
1820 16 117
1821 20 115
1822 28 107
1823 23 104
1824 12 112
1825 16 109
1826 17 116
1827 27 109
1828 17 112
1829 25 113
1830 13 112
1831 24 107
1832 16 105
1833 23 103
1834 21 102
1835 27 107
1836 23 113
1837 25 111
1838 14 105
1839 16 102
1840 25 105
1841 18 114
1842 185 18
1843 173 21
1844 176 17
1845 172 21
1846 175 19
1847 170 13
1848 179 21
1849 174 18
1850 179 14
1851 177 15
1852 177 23
1853 177 23
1854 173 15
1855 174 21
1856 181 16
1857 170 16
1858 171 21
1859 182 26
1860 184 19
1861 170 20
1862 183 28
1863 172 28
1864 174 14
1865 185 21
1866 167 23
1867 168 16
1868 185 16
1869 172 20
1870 185 13
1871 181 15
1872 15 234
1873 16 233
1874 19 228
1875 13 238
1876 25 233
1877 19 231
1878 26 235
1879 24 225
1880 12 236
1881 27 230
1882 17 232
1883 24 234
1884 23 224
1885 21 235
1886 18 234
1887 19 233
1888 17 225
1889 13 235
1890 13 226
1891 12 232
1892 16 229
1893 14 234
1894 21 235
1895 23 236
1896 25 225
1897 21 227
1898 21 227
1899 14 237
1900 16 230
1901 22 229
1902 197 108
1903 187 117
1904 190 107
1905 197 104
1906 204 109
1907 195 115
1908 203 116
1909 191 115
1910 200 106
1911 191 111
1912 194 110
1913 202 105
1914 187 103
1915 191 117
1916 202 112
1917 201 105
1918 191 107
1919 186 107
1920 199 112
1921 201 107
1922 203 116
1923 199 106
1924 193 108
1925 197 116
1926 196 104
1927 204 102
1928 188 113
1929 198 103
1930 204 115
1931 204 113
1932 91 47
1933 87 36
1934 88 41
1935 88 41
1936 100 47
1937 93 35
1938 93 45
1939 97 31
1940 95 43
1941 95 43
1942 93 30
1943 83 45
1944 98 31
1945 92 42
1946 87 42
1947 97 31
1948 97 41
1949 84 34
1950 96 41
1951 84 33
1952 85 42
1953 89 42
1954 95 33
1955 96 47
1956 85 43
1957 87 36
1958 83 31
1959 86 35
1960 94 29
1961 94 29
1962 71 108
1963 70 106
1964 68 114
1965 81 117
1966 65 114
1967 65 105
1968 69 116
1969 75 105
1970 81 117
1971 71 104
1972 80 111
1973 75 105
1974 74 104
1975 65 117
1976 82 105
1977 66 106
1978 68 113
1979 76 102
1980 77 107
1981 81 109
1982 74 107
1983 75 112
1984 81 114
1985 72 115
1986 79 104
1987 70 103
1988 76 112
1989 67 107
1990 68 102
1991 66 107
1992 184 78
1993 171 71
1994 178 82
1995 180 68
1996 174 67
1997 168 69
1998 176 72
1999 175 69
2000 170 67
2001 167 70
2002 177 67
2003 168 78
2004 185 65
2005 176 68
2006 172 72
2007 179 70
2008 177 66
2009 184 77
2010 168 65
2011 178 79
2012 181 77
2013 174 65
2014 177 72
2015 180 73
2016 185 82
2017 179 81
2018 185 71
2019 178 73
2020 184 70
2021 182 68
2022 149 150
2023 145 139
2024 143 150
2025 145 141
2026 141 143
2027 149 144
2028 149 144
2029 133 142
2030 146 135
2031 139 141
2032 138 137
2033 135 144
2034 150 133
2035 134 141
2036 141 145
2037 133 150
2038 135 133
2039 149 150
2040 143 148
2041 13 220
2042 21 215
2043 28 222
2044 14 210
2045 12 217
2046 20 206
2047 16 223
2048 20 215
2049 25 217
2050 17 218
2051 26 213
2052 13 216
2053 13 214
2054 26 220
2055 15 210
2056 27 208
2057 26 221
2058 24 223
2059 19 214
2060 21 213
2061 25 222
2062 15 213
2063 16 207
2064 21 206
2065 25 210
2066 13 207
2067 19 210
2068 12 209
2069 16 206
2070 17 211
2071 82 217
2072 70 215
2073 78 221
2074 65 205
2075 73 213
2076 65 217
2077 78 222
2078 66 223
2079 72 206
2080 81 212
2081 80 217
2082 77 215
2083 69 219
2084 76 211
2085 76 221
2086 65 220
2087 65 214
2088 76 220
2089 73 216
2090 79 215
2091 68 215
2092 70 223
2093 75 213
2094 78 213
2095 65 220
2096 81 222
2097 66 206
2098 66 208
2099 81 222
2100 68 207
2101 59 6
2102 48 5
2103 51 5
2104 52 9
2105 54 6
2106 53 1
2107 61 9
2108 60 6
2109 59 7
2110 58 3
2111 50 5
2112 54 8
2113 55 8
2114 52 7
2115 53 3
2116 58 7
2117 52 10
2118 48 5
2119 49 5
2120 58 0
2121 50 8
2122 49 1
2123 64 0
2124 63 10
2125 48 5
2126 56 6
2127 52 5
2128 58 2
2129 52 4
2130 54 10
2131 9 177
2132 10 172
2133 7 168
2134 2 181
2135 10 167
2136 2 169
2137 2 185
2138 8 183
2139 11 177
2140 9 185
2141 6 183
2142 1 184
2143 1 179
2144 9 171
2145 1 169
2146 1 176
2147 10 175
2148 1 170
2149 11 184
2150 5 178
2151 6 179
2152 8 171
2153 4 181
2154 11 173
2155 6 182
2156 11 177
2157 11 177
2158 4 172
2159 11 170
2160 0 177
2161 214 141
2162 205 140
2163 205 146
2164 213 139
2165 214 143
2166 218 139
2167 213 147
2168 215 133
2169 206 148
2170 213 150
2171 211 142
2172 220 133
2173 208 148
2174 218 144
2175 215 133
2176 212 141
2177 209 145
2178 214 135
2179 217 134
2180 217 146
2181 218 149
2182 214 149
2183 210 148
2184 214 134
2185 210 142
2186 218 150
2187 220 145
2188 219 145
2189 223 137
2190 218 138
2191 24 107
2192 14 109
2193 23 108
2194 24 113
2195 14 113
2196 26 115
2197 16 106
2198 14 117
2199 23 112
2200 21 116
2201 19 117
2202 18 117
2203 27 110
2204 17 102
2205 19 104
2206 27 117
2207 21 116
2208 27 103
2209 18 109
2210 20 112
2211 28 106
2212 14 117
2213 24 103
2214 20 104
2215 22 109
2216 15 103
2217 28 108
2218 17 102
2219 13 103
2220 24 117
2221 12 61
2222 20 58
2223 17 62
2224 14 62
2225 23 63
2226 13 58
2227 22 63
2228 25 51
2229 22 62
2230 28 62
2231 24 55
2232 14 63
2233 28 64
2234 18 57
2235 19 48
2236 13 58
2237 15 62
2238 28 53
2239 13 61
2240 19 61
2241 13 53
2242 18 53
2243 22 64
2244 13 55
2245 21 49
2246 16 61
2247 18 49
2248 17 63
2249 17 52
2250 26 64
2251 83 210
2252 87 209
2253 84 217
2254 94 220
2255 94 222
2256 96 223
2257 89 219
2258 88 220
2259 85 223
2260 98 212
2261 92 216
2262 91 220
2263 90 210
2264 89 211
2265 86 217
2266 98 214
2267 86 215
2268 98 221
2269 83 209
2270 85 207
2271 87 210
2272 86 209
2273 94 207
2274 100 220
2275 100 206
2276 99 218
2277 87 223
2278 95 218
2279 88 210
2280 99 213
2281 230 32
2282 224 37
2283 231 37
2284 230 36
2285 233 31
2286 237 36
2287 224 34
2288 234 47
2289 238 32
2290 228 47
2291 232 47
2292 238 32
2293 225 31
2294 231 46
2295 229 34
2296 226 42
2297 233 46
2298 236 44
2299 226 42
2300 226 42
2301 238 40
2302 235 45
2303 227 40
2304 237 45
2305 233 39
2306 225 32
2307 230 44
2308 227 46
2309 232 39
2310 233 37
2311 16 5
2312 27 0
2313 20 2
2314 14 5
2315 21 9
2316 22 9
2317 27 5
2318 23 4
2319 20 1
2320 22 1
2321 16 7
2322 24 3
2323 24 5
2324 15 7
2325 13 4
2326 17 5
2327 25 9
2328 25 4
2329 20 7
2330 20 4
2331 20 8
2332 26 1
2333 26 6
2334 20 6
2335 26 6
2336 15 4
2337 27 3
2338 17 9
2339 28 11
2340 24 8
2341 120 201
2342 120 192
2343 126 196
2344 125 199
2345 121 195
2346 129 193
2347 125 193
2348 127 202
2349 131 204
2350 127 186
2351 130 197
2352 121 188
2353 125 186
2354 120 202
2355 131 203
2356 132 196
2357 121 186
2358 130 190
2359 128 190
2360 118 190
2361 129 194
2362 124 187
2363 121 186
2364 128 203
2365 126 204
2366 124 203
2367 131 201
2368 131 186
2369 132 187
2370 132 198
2371 66 7
2372 66 11
2373 79 8
2374 70 8
2375 80 8
2376 65 2
2377 75 5
2378 71 9
2379 67 5
2380 76 3
2381 69 3
2382 74 5
2383 72 1
2384 80 8
2385 74 1
2386 67 7
2387 78 8
2388 78 7
2389 76 4
2390 74 1
2391 78 0
2392 78 8
2393 65 2
2394 79 3
2395 78 9
2396 65 9
2397 68 6
2398 78 7
2399 68 2
2400 80 6
2401 45 77
2402 47 68
2403 33 79
2404 39 72
2405 37 73
2406 30 73
2407 38 80
2408 32 65
2409 40 79
2410 40 75
2411 41 79
2412 37 82
2413 45 82
2414 38 65
2415 34 79
2416 30 82
2417 39 69
2418 37 74
2419 39 67
2420 31 71
2421 40 70
2422 33 74
2423 42 80
2424 39 75
2425 34 76
2426 41 65
2427 37 72
2428 37 68
2429 35 77
2430 36 69
2431 83 165
2432 98 154
2433 86 160
2434 90 153
2435 95 154
2436 84 158
2437 89 154
2438 96 153
2439 89 155
2440 99 165
2441 87 163
2442 84 163
2443 90 154
2444 93 164
2445 88 162
2446 94 164
2447 92 155
2448 87 157
2449 90 160
2450 90 166
2451 89 159
2452 93 155
2453 90 151
2454 93 152
2455 98 164
2456 101 156
2457 96 154
2458 87 160
2459 94 162
2460 89 161
2461 153 149
2462 152 137
2463 153 140
2464 152 148
2465 154 142
2466 165 133
2467 164 145
2468 154 148
2469 160 142
2470 152 137
2471 156 149
2472 162 139
2473 158 143
2474 153 138
2475 154 136
2476 157 148
2477 157 140
2478 166 148
2479 166 140
2480 156 148
2481 155 145
2482 158 141
2483 164 137
2484 164 150
2485 156 144
2486 161 134
2487 160 150
2488 166 149
2489 156 142
2490 166 140
2491 7 31
2492 11 46
2493 11 46
2494 11 36
2495 2 46
2496 2 32
2497 11 42
2498 3 37
2499 2 35
2500 4 46
2501 1 42
2502 10 41
2503 10 33
2504 2 37
2505 5 36
2506 8 41
2507 11 29
2508 11 34
2509 2 45
2510 1 38
2511 5 42
2512 2 30
2513 6 31
2514 1 38
2515 3 45
2516 0 36
2517 8 36
2518 29 154
2519 34 163
2520 35 158
2521 34 157
2522 31 157
2523 41 165
2524 36 161
2525 43 166
2526 35 160
2527 34 154
2528 29 151
2529 46 154
2530 42 162
2531 38 154
2532 30 156
2533 32 161
2534 36 156
2535 45 154
2536 42 151
2537 47 152
2538 38 159
2539 40 165
2540 42 160
2541 35 162
2542 41 156
2543 43 152
2544 43 159
2545 34 163
2546 34 160
2547 42 161
2548 142 167
2549 138 185
2550 145 181
2551 147 179
2552 145 185
2553 150 185
2554 142 183
2555 147 183
2556 134 171
2557 142 179
2558 146 170
2559 137 175
2560 137 179
2561 147 175
2562 144 184
2563 148 176
2564 150 182
2565 140 180
2566 133 183
2567 145 168
2568 139 181
2569 146 176
2570 147 177
2571 143 173
2572 141 181
2573 135 168
2574 145 180
2575 143 172
2576 135 181
2577 147 181
2578 176 174
2579 177 171
2580 177 167
2581 168 178
2582 175 183
2583 177 185
2584 167 171
2585 178 180
2586 184 174
2587 173 182
2588 169 177
2589 168 175
2590 176 168
2591 180 183
2592 173 184
2593 170 177
2594 173 167
2595 173 176
2596 183 177
2597 37 32
2598 42 32
2599 32 42
2600 41 33
2601 33 45
2602 46 45
2603 41 45
2604 31 37
2605 34 37
2606 42 44
2607 29 36
2608 29 34
2609 47 35
2610 36 33
2611 33 29
2612 35 46
2613 42 34
2614 41 43
2615 45 38
2616 29 42
2617 39 43
2618 33 32
2619 47 44
2620 53 48
2621 55 52
2622 49 53
2623 60 52
2624 54 53
2625 64 55
2626 51 56
2627 64 60
2628 54 56
2629 52 48
2630 48 58
2631 62 63
2632 55 64
2633 51 50
2634 58 62
2635 49 60
2636 60 52
2637 64 49
2638 51 58
2639 60 164
2640 59 162
2641 62 152
2642 64 163
2643 57 154
2644 53 160
2645 58 164
2646 48 156
2647 51 154
2648 55 166
2649 57 151
2650 64 156
2651 51 158
2652 61 160
2653 59 156
2654 55 158
2655 61 162
2656 57 153
2657 53 154
2658 50 164
2659 49 156
2660 53 153
2661 63 165
2662 48 157
2663 50 152
2664 64 152
2665 48 161
2666 49 158
2667 62 154
2668 63 165
2669 2 220
2670 9 215
2671 2 209
2672 1 216
2673 7 205
2674 6 212
2675 3 208
2676 8 223
2677 6 213
2678 8 213
2679 11 208
2680 5 217
2681 1 215
2682 9 220
2683 8 212
2684 5 223
2685 10 214
2686 3 210
2687 7 220
2688 9 219
2689 7 213
2690 2 218
2691 4 212
2692 7 211
2693 8 221
2694 2 217
2695 10 214
2696 9 213
2697 0 217
2698 6 211
2699 1 134
2700 0 134
2701 8 137
2702 6 135
2703 4 140
2704 8 143
2705 10 150
2706 6 134
2707 11 145
2708 11 145
2709 6 143
2710 0 136
2711 10 150
2712 10 134
2713 6 144
2714 5 139
2715 4 140
2716 2 148
2717 2 144
2718 0 141
2719 0 141
2720 11 149
2721 0 144
2722 0 149
2723 2 137
2724 7 135
2725 1 146
2726 7 137
2727 10 142
2728 81 166
2729 66 161
2730 68 153
2731 77 158
2732 78 157
2733 82 151
2734 66 161
2735 82 165
2736 82 155
2737 68 162
2738 77 161
2739 65 161
2740 82 153
2741 82 156
2742 68 154
2743 66 161
2744 65 161
2745 71 164
2746 72 166
2747 76 163
2748 70 154
2749 81 160
2750 72 156
2751 67 158
2752 70 157
2753 70 160
2754 75 165
2755 66 158
2756 69 157
2757 77 165
2758 35 17
2759 43 13
2760 36 18
2761 47 20
2762 43 12
2763 32 23
2764 44 17
2765 43 13
2766 34 21
2767 32 26
2768 29 18
2769 41 15
2770 44 24
2771 31 19
2772 43 25
2773 38 21
2774 38 23
2775 42 16
2776 45 14
2777 38 19
2778 46 17
2779 42 24
2780 46 17
2781 37 23
2782 29 12
2783 47 19
2784 32 12
2785 33 23
2786 45 25
2787 44 28
2788 214 103
2789 208 103
2790 213 109
2791 213 112
2792 206 108
2793 215 109
2794 205 104
2795 209 103
2796 220 102
2797 214 102
2798 209 113
2799 212 110
2800 209 104
2801 217 103
2802 219 116
2803 209 103
2804 206 103
2805 214 106
2806 205 103
2807 207 112
2808 207 105
2809 211 105
2810 215 114
2811 217 109
2812 209 103
2813 210 116
2814 210 116
2815 208 103
2816 217 109
2817 220 107
2818 211 76
2819 222 82
2820 214 67
2821 212 65
2822 213 68
2823 221 81
2824 213 68
2825 216 77
2826 206 76
2827 208 82
2828 210 65
2829 221 67
2830 215 65
2831 205 65
2832 219 82
2833 214 75
2834 214 68
2835 210 74
2836 217 68
2837 211 71
2838 215 81
2839 216 72
2840 222 82
2841 211 73
2842 223 76
2843 215 75
2844 211 82
2845 206 77
2846 212 70
2847 215 76
2848 21 193
2849 15 196
2850 12 200
2851 20 190
2852 15 186
2853 24 196
2854 22 186
2855 20 186
2856 14 191
2857 25 186
2858 19 202
2859 18 191
2860 21 201
2861 18 200
2862 16 194
2863 12 193
2864 20 187
2865 20 195
2866 19 187
2867 25 186
2868 23 204
2869 21 187
2870 16 195
2871 13 191
2872 18 199
2873 25 197
2874 19 195
2875 12 204
2876 17 196
2877 23 200
2878 95 92
2879 88 85
2880 90 100
2881 92 93
2882 90 85
2883 98 89
2884 85 94
2885 101 90
2886 89 96
2887 96 93
2888 84 99
2889 87 94
2890 98 91
2891 90 100
2892 96 92
2893 88 100
2894 90 96
2895 95 90
2896 94 95
2897 91 84
2898 101 95
