217 239 10 2939
0 7
1 7
2 6
3 8
4 8
5 6
6 11
7 10
8 8
9 8
10 4
11 8
12 3
13 3
14 3
15 4
16 4
17 3
18 4
19 3
20 3
21 5
22 4
23 3
24 3
25 3
26 3
27 3
28 3
29 6
30 3
31 3
32 3
33 3
34 3
35 5
36 5
37 3
38 3
39 3
40 3
41 3
42 3
43 3
44 3
45 4
46 4
47 4
48 3
49 3
50 3
51 3
52 3
53 4
54 3
55 4
56 4
57 4
58 3
59 3
60 3
61 3
62 3
63 6
64 3
65 3
66 3
67 3
68 3
69 3
70 4
71 3
72 3
73 5
74 3
75 3
76 4
77 4
78 3
79 3
80 3
81 3
82 3
83 3
84 3
85 3
86 4
87 3
88 3
89 3
90 7
91 3
92 3
93 3
94 3
95 3
96 3
97 3
98 4
99 3
100 4
101 4
102 3
103 3
104 3
105 3
106 3
107 4
108 3
109 4
110 3
111 5
112 4
113 3
114 3
115 4
116 3
117 4
118 4
119 3
120 5
121 3
122 3
123 3
124 3
125 3
126 3
127 3
128 3
129 4
130 3
131 3
132 3
133 4
134 4
135 3
136 3
137 4
138 3
139 3
140 3
141 6
142 3
143 3
144 3
145 3
146 3
147 5
148 3
149 3
150 4
151 4
152 3
153 3
154 3
155 4
156 4
157 3
158 3
159 4
160 5
161 3
162 3
163 3
164 3
165 3
166 5
167 5
168 4
169 3
170 3
171 4
172 4
173 3
174 4
175 3
176 4
177 3
178 3
179 3
180 3
181 3
182 3
183 3
184 3
185 3
186 4
187 3
188 3
189 3
190 3
191 5
192 3
193 3
194 4
195 4
196 3
197 4
198 3
199 4
200 4
201 3
202 5
203 3
204 4
205 3
206 4
207 3
208 3
209 3
210 3
211 3
212 3
213 3
214 4
215 4
216 6
0 0 4
1 0 7
2 0 8
3 0 10
4 0 11
5 0 85
6 1 6
7 1 7
8 1 8
9 1 9
10 1 10
11 1 11
12 2 3
13 2 7
14 2 9
15 2 166
16 2 202
17 3 4
18 3 6
19 3 7
20 3 9
21 3 31
22 3 116
23 4 5
24 4 9
25 4 10
26 4 11
27 5 6
28 5 7
29 5 8
30 5 9
31 6 7
32 6 8
33 6 9
34 6 10
35 6 11
36 6 65
37 7 8
38 7 147
39 8 9
40 8 11
41 8 101
42 9 131
43 11 12
44 11 47
45 11 186
46 12 17
47 12 18
48 13 26
49 13 28
50 13 22
51 14 29
52 15 25
53 15 27
54 15 29
55 16 21
56 16 28
57 18 26
58 19 29
59 20 29
60 21 24
61 21 29
62 22 30
63 23 25
64 31 42
65 32 37
66 33 34
67 33 43
68 35 39
69 35 43
70 35 45
71 35 41
72 36 37
73 36 42
74 36 44
75 38 46
76 40 45
77 41 42
78 44 46
79 47 55
80 47 58
81 48 63
82 49 55
83 50 62
84 51 53
85 52 59
86 52 64
87 53 61
88 53 63
89 54 63
90 55 60
91 56 57
92 56 61
93 57 58
94 57 62
95 59 63
96 65 77
97 66 73
98 66 68
99 67 71
100 68 69
101 68 78
102 69 75
103 69 82
104 70 81
105 70 84
106 71 80
107 72 83
108 73 74
109 73 80
110 74 77
111 76 83
112 76 79
113 78 83
114 79 81
115 85 90
116 86 91
117 86 88
118 87 98
119 88 90
120 89 96
121 90 96
122 90 99
123 90 100
124 91 93
125 92 98
126 93 94
127 95 100
128 97 99
129 98 100
130 101 114
131 101 107
132 102 104
133 102 106
134 103 115
135 105 108
136 106 108
137 106 111
138 107 112
139 107 113
140 109 111
141 109 112
142 110 111
143 113 115
144 116 124
145 117 124
146 117 125
147 117 122
148 118 129
149 118 130
150 119 123
151 119 129
152 120 121
153 120 126
154 120 128
155 122 129
156 125 128
157 127 128
158 131 133
159 132 135
160 133 135
161 133 134
162 134 141
163 136 139
164 137 140
165 137 145
166 137 141
167 138 144
168 138 141
169 139 146
170 141 142
171 142 146
172 143 145
173 147 156
174 147 150
175 147 159
176 148 160
177 149 151
178 149 159
179 150 162
180 150 163
181 151 155
182 152 154
183 153 163
184 154 156
185 155 160
186 157 161
187 158 165
188 159 161
189 159 165
190 160 164
191 166 177
192 166 176
193 167 173
194 167 183
195 167 174
196 168 175
197 168 174
198 168 185
199 169 174
200 170 182
201 170 184
202 170 176
203 171 178
204 171 174
205 172 179
206 172 177
207 176 178
208 178 180
209 181 185
210 186 200
211 186 188
212 187 193
213 187 199
214 188 191
215 189 198
216 190 197
217 191 197
218 191 199
219 191 195
220 192 199
221 194 196
222 194 201
223 195 201
224 198 200
225 202 210
226 202 214
227 203 209
228 203 215
229 204 212
230 204 216
231 205 216
232 206 214
233 206 216
234 207 212
235 208 213
236 208 216
237 211 213
238 214 215
0 78 103
1 84 101
2 68 106
3 66 110
4 78 115
5 83 112
6 78 114
7 69 110
8 69 105
9 76 113
10 65 104
11 66 108
12 83 111
13 81 107
14 70 108
15 69 112
16 83 107
17 69 112
18 84 114
19 78 103
20 68 109
21 76 110
22 70 114
23 72 108
24 71 108
25 75 101
26 79 110
27 81 108
28 78 103
29 68 101
30 183 1
31 172 10
32 171 7
33 170 7
34 180 5
35 179 10
36 181 8
37 173 1
38 184 9
39 180 2
40 182 1
41 174 9
42 175 3
43 168 1
44 175 2
45 174 8
46 183 11
47 181 11
48 171 8
49 183 1
50 172 7
51 176 4
52 183 0
53 172 5
54 176 7
55 173 10
56 166 11
57 181 9
58 185 2
59 174 0
60 205 9
61 205 4
62 214 11
63 212 0
64 216 5
65 209 6
66 210 1
67 205 11
68 202 10
69 214 3
70 203 5
71 215 8
72 209 9
73 204 0
74 210 8
75 209 7
76 211 4
77 208 4
78 213 1
79 205 4
80 203 0
81 215 2
82 207 4
83 202 4
84 208 11
85 207 11
86 207 3
87 206 9
88 202 11
89 203 206
90 207 203
91 206 213
92 204 202
93 216 203
94 215 204
95 208 214
96 210 211
97 211 207
98 202 216
99 212 208
100 211 215
101 211 215
102 207 215
103 211 216
104 207 215
105 216 203
106 207 209
107 216 210
108 138 6
109 146 6
110 137 8
111 141 6
112 142 6
113 134 11
114 144 0
115 138 7
116 136 8
117 146 3
118 140 7
119 138 2
120 146 4
121 144 6
122 139 1
123 134 0
124 132 9
125 134 1
126 131 0
127 145 5
128 143 11
129 143 5
130 135 1
131 145 5
132 134 6
133 142 0
134 143 7
135 139 1
136 134 9
137 27 142
138 22 143
139 20 141
140 29 139
141 16 139
142 17 131
143 18 143
144 14 132
145 20 145
146 13 138
147 30 142
148 19 141
149 22 140
150 25 146
151 13 136
152 16 146
153 27 139
154 13 143
155 26 135
156 20 134
157 18 131
158 14 144
159 13 139
160 12 132
161 19 143
162 21 142
163 23 142
164 13 132
165 15 139
166 18 138
167 195 166
168 200 179
169 190 172
170 196 181
171 196 184
172 194 182
173 197 172
174 188 175
175 196 172
176 191 184
177 201 168
178 193 174
179 193 175
180 197 168
181 187 166
182 192 182
183 197 166
184 195 183
185 187 170
186 189 171
187 189 185
188 196 176
189 188 175
190 192 167
191 192 174
192 195 176
193 195 174
194 195 183
195 195 181
196 198 177
197 183 154
198 171 160
199 180 158
200 182 158
201 183 153
202 179 149
203 183 150
204 172 157
205 171 148
206 181 154
207 181 158
208 179 154
209 178 155
210 181 156
211 171 159
212 172 159
213 183 164
214 168 159
215 173 147
216 169 162
217 179 149
218 170 148
219 185 147
220 171 159
221 176 151
222 166 151
223 168 150
224 180 150
225 168 148
226 182 164
227 146 117
228 144 122
229 146 123
230 141 125
231 142 129
232 138 130
233 131 116
234 142 126
235 144 117
236 135 122
237 137 117
238 146 129
239 133 127
240 134 128
241 137 127
242 134 119
243 141 116
244 131 127
245 134 123
246 141 129
247 131 125
248 135 125
249 143 124
250 146 126
251 142 122
252 141 124
253 135 128
254 135 119
255 143 122
256 143 121
257 53 18
258 64 26
259 53 15
260 55 25
261 64 14
262 62 27
263 55 25
264 52 30
265 53 20
266 56 20
267 54 17
268 63 28
269 56 24
270 57 25
271 63 29
272 50 28
273 59 30
274 51 20
275 59 17
276 48 12
277 49 24
278 64 20
279 58 29
280 60 20
281 62 20
282 60 29
283 48 13
284 50 13
285 47 26
286 56 20
287 55 6
288 61 6
289 59 6
290 52 0
291 53 6
292 53 5
293 64 0
294 62 9
295 47 3
296 53 0
297 50 10
298 49 1
299 54 5
300 49 1
301 54 11
302 50 11
303 54 1
304 59 1
305 60 2
306 64 4
307 59 9
308 51 3
309 59 11
310 60 5
311 48 5
312 52 11
313 48 10
314 51 11
315 57 9
316 175 127
317 182 129
318 183 129
319 178 128
320 175 123
321 173 122
322 177 125
323 183 124
324 166 116
325 167 125
326 171 126
327 179 129
328 170 126
329 179 117
330 183 125
331 182 116
332 172 118
333 183 127
334 166 121
335 169 120
336 176 125
337 172 128
338 167 128
339 183 121
340 180 126
341 175 129
342 170 117
343 183 129
344 185 118
345 174 124
346 112 211
347 101 209
348 106 211
349 103 203
350 101 213
351 108 204
352 115 211
353 104 208
354 110 210
355 104 204
356 107 206
357 112 206
358 104 216
359 115 212
360 111 206
361 101 208
362 102 208
363 105 215
364 104 214
365 107 206
366 108 212
367 115 205
368 107 210
369 113 216
370 115 207
371 103 203
372 114 205
373 105 203
374 106 205
375 115 207
376 215 187
377 207 201
378 210 201
379 216 186
380 202 195
381 207 193
382 213 193
383 212 196
384 209 188
385 208 195
386 207 194
387 212 201
388 215 201
389 212 186
390 216 187
391 202 190
392 214 188
393 202 190
394 214 200
395 205 197
396 211 186
397 211 192
398 213 201
399 204 192
400 206 201
401 213 191
402 203 192
403 213 196
404 206 189
405 211 188
406 202 157
407 210 155
408 203 163
409 215 158
410 216 152
411 208 163
412 213 157
413 216 154
414 214 158
415 204 159
416 208 163
417 216 150
418 215 155
419 215 149
420 215 149
421 205 151
422 212 160
423 205 160
424 210 161
425 205 158
426 215 162
427 213 164
428 203 162
429 207 161
430 208 148
431 215 158
432 202 149
433 214 150
434 203 161
435 208 156
436 175 8
437 173 5
438 173 8
439 173 3
440 178 6
441 181 5
442 174 6
443 177 6
444 170 4
445 171 3
446 172 6
447 185 11
448 170 3
449 179 9
450 168 8
451 178 0
452 168 10
453 181 0
454 174 1
455 175 8
456 178 3
457 182 11
458 168 8
459 173 3
460 168 4
461 169 11
462 185 6
463 185 5
464 172 10
465 153 115
466 156 112
467 154 101
468 152 107
469 163 103
470 158 103
471 165 113
472 147 108
473 156 101
474 153 111
475 154 110
476 152 102
477 162 105
478 152 108
479 154 110
480 149 107
481 165 114
482 159 108
483 151 109
484 153 110
485 149 103
486 155 114
487 160 110
488 149 109
489 158 112
490 165 106
491 155 101
492 152 113
493 160 112
494 158 108
495 176 7
496 173 3
497 172 6
498 178 7
499 178 0
500 171 6
501 173 7
502 166 6
503 179 5
504 169 10
505 169 7
506 182 8
507 179 3
508 178 6
509 173 10
510 185 0
511 180 8
512 168 0
513 171 4
514 176 7
515 181 7
516 180 8
517 185 5
518 168 9
519 170 4
520 173 4
521 174 7
522 168 2
523 167 0
524 171 2
525 77 206
526 69 207
527 79 203
528 75 208
529 80 204
530 67 204
531 83 209
532 65 202
533 69 211
534 69 212
535 65 213
536 68 202
537 84 215
538 70 210
539 77 207
540 65 202
541 69 202
542 74 208
543 76 210
544 67 216
545 77 202
546 71 210
547 71 204
548 69 205
549 66 211
550 70 214
551 83 209
552 83 215
553 65 214
554 73 205
555 17 8
556 21 5
557 28 0
558 28 6
559 24 6
560 22 6
561 13 10
562 13 1
563 30 1
564 28 8
565 16 8
566 20 11
567 14 4
568 26 10
569 23 3
570 13 10
571 20 1
572 14 9
573 29 5
574 25 6
575 26 7
576 13 8
577 30 9
578 23 6
579 26 6
580 16 1
581 14 11
582 12 2
583 30 11
584 34 31
585 41 46
586 38 43
587 31 44
588 34 41
589 37 46
590 33 36
591 40 37
592 33 39
593 42 34
594 40 44
595 37 31
596 40 44
597 36 33
598 46 34
599 36 33
600 35 36
601 45 33
602 31 46
603 35 31
604 36 40
605 40 38
606 41 55
607 33 60
608 41 64
609 36 51
610 34 56
611 38 51
612 31 48
613 40 64
614 39 52
615 31 50
616 38 62
617 43 49
618 42 63
619 37 63
620 45 57
621 37 52
622 43 63
623 40 64
624 31 61
625 37 48
626 39 56
627 35 60
628 34 54
629 39 53
630 38 47
631 43 47
632 42 61
633 45 57
634 44 62
635 34 51
636 13 35
637 26 44
638 17 35
639 23 34
640 13 40
641 24 41
642 14 40
643 22 40
644 16 45
645 18 31
646 16 42
647 17 37
648 20 45
649 19 43
650 28 42
651 21 35
652 15 42
653 20 37
654 25 33
655 14 38
656 24 41
657 20 41
658 21 39
659 22 40
660 23 37
661 23 40
662 28 33
663 27 44
664 26 34
665 22 31
666 137 78
667 143 77
668 137 76
669 137 84
670 143 84
671 138 73
672 140 71
673 143 72
674 146 66
675 138 81
676 144 70
677 143 73
678 132 83
679 133 70
680 137 69
681 135 69
682 145 84
683 137 68
684 144 75
685 143 82
686 139 74
687 143 65
688 141 79
689 146 70
690 134 73
691 138 68
692 139 82
693 140 84
694 142 69
695 131 78
696 163 49
697 153 61
698 148 63
699 153 52
700 160 53
701 150 50
702 157 54
703 151 54
704 163 61
705 153 48
706 164 47
707 155 61
708 148 47
709 152 60
710 149 61
711 159 64
712 148 58
713 148 51
714 148 60
715 154 54
716 162 60
717 148 47
718 161 64
719 147 53
720 157 54
721 165 54
722 159 64
723 163 47
724 147 54
725 153 54
726 74 121
727 79 123
728 76 118
729 77 119
730 77 127
731 72 124
732 79 123
733 75 129
734 72 126
735 77 124
736 73 121
737 74 122
738 81 122
739 74 118
740 78 128
741 69 122
742 76 126
743 66 116
744 80 117
745 81 118
746 79 129
747 83 118
748 65 122
749 78 122
750 77 125
751 84 120
752 81 124
753 67 130
754 82 124
755 71 117
756 55 135
757 63 140
758 47 134
759 58 138
760 64 136
761 59 142
762 49 143
763 62 136
764 61 143
765 52 146
766 48 143
767 48 136
768 59 146
769 49 138
770 56 133
771 55 142
772 59 139
773 55 140
774 58 131
775 62 133
776 48 138
777 59 140
778 59 138
779 50 136
780 52 131
781 61 140
782 62 133
783 53 132
784 51 142
785 48 141
786 182 212
787 177 211
788 172 205
789 171 214
790 181 204
791 177 208
792 185 208
793 183 211
794 168 203
795 168 202
796 174 215
797 171 210
798 179 210
799 172 216
800 176 204
801 178 204
802 176 203
803 175 207
804 168 208
805 166 211
806 166 215
807 172 210
808 168 208
809 175 215
810 179 203
811 177 209
812 179 206
813 183 215
814 180 213
815 161 117
816 162 124
817 159 117
818 152 126
819 153 123
820 152 121
821 161 118
822 154 130
823 158 123
824 155 124
825 147 121
826 151 125
827 149 122
828 154 126
829 156 116
830 147 124
831 163 123
832 149 124
833 159 121
834 149 117
835 149 127
836 159 119
837 157 127
838 165 116
839 165 121
840 149 128
841 164 123
842 153 128
843 155 127
844 153 122
845 62 76
846 52 74
847 52 72
848 64 80
849 49 84
850 51 77
851 64 77
852 53 74
853 50 68
854 50 69
855 55 76
856 61 71
857 60 68
858 49 67
859 57 75
860 49 76
861 47 68
862 47 77
863 62 84
864 61 83
865 54 80
866 48 69
867 49 77
868 51 74
869 58 82
870 61 74
871 52 83
872 49 83
873 59 75
874 47 69
875 11 83
876 6 75
877 7 83
878 3 73
879 5 74
880 3 76
881 6 76
882 10 75
883 8 81
884 1 70
885 0 70
886 7 67
887 4 68
888 6 72
889 9 75
890 9 84
891 5 73
892 1 74
893 6 67
894 2 67
895 1 75
896 3 80
897 8 77
898 9 84
899 4 74
900 9 71
901 4 73
902 160 40
903 152 39
904 164 43
905 163 42
906 147 35
907 154 37
908 147 38
909 155 46
910 163 46
911 158 37
912 151 41
913 159 46
914 160 45
915 148 45
916 163 37
917 158 35
918 152 39
919 147 45
920 148 44
921 157 40
922 154 33
923 160 31
924 162 32
925 159 33
926 150 41
927 158 44
928 155 36
929 161 43
930 160 42
931 152 45
932 64 168
933 51 169
934 59 184
935 63 181
936 51 171
937 64 180
938 57 181
939 59 175
940 49 167
941 58 176
942 54 182
943 51 166
944 64 172
945 56 175
946 50 185
947 51 183
948 64 184
949 52 177
950 64 174
951 51 168
952 60 168
953 57 179
954 59 172
955 50 175
956 62 171
957 51 166
958 56 184
959 58 180
960 52 171
961 47 166
962 16 4
963 20 6
964 29 3
965 24 1
966 24 7
967 28 5
968 22 7
969 17 10
970 25 9
971 27 7
972 29 11
973 25 1
974 20 3
975 23 6
976 30 3
977 22 1
978 16 5
979 21 10
980 28 8
981 26 8
982 16 5
983 13 1
984 28 11
985 30 7
986 30 11
987 17 8
988 28 8
989 19 4
990 17 5
991 28 204
992 30 206
993 27 210
994 17 209
995 19 202
996 27 203
997 16 210
998 19 216
999 17 205
1000 25 211
1001 16 202
1002 26 210
1003 16 202
1004 21 215
1005 12 212
1006 29 204
1007 14 203
1008 18 213
1009 16 203
1010 20 205
1011 19 213
1012 17 209
1013 15 214
1014 26 216
1015 21 210
1016 30 211
1017 28 211
1018 13 202
1019 18 212
1020 30 209
1021 187 114
1022 190 105
1023 191 105
1024 192 106
1025 195 112
1026 194 105
1027 200 101
1028 197 113
1029 188 101
1030 195 108
1031 199 104
1032 189 111
1033 199 109
1034 193 103
1035 186 105
1036 200 105
1037 189 108
1038 191 109
1039 198 104
1040 197 110
1041 201 109
1042 186 115
1043 193 113
1044 200 102
1045 186 104
1046 199 105
1047 199 111
1048 199 103
1049 194 106
1050 198 113
1051 151 138
1052 157 143
1053 160 139
1054 147 131
1055 148 133
1056 151 146
1057 164 138
1058 162 141
1059 165 146
1060 155 133
1061 153 133
1062 153 135
1063 152 144
1064 160 137
1065 162 134
1066 152 131
1067 156 143
1068 148 142
1069 153 141
1070 162 137
1071 159 138
1072 148 141
1073 152 144
1074 153 143
1075 160 132
1076 160 139
1077 154 134
1078 160 143
1079 152 145
1080 151 138
1081 157 16
1082 162 20
1083 159 19
1084 151 18
1085 163 15
1086 159 21
1087 165 26
1088 151 24
1089 150 17
1090 150 13
1091 153 21
1092 156 12
1093 151 14
1094 151 16
1095 153 21
1096 155 30
1097 153 21
1098 148 28
1099 147 30
1100 164 16
1101 158 22
1102 165 24
1103 149 12
1104 163 27
1105 152 18
1106 158 17
1107 151 14
1108 149 15
1109 153 22
1110 155 30
1111 119 74
1112 129 69
1113 117 69
1114 124 74
1115 124 83
1116 126 80
1117 116 71
1118 123 69
1119 125 84
1120 118 66
1121 125 74
1122 125 77
1123 122 66
1124 117 83
1125 120 81
1126 119 67
1127 118 66
1128 123 68
1129 119 66
1130 118 65
1131 124 74
1132 116 84
1133 120 73
1134 129 68
1135 121 66
1136 128 79
1137 117 77
1138 121 80
1139 118 65
1140 127 81
1141 1 208
1142 6 207
1143 5 211
1144 4 216
1145 11 210
1146 7 205
1147 8 213
1148 4 210
1149 7 210
1150 11 213
1151 7 204
1152 5 216
1153 6 208
1154 9 204
1155 3 214
1156 2 204
1157 6 210
1158 2 208
1159 6 205
1160 6 211
1161 4 212
1162 5 206
1163 11 205
1164 5 202
1165 4 207
1166 2 207
1167 3 214
1168 0 208
1169 66 63
1170 76 57
1171 79 64
1172 82 51
1173 83 49
1174 79 64
1175 83 50
1176 79 63
1177 81 48
1178 67 51
1179 78 54
1180 65 63
1181 84 55
1182 74 55
1183 74 49
1184 82 60
1185 79 52
1186 84 54
1187 66 47
1188 82 53
1189 81 53
1190 72 54
1191 71 55
1192 69 58
1193 84 53
1194 65 52
1195 72 58
1196 70 58
1197 77 48
1198 74 59
1199 135 63
1200 146 56
1201 132 64
1202 143 56
1203 143 63
1204 135 50
1205 137 61
1206 145 63
1207 137 55
1208 131 62
1209 143 48
1210 145 57
1211 146 57
1212 142 52
1213 143 47
1214 143 50
1215 135 53
1216 132 63
1217 134 53
1218 140 50
1219 142 54
1220 141 47
1221 144 63
1222 137 61
1223 135 47
1224 137 64
1225 140 61
1226 138 62
1227 141 62
1228 140 56
1229 204 77
1230 203 72
1231 205 70
1232 215 75
1233 212 67
1234 204 69
1235 216 79
1236 210 71
1237 205 83
1238 213 75
1239 202 80
1240 214 81
1241 204 77
1242 216 84
1243 207 82
1244 202 77
1245 210 82
1246 202 80
1247 202 72
1248 203 77
1249 211 70
1250 214 75
1251 214 80
1252 207 84
1253 211 71
1254 207 67
1255 206 67
1256 210 69
1257 211 79
1258 211 79
1259 39 172
1260 36 168
1261 46 185
1262 33 179
1263 42 166
1264 42 178
1265 31 185
1266 39 182
1267 33 185
1268 31 175
1269 45 183
1270 42 168
1271 39 177
1272 37 173
1273 41 175
1274 38 167
1275 31 171
1276 46 176
1277 37 174
1278 31 169
1279 33 180
1280 44 179
1281 41 169
1282 43 174
1283 37 169
1284 44 175
1285 33 173
1286 37 181
1287 33 168
1288 37 184
1289 182 207
1290 167 209
1291 181 209
1292 168 203
1293 177 203
1294 168 202
1295 175 205
1296 175 207
1297 172 211
1298 169 205
1299 184 207
1300 168 205
1301 166 216
1302 171 207
1303 170 210
1304 170 216
1305 172 206
1306 167 212
1307 169 210
1308 174 211
1309 183 204
1310 182 212
1311 176 203
1312 168 216
1313 182 207
1314 177 213
1315 170 211
1316 167 204
1317 185 203
1318 166 206
1319 184 118
1320 181 128
1321 174 119
1322 179 125
1323 181 119
1324 179 125
1325 175 124
1326 182 123
1327 172 129
1328 178 130
1329 178 129
1330 167 126
1331 179 118
1332 185 129
1333 169 119
1334 177 118
1335 179 126
1336 170 118
1337 170 124
1338 180 124
1339 171 123
1340 185 121
1341 178 129
1342 166 121
1343 170 121
1344 180 130
1345 178 128
1346 166 118
1347 172 117
1348 172 129
1349 126 166
1350 116 166
1351 122 176
1352 119 177
1353 124 169
1354 120 172
1355 129 176
1356 124 177
1357 119 180
1358 118 184
1359 117 169
1360 122 183
1361 123 172
1362 127 176
1363 117 174
1364 125 180
1365 119 173
1366 117 172
1367 124 175
1368 128 182
1369 117 181
1370 120 185
1371 124 168
1372 127 173
1373 123 168
1374 117 173
1375 117 174
1376 123 185
1377 124 176
1378 116 169
1379 197 25
1380 201 29
1381 186 20
1382 197 28
1383 199 29
1384 188 25
1385 198 15
1386 199 20
1387 197 18
1388 200 29
1389 199 29
1390 199 27
1391 193 18
1392 201 25
1393 196 24
1394 193 12
1395 189 22
1396 196 29
1397 199 24
1398 191 14
1399 193 28
1400 189 27
1401 198 30
1402 190 18
1403 201 26
1404 193 15
1405 193 30
1406 199 13
1407 190 20
1408 189 21
1409 208 152
1410 211 158
1411 207 158
1412 208 147
1413 203 163
1414 209 150
1415 215 165
1416 216 157
1417 210 159
1418 214 153
1419 207 161
1420 214 164
1421 212 148
1422 215 158
1423 206 162
1424 216 162
1425 215 161
1426 210 149
1427 210 147
1428 202 161
1429 211 155
1430 203 162
1431 206 165
1432 203 148
1433 215 150
1434 202 158
1435 214 156
1436 212 147
1437 205 153
1438 215 160
1439 21 72
1440 14 65
1441 29 77
1442 14 74
1443 27 79
1444 16 78
1445 29 65
1446 18 81
1447 12 70
1448 29 74
1449 14 80
1450 18 79
1451 26 67
1452 24 68
1453 22 81
1454 29 68
1455 24 73
1456 19 67
1457 17 66
1458 21 83
1459 18 66
1460 14 71
1461 14 73
1462 28 69
1463 24 69
1464 19 70
1465 13 65
1466 19 65
1467 26 73
1468 24 78
1469 191 105
1470 195 109
1471 198 111
1472 189 112
1473 198 108
1474 194 115
1475 190 104
1476 189 107
1477 199 108
1478 189 115
1479 199 104
1480 200 102
1481 188 113
1482 189 106
1483 192 110
1484 196 110
1485 191 104
1486 195 111
1487 198 103
1488 200 102
1489 193 113
1490 192 107
1491 187 105
1492 200 115
1493 190 105
1494 192 101
1495 188 115
1496 186 112
1497 193 113
1498 200 108
1499 166 65
1500 183 68
1501 181 81
1502 180 75
1503 179 70
1504 178 80
1505 175 65
1506 180 72
1507 171 73
1508 170 65
1509 175 66
1510 181 70
1511 173 76
1512 166 79
1513 178 80
1514 178 67
1515 174 84
1516 177 74
1517 183 76
1518 180 79
1519 176 71
1520 182 79
1521 174 66
1522 181 66
1523 179 69
1524 180 66
1525 180 73
1526 175 77
1527 169 78
1528 185 82
1529 104 160
1530 106 154
1531 111 156
1532 108 165
1533 108 162
1534 109 151
1535 109 159
1536 105 162
1537 114 148
1538 112 164
1539 115 154
1540 109 148
1541 113 165
1542 112 151
1543 102 160
1544 101 159
1545 108 164
1546 114 149
1547 109 158
1548 102 149
1549 112 157
1550 101 147
1551 104 162
1552 102 149
1553 103 157
1554 103 157
1555 111 148
1556 115 161
1557 111 150
1558 103 165
1559 84 68
1560 68 72
1561 76 77
1562 84 77
1563 78 73
1564 68 72
1565 72 79
1566 76 70
1567 74 69
1568 69 72
1569 79 69
1570 78 73
1571 83 75
1572 65 83
1573 71 75
1574 75 66
1575 66 76
1576 84 68
1577 78 80
1578 73 72
1579 70 74
1580 68 79
1581 80 83
1582 79 72
1583 88 3
1584 93 2
1585 91 5
1586 87 7
1587 95 4
1588 98 10
1589 92 2
1590 85 9
1591 90 3
1592 90 6
1593 96 3
1594 86 1
1595 96 10
1596 92 11
1597 100 5
1598 96 3
1599 99 10
1600 96 7
1601 87 5
1602 90 10
1603 86 3
1604 92 10
1605 88 5
1606 88 8
1607 89 9
1608 96 9
1609 100 2
1610 94 1
1611 54 30
1612 56 23
1613 63 25
1614 47 14
1615 53 25
1616 60 19
1617 54 14
1618 49 19
1619 47 29
1620 58 16
1621 60 25
1622 60 18
1623 58 26
1624 47 28
1625 63 24
1626 64 16
1627 53 30
1628 56 17
1629 52 15
1630 62 13
1631 62 13
1632 51 21
1633 48 18
1634 61 22
1635 58 12
1636 58 21
1637 55 26
1638 51 12
1639 54 18
1640 56 15
1641 75 80
1642 74 78
1643 68 81
1644 70 77
1645 69 76
1646 75 66
1647 82 84
1648 84 78
1649 76 77
1650 78 75
1651 71 72
1652 78 71
1653 65 84
1654 79 68
1655 72 80
1656 81 75
1657 72 82
1658 73 78
1659 68 67
1660 65 79
1661 75 66
1662 81 77
1663 67 79
1664 139 58
1665 131 59
1666 144 59
1667 138 62
1668 146 62
1669 142 49
1670 140 54
1671 138 63
1672 138 62
1673 142 56
1674 138 58
1675 138 51
1676 135 51
1677 141 53
1678 138 59
1679 135 62
1680 133 47
1681 133 60
1682 142 58
1683 142 52
1684 132 63
1685 143 51
1686 144 59
1687 145 63
1688 140 60
1689 139 55
1690 139 60
1691 143 54
1692 139 54
1693 133 50
1694 44 119
1695 33 117
1696 32 119
1697 33 127
1698 37 128
1699 45 125
1700 43 121
1701 44 117
1702 34 125
1703 38 128
1704 35 126
1705 34 126
1706 36 124
1707 40 118
1708 36 122
1709 40 121
1710 39 124
1711 42 118
1712 42 121
1713 41 121
1714 34 124
1715 42 119
1716 39 121
1717 38 118
1718 40 122
1719 41 130
1720 35 127
1721 43 129
1722 44 126
1723 37 127
1724 17 158
1725 16 158
1726 13 163
1727 23 156
1728 13 157
1729 25 147
1730 24 162
1731 26 149
1732 18 149
1733 16 153
1734 19 160
1735 20 149
1736 13 161
1737 24 156
1738 22 157
1739 12 162
1740 23 152
1741 12 159
1742 30 148
1743 20 165
1744 25 148
1745 28 162
1746 28 157
1747 21 156
1748 12 160
1749 26 157
1750 27 159
1751 27 165
1752 26 155
1753 21 150
1754 117 120
1755 126 119
1756 116 127
1757 129 125
1758 120 117
1759 123 118
1760 124 118
1761 122 121
1762 117 119
1763 127 118
1764 123 128
1765 125 123
1766 121 116
1767 118 124
1768 130 123
1769 124 118
1770 123 127
1771 120 117
1772 120 118
1773 21 65
1774 23 76
1775 23 75
1776 27 71
1777 22 68
1778 21 75
1779 15 73
1780 20 80
1781 29 77
1782 16 67
1783 28 80
1784 18 82
1785 21 81
1786 12 78
1787 24 67
1788 20 71
1789 15 81
1790 21 73
1791 29 83
1792 14 65
1793 14 68
1794 30 72
1795 24 70
1796 29 77
1797 29 72
1798 18 75
1799 14 74
1800 13 68
1801 26 65
1802 20 69
1803 103 130
1804 103 121
1805 107 125
1806 114 128
1807 112 130
1808 115 129
1809 115 130
1810 105 117
1811 112 118
1812 112 121
1813 114 123
1814 112 122
1815 101 130
1816 107 130
1817 110 128
1818 104 117
1819 111 117
1820 101 119
1821 104 118
1822 107 130
1823 107 116
1824 106 118
1825 115 120
1826 110 119
1827 103 124
1828 108 123
1829 114 116
1830 103 117
1831 109 116
1832 114 127
1833 53 186
1834 58 190
1835 48 201
1836 63 187
1837 58 188
1838 62 196
1839 55 200
1840 47 198
1841 58 188
1842 63 199
1843 55 201
1844 64 193
1845 54 198
1846 62 194
1847 49 190
1848 52 192
1849 62 198
1850 58 188
1851 59 186
1852 59 193
1853 54 192
1854 62 194
1855 58 192
1856 47 187
1857 48 186
1858 64 200
1859 47 188
1860 52 189
1861 48 195
1862 52 199
1863 139 50
1864 141 48
1865 146 64
1866 146 64
1867 146 58
1868 135 52
1869 132 61
1870 135 57
1871 137 57
1872 132 61
1873 145 62
1874 135 57
1875 135 52
1876 135 56
1877 135 50
1878 144 63
1879 134 50
1880 144 49
1881 136 47
1882 142 55
1883 139 57
1884 144 47
1885 131 57
1886 134 60
1887 136 58
1888 146 49
1889 131 55
1890 133 56
1891 134 53
1892 134 54
1893 127 156
1894 124 157
1895 125 152
1896 124 161
1897 123 156
1898 121 155
1899 124 163
1900 121 151
1901 120 150
1902 117 154
1903 124 157
1904 126 148
1905 130 155
1906 122 149
1907 126 147
1908 122 155
1909 127 160
1910 120 148
1911 128 156
1912 116 153
1913 116 163
1914 121 161
1915 125 163
1916 123 159
1917 116 148
1918 120 164
1919 128 160
1920 122 163
1921 126 153
1922 119 152
1923 103 211
1924 113 215
1925 105 202
1926 108 203
1927 113 210
1928 103 205
1929 115 215
1930 101 209
1931 113 202
1932 103 207
1933 102 205
1934 109 210
1935 114 210
1936 114 205
1937 111 203
1938 105 203
1939 102 212
1940 112 214
1941 109 202
1942 103 212
1943 115 213
1944 114 213
1945 108 210
1946 112 206
1947 111 207
1948 101 214
1949 101 206
1950 107 205
1951 115 209
1952 108 215
1953 37 201
1954 32 187
1955 44 192
1956 38 196
1957 46 198
1958 39 188
1959 43 187
1960 32 198
1961 34 198
1962 43 194
1963 35 195
1964 34 189
1965 36 186
1966 39 197
1967 41 196
1968 44 192
1969 42 199
1970 37 200
1971 39 195
1972 46 200
1973 31 190
1974 35 190
1975 46 200
1976 36 199
1977 41 186
1978 35 189
1979 41 188
1980 45 190
1981 46 189
1982 33 197
1983 6 156
1984 2 164
1985 0 153
1986 0 161
1987 1 152
1988 5 162
1989 11 154
1990 7 160
1991 11 159
1992 11 164
1993 8 157
1994 5 153
1995 0 158
1996 2 165
1997 4 158
1998 4 161
1999 5 164
2000 11 147
2001 4 155
2002 2 158
2003 5 164
2004 1 156
2005 0 155
2006 7 161
2007 11 155
2008 4 163
2009 6 161
2010 4 147
2011 2 159
2012 6 148
2013 148 205
2014 155 216
2015 161 215
2016 150 209
2017 164 205
2018 151 212
2019 157 206
2020 156 203
2021 153 208
2022 148 202
2023 160 202
2024 162 209
2025 157 204
2026 148 203
2027 156 205
2028 162 216
2029 151 215
2030 150 206
2031 161 202
2032 153 214
2033 149 206
2034 158 209
2035 152 206
2036 154 205
2037 165 213
2038 157 214
2039 151 206
2040 164 202
2041 165 211
2042 159 211
2043 41 185
2044 34 167
2045 43 167
2046 34 171
2047 36 178
2048 33 176
2049 43 168
2050 42 173
2051 32 176
2052 33 173
2053 31 184
2054 33 169
2055 38 183
2056 36 175
2057 39 166
2058 37 179
2059 40 184
2060 34 172
2061 44 179
2062 41 170
2063 38 181
2064 43 185
2065 38 177
2066 36 184
2067 33 182
2068 35 180
2069 44 181
2070 42 172
2071 34 172
2072 40 168
2073 112 60
2074 102 58
2075 105 56
2076 108 62
2077 115 58
2078 112 57
2079 111 60
2080 108 47
2081 112 54
2082 104 52
2083 102 61
2084 112 48
2085 109 48
2086 103 48
2087 111 49
2088 113 54
2089 113 56
2090 114 51
2091 113 51
2092 101 57
2093 108 53
2094 112 58
2095 102 49
2096 114 56
2097 104 61
2098 103 59
2099 107 55
2100 112 47
2101 103 57
2102 105 58
2103 193 27
2104 199 20
2105 194 18
2106 193 12
2107 193 23
2108 200 21
2109 189 20
2110 201 28
2111 199 27
2112 192 21
2113 190 14
2114 188 17
2115 190 20
2116 198 30
2117 196 23
2118 201 25
2119 191 18
2120 196 28
2121 189 14
2122 192 28
2123 200 30
2124 187 24
2125 201 23
2126 194 16
2127 190 22
2128 188 17
2129 194 14
2130 198 20
2131 198 20
2132 188 25
2133 125 0
2134 120 5
2135 128 11
2136 127 0
2137 123 9
2138 130 4
2139 126 6
2140 124 0
2141 127 10
2142 121 5
2143 117 3
2144 117 4
2145 125 3
2146 119 3
2147 121 2
2148 130 10
2149 124 6
2150 123 10
2151 119 2
2152 119 7
2153 119 3
2154 118 1
2155 130 11
2156 118 7
2157 124 8
2158 123 2
2159 127 6
2160 121 3
2161 130 0
2162 122 10
2163 80 206
2164 69 205
2165 67 204
2166 81 215
2167 79 212
2168 69 204
2169 69 204
2170 68 214
2171 83 209
2172 79 211
2173 76 203
2174 71 212
2175 78 206
2176 78 203
2177 78 211
2178 66 208
2179 81 208
2180 71 210
2181 75 205
2182 77 215
2183 75 211
2184 74 202
2185 68 216
2186 67 212
2187 79 204
2188 74 207
2189 73 216
2190 81 203
2191 74 203
2192 81 204
2193 170 210
2194 179 212
2195 173 212
2196 182 215
2197 175 207
2198 183 216
2199 185 211
2200 185 214
2201 182 212
2202 178 211
2203 169 214
2204 166 207
2205 179 209
2206 176 204
2207 180 215
2208 172 208
2209 181 206
2210 167 206
2211 173 211
2212 172 214
2213 182 215
2214 167 214
2215 176 212
2216 181 215
2217 171 210
2218 183 203
2219 170 206
2220 176 202
2221 177 206
2222 175 203
2223 98 187
2224 87 189
2225 96 193
2226 85 186
2227 94 196
2228 92 197
2229 92 197
2230 87 197
2231 89 191
2232 97 194
2233 89 200
2234 88 196
2235 91 200
2236 90 197
2237 98 193
2238 100 191
2239 87 192
2240 87 195
2241 100 188
2242 85 193
2243 90 201
2244 100 200
2245 93 194
2246 97 192
2247 100 199
2248 86 195
2249 86 190
2250 98 190
2251 99 197
2252 95 191
2253 54 150
2254 49 163
2255 51 158
2256 48 165
2257 60 159
2258 58 157
2259 53 151
2260 54 152
2261 55 156
2262 47 148
2263 47 153
2264 64 156
2265 54 161
2266 53 151
2267 58 158
2268 52 159
2269 63 148
2270 51 162
2271 53 147
2272 63 147
2273 64 155
2274 60 156
2275 63 159
2276 55 161
2277 62 156
2278 54 148
2279 57 150
2280 64 160
2281 61 157
2282 52 159
2283 126 30
2284 124 14
2285 128 27
2286 125 15
2287 124 16
2288 126 12
2289 128 19
2290 116 20
2291 118 26
2292 123 26
2293 130 16
2294 117 17
2295 121 15
2296 125 24
2297 126 28
2298 127 27
2299 118 15
2300 119 21
2301 126 21
2302 125 18
2303 120 29
2304 122 19
2305 116 22
2306 116 17
2307 116 23
2308 128 30
2309 117 21
2310 125 26
2311 119 24
2312 130 21
2313 5 180
2314 1 169
2315 2 171
2316 9 170
2317 8 178
2318 9 167
2319 8 167
2320 1 185
2321 1 170
2322 2 169
2323 6 178
2324 2 170
2325 11 171
2326 1 171
2327 7 180
2328 1 166
2329 9 171
2330 0 183
2331 1 177
2332 6 182
2333 2 184
2334 10 182
2335 10 175
2336 0 175
2337 2 174
2338 5 171
2339 7 185
2340 11 181
2341 6 181
2342 1 180
2343 44 1
2344 45 3
2345 35 1
2346 44 4
2347 37 6
2348 45 8
2349 37 9
2350 32 2
2351 45 7
2352 37 0
2353 33 9
2354 43 0
2355 43 4
2356 43 5
2357 44 4
2358 45 8
2359 40 0
2360 37 0
2361 31 5
2362 34 5
2363 36 7
2364 32 4
2365 34 10
2366 40 0
2367 46 8
2368 36 4
2369 45 8
2370 37 0
2371 36 4
2372 20 140
2373 24 133
2374 18 145
2375 15 137
2376 13 135
2377 18 142
2378 30 136
2379 21 134
2380 13 145
2381 23 136
2382 30 143
2383 14 145
2384 13 139
2385 16 134
2386 14 132
2387 24 136
2388 24 142
2389 20 142
2390 29 144
2391 13 141
2392 21 139
2393 22 132
2394 18 134
2395 24 146
2396 13 134
2397 24 144
2398 15 141
2399 18 140
2400 16 132
2401 20 135
2402 40 116
2403 32 118
2404 42 125
2405 40 128
2406 36 126
2407 32 122
2408 34 116
2409 37 120
2410 41 119
2411 44 124
2412 38 125
2413 45 121
2414 38 116
2415 45 120
2416 32 120
2417 36 120
2418 41 125
2419 36 128
2420 38 129
2421 37 130
2422 39 120
2423 37 120
2424 42 125
2425 45 120
2426 41 126
2427 34 119
2428 33 126
2429 39 116
2430 35 130
2431 44 124
2432 180 158
2433 180 153
2434 172 164
2435 176 161
2436 175 154
2437 170 163
2438 183 157
2439 175 151
2440 174 152
2441 168 150
2442 167 154
2443 170 157
2444 171 164
2445 180 148
2446 180 155
2447 181 152
2448 166 156
2449 171 153
2450 171 164
2451 166 151
2452 184 163
2453 169 156
2454 171 149
2455 172 156
2456 168 149
2457 175 152
2458 178 153
2459 172 160
2460 167 161
2461 183 155
2462 179 10
2463 172 8
2464 168 5
2465 168 2
2466 181 5
2467 174 9
2468 175 1
2469 175 1
2470 167 4
2471 168 3
2472 183 3
2473 179 7
2474 183 9
2475 183 9
2476 183 3
2477 185 2
2478 182 10
2479 176 7
2480 173 0
2481 175 5
2482 181 10
2483 176 0
2484 179 7
2485 174 3
2486 175 1
2487 180 7
2488 177 10
2489 171 0
2490 165 109
2491 155 112
2492 149 114
2493 164 105
2494 165 101
2495 155 108
2496 152 114
2497 161 115
2498 164 104
2499 164 105
2500 165 106
2501 149 111
2502 147 113
2503 151 106
2504 147 101
2505 151 114
2506 156 107
2507 164 102
2508 156 108
2509 152 110
2510 163 107
2511 162 101
2512 163 106
2513 164 114
2514 157 112
2515 155 103
2516 154 115
2517 149 105
2518 152 108
2519 147 101
2520 191 77
2521 197 66
2522 187 70
2523 186 69
2524 197 66
2525 189 79
2526 195 80
2527 186 82
2528 201 78
2529 193 81
2530 188 69
2531 201 73
2532 200 71
2533 194 69
2534 186 79
2535 190 76
2536 192 70
2537 200 69
2538 199 81
2539 201 78
2540 190 84
2541 188 75
2542 189 79
2543 189 82
2544 194 83
2545 196 65
2546 195 70
2547 189 81
2548 190 78
2549 194 81
2550 209 125
2551 202 116
2552 202 127
2553 206 127
2554 211 118
2555 205 127
2556 215 116
2557 214 125
2558 209 117
2559 213 120
2560 204 123
2561 209 122
2562 216 120
2563 203 122
2564 208 116
2565 204 121
2566 202 126
2567 215 118
2568 214 127
2569 216 130
2570 212 118
2571 208 125
2572 205 120
2573 209 126
2574 205 122
2575 213 129
2576 208 122
2577 205 123
2578 214 127
2579 212 127
2580 192 154
2581 186 150
2582 196 165
2583 189 155
2584 190 154
2585 189 162
2586 194 147
2587 200 155
2588 188 155
2589 190 152
2590 191 147
2591 193 165
2592 193 157
2593 199 156
2594 189 149
2595 201 163
2596 193 152
2597 189 155
2598 198 162
2599 192 162
2600 191 151
2601 200 158
2602 201 156
2603 187 150
2604 192 148
2605 189 151
2606 195 160
2607 191 165
2608 199 153
2609 198 153
2610 210 138
2611 211 135
2612 212 133
2613 214 146
2614 212 144
2615 210 142
2616 213 140
2617 207 142
2618 209 136
2619 202 131
2620 216 138
2621 204 140
2622 210 136
2623 202 133
2624 209 132
2625 209 133
2626 208 144
2627 211 143
2628 202 137
2629 211 138
2630 214 146
2631 210 133
2632 208 145
2633 215 134
2634 215 141
2635 210 146
2636 205 139
2637 204 140
2638 214 142
2639 216 136
2640 92 71
2641 94 80
2642 97 80
2643 96 84
2644 92 83
2645 85 70
2646 89 67
2647 89 68
2648 93 81
2649 91 73
2650 92 70
2651 90 77
2652 98 77
2653 96 76
2654 90 79
2655 86 72
2656 93 67
2657 99 72
2658 85 69
2659 86 75
2660 89 68
2661 91 69
2662 87 68
2663 97 84
2664 92 68
2665 96 70
2666 98 84
2667 86 67
2668 92 76
2669 90 71
2670 22 200
2671 12 196
2672 21 199
2673 24 196
2674 26 200
2675 29 196
2676 16 194
2677 20 192
2678 15 197
2679 29 201
2680 29 188
2681 20 201
2682 22 195
2683 22 192
2684 14 188
2685 26 200
2686 16 195
2687 19 191
2688 30 190
2689 13 195
2690 28 189
2691 24 196
2692 12 195
2693 19 190
2694 18 201
2695 18 194
2696 25 188
2697 13 187
2698 28 197
2699 187 216
2700 189 208
2701 190 210
2702 188 214
2703 201 213
2704 195 204
2705 192 206
2706 191 215
2707 199 208
2708 194 209
2709 197 214
2710 201 210
2711 187 205
2712 193 208
2713 201 205
2714 195 207
2715 186 203
2716 189 205
2717 188 203
2718 200 213
2719 188 212
2720 198 210
2721 196 209
2722 198 212
2723 194 212
2724 197 211
2725 188 206
2726 188 204
2727 198 206
2728 190 208
2729 100 12
2730 94 15
2731 86 17
2732 93 16
2733 100 26
2734 95 14
2735 89 19
2736 95 12
2737 91 29
2738 98 17
2739 91 17
2740 96 15
2741 92 14
2742 87 22
2743 100 20
2744 90 25
2745 87 26
2746 88 25
2747 86 14
2748 85 29
2749 97 30
2750 97 12
2751 94 23
2752 97 27
2753 93 16
2754 87 27
2755 98 16
2756 91 28
2757 96 22
2758 98 12
2759 95 198
2760 88 195
2761 86 195
2762 95 194
2763 94 201
2764 92 193
2765 88 186
2766 94 190
2767 90 199
2768 98 192
2769 100 190
2770 96 197
2771 93 196
2772 92 191
2773 91 187
2774 100 191
2775 100 195
2776 92 186
2777 96 197
2778 90 197
2779 88 196
2780 85 187
2781 92 193
2782 94 192
2783 90 199
2784 94 197
2785 91 192
2786 99 199
2787 94 196
2788 93 192
2789 98 81
2790 94 71
2791 91 84
2792 90 68
2793 95 70
2794 88 66
2795 97 69
2796 97 65
2797 90 80
2798 86 65
2799 92 71
2800 95 73
2801 87 75
2802 87 73
2803 95 80
2804 92 70
2805 88 74
2806 94 80
2807 91 72
2808 93 65
2809 86 78
2810 98 76
2811 86 75
2812 94 75
2813 98 82
2814 96 67
2815 89 69
2816 90 83
2817 93 75
2818 88 71
2819 115 119
2820 102 126
2821 110 124
2822 110 125
2823 109 126
2824 107 130
2825 110 123
2826 115 120
2827 107 127
2828 113 123
2829 109 127
2830 104 124
2831 104 118
2832 105 119
2833 102 120
2834 114 118
2835 104 128
2836 106 117
2837 106 128
2838 104 117
2839 114 116
2840 106 126
2841 101 120
2842 106 127
2843 106 123
2844 113 122
2845 101 126
2846 115 126
2847 102 118
2848 104 120
2849 41 170
2850 42 172
2851 41 180
2852 45 173
2853 44 177
2854 42 167
2855 37 170
2856 33 173
2857 45 177
2858 40 180
2859 35 166
2860 45 176
2861 42 178
2862 32 171
2863 31 172
2864 44 169
2865 36 183
2866 39 168
2867 42 169
2868 31 176
2869 35 174
2870 32 176
2871 44 185
2872 38 166
2873 33 178
2874 46 185
2875 38 177
2876 36 184
2877 42 179
2878 35 175
2879 48 85
2880 55 96
2881 49 86
2882 50 89
2883 55 89
2884 57 91
2885 62 94
2886 47 98
2887 59 92
2888 58 97
2889 54 97
2890 63 93
2891 64 88
2892 61 99
2893 62 92
2894 56 90
2895 53 98
2896 55 87
2897 64 86
2898 57 90
2899 58 87
2900 48 95
2901 56 97
2902 61 94
2903 55 88
2904 50 98
2905 55 98
2906 54 88
2907 49 88
2908 49 96
2909 150 108
2910 159 114
2911 148 106
2912 159 101
2913 152 106
2914 158 115
2915 162 115
2916 158 105
2917 149 104
2918 149 101
2919 152 110
2920 163 101
2921 155 109
2922 154 108
2923 162 101
2924 155 108
2925 152 104
2926 152 104
2927 154 115
2928 154 106
2929 156 108
2930 148 103
2931 156 105
2932 154 111
2933 160 104
2934 157 110
2935 157 106
2936 150 115
2937 160 109
2938 152 107
