213 235 10 2911
0 5
1 6
2 9
3 13
4 7
5 9
6 8
7 7
8 6
9 5
10 8
11 10
12 3
13 3
14 3
15 3
16 3
17 3
18 4
19 3
20 3
21 3
22 3
23 3
24 3
25 3
26 3
27 3
28 5
29 3
30 3
31 3
32 3
33 3
34 5
35 3
36 3
37 3
38 3
39 3
40 6
41 3
42 3
43 3
44 3
45 3
46 6
47 3
48 3
49 4
50 3
51 4
52 4
53 3
54 4
55 3
56 3
57 3
58 5
59 3
60 4
61 5
62 3
63 4
64 3
65 4
66 3
67 4
68 3
69 4
70 3
71 4
72 4
73 3
74 4
75 3
76 3
77 3
78 3
79 4
80 3
81 6
82 4
83 3
84 3
85 3
86 4
87 3
88 4
89 4
90 4
91 3
92 4
93 3
94 3
95 3
96 4
97 5
98 4
99 4
100 3
101 4
102 3
103 3
104 3
105 3
106 4
107 5
108 3
109 5
110 3
111 3
112 3
113 4
114 4
115 3
116 3
117 3
118 3
119 5
120 3
121 6
122 3
123 3
124 3
125 3
126 3
127 4
128 3
129 3
130 4
131 4
132 3
133 3
134 5
135 4
136 3
137 3
138 5
139 3
140 3
141 3
142 4
143 3
144 3
145 3
146 3
147 4
148 3
149 4
150 3
151 4
152 4
153 4
154 4
155 3
156 4
157 5
158 3
159 3
160 4
161 3
162 3
163 3
164 3
165 3
166 3
167 3
168 3
169 5
170 3
171 5
172 4
173 3
174 3
175 4
176 3
177 3
178 3
179 3
180 3
181 4
182 3
183 3
184 4
185 3
186 3
187 4
188 4
189 3
190 3
191 3
192 3
193 3
194 3
195 4
196 3
197 4
198 4
199 3
200 4
201 3
202 4
203 3
204 3
205 3
206 4
207 3
208 4
209 3
210 3
211 3
212 3
0 0 1
1 0 2
2 0 3
3 0 6
4 0 11
5 1 2
6 1 3
7 1 4
8 1 5
9 1 11
10 2 3
11 2 5
12 2 10
13 2 11
14 2 134
15 3 4
16 3 5
17 3 7
18 3 8
19 3 9
20 3 10
21 3 149
22 3 197
23 4 5
24 4 7
25 4 65
26 5 6
27 5 8
28 5 10
29 6 8
30 6 9
31 6 11
32 6 165
33 6 181
34 7 8
35 7 9
36 7 11
37 7 119
38 9 10
39 9 11
40 10 11
41 10 12
42 10 49
43 11 31
44 11 84
45 11 100
46 12 28
47 12 16
48 13 14
49 14 23
50 15 18
51 16 18
52 17 22
53 18 21
54 18 20
55 19 23
56 19 29
57 20 24
58 22 28
59 23 26
60 24 29
61 24 30
62 25 28
63 27 28
64 31 32
65 31 34
66 32 35
67 33 46
68 34 37
69 34 40
70 36 45
71 36 48
72 38 47
73 38 43
74 39 44
75 40 42
76 40 44
77 40 46
78 40 45
79 41 46
80 43 46
81 49 55
82 49 58
83 50 60
84 51 59
85 51 54
86 52 58
87 52 63
88 53 63
89 54 63
90 55 60
91 56 61
92 57 61
93 58 61
94 60 62
95 63 64
96 65 72
97 66 75
98 67 73
99 67 81
100 68 82
101 69 70
102 69 78
103 69 81
104 71 74
105 71 73
106 72 79
107 72 83
108 73 82
109 74 75
110 74 80
111 76 80
112 77 81
113 79 81
114 84 98
115 85 99
116 86 97
117 86 89
118 87 93
119 87 90
120 88 90
121 88 97
122 89 99
123 90 92
124 91 97
125 92 95
126 92 98
127 94 96
128 96 97
129 100 111
130 101 117
131 101 109
132 102 114
133 103 115
134 103 110
135 104 111
136 104 109
137 105 113
138 106 116
139 106 109
140 106 118
141 107 114
142 107 113
143 107 117
144 108 112
145 108 113
146 110 112
147 119 125
148 119 130
149 119 133
150 120 130
151 121 122
152 121 126
153 121 129
154 121 130
155 123 125
156 124 133
157 127 132
158 127 131
159 128 131
160 130 131
161 134 137
162 134 139
163 134 135
164 135 138
165 136 142
166 138 146
167 138 147
168 138 143
169 140 142
170 140 145
171 141 145
172 141 147
173 143 148
174 144 146
175 149 161
176 149 160
177 150 155
178 151 155
179 151 157
180 152 163
181 152 154
182 153 158
183 153 156
184 154 157
185 154 161
186 156 161
187 157 162
188 159 160
189 160 164
190 165 174
191 165 168
192 166 171
193 167 168
194 167 169
195 169 178
196 169 171
197 170 173
198 171 172
199 171 180
200 172 175
201 173 177
202 173 180
203 175 176
204 178 179
205 181 183
206 182 188
207 183 184
208 184 185
209 184 188
210 184 191
211 186 195
212 187 192
213 187 193
214 187 196
215 189 194
216 189 192
217 190 193
218 191 192
219 193 195
220 197 205
221 197 202
222 198 201
223 198 206
224 198 207
225 199 207
226 199 212
227 200 210
228 200 208
229 201 203
230 202 211
231 204 206
232 208 209
233 208 212
234 211 212
0 115 59
1 103 51
2 112 50
3 118 64
4 103 62
5 111 56
6 111 62
7 101 54
8 100 64
9 112 49
10 115 57
11 111 55
12 106 59
13 106 53
14 104 51
15 101 63
16 101 52
17 114 57
18 100 52
19 106 53
20 100 59
21 101 49
22 109 52
23 117 52
24 101 50
25 112 59
26 109 60
27 106 60
28 111 56
29 105 53
30 6 208
31 11 205
32 4 210
33 3 206
34 8 205
35 0 202
36 2 205
37 11 204
38 1 207
39 11 202
40 4 210
41 8 210
42 7 204
43 10 207
44 0 208
45 10 202
46 0 210
47 7 204
48 3 204
49 5 202
50 6 211
51 4 201
52 9 206
53 0 204
54 11 205
55 6 206
56 3 203
57 9 207
58 5 199
59 11 211
60 19 79
61 16 79
62 12 66
63 27 82
64 24 68
65 18 72
66 27 70
67 15 79
68 23 75
69 17 70
70 24 79
71 17 81
72 19 80
73 18 66
74 22 82
75 12 72
76 12 67
77 27 79
78 28 78
79 15 65
80 14 81
81 28 68
82 21 65
83 21 77
84 12 70
85 27 65
86 17 71
87 25 79
88 27 67
89 13 69
90 108 200
91 104 202
92 103 206
93 116 204
94 118 210
95 102 210
96 114 202
97 113 202
98 108 197
99 113 209
100 112 210
101 114 210
102 104 198
103 105 199
104 105 208
105 101 211
106 100 208
107 100 202
108 110 199
109 107 204
110 110 206
111 100 201
112 116 206
113 100 211
114 110 212
115 106 198
116 115 205
117 113 208
118 118 201
119 103 199
120 158 162
121 152 150
122 157 160
123 163 161
124 150 156
125 150 152
126 164 154
127 156 162
128 164 152
129 154 153
130 155 164
131 149 152
132 159 163
133 158 155
134 162 150
135 152 156
136 160 151
137 159 150
138 160 151
139 24 100
140 23 106
141 26 105
142 22 111
143 23 113
144 16 117
145 18 107
146 22 104
147 23 116
148 19 118
149 13 117
150 27 101
151 29 115
152 26 106
153 24 107
154 25 109
155 27 107
156 14 108
157 27 101
158 27 110
159 30 113
160 29 102
161 20 107
162 13 101
163 29 110
164 12 110
165 19 118
166 30 103
167 30 102
168 21 108
169 58 183
170 50 181
171 50 195
172 49 184
173 50 188
174 62 187
175 54 190
176 50 184
177 64 196
178 61 191
179 59 188
180 49 195
181 58 184
182 57 194
183 49 192
184 59 188
185 55 188
186 52 196
187 63 195
188 64 182
189 60 190
190 59 192
191 52 191
192 57 183
193 61 195
194 56 196
195 57 181
196 53 187
197 49 191
198 53 194
199 71 90
200 76 92
201 80 87
202 77 91
203 71 85
204 66 98
205 83 98
206 76 94
207 78 89
208 69 85
209 70 93
210 83 91
211 69 92
212 73 95
213 66 94
214 65 84
215 69 94
216 79 90
217 80 97
218 78 89
219 80 97
220 67 89
221 79 99
222 80 96
223 66 98
224 65 92
225 66 99
226 74 86
227 81 98
228 81 85
229 207 208
230 210 197
231 209 210
232 206 209
233 200 203
234 202 198
235 207 197
236 206 211
237 207 208
238 209 201
239 198 202
240 197 204
241 204 209
242 204 200
243 204 212
244 212 210
245 201 209
246 210 201
247 203 205
248 210 211
249 197 201
250 205 201
251 201 209
252 202 198
253 139 76
254 139 68
255 137 79
256 142 71
257 143 70
258 135 77
259 135 74
260 140 79
261 137 78
262 138 65
263 135 79
264 136 75
265 137 68
266 136 77
267 147 75
268 147 77
269 148 67
270 143 81
271 140 76
272 135 80
273 148 79
274 144 70
275 145 71
276 148 80
277 145 79
278 142 79
279 145 70
280 144 71
281 138 81
282 137 68
283 4 16
284 11 19
285 11 17
286 1 12
287 11 28
288 10 13
289 4 12
290 7 16
291 5 21
292 6 18
293 6 12
294 9 28
295 6 23
296 5 15
297 8 15
298 4 22
299 8 30
300 2 20
301 5 24
302 8 13
303 10 18
304 8 18
305 11 29
306 4 17
307 0 17
308 7 26
309 8 13
310 1 27
311 9 22
312 179 171
313 180 178
314 169 173
315 170 167
316 171 177
317 176 166
318 168 177
319 174 179
320 172 165
321 174 179
322 180 178
323 171 165
324 176 168
325 176 177
326 169 175
327 169 165
328 173 176
329 168 170
330 177 167
331 166 177
332 166 168
333 38 141
334 34 142
335 46 144
336 32 141
337 36 144
338 32 135
339 36 142
340 36 136
341 41 146
342 46 144
343 48 139
344 36 148
345 39 142
346 45 137
347 44 139
348 32 136
349 45 135
350 34 136
351 39 145
352 38 140
353 40 135
354 36 148
355 31 140
356 36 145
357 43 139
358 38 143
359 44 142
360 31 144
361 38 136
362 33 136
363 156 140
364 151 139
365 160 143
366 157 142
367 158 139
368 154 137
369 153 142
370 159 139
371 155 135
372 161 135
373 152 138
374 158 147
375 151 144
376 149 147
377 151 135
378 162 139
379 162 147
380 161 146
381 153 137
382 164 139
383 159 147
384 149 140
385 152 136
386 164 138
387 155 141
388 163 145
389 159 136
390 160 147
391 158 142
392 161 148
393 19 1
394 16 2
395 15 3
396 21 8
397 29 8
398 23 0
399 16 4
400 18 9
401 12 7
402 25 7
403 21 7
404 18 0
405 14 8
406 20 0
407 15 7
408 27 10
409 30 4
410 13 7
411 27 5
412 21 5
413 13 11
414 26 4
415 25 0
416 16 2
417 25 11
418 13 7
419 13 7
420 27 8
421 15 1
422 194 182
423 186 189
424 188 187
425 187 184
426 193 194
427 195 196
428 186 189
429 192 186
430 182 191
431 194 184
432 194 186
433 190 189
434 183 193
435 196 195
436 188 196
437 184 187
438 188 186
439 196 188
440 190 192
441 187 183
442 191 194
443 196 190
444 164 192
445 163 191
446 154 182
447 152 181
448 152 182
449 155 182
450 151 195
451 160 196
452 158 194
453 158 196
454 150 187
455 155 188
456 151 190
457 156 183
458 149 185
459 164 188
460 159 187
461 155 191
462 153 195
463 161 185
464 164 189
465 156 182
466 163 192
467 156 183
468 164 181
469 153 189
470 152 187
471 151 188
472 156 188
473 162 192
474 137 0
475 143 8
476 136 6
477 138 1
478 140 10
479 145 2
480 136 4
481 143 5
482 139 10
483 141 9
484 141 9
485 134 8
486 135 8
487 145 2
488 148 6
489 147 10
490 137 7
491 142 8
492 141 7
493 138 6
494 145 0
495 137 9
496 142 7
497 147 8
498 142 9
499 141 2
500 146 10
501 142 1
502 33 47
503 44 43
504 31 47
505 37 33
506 33 31
507 38 37
508 36 47
509 43 39
510 39 43
511 45 31
512 45 32
513 44 36
514 48 32
515 39 35
516 38 45
517 36 33
518 41 31
519 38 32
520 45 41
521 42 32
522 52 100
523 50 106
524 62 105
525 53 106
526 54 115
527 49 114
528 57 106
529 55 101
530 62 102
531 57 114
532 53 100
533 53 115
534 59 117
535 55 108
536 63 116
537 60 107
538 50 110
539 52 118
540 60 111
541 56 118
542 59 108
543 51 104
544 60 118
545 59 107
546 57 100
547 61 102
548 60 107
549 55 118
550 49 103
551 55 118
552 43 6
553 46 10
554 44 0
555 39 5
556 42 3
557 42 1
558 47 8
559 36 6
560 42 6
561 45 7
562 46 5
563 46 6
564 41 1
565 37 11
566 32 2
567 37 8
568 40 10
569 43 3
570 46 0
571 34 8
572 42 2
573 31 5
574 39 8
575 38 0
576 35 2
577 48 5
578 37 2
579 160 4
580 151 6
581 164 10
582 160 1
583 151 5
584 160 1
585 151 0
586 158 0
587 152 5
588 156 5
589 150 0
590 155 6
591 157 4
592 163 7
593 155 8
594 157 2
595 161 1
596 151 6
597 156 6
598 155 9
599 155 10
600 150 3
601 159 0
602 156 0
603 152 10
604 154 8
605 56 118
606 57 105
607 51 106
608 54 108
609 50 108
610 54 116
611 60 117
612 55 110
613 61 118
614 62 117
615 63 100
616 57 112
617 57 117
618 53 108
619 50 101
620 49 106
621 53 111
622 50 114
623 50 104
624 54 104
625 50 114
626 57 114
627 58 110
628 61 106
629 54 104
630 56 101
631 57 105
632 50 115
633 52 106
634 64 101
635 40 200
636 44 198
637 31 201
638 46 199
639 41 203
640 45 202
641 39 199
642 47 212
643 43 202
644 47 211
645 47 209
646 36 201
647 41 197
648 44 202
649 42 201
650 35 202
651 31 202
652 46 204
653 31 204
654 36 209
655 34 210
656 37 208
657 40 204
658 41 199
659 36 199
660 41 205
661 41 210
662 41 208
663 32 203
664 44 203
665 138 43
666 136 45
667 147 37
668 143 31
669 136 40
670 139 42
671 141 39
672 137 41
673 138 38
674 140 35
675 147 48
676 146 46
677 136 33
678 134 38
679 138 38
680 142 33
681 136 36
682 137 43
683 148 42
684 141 37
685 138 47
686 135 48
687 143 41
688 136 31
689 135 42
690 139 31
691 139 42
692 141 33
693 148 46
694 147 41
695 160 35
696 155 43
697 161 35
698 152 36
699 149 45
700 153 43
701 158 47
702 151 44
703 151 42
704 162 40
705 158 36
706 157 32
707 154 41
708 164 48
709 152 35
710 158 41
711 161 41
712 154 33
713 153 42
714 161 40
715 162 42
716 151 43
717 156 40
718 149 43
719 161 45
720 156 34
721 161 45
722 156 31
723 152 40
724 150 41
725 169 42
726 168 31
727 170 47
728 167 48
729 168 31
730 165 39
731 174 34
732 176 34
733 166 34
734 176 40
735 175 44
736 172 42
737 172 35
738 169 47
739 180 32
740 168 31
741 165 47
742 179 33
743 179 39
744 168 37
745 178 39
746 170 45
747 178 39
748 166 33
749 180 36
750 174 31
751 165 36
752 170 34
753 173 41
754 173 41
755 8 61
756 11 58
757 1 49
758 6 53
759 7 60
760 11 63
761 9 56
762 5 64
763 3 57
764 8 51
765 8 51
766 11 56
767 5 59
768 11 52
769 7 54
770 4 60
771 7 49
772 8 59
773 6 57
774 8 50
775 4 53
776 9 51
777 7 54
778 6 53
779 0 60
780 10 63
781 4 64
782 0 60
783 6 55
784 4 58
785 21 19
786 20 22
787 25 15
788 15 12
789 18 29
790 22 21
791 20 27
792 22 26
793 17 18
794 30 25
795 20 17
796 20 22
797 18 29
798 25 29
799 26 29
800 28 14
801 25 14
802 17 27
803 17 20
804 15 30
805 17 20
806 24 27
807 22 23
808 19 13
809 18 26
810 207 85
811 203 99
812 210 89
813 211 98
814 207 99
815 204 88
816 210 90
817 206 93
818 197 93
819 207 98
820 206 87
821 204 94
822 200 96
823 204 93
824 205 90
825 200 88
826 207 94
827 209 91
828 207 89
829 202 93
830 199 84
831 199 88
832 203 89
833 206 92
834 197 96
835 197 92
836 207 87
837 210 99
838 209 84
839 203 88
840 147 208
841 148 211
842 141 210
843 148 211
844 134 198
845 144 209
846 136 212
847 136 211
848 140 209
849 134 203
850 144 204
851 141 202
852 148 212
853 148 211
854 136 208
855 143 209
856 143 209
857 145 205
858 140 203
859 136 202
860 146 201
861 134 205
862 135 205
863 135 210
864 135 202
865 148 201
866 145 197
867 142 197
868 137 197
869 146 209
870 11 85
871 1 90
872 3 99
873 2 89
874 8 98
875 11 94
876 4 84
877 6 88
878 2 87
879 5 92
880 1 94
881 11 99
882 7 93
883 5 95
884 10 94
885 4 84
886 7 99
887 7 87
888 2 90
889 0 91
890 6 86
891 1 88
892 8 96
893 9 92
894 0 85
895 10 97
896 5 91
897 0 90
898 1 88
899 119 100
900 125 118
901 128 112
902 131 116
903 133 114
904 121 113
905 121 111
906 124 108
907 121 116
908 129 116
909 131 118
910 127 101
911 126 112
912 129 114
913 130 114
914 132 105
915 126 111
916 128 102
917 131 104
918 128 112
919 119 109
920 128 112
921 132 117
922 125 103
923 121 104
924 129 101
925 120 102
926 121 110
927 126 110
928 122 104
929 78 157
930 79 164
931 74 155
932 73 153
933 78 151
934 71 159
935 68 152
936 77 154
937 69 161
938 69 151
939 83 161
940 79 160
941 78 159
942 68 162
943 83 158
944 70 157
945 80 151
946 69 161
947 70 161
948 69 149
949 78 154
950 67 159
951 69 159
952 75 149
953 67 159
954 73 151
955 65 150
956 70 150
957 79 156
958 83 161
959 91 38
960 89 37
961 98 37
962 97 40
963 86 45
964 90 46
965 85 40
966 97 46
967 99 33
968 84 44
969 95 47
970 91 43
971 92 41
972 99 43
973 96 33
974 92 42
975 94 36
976 88 42
977 99 41
978 91 38
979 90 37
980 87 46
981 95 46
982 91 35
983 86 48
984 94 32
985 98 33
986 97 43
987 97 31
988 94 35
989 179 2
990 179 7
991 174 3
992 178 10
993 177 8
994 172 7
995 174 1
996 174 2
997 178 6
998 172 8
999 173 2
1000 178 9
1001 170 10
1002 172 1
1003 172 11
1004 170 4
1005 169 0
1006 179 2
1007 180 5
1008 176 2
1009 179 10
1010 178 10
1011 177 4
1012 174 7
1013 172 2
1014 178 9
1015 172 8
1016 178 4
1017 136 100
1018 148 105
1019 143 117
1020 137 118
1021 140 116
1022 134 106
1023 141 106
1024 140 100
1025 148 107
1026 134 103
1027 137 103
1028 143 107
1029 136 111
1030 142 106
1031 137 102
1032 140 113
1033 134 101
1034 135 117
1035 146 114
1036 148 102
1037 144 112
1038 138 115
1039 141 118
1040 146 108
1041 134 106
1042 134 108
1043 146 114
1044 147 107
1045 145 113
1046 135 113
1047 3 172
1048 9 171
1049 11 168
1050 8 168
1051 8 168
1052 6 176
1053 9 178
1054 7 172
1055 9 168
1056 6 176
1057 1 180
1058 10 172
1059 3 180
1060 8 179
1061 8 168
1062 2 171
1063 9 174
1064 1 176
1065 11 170
1066 4 166
1067 8 174
1068 7 166
1069 3 168
1070 9 176
1071 11 167
1072 8 166
1073 10 180
1074 8 170
1075 8 170
1076 10 206
1077 6 209
1078 4 210
1079 1 200
1080 0 199
1081 4 202
1082 0 198
1083 6 197
1084 11 208
1085 0 208
1086 2 212
1087 9 205
1088 2 211
1089 4 200
1090 8 206
1091 7 198
1092 4 200
1093 5 209
1094 9 206
1095 2 201
1096 0 200
1097 8 209
1098 6 203
1099 5 199
1100 3 211
1101 3 211
1102 3 203
1103 6 212
1104 122 177
1105 128 171
1106 133 175
1107 128 167
1108 129 175
1109 132 180
1110 119 179
1111 132 168
1112 126 166
1113 131 171
1114 120 165
1115 123 178
1116 128 171
1117 119 172
1118 125 174
1119 122 168
1120 133 180
1121 123 166
1122 119 173
1123 129 173
1124 125 178
1125 130 170
1126 126 178
1127 132 172
1128 123 167
1129 128 178
1130 127 172
1131 131 172
1132 126 176
1133 123 172
1134 70 134
1135 66 134
1136 77 136
1137 81 135
1138 71 147
1139 74 142
1140 71 143
1141 73 139
1142 76 142
1143 71 146
1144 78 134
1145 68 138
1146 79 147
1147 71 140
1148 71 145
1149 83 136
1150 76 141
1151 70 145
1152 70 135
1153 66 134
1154 71 137
1155 74 146
1156 66 144
1157 76 143
1158 70 146
1159 78 135
1160 67 139
1161 67 147
1162 68 148
1163 79 148
1164 195 194
1165 181 196
1166 185 193
1167 193 191
1168 189 186
1169 187 186
1170 181 186
1171 196 186
1172 186 196
1173 186 184
1174 191 190
1175 195 194
1176 190 188
1177 196 185
1178 189 183
1179 186 183
1180 184 194
1181 189 183
1182 192 181
1183 185 187
1184 191 196
1185 191 196
1186 181 192
1187 100 90
1188 107 94
1189 109 86
1190 105 96
1191 106 86
1192 112 91
1193 108 97
1194 101 89
1195 110 85
1196 107 96
1197 110 93
1198 106 95
1199 109 93
1200 105 91
1201 108 98
1202 110 97
1203 112 98
1204 105 84
1205 113 89
1206 100 91
1207 104 84
1208 108 97
1209 109 90
1210 105 85
1211 100 86
1212 107 88
1213 101 90
1214 101 84
1215 108 92
1216 105 99
1217 41 1
1218 43 10
1219 37 3
1220 32 9
1221 45 9
1222 47 4
1223 40 0
1224 39 4
1225 45 0
1226 44 7
1227 40 3
1228 46 9
1229 36 1
1230 48 5
1231 36 10
1232 48 8
1233 38 8
1234 35 3
1235 41 6
1236 47 1
1237 40 2
1238 36 8
1239 32 1
1240 35 10
1241 47 8
1242 32 7
1243 48 7
1244 44 3
1245 41 8
1246 34 1
1247 71 47
1248 81 45
1249 75 31
1250 71 37
1251 71 44
1252 78 34
1253 67 41
1254 79 40
1255 80 45
1256 82 32
1257 66 44
1258 71 35
1259 83 43
1260 68 39
1261 65 41
1262 80 33
1263 66 45
1264 65 46
1265 68 33
1266 68 33
1267 70 36
1268 83 34
1269 70 38
1270 79 32
1271 79 40
1272 70 40
1273 71 36
1274 81 33
1275 79 41
1276 83 46
1277 169 189
1278 166 192
1279 177 182
1280 168 196
1281 174 191
1282 169 186
1283 166 181
1284 171 191
1285 172 191
1286 179 191
1287 179 187
1288 174 183
1289 177 181
1290 172 182
1291 170 188
1292 165 194
1293 177 181
1294 176 193
1295 167 195
1296 175 190
1297 173 191
1298 175 196
1299 180 194
1300 180 184
1301 175 186
1302 166 182
1303 175 184
1304 179 189
1305 171 183
1306 175 183
1307 140 211
1308 148 198
1309 148 212
1310 141 206
1311 148 207
1312 138 202
1313 142 210
1314 143 198
1315 137 206
1316 142 197
1317 140 200
1318 139 203
1319 142 209
1320 140 198
1321 134 204
1322 144 198
1323 143 198
1324 146 211
1325 147 207
1326 145 206
1327 140 210
1328 145 206
1329 134 204
1330 134 199
1331 146 198
1332 142 208
1333 142 198
1334 138 201
1335 135 198
1336 144 199
1337 141 15
1338 140 24
1339 135 17
1340 146 18
1341 137 16
1342 144 21
1343 139 14
1344 134 16
1345 148 17
1346 141 19
1347 136 15
1348 147 20
1349 139 19
1350 137 28
1351 147 25
1352 146 24
1353 143 19
1354 147 19
1355 136 25
1356 147 21
1357 145 13
1358 139 18
1359 144 14
1360 139 29
1361 144 29
1362 139 18
1363 147 29
1364 139 16
1365 147 19
1366 134 24
1367 67 111
1368 78 112
1369 79 103
1370 76 104
1371 69 117
1372 69 104
1373 66 111
1374 79 103
1375 78 114
1376 79 106
1377 78 103
1378 76 109
1379 76 112
1380 75 105
1381 72 105
1382 69 110
1383 74 110
1384 65 113
1385 82 103
1386 75 105
1387 76 106
1388 72 111
1389 69 106
1390 79 108
1391 82 115
1392 83 106
1393 81 105
1394 70 114
1395 65 113
1396 79 106
1397 185 113
1398 189 109
1399 195 109
1400 185 104
1401 192 114
1402 182 114
1403 187 105
1404 184 107
1405 189 110
1406 185 114
1407 193 114
1408 182 109
1409 194 101
1410 190 101
1411 188 103
1412 190 111
1413 190 106
1414 188 100
1415 185 115
1416 192 108
1417 183 116
1418 182 109
1419 191 107
1420 186 110
1421 194 108
1422 187 112
1423 191 102
1424 190 108
1425 184 114
1426 188 111
1427 60 26
1428 54 26
1429 63 27
1430 63 25
1431 59 28
1432 49 28
1433 51 19
1434 54 16
1435 49 17
1436 50 24
1437 64 18
1438 64 21
1439 60 25
1440 54 21
1441 56 25
1442 59 15
1443 52 26
1444 60 26
1445 62 20
1446 64 19
1447 61 20
1448 57 23
1449 59 24
1450 56 29
1451 49 17
1452 59 18
1453 54 29
1454 50 30
1455 52 12
1456 51 26
1457 73 66
1458 65 82
1459 76 75
1460 71 70
1461 79 66
1462 73 78
1463 65 80
1464 68 66
1465 70 71
1466 73 78
1467 68 67
1468 65 82
1469 67 65
1470 81 66
1471 70 75
1472 71 68
1473 66 83
1474 71 77
1475 68 79
1476 81 83
1477 83 80
1478 66 65
1479 79 206
1480 77 211
1481 81 202
1482 78 197
1483 79 207
1484 69 212
1485 78 209
1486 80 206
1487 69 197
1488 68 206
1489 68 203
1490 65 200
1491 70 210
1492 79 203
1493 79 211
1494 71 205
1495 82 204
1496 74 205
1497 65 197
1498 68 207
1499 71 211
1500 65 207
1501 70 211
1502 72 200
1503 70 204
1504 82 208
1505 78 202
1506 80 201
1507 82 208
1508 68 208
1509 210 2
1510 203 8
1511 203 6
1512 203 2
1513 198 0
1514 198 11
1515 201 0
1516 211 11
1517 200 5
1518 206 6
1519 201 3
1520 211 10
1521 208 1
1522 212 1
1523 208 9
1524 205 4
1525 207 2
1526 201 7
1527 204 7
1528 202 0
1529 210 4
1530 206 11
1531 204 7
1532 200 1
1533 199 7
1534 199 4
1535 204 2
1536 206 11
1537 206 10
1538 42 53
1539 31 52
1540 39 53
1541 41 56
1542 45 55
1543 35 57
1544 35 57
1545 47 63
1546 41 57
1547 42 59
1548 34 57
1549 45 53
1550 46 56
1551 35 51
1552 39 60
1553 39 53
1554 42 49
1555 33 60
1556 47 49
1557 48 61
1558 40 63
1559 39 57
1560 46 53
1561 43 53
1562 45 49
1563 40 53
1564 33 61
1565 32 64
1566 41 56
1567 32 55
1568 26 150
1569 15 157
1570 17 154
1571 23 156
1572 14 152
1573 15 152
1574 12 161
1575 28 155
1576 22 153
1577 22 162
1578 29 153
1579 26 154
1580 17 155
1581 21 162
1582 24 156
1583 28 158
1584 23 152
1585 21 156
1586 20 155
1587 29 156
1588 29 156
1589 17 150
1590 21 156
1591 29 151
1592 27 157
1593 28 154
1594 22 150
1595 25 161
1596 18 156
1597 30 149
1598 175 125
1599 172 130
1600 174 120
1601 179 122
1602 178 120
1603 167 131
1604 170 121
1605 180 119
1606 180 122
1607 178 130
1608 174 128
1609 175 131
1610 176 122
1611 170 133
1612 165 126
1613 175 124
1614 180 132
1615 172 123
1616 165 121
1617 179 132
1618 166 121
1619 180 123
1620 170 122
1621 177 125
1622 177 120
1623 168 124
1624 173 130
1625 177 127
1626 178 133
1627 179 126
1628 70 185
1629 83 182
1630 68 196
1631 75 189
1632 73 187
1633 70 185
1634 70 187
1635 73 188
1636 75 183
1637 67 188
1638 83 188
1639 70 187
1640 69 191
1641 72 181
1642 65 196
1643 79 191
1644 69 183
1645 72 182
1646 78 182
1647 67 195
1648 76 182
1649 65 192
1650 76 192
1651 76 184
1652 81 195
1653 77 191
1654 71 188
1655 70 194
1656 66 190
1657 73 195
1658 76 207
1659 79 212
1660 74 212
1661 82 197
1662 78 206
1663 76 206
1664 79 200
1665 72 199
1666 78 206
1667 68 201
1668 67 211
1669 77 197
1670 82 200
1671 78 197
1672 77 203
1673 75 210
1674 70 202
1675 75 197
1676 80 209
1677 77 204
1678 68 210
1679 76 209
1680 71 205
1681 76 199
1682 67 207
1683 82 201
1684 71 204
1685 80 205
1686 77 208
1687 81 209
1688 211 126
1689 199 128
1690 202 120
1691 212 130
1692 197 127
1693 204 132
1694 200 120
1695 211 126
1696 212 128
1697 210 125
1698 199 121
1699 208 119
1700 198 119
1701 209 119
1702 202 125
1703 207 120
1704 211 119
1705 211 126
1706 209 131
1707 212 130
1708 201 121
1709 200 128
1710 204 133
1711 208 127
1712 208 130
1713 202 124
1714 202 120
1715 204 129
1716 210 125
1717 212 126
1718 133 76
1719 129 73
1720 130 83
1721 128 78
1722 123 67
1723 132 78
1724 123 66
1725 120 75
1726 132 67
1727 122 77
1728 123 81
1729 126 76
1730 123 80
1731 127 69
1732 128 79
1733 132 70
1734 119 73
1735 125 66
1736 124 71
1737 132 81
1738 125 71
1739 129 67
1740 132 81
1741 131 83
1742 120 77
1743 122 82
1744 126 75
1745 127 83
1746 130 68
1747 119 74
1748 124 199
1749 119 198
1750 126 197
1751 130 210
1752 124 212
1753 123 212
1754 121 212
1755 122 198
1756 130 200
1757 119 209
1758 119 205
1759 131 207
1760 132 209
1761 124 212
1762 129 208
1763 126 198
1764 126 206
1765 128 211
1766 128 208
1767 124 205
1768 130 210
1769 131 206
1770 129 197
1771 129 206
1772 130 202
1773 128 199
1774 133 210
1775 126 204
1776 121 205
1777 125 198
1778 42 87
1779 32 93
1780 38 89
1781 36 98
1782 42 85
1783 48 90
1784 34 85
1785 37 98
1786 46 92
1787 43 84
1788 34 85
1789 39 85
1790 48 85
1791 46 94
1792 41 96
1793 36 87
1794 48 87
1795 46 96
1796 36 87
1797 41 94
1798 34 85
1799 31 98
1800 32 90
1801 36 88
1802 39 91
1803 45 92
1804 43 98
1805 34 84
1806 47 93
1807 33 93
1808 205 11
1809 199 2
1810 209 5
1811 207 11
1812 198 10
1813 206 2
1814 208 8
1815 198 8
1816 212 6
1817 208 6
1818 204 5
1819 202 11
1820 208 9
1821 199 7
1822 202 5
1823 205 6
1824 207 2
1825 208 5
1826 202 5
1827 208 2
1828 200 6
1829 199 9
1830 209 7
1831 211 6
1832 207 1
1833 200 3
1834 204 4
1835 211 0
1836 210 0
1837 189 9
1838 187 10
1839 194 4
1840 190 10
1841 194 0
1842 186 7
1843 182 8
1844 184 2
1845 185 7
1846 185 8
1847 192 0
1848 181 1
1849 192 4
1850 187 4
1851 187 7
1852 193 7
1853 193 10
1854 184 1
1855 195 2
1856 193 8
1857 194 6
1858 184 5
1859 186 11
1860 182 1
1861 191 4
1862 183 1
1863 195 9
1864 193 7
1865 62 168
1866 53 180
1867 55 179
1868 54 178
1869 51 170
1870 54 174
1871 53 173
1872 53 174
1873 52 165
1874 54 172
1875 50 178
1876 64 171
1877 55 178
1878 59 175
1879 55 168
1880 50 180
1881 49 174
1882 58 173
1883 55 170
1884 57 176
1885 64 168
1886 50 169
1887 51 166
1888 58 174
1889 53 180
1890 54 166
1891 55 171
1892 52 170
1893 51 166
1894 57 172
1895 47 102
1896 31 114
1897 41 107
1898 32 111
1899 45 114
1900 43 111
1901 48 114
1902 34 112
1903 46 109
1904 39 118
1905 34 117
1906 41 112
1907 43 102
1908 43 114
1909 43 104
1910 41 104
1911 41 117
1912 45 105
1913 32 118
1914 37 100
1915 40 108
1916 41 107
1917 37 112
1918 36 105
1919 47 100
1920 43 116
1921 42 102
1922 38 117
1923 39 103
1924 41 110
1925 189 126
1926 185 124
1927 189 127
1928 187 127
1929 190 131
1930 187 126
1931 194 121
1932 187 121
1933 193 119
1934 195 122
1935 189 130
1936 195 133
1937 182 123
1938 181 119
1939 194 124
1940 192 121
1941 195 122
1942 186 125
1943 186 126
1944 190 126
1945 184 122
1946 193 131
1947 187 122
1948 185 123
1949 192 126
1950 193 119
1951 194 119
1952 189 120
1953 185 126
1954 188 133
1955 124 71
1956 125 67
1957 130 67
1958 129 82
1959 126 69
1960 127 65
1961 125 73
1962 131 83
1963 127 67
1964 131 67
1965 124 76
1966 123 65
1967 122 69
1968 123 74
1969 125 82
1970 128 76
1971 127 70
1972 127 71
1973 121 70
1974 128 75
1975 130 66
1976 123 75
1977 129 79
1978 121 72
1979 125 80
1980 124 72
1981 123 73
1982 128 74
1983 124 65
1984 131 66
1985 146 103
1986 139 114
1987 134 114
1988 148 101
1989 137 100
1990 148 102
1991 139 107
1992 141 104
1993 139 101
1994 144 110
1995 142 107
1996 141 105
1997 147 113
1998 146 109
1999 144 113
2000 142 116
2001 140 112
2002 142 113
2003 144 101
2004 134 108
2005 134 112
2006 144 103
2007 148 108
2008 139 110
2009 136 114
2010 146 115
2011 146 102
2012 146 102
2013 145 110
2014 143 106
2015 149 47
2016 164 36
2017 152 48
2018 154 31
2019 150 34
2020 151 42
2021 162 46
2022 156 35
2023 160 47
2024 162 33
2025 163 40
2026 164 36
2027 152 44
2028 161 33
2029 152 39
2030 162 36
2031 160 42
2032 163 40
2033 163 32
2034 163 41
2035 161 46
2036 150 42
2037 160 48
2038 152 45
2039 149 45
2040 153 31
2041 149 32
2042 156 46
2043 151 45
2044 160 47
2045 129 96
2046 121 90
2047 125 92
2048 128 90
2049 119 96
2050 130 90
2051 132 97
2052 132 88
2053 122 87
2054 120 89
2055 128 90
2056 119 89
2057 124 99
2058 122 91
2059 119 96
2060 124 86
2061 131 94
2062 126 96
2063 127 99
2064 123 95
2065 121 87
2066 121 97
2067 121 89
2068 125 88
2069 127 87
2070 133 91
2071 121 86
2072 119 84
2073 123 86
2074 127 85
2075 202 191
2076 201 182
2077 209 191
2078 202 188
2079 201 182
2080 201 192
2081 211 189
2082 199 194
2083 209 191
2084 211 194
2085 197 193
2086 212 185
2087 210 193
2088 203 193
2089 205 189
2090 212 191
2091 209 188
2092 202 191
2093 211 185
2094 208 190
2095 205 193
2096 211 191
2097 204 188
2098 201 188
2099 208 182
2100 204 196
2101 202 193
2102 204 191
2103 203 182
2104 209 181
2105 133 18
2106 130 19
2107 123 21
2108 130 22
2109 120 26
2110 131 23
2111 133 22
2112 131 16
2113 131 28
2114 122 24
2115 126 17
2116 129 27
2117 122 17
2118 128 30
2119 130 21
2120 121 15
2121 125 23
2122 121 16
2123 127 20
2124 124 23
2125 132 24
2126 132 22
2127 129 26
2128 131 22
2129 133 28
2130 126 15
2131 129 20
2132 119 19
2133 128 24
2134 128 25
2135 19 54
2136 16 63
2137 30 51
2138 21 53
2139 24 61
2140 30 63
2141 28 57
2142 28 61
2143 27 54
2144 30 51
2145 23 64
2146 23 55
2147 16 56
2148 15 59
2149 23 51
2150 20 49
2151 16 55
2152 20 63
2153 20 52
2154 26 55
2155 13 50
2156 16 61
2157 27 60
2158 12 64
2159 18 50
2160 14 61
2161 12 58
2162 15 52
2163 16 55
2164 30 49
2165 75 195
2166 65 181
2167 69 193
2168 73 186
2169 73 192
2170 76 196
2171 71 188
2172 68 194
2173 67 181
2174 68 186
2175 66 195
2176 82 181
2177 82 185
2178 82 181
2179 75 184
2180 73 191
2181 69 184
2182 70 191
2183 77 193
2184 67 196
2185 66 190
2186 82 182
2187 77 188
2188 71 182
2189 78 181
2190 68 181
2191 73 195
2192 66 185
2193 70 194
2194 67 187
2195 91 164
2196 90 163
2197 94 156
2198 95 149
2199 97 159
2200 84 159
2201 97 159
2202 98 150
2203 95 155
2204 92 159
2205 97 160
2206 88 156
2207 85 163
2208 96 151
2209 92 151
2210 94 154
2211 93 164
2212 94 155
2213 91 150
2214 89 158
2215 97 155
2216 88 156
2217 95 156
2218 87 156
2219 84 158
2220 91 151
2221 85 150
2222 96 159
2223 99 164
2224 84 158
2225 205 83
2226 209 79
2227 201 77
2228 197 73
2229 203 81
2230 204 83
2231 206 72
2232 205 66
2233 200 68
2234 205 67
2235 211 78
2236 210 81
2237 211 75
2238 197 80
2239 201 80
2240 212 77
2241 207 78
2242 210 70
2243 206 76
2244 207 69
2245 197 81
2246 197 81
2247 211 69
2248 204 69
2249 211 81
2250 204 74
2251 202 66
2252 199 65
2253 202 72
2254 209 66
2255 78 91
2256 83 96
2257 66 88
2258 75 98
2259 70 90
2260 78 93
2261 66 91
2262 75 90
2263 70 96
2264 72 93
2265 65 94
2266 81 91
2267 67 84
2268 68 84
2269 82 94
2270 81 98
2271 70 84
2272 75 96
2273 76 89
2274 72 89
2275 77 89
2276 79 87
2277 80 95
2278 67 96
2279 83 84
2280 79 85
2281 80 88
2282 66 96
2283 76 89
2284 68 89
2285 91 1
2286 95 9
2287 85 9
2288 89 2
2289 87 11
2290 90 6
2291 95 6
2292 88 2
2293 96 0
2294 96 11
2295 89 5
2296 92 6
2297 88 7
2298 89 5
2299 93 10
2300 88 7
2301 85 8
2302 99 11
2303 90 6
2304 88 5
2305 86 11
2306 92 5
2307 89 2
2308 94 0
2309 88 9
2310 93 7
2311 90 2
2312 99 0
2313 86 8
2314 90 6
2315 76 19
2316 77 14
2317 79 21
2318 76 16
2319 69 28
2320 81 25
2321 73 30
2322 67 29
2323 82 22
2324 80 24
2325 68 22
2326 66 20
2327 76 23
2328 74 22
2329 68 27
2330 76 27
2331 83 21
2332 68 13
2333 82 26
2334 76 26
2335 77 17
2336 68 28
2337 81 29
2338 67 17
2339 77 21
2340 76 19
2341 79 29
2342 83 21
2343 65 21
2344 79 14
2345 5 77
2346 0 78
2347 10 68
2348 6 80
2349 0 83
2350 0 70
2351 7 72
2352 9 69
2353 6 76
2354 0 76
2355 4 81
2356 5 76
2357 7 73
2358 8 80
2359 0 80
2360 0 75
2361 6 68
2362 9 71
2363 5 78
2364 7 67
2365 7 80
2366 0 80
2367 0 65
2368 2 81
2369 0 69
2370 9 70
2371 7 76
2372 11 80
2373 7 72
2374 0 66
2375 143 107
2376 143 101
2377 148 113
2378 141 101
2379 147 116
2380 135 118
2381 140 110
2382 138 104
2383 140 111
2384 135 114
2385 135 102
2386 146 112
2387 137 116
2388 136 107
2389 143 104
2390 141 103
2391 134 101
2392 138 106
2393 142 117
2394 136 117
2395 139 117
2396 137 104
2397 138 116
2398 147 102
2399 136 114
2400 142 108
2401 135 104
2402 137 106
2403 134 103
2404 145 107
2405 124 151
2406 133 152
2407 122 154
2408 125 158
2409 128 154
2410 121 151
2411 123 159
2412 132 158
2413 125 155
2414 126 156
2415 124 155
2416 125 155
2417 119 156
2418 133 160
2419 130 154
2420 120 157
2421 127 163
2422 121 152
2423 123 161
2424 124 163
2425 125 160
2426 131 154
2427 129 158
2428 120 161
2429 133 151
2430 123 158
2431 128 163
2432 131 151
2433 125 157
2434 123 159
2435 151 167
2436 156 174
2437 162 167
2438 152 170
2439 164 169
2440 150 178
2441 155 179
2442 157 173
2443 150 170
2444 153 167
2445 158 167
2446 156 172
2447 162 175
2448 159 174
2449 153 180
2450 152 166
2451 163 174
2452 150 179
2453 155 166
2454 156 169
2455 150 175
2456 161 171
2457 152 168
2458 161 175
2459 152 166
2460 155 178
2461 151 165
2462 162 169
2463 158 168
2464 149 170
2465 207 17
2466 203 14
2467 207 29
2468 211 24
2469 199 24
2470 208 19
2471 211 16
2472 197 30
2473 206 12
2474 212 13
2475 209 27
2476 203 17
2477 200 19
2478 200 16
2479 211 17
2480 200 12
2481 211 19
2482 210 20
2483 201 12
2484 209 17
2485 205 22
2486 199 21
2487 200 20
2488 209 28
2489 207 16
2490 211 15
2491 197 14
2492 206 25
2493 201 25
2494 209 12
2495 20 211
2496 22 201
2497 29 203
2498 28 212
2499 19 204
2500 12 197
2501 24 205
2502 13 208
2503 13 207
2504 18 203
2505 16 208
2506 14 204
2507 21 210
2508 30 207
2509 17 211
2510 23 206
2511 28 198
2512 17 210
2513 12 210
2514 29 200
2515 19 198
2516 24 212
2517 23 197
2518 15 211
2519 16 197
2520 17 205
2521 28 206
2522 21 198
2523 27 210
2524 15 199
2525 130 18
2526 129 21
2527 121 16
2528 129 13
2529 126 13
2530 129 18
2531 122 27
2532 133 23
2533 133 17
2534 124 16
2535 128 12
2536 131 17
2537 124 25
2538 132 28
2539 128 25
2540 130 17
2541 132 30
2542 125 28
2543 126 14
2544 119 26
2545 122 27
2546 125 25
2547 127 17
2548 119 13
2549 125 25
2550 131 13
2551 119 23
2552 126 16
2553 120 27
2554 126 24
2555 20 123
2556 22 120
2557 28 123
2558 23 132
2559 16 124
2560 21 130
2561 22 132
2562 16 121
2563 23 128
2564 13 131
2565 12 127
2566 21 119
2567 13 126
2568 12 128
2569 28 127
2570 26 123
2571 13 126
2572 17 132
2573 29 133
2574 26 123
2575 22 129
2576 14 132
2577 27 131
2578 15 121
2579 18 125
2580 27 125
2581 20 125
2582 15 126
2583 14 127
2584 21 121
2585 110 24
2586 103 15
2587 118 18
2588 104 25
2589 107 29
2590 113 29
2591 111 20
2592 102 24
2593 117 26
2594 104 22
2595 112 25
2596 109 26
2597 117 18
2598 108 16
2599 104 24
2600 114 27
2601 117 16
2602 111 15
2603 108 12
2604 113 25
2605 106 29
2606 115 21
2607 113 23
2608 104 17
2609 100 29
2610 110 12
2611 116 21
2612 116 13
2613 115 27
2614 103 20
2615 50 5
2616 54 6
2617 57 7
2618 51 2
2619 64 11
2620 53 3
2621 64 8
2622 57 8
2623 53 10
2624 51 6
2625 56 3
2626 62 10
2627 50 4
2628 64 9
2629 60 0
2630 60 3
2631 56 3
2632 57 8
2633 58 9
2634 51 6
2635 64 11
2636 64 7
2637 64 4
2638 57 0
2639 64 7
2640 54 10
2641 56 10
2642 57 7
2643 61 1
2644 54 10
2645 41 139
2646 43 134
2647 46 137
2648 46 140
2649 43 138
2650 46 148
2651 43 147
2652 39 136
2653 48 138
2654 34 141
2655 38 138
2656 44 142
2657 36 136
2658 44 139
2659 42 138
2660 41 141
2661 37 137
2662 47 142
2663 43 143
2664 37 135
2665 32 145
2666 39 147
2667 32 142
2668 33 142
2669 44 144
2670 47 139
2671 35 145
2672 47 142
2673 38 134
2674 31 137
2675 189 92
2676 182 91
2677 187 98
2678 185 95
2679 188 85
2680 186 94
2681 191 94
2682 186 96
2683 187 85
2684 195 96
2685 186 98
2686 181 95
2687 194 92
2688 182 96
2689 185 91
2690 189 86
2691 193 86
2692 193 90
2693 182 96
2694 196 96
2695 193 98
2696 184 84
2697 182 87
2698 194 87
2699 186 98
2700 194 87
2701 191 87
2702 181 97
2703 186 86
2704 192 96
2705 88 118
2706 99 107
2707 89 112
2708 90 113
2709 99 116
2710 99 113
2711 93 115
2712 93 109
2713 94 112
2714 98 114
2715 99 103
2716 90 109
2717 98 112
2718 92 117
2719 93 105
2720 86 117
2721 93 105
2722 95 109
2723 84 114
2724 96 108
2725 97 109
2726 99 101
2727 95 114
2728 98 101
2729 84 105
2730 95 101
2731 98 105
2732 96 114
2733 95 116
2734 95 112
2735 122 150
2736 125 162
2737 123 153
2738 119 151
2739 133 156
2740 125 159
2741 127 159
2742 124 164
2743 124 149
2744 127 161
2745 127 153
2746 125 153
2747 127 163
2748 133 149
2749 128 154
2750 120 154
2751 123 164
2752 127 158
2753 119 154
2754 124 158
2755 123 159
2756 122 151
2757 124 151
2758 124 152
2759 127 157
2760 133 163
2761 132 149
2762 131 156
2763 123 163
2764 129 163
2765 117 0
2766 115 4
2767 117 8
2768 104 11
2769 109 10
2770 114 9
2771 109 3
2772 112 11
2773 118 4
2774 105 9
2775 111 4
2776 118 5
2777 109 6
2778 103 0
2779 117 1
2780 108 4
2781 101 8
2782 114 3
2783 110 4
2784 113 11
2785 112 7
2786 105 3
2787 106 1
2788 107 9
2789 103 7
2790 112 7
2791 115 0
2792 73 142
2793 70 145
2794 74 137
2795 79 137
2796 80 148
2797 78 142
2798 73 146
2799 76 136
2800 74 145
2801 67 139
2802 74 144
2803 67 137
2804 68 140
2805 65 145
2806 70 140
2807 83 146
2808 68 144
2809 67 137
2810 68 139
2811 77 145
2812 74 148
2813 75 144
2814 82 137
2815 76 136
2816 81 140
2817 74 148
2818 79 138
2819 71 145
2820 73 137
2821 83 142
2822 3 95
2823 10 88
2824 4 97
2825 6 89
2826 3 99
2827 9 87
2828 3 84
2829 3 87
2830 3 84
2831 3 88
2832 0 97
2833 7 90
2834 10 93
2835 10 91
2836 2 86
2837 10 86
2838 1 97
2839 8 87
2840 5 91
2841 6 97
2842 10 87
2843 4 98
2844 0 88
2845 11 96
2846 4 99
2847 1 97
2848 11 85
2849 1 98
2850 2 85
2851 95 35
2852 88 39
2853 99 46
2854 95 43
2855 92 38
2856 99 48
2857 85 33
2858 92 32
2859 84 33
2860 95 43
2861 95 46
2862 92 46
2863 84 41
2864 99 34
2865 91 38
2866 85 43
2867 98 33
2868 89 31
2869 98 44
2870 97 44
2871 87 34
2872 99 33
2873 92 39
2874 91 32
2875 98 39
2876 98 33
2877 97 46
2878 89 37
2879 85 33
2880 85 38
2881 34 65
2882 37 74
2883 31 83
2884 37 81
2885 33 66
2886 48 69
2887 46 69
2888 45 78
2889 40 73
2890 31 67
2891 34 75
2892 34 73
2893 31 76
2894 46 72
2895 45 67
2896 44 67
2897 38 74
2898 47 71
2899 41 76
2900 43 70
2901 43 82
2902 40 69
2903 36 65
2904 35 81
2905 43 66
2906 42 81
2907 38 72
2908 44 67
2909 34 80
2910 36 81
