229 250 10 2889
0 10
1 5
2 8
3 6
4 8
5 5
6 8
7 7
8 8
9 9
10 9
11 8
12 3
13 4
14 4
15 3
16 3
17 4
18 5
19 4
20 3
21 4
22 3
23 3
24 3
25 3
26 3
27 7
28 3
29 3
30 6
31 4
32 4
33 3
34 3
35 3
36 5
37 3
38 4
39 3
40 3
41 3
42 3
43 3
44 3
45 5
46 3
47 3
48 3
49 5
50 3
51 3
52 3
53 3
54 3
55 5
56 3
57 3
58 6
59 3
60 4
61 4
62 3
63 4
64 3
65 3
66 3
67 3
68 3
69 4
70 3
71 3
72 3
73 4
74 3
75 3
76 3
77 5
78 3
79 3
80 4
81 3
82 4
83 3
84 3
85 3
86 3
87 3
88 3
89 3
90 3
91 3
92 5
93 6
94 3
95 3
96 4
97 4
98 4
99 3
100 4
101 3
102 5
103 4
104 3
105 3
106 4
107 3
108 3
109 3
110 5
111 3
112 3
113 3
114 3
115 3
116 3
117 4
118 4
119 3
120 3
121 5
122 4
123 3
124 4
125 3
126 5
127 4
128 3
129 4
130 3
131 3
132 3
133 3
134 3
135 3
136 5
137 3
138 3
139 3
140 5
141 3
142 3
143 5
144 3
145 3
146 3
147 3
148 3
149 3
150 4
151 3
152 4
153 4
154 3
155 3
156 5
157 3
158 4
159 3
160 4
161 3
162 3
163 4
164 3
165 3
166 3
167 3
168 6
169 4
170 3
171 3
172 3
173 3
174 3
175 4
176 3
177 5
178 3
179 4
180 3
181 3
182 3
183 3
184 4
185 3
186 3
187 4
188 3
189 3
190 5
191 4
192 3
193 3
194 3
195 3
196 3
197 6
198 3
199 3
200 3
201 4
202 4
203 3
204 3
205 3
206 3
207 3
208 3
209 3
210 3
211 6
212 3
213 3
214 4
215 3
216 3
217 3
218 3
219 3
220 3
221 3
222 3
223 7
224 3
225 3
226 3
227 3
228 3
0 0 1
1 0 2
2 0 3
3 0 8
4 0 10
5 0 29
6 0 102
7 0 214
8 1 4
9 1 7
10 1 11
11 2 4
12 2 6
13 2 8
14 2 9
15 2 11
16 2 66
17 3 4
18 3 6
19 3 7
20 3 9
21 3 121
22 4 6
23 4 7
24 4 9
25 4 10
26 5 6
27 5 7
28 5 8
29 5 11
30 5 177
31 6 8
32 6 9
33 6 10
34 6 11
35 7 9
36 7 140
37 8 9
38 8 197
39 9 10
40 10 11
41 10 49
42 10 160
43 11 12
44 11 82
45 12 18
46 13 23
47 13 19
48 14 17
49 14 16
50 15 23
51 16 27
52 17 19
53 17 18
54 18 25
55 20 27
56 21 26
57 21 27
58 22 27
59 24 26
60 27 28
61 29 42
62 30 34
63 30 32
64 30 45
65 30 48
66 31 44
67 31 33
68 31 36
69 32 39
70 32 40
71 33 43
72 33 47
73 35 41
74 36 38
75 36 45
76 37 41
77 37 45
78 38 46
79 42 46
80 49 54
81 49 50
82 49 58
83 50 56
84 51 64
85 51 58
86 52 58
87 53 63
88 55 57
89 55 58
90 55 62
91 57 59
92 60 63
93 60 61
94 61 65
95 62 65
96 66 73
97 67 80
98 68 76
99 68 81
100 69 72
101 69 75
102 69 77
103 70 76
104 71 77
105 73 78
106 73 80
107 73 74
108 74 75
109 76 77
110 79 81
111 82 95
112 82 96
113 83 94
114 84 99
115 84 96
116 85 94
117 85 98
118 86 97
119 87 93
120 88 90
121 88 93
122 89 93
123 91 96
124 92 93
125 92 98
126 92 100
127 92 101
128 93 97
129 96 100
130 102 114
131 102 109
132 102 117
133 103 116
134 103 105
135 103 115
136 104 108
137 105 118
138 106 115
139 106 109
140 107 120
141 108 109
142 110 111
143 110 119
144 110 117
145 112 117
146 112 120
147 113 118
148 121 134
149 121 122
150 122 138
151 123 136
152 124 128
153 124 131
154 124 138
155 124 126
156 125 133
157 125 136
158 125 139
159 126 135
160 126 139
161 127 132
162 127 129
163 128 130
164 129 136
165 132 137
166 140 152
167 140 153
168 141 155
169 142 152
170 143 146
171 143 155
172 143 156
173 144 148
174 144 153
175 145 146
176 146 157
177 147 154
178 149 156
179 150 154
180 150 158
181 151 153
182 153 157
183 155 158
184 156 159
185 160 168
186 161 172
187 161 163
188 162 164
189 163 174
190 164 165
191 164 175
192 165 168
193 166 168
194 167 168
195 169 171
196 169 174
197 169 176
198 170 176
199 173 175
200 173 176
201 177 178
202 177 190
203 177 196
204 179 182
205 179 183
206 179 181
207 180 193
208 180 184
209 181 191
210 181 193
211 184 190
212 185 190
213 186 190
214 187 188
215 187 194
216 189 194
217 191 195
218 192 195
219 193 194
220 197 207
221 197 209
222 197 200
223 198 201
224 198 208
225 199 211
226 199 208
227 200 203
228 201 205
229 202 203
230 202 211
231 204 211
232 205 206
233 205 210
234 208 213
235 211 212
236 214 215
237 214 217
238 214 223
239 216 223
240 217 221
241 217 218
242 218 226
243 219 225
244 219 223
245 220 227
246 220 223
247 222 223
248 223 224
249 223 228
0 73 32
1 71 42
2 74 48
3 76 36
4 70 46
5 71 48
6 80 41
7 75 46
8 75 38
9 79 44
10 80 47
11 70 32
12 80 36
13 69 44
14 77 41
15 76 47
16 78 44
17 72 34
18 81 31
19 69 48
20 78 47
21 67 45
22 70 29
23 74 31
24 80 40
25 78 36
26 70 37
27 68 33
28 74 46
29 78 38
30 72 130
31 68 131
32 77 124
33 77 128
34 73 126
35 78 121
36 71 136
37 72 134
38 67 134
39 81 121
40 80 123
41 79 127
42 75 136
43 78 132
44 67 128
45 77 136
46 80 132
47 72 122
48 71 137
49 66 136
50 69 130
51 72 133
52 69 132
53 69 126
54 70 125
55 80 122
56 78 127
57 69 121
58 77 125
59 67 131
60 171 16
61 168 16
62 168 18
63 174 16
64 161 15
65 162 25
66 162 19
67 171 14
68 167 12
69 165 13
70 161 16
71 175 26
72 160 16
73 169 13
74 176 22
75 168 15
76 172 21
77 166 17
78 162 15
79 163 20
80 174 13
81 164 14
82 172 16
83 170 17
84 173 20
85 163 20
86 161 25
87 173 21
88 174 17
89 164 16
90 5 101
91 0 99
92 11 97
93 10 90
94 9 82
95 5 94
96 2 98
97 1 93
98 6 99
99 2 101
100 5 91
101 6 96
102 3 94
103 1 99
104 2 88
105 5 99
106 10 101
107 4 82
108 2 88
109 6 87
110 0 91
111 7 89
112 10 86
113 9 96
114 3 90
115 7 94
116 5 93
117 1 97
118 2 99
119 166 226
120 167 219
121 165 215
122 168 214
123 163 225
124 172 220
125 161 223
126 173 228
127 162 221
128 168 220
129 171 215
130 163 226
131 160 228
132 168 223
133 166 217
134 176 215
135 176 220
136 167 223
137 170 226
138 160 226
139 161 215
140 169 217
141 168 222
142 167 218
143 164 218
144 174 219
145 166 215
146 173 221
147 175 222
148 166 218
149 172 6
150 168 7
151 163 8
152 169 0
153 163 7
154 170 6
155 166 1
156 171 4
157 171 5
158 168 7
159 164 5
160 167 6
161 176 7
162 171 1
163 164 11
164 161 8
165 170 8
166 173 9
167 166 4
168 163 10
169 171 3
170 161 3
171 162 0
172 169 0
173 167 0
174 170 0
175 168 2
176 172 0
177 174 2
178 172 0
179 143 61
180 145 60
181 144 65
182 153 62
183 147 57
184 154 65
185 155 51
186 142 61
187 145 60
188 155 65
189 149 62
190 153 61
191 148 61
192 148 65
193 159 52
194 152 54
195 159 50
196 157 61
197 145 55
198 141 55
199 145 56
200 141 56
201 156 58
202 146 49
203 145 65
204 158 65
205 146 55
206 148 64
207 158 52
208 150 57
209 185 215
210 196 216
211 182 226
212 189 226
213 194 222
214 191 219
215 193 214
216 190 226
217 192 217
218 189 218
219 186 221
220 196 222
221 178 218
222 184 215
223 177 218
224 186 217
225 179 226
226 183 222
227 195 222
228 196 215
229 178 220
230 184 216
231 179 227
232 189 217
233 195 224
234 194 216
235 185 217
236 183 215
237 193 228
238 181 216
239 167 209
240 173 208
241 160 199
242 167 203
243 170 206
244 163 199
245 170 202
246 170 206
247 170 213
248 172 204
249 170 203
250 176 201
251 164 211
252 167 207
253 170 199
254 170 207
255 165 211
256 173 207
257 171 212
258 168 204
259 161 204
260 173 212
261 160 209
262 172 198
263 162 208
264 173 209
265 164 198
266 167 210
267 174 209
268 174 212
269 220 122
270 217 125
271 216 139
272 222 138
273 219 128
274 219 128
275 216 124
276 218 129
277 218 131
278 218 136
279 219 127
280 215 133
281 219 131
282 219 122
283 221 132
284 215 134
285 218 134
286 220 132
287 217 139
288 221 135
289 214 139
290 216 129
291 221 132
292 224 121
293 220 123
294 218 121
295 216 128
296 218 125
297 219 133
298 224 130
299 57 166
300 57 160
301 53 167
302 55 162
303 58 168
304 60 163
305 54 167
306 65 166
307 55 168
308 60 164
309 52 163
310 64 166
311 65 160
312 60 171
313 55 169
314 55 167
315 51 173
316 54 168
317 59 168
318 65 163
319 60 173
320 58 176
321 55 170
322 54 164
323 64 161
324 54 168
325 54 169
326 65 168
327 60 166
328 63 172
329 68 213
330 72 202
331 71 199
332 74 202
333 77 202
334 70 208
335 68 211
336 69 204
337 75 197
338 66 200
339 73 199
340 67 210
341 71 212
342 80 205
343 74 200
344 76 208
345 70 210
346 79 210
347 73 210
348 69 210
349 72 210
350 76 208
351 66 198
352 77 209
353 79 213
354 79 206
355 77 206
356 81 210
357 69 197
358 68 210
359 92 177
360 87 190
361 84 181
362 90 194
363 97 184
364 90 179
365 96 179
366 82 184
367 83 184
368 92 185
369 97 184
370 85 187
371 101 179
372 95 179
373 99 193
374 97 182
375 97 196
376 90 189
377 82 178
378 99 188
379 97 191
380 94 195
381 89 178
382 87 178
383 87 185
384 85 181
385 90 194
386 90 188
387 94 184
388 91 181
389 68 216
390 68 214
391 71 217
392 78 228
393 81 226
394 80 215
395 67 226
396 71 227
397 80 214
398 76 225
399 80 220
400 73 222
401 73 224
402 80 228
403 73 224
404 75 214
405 71 222
406 66 215
407 80 221
408 80 228
409 67 228
410 66 225
411 75 228
412 81 224
413 72 223
414 68 218
415 81 216
416 71 226
417 78 221
418 80 220
419 193 152
420 193 153
421 194 158
422 194 155
423 195 140
424 187 152
425 192 142
426 183 140
427 195 147
428 180 142
429 177 159
430 193 151
431 188 150
432 193 141
433 186 155
434 189 143
435 181 152
436 193 145
437 184 140
438 178 159
439 194 149
440 185 149
441 184 159
442 184 148
443 177 142
444 178 152
445 188 146
446 183 148
447 185 141
448 193 158
449 80 32
450 73 44
451 80 40
452 71 35
453 66 42
454 75 47
455 80 32
456 70 47
457 81 34
458 67 31
459 66 37
460 81 41
461 80 36
462 73 45
463 66 46
464 79 43
465 68 33
466 73 47
467 74 39
468 73 30
469 66 37
470 79 48
471 77 46
472 72 29
473 71 47
474 70 41
475 67 30
476 70 48
477 73 30
478 76 30
479 179 59
480 196 49
481 182 57
482 196 63
483 180 52
484 188 65
485 186 51
486 187 49
487 191 55
488 177 61
489 179 61
490 194 65
491 193 64
492 190 51
493 182 55
494 177 57
495 181 64
496 189 54
497 195 59
498 188 56
499 187 58
500 191 65
501 195 56
502 187 60
503 184 58
504 186 60
505 184 51
506 184 58
507 180 58
508 184 52
509 178 104
510 187 113
511 178 117
512 184 118
513 178 104
514 178 109
515 192 116
516 182 103
517 184 119
518 189 117
519 185 108
520 181 110
521 182 116
522 183 120
523 179 102
524 186 119
525 186 102
526 178 103
527 180 105
528 184 110
529 179 102
530 195 110
531 195 110
532 186 113
533 181 119
534 188 113
535 186 108
536 190 110
537 183 112
538 184 107
539 203 89
540 206 90
541 207 94
542 205 94
543 213 92
544 204 82
545 197 96
546 212 87
547 210 101
548 207 82
549 213 95
550 202 87
551 197 97
552 207 90
553 205 89
554 205 82
555 198 87
556 204 89
557 201 84
558 210 99
559 212 94
560 205 83
561 213 94
562 203 94
563 207 85
564 208 94
565 197 83
566 212 92
567 207 91
568 198 100
569 147 157
570 148 142
571 141 156
572 159 158
573 154 141
574 147 153
575 141 159
576 156 144
577 150 146
578 147 146
579 156 152
580 149 144
581 147 144
582 151 156
583 154 143
584 140 147
585 151 147
586 148 149
587 142 156
588 141 152
589 154 144
590 143 151
591 225 200
592 216 201
593 219 202
594 221 202
595 220 213
596 226 211
597 218 205
598 226 200
599 214 208
600 228 202
601 221 200
602 216 212
603 223 208
604 215 210
605 225 207
606 218 200
607 217 203
608 217 207
609 217 202
610 218 213
611 225 206
612 228 197
613 228 210
614 215 206
615 215 209
616 227 207
617 214 212
618 219 205
619 227 203
620 222 209
621 23 212
622 16 206
623 21 204
624 14 198
625 23 211
626 13 197
627 16 203
628 15 213
629 24 210
630 26 212
631 12 208
632 27 197
633 19 200
634 22 204
635 23 203
636 24 213
637 13 201
638 19 206
639 19 204
640 12 208
641 18 201
642 18 207
643 26 201
644 16 200
645 28 198
646 19 211
647 26 213
648 19 198
649 12 208
650 23 208
651 181 97
652 194 93
653 192 84
654 195 94
655 180 88
656 178 86
657 187 95
658 183 93
659 185 101
660 178 88
661 192 98
662 190 93
663 184 94
664 196 98
665 190 90
666 188 100
667 184 82
668 179 92
669 191 83
670 195 82
671 186 96
672 189 82
673 181 97
674 189 94
675 184 99
676 190 86
677 191 90
678 186 84
679 177 89
680 181 100
681 138 96
682 135 98
683 135 90
684 122 86
685 137 96
686 131 88
687 128 92
688 121 99
689 127 93
690 139 97
691 138 95
692 126 85
693 136 99
694 133 83
695 139 84
696 135 82
697 126 88
698 123 85
699 133 91
700 127 90
701 127 100
702 127 99
703 138 99
704 139 100
705 125 82
706 138 98
707 127 82
708 123 99
709 131 82
710 139 92
711 172 144
712 163 159
713 168 157
714 169 150
715 161 148
716 163 152
717 165 152
718 162 159
719 160 147
720 168 146
721 173 150
722 176 143
723 161 151
724 164 150
725 167 154
726 162 153
727 162 155
728 165 149
729 173 143
730 165 148
731 169 140
732 167 144
733 173 143
734 162 145
735 166 144
736 164 147
737 169 140
738 160 148
739 173 154
740 169 159
741 73 151
742 73 155
743 79 156
744 66 145
745 76 149
746 80 151
747 80 148
748 75 146
749 69 150
750 73 158
751 67 151
752 74 152
753 81 141
754 78 153
755 69 149
756 75 141
757 75 156
758 77 149
759 77 148
760 67 147
761 69 144
762 80 146
763 72 157
764 81 157
765 80 148
766 69 153
767 66 144
768 79 142
769 78 140
770 72 153
771 173 185
772 166 192
773 166 182
774 172 183
775 176 190
776 173 178
777 168 183
778 174 185
779 163 188
780 163 177
781 170 189
782 172 182
783 167 194
784 171 178
785 171 180
786 165 193
787 172 189
788 175 186
789 172 177
790 176 183
791 170 184
792 160 177
793 170 181
794 176 179
795 165 184
796 166 181
797 174 196
798 170 183
799 170 192
800 164 185
801 148 5
802 144 8
803 154 1
804 143 4
805 147 6
806 158 10
807 153 1
808 145 6
809 159 8
810 159 5
811 144 6
812 152 11
813 149 11
814 142 9
815 149 2
816 152 3
817 143 6
818 143 9
819 148 1
820 147 9
821 155 8
822 145 3
823 151 9
824 151 3
825 156 1
826 154 2
827 152 4
828 144 5
829 156 4
830 143 5
831 166 26
832 174 26
833 162 23
834 169 15
835 162 27
836 160 26
837 169 13
838 169 24
839 166 24
840 164 27
841 163 23
842 172 15
843 163 27
844 165 12
845 169 27
846 171 25
847 170 18
848 170 13
849 163 18
850 171 28
851 161 24
852 170 16
853 166 28
854 166 17
855 163 24
856 164 22
857 162 26
858 169 22
859 174 25
860 161 25
861 117 89
862 115 87
863 110 83
864 103 88
865 105 87
866 105 93
867 119 93
868 116 95
869 109 94
870 115 90
871 114 88
872 118 84
873 105 97
874 112 101
875 106 85
876 102 86
877 116 92
878 105 93
879 112 84
880 107 97
881 107 97
882 109 85
883 111 87
884 109 93
885 105 96
886 106 84
887 116 96
888 112 91
889 112 89
890 118 84
891 151 116
892 148 113
893 143 107
894 140 104
895 148 120
896 157 119
897 154 120
898 141 112
899 151 111
900 158 120
901 147 104
902 156 104
903 146 119
904 150 109
905 156 109
906 146 113
907 145 103
908 147 114
909 147 107
910 143 111
911 150 115
912 154 119
913 148 109
914 148 117
915 156 103
916 153 117
917 150 113
918 156 116
919 147 112
920 152 119
921 167 183
922 165 188
923 169 191
924 175 194
925 170 191
926 176 181
927 166 178
928 171 191
929 172 179
930 170 179
931 173 186
932 161 177
933 164 195
934 165 196
935 161 186
936 172 177
937 169 177
938 162 178
939 171 191
940 173 195
941 161 184
942 176 177
943 163 187
944 169 191
945 170 183
946 176 184
947 167 177
948 173 189
949 163 183
950 175 179
951 195 57
952 185 55
953 181 51
954 184 56
955 189 60
956 180 58
957 195 56
958 179 64
959 185 61
960 195 55
961 183 56
962 190 56
963 181 64
964 192 58
965 182 64
966 188 49
967 192 63
968 187 54
969 185 49
970 187 50
971 180 61
972 183 56
973 195 65
974 196 63
975 188 55
976 186 57
977 185 51
978 196 54
979 177 62
980 186 55
981 212 140
982 202 147
983 199 144
984 198 155
985 198 152
986 207 142
987 205 150
988 197 152
989 204 146
990 205 140
991 210 151
992 210 156
993 213 154
994 213 147
995 204 151
996 208 145
997 212 143
998 198 141
999 198 148
1000 212 157
1001 210 158
1002 206 154
1003 203 148
1004 209 155
1005 203 142
1006 197 145
1007 203 156
1008 207 147
1009 201 150
1010 207 154
1011 224 56
1012 224 55
1013 228 62
1014 218 64
1015 223 51
1016 224 62
1017 228 49
1018 214 52
1019 221 65
1020 224 60
1021 214 62
1022 221 49
1023 222 64
1024 218 65
1025 217 51
1026 228 60
1027 221 65
1028 214 61
1029 226 64
1030 216 58
1031 228 49
1032 222 51
1033 228 65
1034 225 61
1035 215 62
1036 219 63
1037 222 55
1038 222 57
1039 222 52
1040 215 54
1041 60 200
1042 64 212
1043 64 208
1044 56 213
1045 64 208
1046 50 208
1047 50 199
1048 53 197
1049 55 199
1050 59 210
1051 64 203
1052 60 211
1053 62 205
1054 62 199
1055 63 204
1056 54 203
1057 55 213
1058 54 203
1059 55 205
1060 56 197
1061 60 205
1062 50 210
1063 50 209
1064 61 205
1065 62 210
1066 57 206
1067 53 206
1068 61 210
1069 49 210
1070 52 208
1071 218 185
1072 222 192
1073 221 182
1074 227 184
1075 217 188
1076 222 191
1077 216 196
1078 219 184
1079 214 187
1080 224 180
1081 228 191
1082 218 177
1083 227 178
1084 223 183
1085 214 185
1086 223 190
1087 220 189
1088 225 189
1089 216 187
1090 223 185
1091 222 188
1092 215 180
1093 217 192
1094 219 185
1095 223 190
1096 219 180
1097 223 189
1098 216 179
1099 214 193
1100 217 179
1101 11 76
1102 1 71
1103 8 80
1104 1 67
1105 0 72
1106 3 72
1107 2 69
1108 7 66
1109 5 78
1110 0 79
1111 10 72
1112 0 69
1113 2 69
1114 4 76
1115 7 66
1116 4 68
1117 11 74
1118 11 78
1119 4 76
1120 5 72
1121 8 79
1122 6 75
1123 10 66
1124 11 81
1125 4 81
1126 5 80
1127 2 75
1128 10 75
1129 4 75
1130 2 72
1131 209 78
1132 212 68
1133 203 75
1134 212 69
1135 213 76
1136 208 67
1137 203 67
1138 210 73
1139 211 75
1140 210 68
1141 197 77
1142 204 68
1143 207 74
1144 206 79
1145 210 74
1146 201 70
1147 206 69
1148 213 66
1149 202 75
1150 203 67
1151 200 67
1152 206 71
1153 202 72
1154 209 76
1155 210 66
1156 197 78
1157 197 81
1158 211 74
1159 197 71
1160 197 80
1161 52 146
1162 57 145
1163 63 148
1164 56 140
1165 54 152
1166 57 144
1167 49 145
1168 60 150
1169 61 143
1170 49 145
1171 57 141
1172 65 151
1173 59 155
1174 64 156
1175 63 157
1176 49 159
1177 61 154
1178 64 156
1179 56 154
1180 64 159
1181 63 149
1182 50 141
1183 61 148
1184 62 155
1185 61 145
1186 49 159
1187 57 152
1188 53 149
1189 55 153
1190 60 144
1191 171 164
1192 166 169
1193 175 163
1194 164 176
1195 165 173
1196 168 174
1197 170 165
1198 161 176
1199 172 176
1200 165 169
1201 172 170
1202 175 174
1203 168 170
1204 175 171
1205 175 160
1206 168 174
1207 164 169
1208 155 191
1209 149 188
1210 145 179
1211 140 188
1212 143 191
1213 142 188
1214 155 190
1215 151 185
1216 155 194
1217 155 188
1218 146 185
1219 158 183
1220 146 190
1221 158 183
1222 153 188
1223 158 186
1224 154 194
1225 157 177
1226 143 186
1227 152 182
1228 147 177
1229 149 181
1230 158 183
1231 149 191
1232 155 182
1233 152 189
1234 149 183
1235 155 192
1236 140 186
1237 152 187
1238 32 20
1239 44 27
1240 36 19
1241 31 23
1242 37 18
1243 47 16
1244 29 14
1245 34 24
1246 38 28
1247 33 15
1248 32 19
1249 41 16
1250 42 19
1251 48 19
1252 40 20
1253 38 21
1254 31 25
1255 34 27
1256 40 17
1257 39 26
1258 34 25
1259 41 25
1260 47 15
1261 38 22
1262 38 17
1263 37 28
1264 41 15
1265 45 21
1266 44 26
1267 39 21
1268 23 206
1269 26 204
1270 24 208
1271 13 203
1272 22 197
1273 22 210
1274 17 210
1275 28 197
1276 28 206
1277 12 211
1278 27 202
1279 18 201
1280 25 197
1281 27 211
1282 24 210
1283 24 198
1284 14 211
1285 17 207
1286 27 203
1287 28 205
1288 24 211
1289 18 197
1290 24 199
1291 20 212
1292 23 212
1293 28 203
1294 13 198
1295 15 213
1296 15 213
1297 12 201
1298 79 211
1299 76 205
1300 76 206
1301 70 210
1302 68 202
1303 72 207
1304 67 199
1305 73 197
1306 77 203
1307 73 197
1308 70 197
1309 69 197
1310 72 205
1311 74 207
1312 77 208
1313 70 202
1314 67 209
1315 69 199
1316 73 204
1317 75 210
1318 74 200
1319 67 197
1320 80 213
1321 69 198
1322 79 208
1323 81 213
1324 69 211
1325 72 201
1326 71 206
1327 66 203
1328 193 149
1329 178 148
1330 191 155
1331 178 144
1332 186 148
1333 182 150
1334 192 156
1335 192 150
1336 185 144
1337 189 143
1338 179 140
1339 179 146
1340 184 150
1341 181 157
1342 189 144
1343 180 147
1344 179 140
1345 179 143
1346 186 154
1347 184 151
1348 180 140
1349 177 155
1350 194 155
1351 184 140
1352 183 151
1353 191 156
1354 187 141
1355 189 152
1356 194 156
1357 177 154
1358 55 81
1359 54 67
1360 64 69
1361 65 66
1362 60 76
1363 61 75
1364 51 75
1365 61 71
1366 62 66
1367 58 80
1368 55 74
1369 49 77
1370 53 80
1371 56 78
1372 62 72
1373 64 81
1374 65 76
1375 60 70
1376 57 69
1377 56 70
1378 53 77
1379 55 79
1380 50 68
1381 62 76
1382 53 74
1383 49 69
1384 63 73
1385 53 70
1386 57 71
1387 49 68
1388 219 151
1389 227 154
1390 227 147
1391 217 142
1392 222 152
1393 224 142
1394 226 153
1395 219 152
1396 219 146
1397 228 143
1398 218 150
1399 222 155
1400 214 141
1401 219 143
1402 222 146
1403 226 149
1404 219 149
1405 215 146
1406 221 156
1407 218 148
1408 218 152
1409 219 158
1410 226 157
1411 214 149
1412 222 157
1413 214 151
1414 219 150
1415 228 145
1416 220 142
1417 218 144
1418 152 108
1419 140 108
1420 158 117
1421 152 114
1422 145 106
1423 142 119
1424 143 115
1425 149 110
1426 140 118
1427 149 110
1428 152 103
1429 153 118
1430 158 114
1431 156 103
1432 156 111
1433 158 105
1434 140 103
1435 147 117
1436 140 120
1437 146 106
1438 154 105
1439 150 114
1440 151 112
1441 149 107
1442 148 114
1443 146 117
1444 152 111
1445 147 109
1446 144 115
1447 159 110
1448 30 158
1449 46 149
1450 47 148
1451 32 146
1452 32 159
1453 30 159
1454 40 149
1455 35 148
1456 40 150
1457 43 151
1458 43 153
1459 36 156
1460 41 140
1461 39 142
1462 32 154
1463 41 141
1464 40 155
1465 45 143
1466 30 159
1467 33 144
1468 33 149
1469 36 142
1470 47 145
1471 34 151
1472 47 159
1473 40 149
1474 35 150
1475 44 151
1476 30 142
1477 37 152
1478 91 15
1479 89 15
1480 99 17
1481 91 24
1482 98 23
1483 82 22
1484 91 15
1485 82 22
1486 88 23
1487 95 18
1488 97 23
1489 91 14
1490 82 18
1491 101 23
1492 89 13
1493 91 27
1494 99 22
1495 93 27
1496 91 13
1497 86 28
1498 82 24
1499 98 26
1500 98 14
1501 92 20
1502 83 20
1503 95 13
1504 93 28
1505 93 22
1506 86 22
1507 101 14
1508 148 216
1509 141 225
1510 159 218
1511 149 223
1512 146 226
1513 156 219
1514 159 220
1515 145 225
1516 150 219
1517 140 221
1518 148 215
1519 142 225
1520 157 226
1521 146 225
1522 149 228
1523 146 227
1524 154 227
1525 143 225
1526 153 224
1527 140 227
1528 153 224
1529 143 225
1530 144 228
1531 149 214
1532 148 224
1533 157 215
1534 141 222
1535 157 222
1536 151 222
1537 142 222
1538 170 21
1539 174 26
1540 170 28
1541 164 13
1542 161 12
1543 169 15
1544 168 17
1545 162 19
1546 160 23
1547 165 27
1548 167 23
1549 172 25
1550 163 22
1551 162 20
1552 170 27
1553 165 27
1554 165 18
1555 172 14
1556 176 23
1557 170 26
1558 164 18
1559 174 17
1560 162 26
1561 170 25
1562 164 12
1563 166 16
1564 169 13
1565 173 19
1566 169 26
1567 163 24
1568 70 54
1569 81 50
1570 66 53
1571 81 65
1572 67 60
1573 72 56
1574 77 59
1575 74 61
1576 74 54
1577 76 57
1578 70 50
1579 79 58
1580 79 51
1581 81 54
1582 67 50
1583 78 63
1584 69 55
1585 75 52
1586 81 50
1587 74 60
1588 71 62
1589 71 53
1590 69 63
1591 74 57
1592 72 52
1593 74 64
1594 75 49
1595 69 53
1596 67 60
1597 67 62
1598 188 56
1599 179 59
1600 181 58
1601 183 50
1602 186 60
1603 184 65
1604 189 59
1605 196 51
1606 186 60
1607 196 55
1608 179 53
1609 178 61
1610 178 58
1611 179 59
1612 180 51
1613 177 49
1614 181 52
1615 191 53
1616 182 53
1617 188 55
1618 177 57
1619 182 51
1620 185 53
1621 182 65
1622 179 53
1623 191 57
1624 193 61
1625 193 56
1626 178 58
1627 190 52
1628 46 85
1629 32 98
1630 40 98
1631 31 91
1632 43 92
1633 47 99
1634 31 85
1635 39 82
1636 44 93
1637 45 95
1638 39 83
1639 48 100
1640 46 94
1641 46 98
1642 37 94
1643 42 92
1644 46 95
1645 36 96
1646 43 90
1647 39 85
1648 46 87
1649 48 95
1650 29 85
1651 47 97
1652 30 89
1653 38 83
1654 31 88
1655 39 82
1656 45 82
1657 47 90
1658 97 115
1659 86 115
1660 84 118
1661 96 119
1662 84 111
1663 91 119
1664 84 102
1665 87 117
1666 84 106
1667 100 104
1668 89 106
1669 93 111
1670 94 112
1671 96 119
1672 84 120
1673 83 109
1674 98 116
1675 98 105
1676 82 103
1677 88 111
1678 99 117
1679 86 105
1680 96 118
1681 93 113
1682 99 117
1683 101 120
1684 82 116
1685 96 112
1686 99 117
1687 99 119
1688 164 9
1689 165 9
1690 171 9
1691 170 1
1692 176 6
1693 169 7
1694 175 3
1695 176 11
1696 167 9
1697 176 2
1698 162 6
1699 164 6
1700 168 4
1701 173 6
1702 169 9
1703 163 7
1704 173 0
1705 160 1
1706 162 2
1707 160 5
1708 168 5
1709 173 10
1710 163 7
1711 174 5
1712 167 2
1713 161 11
1714 175 0
1715 166 2
1716 160 5
1717 171 0
1718 152 220
1719 148 215
1720 143 214
1721 145 216
1722 149 225
1723 158 219
1724 154 219
1725 146 224
1726 156 219
1727 150 226
1728 158 221
1729 143 215
1730 141 227
1731 144 223
1732 150 216
1733 145 219
1734 147 224
1735 150 216
1736 150 223
1737 140 217
1738 144 214
1739 154 224
1740 141 222
1741 144 221
1742 147 227
1743 144 214
1744 155 218
1745 157 228
1746 149 228
1747 140 223
1748 13 105
1749 26 104
1750 16 107
1751 26 106
1752 25 114
1753 23 112
1754 18 112
1755 19 110
1756 25 102
1757 16 106
1758 15 119
1759 27 116
1760 18 112
1761 27 102
1762 17 119
1763 17 112
1764 23 103
1765 22 103
1766 25 112
1767 21 111
1768 23 114
1769 27 103
1770 19 102
1771 20 108
1772 28 117
1773 17 110
1774 22 106
1775 16 106
1776 16 113
1777 20 107
1778 158 116
1779 145 116
1780 141 110
1781 156 110
1782 157 108
1783 157 102
1784 152 104
1785 149 120
1786 151 104
1787 147 106
1788 147 107
1789 153 118
1790 149 109
1791 155 106
1792 158 113
1793 146 110
1794 154 103
1795 151 114
1796 154 120
1797 142 110
1798 141 105
1799 146 112
1800 141 110
1801 141 108
1802 149 112
1803 157 118
1804 148 120
1805 140 104
1806 156 113
1807 146 119
1808 111 82
1809 110 101
1810 109 100
1811 112 100
1812 120 96
1813 113 86
1814 119 91
1815 106 97
1816 117 99
1817 108 101
1818 106 82
1819 111 84
1820 114 91
1821 120 91
1822 108 88
1823 111 92
1824 103 101
1825 108 92
1826 117 89
1827 111 89
1828 104 86
1829 111 96
1830 113 84
1831 106 86
1832 115 83
1833 107 97
1834 114 83
1835 120 90
1836 104 94
1837 114 101
1838 47 134
1839 32 121
1840 31 128
1841 30 139
1842 39 132
1843 41 134
1844 41 127
1845 41 131
1846 47 124
1847 34 127
1848 48 137
1849 39 121
1850 42 128
1851 48 126
1852 33 134
1853 41 134
1854 34 139
1855 32 125
1856 44 126
1857 29 129
1858 48 134
1859 42 121
1860 31 128
1861 36 133
1862 42 130
1863 44 130
1864 29 123
1865 32 133
1866 38 135
1867 46 126
1868 34 40
1869 40 36
1870 41 30
1871 46 32
1872 42 35
1873 47 46
1874 34 36
1875 44 41
1876 41 39
1877 42 34
1878 31 29
1879 45 46
1880 37 47
1881 34 29
1882 41 36
1883 42 44
1884 42 47
1885 44 38
1886 38 44
1887 39 43
1888 47 46
1889 29 41
1890 35 31
1891 37 39
1892 29 31
1893 139 1
1894 124 6
1895 133 11
1896 134 5
1897 128 5
1898 125 2
1899 127 3
1900 134 0
1901 127 6
1902 131 9
1903 124 10
1904 139 1
1905 133 8
1906 122 1
1907 128 7
1908 132 2
1909 129 6
1910 139 3
1911 129 3
1912 134 10
1913 137 1
1914 131 5
1915 124 3
1916 139 4
1917 130 1
1918 136 4
1919 124 7
1920 123 0
1921 123 1
1922 126 7
1923 163 226
1924 172 226
1925 171 216
1926 164 220
1927 175 214
1928 168 223
1929 163 226
1930 174 220
1931 171 226
1932 172 214
1933 174 223
1934 173 223
1935 167 214
1936 165 220
1937 166 216
1938 173 216
1939 166 218
1940 166 222
1941 169 223
1942 164 217
1943 166 221
1944 168 218
1945 163 221
1946 173 215
1947 160 227
1948 176 228
1949 171 221
1950 163 215
1951 160 227
1952 175 221
1953 176 26
1954 169 19
1955 171 16
1956 163 15
1957 170 25
1958 162 26
1959 162 16
1960 165 21
1961 171 13
1962 171 25
1963 167 23
1964 175 26
1965 175 27
1966 167 28
1967 174 24
1968 174 16
1969 175 25
1970 161 25
1971 176 22
1972 166 18
1973 168 14
1974 166 28
1975 173 28
1976 173 14
1977 169 13
1978 162 26
1979 167 13
1980 162 23
1981 169 27
1982 162 13
1983 52 206
1984 58 212
1985 58 213
1986 59 204
1987 54 208
1988 56 199
1989 54 207
1990 62 198
1991 49 209
1992 54 202
1993 62 200
1994 62 211
1995 64 198
1996 60 208
1997 55 201
1998 58 213
1999 56 205
2000 57 211
2001 52 209
2002 51 213
2003 62 211
2004 53 198
2005 65 203
2006 65 199
2007 53 206
2008 60 201
2009 52 210
2010 53 203
2011 52 209
2012 62 211
2013 18 207
2014 24 197
2015 19 199
2016 15 203
2017 26 213
2018 21 210
2019 14 201
2020 25 198
2021 28 198
2022 22 202
2023 27 201
2024 24 197
2025 12 201
2026 14 202
2027 16 202
2028 17 208
2029 14 199
2030 18 204
2031 13 200
2032 25 208
2033 26 211
2034 16 202
2035 12 201
2036 12 197
2037 23 205
2038 16 213
2039 25 208
2040 24 206
2041 17 197
2042 23 212
2043 131 140
2044 122 158
2045 123 151
2046 121 146
2047 135 152
2048 121 145
2049 139 147
2050 122 159
2051 137 140
2052 121 158
2053 133 148
2054 130 157
2055 130 147
2056 128 149
2057 131 152
2058 137 150
2059 126 150
2060 121 149
2061 139 152
2062 138 151
2063 127 140
2064 138 156
2065 137 152
2066 127 142
2067 139 147
2068 138 150
2069 122 147
2070 137 152
2071 138 144
2072 131 140
2073 199 76
2074 209 69
2075 197 79
2076 205 79
2077 205 76
2078 199 73
2079 201 69
2080 208 72
2081 209 68
2082 202 70
2083 198 71
2084 208 68
2085 209 73
2086 201 66
2087 197 68
2088 201 71
2089 208 76
2090 210 72
2091 199 67
2092 208 79
2093 211 75
2094 213 68
2095 205 72
2096 200 68
2097 206 66
2098 213 67
2099 211 71
2100 210 70
2101 211 77
2102 205 67
2103 78 26
2104 74 15
2105 80 17
2106 68 18
2107 70 15
2108 81 19
2109 76 14
2110 79 22
2111 80 22
2112 67 23
2113 79 26
2114 73 15
2115 80 20
2116 71 18
2117 74 22
2118 69 16
2119 66 22
2120 73 18
2121 80 14
2122 67 24
2123 73 23
2124 78 12
2125 68 26
2126 77 25
2127 81 15
2128 77 27
2129 76 19
2130 75 20
2131 72 14
2132 66 19
2133 73 202
2134 67 202
2135 68 207
2136 66 205
2137 70 206
2138 66 204
2139 67 203
2140 69 206
2141 70 206
2142 67 198
2143 66 197
2144 70 213
2145 76 211
2146 76 213
2147 67 201
2148 81 206
2149 80 207
2150 79 213
2151 72 208
2152 80 213
2153 71 212
2154 80 197
2155 73 208
2156 68 198
2157 73 204
2158 74 208
2159 74 197
2160 67 210
2161 66 205
2162 71 207
2163 218 215
2164 225 215
2165 227 228
2166 220 218
2167 222 215
2168 215 218
2169 217 227
2170 225 214
2171 227 226
2172 226 214
2173 218 224
2174 219 218
2175 228 225
2176 218 224
2177 218 224
2178 226 227
2179 227 218
2180 228 227
2181 221 96
2182 220 91
2183 228 91
2184 220 87
2185 214 83
2186 226 91
2187 215 86
2188 225 100
2189 220 98
2190 221 83
2191 222 91
2192 226 100
2193 228 101
2194 218 95
2195 222 92
2196 223 100
2197 216 84
2198 218 89
2199 226 97
2200 218 98
2201 220 94
2202 225 98
2203 220 90
2204 225 84
2205 218 98
2206 222 85
2207 223 100
2208 227 90
2209 227 96
2210 225 90
2211 110 215
2212 111 224
2213 110 220
2214 110 216
2215 114 223
2216 112 219
2217 117 217
2218 105 222
2219 119 223
2220 116 224
2221 107 223
2222 106 217
2223 113 214
2224 108 221
2225 113 221
2226 103 216
2227 109 225
2228 104 226
2229 107 216
2230 112 226
2231 119 228
2232 102 224
2233 118 227
2234 103 216
2235 115 216
2236 110 228
2237 104 214
2238 112 214
2239 109 215
2240 116 223
2241 2 136
2242 4 135
2243 10 133
2244 6 132
2245 4 139
2246 4 138
2247 5 135
2248 1 132
2249 10 132
2250 1 123
2251 5 134
2252 8 121
2253 5 123
2254 6 124
2255 11 131
2256 1 129
2257 11 136
2258 10 136
2259 10 130
2260 8 129
2261 5 121
2262 0 130
2263 0 136
2264 1 125
2265 4 122
2266 11 135
2267 9 137
2268 1 122
2269 9 133
2270 126 82
2271 131 95
2272 123 84
2273 138 90
2274 136 92
2275 127 96
2276 122 83
2277 129 92
2278 131 84
2279 135 95
2280 133 83
2281 127 97
2282 136 86
2283 124 93
2284 126 99
2285 138 96
2286 124 96
2287 123 93
2288 138 100
2289 137 86
2290 134 98
2291 123 87
2292 134 101
2293 127 91
2294 136 92
2295 135 84
2296 123 88
2297 136 97
2298 138 97
2299 127 100
2300 197 39
2301 201 30
2302 211 32
2303 212 42
2304 206 41
2305 201 37
2306 200 48
2307 206 45
2308 200 40
2309 209 46
2310 207 42
2311 213 33
2312 201 38
2313 197 46
2314 199 47
2315 197 36
2316 197 47
2317 200 42
2318 203 44
2319 208 42
2320 213 42
2321 209 44
2322 201 30
2323 199 37
2324 201 40
2325 204 30
2326 199 32
2327 208 47
2328 206 48
2329 201 29
2330 78 29
2331 66 40
2332 75 30
2333 70 46
2334 81 39
2335 74 37
2336 79 39
2337 81 29
2338 76 33
2339 75 37
2340 73 39
2341 77 44
2342 68 35
2343 77 42
2344 79 36
2345 77 31
2346 77 33
2347 79 37
2348 81 43
2349 78 44
2350 80 38
2351 72 29
2352 66 45
2353 68 31
2354 77 43
2355 66 43
2356 70 36
2357 81 42
2358 67 31
2359 78 48
2360 60 74
2361 53 76
2362 62 69
2363 53 76
2364 49 79
2365 62 67
2366 58 78
2367 61 73
2368 62 78
2369 57 76
2370 59 71
2371 63 73
2372 52 67
2373 50 71
2374 50 71
2375 49 80
2376 55 74
2377 63 72
2378 54 69
2379 53 66
2380 49 69
2381 56 78
2382 56 74
2383 55 67
2384 55 67
2385 62 71
2386 49 71
2387 63 76
2388 62 79
2389 53 70
2390 56 2
2391 58 5
2392 50 1
2393 61 0
2394 54 3
2395 59 2
2396 63 10
2397 59 6
2398 50 8
2399 64 1
2400 65 11
2401 53 0
2402 51 4
2403 61 8
2404 61 9
2405 51 9
2406 55 2
2407 62 4
2408 59 1
2409 62 3
2410 50 2
2411 52 11
2412 62 6
2413 51 1
2414 65 8
2415 65 4
2416 60 5
2417 62 10
2418 64 9
2419 55 4
2420 40 210
2421 30 200
2422 38 209
2423 47 197
2424 36 210
2425 33 202
2426 31 213
2427 42 197
2428 38 206
2429 44 202
2430 32 207
2431 41 206
2432 33 202
2433 34 207
2434 29 203
2435 44 211
2436 43 199
2437 32 197
2438 43 201
2439 44 200
2440 48 199
2441 38 212
2442 35 205
2443 29 198
2444 44 207
2445 47 209
2446 39 209
2447 42 197
2448 46 199
2449 45 202
2450 192 116
2451 189 106
2452 194 105
2453 189 112
2454 182 104
2455 189 117
2456 191 108
2457 178 117
2458 178 111
2459 194 116
2460 177 106
2461 182 107
2462 181 103
2463 196 108
2464 196 113
2465 194 113
2466 180 110
2467 192 112
2468 189 105
2469 185 118
2470 194 104
2471 185 119
2472 184 110
2473 190 106
2474 193 119
2475 189 111
2476 183 113
2477 177 102
2478 190 110
2479 182 105
2480 193 75
2481 178 68
2482 188 73
2483 184 72
2484 187 79
2485 190 75
2486 188 78
2487 190 67
2488 196 75
2489 195 75
2490 184 66
2491 193 78
2492 194 74
2493 179 75
2494 194 72
2495 183 75
2496 182 68
2497 194 68
2498 183 71
2499 186 68
2500 187 69
2501 181 73
2502 178 76
2503 184 81
2504 188 81
2505 186 71
2506 184 69
2507 185 66
2508 179 79
2509 177 73
2510 33 224
2511 35 215
2512 36 228
2513 48 218
2514 29 220
2515 45 221
2516 43 227
2517 33 224
2518 37 228
2519 29 228
2520 44 217
2521 37 218
2522 47 228
2523 44 220
2524 48 224
2525 33 226
2526 34 218
2527 46 221
2528 35 226
2529 36 223
2530 39 221
2531 45 218
2532 36 228
2533 47 224
2534 30 226
2535 38 215
2536 33 223
2537 37 222
2538 42 228
2539 46 228
2540 1 51
2541 6 60
2542 8 53
2543 7 51
2544 1 64
2545 2 58
2546 0 60
2547 8 56
2548 5 58
2549 4 53
2550 5 54
2551 0 61
2552 2 64
2553 2 64
2554 9 64
2555 11 54
2556 6 59
2557 11 64
2558 6 58
2559 5 65
2560 6 60
2561 10 60
2562 5 62
2563 9 60
2564 7 58
2565 5 49
2566 8 51
2567 7 56
2568 2 53
2569 1 52
2570 8 51
2571 8 64
2572 4 50
2573 5 52
2574 9 53
2575 6 50
2576 8 51
2577 11 55
2578 1 51
2579 5 49
2580 2 65
2581 7 63
2582 6 57
2583 2 53
2584 11 61
2585 9 62
2586 0 65
2587 11 62
2588 6 56
2589 11 59
2590 3 65
2591 2 65
2592 0 58
2593 7 49
2594 7 53
2595 4 60
2596 0 50
2597 74 62
2598 78 52
2599 76 51
2600 75 49
2601 73 61
2602 73 50
2603 77 54
2604 67 62
2605 66 52
2606 74 56
2607 78 61
2608 80 58
2609 69 50
2610 79 55
2611 74 64
2612 70 49
2613 73 53
2614 74 53
2615 80 63
2616 79 57
2617 75 54
2618 79 55
2619 67 59
2620 67 63
2621 73 56
2622 81 63
2623 76 59
2624 76 52
2625 66 63
2626 78 50
2627 95 75
2628 89 68
2629 82 79
2630 84 79
2631 89 77
2632 91 66
2633 88 73
2634 100 77
2635 93 75
2636 93 76
2637 94 75
2638 91 79
2639 101 67
2640 88 73
2641 82 79
2642 100 72
2643 97 68
2644 100 81
2645 82 68
2646 88 79
2647 89 69
2648 90 68
2649 83 73
2650 86 72
2651 101 77
2652 87 68
2653 87 76
2654 98 74
2655 85 70
2656 93 77
2657 113 108
2658 115 118
2659 112 116
2660 106 107
2661 104 106
2662 106 120
2663 103 114
2664 108 110
2665 115 117
2666 117 108
2667 105 107
2668 116 118
2669 105 102
2670 104 113
2671 106 117
2672 108 114
2673 116 112
2674 110 118
2675 113 103
2676 120 119
2677 113 115
2678 116 107
2679 57 176
2680 59 167
2681 57 167
2682 63 174
2683 55 173
2684 51 160
2685 56 161
2686 56 175
2687 61 173
2688 65 169
2689 57 165
2690 50 167
2691 62 166
2692 56 174
2693 58 165
2694 49 169
2695 59 171
2696 57 174
2697 58 160
2698 50 170
2699 64 163
2700 50 168
2701 56 167
2702 59 167
2703 51 164
2704 50 170
2705 50 166
2706 56 162
2707 49 161
2708 61 169
2709 19 48
2710 17 32
2711 27 40
2712 12 43
2713 12 40
2714 20 42
2715 24 40
2716 13 42
2717 13 36
2718 12 47
2719 15 30
2720 17 31
2721 16 37
2722 13 37
2723 17 38
2724 14 33
2725 20 40
2726 15 48
2727 13 46
2728 23 34
2729 28 35
2730 19 31
2731 24 45
2732 13 34
2733 12 43
2734 27 29
2735 16 41
2736 20 33
2737 15 47
2738 16 47
2739 144 114
2740 149 115
2741 150 107
2742 148 114
2743 150 111
2744 158 112
2745 153 106
2746 153 115
2747 145 120
2748 142 105
2749 146 116
2750 143 114
2751 154 113
2752 148 113
2753 142 116
2754 140 106
2755 154 112
2756 159 118
2757 145 102
2758 146 107
2759 158 104
2760 153 105
2761 155 120
2762 142 103
2763 151 117
2764 143 109
2765 142 120
2766 142 117
2767 154 111
2768 158 102
2769 79 38
2770 80 42
2771 79 33
2772 67 34
2773 78 41
2774 67 33
2775 77 45
2776 78 44
2777 75 40
2778 66 47
2779 70 40
2780 70 33
2781 75 37
2782 68 29
2783 68 34
2784 69 37
2785 70 41
2786 77 37
2787 70 48
2788 79 40
2789 77 37
2790 68 34
2791 66 34
2792 76 33
2793 81 29
2794 69 46
2795 71 30
2796 68 31
2797 68 44
2798 76 33
2799 30 193
2800 39 183
2801 31 189
2802 33 190
2803 38 184
2804 31 179
2805 47 179
2806 34 195
2807 33 178
2808 29 180
2809 46 190
2810 33 182
2811 29 182
2812 34 184
2813 35 180
2814 33 185
2815 38 191
2816 43 192
2817 44 188
2818 41 188
2819 29 180
2820 30 191
2821 35 187
2822 48 196
2823 40 188
2824 33 182
2825 42 186
2826 34 183
2827 39 193
2828 36 196
2829 77 109
2830 69 116
2831 72 104
2832 67 116
2833 67 120
2834 75 115
2835 74 106
2836 67 120
2837 80 113
2838 66 112
2839 79 119
2840 74 109
2841 81 119
2842 81 111
2843 73 108
2844 67 116
2845 77 111
2846 72 120
2847 69 113
2848 73 105
2849 76 108
2850 77 106
2851 67 105
2852 74 114
2853 71 112
2854 71 109
2855 73 112
2856 73 111
2857 81 108
2858 72 114
2859 161 110
2860 176 118
2861 174 102
2862 165 107
2863 174 112
2864 164 105
2865 174 117
2866 160 115
2867 170 114
2868 172 114
2869 174 102
2870 173 104
2871 175 117
2872 166 119
2873 165 107
2874 164 104
2875 161 115
2876 165 103
2877 165 108
2878 167 107
2879 176 110
2880 167 109
2881 172 117
2882 165 109
2883 169 106
2884 171 111
2885 163 109
2886 160 109
2887 161 102
2888 167 106
