255 274 10 2878
0 11
1 3
2 8
3 8
4 9
5 7
6 10
7 4
8 7
9 10
10 3
11 9
12 5
13 4
14 3
15 3
16 3
17 3
18 4
19 3
20 3
21 3
22 3
23 4
24 3
25 4
26 3
27 3
28 4
29 3
30 5
31 3
32 3
33 4
34 3
35 3
36 5
37 4
38 3
39 3
40 3
41 3
42 3
43 5
44 3
45 3
46 4
47 4
48 5
49 4
50 3
51 3
52 3
53 4
54 3
55 3
56 3
57 3
58 3
59 4
60 3
61 3
62 5
63 3
64 3
65 3
66 3
67 5
68 3
69 3
70 3
71 3
72 5
73 4
74 4
75 3
76 3
77 3
78 3
79 4
80 3
81 4
82 3
83 3
84 3
85 3
86 3
87 3
88 3
89 3
90 3
91 4
92 3
93 3
94 3
95 3
96 3
97 3
98 4
99 5
100 3
101 3
102 4
103 3
104 3
105 4
106 3
107 3
108 3
109 3
110 3
111 3
112 3
113 3
114 3
115 3
116 4
117 3
118 3
119 3
120 3
121 3
122 3
123 4
124 3
125 5
126 3
127 3
128 5
129 3
130 3
131 3
132 3
133 4
134 3
135 3
136 4
137 3
138 5
139 5
140 3
141 5
142 4
143 3
144 4
145 3
146 3
147 3
148 4
149 4
150 3
151 5
152 4
153 4
154 5
155 4
156 4
157 3
158 3
159 3
160 3
161 3
162 3
163 3
164 3
165 4
166 3
167 3
168 3
169 3
170 3
171 3
172 3
173 3
174 3
175 3
176 5
177 3
178 3
179 6
180 3
181 3
182 3
183 3
184 6
185 4
186 3
187 4
188 4
189 6
190 4
191 4
192 3
193 3
194 4
195 3
196 3
197 3
198 3
199 3
200 3
201 4
202 4
203 3
204 3
205 4
206 3
207 3
208 3
209 3
210 3
211 4
212 3
213 4
214 3
215 3
216 4
217 3
218 4
219 3
220 3
221 3
222 3
223 3
224 3
225 3
226 3
227 4
228 5
229 3
230 3
231 5
232 3
233 3
234 3
235 3
236 3
237 5
238 3
239 3
240 3
241 3
242 3
243 3
244 5
245 6
246 6
247 4
248 3
249 4
250 3
251 3
252 3
253 4
254 3
0 0 2
1 0 3
2 0 4
3 0 5
4 0 6
5 0 11
6 0 29
7 0 133
8 0 151
9 1 4
10 1 9
11 1 82
12 2 3
13 2 6
14 2 7
15 2 8
16 2 9
17 2 11
18 2 237
19 3 4
20 3 5
21 3 6
22 3 101
23 3 187
24 4 5
25 4 6
26 4 8
27 4 9
28 4 11
29 5 8
30 5 9
31 5 202
32 6 8
33 6 9
34 6 63
35 6 117
36 7 11
37 8 9
38 8 11
39 9 10
40 9 11
41 9 169
42 11 12
43 11 47
44 11 218
45 12 18
46 12 23
47 12 24
48 13 27
49 13 20
50 14 25
51 15 17
52 16 25
53 17 18
54 19 24
55 20 23
56 21 25
57 21 28
58 22 24
59 22 28
60 26 28
61 29 32
62 29 46
63 30 34
64 30 37
65 30 42
66 30 36
67 31 46
68 32 43
69 33 35
70 33 46
71 35 41
72 36 40
73 36 46
74 37 39
75 38 45
76 38 43
77 43 44
78 47 56
79 47 48
80 48 52
81 48 49
82 49 57
83 49 60
84 49 59
85 50 58
86 51 61
87 53 61
88 53 62
89 54 60
90 55 62
91 56 58
92 59 62
93 63 73
94 63 81
95 64 80
96 65 73
97 66 72
98 67 74
99 67 78
100 67 73
101 68 75
102 68 72
103 69 80
104 70 79
105 71 81
106 72 73
107 74 79
108 76 77
109 77 78
110 78 80
111 82 94
112 82 83
113 83 99
114 83 87
115 84 88
116 84 85
117 85 90
118 85 91
119 86 92
120 87 100
121 89 98
122 91 93
123 91 98
124 92 95
125 94 97
126 95 99
127 96 99
128 98 100
129 101 113
130 101 105
131 102 112
132 102 104
133 103 106
134 103 104
135 104 113
136 105 116
137 106 109
138 107 115
139 107 113
140 108 110
141 108 116
142 111 114
143 111 112
144 117 131
145 117 125
146 118 121
147 118 127
148 119 132
149 120 125
150 120 122
151 121 128
152 121 130
153 122 132
154 123 124
155 123 128
156 125 127
157 126 128
158 129 131
159 133 139
160 134 149
161 135 144
162 135 142
163 136 141
164 136 145
165 136 149
166 137 141
167 138 147
168 138 148
169 138 144
170 139 143
171 139 146
172 140 141
173 142 150
174 146 147
175 148 149
176 151 161
177 151 165
178 151 154
179 151 156
180 152 159
181 152 154
182 153 155
183 153 154
184 154 166
185 154 163
186 155 157
187 155 164
188 156 168
189 158 160
190 158 162
191 158 165
192 163 167
193 169 175
194 170 176
195 171 179
196 172 184
197 173 176
198 173 186
199 174 178
200 175 184
201 176 184
202 177 181
203 178 179
204 179 185
205 179 182
206 180 183
207 181 183
208 181 185
209 182 184
210 187 189
211 188 200
212 188 196
213 189 195
214 189 197
215 189 192
216 190 194
217 190 200
218 191 198
219 191 201
220 192 196
221 192 199
222 193 194
223 199 201
224 202 215
225 203 211
226 204 211
227 204 213
228 205 213
229 205 208
230 206 212
231 206 217
232 207 214
233 207 215
234 207 216
235 208 217
236 209 210
237 209 216
238 209 211
239 218 222
240 218 223
241 218 227
242 219 230
243 220 231
244 220 235
245 221 230
246 221 225
247 223 232
248 224 227
249 224 231
250 225 229
251 226 228
252 228 235
253 228 236
254 229 232
255 231 234
256 233 234
257 237 240
258 237 245
259 238 244
260 239 246
261 241 253
262 242 247
263 243 245
264 244 250
265 244 246
266 245 248
267 245 249
268 245 251
269 245 246
270 246 253
271 246 254
272 247 249
273 251 252
0 157 152
1 161 155
2 159 155
3 165 166
4 163 162
5 155 168
6 159 158
7 168 163
8 162 155
9 158 166
10 157 158
11 157 163
12 152 155
13 155 162
14 165 163
15 157 152
16 161 160
17 167 156
18 157 156
19 161 163
20 63 187
21 81 189
22 67 189
23 71 201
24 70 194
25 74 201
26 81 197
27 70 197
28 69 187
29 71 188
30 72 199
31 63 192
32 64 197
33 69 195
34 67 195
35 73 193
36 75 193
37 66 197
38 78 201
39 81 187
40 77 193
41 78 200
42 73 192
43 70 199
44 70 199
45 79 194
46 81 192
47 69 190
48 72 190
49 79 187
50 247 34
51 248 32
52 252 30
53 253 37
54 244 42
55 253 29
56 239 40
57 244 29
58 237 37
59 238 46
60 244 43
61 249 41
62 242 33
63 248 33
64 244 41
65 253 41
66 240 43
67 247 32
68 243 31
69 245 41
70 238 32
71 244 44
72 253 42
73 237 29
74 238 45
75 241 46
76 253 41
77 250 36
78 246 44
79 254 38
80 98 50
81 93 50
82 100 48
83 85 53
84 96 51
85 82 62
86 100 59
87 87 47
88 98 62
89 89 52
90 90 58
91 96 58
92 92 59
93 100 59
94 96 61
95 88 55
96 89 57
97 88 59
98 83 56
99 91 50
100 95 57
101 95 50
102 83 53
103 85 50
104 89 57
105 84 56
106 89 62
107 92 48
108 92 52
109 82 51
110 62 204
111 62 210
112 49 206
113 62 204
114 48 204
115 59 206
116 48 205
117 55 210
118 48 205
119 59 214
120 61 204
121 57 211
122 55 206
123 47 207
124 55 205
125 51 209
126 53 210
127 48 207
128 48 213
129 57 212
130 62 215
131 60 211
132 52 214
133 56 217
134 53 208
135 59 212
136 50 206
137 62 207
138 53 217
139 57 202
140 13 147
141 26 150
142 21 140
143 27 146
144 13 135
145 19 145
146 12 149
147 17 145
148 17 143
149 25 139
150 18 146
151 26 146
152 19 148
153 20 139
154 17 136
155 18 137
156 27 138
157 12 150
158 12 133
159 19 140
160 22 143
161 16 139
162 19 137
163 26 140
164 24 150
165 22 133
166 26 149
167 18 143
168 25 146
169 16 134
170 23 1
171 28 0
172 23 7
173 15 6
174 12 3
175 20 7
176 25 8
177 21 7
178 27 3
179 21 1
180 24 4
181 23 7
182 17 3
183 27 6
184 15 11
185 25 11
186 13 0
187 13 11
188 21 9
189 23 8
190 21 11
191 14 3
192 27 4
193 18 4
194 25 7
195 6 119
196 0 125
197 7 131
198 10 120
199 9 131
200 0 119
201 7 121
202 1 124
203 8 120
204 1 118
205 4 125
206 8 131
207 3 126
208 3 130
209 3 127
210 0 118
211 1 127
212 10 121
213 10 123
214 1 123
215 10 126
216 1 120
217 2 125
218 4 118
219 6 132
220 7 126
221 9 120
222 7 120
223 251 95
224 237 85
225 237 94
226 243 91
227 246 87
228 238 97
229 248 88
230 237 89
231 251 90
232 248 84
233 254 97
234 238 97
235 244 100
236 245 83
237 252 98
238 240 84
239 250 87
240 246 97
241 252 90
242 242 94
243 238 88
244 251 99
245 238 88
246 250 93
247 245 91
248 246 89
249 254 94
250 237 87
251 249 99
252 247 85
253 251 165
254 250 154
255 252 164
256 251 159
257 246 152
258 247 155
259 237 166
260 248 161
261 238 157
262 244 165
263 254 152
264 254 152
265 243 168
266 252 153
267 240 166
268 242 157
269 242 168
270 239 153
271 239 166
272 245 168
273 246 167
274 251 154
275 238 156
276 237 153
277 237 158
278 240 157
279 238 152
280 248 156
281 250 154
282 243 157
283 0 206
284 3 217
285 6 217
286 2 209
287 6 211
288 10 215
289 6 214
290 9 203
291 0 204
292 6 217
293 1 207
294 6 216
295 11 208
296 4 207
297 0 203
298 3 203
299 0 210
300 6 204
301 3 217
302 3 212
303 2 205
304 5 207
305 9 216
306 1 211
307 10 202
308 0 211
309 4 216
310 5 212
311 7 206
312 7 211
313 244 57
314 253 58
315 252 47
316 248 59
317 248 58
318 254 51
319 249 62
320 243 47
321 251 61
322 251 61
323 243 60
324 237 61
325 239 58
326 249 52
327 250 48
328 252 62
329 246 60
330 240 52
331 254 56
332 245 50
333 254 55
334 245 58
335 243 51
336 252 47
337 250 61
338 239 48
339 237 58
340 247 55
341 249 62
342 241 48
343 91 206
344 95 202
345 87 204
346 84 202
347 86 216
348 94 211
349 85 212
350 94 205
351 95 211
352 86 209
353 100 214
354 92 214
355 90 205
356 86 207
357 90 209
358 96 206
359 95 212
360 96 210
361 95 210
362 95 217
363 85 207
364 94 213
365 90 206
366 88 214
367 82 216
368 86 205
369 83 206
370 94 204
371 94 213
372 86 205
373 87 93
374 90 86
375 92 88
376 87 93
377 96 100
378 85 87
379 92 89
380 84 99
381 98 82
382 89 99
383 88 92
384 97 88
385 86 82
386 89 83
387 88 91
388 87 91
389 97 85
390 98 97
391 87 96
392 95 84
393 97 86
394 103 1
395 116 0
396 113 7
397 103 0
398 109 5
399 112 2
400 115 8
401 116 6
402 111 10
403 109 3
404 113 6
405 111 6
406 104 8
407 113 0
408 115 11
409 103 6
410 112 4
411 102 5
412 107 9
413 114 7
414 112 3
415 107 8
416 113 2
417 110 1
418 103 6
419 109 0
420 108 1
421 110 7
422 191 162
423 197 153
424 190 162
425 187 158
426 192 157
427 200 156
428 198 151
429 200 155
430 199 154
431 194 155
432 196 155
433 199 152
434 193 159
435 194 159
436 199 163
437 195 168
438 191 164
439 189 156
440 190 161
441 199 161
442 191 151
443 188 168
444 197 157
445 187 161
446 195 157
447 198 163
448 195 167
449 196 161
450 190 165
451 196 159
452 166 189
453 162 188
454 161 187
455 163 192
456 155 197
457 159 191
458 159 189
459 162 197
460 157 189
461 161 198
462 152 194
463 167 188
464 156 192
465 155 193
466 161 192
467 167 195
468 165 189
469 165 195
470 163 194
471 163 189
472 166 197
473 167 188
474 166 200
475 155 194
476 156 195
477 164 200
478 151 192
479 159 189
480 155 188
481 156 201
482 23 7
483 22 2
484 20 9
485 26 1
486 18 5
487 17 5
488 27 3
489 16 10
490 16 3
491 22 0
492 26 5
493 25 11
494 13 3
495 15 4
496 19 6
497 28 11
498 26 8
499 22 3
500 24 5
501 27 11
502 24 1
503 20 10
504 27 11
505 19 4
506 21 8
507 14 3
508 14 1
509 25 11
510 20 11
511 43 117
512 34 117
513 44 121
514 33 128
515 31 124
516 38 128
517 38 119
518 29 130
519 34 132
520 34 119
521 30 129
522 46 128
523 32 126
524 33 124
525 37 129
526 38 128
527 37 132
528 46 128
529 36 119
530 35 124
531 41 131
532 39 119
533 30 130
534 46 121
535 32 124
536 31 120
537 32 124
538 41 121
539 38 128
540 35 130
541 247 123
542 251 124
543 248 122
544 238 122
545 253 131
546 241 123
547 248 121
548 245 122
549 246 117
550 242 129
551 240 121
552 238 131
553 241 129
554 251 132
555 241 124
556 238 128
557 241 127
558 246 127
559 240 119
560 253 121
561 249 123
562 251 126
563 238 118
564 247 121
565 239 129
566 251 117
567 239 125
568 252 118
569 253 118
570 252 128
571 32 115
572 41 105
573 30 113
574 44 115
575 43 116
576 36 107
577 46 102
578 41 112
579 45 106
580 34 104
581 39 111
582 45 102
583 44 106
584 42 106
585 34 106
586 37 101
587 38 110
588 40 110
589 45 104
590 41 102
591 42 115
592 41 102
593 46 102
594 37 105
595 36 109
596 46 113
597 35 101
598 32 116
599 43 115
600 40 106
601 3 37
602 4 31
603 11 41
604 7 44
605 11 40
606 7 42
607 4 32
608 9 40
609 3 30
610 6 31
611 4 40
612 10 29
613 8 33
614 10 46
615 10 31
616 2 45
617 1 31
618 11 41
619 4 38
620 11 46
621 5 45
622 1 36
623 10 39
624 9 30
625 3 35
626 10 31
627 4 38
628 115 85
629 116 96
630 114 90
631 102 90
632 101 94
633 102 86
634 104 82
635 111 88
636 111 85
637 110 86
638 109 82
639 107 93
640 103 96
641 106 87
642 112 87
643 102 95
644 103 96
645 104 82
646 101 100
647 105 93
648 106 98
649 115 94
650 102 95
651 110 91
652 112 83
653 105 98
654 112 91
655 111 95
656 114 82
657 102 83
658 209 117
659 213 129
660 209 126
661 206 118
662 209 120
663 213 118
664 208 122
665 213 130
666 214 126
667 207 127
668 206 121
669 208 127
670 208 124
671 209 121
672 213 121
673 210 124
674 203 119
675 210 117
676 214 121
677 214 126
678 217 132
679 206 123
680 212 129
681 211 123
682 204 117
683 211 123
684 204 121
685 211 131
686 217 122
687 208 120
688 37 150
689 35 141
690 40 143
691 39 146
692 44 149
693 36 135
694 29 143
695 40 137
696 29 149
697 34 138
698 45 146
699 39 146
700 33 134
701 36 143
702 31 148
703 46 148
704 31 139
705 32 141
706 45 147
707 38 141
708 35 143
709 35 146
710 38 134
711 44 137
712 42 136
713 40 140
714 44 140
715 44 144
716 37 141
717 45 144
718 228 57
719 231 52
720 225 59
721 223 51
722 235 62
723 232 48
724 231 48
725 219 49
726 224 58
727 222 60
728 223 51
729 232 48
730 221 54
731 221 47
732 229 62
733 230 49
734 220 48
735 232 55
736 226 55
737 224 57
738 223 62
739 219 59
740 227 50
741 233 47
742 227 57
743 218 56
744 222 53
745 222 55
746 225 52
747 231 59
748 237 185
749 239 185
750 250 183
751 239 169
752 253 181
753 237 174
754 254 171
755 242 180
756 246 174
757 243 169
758 246 180
759 245 183
760 252 179
761 246 184
762 238 182
763 250 174
764 242 172
765 243 182
766 239 181
767 247 179
768 245 173
769 239 171
770 254 171
771 239 178
772 249 171
773 246 175
774 254 178
775 254 169
776 254 172
777 249 181
778 132 129
779 129 124
780 122 129
781 129 120
782 129 130
783 125 128
784 132 128
785 126 118
786 118 117
787 120 131
788 131 124
789 123 129
790 130 131
791 131 132
792 119 120
793 119 118
794 127 126
795 130 131
796 119 128
797 183 210
798 182 213
799 185 217
800 178 215
801 175 207
802 174 217
803 174 214
804 182 211
805 169 208
806 185 205
807 177 202
808 176 204
809 169 213
810 185 212
811 178 207
812 181 209
813 170 206
814 175 205
815 169 211
816 170 212
817 171 214
818 176 206
819 169 205
820 170 208
821 186 204
822 173 205
823 174 207
824 186 213
825 172 206
826 173 203
827 170 183
828 171 170
829 175 183
830 172 174
831 180 176
832 175 170
833 176 183
834 178 180
835 175 186
836 170 182
837 173 178
838 186 185
839 170 177
840 186 181
841 169 171
842 186 174
843 174 181
844 186 224
845 174 234
846 171 227
847 186 222
848 183 233
849 175 231
850 170 222
851 171 220
852 175 232
853 176 223
854 172 231
855 172 219
856 181 218
857 173 226
858 176 222
859 173 228
860 178 223
861 171 229
862 183 221
863 183 219
864 181 220
865 170 226
866 171 227
867 174 221
868 173 235
869 178 229
870 180 223
871 170 228
872 180 233
873 178 221
874 102 73
875 107 80
876 115 80
877 112 76
878 109 67
879 116 66
880 113 71
881 106 64
882 114 68
883 102 80
884 108 74
885 116 78
886 102 63
887 101 66
888 114 69
889 115 72
890 115 81
891 106 63
892 105 67
893 107 65
894 112 78
895 103 72
896 101 75
897 106 68
898 116 77
899 114 66
900 108 78
901 104 67
902 114 64
903 107 73
904 61 224
905 47 225
906 55 230
907 58 226
908 59 227
909 50 233
910 52 222
911 53 218
912 47 220
913 58 235
914 57 221
915 57 232
916 51 232
917 59 231
918 54 234
919 57 223
920 55 236
921 62 223
922 51 228
923 62 236
924 50 229
925 59 234
926 62 233
927 54 223
928 50 234
929 49 219
930 48 227
931 58 227
932 55 231
933 62 233
934 195 175
935 191 176
936 195 170
937 195 170
938 196 175
939 200 171
940 201 184
941 196 184
942 200 169
943 191 184
944 195 178
945 188 177
946 195 180
947 193 177
948 189 171
949 201 177
950 199 179
951 191 185
952 201 170
953 198 183
954 194 175
955 196 174
956 198 178
957 195 176
958 198 169
959 196 177
960 188 171
961 197 169
962 196 177
963 200 174
964 109 208
965 111 208
966 103 217
967 111 215
968 116 213
969 101 215
970 102 202
971 106 202
972 112 215
973 109 213
974 115 217
975 106 204
976 108 217
977 102 215
978 103 217
979 110 211
980 104 213
981 109 214
982 105 206
983 104 215
984 104 213
985 107 207
986 113 217
987 104 204
988 101 202
989 101 215
990 114 212
991 110 202
992 111 211
993 113 209
994 212 22
995 213 25
996 208 21
997 217 24
998 204 22
999 212 17
1000 207 26
1001 209 17
1002 203 19
1003 212 21
1004 206 14
1005 210 26
1006 206 16
1007 211 15
1008 205 19
1009 202 21
1010 202 12
1011 215 23
1012 214 15
1013 213 18
1014 210 12
1015 213 12
1016 216 25
1017 203 20
1018 217 26
1019 215 25
1020 206 20
1021 213 20
1022 202 14
1023 212 22
1024 193 197
1025 193 189
1026 193 192
1027 190 199
1028 190 192
1029 198 195
1030 201 189
1031 196 198
1032 188 187
1033 189 191
1034 195 193
1035 189 198
1036 194 191
1037 189 200
1038 191 190
1039 193 201
1040 189 200
1041 200 198
1042 198 195
1043 191 190
1044 191 200
1045 198 190
1046 195 194
1047 181 58
1048 171 59
1049 169 51
1050 175 54
1051 184 52
1052 185 53
1053 181 60
1054 175 61
1055 184 62
1056 184 50
1057 185 56
1058 179 62
1059 175 60
1060 179 61
1061 179 50
1062 169 56
1063 170 52
1064 184 52
1065 173 47
1066 172 53
1067 182 57
1068 170 50
1069 173 61
1070 186 58
1071 185 55
1072 175 62
1073 186 50
1074 172 49
1075 181 52
1076 173 58
1077 4 183
1078 3 182
1079 4 185
1080 7 184
1081 4 170
1082 3 170
1083 7 185
1084 10 175
1085 0 182
1086 0 182
1087 7 171
1088 10 177
1089 1 177
1090 4 180
1091 4 170
1092 7 174
1093 10 182
1094 0 169
1095 4 177
1096 1 181
1097 8 175
1098 10 184
1099 7 170
1100 7 171
1101 0 172
1102 5 182
1103 8 175
1104 171 230
1105 172 234
1106 174 229
1107 179 231
1108 183 224
1109 171 221
1110 181 221
1111 177 221
1112 175 218
1113 178 223
1114 171 227
1115 176 234
1116 185 219
1117 184 222
1118 172 224
1119 175 222
1120 182 224
1121 181 227
1122 169 229
1123 181 224
1124 170 233
1125 179 223
1126 182 226
1127 170 236
1128 186 234
1129 180 219
1130 176 221
1131 185 226
1132 175 232
1133 169 224
1134 146 45
1135 145 37
1136 134 34
1137 138 39
1138 139 36
1139 141 44
1140 150 42
1141 145 43
1142 146 40
1143 139 30
1144 149 41
1145 141 31
1146 134 36
1147 147 42
1148 149 44
1149 134 34
1150 146 41
1151 135 42
1152 146 33
1153 146 39
1154 147 30
1155 146 35
1156 140 33
1157 139 31
1158 136 33
1159 138 34
1160 146 32
1161 144 35
1162 136 37
1163 140 31
1164 174 113
1165 173 111
1166 172 101
1167 175 103
1168 185 110
1169 175 111
1170 176 106
1171 186 109
1172 186 102
1173 176 116
1174 179 115
1175 179 104
1176 171 111
1177 181 114
1178 176 111
1179 185 104
1180 176 116
1181 173 110
1182 174 109
1183 183 103
1184 170 115
1185 185 105
1186 171 103
1187 170 102
1188 169 108
1189 177 105
1190 181 114
1191 185 115
1192 178 115
1193 181 108
1194 191 91
1195 201 86
1196 193 88
1197 198 83
1198 191 94
1199 196 87
1200 201 88
1201 200 90
1202 188 98
1203 197 99
1204 200 88
1205 188 90
1206 192 96
1207 191 93
1208 192 82
1209 190 98
1210 197 92
1211 190 99
1212 190 82
1213 187 95
1214 187 84
1215 201 95
1216 193 99
1217 188 95
1218 198 96
1219 196 94
1220 192 94
1221 191 91
1222 200 100
1223 197 87
1224 157 80
1225 156 69
1226 163 77
1227 154 76
1228 154 64
1229 165 73
1230 166 77
1231 167 63
1232 157 75
1233 156 80
1234 158 64
1235 160 79
1236 168 76
1237 158 74
1238 165 72
1239 155 74
1240 162 69
1241 153 68
1242 151 81
1243 163 71
1244 164 75
1245 151 64
1246 153 63
1247 158 68
1248 161 74
1249 163 71
1250 167 76
1251 153 72
1252 163 68
1253 159 66
1254 94 71
1255 85 71
1256 87 65
1257 99 77
1258 96 78
1259 92 65
1260 86 75
1261 100 63
1262 98 67
1263 93 80
1264 94 69
1265 88 64
1266 97 70
1267 94 70
1268 85 75
1269 96 79
1270 98 67
1271 93 80
1272 96 63
1273 99 77
1274 84 70
1275 84 65
1276 94 63
1277 97 69
1278 97 76
1279 89 69
1280 95 69
1281 82 81
1282 85 74
1283 84 65
1284 204 29
1285 203 44
1286 215 32
1287 202 30
1288 217 31
1289 215 40
1290 202 33
1291 202 46
1292 215 29
1293 210 38
1294 205 40
1295 215 36
1296 204 46
1297 213 32
1298 210 32
1299 216 41
1300 216 32
1301 217 46
1302 207 44
1303 215 37
1304 217 42
1305 207 37
1306 211 42
1307 214 34
1308 215 34
1309 207 38
1310 209 30
1311 211 41
1312 214 41
1313 209 41
1314 11 243
1315 7 253
1316 2 243
1317 10 247
1318 6 244
1319 8 246
1320 5 254
1321 1 240
1322 6 242
1323 1 245
1324 7 251
1325 2 238
1326 1 251
1327 7 250
1328 3 254
1329 9 240
1330 8 250
1331 5 254
1332 7 248
1333 11 252
1334 11 245
1335 3 238
1336 10 243
1337 0 247
1338 6 253
1339 6 238
1340 7 248
1341 0 238
1342 7 240
1343 184 160
1344 181 152
1345 180 163
1346 175 154
1347 170 167
1348 173 163
1349 178 166
1350 179 160
1351 170 158
1352 176 166
1353 180 157
1354 174 157
1355 177 164
1356 182 167
1357 174 161
1358 184 165
1359 176 164
1360 177 168
1361 173 163
1362 181 158
1363 182 154
1364 175 158
1365 170 163
1366 182 166
1367 177 154
1368 183 152
1369 171 159
1370 169 168
1371 179 163
1372 180 156
1373 211 181
1374 211 179
1375 215 177
1376 204 175
1377 212 183
1378 204 174
1379 211 170
1380 212 172
1381 204 186
1382 212 182
1383 214 185
1384 203 172
1385 206 169
1386 202 183
1387 208 178
1388 203 180
1389 204 183
1390 209 174
1391 213 184
1392 207 176
1393 217 170
1394 215 175
1395 205 177
1396 211 170
1397 206 170
1398 208 169
1399 208 171
1400 206 169
1401 210 184
1402 213 179
1403 38 157
1404 44 159
1405 42 163
1406 32 152
1407 45 158
1408 30 158
1409 46 168
1410 36 168
1411 41 167
1412 31 154
1413 38 157
1414 43 160
1415 39 157
1416 46 162
1417 34 165
1418 29 162
1419 29 168
1420 36 162
1421 44 162
1422 44 161
1423 35 166
1424 38 160
1425 32 161
1426 29 159
1427 45 159
1428 42 161
1429 42 151
1430 45 158
1431 39 168
1432 42 163
1433 158 21
1434 162 24
1435 165 26
1436 160 27
1437 163 20
1438 152 23
1439 157 21
1440 164 27
1441 163 22
1442 152 20
1443 162 15
1444 161 13
1445 159 25
1446 160 20
1447 165 19
1448 164 26
1449 166 17
1450 154 21
1451 163 12
1452 151 12
1453 164 18
1454 166 17
1455 158 23
1456 155 27
1457 161 16
1458 160 20
1459 151 18
1460 159 28
1461 153 22
1462 161 24
1463 61 47
1464 59 58
1465 51 49
1466 59 58
1467 49 55
1468 55 54
1469 58 53
1470 51 55
1471 58 53
1472 47 53
1473 50 53
1474 54 48
1475 53 47
1476 53 48
1477 48 58
1478 61 59
1479 50 61
1480 55 52
1481 50 47
1482 54 58
1483 62 60
1484 246 232
1485 252 219
1486 239 233
1487 245 235
1488 246 232
1489 243 230
1490 237 218
1491 243 236
1492 241 231
1493 241 236
1494 242 225
1495 244 219
1496 253 231
1497 247 230
1498 245 229
1499 253 234
1500 253 229
1501 250 224
1502 250 220
1503 251 221
1504 246 231
1505 237 221
1506 246 231
1507 248 234
1508 249 220
1509 252 225
1510 237 227
1511 248 219
1512 250 231
1513 253 235
1514 14 222
1515 18 236
1516 22 234
1517 14 224
1518 13 226
1519 28 226
1520 22 220
1521 21 224
1522 22 219
1523 13 220
1524 26 235
1525 22 223
1526 22 236
1527 13 235
1528 19 232
1529 21 236
1530 15 235
1531 17 236
1532 15 218
1533 26 224
1534 18 231
1535 16 227
1536 15 230
1537 13 226
1538 23 229
1539 12 230
1540 26 223
1541 25 235
1542 18 231
1543 26 223
1544 36 254
1545 35 252
1546 45 242
1547 30 251
1548 44 238
1549 29 237
1550 44 239
1551 42 249
1552 43 237
1553 29 252
1554 39 237
1555 42 246
1556 42 244
1557 34 254
1558 29 249
1559 30 248
1560 39 249
1561 33 246
1562 40 247
1563 42 237
1564 36 247
1565 44 240
1566 33 245
1567 42 249
1568 29 242
1569 34 249
1570 33 248
1571 36 237
1572 39 244
1573 41 253
1574 130 175
1575 123 171
1576 121 181
1577 117 170
1578 121 172
1579 120 173
1580 132 179
1581 128 180
1582 117 178
1583 121 184
1584 131 177
1585 123 177
1586 126 179
1587 122 181
1588 132 185
1589 125 183
1590 130 175
1591 126 176
1592 117 176
1593 132 174
1594 132 173
1595 129 175
1596 118 171
1597 119 183
1598 121 180
1599 128 177
1600 131 176
1601 127 182
1602 123 183
1603 118 185
1604 155 70
1605 154 66
1606 162 65
1607 154 64
1608 159 79
1609 155 68
1610 157 70
1611 154 74
1612 151 73
1613 152 66
1614 166 73
1615 162 68
1616 153 66
1617 161 71
1618 167 80
1619 160 74
1620 158 67
1621 156 71
1622 154 80
1623 164 75
1624 154 81
1625 157 78
1626 163 66
1627 157 81
1628 168 72
1629 162 72
1630 166 63
1631 156 70
1632 168 81
1633 161 70
1634 93 80
1635 95 80
1636 93 79
1637 86 65
1638 99 68
1639 82 72
1640 92 63
1641 92 65
1642 82 76
1643 91 78
1644 92 76
1645 84 74
1646 84 81
1647 88 81
1648 83 65
1649 82 64
1650 89 69
1651 96 69
1652 88 65
1653 82 80
1654 92 78
1655 96 75
1656 85 77
1657 96 68
1658 100 65
1659 84 74
1660 85 69
1661 88 67
1662 85 76
1663 90 74
1664 199 120
1665 198 117
1666 195 118
1667 190 131
1668 193 117
1669 191 123
1670 192 132
1671 199 123
1672 198 123
1673 187 124
1674 198 126
1675 196 118
1676 198 123
1677 188 121
1678 191 126
1679 196 128
1680 198 117
1681 193 121
1682 195 125
1683 197 118
1684 194 117
1685 187 124
1686 201 131
1687 195 118
1688 188 120
1689 190 122
1690 200 122
1691 189 128
1692 197 131
1693 192 122
1694 139 112
1695 134 110
1696 140 107
1697 148 115
1698 141 103
1699 140 113
1700 137 104
1701 134 103
1702 146 101
1703 141 104
1704 144 109
1705 140 111
1706 136 112
1707 140 116
1708 144 104
1709 149 103
1710 149 105
1711 140 113
1712 133 107
1713 150 102
1714 143 111
1715 137 115
1716 147 105
1717 148 109
1718 138 114
1719 146 116
1720 150 112
1721 134 114
1722 135 102
1723 135 109
1724 44 154
1725 39 155
1726 45 165
1727 36 165
1728 42 151
1729 29 152
1730 40 159
1731 31 160
1732 33 162
1733 39 167
1734 35 166
1735 32 158
1736 46 162
1737 46 152
1738 36 156
1739 37 155
1740 30 162
1741 37 151
1742 32 164
1743 45 167
1744 45 158
1745 34 159
1746 31 160
1747 37 158
1748 43 151
1749 39 159
1750 32 165
1751 38 158
1752 42 168
1753 40 154
1754 56 245
1755 62 245
1756 60 240
1757 56 249
1758 47 249
1759 49 238
1760 55 244
1761 59 244
1762 61 239
1763 49 240
1764 49 246
1765 62 247
1766 61 238
1767 57 252
1768 51 252
1769 56 248
1770 59 247
1771 55 245
1772 57 254
1773 57 249
1774 51 238
1775 57 252
1776 51 247
1777 58 243
1778 54 251
1779 56 253
1780 56 251
1781 62 251
1782 49 249
1783 58 240
1784 202 179
1785 215 170
1786 205 186
1787 211 180
1788 210 176
1789 202 176
1790 207 169
1791 209 183
1792 205 181
1793 206 174
1794 204 177
1795 202 178
1796 214 170
1797 209 171
1798 208 175
1799 209 179
1800 216 169
1801 209 170
1802 213 180
1803 203 180
1804 205 180
1805 216 172
1806 212 175
1807 211 174
1808 216 181
1809 208 172
1810 208 174
1811 202 178
1812 211 185
1813 216 173
1814 165 41
1815 152 33
1816 156 38
1817 166 46
1818 162 42
1819 165 31
1820 166 37
1821 153 34
1822 163 38
1823 151 41
1824 165 30
1825 164 37
1826 160 30
1827 154 41
1828 153 44
1829 153 37
1830 159 45
1831 154 46
1832 168 40
1833 151 45
1834 166 29
1835 162 32
1836 161 38
1837 159 33
1838 168 41
1839 152 35
1840 164 33
1841 152 29
1842 167 46
1843 161 32
1844 122 117
1845 131 130
1846 130 125
1847 117 119
1848 119 121
1849 131 127
1850 126 124
1851 118 120
1852 117 119
1853 128 132
1854 128 127
1855 130 119
1856 124 127
1857 129 130
1858 123 130
1859 130 120
1860 119 120
1861 123 122
1862 26 75
1863 18 79
1864 25 80
1865 23 69
1866 28 77
1867 15 73
1868 22 72
1869 24 80
1870 13 72
1871 16 66
1872 22 70
1873 12 74
1874 27 70
1875 13 70
1876 20 63
1877 22 68
1878 16 68
1879 14 77
1880 20 64
1881 28 81
1882 20 77
1883 19 81
1884 18 64
1885 13 76
1886 13 69
1887 18 67
1888 15 75
1889 23 79
1890 16 68
1891 23 64
1892 73 204
1893 66 212
1894 80 210
1895 69 206
1896 79 207
1897 80 205
1898 75 210
1899 64 207
1900 67 208
1901 68 205
1902 76 210
1903 68 206
1904 70 204
1905 79 205
1906 72 211
1907 79 203
1908 74 206
1909 66 217
1910 73 212
1911 68 209
1912 68 211
1913 75 204
1914 72 216
1915 65 208
1916 78 213
1917 69 210
1918 74 214
1919 79 202
1920 80 210
1921 81 204
1922 34 51
1923 36 51
1924 44 48
1925 41 52
1926 43 53
1927 37 48
1928 42 61
1929 38 58
1930 36 54
1931 45 48
1932 41 49
1933 35 59
1934 33 55
1935 39 57
1936 33 49
1937 46 58
1938 46 60
1939 34 48
1940 38 56
1941 38 62
1942 41 53
1943 41 57
1944 29 58
1945 45 53
1946 41 49
1947 46 51
1948 41 50
1949 41 52
1950 34 53
1951 32 48
1952 1 159
1953 6 154
1954 5 163
1955 11 164
1956 2 153
1957 6 165
1958 7 160
1959 2 159
1960 9 162
1961 8 166
1962 8 151
1963 1 153
1964 3 155
1965 6 166
1966 8 155
1967 8 152
1968 11 159
1969 8 157
1970 1 159
1971 1 167
1972 0 164
1973 3 165
1974 8 156
1975 7 162
1976 4 158
1977 4 152
1978 5 164
1979 1 163
1980 7 165
1981 6 161
1982 92 105
1983 99 110
1984 96 112
1985 85 114
1986 99 108
1987 98 109
1988 95 113
1989 83 106
1990 83 102
1991 98 109
1992 100 113
1993 93 116
1994 97 109
1995 96 109
1996 93 116
1997 99 109
1998 82 101
1999 84 107
2000 99 101
2001 85 108
2002 90 109
2003 99 111
2004 85 104
2005 84 108
2006 91 113
2007 98 114
2008 88 104
2009 83 109
2010 91 112
2011 86 104
2012 157 14
2013 164 20
2014 165 25
2015 165 15
2016 153 27
2017 162 20
2018 166 15
2019 161 19
2020 160 24
2021 167 22
2022 162 27
2023 156 15
2024 153 19
2025 168 22
2026 166 17
2027 155 24
2028 163 15
2029 156 27
2030 155 26
2031 160 23
2032 157 24
2033 158 25
2034 156 24
2035 160 21
2036 155 18
2037 164 13
2038 158 25
2039 160 21
2040 160 17
2041 166 16
2042 204 32
2043 203 40
2044 202 31
2045 215 29
2046 205 29
2047 213 34
2048 210 40
2049 217 46
2050 203 42
2051 216 40
2052 202 29
2053 206 31
2054 203 41
2055 211 33
2056 205 45
2057 202 30
2058 215 46
2059 212 33
2060 210 46
2061 209 37
2062 215 33
2063 208 45
2064 208 41
2065 205 38
2066 205 46
2067 208 42
2068 206 42
2069 204 30
2070 205 45
2071 210 46
2072 234 36
2073 233 45
2074 224 45
2075 230 35
2076 226 39
2077 219 45
2078 229 37
2079 228 46
2080 221 42
2081 221 42
2082 234 43
2083 223 32
2084 221 46
2085 225 41
2086 227 32
2087 221 37
2088 226 40
2089 219 41
2090 229 42
2091 234 37
2092 224 44
2093 234 36
2094 229 39
2095 229 30
2096 220 45
2097 219 40
2098 236 38
2099 232 35
2100 230 35
2101 218 40
2102 253 235
2103 244 222
2104 241 222
2105 238 227
2106 251 227
2107 253 231
2108 247 231
2109 245 218
2110 251 220
2111 250 233
2112 237 224
2113 242 234
2114 245 234
2115 244 230
2116 245 228
2117 238 236
2118 252 218
2119 241 220
2120 252 221
2121 247 221
2122 245 228
2123 253 229
2124 248 219
2125 251 235
2126 247 224
2127 244 232
2128 242 231
2129 253 220
2130 238 226
2131 244 232
2132 224 110
2133 218 101
2134 228 107
2135 220 104
2136 236 112
2137 227 106
2138 222 113
2139 233 110
2140 230 115
2141 232 109
2142 233 103
2143 231 114
2144 226 111
2145 232 112
2146 229 105
2147 225 109
2148 231 106
2149 236 115
2150 221 116
2151 235 115
2152 230 105
2153 224 111
2154 227 102
2155 222 108
2156 232 113
2157 218 105
2158 223 107
2159 225 103
2160 231 113
2161 233 107
2162 180 131
2163 184 122
2164 179 126
2165 175 130
2166 182 128
2167 175 132
2168 181 118
2169 170 125
2170 183 125
2171 175 121
2172 170 129
2173 176 118
2174 178 127
2175 184 128
2176 180 126
2177 172 118
2178 179 118
2179 176 126
2180 186 131
2181 185 122
2182 184 120
2183 186 127
2184 181 124
2185 173 125
2186 177 117
2187 176 131
2188 177 127
2189 183 118
2190 181 127
2191 179 120
2192 20 227
2193 12 233
2194 17 225
2195 25 221
2196 17 222
2197 26 220
2198 22 223
2199 14 234
2200 21 227
2201 28 236
2202 19 227
2203 26 234
2204 26 232
2205 15 223
2206 18 228
2207 15 232
2208 20 225
2209 27 232
2210 18 236
2211 17 227
2212 20 231
2213 13 219
2214 17 229
2215 28 228
2216 22 221
2217 19 227
2218 25 230
2219 19 231
2220 12 226
2221 15 229
2222 211 9
2223 216 6
2224 213 1
2225 217 2
2226 203 7
2227 216 3
2228 208 11
2229 213 4
2230 205 2
2231 205 7
2232 213 9
2233 214 7
2234 211 11
2235 209 6
2236 211 7
2237 203 7
2238 207 3
2239 214 10
2240 204 4
2241 206 9
2242 206 6
2243 210 5
2244 204 4
2245 212 0
2246 214 1
2247 215 4
2248 215 10
2249 206 8
2250 211 3
2251 216 5
2252 110 143
2253 104 141
2254 103 140
2255 103 135
2256 115 147
2257 113 146
2258 105 138
2259 106 138
2260 115 133
2261 113 147
2262 113 150
2263 115 134
2264 115 143
2265 112 137
2266 108 147
2267 116 138
2268 116 135
2269 105 137
2270 107 146
2271 113 150
2272 107 143
2273 110 142
2274 110 137
2275 112 145
2276 105 146
2277 116 144
2278 108 133
2279 104 145
2280 114 142
2281 101 143
2282 2 239
2283 11 244
2284 10 245
2285 2 252
2286 7 244
2287 2 238
2288 7 243
2289 6 243
2290 5 252
2291 6 253
2292 3 242
2293 3 240
2294 2 238
2295 2 249
2296 5 245
2297 8 249
2298 11 254
2299 8 250
2300 6 239
2301 5 245
2302 1 251
2303 8 254
2304 4 243
2305 11 250
2306 6 244
2307 4 252
2308 8 246
2309 2 249
2310 195 75
2311 197 74
2312 197 81
2313 194 75
2314 199 80
2315 194 66
2316 196 67
2317 195 80
2318 191 69
2319 200 64
2320 200 69
2321 190 63
2322 192 69
2323 201 63
2324 198 81
2325 196 77
2326 199 69
2327 191 73
2328 187 69
2329 191 77
2330 196 70
2331 198 75
2332 192 66
2333 194 78
2334 189 65
2335 195 77
2336 195 71
2337 193 65
2338 188 67
2339 199 64
2340 173 185
2341 182 173
2342 177 173
2343 174 172
2344 172 178
2345 176 169
2346 177 173
2347 179 173
2348 183 179
2349 183 176
2350 184 174
2351 183 184
2352 183 184
2353 173 182
2354 183 186
2355 175 181
2356 173 185
2357 181 176
2358 183 175
2359 27 25
2360 20 22
2361 17 19
2362 16 27
2363 20 19
2364 20 17
2365 24 27
2366 19 21
2367 24 25
2368 27 25
2369 22 17
2370 25 27
2371 27 23
2372 14 24
2373 15 19
2374 23 17
2375 17 28
2376 15 26
2377 23 25
2378 14 19
2379 24 27
2380 82 123
2381 84 124
2382 85 129
2383 92 131
2384 85 120
2385 97 123
2386 98 131
2387 98 131
2388 87 125
2389 82 129
2390 87 124
2391 85 131
2392 88 121
2393 86 125
2394 93 132
2395 83 120
2396 91 117
2397 97 126
2398 82 119
2399 83 117
2400 87 130
2401 94 125
2402 95 128
2403 100 131
2404 96 121
2405 86 126
2406 95 120
2407 95 127
2408 98 123
2409 91 123
2410 45 106
2411 29 109
2412 32 114
2413 36 115
2414 32 115
2415 32 116
2416 33 111
2417 29 112
2418 40 102
2419 42 112
2420 42 110
2421 29 105
2422 44 113
2423 29 105
2424 32 103
2425 29 114
2426 41 102
2427 35 105
2428 34 108
2429 40 105
2430 44 108
2431 32 102
2432 32 101
2433 34 102
2434 30 113
2435 32 114
2436 43 111
2437 43 107
2438 32 104
2439 44 105
2440 172 230
2441 169 219
2442 180 230
2443 171 226
2444 183 228
2445 183 219
2446 182 230
2447 177 231
2448 175 222
2449 179 225
2450 175 225
2451 185 223
2452 175 235
2453 170 220
2454 177 220
2455 180 226
2456 174 232
2457 181 226
2458 176 228
2459 175 236
2460 186 229
2461 169 223
2462 177 227
2463 185 218
2464 174 222
2465 174 226
2466 176 231
2467 184 232
2468 170 222
2469 176 230
2470 200 149
2471 193 133
2472 190 141
2473 196 145
2474 200 137
2475 196 146
2476 201 144
2477 200 136
2478 195 147
2479 191 146
2480 192 145
2481 190 149
2482 194 146
2483 187 142
2484 190 150
2485 201 144
2486 199 141
2487 189 134
2488 191 135
2489 188 137
2490 201 136
2491 199 136
2492 190 140
2493 191 150
2494 201 140
2495 196 140
2496 196 149
2497 198 150
2498 201 149
2499 196 149
2500 61 155
2501 53 160
2502 62 161
2503 59 165
2504 52 162
2505 49 153
2506 55 165
2507 52 163
2508 58 157
2509 61 162
2510 50 156
2511 54 155
2512 53 168
2513 49 154
2514 53 152
2515 58 154
2516 56 157
2517 60 167
2518 62 160
2519 62 153
2520 54 154
2521 49 163
2522 51 157
2523 62 156
2524 62 153
2525 50 151
2526 56 155
2527 52 151
2528 47 151
2529 55 155
2530 70 195
2531 75 194
2532 73 196
2533 68 187
2534 76 201
2535 81 196
2536 79 199
2537 65 188
2538 79 188
2539 64 199
2540 64 194
2541 72 188
2542 67 193
2543 74 187
2544 81 194
2545 66 196
2546 67 187
2547 79 195
2548 77 191
2549 75 194
2550 69 193
2551 74 192
2552 71 191
2553 68 194
2554 65 196
2555 81 199
2556 77 196
2557 72 195
2558 74 201
2559 80 199
2560 214 183
2561 205 176
2562 205 173
2563 214 172
2564 210 177
2565 216 174
2566 204 181
2567 211 176
2568 202 169
2569 213 173
2570 205 185
2571 214 173
2572 207 183
2573 209 174
2574 209 175
2575 207 178
2576 202 172
2577 215 169
2578 205 176
2579 203 181
2580 212 180
2581 206 186
2582 205 172
2583 208 170
2584 208 169
2585 217 184
2586 207 179
2587 216 183
2588 212 180
2589 208 171
2590 161 20
2591 157 15
2592 166 20
2593 152 13
2594 161 23
2595 168 13
2596 158 27
2597 152 24
2598 160 28
2599 160 27
2600 161 15
2601 166 17
2602 156 21
2603 166 26
2604 155 24
2605 161 12
2606 155 13
2607 164 26
2608 154 25
2609 162 22
2610 162 12
2611 165 28
2612 156 14
2613 151 23
2614 160 21
2615 157 20
2616 166 20
2617 151 12
2618 151 16
2619 159 19
2620 53 113
2621 51 107
2622 60 111
2623 52 116
2624 57 113
2625 51 107
2626 51 113
2627 55 107
2628 52 107
2629 55 111
2630 52 113
2631 47 101
2632 55 110
2633 53 109
2634 51 106
2635 61 105
2636 62 115
2637 48 101
2638 61 102
2639 60 102
2640 50 103
2641 61 105
2642 53 116
2643 60 116
2644 51 109
2645 56 108
2646 57 102
2647 48 110
2648 52 103
2649 50 106
2650 118 18
2651 117 23
2652 123 27
2653 125 18
2654 123 16
2655 122 21
2656 123 24
2657 132 19
2658 119 17
2659 131 14
2660 126 20
2661 127 16
2662 117 26
2663 128 24
2664 132 17
2665 123 17
2666 129 20
2667 118 18
2668 124 27
2669 117 27
2670 128 21
2671 125 24
2672 130 14
2673 130 19
2674 125 16
2675 117 23
2676 125 23
2677 128 26
2678 127 17
2679 117 28
2680 163 155
2681 152 157
2682 167 160
2683 162 167
2684 157 152
2685 168 164
2686 154 168
2687 160 152
2688 159 158
2689 161 152
2690 155 160
2691 153 158
2692 157 158
2693 167 153
2694 160 163
2695 157 152
2696 165 153
2697 166 160
2698 214 228
2699 210 219
2700 209 236
2701 211 228
2702 217 231
2703 214 233
2704 202 232
2705 208 230
2706 208 221
2707 206 223
2708 216 232
2709 213 232
2710 203 227
2711 204 232
2712 217 218
2713 205 223
2714 212 231
2715 210 229
2716 205 226
2717 203 222
2718 209 234
2719 212 232
2720 203 234
2721 217 225
2722 212 232
2723 207 234
2724 212 235
2725 215 228
2726 205 235
2727 210 224
2728 254 224
2729 242 228
2730 249 221
2731 248 232
2732 254 219
2733 241 223
2734 252 227
2735 253 230
2736 254 234
2737 247 235
2738 248 230
2739 247 231
2740 245 227
2741 241 233
2742 239 230
2743 245 231
2744 243 221
2745 239 219
2746 249 230
2747 251 224
2748 250 224
2749 241 232
2750 249 231
2751 250 228
2752 245 235
2753 247 223
2754 244 223
2755 252 219
2756 237 227
2757 245 230
2758 127 115
2759 122 103
2760 124 114
2761 132 106
2762 122 106
2763 122 106
2764 122 105
2765 119 104
2766 122 113
2767 118 107
2768 128 101
2769 124 106
2770 121 110
2771 126 110
2772 130 102
2773 123 110
2774 130 110
2775 118 111
2776 130 106
2777 125 110
2778 131 111
2779 121 107
2780 117 102
2781 126 105
2782 132 116
2783 122 107
2784 132 116
2785 122 113
2786 127 106
2787 117 106
2788 205 132
2789 212 126
2790 213 128
2791 206 132
2792 205 117
2793 208 129
2794 213 129
2795 203 131
2796 214 126
2797 215 130
2798 208 126
2799 215 121
2800 211 123
2801 213 130
2802 211 120
2803 207 121
2804 202 124
2805 217 118
2806 203 120
2807 207 126
2808 213 121
2809 209 125
2810 206 117
2811 210 125
2812 215 120
2813 215 119
2814 217 129
2815 216 130
2816 208 121
2817 208 129
2818 152 118
2819 153 121
2820 158 127
2821 156 120
2822 152 123
2823 153 127
2824 163 127
2825 165 119
2826 164 118
2827 160 126
2828 156 131
2829 159 121
2830 160 130
2831 158 132
2832 155 121
2833 167 126
2834 163 125
2835 162 122
2836 163 120
2837 160 118
2838 151 129
2839 156 121
2840 162 130
2841 154 127
2842 167 120
2843 160 129
2844 157 123
2845 165 117
2846 168 117
2847 152 127
2848 51 224
2849 56 230
2850 50 225
2851 55 224
2852 54 219
2853 59 229
2854 51 221
2855 53 234
2856 54 232
2857 50 227
2858 47 226
2859 47 227
2860 48 218
2861 51 227
2862 62 223
2863 51 231
2864 57 220
2865 48 236
2866 59 218
2867 62 221
2868 48 218
2869 55 230
2870 56 221
2871 51 227
2872 59 225
2873 53 235
2874 62 222
2875 49 221
2876 49 235
2877 55 227
