273 302 10 2899
0 7
1 10
2 8
3 6
4 11
5 15
6 9
7 9
8 7
9 10
10 6
11 11
12 4
13 5
14 3
15 5
16 3
17 5
18 4
19 4
20 3
21 3
22 3
23 3
24 3
25 3
26 3
27 3
28 3
29 3
30 3
31 4
32 3
33 3
34 3
35 3
36 3
37 5
38 3
39 3
40 3
41 5
42 4
43 4
44 3
45 3
46 3
47 3
48 4
49 5
50 5
51 3
52 3
53 3
54 3
55 3
56 5
57 3
58 3
59 3
60 3
61 5
62 4
63 3
64 3
65 3
66 4
67 3
68 5
69 5
70 4
71 3
72 3
73 3
74 3
75 3
76 3
77 3
78 3
79 5
80 3
81 3
82 3
83 3
84 5
85 5
86 3
87 3
88 3
89 7
90 4
91 3
92 4
93 3
94 3
95 3
96 3
97 3
98 3
99 3
100 5
101 4
102 3
103 4
104 3
105 4
106 3
107 3
108 4
109 3
110 6
111 3
112 3
113 5
114 3
115 3
116 5
117 4
118 3
119 3
120 3
121 5
122 5
123 3
124 3
125 3
126 3
127 3
128 3
129 3
130 3
131 4
132 6
133 3
134 4
135 4
136 5
137 3
138 3
139 3
140 3
141 3
142 3
143 3
144 3
145 3
146 4
147 3
148 4
149 4
150 3
151 3
152 3
153 3
154 5
155 3
156 3
157 3
158 3
159 3
160 3
161 3
162 3
163 3
164 4
165 3
166 5
167 4
168 5
169 5
170 3
171 5
172 3
173 3
174 5
175 3
176 3
177 3
178 3
179 3
180 3
181 5
182 5
183 3
184 4
185 4
186 3
187 5
188 3
189 3
190 3
191 3
192 3
193 5
194 4
195 3
196 4
197 3
198 3
199 3
200 3
201 3
202 3
203 6
204 3
205 3
206 4
207 3
208 3
209 3
210 6
211 3
212 3
213 4
214 3
215 4
216 3
217 3
218 4
219 4
220 3
221 3
222 4
223 3
224 5
225 3
226 3
227 4
228 4
229 3
230 3
231 3
232 3
233 3
234 5
235 4
236 3
237 3
238 4
239 3
240 3
241 5
242 3
243 3
244 4
245 3
246 3
247 4
248 3
249 3
250 3
251 3
252 5
253 4
254 3
255 3
256 3
257 3
258 4
259 3
260 3
261 3
262 3
263 5
264 3
265 4
266 5
267 3
268 3
269 3
270 3
271 3
272 4
0 0 4
1 0 5
2 0 6
3 0 7
4 0 9
5 0 11
6 0 97
7 1 2
8 1 3
9 1 4
10 1 5
11 1 6
12 1 8
13 1 11
14 1 12
15 2 3
16 2 4
17 2 5
18 2 8
19 2 9
20 2 10
21 2 11
22 3 5
23 3 9
24 3 11
25 3 218
26 4 5
27 4 6
28 4 8
29 4 11
30 4 32
31 4 64
32 5 6
33 5 7
34 5 8
35 5 9
36 5 11
37 5 79
38 5 150
39 5 203
40 5 257
41 6 7
42 6 9
43 6 11
44 6 131
45 7 8
46 7 9
47 7 49
48 7 169
49 7 238
50 8 9
51 8 10
52 9 10
53 9 11
54 10 184
55 11 116
56 12 31
57 13 23
58 13 17
59 13 22
60 14 23
61 15 27
62 15 29
63 15 18
64 15 31
65 16 28
66 17 21
67 17 28
68 18 22
69 18 30
70 19 25
71 19 29
72 20 26
73 24 25
74 25 26
75 32 37
76 33 36
77 34 38
78 34 44
79 34 46
80 35 36
81 35 41
82 36 39
83 37 47
84 37 48
85 40 46
86 41 46
87 41 42
88 42 43
89 43 47
90 45 48
91 49 59
92 49 55
93 50 51
94 50 58
95 50 61
96 51 52
97 51 54
98 53 56
99 55 63
100 56 61
101 56 63
102 57 62
103 58 62
104 60 61
105 64 66
106 65 68
107 65 76
108 66 69
109 67 70
110 68 75
111 68 77
112 69 72
113 69 71
114 70 73
115 70 78
116 71 74
117 74 78
118 76 78
119 79 81
120 79 84
121 79 96
122 80 89
123 82 95
124 82 89
125 83 85
126 83 84
127 84 87
128 84 92
129 85 86
130 85 94
131 88 96
132 89 91
133 89 93
134 89 90
135 90 92
136 97 113
137 97 110
138 98 114
139 98 108
140 99 113
141 100 111
142 100 108
143 100 113
144 101 105
145 101 115
146 102 109
147 103 112
148 103 110
149 104 110
150 104 105
151 106 107
152 107 110
153 109 112
154 116 125
155 116 123
156 117 122
157 117 121
158 117 118
159 118 130
160 119 122
161 120 125
162 121 123
163 121 128
164 121 129
165 122 127
166 124 126
167 124 125
168 131 148
169 132 140
170 132 143
171 132 148
172 132 134
173 133 139
174 134 136
175 135 137
176 135 147
177 135 138
178 136 145
179 136 142
180 138 146
181 139 146
182 141 144
183 142 149
184 144 147
185 146 149
186 150 164
187 150 155
188 151 154
189 152 158
190 152 154
191 152 163
192 153 168
193 154 160
194 155 167
195 156 164
196 157 162
197 158 159
198 160 162
199 161 166
200 163 168
201 164 166
202 165 166
203 167 168
204 169 170
205 169 172
206 171 173
207 171 175
208 171 174
209 172 174
210 174 180
211 176 182
212 176 183
213 177 183
214 178 181
215 179 181
216 180 182
217 181 182
218 184 187
219 185 197
220 185 199
221 185 192
222 186 201
223 186 202
224 187 194
225 187 197
226 188 202
227 189 196
228 190 194
229 191 200
230 191 193
231 192 193
232 193 202
233 195 200
234 196 197
235 198 200
236 203 207
237 203 213
238 203 210
239 204 213
240 205 206
241 205 214
242 206 209
243 208 216
244 208 210
245 210 211
246 210 215
247 210 217
248 212 213
249 214 215
250 218 230
251 218 224
252 219 229
253 219 231
254 219 222
255 220 224
256 221 228
257 222 223
258 223 227
259 224 234
260 225 226
261 225 228
262 227 233
263 228 231
264 232 235
265 232 237
266 233 235
267 234 236
268 234 235
269 238 251
270 238 256
271 239 243
272 239 252
273 239 242
274 240 247
275 241 245
276 241 247
277 241 255
278 241 246
279 242 253
280 244 250
281 244 253
282 246 252
283 247 249
284 248 255
285 252 254
286 253 256
287 257 265
288 258 264
289 258 272
290 259 263
291 260 272
292 261 263
293 261 264
294 262 271
295 263 269
296 263 266
297 263 271
298 265 270
299 266 268
300 266 270
301 267 268
0 195 230
1 202 227
2 185 234
3 193 226
4 185 235
5 196 237
6 187 229
7 195 229
8 195 231
9 185 220
10 195 221
11 195 219
12 201 218
13 186 226
14 186 231
15 189 228
16 190 233
17 194 231
18 198 236
19 198 233
20 200 218
21 202 228
22 188 237
23 199 219
24 188 234
25 186 237
26 195 231
27 196 223
28 193 225
29 201 228
30 238 117
31 256 120
32 244 122
33 250 128
34 254 130
35 246 130
36 243 121
37 244 122
38 246 120
39 249 128
40 239 130
41 242 127
42 251 118
43 249 117
44 245 119
45 243 129
46 244 116
47 242 119
48 256 127
49 247 129
50 247 117
51 241 116
52 249 125
53 247 120
54 249 130
55 246 129
56 239 118
57 251 130
58 247 130
59 250 124
60 204 127
61 203 116
62 203 126
63 208 117
64 216 117
65 211 130
66 213 121
67 213 127
68 204 120
69 211 130
70 204 129
71 206 119
72 205 120
73 213 129
74 216 126
75 203 123
76 210 121
77 209 116
78 205 125
79 215 124
80 212 125
81 206 125
82 205 127
83 207 119
84 216 120
85 214 120
86 211 121
87 207 129
88 215 124
89 217 119
90 101 14
91 108 24
92 98 14
93 101 26
94 109 20
95 109 24
96 109 29
97 113 22
98 104 30
99 100 28
100 113 19
101 97 29
102 115 23
103 107 23
104 113 30
105 113 21
106 111 16
107 106 27
108 106 31
109 102 22
110 110 15
111 101 22
112 113 21
113 110 25
114 110 15
115 100 21
116 104 30
117 108 19
118 100 16
119 114 14
120 69 213
121 73 203
122 68 213
123 73 212
124 75 206
125 69 206
126 65 210
127 69 215
128 67 203
129 73 215
130 70 215
131 71 215
132 74 215
133 69 203
134 66 204
135 72 214
136 64 210
137 77 206
138 72 206
139 65 212
140 75 209
141 69 210
142 77 213
143 72 217
144 64 212
145 68 214
146 65 217
147 66 210
148 66 203
149 74 215
150 212 163
151 207 160
152 206 152
153 208 151
154 214 165
155 205 166
156 216 155
157 217 156
158 209 167
159 207 150
160 213 162
161 209 159
162 203 158
163 206 153
164 205 155
165 204 150
166 216 167
167 203 157
168 216 155
169 213 153
170 212 158
171 207 155
172 207 166
173 205 156
174 214 154
175 207 151
176 210 159
177 210 151
178 208 150
179 214 151
180 185 235
181 188 235
182 193 220
183 196 221
184 196 232
185 184 226
186 198 220
187 191 221
188 193 222
189 195 228
190 191 232
191 192 224
192 195 236
193 201 227
194 193 228
195 189 223
196 187 228
197 200 233
198 194 231
199 192 221
200 189 226
201 186 222
202 186 232
203 198 220
204 186 225
205 193 230
206 200 237
207 195 236
208 190 233
209 186 219
210 9 185
211 7 186
212 4 188
213 6 202
214 6 189
215 8 189
216 4 201
217 3 192
218 4 198
219 4 202
220 11 201
221 5 197
222 5 194
223 0 197
224 11 198
225 4 192
226 6 200
227 3 196
228 2 189
229 4 187
230 5 188
231 3 194
232 8 200
233 4 186
234 3 202
235 5 197
236 10 202
237 4 200
238 6 199
239 172 149
240 170 148
241 181 137
242 175 146
243 176 134
244 182 134
245 176 140
246 175 140
247 177 135
248 172 149
249 179 132
250 173 147
251 177 139
252 178 147
253 171 149
254 169 136
255 181 149
256 173 136
257 182 131
258 180 144
259 169 138
260 176 148
261 171 134
262 177 143
263 174 143
264 176 147
265 179 137
266 172 145
267 182 133
268 169 133
269 4 91
270 8 92
271 7 83
272 5 95
273 4 93
274 7 95
275 11 85
276 6 89
277 11 95
278 4 86
279 2 88
280 6 82
281 0 93
282 2 82
283 1 86
284 1 83
285 6 87
286 7 83
287 6 82
288 1 83
289 1 89
290 2 94
291 8 84
292 7 80
293 1 95
294 9 84
295 46 148
296 41 144
297 43 146
298 37 147
299 36 138
300 47 144
301 40 146
302 45 133
303 46 140
304 35 135
305 35 149
306 34 135
307 38 132
308 39 135
309 35 131
310 35 137
311 36 137
312 36 143
313 46 131
314 36 132
315 35 145
316 46 138
317 35 134
318 35 139
319 43 140
320 47 141
321 45 139
322 38 149
323 33 140
324 37 131
325 55 265
326 57 257
327 57 265
328 58 266
329 52 265
330 60 269
331 52 271
332 60 267
333 52 258
334 50 267
335 57 269
336 61 257
337 56 262
338 53 272
339 51 258
340 51 261
341 57 271
342 55 259
343 56 271
344 53 271
345 58 257
346 56 266
347 62 269
348 60 262
349 63 260
350 51 268
351 52 259
352 56 264
353 49 266
354 62 259
355 116 196
356 116 184
357 121 188
358 128 192
359 119 187
360 130 195
361 116 192
362 125 187
363 118 185
364 123 192
365 130 193
366 128 196
367 130 185
368 118 196
369 121 195
370 121 190
371 121 186
372 128 196
373 126 193
374 123 191
375 116 196
376 122 194
377 120 197
378 116 196
379 119 196
380 125 202
381 128 184
382 119 200
383 120 198
384 128 185
385 207 58
386 213 63
387 204 58
388 204 53
389 208 61
390 217 54
391 205 62
392 215 51
393 216 54
394 207 50
395 210 61
396 206 61
397 208 50
398 216 54
399 207 57
400 210 61
401 205 49
402 209 49
403 217 49
404 213 62
405 206 57
406 206 52
407 210 62
408 209 54
409 209 59
410 212 55
411 203 55
412 206 62
413 209 50
414 205 61
415 100 56
416 100 55
417 99 58
418 114 60
419 107 55
420 101 62
421 99 51
422 111 58
423 98 53
424 109 52
425 103 58
426 98 60
427 100 50
428 107 60
429 100 54
430 104 54
431 103 53
432 112 62
433 99 60
434 101 51
435 108 63
436 100 60
437 97 62
438 114 63
439 98 60
440 109 59
441 111 63
442 101 63
443 100 58
444 113 57
445 24 106
446 24 103
447 12 102
448 15 97
449 30 99
450 17 103
451 24 109
452 15 107
453 15 107
454 21 109
455 20 102
456 31 103
457 23 111
458 29 108
459 16 115
460 17 115
461 15 115
462 18 98
463 22 108
464 28 114
465 13 103
466 31 108
467 15 98
468 31 103
469 29 97
470 16 104
471 13 104
472 20 110
473 12 106
474 17 99
475 44 232
476 37 227
477 34 225
478 46 233
479 44 233
480 38 235
481 43 221
482 43 228
483 32 234
484 38 224
485 43 237
486 43 236
487 41 221
488 32 226
489 45 229
490 45 228
491 40 230
492 46 228
493 42 236
494 33 218
495 40 226
496 43 232
497 35 235
498 36 228
499 47 234
500 35 220
501 32 233
502 33 237
503 40 222
504 36 218
505 30 3
506 24 6
507 24 10
508 18 2
509 25 11
510 19 7
511 22 3
512 26 8
513 30 3
514 20 3
515 13 3
516 29 3
517 14 3
518 23 7
519 21 8
520 27 2
521 26 3
522 22 8
523 26 9
524 12 0
525 19 9
526 21 7
527 19 11
528 16 0
529 29 4
530 18 0
531 14 9
532 21 11
533 168 271
534 159 258
535 151 257
536 155 272
537 160 270
538 150 272
539 153 265
540 157 267
541 152 264
542 163 260
543 164 263
544 166 272
545 150 267
546 159 272
547 152 270
548 152 261
549 152 263
550 166 269
551 166 257
552 163 257
553 163 264
554 167 263
555 165 263
556 150 270
557 159 263
558 158 260
559 161 266
560 168 268
561 166 271
562 150 265
563 24 172
564 13 171
565 24 180
566 28 174
567 26 180
568 18 171
569 26 181
570 20 173
571 23 169
572 21 182
573 13 171
574 21 180
575 21 180
576 27 172
577 23 169
578 14 179
579 22 177
580 17 174
581 23 176
582 30 176
583 16 172
584 29 176
585 20 178
586 16 177
587 23 179
588 16 172
589 16 179
590 27 183
591 21 174
592 24 169
593 114 129
594 115 125
595 100 119
596 102 127
597 107 125
598 108 116
599 114 124
600 111 122
601 106 116
602 99 125
603 99 129
604 103 117
605 114 123
606 112 121
607 111 116
608 104 121
609 97 117
610 104 116
611 104 125
612 107 122
613 109 130
614 107 126
615 115 125
616 101 128
617 113 129
618 99 123
619 102 117
620 108 124
621 105 120
622 112 128
623 146 32
624 132 48
625 144 37
626 144 41
627 135 35
628 138 43
629 142 43
630 134 33
631 145 32
632 149 45
633 138 45
634 140 47
635 132 38
636 137 42
637 148 44
638 132 33
639 146 46
640 137 33
641 132 34
642 142 33
643 148 41
644 137 35
645 144 35
646 139 43
647 138 46
648 142 48
649 148 39
650 141 43
651 142 42
652 145 38
653 174 50
654 176 63
655 169 56
656 181 61
657 170 51
658 172 61
659 183 51
660 176 50
661 180 60
662 180 51
663 169 61
664 170 53
665 176 60
666 175 55
667 169 63
668 173 53
669 178 59
670 170 63
671 174 55
672 170 61
673 173 60
674 169 61
675 177 58
676 179 62
677 182 49
678 172 62
679 182 59
680 175 53
681 171 63
682 173 58
683 13 60
684 23 54
685 21 62
686 20 52
687 17 63
688 27 50
689 16 53
690 31 49
691 25 57
692 18 60
693 26 58
694 26 56
695 21 49
696 15 55
697 12 56
698 22 57
699 23 54
700 18 54
701 30 54
702 24 52
703 16 54
704 31 52
705 26 56
706 14 59
707 13 54
708 12 55
709 17 52
710 21 63
711 25 49
712 14 58
713 42 11
714 45 10
715 36 9
716 44 7
717 35 4
718 38 7
719 34 0
720 38 2
721 32 3
722 34 3
723 41 2
724 43 2
725 46 6
726 32 9
727 48 4
728 41 9
729 46 9
730 43 6
731 37 9
732 35 1
733 34 7
734 40 0
735 40 9
736 33 5
737 32 3
738 46 11
739 35 0
740 46 1
741 238 141
742 253 131
743 254 135
744 252 142
745 240 143
746 244 149
747 238 132
748 253 134
749 240 146
750 253 146
751 254 139
752 238 132
753 246 136
754 240 135
755 250 139
756 243 143
757 255 139
758 256 137
759 248 146
760 252 142
761 246 134
762 240 143
763 253 131
764 255 132
765 255 135
766 246 136
767 248 138
768 239 134
769 255 134
770 253 137
771 53 112
772 56 97
773 60 104
774 54 101
775 51 110
776 49 110
777 49 97
778 57 112
779 49 103
780 55 112
781 51 102
782 52 112
783 61 112
784 62 112
785 53 103
786 50 111
787 55 111
788 51 102
789 52 102
790 62 99
791 50 112
792 55 100
793 49 102
794 55 100
795 52 98
796 58 98
797 62 106
798 54 111
799 57 107
800 54 112
801 23 0
802 16 3
803 21 4
804 22 10
805 15 5
806 13 8
807 24 8
808 24 4
809 19 6
810 22 4
811 20 3
812 24 6
813 16 9
814 29 0
815 27 7
816 15 3
817 20 4
818 15 5
819 19 7
820 31 5
821 26 6
822 21 5
823 31 8
824 12 9
825 15 7
826 19 7
827 12 0
828 29 6
829 24 7
830 31 224
831 14 236
832 15 227
833 26 232
834 27 226
835 28 222
836 26 237
837 18 229
838 30 235
839 14 219
840 24 234
841 22 219
842 26 230
843 19 236
844 21 224
845 29 232
846 29 224
847 28 218
848 15 231
849 31 221
850 23 227
851 30 224
852 15 219
853 16 225
854 16 231
855 25 229
856 20 218
857 30 234
858 12 219
859 24 219
860 54 192
861 61 191
862 55 198
863 63 201
864 56 186
865 58 195
866 63 195
867 62 184
868 63 193
869 54 197
870 61 198
871 51 199
872 52 193
873 62 185
874 62 198
875 50 195
876 57 201
877 52 200
878 53 202
879 49 198
880 51 192
881 55 199
882 54 197
883 55 196
884 53 190
885 62 185
886 51 189
887 60 192
888 56 202
889 56 193
890 67 272
891 78 258
892 70 270
893 76 261
894 71 258
895 70 261
896 64 272
897 66 262
898 75 265
899 77 262
900 75 267
901 77 260
902 77 264
903 67 258
904 68 266
905 77 267
906 76 262
907 75 259
908 67 263
909 71 261
910 75 264
911 74 263
912 72 262
913 66 258
914 74 259
915 64 259
916 64 268
917 72 270
918 78 268
919 69 263
920 215 81
921 203 84
922 214 89
923 207 96
924 204 92
925 214 81
926 211 86
927 215 93
928 215 89
929 208 93
930 207 85
931 205 89
932 215 83
933 208 82
934 211 84
935 206 89
936 212 94
937 211 80
938 206 82
939 215 82
940 206 91
941 216 92
942 204 84
943 211 86
944 215 88
945 208 82
946 203 80
947 210 88
948 204 89
949 43 182
950 48 181
951 36 183
952 45 182
953 41 169
954 35 173
955 35 180
956 46 169
957 44 179
958 38 176
959 44 171
960 33 178
961 48 172
962 34 171
963 46 169
964 38 176
965 46 175
966 44 169
967 47 173
968 44 183
969 45 177
970 46 179
971 38 174
972 42 179
973 41 175
974 48 175
975 40 181
976 44 171
977 32 180
978 34 178
979 210 114
980 209 98
981 208 102
982 216 109
983 209 103
984 210 100
985 203 109
986 216 101
987 204 113
988 211 114
989 211 113
990 207 107
991 209 100
992 213 109
993 214 110
994 204 102
995 215 102
996 206 99
997 207 100
998 204 98
999 208 102
1000 207 111
1001 209 97
1002 207 113
1003 209 98
1004 213 109
1005 204 115
1006 209 97
1007 205 113
1008 213 113
1009 51 115
1010 52 98
1011 62 105
1012 50 112
1013 52 111
1014 56 97
1015 51 97
1016 59 106
1017 54 108
1018 59 99
1019 61 111
1020 60 100
1021 60 97
1022 63 110
1023 54 101
1024 49 99
1025 58 113
1026 63 103
1027 53 106
1028 57 115
1029 49 109
1030 63 108
1031 54 101
1032 61 104
1033 59 103
1034 63 108
1035 50 99
1036 50 101
1037 60 115
1038 63 111
1039 118 245
1040 118 255
1041 123 252
1042 119 249
1043 125 244
1044 127 256
1045 119 239
1046 129 238
1047 117 249
1048 124 248
1049 118 244
1050 116 254
1051 121 244
1052 130 240
1053 122 242
1054 124 240
1055 122 250
1056 129 243
1057 119 245
1058 120 246
1059 129 242
1060 127 249
1061 127 250
1062 127 244
1063 124 241
1064 125 247
1065 122 254
1066 127 238
1067 122 255
1068 128 240
1069 123 194
1070 122 198
1071 121 189
1072 126 195
1073 127 184
1074 120 194
1075 124 189
1076 129 194
1077 120 199
1078 124 196
1079 118 197
1080 118 188
1081 116 187
1082 120 200
1083 124 199
1084 116 194
1085 128 194
1086 125 195
1087 119 190
1088 120 184
1089 129 201
1090 118 187
1091 126 186
1092 122 200
1093 121 192
1094 127 199
1095 128 192
1096 120 194
1097 126 189
1098 129 186
1099 39 46
1100 36 46
1101 36 48
1102 34 37
1103 35 48
1104 45 33
1105 47 44
1106 43 39
1107 42 34
1108 41 32
1109 42 36
1110 48 38
1111 37 36
1112 34 43
1113 34 37
1114 45 36
1115 40 43
1116 34 32
1117 48 33
1118 40 39
1119 43 45
1120 46 32
1121 45 35
1122 42 48
1123 72 94
1124 75 80
1125 72 92
1126 64 89
1127 67 87
1128 66 84
1129 68 82
1130 77 81
1131 76 85
1132 73 82
1133 71 88
1134 75 83
1135 67 91
1136 67 80
1137 71 83
1138 74 80
1139 66 84
1140 70 87
1141 72 96
1142 73 94
1143 68 79
1144 75 89
1145 68 85
1146 77 84
1147 70 80
1148 68 80
1149 69 85
1150 66 84
1151 66 96
1152 74 89
1153 205 254
1154 217 253
1155 208 247
1156 207 256
1157 211 246
1158 213 247
1159 210 250
1160 211 238
1161 211 245
1162 216 241
1163 205 245
1164 207 251
1165 216 254
1166 209 246
1167 209 249
1168 214 248
1169 214 254
1170 217 245
1171 210 249
1172 210 245
1173 217 249
1174 205 256
1175 211 245
1176 209 249
1177 204 249
1178 203 256
1179 214 238
1180 210 246
1181 208 243
1182 217 250
1183 30 240
1184 15 248
1185 30 256
1186 16 247
1187 14 243
1188 13 242
1189 21 253
1190 17 243
1191 26 245
1192 21 248
1193 24 238
1194 31 256
1195 29 242
1196 18 242
1197 24 241
1198 30 249
1199 20 238
1200 13 242
1201 27 243
1202 31 248
1203 21 255
1204 15 240
1205 26 248
1206 28 240
1207 28 250
1208 17 244
1209 15 256
1210 16 250
1211 18 252
1212 18 250
1213 93 134
1214 83 139
1215 86 135
1216 88 132
1217 88 136
1218 81 137
1219 94 141
1220 94 141
1221 83 148
1222 92 143
1223 94 148
1224 94 136
1225 88 132
1226 85 143
1227 94 149
1228 86 146
1229 92 136
1230 84 146
1231 92 139
1232 81 133
1233 90 145
1234 95 134
1235 96 149
1236 92 141
1237 88 132
1238 81 133
1239 84 142
1240 79 134
1241 89 134
1242 87 144
1243 38 222
1244 35 237
1245 43 230
1246 35 227
1247 32 220
1248 42 230
1249 44 223
1250 45 228
1251 47 225
1252 44 229
1253 36 235
1254 36 235
1255 41 218
1256 36 231
1257 48 230
1258 39 221
1259 38 230
1260 35 219
1261 37 231
1262 46 223
1263 45 231
1264 34 233
1265 42 221
1266 42 218
1267 35 232
1268 34 233
1269 39 227
1270 33 231
1271 47 221
1272 47 229
1273 74 33
1274 77 35
1275 77 35
1276 72 35
1277 75 44
1278 72 46
1279 66 38
1280 72 45
1281 77 32
1282 65 32
1283 76 41
1284 71 34
1285 77 48
1286 75 38
1287 68 40
1288 77 34
1289 77 47
1290 73 35
1291 78 41
1292 77 43
1293 64 35
1294 69 38
1295 76 36
1296 67 46
1297 77 38
1298 67 47
1299 69 34
1300 65 42
1301 64 37
1302 73 34
1303 221 45
1304 229 45
1305 228 46
1306 225 43
1307 230 34
1308 226 48
1309 222 48
1310 225 44
1311 224 34
1312 226 47
1313 232 40
1314 230 38
1315 227 44
1316 222 44
1317 228 33
1318 230 44
1319 224 34
1320 229 42
1321 226 48
1322 222 44
1323 219 35
1324 234 48
1325 232 36
1326 237 42
1327 230 36
1328 229 45
1329 219 35
1330 226 36
1331 232 44
1332 218 46
1333 234 198
1334 222 186
1335 235 198
1336 231 191
1337 235 197
1338 224 191
1339 236 196
1340 231 195
1341 227 194
1342 219 189
1343 219 192
1344 227 191
1345 235 202
1346 225 193
1347 227 197
1348 226 199
1349 228 195
1350 218 196
1351 231 195
1352 224 185
1353 234 187
1354 231 190
1355 235 197
1356 226 189
1357 230 187
1358 229 198
1359 218 196
1360 235 198
1361 224 186
1362 232 189
1363 79 123
1364 89 124
1365 89 116
1366 86 127
1367 81 118
1368 79 118
1369 95 122
1370 91 121
1371 96 126
1372 85 128
1373 89 118
1374 86 121
1375 91 118
1376 80 124
1377 80 128
1378 90 119
1379 88 120
1380 90 125
1381 90 129
1382 87 127
1383 88 124
1384 90 120
1385 82 116
1386 96 123
1387 86 127
1388 81 116
1389 90 116
1390 85 130
1391 80 122
1392 94 121
1393 106 92
1394 104 79
1395 114 92
1396 114 83
1397 115 88
1398 112 79
1399 99 93
1400 108 80
1401 101 87
1402 104 93
1403 104 79
1404 110 91
1405 104 94
1406 106 84
1407 114 93
1408 106 80
1409 111 81
1410 100 80
1411 105 95
1412 113 83
1413 98 88
1414 104 81
1415 101 81
1416 108 82
1417 110 85
1418 110 80
1419 107 81
1420 113 94
1421 100 96
1422 113 92
1423 17 180
1424 14 174
1425 20 181
1426 20 173
1427 22 172
1428 31 179
1429 21 174
1430 21 176
1431 21 174
1432 25 180
1433 21 175
1434 15 174
1435 24 183
1436 20 174
1437 28 170
1438 21 173
1439 12 182
1440 28 169
1441 14 182
1442 23 172
1443 25 171
1444 27 173
1445 14 181
1446 13 171
1447 23 179
1448 27 171
1449 16 180
1450 24 181
1451 28 177
1452 30 183
1453 60 119
1454 63 130
1455 56 123
1456 63 124
1457 51 118
1458 61 129
1459 61 130
1460 61 127
1461 51 120
1462 56 130
1463 53 124
1464 59 127
1465 63 116
1466 50 119
1467 56 123
1468 55 125
1469 58 116
1470 51 125
1471 52 122
1472 62 120
1473 53 124
1474 55 129
1475 60 130
1476 50 129
1477 62 117
1478 63 122
1479 52 128
1480 60 128
1481 57 128
1482 62 118
1483 236 227
1484 219 221
1485 219 230
1486 225 227
1487 220 235
1488 236 227
1489 233 231
1490 237 229
1491 235 226
1492 226 221
1493 233 237
1494 232 224
1495 220 232
1496 221 234
1497 236 223
1498 224 222
1499 224 237
1500 219 226
1501 230 221
1502 223 234
1503 222 233
1504 224 233
1505 13 2
1506 17 0
1507 16 7
1508 18 11
1509 19 9
1510 16 5
1511 29 11
1512 22 8
1513 13 11
1514 14 9
1515 19 6
1516 23 11
1517 29 8
1518 28 8
1519 18 6
1520 16 1
1521 15 4
1522 12 9
1523 20 9
1524 13 5
1525 18 9
1526 16 9
1527 30 11
1528 26 11
1529 28 3
1530 15 2
1531 18 1
1532 30 2
1533 206 207
1534 213 214
1535 211 204
1536 207 214
1537 208 209
1538 204 209
1539 212 215
1540 209 213
1541 204 217
1542 209 215
1543 211 213
1544 204 211
1545 208 205
1546 214 208
1547 214 204
1548 209 212
1549 209 203
1550 128 34
1551 117 36
1552 125 34
1553 126 38
1554 117 45
1555 117 43
1556 118 43
1557 120 39
1558 123 41
1559 121 46
1560 117 48
1561 120 40
1562 127 32
1563 121 46
1564 119 39
1565 116 47
1566 129 44
1567 125 33
1568 120 41
1569 122 39
1570 124 48
1571 118 40
1572 124 48
1573 125 32
1574 119 46
1575 125 38
1576 129 43
1577 123 47
1578 124 35
1579 127 44
1580 190 200
1581 188 199
1582 201 188
1583 184 186
1584 200 184
1585 192 194
1586 193 194
1587 196 201
1588 189 186
1589 195 197
1590 196 200
1591 188 197
1592 201 198
1593 194 188
1594 198 192
1595 188 190
1596 196 198
1597 197 198
1598 198 199
1599 198 189
1600 189 193
1601 193 199
1602 186 197
1603 11 22
1604 7 22
1605 0 25
1606 5 18
1607 6 31
1608 9 30
1609 7 24
1610 2 31
1611 8 18
1612 8 30
1613 11 22
1614 1 24
1615 2 13
1616 2 30
1617 6 30
1618 0 29
1619 6 19
1620 8 29
1621 1 25
1622 8 31
1623 11 14
1624 0 14
1625 8 31
1626 4 28
1627 2 17
1628 1 18
1629 7 26
1630 7 27
1631 10 27
1632 10 96
1633 10 91
1634 0 91
1635 5 87
1636 3 83
1637 2 93
1638 10 90
1639 9 89
1640 10 84
1641 2 83
1642 10 89
1643 2 86
1644 1 96
1645 8 88
1646 3 81
1647 5 86
1648 3 81
1649 7 87
1650 9 80
1651 4 84
1652 5 94
1653 0 89
1654 10 93
1655 6 92
1656 5 93
1657 4 81
1658 0 80
1659 44 76
1660 33 78
1661 47 73
1662 37 66
1663 39 72
1664 47 67
1665 36 76
1666 32 78
1667 48 69
1668 47 75
1669 33 69
1670 38 75
1671 41 75
1672 32 70
1673 42 66
1674 40 70
1675 34 71
1676 48 72
1677 39 67
1678 42 73
1679 36 76
1680 44 74
1681 47 66
1682 47 70
1683 47 71
1684 35 66
1685 40 74
1686 48 78
1687 48 69
1688 45 73
1689 205 6
1690 214 2
1691 213 8
1692 203 10
1693 217 4
1694 207 4
1695 208 6
1696 207 6
1697 205 2
1698 208 3
1699 211 0
1700 209 2
1701 216 6
1702 206 0
1703 209 5
1704 212 2
1705 216 2
1706 207 1
1707 205 6
1708 214 5
1709 208 2
1710 205 0
1711 217 8
1712 205 4
1713 214 10
1714 210 2
1715 204 8
1716 206 7
1717 168 237
1718 150 227
1719 167 223
1720 163 218
1721 157 221
1722 160 234
1723 161 222
1724 165 220
1725 164 233
1726 165 230
1727 166 226
1728 154 221
1729 162 222
1730 163 224
1731 153 224
1732 159 235
1733 163 219
1734 164 237
1735 160 233
1736 162 233
1737 157 229
1738 152 223
1739 161 232
1740 164 221
1741 153 224
1742 158 230
1743 155 223
1744 150 221
1745 168 235
1746 165 229
1747 67 149
1748 74 135
1749 76 144
1750 66 140
1751 73 147
1752 74 148
1753 76 148
1754 67 147
1755 74 136
1756 66 142
1757 67 142
1758 66 134
1759 76 132
1760 66 134
1761 73 135
1762 67 135
1763 70 133
1764 65 138
1765 65 132
1766 73 133
1767 66 137
1768 71 148
1769 69 141
1770 77 147
1771 67 140
1772 76 135
1773 76 137
1774 65 145
1775 75 134
1776 77 132
1777 126 137
1778 118 135
1779 116 146
1780 126 146
1781 118 143
1782 116 135
1783 119 146
1784 122 144
1785 127 148
1786 126 135
1787 117 132
1788 130 140
1789 126 133
1790 123 144
1791 117 148
1792 124 138
1793 125 135
1794 129 136
1795 124 149
1796 116 135
1797 123 139
1798 121 134
1799 122 139
1800 118 138
1801 121 149
1802 118 136
1803 120 139
1804 129 148
1805 118 140
1806 124 149
1807 53 185
1808 61 188
1809 50 187
1810 56 201
1811 62 194
1812 51 201
1813 59 186
1814 52 201
1815 52 197
1816 57 202
1817 61 196
1818 57 195
1819 58 188
1820 56 200
1821 60 195
1822 51 200
1823 50 194
1824 59 192
1825 60 202
1826 53 200
1827 63 193
1828 59 201
1829 57 187
1830 61 197
1831 55 190
1832 51 201
1833 49 199
1834 54 188
1835 55 191
1836 61 197
1837 109 244
1838 100 252
1839 103 245
1840 104 253
1841 108 241
1842 114 253
1843 114 251
1844 100 247
1845 107 239
1846 109 246
1847 109 252
1848 105 248
1849 107 250
1850 107 250
1851 114 247
1852 99 243
1853 102 245
1854 109 244
1855 108 250
1856 97 247
1857 108 251
1858 110 247
1859 114 247
1860 109 239
1861 112 247
1862 98 254
1863 109 247
1864 112 253
1865 102 251
1866 100 244
1867 225 68
1868 221 78
1869 219 71
1870 236 76
1871 218 76
1872 219 69
1873 222 66
1874 219 78
1875 228 67
1876 223 74
1877 222 74
1878 234 67
1879 235 78
1880 224 76
1881 230 71
1882 231 78
1883 233 75
1884 229 69
1885 223 64
1886 225 68
1887 229 73
1888 235 72
1889 230 65
1890 231 73
1891 230 72
1892 226 73
1893 236 69
1894 218 68
1895 218 78
1896 232 78
1897 182 261
1898 170 268
1899 175 264
1900 170 272
1901 170 271
1902 177 260
1903 179 263
1904 177 266
1905 176 259
1906 174 263
1907 181 264
1908 181 266
1909 169 272
1910 174 266
1911 179 258
1912 175 272
1913 177 266
1914 170 261
1915 177 257
1916 169 266
1917 182 258
1918 174 271
1919 182 260
1920 178 260
1921 179 264
1922 175 263
1923 175 260
1924 172 265
1925 177 266
1926 180 262
1927 140 98
1928 140 115
1929 134 108
1930 132 97
1931 144 110
1932 131 102
1933 138 97
1934 145 104
1935 131 102
1936 134 111
1937 145 111
1938 140 114
1939 138 98
1940 139 99
1941 131 104
1942 135 101
1943 135 100
1944 140 100
1945 143 115
1946 137 102
1947 133 100
1948 149 101
1949 147 104
1950 140 101
1951 132 107
1952 147 97
1953 147 112
1954 137 104
1955 148 108
1956 132 100
1957 15 221
1958 19 227
1959 27 233
1960 21 224
1961 17 228
1962 23 237
1963 30 221
1964 14 236
1965 26 225
1966 24 237
1967 19 231
1968 31 236
1969 16 220
1970 13 222
1971 19 225
1972 13 220
1973 22 220
1974 13 218
1975 18 223
1976 29 219
1977 22 225
1978 20 232
1979 23 236
1980 20 221
1981 15 226
1982 23 235
1983 15 235
1984 28 226
1985 27 224
1986 17 222
1987 228 168
1988 227 161
1989 221 162
1990 221 162
1991 232 165
1992 234 166
1993 236 152
1994 225 166
1995 230 162
1996 234 158
1997 231 161
1998 230 167
1999 231 155
2000 224 160
2001 225 162
2002 225 151
2003 220 150
2004 218 159
2005 234 155
2006 221 151
2007 228 160
2008 227 163
2009 221 168
2010 220 158
2011 228 163
2012 227 158
2013 228 167
2014 236 164
2015 227 167
2016 225 150
2017 198 72
2018 197 74
2019 189 78
2020 187 67
2021 185 66
2022 190 65
2023 192 73
2024 192 67
2025 198 78
2026 202 74
2027 189 66
2028 198 75
2029 190 65
2030 194 70
2031 199 78
2032 191 66
2033 189 69
2034 200 68
2035 190 75
2036 186 75
2037 195 75
2038 187 74
2039 198 77
2040 188 78
2041 198 78
2042 201 76
2043 199 65
2044 202 77
2045 192 68
2046 191 77
2047 115 144
2048 98 141
2049 108 144
2050 98 147
2051 105 133
2052 101 140
2053 107 143
2054 109 139
2055 113 137
2056 113 140
2057 101 143
2058 99 131
2059 109 146
2060 108 133
2061 109 131
2062 107 144
2063 97 133
2064 103 149
2065 106 143
2066 103 135
2067 110 149
2068 99 145
2069 107 139
2070 108 133
2071 112 138
2072 110 146
2073 110 132
2074 110 140
2075 106 145
2076 111 136
2077 134 53
2078 146 59
2079 141 56
2080 131 51
2081 135 60
2082 138 51
2083 144 52
2084 138 49
2085 134 50
2086 148 62
2087 137 60
2088 134 63
2089 133 53
2090 138 61
2091 141 61
2092 148 57
2093 144 62
2094 148 54
2095 148 52
2096 139 61
2097 147 55
2098 148 58
2099 137 62
2100 142 49
2101 137 55
2102 134 56
2103 145 51
2104 141 51
2105 133 53
2106 145 55
2107 57 258
2108 57 264
2109 56 271
2110 63 257
2111 59 257
2112 55 269
2113 54 258
2114 51 271
2115 49 263
2116 58 265
2117 58 261
2118 59 257
2119 53 263
2120 52 260
2121 51 259
2122 58 258
2123 58 259
2124 61 271
2125 58 259
2126 62 265
2127 57 269
2128 57 265
2129 57 265
2130 52 266
2131 61 272
2132 55 270
2133 62 259
2134 56 257
2135 58 259
2136 59 271
2137 7 32
2138 0 44
2139 0 35
2140 10 44
2141 1 41
2142 0 46
2143 7 40
2144 0 39
2145 9 45
2146 4 46
2147 10 47
2148 9 42
2149 0 47
2150 9 33
2151 9 48
2152 11 40
2153 4 33
2154 7 48
2155 8 33
2156 2 34
2157 11 34
2158 3 48
2159 11 45
2160 0 46
2161 1 40
2162 5 43
2163 4 40
2164 9 37
2165 195 106
2166 196 101
2167 193 115
2168 194 112
2169 195 112
2170 184 107
2171 185 110
2172 184 108
2173 197 99
2174 197 100
2175 200 111
2176 195 109
2177 184 113
2178 194 101
2179 191 111
2180 200 114
2181 199 112
2182 186 100
2183 192 105
2184 202 105
2185 189 102
2186 195 98
2187 186 111
2188 198 98
2189 201 102
2190 201 100
2191 187 99
2192 198 108
2193 184 100
2194 190 101
2195 117 194
2196 120 200
2197 129 202
2198 121 201
2199 122 194
2200 120 194
2201 121 184
2202 127 184
2203 125 195
2204 126 196
2205 118 198
2206 120 200
2207 129 198
2208 117 197
2209 125 185
2210 122 200
2211 119 185
2212 125 194
2213 127 193
2214 116 193
2215 121 194
2216 129 187
2217 121 193
2218 120 189
2219 122 198
2220 125 199
2221 128 188
2222 123 185
2223 119 188
2224 121 202
2225 139 238
2226 141 241
2227 142 243
2228 137 252
2229 135 247
2230 147 238
2231 143 254
2232 133 252
2233 148 249
2234 132 252
2235 147 256
2236 134 250
2237 149 240
2238 148 238
2239 149 256
2240 136 250
2241 137 247
2242 139 245
2243 149 254
2244 149 241
2245 135 245
2246 131 241
2247 131 250
2248 135 253
2249 149 246
2250 141 240
2251 142 247
2252 131 244
2253 139 240
2254 147 245
2255 151 148
2256 151 137
2257 156 133
2258 155 142
2259 168 141
2260 159 143
2261 168 139
2262 168 133
2263 161 138
2264 162 139
2265 165 141
2266 154 137
2267 165 146
2268 165 146
2269 158 132
2270 163 132
2271 157 136
2272 163 137
2273 155 146
2274 165 131
2275 161 146
2276 155 133
2277 163 149
2278 154 134
2279 151 137
2280 160 143
2281 168 141
2282 157 139
2283 163 139
2284 150 135
2285 47 215
2286 40 203
2287 32 210
2288 34 209
2289 44 215
2290 44 205
2291 38 204
2292 42 205
2293 36 217
2294 34 206
2295 45 211
2296 33 207
2297 48 204
2298 32 216
2299 45 209
2300 35 210
2301 32 209
2302 39 215
2303 45 209
2304 36 205
2305 37 217
2306 48 214
2307 34 204
2308 48 215
2309 32 203
2310 32 210
2311 48 207
2312 45 213
2313 39 203
2314 39 204
2315 89 122
2316 91 124
2317 80 116
2318 85 125
2319 94 118
2320 93 121
2321 82 122
2322 92 129
2323 94 118
2324 89 127
2325 81 120
2326 89 126
2327 89 122
2328 90 130
2329 95 125
2330 84 120
2331 93 116
2332 88 126
2333 95 120
2334 79 117
2335 90 118
2336 92 128
2337 93 116
2338 89 127
2339 86 129
2340 81 118
2341 85 127
2342 85 125
2343 90 127
2344 85 129
2345 98 120
2346 108 129
2347 97 120
2348 100 118
2349 113 123
2350 108 116
2351 105 118
2352 106 130
2353 97 126
2354 107 126
2355 103 119
2356 109 119
2357 99 127
2358 102 129
2359 102 128
2360 108 118
2361 110 120
2362 102 130
2363 115 123
2364 99 125
2365 98 116
2366 111 116
2367 98 127
2368 98 128
2369 103 121
2370 97 129
2371 98 127
2372 111 118
2373 107 116
2374 113 122
2375 211 267
2376 215 259
2377 216 268
2378 213 272
2379 207 272
2380 206 262
2381 212 262
2382 206 269
2383 204 269
2384 209 261
2385 208 261
2386 213 271
2387 207 264
2388 215 266
2389 208 263
2390 216 271
2391 204 262
2392 206 259
2393 217 263
2394 203 261
2395 204 263
2396 216 271
2397 204 260
2398 213 263
2399 212 270
2400 208 268
2401 211 265
2402 207 271
2403 203 271
2404 217 262
2405 136 94
2406 133 81
2407 136 83
2408 136 83
2409 144 85
2410 146 92
2411 149 90
2412 140 82
2413 141 79
2414 136 94
2415 144 93
2416 139 88
2417 138 90
2418 136 96
2419 141 79
2420 135 93
2421 147 92
2422 132 93
2423 140 95
2424 149 83
2425 147 96
2426 135 85
2427 140 87
2428 143 88
2429 131 86
2430 142 81
2431 131 79
2432 147 92
2433 146 89
2434 133 84
2435 265 121
2436 261 123
2437 258 125
2438 264 127
2439 269 127
2440 266 119
2441 259 124
2442 270 118
2443 271 118
2444 263 116
2445 272 130
2446 260 118
2447 267 127
2448 271 119
2449 258 117
2450 271 126
2451 260 128
2452 268 118
2453 266 118
2454 266 122
2455 268 116
2456 266 126
2457 263 118
2458 269 128
2459 259 123
2460 257 125
2461 266 121
2462 266 127
2463 267 128
2464 264 120
2465 270 39
2466 259 43
2467 260 43
2468 258 37
2469 258 48
2470 262 34
2471 260 48
2472 257 37
2473 258 43
2474 270 40
2475 272 35
2476 269 43
2477 269 33
2478 263 32
2479 262 40
2480 271 45
2481 270 47
2482 269 43
2483 258 41
2484 267 34
2485 270 45
2486 267 47
2487 263 40
2488 264 34
2489 261 42
2490 268 48
2491 264 43
2492 261 42
2493 264 35
2494 270 33
2495 176 11
2496 180 10
2497 174 1
2498 182 8
2499 183 10
2500 178 3
2501 182 8
2502 177 6
2503 180 6
2504 176 10
2505 178 6
2506 178 0
2507 179 7
2508 177 6
2509 183 8
2510 170 2
2511 181 5
2512 182 5
2513 180 11
2514 177 10
2515 171 8
2516 180 10
2517 174 1
2518 177 9
2519 178 10
2520 169 2
2521 173 6
2522 47 67
2523 45 77
2524 39 76
2525 48 77
2526 36 67
2527 39 70
2528 37 68
2529 32 77
2530 48 77
2531 39 67
2532 42 74
2533 39 75
2534 43 64
2535 46 74
2536 42 64
2537 39 74
2538 39 65
2539 45 70
2540 41 78
2541 38 74
2542 47 71
2543 35 75
2544 45 69
2545 46 69
2546 35 68
2547 34 64
2548 47 75
2549 48 74
2550 39 70
2551 48 74
2552 268 219
2553 264 232
2554 260 225
2555 257 234
2556 265 218
2557 270 222
2558 260 218
2559 265 233
2560 271 218
2561 272 222
2562 271 222
2563 268 237
2564 257 233
2565 266 222
2566 262 218
2567 270 234
2568 259 227
2569 266 234
2570 272 218
2571 258 222
2572 259 223
2573 271 226
2574 261 229
2575 266 219
2576 265 225
2577 261 220
2578 269 221
2579 266 222
2580 266 223
2581 270 220
2582 8 216
2583 4 205
2584 9 208
2585 1 206
2586 9 204
2587 8 215
2588 0 214
2589 2 209
2590 1 205
2591 0 217
2592 11 205
2593 3 215
2594 8 216
2595 7 217
2596 5 206
2597 6 214
2598 9 217
2599 0 215
2600 0 211
2601 3 208
2602 9 208
2603 7 208
2604 2 208
2605 0 214
2606 7 207
2607 3 214
2608 160 257
2609 167 268
2610 151 264
2611 167 272
2612 162 267
2613 161 266
2614 158 271
2615 153 257
2616 161 269
2617 157 261
2618 167 268
2619 152 269
2620 165 260
2621 153 268
2622 159 269
2623 164 257
2624 156 258
2625 153 268
2626 158 262
2627 161 261
2628 164 272
2629 153 265
2630 156 268
2631 164 257
2632 154 265
2633 156 266
2634 159 264
2635 161 268
2636 166 264
2637 163 264
2638 179 61
2639 180 54
2640 178 62
2641 170 55
2642 175 49
2643 178 51
2644 169 63
2645 181 59
2646 179 63
2647 177 49
2648 180 49
2649 176 59
2650 175 49
2651 171 55
2652 181 52
2653 177 51
2654 177 58
2655 183 55
2656 170 52
2657 172 51
2658 179 58
2659 175 52
2660 172 61
2661 175 50
2662 181 58
2663 181 60
2664 176 56
2665 172 51
2666 183 57
2667 169 53
2668 133 141
2669 134 138
2670 137 142
2671 139 145
2672 139 140
2673 143 147
2674 145 137
2675 144 140
2676 148 147
2677 139 137
2678 147 133
2679 146 143
2680 142 139
2681 143 133
2682 139 147
2683 132 146
2684 149 141
2685 137 143
2686 131 139
2687 132 141
2688 137 144
2689 51 146
2690 51 145
2691 62 149
2692 49 134
2693 59 145
2694 56 148
2695 52 148
2696 58 141
2697 54 131
2698 51 131
2699 58 146
2700 55 146
2701 57 144
2702 56 136
2703 60 142
2704 57 149
2705 51 142
2706 55 145
2707 52 142
2708 62 145
2709 58 145
2710 59 149
2711 60 136
2712 51 143
2713 54 133
2714 61 148
2715 59 138
2716 59 145
2717 57 131
2718 52 137
2719 266 137
2720 267 142
2721 260 132
2722 268 149
2723 263 134
2724 261 141
2725 258 132
2726 265 144
2727 259 144
2728 258 131
2729 258 147
2730 260 141
2731 258 136
2732 269 132
2733 257 144
2734 268 147
2735 272 137
2736 267 141
2737 268 140
2738 261 139
2739 262 141
2740 267 143
2741 261 133
2742 272 132
2743 262 135
2744 268 149
2745 269 135
2746 268 134
2747 257 139
2748 269 136
2749 216 143
2750 212 149
2751 205 144
2752 206 136
2753 205 134
2754 210 135
2755 206 138
2756 207 143
2757 205 146
2758 207 139
2759 209 137
2760 217 139
2761 205 145
2762 208 145
2763 213 137
2764 205 149
2765 212 134
2766 206 136
2767 217 148
2768 207 141
2769 216 131
2770 210 143
2771 205 149
2772 203 144
2773 203 132
2774 210 140
2775 215 134
2776 213 137
2777 209 143
2778 216 144
2779 195 253
2780 198 239
2781 194 238
2782 199 241
2783 189 240
2784 193 250
2785 192 240
2786 199 241
2787 188 244
2788 196 251
2789 194 248
2790 196 245
2791 198 239
2792 190 243
2793 200 244
2794 198 249
2795 186 239
2796 185 244
2797 202 247
2798 193 244
2799 189 256
2800 196 256
2801 194 246
2802 197 244
2803 186 239
2804 192 240
2805 194 251
2806 189 242
2807 195 241
2808 188 238
2809 16 159
2810 23 159
2811 26 161
2812 24 151
2813 30 164
2814 18 162
2815 13 167
2816 25 152
2817 19 152
2818 18 163
2819 22 164
2820 14 155
2821 16 154
2822 17 156
2823 21 150
2824 27 159
2825 18 161
2826 13 152
2827 26 153
2828 22 158
2829 25 153
2830 16 154
2831 22 167
2832 17 159
2833 27 161
2834 12 152
2835 13 158
2836 30 150
2837 29 165
2838 28 165
2839 49 107
2840 62 109
2841 63 101
2842 63 115
2843 51 99
2844 51 97
2845 56 109
2846 50 113
2847 53 113
2848 62 107
2849 57 107
2850 63 115
2851 53 102
2852 51 110
2853 54 104
2854 62 107
2855 57 101
2856 52 104
2857 56 111
2858 63 105
2859 59 111
2860 51 106
2861 60 110
2862 51 103
2863 58 110
2864 52 108
2865 53 104
2866 49 107
2867 62 104
2868 58 114
2869 221 12
2870 226 16
2871 225 27
2872 226 19
2873 218 21
2874 231 18
2875 225 28
2876 224 22
2877 228 28
2878 226 24
2879 218 27
2880 229 18
2881 221 15
2882 227 22
2883 219 18
2884 218 29
2885 223 28
2886 227 18
2887 222 18
2888 226 18
2889 234 18
2890 232 15
2891 224 25
2892 230 14
2893 219 27
2894 223 22
2895 223 25
2896 223 26
2897 219 16
2898 231 30
