223 242 10 2949
0 4
1 9
2 9
3 5
4 4
5 9
6 6
7 8
8 4
9 7
10 8
11 9
12 4
13 3
14 3
15 4
16 3
17 5
18 3
19 3
20 4
21 3
22 3
23 3
24 3
25 3
26 3
27 3
28 3
29 4
30 3
31 3
32 3
33 3
34 6
35 5
36 4
37 3
38 3
39 3
40 3
41 3
42 3
43 3
44 3
45 5
46 3
47 3
48 3
49 3
50 3
51 4
52 3
53 3
54 3
55 3
56 3
57 4
58 3
59 3
60 3
61 5
62 6
63 3
64 3
65 3
66 6
67 3
68 5
69 3
70 3
71 3
72 3
73 3
74 3
75 3
76 3
77 3
78 3
79 3
80 3
81 3
82 3
83 3
84 3
85 3
86 3
87 3
88 5
89 3
90 3
91 6
92 3
93 3
94 3
95 3
96 4
97 3
98 4
99 3
100 5
101 3
102 5
103 4
104 3
105 3
106 4
107 3
108 3
109 3
110 4
111 3
112 3
113 4
114 3
115 6
116 3
117 4
118 3
119 3
120 3
121 7
122 3
123 3
124 4
125 3
126 3
127 3
128 3
129 5
130 5
131 5
132 3
133 3
134 3
135 3
136 3
137 3
138 3
139 3
140 3
141 3
142 3
143 5
144 4
145 3
146 3
147 4
148 5
149 3
150 4
151 4
152 3
153 3
154 4
155 3
156 3
157 3
158 3
159 3
160 3
161 3
162 4
163 3
164 4
165 3
166 4
167 3
168 3
169 3
170 4
171 3
172 3
173 4
174 4
175 3
176 4
177 3
178 4
179 3
180 3
181 3
182 3
183 4
184 4
185 3
186 5
187 3
188 6
189 3
190 3
191 5
192 3
193 3
194 3
195 3
196 3
197 3
198 3
199 3
200 3
201 3
202 3
203 4
204 3
205 3
206 3
207 3
208 3
209 6
210 5
211 5
212 3
213 3
214 3
215 3
216 3
217 4
218 4
219 3
220 3
221 3
222 3
0 0 2
1 0 3
2 0 9
3 0 11
4 1 2
5 1 3
6 1 7
7 1 8
8 1 9
9 1 10
10 1 98
11 1 204
12 2 9
13 2 10
14 2 11
15 2 45
16 2 115
17 2 150
18 3 4
19 3 5
20 3 10
21 4 5
22 4 11
23 4 62
24 5 6
25 5 8
26 5 10
27 5 11
28 5 130
29 6 7
30 6 9
31 6 10
32 6 11
33 6 12
34 7 10
35 7 11
36 7 82
37 7 185
38 8 11
39 8 28
40 9 10
41 9 11
42 9 166
43 12 16
44 12 25
45 12 21
46 13 15
47 13 17
48 14 18
49 15 22
50 15 20
51 17 26
52 17 18
53 18 27
54 19 22
55 20 24
56 21 26
57 23 27
58 28 44
59 29 40
60 29 42
61 29 38
62 30 31
63 30 37
64 31 35
65 32 34
66 33 36
67 34 36
68 34 38
69 34 41
70 35 41
71 35 39
72 37 44
73 39 43
74 45 51
75 45 50
76 46 61
77 47 60
78 47 54
79 48 54
80 48 59
81 49 60
82 50 61
83 51 52
84 51 55
85 53 59
86 53 56
87 55 58
88 56 57
89 57 61
90 62 67
91 62 79
92 62 66
93 62 73
94 63 67
95 64 67
96 65 70
97 66 71
98 66 75
99 66 74
100 66 80
101 68 72
102 68 77
103 68 81
104 69 79
105 70 81
106 73 76
107 74 78
108 76 77
109 82 88
110 83 90
111 83 88
112 83 91
113 84 96
114 85 95
115 86 90
116 87 95
117 88 92
118 89 94
119 89 96
120 89 91
121 91 95
122 91 93
123 93 97
124 98 100
125 99 101
126 99 110
127 100 113
128 100 107
129 102 103
130 102 110
131 102 113
132 103 108
133 104 112
134 104 113
135 105 107
136 106 109
137 106 112
138 107 114
139 110 111
140 115 118
141 115 120
142 115 129
143 116 121
144 117 122
145 117 123
146 117 124
147 117 121
148 119 121
149 121 127
150 121 129
151 124 125
152 124 128
153 126 129
154 130 137
155 130 147
156 131 138
157 131 141
158 131 144
159 131 136
160 132 148
161 133 146
162 133 137
163 134 147
164 135 140
165 136 148
166 139 148
167 139 145
168 140 143
169 142 143
170 143 148
171 144 147
172 145 149
173 150 162
174 151 158
175 151 152
176 151 160
177 152 164
178 153 158
179 154 161
180 154 160
181 155 157
182 156 163
183 156 164
184 157 160
185 157 165
186 159 161
187 162 164
188 166 174
189 166 182
190 166 181
191 167 173
192 168 177
193 168 184
194 169 176
195 170 183
196 170 172
197 171 173
198 171 174
199 172 181
200 172 184
201 174 179
202 175 176
203 175 178
204 178 183
205 180 181
206 185 191
207 185 186
208 186 198
209 186 188
210 187 201
211 188 194
212 188 199
213 188 190
214 189 201
215 190 202
216 190 203
217 191 193
218 191 201
219 192 196
220 192 200
221 192 195
222 195 203
223 196 197
224 204 213
225 204 209
226 205 210
227 206 208
228 207 214
229 207 210
230 208 218
231 209 220
232 209 221
233 209 212
234 210 211
235 211 215
236 211 217
237 211 222
238 212 217
239 214 218
240 214 219
241 216 218
0 18 95
1 14 94
2 12 82
3 12 95
4 16 87
5 14 95
6 12 91
7 14 90
8 17 85
9 22 82
10 22 91
11 21 87
12 14 89
13 15 95
14 23 83
15 12 90
16 18 95
17 15 84
18 12 97
19 21 88
20 27 96
21 22 92
22 26 91
23 12 89
24 23 94
25 14 84
26 27 89
27 16 83
28 27 90
29 26 97
30 156 53
31 160 45
32 162 60
33 163 56
34 155 58
35 151 47
36 163 45
37 150 52
38 162 46
39 160 47
40 160 46
41 165 45
42 159 61
43 152 61
44 151 49
45 154 56
46 151 46
47 157 52
48 161 48
49 157 53
50 154 45
51 161 47
52 165 54
53 165 58
54 161 51
55 157 57
56 163 50
57 152 48
58 156 47
59 153 60
60 205 59
61 212 60
62 207 50
63 209 45
64 217 56
65 214 47
66 210 46
67 209 58
68 215 50
69 217 46
70 220 49
71 212 61
72 207 60
73 220 46
74 220 48
75 222 51
76 211 52
77 222 59
78 208 51
79 205 45
80 206 50
81 211 49
82 218 52
83 214 46
84 216 46
85 206 53
86 205 61
87 213 60
88 215 50
89 217 45
90 186 75
91 198 70
92 203 79
93 185 63
94 188 78
95 203 72
96 192 76
97 203 70
98 192 76
99 187 80
100 198 78
101 190 63
102 196 73
103 201 71
104 190 67
105 188 68
106 199 78
107 195 79
108 198 74
109 194 75
110 187 81
111 192 72
112 193 62
113 197 79
114 202 71
115 201 69
116 198 77
117 192 68
118 190 69
119 201 62
120 10 106
121 7 99
122 8 112
123 6 102
124 4 104
125 2 114
126 11 102
127 1 111
128 7 110
129 10 114
130 8 109
131 11 100
132 4 103
133 7 107
134 5 105
135 10 112
136 11 101
137 8 101
138 11 100
139 9 103
140 2 114
141 2 110
142 4 113
143 7 102
144 8 113
145 2 100
146 2 114
147 9 101
148 4 106
149 79 194
150 64 194
151 71 191
152 77 199
153 79 191
154 68 193
155 73 202
156 77 196
157 73 194
158 74 203
159 78 198
160 78 192
161 75 203
162 75 192
163 72 187
164 73 196
165 70 186
166 65 202
167 69 202
168 71 186
169 78 196
170 68 192
171 79 187
172 65 196
173 72 188
174 65 199
175 75 201
176 73 196
177 67 187
178 79 202
179 216 164
180 217 165
181 214 151
182 211 155
183 219 153
184 211 151
185 215 158
186 215 165
187 221 157
188 204 151
189 213 157
190 222 151
191 215 155
192 214 164
193 221 158
194 209 150
195 205 158
196 211 165
197 206 154
198 205 155
199 205 160
200 215 162
201 205 160
202 206 150
203 220 158
204 208 150
205 215 165
206 213 162
207 219 154
208 221 154
209 91 135
210 82 143
211 89 148
212 97 136
213 92 147
214 91 134
215 95 146
216 86 144
217 93 148
218 83 146
219 85 138
220 85 142
221 92 144
222 95 134
223 94 148
224 92 144
225 91 131
226 84 149
227 89 131
228 96 131
229 88 135
230 91 133
231 87 131
232 95 132
233 96 141
234 90 142
235 96 133
236 97 130
237 87 139
238 88 141
239 0 203
240 3 203
241 0 196
242 5 194
243 10 193
244 0 190
245 1 199
246 1 188
247 6 197
248 1 196
249 3 193
250 2 197
251 0 189
252 10 187
253 10 199
254 8 186
255 0 189
256 1 189
257 7 187
258 3 189
259 8 188
260 10 201
261 10 189
262 11 201
263 2 187
264 11 203
265 9 202
266 0 193
267 5 198
268 11 199
269 23 16
270 23 15
271 25 18
272 23 24
273 19 24
274 18 21
275 27 19
276 25 22
277 19 27
278 20 16
279 17 24
280 13 14
281 16 26
282 16 22
283 12 22
284 12 17
285 15 23
286 23 13
287 18 22
288 12 18
289 18 16
290 19 14
291 18 22
292 14 25
293 152 27
294 165 17
295 162 27
296 159 27
297 164 25
298 153 21
299 156 18
300 164 15
301 165 20
302 158 12
303 150 27
304 159 16
305 158 25
306 160 27
307 152 13
308 151 12
309 150 16
310 160 19
311 158 24
312 157 20
313 155 13
314 160 21
315 152 25
316 165 19
317 150 22
318 155 25
319 164 25
320 160 14
321 161 16
322 151 25
323 186 146
324 192 141
325 199 137
326 201 136
327 188 146
328 202 148
329 202 146
330 191 139
331 196 133
332 188 133
333 189 149
334 193 142
335 196 147
336 194 145
337 192 142
338 188 149
339 202 135
340 202 145
341 197 135
342 196 144
343 202 146
344 197 135
345 198 143
346 200 148
347 194 147
348 185 139
349 196 141
350 188 146
351 189 140
352 201 134
353 63 128
354 69 128
355 66 125
356 70 118
357 78 115
358 64 115
359 70 121
360 74 118
361 77 124
362 65 115
363 69 122
364 72 120
365 79 116
366 73 119
367 80 115
368 69 125
369 75 120
370 66 118
371 65 120
372 64 117
373 76 124
374 62 129
375 67 125
376 64 118
377 65 121
378 62 124
379 77 119
380 62 129
381 75 120
382 69 129
383 182 208
384 178 218
385 180 208
386 177 211
387 182 215
388 184 210
389 178 215
390 173 205
391 176 212
392 169 212
393 181 210
394 180 206
395 170 219
396 172 207
397 181 215
398 183 211
399 172 215
400 184 210
401 167 204
402 171 217
403 170 207
404 169 213
405 179 207
406 182 217
407 174 212
408 168 221
409 172 216
410 170 219
411 175 211
412 166 214
413 20 51
414 12 45
415 26 54
416 13 52
417 19 48
418 16 57
419 25 52
420 22 54
421 24 58
422 27 49
423 21 57
424 15 56
425 13 54
426 25 50
427 17 52
428 21 54
429 15 45
430 21 59
431 22 50
432 14 47
433 13 59
434 20 58
435 26 48
436 23 54
437 21 52
438 27 61
439 21 53
440 21 61
441 15 53
442 17 52
443 64 48
444 69 57
445 73 58
446 74 53
447 64 48
448 71 61
449 75 55
450 63 46
451 67 57
452 63 57
453 74 58
454 77 45
455 71 45
456 73 47
457 65 54
458 78 53
459 81 45
460 69 45
461 75 59
462 69 60
463 69 56
464 62 53
465 72 57
466 63 58
467 69 45
468 70 46
469 70 48
470 68 57
471 67 47
472 70 55
473 68 193
474 79 198
475 70 186
476 79 194
477 74 199
478 70 203
479 80 187
480 70 185
481 72 191
482 70 192
483 81 188
484 71 203
485 80 186
486 78 188
487 79 202
488 79 187
489 62 194
490 69 191
491 71 198
492 74 194
493 74 199
494 71 191
495 70 189
496 67 197
497 74 203
498 70 189
499 65 198
500 68 198
501 64 195
502 75 196
503 146 67
504 137 68
505 142 64
506 145 73
507 134 63
508 136 78
509 135 80
510 148 66
511 130 71
512 139 68
513 141 69
514 130 76
515 131 81
516 130 71
517 135 69
518 144 65
519 143 76
520 130 69
521 134 75
522 135 70
523 132 80
524 148 80
525 137 72
526 141 69
527 140 77
528 131 69
529 148 69
530 134 64
531 135 77
532 145 80
533 172 128
534 181 116
535 177 117
536 182 116
537 177 126
538 181 122
539 167 120
540 176 116
541 169 126
542 180 121
543 178 121
544 171 118
545 173 121
546 176 123
547 170 126
548 167 121
549 173 128
550 184 124
551 172 120
552 174 116
553 172 121
554 175 123
555 180 120
556 180 121
557 168 129
558 178 118
559 176 126
560 180 116
561 183 118
562 167 125
563 112 149
564 108 137
565 111 137
566 102 149
567 102 145
568 113 130
569 100 148
570 103 145
571 103 146
572 110 135
573 108 143
574 112 139
575 113 138
576 105 148
577 107 147
578 108 133
579 114 143
580 114 135
581 113 141
582 100 140
583 112 138
584 105 143
585 100 148
586 109 130
587 113 141
588 104 139
589 108 146
590 99 148
591 107 132
592 102 136
593 211 101
594 204 112
595 217 110
596 204 101
597 210 103
598 213 109
599 221 103
600 219 104
601 215 102
602 217 109
603 208 109
604 221 101
605 207 99
606 205 101
607 217 114
608 217 107
609 209 101
610 205 108
611 217 113
612 209 99
613 213 108
614 210 102
615 221 107
616 209 98
617 208 105
618 219 101
619 212 114
620 219 108
621 216 111
622 216 100
623 204 35
624 218 38
625 204 34
626 222 35
627 213 28
628 204 37
629 218 28
630 207 43
631 212 41
632 204 28
633 209 44
634 207 43
635 217 37
636 213 31
637 206 29
638 218 31
639 220 32
640 204 33
641 208 32
642 221 29
643 211 29
644 211 34
645 211 32
646 211 43
647 211 36
648 209 38
649 206 41
650 209 38
651 217 33
652 221 31
653 198 166
654 188 178
655 203 179
656 193 166
657 202 170
658 191 175
659 194 181
660 196 171
661 194 178
662 187 168
663 193 169
664 185 166
665 197 178
666 186 182
667 187 171
668 196 180
669 192 175
670 193 180
671 195 182
672 199 172
673 191 183
674 186 173
675 199 174
676 197 182
677 190 169
678 196 179
679 203 166
680 188 183
681 187 168
682 191 167
683 78 151
684 70 153
685 68 161
686 70 151
687 66 157
688 81 155
689 63 161
690 73 152
691 71 153
692 70 158
693 65 164
694 64 163
695 79 152
696 66 154
697 76 155
698 62 156
699 67 163
700 80 160
701 80 164
702 78 164
703 78 163
704 74 160
705 71 154
706 74 153
707 69 153
708 80 163
709 76 152
710 76 160
711 79 150
712 81 162
713 98 138
714 109 146
715 106 138
716 104 140
717 98 141
718 106 149
719 100 132
720 103 135
721 111 139
722 101 138
723 111 145
724 113 130
725 110 134
726 104 139
727 108 143
728 111 139
729 105 135
730 99 145
731 105 136
732 112 147
733 98 131
734 108 147
735 98 139
736 112 137
737 109 146
738 104 146
739 112 140
740 107 140
741 114 137
742 106 140
743 21 0
744 19 7
745 21 7
746 12 0
747 15 11
748 18 10
749 27 8
750 23 10
751 23 0
752 13 11
753 15 1
754 25 3
755 23 5
756 12 0
757 15 3
758 17 9
759 16 8
760 27 3
761 16 7
762 14 1
763 20 8
764 27 6
765 16 9
766 19 11
767 26 9
768 12 4
769 12 0
770 27 2
771 15 2
772 14 3
773 128 69
774 125 65
775 121 65
776 116 62
777 121 77
778 121 69
779 120 76
780 129 64
781 117 69
782 124 72
783 123 74
784 123 76
785 117 75
786 127 78
787 117 76
788 128 63
789 115 75
790 116 65
791 129 76
792 125 64
793 117 78
794 117 78
795 123 69
796 117 64
797 128 63
798 124 71
799 119 70
800 119 62
801 123 70
802 123 81
803 123 109
804 125 106
805 121 102
806 127 106
807 123 99
808 120 108
809 123 109
810 119 105
811 126 106
812 124 108
813 121 108
814 121 111
815 129 109
816 126 110
817 118 101
818 116 113
819 124 109
820 125 101
821 120 98
822 119 113
823 129 109
824 126 99
825 117 109
826 116 98
827 119 114
828 122 111
829 122 105
830 128 104
831 126 105
832 127 112
833 94 106
834 97 100
835 94 107
836 88 114
837 88 106
838 94 101
839 91 108
840 90 112
841 89 101
842 83 102
843 86 108
844 84 99
845 91 112
846 87 99
847 90 110
848 95 106
849 95 101
850 89 98
851 96 114
852 93 102
853 94 107
854 90 114
855 90 105
856 90 104
857 92 110
858 96 107
859 92 113
860 83 106
861 94 108
862 94 114
863 141 106
864 131 108
865 141 111
866 144 105
867 138 101
868 146 111
869 148 111
870 144 111
871 146 113
872 148 114
873 134 105
874 135 100
875 134 112
876 140 106
877 135 112
878 149 107
879 135 108
880 133 111
881 134 106
882 137 101
883 148 113
884 149 111
885 137 100
886 143 109
887 146 103
888 147 112
889 142 102
890 136 106
891 130 106
892 135 106
893 5 153
894 4 160
895 7 156
896 7 164
897 8 153
898 4 156
899 5 150
900 3 159
901 0 161
902 11 152
903 7 151
904 4 155
905 6 152
906 5 165
907 2 157
908 0 158
909 9 158
910 11 153
911 7 164
912 6 159
913 1 154
914 8 158
915 9 165
916 5 157
917 4 156
918 8 160
919 5 158
920 4 153
921 69 182
922 72 167
923 79 177
924 71 184
925 78 175
926 71 177
927 79 179
928 66 172
929 70 172
930 65 177
931 79 174
932 72 176
933 70 168
934 77 177
935 65 178
936 78 175
937 81 178
938 70 176
939 66 177
940 67 183
941 77 167
942 63 178
943 67 181
944 64 177
945 81 181
946 78 168
947 69 167
948 73 167
949 81 184
950 64 168
951 28 96
952 34 93
953 31 92
954 43 85
955 32 86
956 31 94
957 40 86
958 43 82
959 42 87
960 36 95
961 37 92
962 41 94
963 38 95
964 40 91
965 42 84
966 32 84
967 42 92
968 34 89
969 42 88
970 30 97
971 40 82
972 39 91
973 31 85
974 32 87
975 43 94
976 37 96
977 42 87
978 32 84
979 36 85
980 39 90
981 117 149
982 121 137
983 129 138
984 120 133
985 129 130
986 119 148
987 129 130
988 122 131
989 127 133
990 128 148
991 120 143
992 116 130
993 128 135
994 127 135
995 120 142
996 120 144
997 123 134
998 123 145
999 117 146
1000 126 136
1001 121 137
1002 116 137
1003 120 146
1004 119 145
1005 125 138
1006 129 142
1007 116 136
1008 122 145
1009 116 130
1010 121 143
1011 13 68
1012 27 78
1013 13 65
1014 19 65
1015 27 69
1016 27 81
1017 12 80
1018 18 62
1019 13 73
1020 22 66
1021 22 79
1022 18 72
1023 24 72
1024 16 71
1025 14 77
1026 15 62
1027 19 80
1028 21 73
1029 19 81
1030 21 79
1031 27 62
1032 17 79
1033 21 75
1034 14 77
1035 12 75
1036 26 69
1037 22 73
1038 21 66
1039 22 67
1040 21 66
1041 178 95
1042 169 92
1043 181 82
1044 168 94
1045 181 92
1046 174 91
1047 178 91
1048 181 95
1049 183 89
1050 168 94
1051 180 91
1052 172 96
1053 169 97
1054 170 82
1055 179 87
1056 174 92
1057 181 97
1058 179 85
1059 174 91
1060 169 94
1061 171 86
1062 168 92
1063 178 87
1064 173 94
1065 184 87
1066 184 84
1067 174 84
1068 177 93
1069 174 92
1070 173 93
1071 8 88
1072 1 92
1073 6 90
1074 10 84
1075 1 92
1076 7 97
1077 0 85
1078 1 92
1079 10 97
1080 6 91
1081 7 84
1082 1 87
1083 2 84
1084 1 89
1085 0 96
1086 8 92
1087 1 88
1088 11 91
1089 11 87
1090 1 88
1091 0 91
1092 10 83
1093 11 85
1094 2 88
1095 0 86
1096 2 84
1097 0 96
1098 6 87
1099 3 85
1100 146 120
1101 131 126
1102 136 116
1103 134 118
1104 140 126
1105 131 117
1106 139 124
1107 141 120
1108 130 122
1109 132 123
1110 137 128
1111 149 119
1112 130 117
1113 147 128
1114 147 128
1115 131 120
1116 142 124
1117 149 123
1118 149 127
1119 131 116
1120 149 127
1121 138 121
1122 130 119
1123 139 115
1124 146 123
1125 134 124
1126 147 123
1127 143 115
1128 141 120
1129 146 121
1130 5 73
1131 9 67
1132 10 62
1133 3 77
1134 7 76
1135 10 62
1136 1 63
1137 10 72
1138 11 75
1139 3 74
1140 4 70
1141 0 75
1142 1 63
1143 4 76
1144 7 68
1145 2 79
1146 9 66
1147 10 79
1148 1 79
1149 3 63
1150 11 81
1151 4 77
1152 7 75
1153 7 68
1154 3 77
1155 0 74
1156 10 71
1157 184 42
1158 173 43
1159 168 36
1160 166 41
1161 175 41
1162 169 33
1163 182 42
1164 171 43
1165 184 36
1166 175 40
1167 178 44
1168 172 43
1169 171 35
1170 170 38
1171 170 39
1172 172 38
1173 177 41
1174 174 33
1175 169 38
1176 180 30
1177 170 28
1178 171 39
1179 178 32
1180 173 29
1181 166 35
1182 168 43
1183 173 38
1184 179 37
1185 167 36
1186 171 30
1187 122 191
1188 117 194
1189 119 199
1190 128 197
1191 125 191
1192 116 186
1193 126 194
1194 122 203
1195 123 190
1196 116 188
1197 125 195
1198 115 203
1199 115 195
1200 126 189
1201 128 186
1202 120 193
1203 122 197
1204 127 197
1205 122 199
1206 128 188
1207 128 190
1208 121 197
1209 128 188
1210 118 203
1211 115 197
1212 121 188
1213 128 189
1214 117 200
1215 125 188
1216 125 199
1217 201 107
1218 186 98
1219 191 102
1220 189 105
1221 202 111
1222 191 110
1223 202 104
1224 186 111
1225 186 107
1226 193 112
1227 196 104
1228 186 107
1229 185 110
1230 187 112
1231 200 108
1232 193 106
1233 191 111
1234 185 99
1235 197 112
1236 203 102
1237 194 109
1238 185 101
1239 190 101
1240 187 106
1241 202 109
1242 185 104
1243 186 110
1244 190 113
1245 197 103
1246 202 109
1247 100 12
1248 111 12
1249 99 22
1250 107 23
1251 104 23
1252 105 17
1253 107 15
1254 111 15
1255 114 23
1256 105 19
1257 108 21
1258 107 16
1259 111 22
1260 100 16
1261 102 20
1262 113 13
1263 104 13
1264 108 25
1265 98 19
1266 112 20
1267 106 27
1268 114 12
1269 107 16
1270 114 20
1271 104 19
1272 102 22
1273 112 19
1274 109 16
1275 107 21
1276 109 18
1277 56 30
1278 50 34
1279 48 43
1280 59 37
1281 52 33
1282 61 38
1283 55 30
1284 52 43
1285 57 37
1286 55 29
1287 54 30
1288 59 38
1289 48 43
1290 55 38
1291 53 36
1292 57 31
1293 49 28
1294 58 31
1295 49 42
1296 57 31
1297 49 38
1298 58 38
1299 48 29
1300 49 39
1301 50 33
1302 60 44
1303 55 33
1304 57 30
1305 57 37
1306 56 30
1307 95 64
1308 95 73
1309 84 76
1310 93 74
1311 92 72
1312 83 66
1313 94 79
1314 97 70
1315 91 78
1316 95 71
1317 96 65
1318 88 74
1319 85 72
1320 93 81
1321 88 77
1322 88 65
1323 96 77
1324 90 70
1325 82 71
1326 89 71
1327 89 68
1328 85 74
1329 90 76
1330 89 77
1331 87 69
1332 91 78
1333 90 65
1334 94 78
1335 90 70
1336 91 74
1337 8 53
1338 7 48
1339 6 59
1340 2 55
1341 5 45
1342 2 61
1343 10 46
1344 4 46
1345 5 47
1346 0 61
1347 4 55
1348 1 47
1349 3 48
1350 11 58
1351 0 61
1352 10 54
1353 0 47
1354 3 49
1355 10 51
1356 2 55
1357 7 47
1358 5 59
1359 1 57
1360 5 49
1361 5 45
1362 9 57
1363 65 78
1364 65 67
1365 63 78
1366 80 68
1367 80 76
1368 67 80
1369 76 67
1370 75 67
1371 72 73
1372 68 74
1373 80 77
1374 71 72
1375 70 67
1376 72 73
1377 77 66
1378 81 76
1379 80 81
1380 76 75
1381 72 66
1382 67 78
1383 101 121
1384 108 125
1385 98 127
1386 113 126
1387 98 115
1388 107 128
1389 112 116
1390 114 127
1391 107 119
1392 104 124
1393 101 127
1394 102 122
1395 109 126
1396 102 122
1397 99 124
1398 101 122
1399 113 115
1400 114 118
1401 109 117
1402 111 117
1403 113 123
1404 108 116
1405 107 119
1406 98 124
1407 105 122
1408 107 122
1409 99 121
1410 112 115
1411 106 124
1412 109 123
1413 108 124
1414 102 122
1415 103 127
1416 112 118
1417 111 118
1418 103 120
1419 104 115
1420 100 118
1421 109 124
1422 111 119
1423 100 118
1424 113 127
1425 104 120
1426 113 124
1427 102 115
1428 104 126
1429 114 119
1430 103 127
1431 98 123
1432 106 126
1433 110 129
1434 108 122
1435 114 117
1436 107 129
1437 111 129
1438 99 118
1439 112 128
1440 113 117
1441 107 124
1442 112 127
1443 7 168
1444 7 184
1445 4 184
1446 11 176
1447 7 178
1448 10 181
1449 0 172
1450 11 180
1451 5 177
1452 9 175
1453 0 172
1454 0 179
1455 9 184
1456 11 168
1457 11 175
1458 0 178
1459 2 167
1460 10 173
1461 1 174
1462 0 168
1463 4 177
1464 11 180
1465 7 172
1466 7 182
1467 6 168
1468 1 171
1469 10 182
1470 69 78
1471 63 77
1472 75 81
1473 74 77
1474 72 71
1475 76 79
1476 78 76
1477 74 67
1478 65 73
1479 63 65
1480 69 64
1481 81 66
1482 76 72
1483 81 69
1484 64 81
1485 73 72
1486 71 81
1487 67 74
1488 70 62
1489 76 69
1490 77 63
1491 215 80
1492 221 67
1493 217 73
1494 207 79
1495 219 72
1496 209 78
1497 222 63
1498 220 71
1499 222 66
1500 211 65
1501 211 66
1502 204 69
1503 213 65
1504 211 80
1505 221 77
1506 218 81
1507 219 80
1508 217 81
1509 213 71
1510 218 77
1511 220 72
1512 217 73
1513 219 80
1514 209 65
1515 213 62
1516 218 67
1517 209 80
1518 215 75
1519 209 78
1520 216 69
1521 99 120
1522 114 125
1523 103 126
1524 109 119
1525 114 116
1526 111 118
1527 101 116
1528 101 128
1529 111 118
1530 106 118
1531 109 117
1532 112 126
1533 99 119
1534 102 129
1535 100 118
1536 112 120
1537 101 126
1538 111 120
1539 108 126
1540 110 125
1541 111 126
1542 104 125
1543 102 129
1544 114 120
1545 98 129
1546 109 128
1547 110 124
1548 113 124
1549 98 119
1550 105 128
1551 137 7
1552 134 10
1553 136 0
1554 135 11
1555 147 2
1556 137 0
1557 141 10
1558 132 6
1559 137 6
1560 134 4
1561 149 9
1562 145 3
1563 143 6
1564 147 9
1565 142 7
1566 142 5
1567 148 11
1568 134 7
1569 145 5
1570 139 5
1571 135 11
1572 134 11
1573 131 2
1574 148 5
1575 149 9
1576 145 11
1577 143 0
1578 134 3
1579 135 10
1580 144 0
1581 139 48
1582 130 50
1583 137 51
1584 130 46
1585 140 61
1586 139 56
1587 144 57
1588 144 56
1589 143 57
1590 145 46
1591 133 58
1592 136 61
1593 145 55
1594 131 59
1595 130 50
1596 145 47
1597 132 59
1598 142 47
1599 140 56
1600 137 48
1601 130 61
1602 147 53
1603 138 50
1604 136 61
1605 143 50
1606 131 49
1607 142 53
1608 135 58
1609 142 50
1610 130 59
1611 25 103
1612 24 103
1613 14 105
1614 12 112
1615 25 111
1616 12 104
1617 14 106
1618 17 102
1619 22 104
1620 23 108
1621 12 105
1622 18 99
1623 24 100
1624 23 111
1625 22 108
1626 24 102
1627 14 99
1628 22 106
1629 21 113
1630 17 111
1631 19 110
1632 21 105
1633 13 110
1634 15 104
1635 18 111
1636 22 108
1637 25 103
1638 23 106
1639 19 114
1640 20 108
1641 203 21
1642 195 22
1643 187 16
1644 196 13
1645 192 23
1646 197 12
1647 185 26
1648 194 14
1649 185 24
1650 190 18
1651 202 15
1652 192 20
1653 199 21
1654 194 18
1655 194 23
1656 199 22
1657 203 13
1658 187 22
1659 185 18
1660 187 27
1661 203 27
1662 201 27
1663 200 26
1664 200 12
1665 203 23
1666 195 25
1667 191 27
1668 185 17
1669 198 17
1670 198 14
1671 99 160
1672 108 156
1673 111 164
1674 103 152
1675 98 162
1676 110 161
1677 114 158
1678 102 152
1679 108 152
1680 112 159
1681 103 153
1682 108 164
1683 101 160
1684 112 157
1685 102 165
1686 104 156
1687 99 153
1688 103 154
1689 106 154
1690 105 151
1691 103 162
1692 102 158
1693 103 152
1694 100 164
1695 103 162
1696 110 162
1697 110 152
1698 101 164
1699 111 165
1700 106 153
1701 156 109
1702 155 109
1703 157 104
1704 164 110
1705 153 102
1706 150 111
1707 165 102
1708 157 107
1709 156 101
1710 153 101
1711 159 103
1712 154 100
1713 154 99
1714 159 104
1715 160 103
1716 152 101
1717 157 99
1718 159 109
1719 152 100
1720 158 108
1721 153 104
1722 150 101
1723 156 108
1724 152 104
1725 156 108
1726 152 100
1727 151 99
1728 161 113
1729 158 111
1730 157 101
1731 94 8
1732 96 11
1733 95 0
1734 94 2
1735 89 1
1736 97 6
1737 90 5
1738 91 1
1739 84 1
1740 82 4
1741 95 7
1742 84 5
1743 97 1
1744 87 2
1745 85 2
1746 83 9
1747 93 0
1748 96 4
1749 86 0
1750 90 6
1751 95 6
1752 92 3
1753 92 5
1754 84 9
1755 92 11
1756 97 1
1757 93 3
1758 92 2
1759 184 165
1760 169 158
1761 169 153
1762 179 155
1763 183 158
1764 169 163
1765 176 155
1766 176 157
1767 184 158
1768 184 152
1769 169 153
1770 175 150
1771 178 156
1772 184 160
1773 175 152
1774 178 163
1775 178 158
1776 181 160
1777 180 151
1778 180 163
1779 182 152
1780 181 164
1781 172 165
1782 179 155
1783 179 161
1784 170 157
1785 167 160
1786 176 155
1787 171 151
1788 184 165
1789 2 17
1790 10 19
1791 8 24
1792 4 26
1793 10 13
1794 8 23
1795 11 26
1796 0 22
1797 7 21
1798 2 22
1799 10 18
1800 6 20
1801 8 14
1802 7 14
1803 7 26
1804 3 27
1805 3 23
1806 8 13
1807 9 18
1808 1 21
1809 8 14
1810 10 13
1811 10 14
1812 2 27
1813 4 26
1814 7 26
1815 3 16
1816 5 24
1817 0 17
1818 5 23
1819 208 192
1820 210 203
1821 222 201
1822 210 202
1823 209 185
1824 212 194
1825 205 197
1826 204 188
1827 222 194
1828 210 202
1829 216 200
1830 206 202
1831 204 196
1832 218 201
1833 221 193
1834 209 200
1835 210 188
1836 221 197
1837 222 192
1838 221 198
1839 208 199
1840 209 193
1841 221 192
1842 213 196
1843 207 195
1844 207 185
1845 221 188
1846 205 196
1847 219 189
1848 214 195
1849 204 26
1850 213 25
1851 217 12
1852 207 17
1853 221 16
1854 211 23
1855 222 12
1856 210 27
1857 207 13
1858 218 12
1859 205 15
1860 208 25
1861 218 19
1862 211 16
1863 218 25
1864 211 14
1865 209 23
1866 212 14
1867 215 12
1868 220 12
1869 217 25
1870 217 18
1871 221 25
1872 219 18
1873 213 24
1874 221 21
1875 205 27
1876 216 16
1877 216 26
1878 212 19
1879 110 147
1880 104 149
1881 104 131
1882 110 142
1883 104 148
1884 103 144
1885 102 145
1886 107 147
1887 103 141
1888 106 130
1889 110 137
1890 101 138
1891 102 148
1892 109 144
1893 104 147
1894 108 138
1895 108 135
1896 113 139
1897 100 143
1898 108 145
1899 106 146
1900 112 147
1901 112 142
1902 103 138
1903 107 145
1904 112 143
1905 110 131
1906 107 145
1907 105 146
1908 99 142
1909 130 126
1910 141 126
1911 143 116
1912 134 116
1913 137 116
1914 144 116
1915 136 115
1916 131 122
1917 131 122
1918 133 129
1919 144 123
1920 134 126
1921 139 129
1922 133 116
1923 139 116
1924 144 116
1925 134 126
1926 132 115
1927 142 129
1928 135 129
1929 140 129
1930 132 119
1931 145 121
1932 139 115
1933 142 125
1934 147 124
1935 144 129
1936 135 118
1937 143 119
1938 138 118
1939 214 51
1940 204 50
1941 214 56
1942 213 61
1943 217 47
1944 214 57
1945 216 60
1946 207 49
1947 220 59
1948 210 55
1949 204 49
1950 222 49
1951 206 58
1952 220 60
1953 217 49
1954 208 61
1955 217 50
1956 222 59
1957 216 52
1958 204 50
1959 219 56
1960 204 54
1961 214 51
1962 210 46
1963 210 45
1964 212 47
1965 218 46
1966 207 60
1967 222 56
1968 216 61
1969 42 159
1970 43 159
1971 40 152
1972 42 150
1973 28 155
1974 40 161
1975 33 155
1976 29 156
1977 44 163
1978 36 160
1979 33 164
1980 44 150
1981 32 154
1982 32 150
1983 34 164
1984 43 156
1985 32 161
1986 39 160
1987 43 154
1988 35 160
1989 36 153
1990 42 152
1991 37 160
1992 28 163
1993 28 150
1994 36 160
1995 43 165
1996 30 159
1997 30 158
1998 39 155
1999 60 41
2000 54 41
2001 58 36
2002 61 40
2003 53 32
2004 57 44
2005 61 37
2006 51 33
2007 60 33
2008 50 32
2009 54 35
2010 45 28
2011 54 36
2012 56 30
2013 51 31
2014 59 28
2015 48 43
2016 55 41
2017 60 37
2018 49 37
2019 57 34
2020 51 35
2021 60 36
2022 52 31
2023 53 38
2024 61 30
2025 45 34
2026 59 40
2027 48 37
2028 56 42
2029 114 183
2030 112 181
2031 109 178
2032 105 176
2033 107 169
2034 109 167
2035 114 172
2036 111 178
2037 108 178
2038 101 180
2039 111 183
2040 98 169
2041 111 170
2042 102 171
2043 109 178
2044 110 176
2045 109 184
2046 113 166
2047 107 173
2048 112 183
2049 110 178
2050 105 170
2051 113 167
2052 103 180
2053 114 170
2054 107 166
2055 107 167
2056 114 182
2057 104 182
2058 114 170
2059 183 156
2060 184 165
2061 179 153
2062 174 156
2063 180 159
2064 183 164
2065 176 164
2066 173 156
2067 166 165
2068 183 161
2069 174 151
2070 171 164
2071 177 157
2072 172 159
2073 181 154
2074 170 162
2075 178 154
2076 166 154
2077 181 162
2078 174 164
2079 184 165
2080 166 160
2081 177 156
2082 174 162
2083 177 163
2084 170 165
2085 169 152
2086 183 159
2087 178 163
2088 169 152
2089 155 97
2090 157 84
2091 163 93
2092 164 84
2093 165 89
2094 157 84
2095 160 92
2096 156 88
2097 154 89
2098 151 95
2099 151 89
2100 163 85
2101 162 83
2102 162 88
2103 153 96
2104 154 92
2105 156 97
2106 154 83
2107 154 85
2108 150 84
2109 162 93
2110 158 90
2111 158 92
2112 164 85
2113 157 95
2114 157 87
2115 162 82
2116 152 88
2117 162 89
2118 154 88
2119 154 30
2120 162 32
2121 165 43
2122 158 35
2123 152 35
2124 155 30
2125 165 38
2126 153 40
2127 161 32
2128 162 40
2129 150 37
2130 150 28
2131 150 36
2132 165 28
2133 152 38
2134 164 29
2135 154 41
2136 153 37
2137 153 31
2138 162 40
2139 158 40
2140 150 40
2141 163 35
2142 162 37
2143 158 28
2144 151 28
2145 161 30
2146 165 37
2147 150 32
2148 152 32
2149 173 148
2150 176 139
2151 173 143
2152 183 139
2153 170 131
2154 167 131
2155 166 148
2156 177 149
2157 182 131
2158 177 135
2159 166 131
2160 171 133
2161 172 149
2162 172 148
2163 173 141
2164 166 133
2165 179 131
2166 171 140
2167 173 135
2168 182 139
2169 177 145
2170 184 145
2171 177 130
2172 166 139
2173 170 143
2174 180 147
2175 170 134
2176 179 132
2177 173 139
2178 177 138
2179 24 128
2180 25 121
2181 26 117
2182 24 119
2183 18 127
2184 24 120
2185 22 115
2186 18 122
2187 15 115
2188 22 120
2189 27 120
2190 26 117
2191 19 117
2192 14 115
2193 22 121
2194 21 117
2195 16 116
2196 19 122
2197 17 127
2198 26 124
2199 27 128
2200 15 119
2201 16 127
2202 12 123
2203 12 119
2204 12 126
2205 18 124
2206 19 119
2207 24 121
2208 23 120
2209 208 84
2210 206 97
2211 205 97
2212 218 90
2213 205 94
2214 215 86
2215 214 90
2216 222 93
2217 218 85
2218 214 97
2219 215 94
2220 211 85
2221 206 89
2222 222 89
2223 208 84
2224 213 93
2225 207 94
2226 215 92
2227 207 93
2228 219 82
2229 205 89
2230 222 83
2231 208 93
2232 219 91
2233 216 88
2234 215 86
2235 214 95
2236 221 92
2237 215 97
2238 209 82
2239 41 159
2240 39 154
2241 40 153
2242 43 160
2243 33 154
2244 39 159
2245 40 155
2246 30 159
2247 35 150
2248 37 151
2249 32 158
2250 32 159
2251 33 160
2252 42 150
2253 34 152
2254 34 162
2255 40 155
2256 39 153
2257 29 165
2258 36 155
2259 31 163
2260 42 157
2261 37 164
2262 34 160
2263 31 154
2264 42 154
2265 28 151
2266 35 162
2267 28 160
2268 29 163
2269 53 119
2270 46 115
2271 49 119
2272 54 120
2273 59 117
2274 58 121
2275 59 121
2276 56 115
2277 46 122
2278 46 115
2279 57 121
2280 50 116
2281 59 128
2282 50 117
2283 51 120
2284 47 126
2285 60 120
2286 54 117
2287 55 120
2288 60 123
2289 54 122
2290 61 116
2291 49 121
2292 59 126
2293 56 117
2294 49 124
2295 56 127
2296 61 117
2297 49 115
2298 50 115
2299 191 21
2300 188 22
2301 187 15
2302 201 26
2303 185 12
2304 193 18
2305 193 27
2306 200 17
2307 195 14
2308 197 15
2309 190 20
2310 188 22
2311 197 16
2312 198 27
2313 195 12
2314 203 18
2315 200 24
2316 190 14
2317 198 18
2318 195 12
2319 197 13
2320 195 22
2321 197 21
2322 202 17
2323 202 26
2324 203 27
2325 186 25
2326 199 19
2327 193 20
2328 187 20
2329 27 204
2330 16 206
2331 26 216
2332 13 219
2333 25 213
2334 25 218
2335 22 214
2336 25 204
2337 14 212
2338 16 220
2339 19 207
2340 13 206
2341 26 210
2342 17 217
2343 12 216
2344 20 208
2345 20 205
2346 17 207
2347 19 208
2348 22 209
2349 26 209
2350 24 208
2351 26 205
2352 26 221
2353 26 221
2354 19 217
2355 12 218
2356 24 215
2357 15 216
2358 16 222
2359 198 153
2360 201 159
2361 198 156
2362 188 156
2363 192 155
2364 202 154
2365 195 162
2366 186 164
2367 189 153
2368 193 164
2369 195 159
2370 203 160
2371 203 154
2372 189 151
2373 188 151
2374 197 162
2375 193 153
2376 201 155
2377 188 154
2378 196 157
2379 196 152
2380 188 158
2381 189 159
2382 202 162
2383 200 163
2384 188 156
2385 199 156
2386 197 165
2387 201 150
2388 193 165
2389 95 135
2390 86 143
2391 96 143
2392 93 148
2393 90 146
2394 93 132
2395 83 148
2396 82 132
2397 83 131
2398 85 136
2399 83 145
2400 89 135
2401 82 148
2402 93 130
2403 88 130
2404 91 141
2405 88 144
2406 85 145
2407 90 147
2408 85 145
2409 97 148
2410 82 139
2411 82 135
2412 82 146
2413 97 135
2414 90 148
2415 84 149
2416 95 147
2417 90 130
2418 97 138
2419 146 187
2420 130 196
2421 138 185
2422 141 193
2423 133 191
2424 148 188
2425 137 187
2426 133 203
2427 132 193
2428 147 191
2429 143 200
2430 136 193
2431 136 203
2432 148 186
2433 144 187
2434 131 191
2435 141 194
2436 136 199
2437 143 187
2438 140 193
2439 143 187
2440 136 186
2441 149 187
2442 133 193
2443 142 192
2444 133 190
2445 141 190
2446 148 185
2447 138 185
2448 137 200
2449 33 203
2450 43 187
2451 29 193
2452 35 200
2453 43 192
2454 38 196
2455 43 200
2456 31 199
2457 36 185
2458 44 201
2459 37 193
2460 43 198
2461 40 189
2462 31 196
2463 33 200
2464 38 201
2465 31 195
2466 30 191
2467 33 200
2468 29 202
2469 44 193
2470 43 203
2471 34 190
2472 41 193
2473 35 201
2474 39 200
2475 41 200
2476 40 202
2477 33 188
2478 36 199
2479 128 90
2480 116 92
2481 127 97
2482 120 96
2483 128 83
2484 115 88
2485 125 87
2486 115 85
2487 116 82
2488 129 94
2489 124 96
2490 124 86
2491 119 83
2492 125 82
2493 117 88
2494 119 91
2495 129 85
2496 117 93
2497 129 91
2498 122 82
2499 125 96
2500 129 82
2501 128 94
2502 120 86
2503 125 90
2504 120 94
2505 128 88
2506 120 82
2507 127 91
2508 115 95
2509 180 116
2510 172 123
2511 177 126
2512 184 117
2513 175 127
2514 183 123
2515 178 125
2516 182 127
2517 167 124
2518 169 120
2519 180 123
2520 178 124
2521 169 116
2522 174 115
2523 172 127
2524 171 115
2525 183 125
2526 173 122
2527 172 125
2528 176 117
2529 178 116
2530 174 118
2531 183 122
2532 172 127
2533 169 127
2534 175 122
2535 178 124
2536 175 124
2537 177 124
2538 176 126
2539 61 44
2540 61 33
2541 49 41
2542 54 38
2543 55 30
2544 56 41
2545 50 29
2546 54 44
2547 51 28
2548 51 39
2549 59 36
2550 48 38
2551 55 35
2552 54 35
2553 55 38
2554 59 30
2555 57 43
2556 46 28
2557 47 31
2558 50 28
2559 58 34
2560 57 40
2561 57 44
2562 51 41
2563 57 34
2564 48 43
2565 52 33
2566 58 44
2567 49 33
2568 50 31
2569 159 26
2570 154 26
2571 152 13
2572 158 26
2573 152 19
2574 153 24
2575 163 21
2576 162 18
2577 160 20
2578 165 14
2579 161 22
2580 160 20
2581 154 19
2582 155 18
2583 153 17
2584 157 24
2585 165 21
2586 162 13
2587 161 25
2588 157 22
2589 151 14
2590 164 21
2591 152 20
2592 165 25
2593 156 17
2594 156 17
2595 162 20
2596 161 24
2597 165 18
2598 165 24
2599 43 94
2600 43 85
2601 34 86
2602 28 87
2603 43 97
2604 42 83
2605 42 94
2606 38 88
2607 43 94
2608 41 85
2609 40 82
2610 37 90
2611 28 95
2612 28 85
2613 40 95
2614 32 93
2615 41 96
2616 34 95
2617 31 93
2618 44 93
2619 39 85
2620 39 91
2621 40 82
2622 31 88
2623 30 90
2624 43 96
2625 41 90
2626 39 91
2627 30 85
2628 31 82
2629 210 17
2630 222 23
2631 213 23
2632 213 27
2633 220 17
2634 210 23
2635 206 14
2636 217 26
2637 218 20
2638 204 25
2639 216 27
2640 209 17
2641 213 25
2642 217 22
2643 222 23
2644 216 12
2645 207 22
2646 212 15
2647 218 18
2648 218 27
2649 209 17
2650 219 14
2651 212 22
2652 216 19
2653 214 20
2654 221 12
2655 221 12
2656 216 19
2657 207 19
2658 209 21
2659 171 187
2660 173 201
2661 183 201
2662 172 191
2663 172 189
2664 175 197
2665 179 187
2666 167 192
2667 176 198
2668 182 198
2669 183 185
2670 178 185
2671 171 187
2672 171 197
2673 176 191
2674 173 202
2675 169 194
2676 170 193
2677 166 185
2678 174 188
2679 175 193
2680 183 189
2681 181 193
2682 178 201
2683 176 191
2684 182 203
2685 172 200
2686 184 187
2687 180 192
2688 182 195
2689 95 187
2690 84 199
2691 87 185
2692 94 197
2693 93 188
2694 96 185
2695 82 192
2696 83 189
2697 82 191
2698 86 191
2699 92 200
2700 83 187
2701 86 189
2702 94 194
2703 83 197
2704 89 191
2705 85 198
2706 94 194
2707 85 196
2708 86 198
2709 90 191
2710 94 201
2711 92 187
2712 86 201
2713 84 198
2714 82 188
2715 90 187
2716 89 186
2717 91 195
2718 83 194
2719 84 134
2720 90 139
2721 93 145
2722 87 134
2723 92 135
2724 85 136
2725 84 140
2726 88 137
2727 84 148
2728 84 142
2729 84 134
2730 88 132
2731 83 135
2732 89 134
2733 87 149
2734 89 137
2735 89 146
2736 96 136
2737 90 144
2738 91 139
2739 82 134
2740 89 137
2741 88 142
2742 82 136
2743 95 145
2744 87 147
2745 94 146
2746 88 147
2747 84 135
2748 88 137
2749 79 199
2750 63 190
2751 77 199
2752 63 202
2753 77 187
2754 75 187
2755 76 198
2756 64 196
2757 80 193
2758 70 190
2759 79 203
2760 79 199
2761 63 191
2762 77 199
2763 80 198
2764 77 195
2765 65 185
2766 74 198
2767 62 192
2768 76 189
2769 76 201
2770 75 194
2771 71 192
2772 75 198
2773 71 196
2774 68 202
2775 69 199
2776 74 195
2777 75 201
2778 71 201
2779 222 212
2780 213 207
2781 205 217
2782 219 220
2783 212 218
2784 210 221
2785 220 210
2786 218 209
2787 213 217
2788 218 204
2789 206 204
2790 209 211
2791 215 206
2792 218 215
2793 219 212
2794 212 222
2795 210 212
2796 222 219
2797 209 218
2798 205 204
2799 218 205
2800 207 208
2801 219 205
2802 202 24
2803 198 23
2804 202 24
2805 202 20
2806 194 25
2807 186 24
2808 190 26
2809 199 21
2810 203 17
2811 186 23
2812 197 12
2813 191 26
2814 191 23
2815 189 18
2816 188 14
2817 200 12
2818 198 17
2819 187 26
2820 198 12
2821 201 18
2822 197 19
2823 192 14
2824 196 25
2825 192 13
2826 192 16
2827 188 16
2828 187 16
2829 188 12
2830 198 18
2831 186 20
2832 142 94
2833 142 88
2834 138 83
2835 131 88
2836 144 87
2837 132 85
2838 147 86
2839 134 84
2840 136 85
2841 135 87
2842 133 85
2843 134 84
2844 144 96
2845 131 94
2846 137 94
2847 149 91
2848 132 89
2849 134 97
2850 135 86
2851 139 93
2852 139 91
2853 138 82
2854 142 84
2855 144 94
2856 146 94
2857 137 87
2858 133 82
2859 142 93
2860 147 84
2861 142 95
2862 163 145
2863 150 130
2864 163 134
2865 162 140
2866 155 147
2867 158 139
2868 157 140
2869 150 147
2870 160 144
2871 157 133
2872 164 130
2873 162 149
2874 156 146
2875 164 135
2876 162 132
2877 158 139
2878 164 147
2879 161 147
2880 159 139
2881 163 134
2882 151 131
2883 151 141
2884 165 134
2885 158 145
2886 161 137
2887 161 133
2888 155 138
2889 160 143
2890 154 141
2891 162 135
2892 73 114
2893 81 113
2894 62 111
2895 70 100
2896 70 108
2897 69 101
2898 62 110
2899 70 109
2900 71 102
2901 66 108
2902 70 106
2903 64 112
2904 67 102
2905 63 111
2906 68 110
2907 70 109
2908 78 98
2909 68 106
2910 71 108
2911 78 112
2912 63 103
2913 66 102
2914 77 107
2915 78 112
2916 76 112
2917 75 106
2918 63 107
2919 77 113
2920 72 107
2921 63 112
2922 0 109
2923 8 113
2924 5 98
2925 2 109
2926 8 103
2927 0 103
2928 7 105
2929 5 106
2930 9 103
2931 1 101
2932 9 113
2933 8 112
2934 8 100
2935 0 105
2936 10 105
2937 2 99
2938 9 103
2939 1 105
2940 1 99
2941 11 114
2942 0 109
2943 0 103
2944 10 107
2945 7 103
2946 11 103
2947 8 114
2948 5 108
