277 300 10 2926
0 7
1 11
2 8
3 8
4 6
5 8
6 7
7 9
8 8
9 9
10 9
11 12
12 6
13 3
14 3
15 3
16 3
17 3
18 3
19 3
20 5
21 3
22 3
23 3
24 4
25 3
26 3
27 3
28 3
29 3
30 3
31 3
32 4
33 3
34 3
35 4
36 5
37 3
38 4
39 3
40 3
41 3
42 3
43 4
44 3
45 3
46 6
47 3
48 3
49 3
50 3
51 3
52 5
53 3
54 4
55 3
56 5
57 3
58 3
59 3
60 4
61 3
62 3
63 3
64 3
65 3
66 3
67 3
68 3
69 3
70 5
71 3
72 6
73 3
74 3
75 3
76 3
77 3
78 3
79 3
80 3
81 5
82 3
83 3
84 3
85 6
86 3
87 4
88 4
89 3
90 3
91 4
92 3
93 4
94 3
95 3
96 3
97 4
98 3
99 3
100 4
101 3
102 3
103 4
104 3
105 3
106 3
107 3
108 3
109 3
110 4
111 3
112 3
113 3
114 3
115 3
116 4
117 3
118 4
119 5
120 3
121 4
122 3
123 3
124 3
125 4
126 4
127 3
128 3
129 3
130 3
131 5
132 3
133 3
134 3
135 3
136 3
137 4
138 3
139 3
140 3
141 3
142 3
143 3
144 3
145 3
146 4
147 3
148 3
149 3
150 3
151 3
152 3
153 4
154 5
155 3
156 3
157 3
158 3
159 4
160 3
161 4
162 4
163 5
164 3
165 3
166 4
167 4
168 3
169 4
170 5
171 3
172 4
173 3
174 4
175 3
176 3
177 3
178 5
179 4
180 3
181 4
182 4
183 3
184 4
185 3
186 3
187 3
188 3
189 3
190 3
191 3
192 4
193 6
194 3
195 4
196 3
197 3
198 4
199 3
200 3
201 3
202 3
203 3
204 3
205 3
206 3
207 3
208 3
209 3
210 3
211 3
212 3
213 6
214 3
215 3
216 3
217 4
218 3
219 3
220 5
221 3
222 3
223 4
224 5
225 3
226 3
227 4
228 3
229 3
230 3
231 3
232 7
233 4
234 3
235 4
236 3
237 3
238 3
239 3
240 3
241 7
242 3
243 3
244 3
245 4
246 3
247 3
248 3
249 3
250 4
251 3
252 4
253 3
254 3
255 3
256 3
257 3
258 3
259 3
260 3
261 3
262 4
263 3
264 4
265 5
266 5
267 3
268 3
269 3
270 4
271 3
272 3
273 3
274 3
275 3
276 3
0 0 1
1 0 2
2 0 3
3 0 9
4 0 11
5 1 2
6 1 3
7 1 8
8 1 9
9 1 10
10 1 85
11 1 141
12 1 262
13 2 5
14 2 6
15 2 8
16 2 11
17 2 52
18 2 70
19 3 4
20 3 7
21 3 105
22 3 213
23 4 7
24 4 8
25 4 10
26 4 11
27 5 6
28 5 7
29 5 8
30 5 9
31 5 11
32 6 8
33 6 9
34 6 10
35 6 11
36 7 8
37 7 9
38 7 32
39 7 178
40 8 10
41 8 11
42 9 10
43 9 11
44 9 12
45 10 159
46 10 247
47 11 121
48 11 195
49 11 231
50 12 15
51 12 18
52 12 23
53 12 20
54 13 16
55 13 24
56 14 26
57 14 31
58 16 17
59 19 25
60 20 22
61 20 29
62 20 28
63 21 22
64 24 25
65 24 27
66 26 27
67 26 30
68 28 30
69 32 38
70 32 40
71 33 36
72 34 42
73 35 39
74 35 49
75 35 43
76 36 47
77 36 50
78 37 46
79 38 48
80 40 51
81 41 46
82 42 44
83 42 46
84 43 50
85 43 48
86 45 46
87 45 49
88 52 66
89 52 65
90 52 68
91 53 61
92 53 57
93 54 62
94 54 68
95 55 63
96 56 63
97 56 64
98 56 57
99 56 69
100 57 68
101 58 67
102 59 61
103 60 67
104 60 65
105 70 82
106 70 72
107 71 79
108 72 76
109 72 73
110 72 83
111 72 81
112 73 77
113 74 81
114 75 77
115 78 83
116 79 81
117 79 84
118 80 84
119 85 97
120 85 93
121 85 91
122 85 104
123 86 97
124 87 98
125 87 97
126 88 95
127 88 102
128 88 100
129 89 103
130 90 97
131 91 96
132 91 103
133 92 99
134 93 94
135 93 99
136 96 101
137 99 100
138 105 114
139 106 120
140 107 115
141 107 119
142 108 117
143 108 112
144 109 116
145 110 111
146 110 114
147 110 113
148 112 115
149 113 118
150 116 118
151 116 119
152 119 120
153 121 139
154 122 128
155 123 133
156 123 132
157 124 140
158 125 128
159 125 131
160 125 134
161 126 136
162 126 131
163 127 132
164 127 134
165 127 130
166 129 136
167 130 140
168 131 137
169 133 138
170 134 135
171 137 139
172 141 152
173 142 144
174 142 149
175 142 153
176 143 154
177 144 155
178 145 150
179 145 158
180 146 156
181 146 152
182 147 153
183 148 151
184 148 154
185 149 154
186 150 152
187 153 156
188 154 157
189 159 170
190 160 166
191 161 167
192 161 162
193 162 176
194 162 172
195 163 166
196 163 174
197 163 167
198 164 167
199 165 168
200 165 174
201 169 173
202 169 177
203 170 172
204 170 175
205 171 172
206 173 175
207 178 184
208 178 179
209 179 185
210 180 193
211 181 183
212 181 186
213 181 191
214 182 192
215 182 188
216 182 194
217 184 191
218 185 193
219 186 189
220 187 193
221 188 193
222 190 192
223 195 207
224 195 201
225 196 199
226 197 202
227 197 199
228 198 200
229 198 201
230 198 208
231 198 211
232 199 201
233 203 209
234 204 211
235 204 205
236 205 212
237 206 209
238 207 209
239 208 210
240 213 214
241 213 223
242 213 224
243 213 229
244 213 216
245 215 221
246 216 218
247 217 220
248 217 223
249 218 230
250 219 226
251 220 221
252 220 226
253 222 228
254 222 227
255 224 225
256 224 227
257 231 241
258 232 233
259 232 237
260 232 242
261 232 243
262 232 241
263 233 234
264 235 236
265 235 239
266 238 242
267 239 245
268 240 245
269 241 244
270 241 245
271 241 246
272 247 260
273 247 252
274 248 255
275 248 250
276 249 252
277 249 250
278 250 251
279 250 261
280 252 256
281 252 258
282 253 259
283 253 260
284 254 258
285 257 259
286 262 269
287 262 266
288 263 265
289 263 270
290 264 268
291 264 274
292 264 266
293 264 276
294 265 267
295 265 275
296 266 270
297 271 273
298 271 272
299 272 276
0 153 191
1 150 191
2 146 191
3 143 193
4 149 186
5 158 183
6 145 184
7 154 191
8 145 186
9 152 182
10 152 185
11 157 191
12 152 179
13 142 178
14 152 193
15 151 181
16 153 192
17 144 179
18 156 180
19 144 191
20 156 179
21 150 183
22 141 184
23 149 181
24 152 189
25 155 182
26 155 187
27 141 189
28 155 185
29 144 188
30 203 73
31 196 77
32 199 79
33 197 73
34 209 78
35 208 74
36 199 81
37 210 82
38 201 74
39 212 73
40 203 79
41 212 81
42 210 71
43 209 71
44 209 77
45 204 71
46 212 70
47 210 81
48 204 81
49 196 83
50 210 79
51 203 72
52 209 72
53 211 79
54 195 70
55 199 84
56 198 70
57 206 72
58 197 70
59 212 79
60 274 93
61 264 89
62 269 104
63 268 103
64 270 85
65 272 99
66 269 87
67 273 88
68 273 101
69 266 85
70 269 87
71 264 86
72 265 100
73 262 97
74 269 86
75 276 104
76 274 98
77 268 87
78 265 103
79 264 103
80 265 92
81 272 91
82 275 94
83 273 101
84 270 100
85 262 96
86 262 92
87 275 87
88 266 88
89 262 98
90 219 129
91 217 127
92 215 127
93 220 126
94 218 140
95 223 135
96 217 121
97 229 140
98 218 138
99 213 129
100 218 125
101 217 138
102 215 132
103 229 121
104 218 136
105 217 130
106 230 134
107 221 139
108 225 133
109 229 129
110 214 123
111 213 136
112 217 127
113 229 137
114 218 122
115 216 136
116 227 132
117 222 132
118 221 129
119 225 124
120 84 49
121 82 36
122 70 32
123 82 41
124 79 48
125 76 38
126 81 33
127 72 38
128 71 33
129 74 46
130 74 35
131 79 45
132 78 51
133 76 45
134 75 35
135 74 32
136 84 38
137 71 44
138 83 36
139 78 45
140 83 42
141 79 47
142 81 48
143 73 47
144 72 39
145 84 36
146 70 32
147 70 32
148 77 45
149 81 51
150 79 76
151 76 71
152 75 79
153 71 78
154 82 80
155 81 80
156 82 80
157 75 80
158 71 73
159 77 78
160 75 82
161 78 76
162 82 73
163 70 75
164 77 84
165 75 81
166 74 77
167 82 75
168 75 82
169 73 79
170 57 146
171 69 148
172 61 158
173 68 145
174 65 147
175 53 151
176 60 149
177 57 158
178 66 152
179 69 145
180 54 150
181 56 144
182 56 153
183 64 157
184 66 151
185 54 152
186 68 154
187 59 149
188 57 149
189 64 155
190 69 148
191 69 151
192 58 154
193 53 155
194 58 156
195 55 152
196 62 157
197 58 152
198 61 151
199 55 157
200 140 98
201 123 93
202 136 96
203 129 85
204 131 91
205 136 96
206 128 96
207 131 91
208 126 95
209 128 87
210 138 92
211 140 102
212 133 97
213 121 86
214 123 98
215 127 91
216 126 102
217 139 98
218 122 96
219 132 88
220 137 104
221 126 91
222 135 95
223 136 85
224 131 95
225 125 91
226 123 94
227 127 85
228 123 98
229 137 101
230 275 234
231 275 245
232 263 233
233 270 243
234 266 243
235 274 240
236 276 240
237 264 243
238 271 239
239 272 242
240 265 245
241 276 231
242 272 236
243 270 243
244 275 239
245 272 241
246 274 231
247 264 233
248 275 245
249 271 236
250 269 243
251 262 236
252 267 242
253 275 240
254 264 233
255 276 243
256 267 244
257 275 245
258 264 246
259 269 238
260 95 111
261 94 119
262 94 107
263 86 111
264 86 120
265 89 119
266 102 105
267 93 112
268 99 113
269 94 119
270 89 107
271 85 108
272 96 109
273 101 116
274 104 105
275 99 106
276 100 111
277 102 120
278 90 111
279 95 111
280 104 113
281 92 110
282 92 117
283 94 116
284 96 117
285 103 106
286 100 106
287 86 109
288 88 117
289 103 113
290 161 27
291 170 12
292 174 26
293 161 22
294 172 22
295 177 31
296 173 29
297 172 18
298 167 17
299 176 25
300 173 30
301 166 12
302 159 17
303 165 18
304 172 23
305 176 27
306 163 22
307 172 21
308 160 15
309 176 19
310 165 14
311 170 14
312 163 22
313 167 21
314 175 14
315 167 13
316 161 24
317 167 30
318 174 30
319 162 30
320 191 227
321 186 213
322 186 224
323 185 225
324 182 226
325 183 217
326 178 222
327 192 226
328 184 220
329 184 215
330 192 225
331 192 229
332 188 214
333 183 229
334 192 228
335 192 217
336 189 227
337 184 220
338 187 216
339 194 216
340 191 219
341 192 223
342 187 227
343 194 220
344 192 227
345 185 222
346 184 227
347 194 219
348 182 219
349 190 219
350 117 80
351 114 70
352 111 82
353 118 83
354 113 73
355 118 79
356 109 72
357 110 82
358 106 77
359 111 83
360 114 77
361 118 74
362 108 77
363 111 78
364 118 76
365 117 80
366 115 71
367 114 72
368 105 80
369 119 70
370 118 76
371 113 79
372 116 82
373 105 82
374 117 82
375 112 80
376 110 77
377 108 78
378 119 80
379 119 79
380 125 233
381 131 245
382 121 245
383 123 240
384 123 238
385 131 245
386 139 236
387 125 232
388 140 238
389 123 233
390 127 232
391 136 246
392 134 233
393 130 242
394 121 237
395 139 241
396 125 239
397 121 240
398 140 236
399 138 245
400 134 243
401 134 237
402 122 239
403 129 242
404 137 245
405 127 239
406 130 246
407 129 241
408 137 233
409 56 80
410 54 71
411 66 71
412 63 83
413 53 72
414 58 76
415 53 74
416 65 72
417 58 84
418 65 81
419 54 70
420 54 74
421 62 78
422 61 73
423 65 77
424 57 76
425 69 83
426 64 74
427 58 81
428 66 80
429 60 82
430 57 74
431 62 84
432 66 81
433 52 76
434 61 73
435 69 70
436 58 84
437 64 77
438 52 77
439 44 143
440 37 153
441 48 144
442 41 150
443 45 153
444 45 157
445 47 144
446 43 147
447 33 156
448 37 152
449 33 145
450 32 151
451 39 141
452 48 142
453 42 150
454 38 151
455 46 141
456 46 157
457 51 145
458 47 146
459 36 158
460 42 154
461 32 146
462 43 144
463 37 148
464 51 151
465 41 145
466 50 157
467 49 145
468 51 157
469 191 206
470 180 198
471 179 198
472 192 197
473 193 196
474 186 200
475 184 195
476 188 202
477 186 206
478 192 202
479 184 206
480 188 204
481 184 209
482 188 196
483 194 198
484 193 202
485 186 210
486 191 197
487 179 212
488 193 201
489 191 195
490 191 199
491 181 199
492 184 197
493 194 204
494 190 208
495 190 209
496 185 197
497 188 198
498 190 197
499 234 68
500 231 55
501 236 61
502 235 65
503 238 62
504 239 62
505 237 56
506 242 52
507 238 55
508 239 69
509 239 56
510 234 61
511 238 66
512 244 66
513 233 61
514 241 69
515 241 57
516 246 67
517 237 56
518 234 68
519 240 59
520 235 67
521 244 53
522 232 52
523 245 52
524 239 57
525 241 68
526 242 53
527 240 68
528 232 55
529 189 143
530 178 147
531 184 153
532 183 153
533 180 151
534 191 151
535 180 150
536 185 148
537 181 144
538 180 149
539 188 145
540 179 158
541 191 145
542 180 143
543 179 158
544 180 154
545 181 157
546 182 155
547 178 156
548 184 154
549 188 144
550 179 156
551 178 151
552 188 143
553 182 141
554 183 154
555 180 150
556 193 156
557 182 151
558 190 144
559 176 141
560 173 158
561 167 143
562 172 143
563 165 151
564 163 153
565 162 141
566 172 158
567 163 142
568 174 151
569 163 141
570 169 144
571 165 151
572 162 144
573 161 146
574 175 156
575 176 157
576 159 152
577 166 154
578 167 147
579 175 158
580 176 154
581 159 157
582 167 149
583 170 150
584 164 147
585 173 143
586 159 156
587 160 156
588 159 156
589 34 210
590 33 212
591 35 210
592 46 209
593 41 202
594 51 207
595 33 203
596 43 200
597 49 210
598 44 202
599 41 207
600 36 203
601 51 199
602 50 199
603 46 205
604 48 199
605 46 204
606 41 201
607 33 207
608 41 203
609 41 202
610 36 201
611 40 198
612 48 197
613 50 198
614 40 197
615 32 204
616 35 204
617 47 210
618 43 198
619 222 237
620 218 232
621 219 242
622 228 232
623 225 242
624 225 246
625 214 237
626 220 243
627 215 232
628 222 238
629 225 241
630 216 233
631 214 240
632 225 239
633 224 243
634 216 241
635 220 242
636 223 237
637 217 237
638 221 233
639 229 239
640 218 239
641 222 243
642 229 240
643 230 234
644 215 243
645 229 240
646 220 233
647 218 244
648 225 245
649 172 99
650 163 103
651 167 97
652 173 102
653 159 102
654 165 99
655 175 87
656 177 103
657 173 91
658 162 91
659 162 99
660 177 100
661 165 101
662 163 96
663 163 90
664 172 88
665 176 96
666 176 92
667 166 92
668 169 87
669 166 104
670 162 85
671 169 104
672 167 97
673 177 96
674 175 94
675 160 104
676 169 85
677 177 87
678 159 95
679 102 106
680 93 109
681 103 107
682 86 117
683 88 111
684 95 105
685 103 105
686 102 109
687 101 120
688 95 108
689 90 113
690 99 112
691 99 105
692 100 106
693 88 108
694 103 120
695 95 111
696 94 113
697 103 107
698 104 119
699 88 116
700 88 107
701 92 114
702 86 115
703 92 116
704 104 113
705 92 118
706 96 118
707 88 114
708 101 108
709 275 96
710 263 90
711 271 104
712 265 92
713 266 95
714 274 96
715 275 91
716 269 95
717 272 100
718 264 87
719 267 102
720 267 90
721 265 94
722 270 97
723 276 101
724 276 93
725 274 104
726 268 103
727 270 95
728 268 88
729 273 90
730 272 100
731 276 98
732 268 101
733 273 90
734 264 103
735 275 103
736 269 89
737 262 99
738 269 103
739 2 36
740 9 42
741 10 49
742 8 44
743 10 44
744 9 44
745 5 43
746 11 48
747 11 40
748 11 44
749 8 39
750 4 34
751 11 40
752 11 51
753 6 33
754 4 46
755 3 43
756 0 41
757 0 35
758 4 37
759 7 34
760 2 45
761 9 40
762 11 46
763 8 39
764 5 50
765 7 34
766 8 34
767 8 51
768 154 116
769 145 119
770 141 117
771 154 108
772 148 109
773 157 111
774 151 108
775 151 111
776 149 106
777 149 108
778 151 119
779 150 106
780 150 106
781 155 105
782 147 116
783 151 107
784 142 119
785 157 107
786 142 114
787 151 117
788 143 116
789 156 116
790 146 111
791 143 111
792 145 118
793 155 113
794 150 107
795 144 105
796 150 112
797 156 107
798 192 213
799 185 214
800 183 216
801 191 217
802 186 219
803 181 216
804 179 228
805 189 220
806 178 220
807 188 230
808 193 229
809 188 230
810 179 226
811 186 216
812 179 223
813 179 228
814 185 221
815 183 225
816 190 227
817 183 229
818 193 229
819 178 224
820 189 214
821 189 215
822 185 227
823 180 219
824 181 215
825 179 221
826 190 220
827 190 227
828 244 53
829 233 56
830 238 68
831 242 54
832 233 62
833 232 66
834 240 68
835 233 66
836 236 61
837 234 68
838 246 53
839 236 52
840 238 65
841 236 60
842 234 59
843 244 63
844 238 68
845 238 56
846 237 58
847 236 54
848 231 69
849 243 69
850 241 69
851 237 63
852 246 57
853 235 64
854 242 59
855 231 65
856 240 57
857 241 58
858 178 84
859 191 75
860 187 82
861 179 76
862 179 77
863 190 73
864 191 73
865 189 75
866 190 80
867 182 79
868 188 80
869 186 70
870 186 70
871 183 79
872 183 71
873 194 77
874 178 82
875 184 78
876 180 75
877 193 75
878 178 71
879 186 84
880 188 76
881 178 70
882 191 76
883 184 75
884 184 70
885 188 70
886 179 70
887 192 82
888 112 77
889 110 75
890 117 76
891 106 80
892 109 72
893 107 70
894 118 77
895 119 71
896 115 70
897 113 73
898 120 73
899 108 75
900 108 83
901 110 76
902 114 75
903 120 81
904 110 79
905 111 81
906 105 78
907 111 74
908 116 70
909 108 72
910 111 80
911 119 74
912 108 79
913 106 72
914 105 79
915 117 79
916 107 74
917 111 76
918 51 189
919 41 186
920 42 179
921 49 193
922 45 182
923 37 185
924 40 186
925 37 192
926 50 192
927 45 186
928 48 179
929 50 184
930 35 179
931 36 190
932 51 185
933 39 191
934 32 181
935 36 187
936 41 185
937 38 188
938 46 178
939 34 181
940 32 191
941 49 181
942 50 188
943 32 190
944 50 193
945 33 191
946 50 181
947 50 193
948 231 100
949 240 100
950 234 95
951 242 91
952 243 100
953 239 89
954 235 97
955 241 95
956 232 90
957 234 90
958 239 93
959 245 86
960 243 96
961 236 87
962 242 89
963 242 104
964 246 95
965 243 95
966 240 103
967 240 90
968 237 92
969 241 86
970 246 95
971 232 91
972 240 90
973 231 103
974 234 90
975 246 85
976 240 87
977 240 96
978 241 274
979 236 264
980 242 272
981 242 267
982 238 271
983 244 265
984 243 268
985 245 274
986 236 267
987 240 275
988 237 275
989 242 264
990 240 274
991 239 276
992 232 276
993 242 262
994 235 275
995 235 263
996 235 270
997 239 271
998 237 270
999 233 262
1000 237 266
1001 242 270
1002 242 276
1003 236 273
1004 238 270
1005 239 269
1006 236 269
1007 241 271
1008 1 81
1009 9 83
1010 0 82
1011 5 84
1012 8 75
1013 6 83
1014 2 76
1015 11 74
1016 0 73
1017 7 80
1018 6 81
1019 6 84
1020 10 74
1021 0 81
1022 8 73
1023 4 74
1024 9 74
1025 9 70
1026 8 73
1027 2 76
1028 9 76
1029 6 73
1030 6 79
1031 6 84
1032 2 75
1033 3 70
1034 11 74
1035 5 79
1036 2 78
1037 56 162
1038 58 159
1039 56 162
1040 63 162
1041 67 166
1042 56 168
1043 60 166
1044 55 163
1045 56 169
1046 57 170
1047 60 168
1048 67 170
1049 60 174
1050 69 161
1051 57 177
1052 55 173
1053 56 160
1054 68 176
1055 61 174
1056 66 166
1057 58 169
1058 60 164
1059 54 169
1060 53 170
1061 60 162
1062 65 174
1063 57 174
1064 57 161
1065 68 174
1066 66 170
1067 120 212
1068 106 207
1069 120 210
1070 110 201
1071 115 200
1072 113 206
1073 111 205
1074 106 203
1075 120 208
1076 108 201
1077 119 198
1078 113 203
1079 118 209
1080 119 206
1081 105 195
1082 120 211
1083 108 203
1084 110 198
1085 114 208
1086 119 201
1087 111 201
1088 112 212
1089 110 203
1090 119 195
1091 111 208
1092 111 200
1093 114 195
1094 108 198
1095 116 204
1096 114 204
1097 79 204
1098 74 200
1099 81 207
1100 73 202
1101 81 201
1102 77 198
1103 73 201
1104 75 209
1105 83 196
1106 70 210
1107 84 198
1108 73 206
1109 71 207
1110 79 207
1111 80 207
1112 81 209
1113 70 210
1114 77 207
1115 72 210
1116 70 199
1117 84 203
1118 82 198
1119 70 195
1120 84 210
1121 71 201
1122 83 195
1123 77 212
1124 83 196
1125 80 209
1126 74 204
1127 256 3
1128 249 2
1129 251 1
1130 261 8
1131 254 5
1132 260 7
1133 249 8
1134 257 0
1135 250 11
1136 258 0
1137 251 0
1138 257 6
1139 247 5
1140 254 9
1141 251 11
1142 256 5
1143 253 6
1144 253 6
1145 250 0
1146 248 3
1147 253 1
1148 254 6
1149 258 9
1150 256 7
1151 261 11
1152 255 1
1153 250 8
1154 257 9
1155 252 3
1156 251 4
1157 192 45
1158 194 32
1159 179 49
1160 183 33
1161 190 44
1162 184 41
1163 191 44
1164 193 32
1165 179 42
1166 179 34
1167 189 32
1168 189 44
1169 182 39
1170 191 37
1171 181 43
1172 194 49
1173 182 42
1174 191 51
1175 178 43
1176 185 43
1177 182 51
1178 183 49
1179 179 40
1180 184 37
1181 193 42
1182 178 33
1183 193 37
1184 185 44
1185 178 51
1186 190 48
1187 91 92
1188 96 99
1189 102 97
1190 94 104
1191 104 90
1192 86 89
1193 99 98
1194 89 102
1195 102 97
1196 101 89
1197 89 104
1198 89 102
1199 90 102
1200 89 97
1201 88 101
1202 88 92
1203 104 95
1204 96 99
1205 96 92
1206 89 104
1207 94 101
1208 85 101
1209 89 86
1210 274 71
1211 263 84
1212 272 79
1213 266 78
1214 271 83
1215 268 79
1216 267 70
1217 263 78
1218 265 84
1219 268 82
1220 271 73
1221 270 72
1222 268 80
1223 265 82
1224 270 70
1225 271 82
1226 263 74
1227 273 83
1228 269 73
1229 272 78
1230 264 82
1231 268 77
1232 275 83
1233 263 82
1234 273 72
1235 266 75
1236 265 74
1237 264 84
1238 264 81
1239 268 71
1240 157 195
1241 153 197
1242 144 208
1243 142 207
1244 153 204
1245 142 212
1246 141 198
1247 158 201
1248 145 206
1249 145 208
1250 156 206
1251 151 202
1252 152 207
1253 142 201
1254 158 207
1255 155 206
1256 144 205
1257 152 200
1258 152 204
1259 157 205
1260 154 196
1261 157 201
1262 150 204
1263 154 207
1264 150 210
1265 158 201
1266 153 211
1267 152 212
1268 156 198
1269 148 199
1270 85 156
1271 97 151
1272 90 153
1273 97 154
1274 85 149
1275 87 141
1276 85 142
1277 95 150
1278 94 147
1279 97 147
1280 98 150
1281 92 144
1282 96 156
1283 91 148
1284 102 151
1285 98 143
1286 92 141
1287 101 152
1288 104 141
1289 101 157
1290 92 148
1291 95 145
1292 95 153
1293 86 150
1294 86 148
1295 89 150
1296 101 148
1297 95 146
1298 92 143
1299 85 149
1300 62 6
1301 59 5
1302 68 0
1303 60 1
1304 53 3
1305 62 10
1306 60 4
1307 64 2
1308 53 7
1309 62 10
1310 68 4
1311 59 5
1312 57 10
1313 69 2
1314 62 11
1315 61 2
1316 62 0
1317 64 3
1318 56 1
1319 65 1
1320 61 11
1321 53 5
1322 69 1
1323 65 10
1324 66 7
1325 60 11
1326 60 4
1327 66 10
1328 64 1
1329 60 7
1330 100 246
1331 102 236
1332 85 234
1333 94 238
1334 85 237
1335 91 234
1336 98 241
1337 96 246
1338 89 242
1339 97 246
1340 104 234
1341 85 242
1342 104 240
1343 88 236
1344 86 235
1345 96 233
1346 99 237
1347 104 233
1348 85 239
1349 103 246
1350 93 238
1351 102 232
1352 91 246
1353 85 234
1354 86 244
1355 102 245
1356 104 235
1357 90 245
1358 101 232
1359 98 232
1360 33 8
1361 51 5
1362 51 6
1363 33 3
1364 51 0
1365 51 2
1366 48 5
1367 48 1
1368 51 11
1369 41 0
1370 33 0
1371 47 5
1372 43 10
1373 35 9
1374 37 10
1375 42 6
1376 41 7
1377 44 2
1378 32 6
1379 35 9
1380 33 5
1381 36 5
1382 49 0
1383 51 5
1384 40 1
1385 50 5
1386 39 1
1387 46 2
1388 51 5
1389 42 7
1390 69 118
1391 62 112
1392 64 114
1393 59 109
1394 57 112
1395 56 118
1396 61 106
1397 58 117
1398 54 118
1399 54 117
1400 58 107
1401 62 116
1402 65 114
1403 63 117
1404 52 108
1405 67 115
1406 54 110
1407 59 107
1408 64 106
1409 57 107
1410 59 112
1411 57 110
1412 55 111
1413 66 111
1414 62 111
1415 67 115
1416 65 115
1417 64 115
1418 52 113
1419 63 111
1420 111 49
1421 105 34
1422 107 40
1423 114 38
1424 108 43
1425 112 38
1426 120 41
1427 108 35
1428 118 50
1429 119 47
1430 109 46
1431 114 34
1432 119 32
1433 115 38
1434 109 35
1435 107 34
1436 115 47
1437 112 50
1438 112 49
1439 108 40
1440 120 50
1441 113 51
1442 112 37
1443 120 42
1444 120 37
1445 112 39
1446 119 38
1447 120 45
1448 107 35
1449 115 42
1450 24 202
1451 23 204
1452 15 203
1453 22 196
1454 31 210
1455 24 197
1456 23 197
1457 28 204
1458 15 197
1459 23 195
1460 17 203
1461 30 210
1462 17 207
1463 29 209
1464 30 200
1465 29 196
1466 18 207
1467 18 205
1468 28 203
1469 14 211
1470 20 199
1471 16 198
1472 14 212
1473 25 203
1474 22 212
1475 19 202
1476 16 209
1477 17 202
1478 31 195
1479 15 200
1480 120 155
1481 115 144
1482 116 151
1483 105 144
1484 116 141
1485 110 149
1486 111 141
1487 110 151
1488 115 144
1489 105 145
1490 114 144
1491 120 151
1492 107 149
1493 120 146
1494 117 157
1495 119 144
1496 108 151
1497 117 142
1498 119 157
1499 109 142
1500 114 149
1501 120 147
1502 117 142
1503 106 158
1504 107 149
1505 108 151
1506 112 143
1507 116 151
1508 106 156
1509 107 153
1510 210 35
1511 196 32
1512 196 40
1513 203 51
1514 203 36
1515 201 38
1516 202 32
1517 210 35
1518 197 47
1519 206 36
1520 200 50
1521 206 43
1522 211 47
1523 195 47
1524 212 42
1525 195 38
1526 212 50
1527 196 46
1528 196 50
1529 198 35
1530 195 36
1531 204 42
1532 207 32
1533 199 50
1534 204 46
1535 199 39
1536 201 44
1537 212 34
1538 204 47
1539 202 33
1540 6 182
1541 8 187
1542 0 181
1543 8 194
1544 8 188
1545 4 181
1546 2 184
1547 10 182
1548 3 190
1549 4 193
1550 0 181
1551 5 187
1552 0 183
1553 0 189
1554 0 191
1555 4 189
1556 11 190
1557 9 190
1558 0 193
1559 4 181
1560 9 185
1561 3 188
1562 7 188
1563 2 193
1564 0 182
1565 10 181
1566 2 181
1567 7 185
1568 9 191
1569 9 245
1570 2 245
1571 8 234
1572 10 234
1573 9 241
1574 6 243
1575 5 246
1576 10 234
1577 8 245
1578 4 237
1579 8 246
1580 6 234
1581 1 237
1582 7 246
1583 4 245
1584 11 237
1585 1 245
1586 7 246
1587 9 235
1588 4 246
1589 11 232
1590 9 242
1591 10 242
1592 0 244
1593 2 241
1594 0 243
1595 11 245
1596 1 233
1597 74 9
1598 73 1
1599 73 3
1600 74 2
1601 75 7
1602 82 7
1603 81 7
1604 81 0
1605 83 4
1606 80 10
1607 78 7
1608 80 1
1609 71 7
1610 75 3
1611 72 8
1612 73 4
1613 84 11
1614 82 11
1615 80 5
1616 79 0
1617 82 3
1618 72 4
1619 83 8
1620 70 10
1621 81 8
1622 70 4
1623 77 6
1624 70 7
1625 84 11
1626 73 10
1627 172 19
1628 171 30
1629 162 17
1630 172 24
1631 164 26
1632 173 29
1633 177 29
1634 165 21
1635 177 22
1636 166 19
1637 166 17
1638 165 13
1639 172 13
1640 166 19
1641 171 22
1642 164 18
1643 173 25
1644 160 12
1645 175 15
1646 173 27
1647 173 30
1648 169 20
1649 163 19
1650 166 25
1651 160 23
1652 172 17
1653 163 16
1654 171 15
1655 168 25
1656 159 18
1657 17 242
1658 21 242
1659 30 235
1660 19 231
1661 25 241
1662 24 238
1663 18 245
1664 25 232
1665 25 239
1666 22 235
1667 25 239
1668 18 232
1669 29 237
1670 31 242
1671 20 232
1672 22 236
1673 18 243
1674 22 242
1675 22 231
1676 25 233
1677 18 237
1678 21 232
1679 16 236
1680 25 238
1681 19 242
1682 18 241
1683 27 246
1684 17 233
1685 27 246
1686 25 231
1687 201 18
1688 208 24
1689 212 14
1690 212 14
1691 202 16
1692 206 16
1693 204 22
1694 205 22
1695 197 15
1696 206 14
1697 212 27
1698 198 14
1699 211 24
1700 201 15
1701 198 20
1702 212 23
1703 212 13
1704 201 22
1705 195 27
1706 195 19
1707 196 20
1708 212 21
1709 204 30
1710 211 20
1711 212 22
1712 200 16
1713 209 20
1714 203 21
1715 208 14
1716 208 16
1717 169 44
1718 165 33
1719 159 44
1720 168 49
1721 159 35
1722 162 46
1723 177 34
1724 177 44
1725 171 38
1726 177 41
1727 172 37
1728 174 34
1729 176 41
1730 163 36
1731 172 36
1732 175 36
1733 166 36
1734 162 39
1735 162 35
1736 165 43
1737 164 42
1738 176 35
1739 159 45
1740 161 48
1741 161 50
1742 167 36
1743 172 39
1744 161 48
1745 164 50
1746 161 38
1747 20 137
1748 28 125
1749 27 127
1750 31 127
1751 25 128
1752 31 124
1753 24 127
1754 15 131
1755 15 131
1756 26 140
1757 28 135
1758 12 137
1759 13 135
1760 16 135
1761 26 130
1762 28 135
1763 13 134
1764 12 133
1765 12 121
1766 20 128
1767 20 131
1768 24 121
1769 27 139
1770 13 122
1771 24 129
1772 16 139
1773 12 138
1774 14 125
1775 25 126
1776 23 123
1777 44 35
1778 33 43
1779 41 51
1780 39 33
1781 33 45
1782 44 36
1783 43 33
1784 39 42
1785 37 43
1786 37 33
1787 39 40
1788 36 49
1789 34 48
1790 37 36
1791 40 34
1792 49 44
1793 36 40
1794 33 43
1795 40 49
1796 51 49
1797 45 32
1798 132 98
1799 138 103
1800 126 100
1801 127 102
1802 127 88
1803 133 95
1804 133 93
1805 128 86
1806 135 103
1807 135 90
1808 127 96
1809 137 101
1810 124 87
1811 125 96
1812 128 93
1813 125 91
1814 140 89
1815 121 86
1816 133 92
1817 126 87
1818 131 100
1819 122 89
1820 135 92
1821 140 94
1822 138 91
1823 130 86
1824 134 97
1825 126 88
1826 138 85
1827 131 89
1828 218 272
1829 228 263
1830 220 264
1831 214 270
1832 230 273
1833 223 266
1834 219 267
1835 220 262
1836 222 270
1837 215 272
1838 227 267
1839 217 270
1840 227 272
1841 225 275
1842 230 273
1843 228 267
1844 221 275
1845 229 265
1846 215 271
1847 221 263
1848 225 264
1849 221 276
1850 227 271
1851 213 265
1852 218 271
1853 223 276
1854 227 272
1855 217 265
1856 226 272
1857 222 264
1858 56 7
1859 69 7
1860 57 8
1861 54 2
1862 68 5
1863 68 3
1864 53 9
1865 57 10
1866 69 2
1867 63 3
1868 57 3
1869 59 9
1870 64 5
1871 59 5
1872 60 0
1873 59 0
1874 67 8
1875 57 11
1876 59 6
1877 53 7
1878 58 5
1879 59 4
1880 57 11
1881 61 6
1882 68 4
1883 60 2
1884 53 1
1885 54 5
1886 205 272
1887 207 274
1888 204 271
1889 199 267
1890 200 262
1891 209 267
1892 198 268
1893 202 266
1894 200 275
1895 197 269
1896 197 275
1897 200 275
1898 210 275
1899 210 269
1900 209 265
1901 208 266
1902 203 275
1903 211 275
1904 196 276
1905 205 275
1906 201 267
1907 207 267
1908 202 270
1909 207 264
1910 198 266
1911 195 263
1912 203 267
1913 200 276
1914 201 265
1915 203 268
1916 10 59
1917 0 56
1918 9 64
1919 10 53
1920 10 63
1921 11 60
1922 2 53
1923 7 59
1924 7 65
1925 4 53
1926 7 59
1927 6 58
1928 10 67
1929 4 69
1930 6 68
1931 0 60
1932 1 64
1933 8 58
1934 5 54
1935 11 66
1936 11 61
1937 2 53
1938 9 64
1939 4 65
1940 11 56
1941 1 59
1942 3 55
1943 4 55
1944 11 55
1945 260 254
1946 254 256
1947 252 248
1948 249 254
1949 250 259
1950 248 253
1951 247 261
1952 258 259
1953 248 256
1954 259 261
1955 250 258
1956 253 248
1957 252 253
1958 248 247
1959 256 248
1960 258 251
1961 252 255
1962 254 260
1963 259 256
1964 31 110
1965 28 112
1966 20 116
1967 15 114
1968 29 107
1969 16 113
1970 17 110
1971 17 106
1972 14 116
1973 28 108
1974 20 108
1975 27 107
1976 17 110
1977 21 118
1978 28 117
1979 23 108
1980 18 112
1981 28 107
1982 22 115
1983 30 109
1984 24 108
1985 22 106
1986 17 106
1987 22 111
1988 14 117
1989 30 110
1990 23 114
1991 31 105
1992 23 113
1993 27 105
1994 16 261
1995 26 247
1996 19 254
1997 16 248
1998 30 258
1999 24 258
2000 31 249
2001 26 252
2002 13 249
2003 20 253
2004 31 252
2005 17 255
2006 14 255
2007 17 253
2008 14 258
2009 26 257
2010 12 252
2011 22 252
2012 23 257
2013 23 251
2014 23 260
2015 30 254
2016 31 259
2017 22 251
2018 28 248
2019 27 254
2020 15 251
2021 15 261
2022 23 250
2023 12 248
2024 170 17
2025 164 16
2026 171 15
2027 165 25
2028 165 21
2029 175 18
2030 169 20
2031 169 31
2032 173 15
2033 167 23
2034 168 28
2035 161 21
2036 161 19
2037 167 25
2038 165 29
2039 173 14
2040 169 28
2041 162 21
2042 160 12
2043 166 23
2044 165 21
2045 172 19
2046 168 17
2047 177 23
2048 167 22
2049 177 25
2050 177 14
2051 161 12
2052 169 16
2053 170 12
2054 239 37
2055 234 43
2056 244 50
2057 243 39
2058 242 37
2059 235 50
2060 238 48
2061 245 42
2062 232 45
2063 245 39
2064 235 36
2065 233 35
2066 239 32
2067 245 46
2068 231 36
2069 246 46
2070 234 50
2071 244 51
2072 234 49
2073 231 46
2074 244 43
2075 238 38
2076 231 33
2077 243 34
2078 238 40
2079 236 34
2080 243 34
2081 244 46
2082 243 41
2083 236 34
2084 256 17
2085 258 28
2086 253 17
2087 257 12
2088 260 23
2089 256 27
2090 254 21
2091 253 19
2092 256 14
2093 255 16
2094 256 30
2095 258 18
2096 261 22
2097 258 23
2098 256 18
2099 248 28
2100 253 20
2101 249 27
2102 258 30
2103 248 17
2104 261 17
2105 253 18
2106 248 12
2107 248 26
2108 248 24
2109 261 31
2110 254 19
2111 250 30
2112 255 25
2113 260 25
2114 52 124
2115 53 126
2116 57 139
2117 68 128
2118 52 125
2119 54 132
2120 57 138
2121 54 136
2122 62 127
2123 52 130
2124 64 131
2125 54 125
2126 68 131
2127 66 123
2128 66 130
2129 54 125
2130 53 139
2131 59 138
2132 59 140
2133 61 132
2134 55 136
2135 64 140
2136 59 123
2137 54 133
2138 58 129
2139 55 134
2140 68 136
2141 59 138
2142 54 136
2143 63 122
2144 246 142
2145 239 157
2146 236 146
2147 237 154
2148 239 157
2149 238 151
2150 236 156
2151 239 151
2152 241 157
2153 243 150
2154 241 141
2155 232 152
2156 235 142
2157 245 151
2158 238 141
2159 236 154
2160 246 142
2161 242 155
2162 238 142
2163 246 149
2164 233 157
2165 243 141
2166 238 150
2167 231 157
2168 245 145
2169 239 153
2170 243 154
2171 232 158
2172 234 152
2173 244 141
2174 2 267
2175 7 272
2176 4 275
2177 5 270
2178 3 264
2179 11 268
2180 8 271
2181 1 272
2182 6 273
2183 10 276
2184 3 266
2185 2 275
2186 8 275
2187 5 271
2188 8 272
2189 7 267
2190 8 276
2191 5 265
2192 7 267
2193 5 263
2194 2 272
2195 9 272
2196 4 267
2197 11 262
2198 8 265
2199 1 276
2200 9 270
2201 8 270
2202 132 247
2203 132 250
2204 136 251
2205 129 259
2206 139 252
2207 139 256
2208 138 247
2209 123 250
2210 127 248
2211 121 255
2212 124 247
2213 123 258
2214 124 254
2215 133 250
2216 127 258
2217 139 247
2218 138 261
2219 136 261
2220 135 254
2221 124 259
2222 135 252
2223 137 255
2224 137 259
2225 129 260
2226 121 248
2227 127 251
2228 126 250
2229 133 249
2230 126 258
2231 125 251
2232 274 228
2233 264 229
2234 262 224
2235 271 222
2236 265 225
2237 267 224
2238 269 218
2239 267 216
2240 269 229
2241 263 228
2242 262 214
2243 274 218
2244 264 226
2245 266 219
2246 264 218
2247 263 224
2248 262 222
2249 262 227
2250 266 218
2251 262 219
2252 271 214
2253 271 219
2254 265 229
2255 263 229
2256 265 217
2257 272 225
2258 272 227
2259 268 225
2260 276 215
2261 264 228
2262 50 2
2263 42 4
2264 39 2
2265 50 4
2266 46 1
2267 43 4
2268 39 5
2269 35 0
2270 34 11
2271 36 6
2272 37 11
2273 45 4
2274 34 6
2275 47 9
2276 36 2
2277 49 9
2278 43 9
2279 44 10
2280 33 9
2281 44 5
2282 45 1
2283 42 7
2284 33 2
2285 49 5
2286 42 8
2287 46 5
2288 48 10
2289 39 10
2290 34 2
2291 115 25
2292 116 24
2293 118 13
2294 107 14
2295 113 27
2296 107 19
2297 106 27
2298 108 26
2299 116 31
2300 119 30
2301 105 23
2302 117 19
2303 108 28
2304 113 30
2305 107 17
2306 113 13
2307 105 15
2308 106 13
2309 117 28
2310 117 16
2311 119 18
2312 111 28
2313 106 17
2314 113 12
2315 116 28
2316 107 21
2317 106 15
2318 108 26
2319 111 19
2320 119 21
2321 208 79
2322 206 82
2323 205 73
2324 199 84
2325 201 81
2326 208 82
2327 208 81
2328 210 72
2329 208 72
2330 195 73
2331 208 70
2332 212 83
2333 197 77
2334 204 70
2335 197 73
2336 196 83
2337 203 72
2338 200 73
2339 197 78
2340 205 75
2341 208 79
2342 205 78
2343 207 72
2344 200 70
2345 197 82
2346 207 72
2347 204 74
2348 210 70
2349 197 84
2350 198 82
2351 223 154
2352 221 157
2353 214 155
2354 221 142
2355 229 156
2356 227 142
2357 219 148
2358 225 143
2359 223 155
2360 220 151
2361 230 146
2362 213 150
2363 225 155
2364 222 153
2365 218 148
2366 219 158
2367 214 155
2368 224 158
2369 230 142
2370 221 149
2371 216 150
2372 218 144
2373 224 155
2374 214 144
2375 225 143
2376 217 142
2377 215 151
2378 228 153
2379 229 148
2380 214 153
2381 12 144
2382 28 152
2383 21 141
2384 19 154
2385 29 148
2386 22 154
2387 23 153
2388 16 143
2389 19 151
2390 15 154
2391 13 153
2392 23 145
2393 16 145
2394 26 157
2395 25 154
2396 12 158
2397 22 145
2398 13 155
2399 21 158
2400 16 145
2401 19 156
2402 29 158
2403 19 147
2404 23 155
2405 31 143
2406 24 157
2407 26 150
2408 22 155
2409 29 152
2410 30 154
2411 219 185
2412 215 181
2413 218 180
2414 220 192
2415 221 187
2416 230 181
2417 226 191
2418 225 192
2419 217 181
2420 221 192
2421 216 178
2422 215 186
2423 225 192
2424 223 180
2425 227 192
2426 221 186
2427 217 185
2428 224 191
2429 226 194
2430 225 179
2431 224 187
2432 225 186
2433 226 194
2434 221 181
2435 227 187
2436 219 185
2437 228 187
2438 227 191
2439 226 183
2440 227 183
2441 77 27
2442 83 25
2443 74 30
2444 75 19
2445 77 15
2446 81 25
2447 78 12
2448 79 22
2449 79 23
2450 82 30
2451 73 22
2452 82 16
2453 76 13
2454 81 24
2455 70 25
2456 82 19
2457 80 20
2458 79 14
2459 75 25
2460 77 23
2461 74 31
2462 82 13
2463 71 29
2464 73 30
2465 78 18
2466 80 26
2467 79 29
2468 72 30
2469 82 20
2470 84 26
2471 263 215
2472 267 216
2473 270 223
2474 265 222
2475 262 222
2476 264 227
2477 268 214
2478 276 218
2479 264 228
2480 263 223
2481 273 219
2482 272 216
2483 264 219
2484 265 227
2485 263 222
2486 273 222
2487 267 225
2488 263 213
2489 263 229
2490 274 227
2491 276 221
2492 274 215
2493 265 219
2494 264 230
2495 268 218
2496 270 226
2497 274 217
2498 269 221
2499 274 223
2500 273 227
2501 43 243
2502 32 234
2503 34 242
2504 51 237
2505 48 244
2506 45 236
2507 43 234
2508 46 240
2509 50 235
2510 49 233
2511 36 243
2512 38 231
2513 38 245
2514 50 239
2515 34 246
2516 36 241
2517 40 232
2518 37 236
2519 44 237
2520 48 242
2521 44 244
2522 35 241
2523 43 245
2524 34 240
2525 45 235
2526 51 245
2527 35 238
2528 33 235
2529 44 245
2530 45 232
2531 255 59
2532 255 59
2533 259 63
2534 247 57
2535 261 55
2536 250 54
2537 258 55
2538 261 64
2539 258 56
2540 247 67
2541 248 53
2542 255 65
2543 254 67
2544 250 69
2545 253 63
2546 256 58
2547 249 59
2548 254 55
2549 256 57
2550 247 63
2551 257 63
2552 258 53
2553 254 65
2554 253 65
2555 253 58
2556 259 63
2557 252 60
2558 259 66
2559 257 66
2560 253 62
2561 214 1
2562 215 10
2563 230 3
2564 229 10
2565 220 10
2566 214 4
2567 225 8
2568 222 4
2569 220 0
2570 215 7
2571 224 0
2572 216 4
2573 228 9
2574 228 7
2575 229 10
2576 221 11
2577 220 6
2578 216 5
2579 215 6
2580 220 9
2581 214 11
2582 217 3
2583 226 11
2584 223 4
2585 220 1
2586 220 4
2587 227 10
2588 228 0
2589 226 11
2590 259 13
2591 256 15
2592 247 27
2593 259 12
2594 259 31
2595 257 21
2596 258 24
2597 257 21
2598 256 17
2599 252 18
2600 248 12
2601 251 30
2602 248 27
2603 261 23
2604 258 27
2605 259 12
2606 256 29
2607 258 12
2608 260 20
2609 249 23
2610 259 18
2611 258 25
2612 258 26
2613 257 25
2614 258 21
2615 248 29
2616 251 13
2617 258 30
2618 257 31
2619 250 17
2620 8 175
2621 9 171
2622 5 171
2623 6 163
2624 4 164
2625 9 161
2626 8 169
2627 0 165
2628 11 166
2629 4 168
2630 10 177
2631 2 167
2632 9 172
2633 4 161
2634 7 169
2635 4 160
2636 7 168
2637 5 163
2638 5 168
2639 8 176
2640 4 173
2641 9 169
2642 7 169
2643 0 163
2644 0 172
2645 7 172
2646 1 169
2647 3 163
2648 8 165
2649 260 23
2650 247 19
2651 247 23
2652 250 24
2653 261 13
2654 247 20
2655 250 18
2656 250 21
2657 252 24
2658 251 17
2659 254 29
2660 261 12
2661 261 28
2662 250 21
2663 259 16
2664 258 18
2665 255 26
2666 251 22
2667 255 25
2668 252 26
2669 249 20
2670 255 19
2671 248 21
2672 250 13
2673 253 31
2674 248 29
2675 259 25
2676 247 31
2677 257 26
2678 260 15
2679 156 128
2680 149 137
2681 155 139
2682 155 122
2683 148 140
2684 154 128
2685 141 138
2686 152 125
2687 142 121
2688 147 122
2689 147 134
2690 155 122
2691 155 129
2692 158 122
2693 147 134
2694 152 129
2695 156 122
2696 157 135
2697 146 129
2698 147 125
2699 150 121
2700 157 124
2701 146 129
2702 143 130
2703 142 131
2704 152 123
2705 152 130
2706 153 125
2707 148 122
2708 147 130
2709 21 4
2710 20 6
2711 16 2
2712 19 0
2713 25 9
2714 29 8
2715 25 1
2716 16 10
2717 22 9
2718 21 3
2719 22 3
2720 26 2
2721 22 7
2722 22 9
2723 30 10
2724 19 10
2725 24 11
2726 13 8
2727 29 2
2728 21 4
2729 18 1
2730 30 7
2731 13 4
2732 24 8
2733 30 9
2734 28 5
2735 20 1
2736 26 0
2737 29 7
2738 45 146
2739 38 148
2740 37 145
2741 50 155
2742 33 150
2743 46 155
2744 48 150
2745 47 145
2746 44 144
2747 36 152
2748 32 145
2749 47 156
2750 38 148
2751 33 146
2752 50 150
2753 34 158
2754 37 143
2755 47 156
2756 48 151
2757 39 142
2758 51 156
2759 34 152
2760 32 157
2761 46 144
2762 50 142
2763 38 157
2764 33 141
2765 32 158
2766 44 146
2767 46 151
2768 181 185
2769 181 180
2770 184 192
2771 188 179
2772 188 191
2773 182 189
2774 187 181
2775 182 187
2776 189 183
2777 183 190
2778 182 191
2779 181 187
2780 185 190
2781 190 179
2782 192 178
2783 178 181
2784 178 194
2785 179 181
2786 193 194
2787 187 190
2788 164 126
2789 166 127
2790 177 126
2791 168 136
2792 174 137
2793 162 128
2794 163 127
2795 171 122
2796 164 138
2797 166 129
2798 165 138
2799 161 137
2800 166 124
2801 175 132
2802 177 139
2803 164 128
2804 161 129
2805 174 122
2806 166 132
2807 164 139
2808 170 135
2809 161 136
2810 174 136
2811 169 121
2812 164 135
2813 165 121
2814 174 129
2815 162 124
2816 164 136
2817 175 123
2818 80 72
2819 74 76
2820 74 77
2821 75 83
2822 82 76
2823 81 75
2824 72 71
2825 79 70
2826 84 82
2827 77 71
2828 78 84
2829 76 71
2830 81 82
2831 75 71
2832 74 84
2833 79 75
2834 77 83
2835 84 83
2836 257 35
2837 261 39
2838 255 36
2839 249 35
2840 251 45
2841 253 41
2842 252 39
2843 253 41
2844 251 48
2845 253 43
2846 247 46
2847 252 34
2848 255 51
2849 248 40
2850 253 36
2851 252 39
2852 255 38
2853 248 45
2854 259 44
2855 253 38
2856 249 43
2857 257 37
2858 251 47
2859 260 34
2860 251 34
2861 247 45
2862 248 34
2863 253 50
2864 259 45
2865 257 38
2866 254 67
2867 251 59
2868 253 55
2869 251 57
2870 252 56
2871 250 53
2872 261 58
2873 258 53
2874 258 53
2875 252 52
2876 248 55
2877 249 64
2878 260 62
2879 251 68
2880 260 65
2881 248 52
2882 252 65
2883 258 67
2884 254 68
2885 251 68
2886 251 53
2887 257 61
2888 260 62
2889 261 67
2890 250 53
2891 256 69
2892 254 62
2893 256 58
2894 257 52
2895 255 56
2896 193 73
2897 186 77
2898 186 80
2899 191 74
2900 182 84
2901 187 70
2902 178 70
2903 194 75
2904 194 74
2905 194 84
2906 178 79
2907 184 83
2908 191 79
2909 186 70
2910 189 77
2911 194 70
2912 182 82
2913 190 84
2914 185 77
2915 185 83
2916 183 74
2917 185 83
2918 188 72
2919 186 76
2920 183 79
2921 191 70
2922 189 79
2923 193 84
2924 192 76
2925 188 72
