240 262 10 2907
0 10
1 9
2 8
3 8
4 10
5 7
6 10
7 6
8 7
9 8
10 5
11 7
12 4
13 3
14 5
15 3
16 4
17 3
18 3
19 3
20 3
21 3
22 5
23 3
24 5
25 5
26 3
27 3
28 3
29 3
30 3
31 4
32 4
33 3
34 3
35 3
36 3
37 3
38 3
39 3
40 3
41 3
42 5
43 5
44 3
45 3
46 4
47 4
48 5
49 3
50 4
51 6
52 3
53 3
54 3
55 3
56 5
57 4
58 4
59 3
60 5
61 3
62 3
63 3
64 3
65 3
66 4
67 3
68 3
69 3
70 5
71 4
72 3
73 3
74 3
75 3
76 3
77 4
78 3
79 3
80 3
81 6
82 3
83 4
84 3
85 3
86 3
87 3
88 3
89 5
90 4
91 3
92 3
93 3
94 4
95 3
96 4
97 3
98 3
99 3
100 3
101 4
102 3
103 3
104 3
105 3
106 3
107 3
108 3
109 3
110 3
111 3
112 3
113 3
114 3
115 3
116 4
117 3
118 3
119 5
120 5
121 4
122 5
123 3
124 3
125 3
126 3
127 3
128 3
129 7
130 3
131 3
132 4
133 4
134 3
135 3
136 3
137 3
138 4
139 5
140 3
141 4
142 3
143 5
144 3
145 3
146 3
147 3
148 3
149 3
150 3
151 5
152 3
153 3
154 3
155 4
156 6
157 3
158 4
159 3
160 4
161 4
162 4
163 4
164 3
165 4
166 5
167 3
168 3
169 4
170 3
171 3
172 3
173 3
174 3
175 4
176 3
177 4
178 3
179 3
180 3
181 3
182 3
183 4
184 3
185 3
186 3
187 3
188 6
189 3
190 3
191 3
192 3
193 4
194 3
195 4
196 3
197 5
198 3
199 3
200 3
201 4
202 3
203 3
204 4
205 3
206 5
207 3
208 3
209 5
210 3
211 3
212 4
213 3
214 3
215 4
216 3
217 3
218 5
219 3
220 3
221 3
222 3
223 3
224 4
225 3
226 6
227 3
228 3
229 4
230 3
231 4
232 3
233 5
234 3
235 3
236 3
237 4
238 3
239 3
0 0 5
1 0 7
2 0 8
3 0 9
4 0 11
5 0 71
6 0 89
7 0 104
8 1 2
9 1 3
10 1 4
11 1 6
12 1 7
13 1 10
14 1 11
15 1 124
16 2 4
17 2 6
18 2 7
19 2 9
20 2 11
21 2 12
22 3 4
23 3 5
24 3 6
25 3 9
26 3 10
27 3 11
28 3 178
29 4 6
30 4 8
31 4 9
32 4 10
33 4 51
34 5 8
35 5 9
36 5 10
37 5 31
38 6 7
39 6 8
40 6 143
41 6 209
42 6 224
43 8 11
44 9 10
45 9 194
46 11 163
47 12 18
48 12 20
49 12 22
50 13 27
51 13 24
52 14 21
53 14 19
54 14 25
55 15 29
56 15 25
57 16 23
58 16 24
59 17 24
60 19 28
61 22 26
62 22 27
63 24 25
64 25 30
65 31 33
66 31 37
67 31 50
68 32 45
69 32 48
70 34 43
71 34 42
72 35 38
73 35 42
74 36 46
75 36 50
76 38 40
77 39 43
78 41 42
79 42 48
80 43 44
81 44 47
82 46 48
83 47 49
84 51 62
85 51 60
86 51 53
87 52 56
88 53 64
89 54 70
90 55 57
91 56 61
92 56 66
93 57 60
94 58 59
95 58 67
96 60 67
97 60 69
98 63 66
99 63 65
100 64 66
101 65 70
102 68 70
103 71 81
104 72 81
105 73 74
106 74 80
107 74 87
108 75 78
109 76 83
110 76 81
111 77 85
112 77 81
113 78 80
114 79 81
115 81 82
116 82 84
117 83 87
118 84 86
119 84 88
120 89 94
121 89 101
122 89 90
123 90 97
124 91 101
125 92 102
126 92 95
127 93 99
128 93 95
129 94 98
130 95 103
131 96 100
132 96 97
133 96 99
134 104 108
135 105 115
136 105 120
137 106 122
138 107 116
139 107 123
140 108 121
141 109 119
142 110 122
143 111 113
144 112 120
145 113 120
146 114 119
147 116 117
148 117 122
149 118 120
150 119 121
151 119 122
152 120 123
153 124 138
154 124 132
155 125 129
156 126 134
157 126 131
158 127 139
159 128 133
160 128 141
161 128 129
162 129 131
163 129 137
164 129 130
165 130 139
166 132 140
167 133 135
168 136 141
169 138 139
170 140 142
171 143 158
172 143 160
173 144 160
174 144 151
175 145 156
176 146 153
177 147 148
178 147 154
179 147 161
180 149 156
181 150 158
182 151 156
183 151 155
184 152 156
185 153 155
186 155 157
187 155 162
188 158 161
189 159 162
190 163 164
191 164 176
192 165 167
193 165 175
194 165 166
195 166 171
196 166 172
197 166 177
198 167 173
199 168 176
200 168 175
201 169 170
202 169 177
203 170 174
204 178 185
205 179 185
206 180 189
207 180 188
208 181 186
209 182 188
210 183 190
211 183 193
212 184 188
213 185 189
214 186 188
215 186 187
216 187 193
217 189 192
218 191 192
219 194 200
220 195 197
221 195 208
222 196 201
223 197 205
224 197 206
225 198 206
226 199 207
227 199 202
228 200 202
229 200 201
230 201 203
231 201 204
232 204 206
233 209 221
234 209 222
235 209 223
236 210 214
237 210 217
238 211 218
239 212 216
240 212 218
241 212 223
242 213 217
243 213 218
244 215 219
245 215 218
246 217 220
247 224 231
248 224 233
249 224 239
250 225 237
251 225 226
252 226 228
253 226 236
254 226 233
255 227 230
256 227 237
257 229 232
258 229 231
259 231 234
260 233 238
261 235 238
0 230 191
1 231 183
2 231 186
3 227 191
4 236 188
5 235 178
6 227 188
7 232 180
8 234 182
9 234 184
10 227 183
11 237 181
12 234 187
13 229 187
14 238 180
15 225 183
16 230 181
17 231 188
18 236 183
19 224 179
20 229 187
21 234 186
22 234 185
23 236 190
24 238 189
25 225 187
26 234 178
27 238 184
28 229 182
29 229 188
30 207 138
31 197 126
32 198 142
33 204 128
34 205 125
35 199 138
36 206 126
37 197 125
38 195 140
39 200 130
40 206 132
41 201 137
42 194 140
43 206 133
44 207 125
45 200 136
46 198 142
47 197 136
48 202 128
49 205 137
50 205 131
51 198 124
52 199 127
53 200 133
54 196 141
55 199 142
56 205 125
57 201 141
58 203 126
59 194 136
60 94 75
61 94 73
62 103 76
63 91 88
64 97 76
65 89 76
66 100 77
67 103 76
68 101 74
69 100 72
70 90 76
71 94 71
72 100 73
73 96 87
74 98 75
75 97 75
76 91 76
77 100 82
78 102 77
79 95 79
80 102 74
81 101 72
82 99 73
83 102 72
84 95 72
85 100 84
86 89 88
87 99 77
88 100 86
89 99 75
90 201 6
91 206 4
92 206 11
93 197 5
94 202 9
95 204 0
96 196 5
97 195 6
98 202 2
99 202 2
100 203 2
101 198 7
102 207 1
103 198 7
104 206 6
105 201 11
106 207 9
107 201 10
108 203 7
109 207 9
110 206 10
111 205 1
112 208 3
113 194 8
114 203 5
115 202 3
116 198 4
117 206 8
118 204 10
119 50 168
120 38 170
121 35 170
122 37 165
123 32 175
124 43 171
125 39 173
126 41 168
127 39 169
128 41 177
129 39 170
130 31 176
131 50 176
132 33 174
133 44 168
134 36 163
135 45 173
136 45 170
137 39 170
138 47 163
139 32 171
140 33 168
141 42 165
142 36 167
143 35 170
144 50 165
145 44 166
146 49 173
147 41 163
148 44 177
149 135 231
150 125 230
151 126 228
152 142 237
153 134 225
154 141 229
155 132 230
156 136 225
157 138 231
158 138 224
159 128 226
160 133 233
161 141 235
162 130 227
163 138 228
164 130 224
165 136 232
166 134 224
167 140 233
168 142 232
169 134 238
170 124 239
171 130 231
172 134 238
173 131 235
174 131 233
175 128 225
176 124 227
177 129 230
178 129 224
179 220 82
180 212 88
181 216 81
182 209 85
183 211 73
184 219 72
185 210 81
186 217 82
187 221 86
188 216 78
189 212 82
190 219 72
191 216 77
192 213 82
193 218 72
194 219 83
195 210 87
196 220 83
197 221 88
198 223 77
199 222 73
200 218 79
201 220 87
202 210 76
203 209 73
204 210 77
205 222 72
206 216 84
207 211 82
208 216 82
209 20 16
210 26 21
211 18 26
212 16 22
213 27 28
214 19 12
215 18 13
216 12 19
217 16 12
218 30 20
219 17 18
220 27 18
221 21 20
222 27 23
223 16 27
224 19 20
225 16 12
226 29 14
227 26 24
228 25 28
229 21 17
230 10 163
231 3 167
232 2 174
233 9 163
234 6 169
235 6 163
236 7 167
237 1 170
238 7 167
239 0 177
240 9 172
241 8 171
242 6 174
243 6 176
244 6 167
245 4 175
246 3 171
247 1 175
248 0 171
249 5 164
250 4 166
251 8 172
252 0 170
253 7 166
254 6 168
255 2 165
256 8 177
257 3 176
258 1 167
259 4 172
260 222 124
261 223 142
262 215 134
263 214 135
264 218 139
265 216 142
266 213 133
267 216 137
268 223 138
269 219 130
270 212 134
271 223 136
272 220 125
273 222 133
274 223 132
275 217 141
276 210 127
277 218 132
278 216 125
279 209 128
280 210 137
281 219 141
282 219 134
283 209 140
284 217 132
285 214 136
286 211 141
287 221 136
288 210 133
289 213 136
290 41 66
291 34 57
292 33 69
293 43 69
294 48 55
295 45 67
296 47 60
297 35 69
298 49 61
299 41 69
300 50 68
301 31 55
302 39 51
303 43 55
304 40 54
305 36 52
306 43 52
307 34 68
308 48 64
309 31 69
310 45 56
311 45 58
312 48 67
313 49 53
314 36 54
315 38 62
316 31 65
317 45 70
318 32 66
319 44 53
320 179 151
321 192 151
322 183 158
323 187 156
324 181 153
325 188 144
326 183 150
327 190 146
328 180 160
329 184 146
330 178 145
331 181 153
332 183 158
333 187 150
334 193 154
335 190 157
336 186 154
337 178 158
338 193 146
339 188 160
340 180 153
341 193 149
342 183 152
343 185 155
344 193 158
345 188 150
346 189 160
347 179 162
348 178 150
349 178 144
350 4 197
351 11 204
352 4 206
353 6 207
354 5 198
355 11 196
356 6 208
357 6 200
358 6 195
359 9 208
360 0 201
361 9 205
362 4 207
363 0 207
364 4 208
365 11 204
366 10 195
367 2 195
368 1 197
369 6 206
370 2 203
371 3 205
372 1 205
373 8 198
374 2 206
375 0 207
376 6 197
377 8 196
378 5 196
379 60 152
380 54 154
381 65 144
382 65 160
383 54 147
384 53 157
385 56 160
386 56 149
387 53 162
388 59 145
389 66 152
390 65 159
391 53 162
392 55 159
393 53 149
394 65 150
395 65 144
396 54 150
397 60 154
398 60 156
399 67 144
400 57 162
401 61 145
402 64 158
403 58 153
404 69 158
405 60 160
406 66 144
407 57 155
408 64 143
409 116 4
410 115 9
411 121 1
412 109 5
413 107 3
414 122 1
415 122 4
416 105 10
417 120 3
418 116 0
419 123 9
420 115 2
421 121 4
422 119 4
423 108 3
424 112 1
425 111 11
426 105 11
427 108 6
428 114 7
429 116 10
430 114 10
431 115 6
432 104 4
433 118 10
434 111 10
435 117 3
436 120 9
437 116 2
438 167 192
439 171 185
440 163 192
441 168 180
442 175 184
443 163 181
444 166 180
445 168 186
446 175 191
447 170 183
448 172 186
449 169 186
450 172 181
451 165 189
452 173 193
453 163 190
454 171 192
455 177 184
456 176 193
457 176 181
458 172 190
459 171 192
460 170 188
461 173 189
462 168 184
463 174 178
464 177 180
465 174 190
466 176 186
467 166 185
468 135 105
469 140 109
470 138 123
471 134 107
472 134 123
473 141 108
474 131 115
475 129 123
476 131 105
477 131 108
478 142 111
479 138 114
480 141 116
481 137 108
482 124 112
483 139 119
484 127 106
485 138 109
486 141 110
487 142 117
488 136 108
489 132 106
490 128 123
491 142 109
492 132 117
493 138 121
494 138 120
495 135 117
496 139 113
497 130 105
498 38 196
499 42 208
500 50 205
501 37 199
502 42 203
503 44 199
504 40 202
505 35 198
506 38 206
507 47 196
508 39 207
509 32 205
510 32 208
511 47 207
512 32 201
513 31 200
514 48 204
515 35 204
516 33 198
517 33 198
518 48 199
519 37 195
520 41 203
521 40 204
522 50 199
523 46 194
524 35 194
525 38 200
526 33 205
527 50 207
528 101 190
529 91 178
530 98 183
531 93 183
532 98 181
533 97 192
534 92 185
535 92 183
536 89 179
537 98 191
538 98 189
539 99 182
540 95 178
541 93 190
542 97 181
543 96 190
544 100 181
545 99 188
546 91 185
547 102 190
548 89 181
549 99 188
550 91 179
551 99 180
552 91 180
553 94 188
554 92 189
555 89 184
556 89 184
557 102 188
558 127 136
559 126 140
560 137 142
561 136 126
562 142 133
563 124 141
564 133 136
565 126 127
566 135 125
567 132 133
568 133 142
569 130 132
570 136 126
571 133 124
572 124 135
573 142 136
574 136 130
575 132 137
576 135 142
577 133 140
578 127 136
579 142 129
580 129 132
581 139 131
582 85 136
583 79 135
584 72 140
585 87 140
586 83 129
587 88 127
588 74 130
589 72 132
590 79 138
591 79 138
592 85 139
593 87 138
594 83 130
595 84 134
596 73 126
597 87 126
598 71 126
599 87 136
600 83 142
601 74 129
602 88 124
603 78 129
604 74 126
605 78 131
606 79 132
607 73 126
608 87 140
609 72 132
610 72 140
611 71 137
612 153 31
613 149 44
614 155 34
615 143 37
616 152 38
617 157 50
618 144 36
619 157 47
620 150 40
621 147 50
622 147 37
623 156 32
624 149 34
625 155 31
626 154 32
627 143 33
628 144 47
629 157 46
630 152 32
631 156 46
632 145 45
633 154 50
634 144 49
635 143 47
636 160 41
637 143 42
638 161 35
639 152 39
640 148 41
641 145 31
642 219 3
643 215 4
644 216 4
645 216 6
646 210 8
647 211 1
648 211 9
649 220 9
650 214 4
651 221 8
652 213 8
653 222 2
654 219 7
655 209 5
656 223 7
657 219 10
658 211 0
659 214 6
660 213 0
661 221 11
662 210 9
663 213 11
664 217 3
665 214 5
666 217 1
667 218 6
668 215 2
669 121 229
670 109 233
671 108 234
672 113 230
673 116 224
674 114 234
675 118 229
676 106 225
677 123 231
678 115 235
679 116 235
680 104 224
681 117 236
682 120 237
683 109 230
684 110 233
685 117 228
686 104 227
687 115 234
688 113 235
689 112 224
690 104 224
691 110 232
692 107 236
693 115 235
694 107 235
695 119 236
696 104 233
697 105 228
698 107 237
699 25 192
700 23 191
701 14 188
702 17 193
703 13 179
704 29 187
705 26 192
706 12 182
707 25 186
708 30 183
709 29 188
710 21 186
711 26 178
712 27 189
713 24 183
714 19 187
715 29 183
716 15 179
717 19 181
718 29 183
719 24 191
720 17 180
721 26 192
722 16 189
723 28 193
724 29 187
725 18 181
726 21 182
727 29 193
728 17 183
729 113 3
730 111 7
731 118 6
732 123 6
733 116 9
734 119 10
735 106 9
736 117 5
737 118 7
738 109 6
739 118 10
740 106 4
741 118 0
742 108 10
743 110 3
744 122 9
745 111 0
746 120 0
747 112 11
748 118 11
749 116 11
750 122 2
751 108 10
752 115 11
753 121 2
754 104 6
755 111 5
756 109 8
757 45 75
758 45 80
759 39 80
760 45 83
761 48 77
762 34 73
763 31 71
764 31 71
765 35 86
766 47 75
767 35 88
768 40 83
769 41 81
770 33 72
771 49 79
772 42 76
773 36 79
774 48 85
775 45 84
776 37 75
777 43 75
778 32 81
779 31 80
780 42 77
781 34 76
782 49 83
783 47 80
784 39 73
785 31 71
786 33 84
787 121 63
788 106 51
789 106 65
790 116 57
791 111 57
792 113 55
793 111 67
794 109 54
795 122 67
796 110 55
797 104 63
798 121 64
799 118 51
800 108 64
801 108 67
802 114 68
803 114 60
804 106 70
805 106 64
806 115 60
807 118 65
808 115 68
809 123 59
810 111 59
811 111 69
812 122 69
813 116 67
814 106 63
815 106 55
816 114 54
817 214 150
818 214 147
819 222 148
820 211 143
821 216 155
822 222 162
823 211 153
824 211 160
825 210 156
826 217 154
827 209 150
828 209 144
829 222 146
830 216 161
831 215 160
832 212 154
833 213 152
834 222 152
835 209 150
836 217 155
837 215 159
838 218 160
839 215 147
840 218 146
841 211 156
842 215 146
843 222 162
844 212 150
845 222 158
846 221 143
847 102 72
848 89 76
849 99 74
850 102 79
851 92 80
852 92 74
853 93 86
854 89 78
855 100 78
856 102 83
857 98 84
858 89 80
859 103 84
860 97 79
861 100 86
862 97 85
863 99 82
864 95 71
865 96 82
866 89 80
867 101 83
868 99 86
869 91 75
870 90 88
871 96 77
872 100 75
873 98 77
874 101 81
875 90 71
876 89 74
877 45 96
878 33 89
879 46 91
880 47 102
881 36 96
882 42 103
883 50 96
884 48 96
885 40 98
886 31 97
887 37 91
888 34 94
889 38 95
890 38 103
891 47 103
892 44 97
893 47 103
894 36 97
895 44 102
896 33 102
897 31 97
898 48 95
899 50 95
900 40 103
901 50 89
902 39 102
903 48 101
904 42 91
905 44 96
906 42 91
907 85 66
908 82 61
909 88 58
910 74 59
911 71 57
912 75 63
913 78 60
914 87 56
915 86 69
916 77 53
917 84 64
918 88 65
919 81 57
920 78 61
921 74 69
922 76 52
923 74 62
924 78 64
925 85 70
926 72 55
927 88 56
928 75 69
929 71 60
930 81 62
931 84 70
932 73 52
933 85 69
934 85 51
935 85 62
936 71 69
937 16 91
938 14 102
939 18 94
940 17 92
941 28 99
942 18 91
943 17 101
944 25 93
945 27 96
946 26 103
947 30 100
948 28 90
949 28 94
950 19 98
951 21 100
952 16 90
953 12 93
954 29 94
955 25 94
956 27 103
957 19 92
958 15 99
959 17 95
960 24 98
961 19 96
962 23 102
963 15 98
964 18 100
965 12 97
966 27 91
967 223 143
968 213 156
969 214 151
970 215 145
971 209 154
972 216 145
973 223 149
974 223 162
975 214 159
976 211 160
977 211 149
978 212 157
979 223 146
980 213 151
981 211 144
982 218 146
983 223 149
984 210 149
985 210 147
986 216 144
987 223 161
988 214 162
989 217 149
990 210 143
991 220 152
992 210 150
993 214 143
994 213 156
995 213 162
996 217 162
997 226 33
998 228 35
999 228 47
1000 226 40
1001 230 35
1002 234 43
1003 225 44
1004 228 35
1005 233 36
1006 233 37
1007 233 35
1008 231 37
1009 225 44
1010 228 34
1011 231 38
1012 228 47
1013 239 47
1014 237 38
1015 232 41
1016 238 50
1017 238 44
1018 224 33
1019 228 38
1020 228 33
1021 226 33
1022 237 44
1023 227 42
1024 233 40
1025 239 42
1026 225 47
1027 109 220
1028 120 213
1029 112 217
1030 114 215
1031 121 214
1032 104 215
1033 114 222
1034 107 213
1035 118 214
1036 117 213
1037 110 216
1038 119 218
1039 118 215
1040 108 215
1041 117 223
1042 114 212
1043 105 211
1044 108 220
1045 112 215
1046 119 217
1047 115 210
1048 111 213
1049 106 223
1050 118 219
1051 123 213
1052 104 222
1053 106 219
1054 108 218
1055 116 221
1056 110 210
1057 118 196
1058 104 198
1059 107 198
1060 113 194
1061 110 199
1062 117 198
1063 105 207
1064 115 207
1065 106 206
1066 123 202
1067 115 203
1068 117 200
1069 123 202
1070 116 199
1071 104 204
1072 118 198
1073 114 203
1074 121 199
1075 118 205
1076 114 203
1077 112 204
1078 115 198
1079 114 199
1080 123 198
1081 112 204
1082 110 203
1083 118 206
1084 114 208
1085 116 202
1086 113 197
1087 161 210
1088 158 221
1089 146 218
1090 144 218
1091 148 211
1092 149 217
1093 148 221
1094 161 209
1095 144 215
1096 148 216
1097 145 221
1098 158 223
1099 147 212
1100 153 213
1101 146 218
1102 144 215
1103 145 211
1104 159 217
1105 158 221
1106 160 221
1107 146 219
1108 161 216
1109 144 221
1110 149 214
1111 156 220
1112 147 211
1113 143 221
1114 144 214
1115 153 213
1116 151 217
1117 191 224
1118 178 230
1119 178 232
1120 181 232
1121 192 227
1122 184 236
1123 189 238
1124 180 225
1125 186 235
1126 180 226
1127 186 228
1128 193 239
1129 192 234
1130 188 228
1131 185 224
1132 189 236
1133 178 226
1134 180 234
1135 184 232
1136 182 227
1137 187 229
1138 190 229
1139 193 227
1140 186 235
1141 185 238
1142 186 234
1143 186 226
1144 178 228
1145 190 233
1146 183 229
1147 232 218
1148 224 213
1149 237 221
1150 225 221
1151 227 220
1152 228 212
1153 239 223
1154 226 209
1155 224 215
1156 238 219
1157 236 209
1158 236 210
1159 225 219
1160 239 211
1161 225 212
1162 237 223
1163 237 216
1164 226 212
1165 229 222
1166 229 217
1167 236 223
1168 230 213
1169 228 212
1170 231 211
1171 230 212
1172 224 219
1173 227 216
1174 231 214
1175 226 210
1176 234 215
1177 77 163
1178 77 170
1179 83 176
1180 77 163
1181 82 171
1182 74 177
1183 75 170
1184 82 163
1185 77 173
1186 82 169
1187 82 177
1188 82 175
1189 83 167
1190 80 167
1191 82 166
1192 83 163
1193 79 169
1194 87 165
1195 85 168
1196 85 172
1197 76 166
1198 81 165
1199 79 172
1200 78 166
1201 74 170
1202 76 166
1203 72 167
1204 81 171
1205 76 173
1206 76 172
1207 6 85
1208 11 81
1209 3 72
1210 10 78
1211 3 77
1212 1 80
1213 8 72
1214 9 83
1215 10 86
1216 6 81
1217 11 79
1218 3 73
1219 1 72
1220 2 75
1221 6 78
1222 0 72
1223 5 78
1224 2 76
1225 7 81
1226 6 80
1227 5 76
1228 6 83
1229 9 75
1230 1 72
1231 3 87
1232 11 72
1233 9 74
1234 2 84
1235 5 79
1236 2 78
1237 104 60
1238 117 66
1239 110 66
1240 112 61
1241 122 70
1242 121 65
1243 118 69
1244 118 61
1245 118 58
1246 115 59
1247 109 68
1248 113 56
1249 105 54
1250 108 58
1251 107 56
1252 108 62
1253 122 57
1254 117 57
1255 115 63
1256 113 60
1257 123 68
1258 123 53
1259 115 51
1260 108 64
1261 119 53
1262 120 64
1263 105 55
1264 104 53
1265 106 58
1266 104 68
1267 19 4
1268 13 3
1269 22 5
1270 26 0
1271 20 4
1272 24 2
1273 22 7
1274 25 11
1275 23 0
1276 16 10
1277 28 6
1278 30 9
1279 15 9
1280 17 0
1281 16 8
1282 22 11
1283 30 10
1284 15 10
1285 19 8
1286 24 7
1287 27 2
1288 19 7
1289 27 0
1290 13 2
1291 16 0
1292 25 11
1293 28 1
1294 13 6
1295 25 10
1296 12 135
1297 21 126
1298 29 129
1299 20 134
1300 20 129
1301 22 135
1302 14 131
1303 17 131
1304 24 135
1305 15 131
1306 13 125
1307 22 129
1308 22 136
1309 14 132
1310 30 140
1311 18 141
1312 19 138
1313 14 129
1314 19 141
1315 12 127
1316 20 134
1317 29 125
1318 24 131
1319 28 131
1320 18 137
1321 29 137
1322 12 127
1323 28 127
1324 30 137
1325 28 128
1326 101 103
1327 89 100
1328 102 94
1329 102 100
1330 92 90
1331 96 91
1332 103 98
1333 91 99
1334 101 100
1335 102 91
1336 100 95
1337 89 99
1338 92 96
1339 92 96
1340 101 92
1341 96 91
1342 97 103
1343 98 92
1344 90 93
1345 103 102
1346 100 95
1347 98 90
1348 90 98
1349 179 163
1350 180 172
1351 184 163
1352 183 176
1353 180 175
1354 185 166
1355 190 175
1356 191 163
1357 180 169
1358 182 168
1359 184 173
1360 178 172
1361 184 174
1362 190 170
1363 192 167
1364 182 175
1365 187 164
1366 184 169
1367 193 175
1368 188 169
1369 189 174
1370 192 176
1371 189 167
1372 181 163
1373 187 172
1374 186 169
1375 185 168
1376 188 163
1377 189 170
1378 189 171
1379 113 77
1380 104 83
1381 121 72
1382 108 79
1383 111 86
1384 108 82
1385 104 83
1386 118 84
1387 122 85
1388 106 75
1389 120 87
1390 109 75
1391 110 83
1392 107 77
1393 121 78
1394 117 72
1395 116 79
1396 123 76
1397 123 85
1398 106 87
1399 106 77
1400 122 81
1401 120 84
1402 118 74
1403 104 75
1404 112 71
1405 112 72
1406 107 83
1407 119 80
1408 107 73
1409 52 69
1410 52 54
1411 63 54
1412 61 62
1413 56 54
1414 51 70
1415 60 63
1416 63 57
1417 53 55
1418 56 65
1419 52 55
1420 51 56
1421 55 69
1422 63 52
1423 70 56
1424 61 60
1425 65 58
1426 68 53
1427 70 55
1428 69 54
1429 56 62
1430 67 52
1431 70 51
1432 161 139
1433 159 129
1434 158 133
1435 156 142
1436 143 127
1437 158 135
1438 147 136
1439 159 139
1440 160 128
1441 159 142
1442 151 141
1443 146 132
1444 147 142
1445 157 135
1446 160 137
1447 147 135
1448 151 125
1449 156 126
1450 162 129
1451 157 130
1452 149 126
1453 162 132
1454 145 141
1455 151 136
1456 146 134
1457 157 132
1458 162 138
1459 151 126
1460 158 126
1461 146 124
1462 30 203
1463 25 200
1464 30 208
1465 16 204
1466 25 203
1467 24 199
1468 24 207
1469 21 201
1470 15 197
1471 14 196
1472 21 204
1473 15 206
1474 25 195
1475 14 195
1476 13 203
1477 19 195
1478 27 204
1479 19 203
1480 21 195
1481 23 206
1482 24 195
1483 23 199
1484 27 194
1485 22 201
1486 22 203
1487 25 199
1488 23 206
1489 27 207
1490 25 203
1491 13 194
1492 166 95
1493 170 91
1494 173 89
1495 164 99
1496 166 95
1497 166 97
1498 174 89
1499 177 92
1500 171 97
1501 172 101
1502 176 103
1503 163 93
1504 168 90
1505 175 94
1506 175 103
1507 164 98
1508 172 97
1509 171 89
1510 166 96
1511 172 91
1512 173 92
1513 174 89
1514 167 100
1515 176 91
1516 174 92
1517 175 90
1518 170 102
1519 166 103
1520 174 96
1521 166 96
1522 112 197
1523 121 197
1524 109 208
1525 122 194
1526 117 204
1527 123 206
1528 110 206
1529 115 196
1530 116 207
1531 112 206
1532 123 202
1533 109 194
1534 112 199
1535 118 206
1536 120 200
1537 115 198
1538 106 206
1539 110 199
1540 113 204
1541 106 205
1542 119 199
1543 115 206
1544 120 202
1545 111 201
1546 108 207
1547 104 207
1548 110 197
1549 110 195
1550 123 207
1551 110 198
1552 130 114
1553 128 105
1554 132 113
1555 137 117
1556 131 108
1557 134 107
1558 124 122
1559 137 108
1560 139 108
1561 126 114
1562 132 115
1563 129 113
1564 132 104
1565 132 115
1566 137 119
1567 139 104
1568 130 106
1569 125 105
1570 133 114
1571 141 116
1572 140 118
1573 138 115
1574 126 113
1575 127 121
1576 142 122
1577 128 122
1578 124 117
1579 134 121
1580 135 106
1581 130 111
1582 138 134
1583 136 135
1584 133 137
1585 133 140
1586 128 142
1587 127 137
1588 126 125
1589 141 131
1590 139 133
1591 140 137
1592 136 142
1593 134 142
1594 130 141
1595 141 140
1596 128 138
1597 127 129
1598 129 132
1599 126 136
1600 135 126
1601 140 126
1602 142 130
1603 136 134
1604 126 133
1605 238 213
1606 224 219
1607 233 217
1608 227 210
1609 234 213
1610 225 210
1611 237 223
1612 227 223
1613 227 210
1614 227 216
1615 239 211
1616 234 220
1617 227 220
1618 224 219
1619 224 218
1620 224 216
1621 236 212
1622 237 217
1623 226 209
1624 226 219
1625 230 214
1626 224 218
1627 230 219
1628 234 210
1629 235 211
1630 239 218
1631 237 223
1632 227 221
1633 232 214
1634 235 210
1635 209 91
1636 217 94
1637 212 101
1638 210 100
1639 216 95
1640 217 96
1641 222 101
1642 218 92
1643 215 97
1644 214 94
1645 219 96
1646 218 92
1647 218 102
1648 209 95
1649 212 97
1650 216 102
1651 216 89
1652 223 91
1653 211 99
1654 212 89
1655 213 89
1656 215 91
1657 209 102
1658 218 98
1659 209 99
1660 215 96
1661 209 96
1662 219 91
1663 213 93
1664 223 102
1665 12 87
1666 24 73
1667 12 87
1668 12 83
1669 24 83
1670 18 75
1671 20 75
1672 22 83
1673 18 82
1674 17 81
1675 26 74
1676 18 85
1677 24 77
1678 19 85
1679 17 78
1680 29 74
1681 30 78
1682 29 71
1683 30 79
1684 14 83
1685 27 84
1686 21 83
1687 29 86
1688 24 88
1689 20 87
1690 26 77
1691 20 86
1692 27 87
1693 26 78
1694 14 83
1695 155 94
1696 158 92
1697 155 97
1698 150 98
1699 154 98
1700 150 94
1701 155 99
1702 148 91
1703 158 89
1704 160 102
1705 147 102
1706 153 93
1707 148 93
1708 160 97
1709 161 97
1710 149 93
1711 161 99
1712 154 95
1713 144 93
1714 162 90
1715 148 102
1716 153 95
1717 155 93
1718 145 92
1719 162 93
1720 148 101
1721 150 92
1722 148 90
1723 149 92
1724 160 94
1725 217 111
1726 221 109
1727 219 104
1728 215 104
1729 222 117
1730 218 114
1731 215 109
1732 215 113
1733 222 105
1734 215 104
1735 219 113
1736 218 109
1737 218 121
1738 209 104
1739 213 104
1740 218 111
1741 221 107
1742 210 107
1743 221 111
1744 223 108
1745 214 120
1746 214 111
1747 213 104
1748 220 123
1749 212 107
1750 221 109
1751 211 112
1752 210 120
1753 216 111
1754 222 106
1755 173 123
1756 174 110
1757 171 123
1758 165 109
1759 176 115
1760 175 123
1761 172 109
1762 173 105
1763 173 121
1764 174 113
1765 168 106
1766 166 119
1767 173 117
1768 170 119
1769 167 107
1770 168 110
1771 164 122
1772 176 119
1773 176 105
1774 175 107
1775 175 114
1776 176 108
1777 172 115
1778 166 115
1779 172 121
1780 172 107
1781 165 112
1782 171 113
1783 175 113
1784 165 119
1785 212 6
1786 210 1
1787 218 1
1788 211 9
1789 218 11
1790 215 3
1791 223 1
1792 213 4
1793 212 7
1794 222 7
1795 216 1
1796 209 10
1797 223 2
1798 222 7
1799 221 9
1800 223 1
1801 218 11
1802 218 6
1803 214 3
1804 213 3
1805 223 1
1806 220 5
1807 223 3
1808 210 5
1809 220 6
1810 219 5
1811 212 11
1812 215 8
1813 44 182
1814 35 192
1815 38 187
1816 44 181
1817 37 186
1818 33 181
1819 36 181
1820 48 189
1821 43 180
1822 37 193
1823 48 188
1824 42 185
1825 46 184
1826 40 185
1827 33 179
1828 42 189
1829 42 190
1830 41 180
1831 43 185
1832 46 184
1833 41 182
1834 44 190
1835 34 191
1836 41 191
1837 39 184
1838 41 178
1839 38 192
1840 44 190
1841 36 187
1842 48 183
1843 171 227
1844 177 235
1845 163 236
1846 170 230
1847 173 232
1848 163 231
1849 173 229
1850 172 227
1851 168 228
1852 176 226
1853 165 239
1854 165 237
1855 171 229
1856 168 224
1857 174 233
1858 165 235
1859 167 224
1860 170 227
1861 174 234
1862 170 230
1863 173 231
1864 164 232
1865 175 231
1866 173 231
1867 172 238
1868 166 237
1869 169 239
1870 168 228
1871 172 237
1872 166 232
1873 155 172
1874 153 163
1875 153 165
1876 147 164
1877 153 164
1878 159 168
1879 159 176
1880 160 169
1881 159 168
1882 162 169
1883 157 176
1884 143 167
1885 144 175
1886 156 166
1887 150 177
1888 161 166
1889 160 163
1890 159 176
1891 154 172
1892 144 168
1893 152 163
1894 159 169
1895 161 177
1896 143 163
1897 147 169
1898 149 165
1899 152 175
1900 144 170
1901 149 176
1902 149 175
1903 72 22
1904 87 16
1905 85 28
1906 88 21
1907 72 25
1908 83 18
1909 88 22
1910 74 12
1911 87 23
1912 82 13
1913 74 26
1914 76 18
1915 88 27
1916 79 23
1917 86 26
1918 81 30
1919 78 15
1920 71 23
1921 81 19
1922 71 13
1923 87 16
1924 71 26
1925 83 18
1926 88 24
1927 77 15
1928 85 27
1929 80 19
1930 75 14
1931 81 13
1932 79 24
1933 191 216
1934 188 209
1935 180 209
1936 180 221
1937 179 211
1938 179 213
1939 190 212
1940 182 216
1941 187 222
1942 189 209
1943 185 215
1944 191 213
1945 185 221
1946 182 216
1947 189 216
1948 190 212
1949 191 223
1950 186 215
1951 180 215
1952 187 210
1953 193 211
1954 189 213
1955 180 218
1956 185 218
1957 193 220
1958 193 211
1959 188 212
1960 193 209
1961 192 221
1962 191 216
1963 22 152
1964 30 156
1965 12 149
1966 21 157
1967 24 147
1968 29 161
1969 22 162
1970 16 143
1971 24 150
1972 21 156
1973 16 156
1974 19 159
1975 24 154
1976 28 156
1977 23 160
1978 22 161
1979 26 143
1980 23 151
1981 15 156
1982 13 149
1983 18 161
1984 20 143
1985 29 152
1986 24 145
1987 30 159
1988 12 158
1989 29 155
1990 15 160
1991 26 152
1992 12 145
1993 149 230
1994 145 239
1995 154 226
1996 154 237
1997 162 238
1998 162 237
1999 143 238
2000 158 224
2001 160 239
2002 149 224
2003 156 232
2004 160 234
2005 155 235
2006 154 228
2007 148 231
2008 154 231
2009 146 232
2010 147 237
2011 157 228
2012 149 227
2013 159 231
2014 152 238
2015 157 226
2016 158 235
2017 159 237
2018 152 226
2019 146 225
2020 149 225
2021 158 235
2022 156 236
2023 194 54
2024 207 57
2025 195 55
2026 198 69
2027 199 65
2028 206 62
2029 194 70
2030 201 65
2031 199 53
2032 194 63
2033 199 51
2034 197 55
2035 204 62
2036 207 55
2037 201 69
2038 208 68
2039 200 58
2040 198 70
2041 206 64
2042 204 62
2043 202 61
2044 205 65
2045 206 53
2046 200 67
2047 201 68
2048 197 68
2049 196 64
2050 197 58
2051 204 52
2052 205 59
2053 53 197
2054 53 197
2055 56 201
2056 64 201
2057 65 200
2058 65 201
2059 66 201
2060 70 204
2061 62 206
2062 54 207
2063 53 200
2064 62 198
2065 65 201
2066 61 207
2067 65 205
2068 53 199
2069 56 199
2070 54 205
2071 57 205
2072 57 195
2073 58 206
2074 52 207
2075 65 196
2076 64 194
2077 66 196
2078 62 194
2079 52 195
2080 65 201
2081 51 207
2082 58 204
2083 93 0
2084 93 11
2085 93 8
2086 98 6
2087 103 4
2088 102 1
2089 99 2
2090 90 4
2091 95 0
2092 101 8
2093 92 11
2094 99 11
2095 89 1
2096 100 1
2097 96 7
2098 90 6
2099 102 1
2100 97 3
2101 96 9
2102 91 3
2103 93 0
2104 98 0
2105 91 0
2106 101 1
2107 90 6
2108 97 3
2109 90 5
2110 99 1
2111 7 185
2112 3 184
2113 11 187
2114 4 184
2115 11 193
2116 0 191
2117 10 180
2118 8 178
2119 5 191
2120 7 179
2121 4 181
2122 0 188
2123 2 184
2124 0 191
2125 11 193
2126 10 189
2127 10 185
2128 6 186
2129 11 188
2130 10 193
2131 10 191
2132 7 185
2133 3 189
2134 0 183
2135 1 186
2136 11 180
2137 0 182
2138 95 58
2139 93 67
2140 99 54
2141 97 64
2142 100 69
2143 94 64
2144 100 54
2145 96 52
2146 99 53
2147 89 55
2148 90 59
2149 94 61
2150 91 58
2151 95 68
2152 91 65
2153 94 58
2154 93 52
2155 95 67
2156 99 56
2157 95 64
2158 89 54
2159 96 66
2160 100 53
2161 97 57
2162 100 51
2163 93 54
2164 100 51
2165 98 54
2166 99 69
2167 95 57
2168 228 234
2169 237 229
2170 236 237
2171 224 236
2172 230 234
2173 227 235
2174 237 232
2175 225 230
2176 226 229
2177 227 234
2178 235 231
2179 224 225
2180 228 231
2181 230 239
2182 225 229
2183 237 228
2184 227 239
2185 233 237
2186 235 225
2187 4 97
2188 6 103
2189 3 99
2190 1 92
2191 5 100
2192 3 92
2193 7 95
2194 3 95
2195 5 100
2196 9 98
2197 3 100
2198 4 94
2199 3 100
2200 5 94
2201 7 95
2202 8 91
2203 7 101
2204 11 97
2205 10 98
2206 9 90
2207 1 93
2208 7 100
2209 0 96
2210 4 94
2211 3 98
2212 9 97
2213 4 92
2214 1 102
2215 223 232
2216 218 237
2217 209 232
2218 219 232
2219 210 238
2220 211 230
2221 210 238
2222 209 231
2223 219 224
2224 217 229
2225 221 231
2226 211 238
2227 223 233
2228 210 224
2229 211 228
2230 217 236
2231 218 234
2232 215 227
2233 212 234
2234 219 225
2235 220 224
2236 223 227
2237 210 224
2238 223 233
2239 218 226
2240 214 230
2241 213 232
2242 218 239
2243 216 233
2244 221 236
2245 48 7
2246 50 2
2247 43 5
2248 31 11
2249 43 5
2250 36 6
2251 37 0
2252 32 2
2253 40 6
2254 43 9
2255 33 7
2256 40 6
2257 40 7
2258 49 5
2259 36 9
2260 46 7
2261 37 7
2262 41 9
2263 36 5
2264 41 2
2265 48 10
2266 47 2
2267 40 5
2268 32 9
2269 39 2
2270 39 10
2271 48 1
2272 34 5
2273 32 9
2274 36 8
2275 59 205
2276 66 200
2277 60 202
2278 52 204
2279 70 200
2280 62 205
2281 52 194
2282 51 203
2283 67 201
2284 57 208
2285 67 204
2286 57 208
2287 51 198
2288 53 195
2289 69 202
2290 69 206
2291 69 195
2292 57 199
2293 51 206
2294 58 201
2295 51 196
2296 69 197
2297 63 198
2298 62 199
2299 51 202
2300 51 199
2301 68 200
2302 54 201
2303 52 199
2304 52 207
2305 167 232
2306 174 232
2307 174 226
2308 177 226
2309 167 227
2310 176 239
2311 168 233
2312 165 227
2313 170 229
2314 170 231
2315 175 235
2316 163 229
2317 170 228
2318 177 235
2319 176 237
2320 164 232
2321 172 235
2322 169 228
2323 172 235
2324 173 224
2325 169 233
2326 170 230
2327 174 233
2328 177 231
2329 171 230
2330 170 233
2331 176 236
2332 173 237
2333 169 230
2334 175 234
2335 101 95
2336 92 99
2337 96 102
2338 90 92
2339 100 98
2340 102 91
2341 103 99
2342 94 99
2343 92 101
2344 92 94
2345 93 89
2346 91 90
2347 91 94
2348 102 91
2349 103 91
2350 96 101
2351 96 92
2352 91 97
2353 93 101
2354 99 92
2355 100 90
2356 91 90
2357 95 100
2358 98 96
2359 38 177
2360 38 164
2361 49 168
2362 50 164
2363 35 171
2364 32 163
2365 48 172
2366 39 170
2367 32 174
2368 42 173
2369 41 177
2370 47 168
2371 31 177
2372 47 176
2373 35 166
2374 31 163
2375 42 167
2376 38 168
2377 45 175
2378 34 176
2379 47 168
2380 42 163
2381 48 170
2382 33 173
2383 38 172
2384 42 174
2385 49 172
2386 42 173
2387 44 176
2388 37 172
2389 218 136
2390 221 133
2391 215 135
2392 215 133
2393 220 141
2394 220 141
2395 219 130
2396 215 140
2397 222 127
2398 216 142
2399 219 136
2400 217 131
2401 223 127
2402 216 137
2403 219 138
2404 213 127
2405 211 124
2406 215 126
2407 216 140
2408 218 141
2409 214 135
2410 214 132
2411 215 136
2412 215 134
2413 221 140
2414 213 125
2415 211 126
2416 216 132
2417 211 141
2418 209 132
2419 11 206
2420 2 195
2421 10 197
2422 6 207
2423 0 198
2424 0 200
2425 2 207
2426 5 202
2427 0 207
2428 1 206
2429 5 208
2430 11 203
2431 10 204
2432 8 197
2433 6 203
2434 4 208
2435 1 199
2436 10 195
2437 6 197
2438 6 197
2439 6 198
2440 3 200
2441 1 206
2442 8 205
2443 9 195
2444 4 195
2445 4 200
2446 0 203
2447 93 233
2448 101 234
2449 99 226
2450 98 225
2451 100 226
2452 91 230
2453 103 233
2454 91 225
2455 96 225
2456 92 235
2457 90 227
2458 95 227
2459 101 228
2460 103 233
2461 98 232
2462 93 233
2463 89 226
2464 100 232
2465 102 226
2466 97 234
2467 100 235
2468 98 231
2469 92 234
2470 103 225
2471 94 225
2472 95 233
2473 94 231
2474 99 233
2475 94 239
2476 90 236
2477 65 172
2478 65 163
2479 62 171
2480 64 177
2481 55 173
2482 70 163
2483 52 171
2484 57 166
2485 55 169
2486 58 176
2487 64 171
2488 66 169
2489 64 173
2490 63 164
2491 64 166
2492 59 177
2493 68 172
2494 60 163
2495 66 172
2496 60 173
2497 66 167
2498 57 172
2499 56 176
2500 65 164
2501 52 166
2502 69 177
2503 52 165
2504 68 167
2505 64 171
2506 68 173
2507 72 173
2508 72 166
2509 88 173
2510 75 175
2511 86 168
2512 80 174
2513 80 174
2514 84 176
2515 79 165
2516 78 163
2517 87 177
2518 72 168
2519 74 168
2520 77 174
2521 86 170
2522 80 175
2523 77 176
2524 77 177
2525 81 175
2526 76 169
2527 76 172
2528 86 176
2529 84 177
2530 71 165
2531 86 172
2532 74 177
2533 84 171
2534 72 164
2535 82 163
2536 88 176
2537 153 1
2538 145 3
2539 161 10
2540 151 6
2541 155 5
2542 150 7
2543 144 4
2544 154 6
2545 153 8
2546 162 8
2547 145 11
2548 161 9
2549 148 10
2550 157 11
2551 150 5
2552 162 8
2553 148 11
2554 162 6
2555 149 0
2556 146 1
2557 161 7
2558 161 6
2559 143 9
2560 159 1
2561 153 9
2562 152 4
2563 147 6
2564 154 9
2565 160 7
2566 0 224
2567 0 224
2568 6 235
2569 4 238
2570 6 229
2571 3 231
2572 0 233
2573 0 229
2574 6 232
2575 9 233
2576 4 236
2577 10 239
2578 9 232
2579 2 228
2580 10 237
2581 3 232
2582 5 238
2583 10 226
2584 4 236
2585 1 226
2586 3 225
2587 11 226
2588 4 228
2589 8 227
2590 11 233
2591 1 232
2592 7 237
2593 10 229
2594 0 236
2595 9 237
2596 46 222
2597 49 221
2598 41 213
2599 31 209
2600 41 215
2601 33 220
2602 46 218
2603 40 220
2604 40 214
2605 32 218
2606 44 211
2607 31 219
2608 36 220
2609 49 212
2610 44 211
2611 43 220
2612 47 215
2613 50 222
2614 47 217
2615 38 218
2616 39 221
2617 40 223
2618 49 211
2619 31 213
2620 46 210
2621 35 218
2622 41 221
2623 33 213
2624 31 223
2625 47 221
2626 108 162
2627 117 152
2628 117 153
2629 109 149
2630 108 146
2631 108 161
2632 120 156
2633 123 147
2634 119 152
2635 122 144
2636 123 147
2637 105 155
2638 108 147
2639 113 145
2640 115 146
2641 121 148
2642 120 145
2643 121 161
2644 118 149
2645 105 161
2646 108 159
2647 108 144
2648 107 154
2649 112 160
2650 114 144
2651 119 152
2652 115 151
2653 105 151
2654 122 161
2655 109 159
2656 159 150
2657 144 162
2658 145 146
2659 146 151
2660 147 150
2661 161 146
2662 160 146
2663 162 148
2664 153 161
2665 153 143
2666 152 158
2667 153 149
2668 146 145
2669 156 148
2670 153 144
2671 149 157
2672 143 145
2673 162 149
2674 154 146
2675 149 157
2676 155 150
2677 147 159
2678 23 196
2679 27 194
2680 26 194
2681 16 198
2682 22 201
2683 30 195
2684 19 204
2685 28 208
2686 24 194
2687 17 197
2688 30 204
2689 23 199
2690 13 208
2691 15 203
2692 22 208
2693 14 204
2694 21 203
2695 30 207
2696 20 204
2697 20 199
2698 29 197
2699 17 196
2700 29 197
2701 15 208
2702 14 201
2703 12 194
2704 18 208
2705 18 208
2706 13 202
2707 28 197
2708 180 63
2709 188 52
2710 182 58
2711 185 53
2712 193 51
2713 179 63
2714 186 55
2715 186 64
2716 182 62
2717 185 59
2718 187 70
2719 182 67
2720 186 63
2721 188 56
2722 184 56
2723 189 62
2724 178 61
2725 191 67
2726 184 68
2727 187 63
2728 192 54
2729 187 53
2730 179 58
2731 187 63
2732 182 62
2733 181 67
2734 186 67
2735 193 60
2736 191 54
2737 192 57
2738 68 83
2739 62 73
2740 58 79
2741 67 76
2742 60 80
2743 59 76
2744 61 88
2745 51 87
2746 55 77
2747 70 77
2748 67 86
2749 53 77
2750 59 75
2751 61 76
2752 63 73
2753 66 73
2754 58 76
2755 65 75
2756 53 71
2757 57 74
2758 60 74
2759 57 71
2760 60 81
2761 61 85
2762 54 87
2763 65 85
2764 70 75
2765 51 74
2766 69 71
2767 67 79
2768 149 11
2769 148 3
2770 149 8
2771 161 11
2772 147 6
2773 153 11
2774 153 5
2775 149 10
2776 152 6
2777 147 4
2778 146 4
2779 158 9
2780 150 4
2781 155 11
2782 147 3
2783 143 9
2784 157 8
2785 154 3
2786 148 9
2787 154 2
2788 161 6
2789 156 11
2790 157 8
2791 153 3
2792 152 7
2793 146 8
2794 148 1
2795 152 7
2796 153 2
2797 170 168
2798 177 173
2799 175 177
2800 172 176
2801 167 174
2802 168 173
2803 176 166
2804 177 173
2805 177 163
2806 163 175
2807 172 163
2808 164 169
2809 168 163
2810 164 171
2811 167 169
2812 170 173
2813 175 171
2814 177 175
2815 169 167
2816 163 167
2817 113 170
2818 109 167
2819 122 177
2820 117 171
2821 109 167
2822 113 166
2823 116 163
2824 116 173
2825 108 176
2826 115 174
2827 106 168
2828 111 173
2829 110 166
2830 109 173
2831 106 172
2832 121 167
2833 110 177
2834 107 167
2835 106 164
2836 119 165
2837 122 163
2838 114 170
2839 112 169
2840 104 169
2841 109 174
2842 122 176
2843 107 173
2844 116 171
2845 110 168
2846 105 175
2847 132 236
2848 137 231
2849 135 228
2850 132 232
2851 131 238
2852 131 237
2853 139 234
2854 136 227
2855 133 225
2856 127 229
2857 136 229
2858 132 239
2859 135 227
2860 127 237
2861 124 224
2862 132 238
2863 131 238
2864 125 227
2865 139 230
2866 132 227
2867 133 224
2868 135 227
2869 125 235
2870 135 226
2871 132 236
2872 135 230
2873 133 238
2874 132 238
2875 138 230
2876 133 235
2877 111 70
2878 107 68
2879 114 70
2880 107 59
2881 106 59
2882 111 54
2883 116 64
2884 121 57
2885 119 69
2886 111 56
2887 122 53
2888 114 62
2889 109 64
2890 112 53
2891 122 61
2892 116 66
2893 107 62
2894 118 70
2895 113 51
2896 111 68
2897 123 59
2898 111 64
2899 112 70
2900 106 64
2901 109 60
2902 113 54
2903 119 56
2904 123 60
2905 114 56
2906 108 63
