259 280 10 2922
0 6
1 10
2 5
3 5
4 7
5 6
6 10
7 11
8 3
9 5
10 7
11 14
12 3
13 3
14 4
15 3
16 3
17 3
18 3
19 3
20 3
21 5
22 3
23 3
24 4
25 3
26 6
27 4
28 3
29 3
30 4
31 3
32 3
33 5
34 3
35 3
36 3
37 3
38 3
39 3
40 3
41 4
42 3
43 3
44 3
45 4
46 3
47 3
48 3
49 4
50 3
51 3
52 3
53 4
54 4
55 3
56 3
57 3
58 4
59 3
60 3
61 3
62 4
63 3
64 4
65 4
66 4
67 3
68 3
69 3
70 3
71 3
72 3
73 3
74 3
75 3
76 7
77 3
78 4
79 4
80 4
81 4
82 3
83 4
84 4
85 3
86 3
87 4
88 3
89 3
90 3
91 3
92 4
93 3
94 3
95 3
96 4
97 3
98 4
99 3
100 4
101 3
102 4
103 3
104 3
105 3
106 4
107 4
108 4
109 6
110 3
111 4
112 3
113 4
114 5
115 3
116 3
117 3
118 3
119 3
120 4
121 3
122 3
123 3
124 3
125 3
126 4
127 3
128 4
129 3
130 7
131 5
132 3
133 5
134 3
135 3
136 3
137 3
138 4
139 3
140 3
141 3
142 3
143 3
144 3
145 3
146 3
147 3
148 4
149 5
150 3
151 4
152 3
153 5
154 6
155 4
156 3
157 4
158 3
159 4
160 4
161 3
162 3
163 6
164 3
165 3
166 3
167 4
168 3
169 3
170 3
171 3
172 3
173 5
174 3
175 3
176 4
177 3
178 3
179 3
180 3
181 4
182 4
183 3
184 3
185 3
186 5
187 3
188 4
189 4
190 4
191 5
192 3
193 3
194 3
195 3
196 3
197 3
198 3
199 3
200 3
201 3
202 3
203 4
204 3
205 4
206 5
207 3
208 3
209 4
210 4
211 4
212 5
213 4
214 3
215 3
216 3
217 3
218 3
219 3
220 7
221 3
222 3
223 7
224 3
225 3
226 3
227 3
228 3
229 3
230 4
231 3
232 3
233 3
234 3
235 3
236 4
237 3
238 3
239 5
240 3
241 6
242 3
243 4
244 3
245 3
246 3
247 4
248 3
249 3
250 4
251 3
252 5
253 3
254 3
255 4
256 3
257 3
258 4
0 0 1
1 0 6
2 0 10
3 0 11
4 1 3
5 1 4
6 1 5
7 1 6
8 1 7
9 1 8
10 1 9
11 1 11
12 1 47
13 2 7
14 2 8
15 2 81
16 2 158
17 3 5
18 3 7
19 3 11
20 4 5
21 4 6
22 4 7
23 4 9
24 4 10
25 4 11
26 5 7
27 5 9
28 6 7
29 6 10
30 6 11
31 6 12
32 6 27
33 6 223
34 7 8
35 7 9
36 7 10
37 7 66
38 9 11
39 10 11
40 10 192
41 10 241
42 11 100
43 11 119
44 11 139
45 11 177
46 11 208
47 12 15
48 13 22
49 13 14
50 14 19
51 14 20
52 14 26
53 15 26
54 16 21
55 17 24
56 18 19
57 20 24
58 21 25
59 21 26
60 23 26
61 27 28
62 28 44
63 29 31
64 30 33
65 30 46
66 31 33
67 32 42
68 33 44
69 34 42
70 34 43
71 34 41
72 35 39
73 35 40
74 36 37
75 36 45
76 38 39
77 40 44
78 41 45
79 45 46
80 47 58
81 48 60
82 48 58
83 49 61
84 49 54
85 49 65
86 50 63
87 50 54
88 51 62
89 52 64
90 53 58
91 53 65
92 54 59
93 55 62
94 56 65
95 57 61
96 59 62
97 64 65
98 66 80
99 67 73
100 67 71
101 68 76
102 69 79
103 70 75
104 70 71
105 71 80
106 72 75
107 74 78
108 75 76
109 76 77
110 76 78
111 76 79
112 81 84
113 81 98
114 82 96
115 82 98
116 83 90
117 83 88
118 83 87
119 84 94
120 85 92
121 85 91
122 86 92
123 87 89
124 88 93
125 89 99
126 91 95
127 95 97
128 96 97
129 98 99
130 100 112
131 100 108
132 101 106
133 102 111
134 102 112
135 103 107
136 104 105
137 105 114
138 106 107
139 106 116
140 108 114
141 109 110
142 109 114
143 109 117
144 109 118
145 111 115
146 113 116
147 113 118
148 119 137
149 119 128
150 120 135
151 120 133
152 121 138
153 122 132
154 123 130
155 124 130
156 125 133
157 126 127
158 126 129
159 126 130
160 128 138
161 130 136
162 130 131
163 131 134
164 131 135
165 132 138
166 133 138
167 139 147
168 139 149
169 140 153
170 141 146
171 141 144
172 142 154
173 143 154
174 143 149
175 144 154
176 145 157
177 148 150
178 148 155
179 148 153
180 149 153
181 151 152
182 151 155
183 153 157
184 154 156
185 158 160
186 159 167
187 159 168
188 160 170
189 160 163
190 161 163
191 161 175
192 161 168
193 162 167
194 163 166
195 163 172
196 164 173
197 165 173
198 166 169
199 166 171
200 168 176
201 173 176
202 174 176
203 177 180
204 178 188
205 179 183
206 180 189
207 181 183
208 181 191
209 182 184
210 182 186
211 185 189
212 185 191
213 186 190
214 186 191
215 187 191
216 188 190
217 192 206
218 193 205
219 194 199
220 194 201
221 194 203
222 195 202
223 195 198
224 196 197
225 197 205
226 197 198
227 198 204
228 200 206
229 201 206
230 203 205
231 204 207
232 208 211
233 209 212
234 209 220
235 210 216
236 210 213
237 210 220
238 211 214
239 211 212
240 212 218
241 213 221
242 215 220
243 217 221
244 219 220
245 220 222
246 223 231
247 223 226
248 223 235
249 223 239
250 224 230
251 224 240
252 225 233
253 226 232
254 227 233
255 227 236
256 228 238
257 228 239
258 228 230
259 229 234
260 229 239
261 230 237
262 236 237
263 241 245
264 241 257
265 241 247
266 242 246
267 242 252
268 243 248
269 243 249
270 244 250
271 244 258
272 245 253
273 245 254
274 247 251
275 249 255
276 249 252
277 250 252
278 251 255
279 256 258
0 193 88
1 204 82
2 204 85
3 194 93
4 197 99
5 194 82
6 202 97
7 193 84
8 201 89
9 193 88
10 204 83
11 197 97
12 207 89
13 196 82
14 195 87
15 196 83
16 198 84
17 196 91
18 203 86
19 204 83
20 204 88
21 195 99
22 195 96
23 196 81
24 201 93
25 205 98
26 207 86
27 196 94
28 193 98
29 201 92
30 40 116
31 27 105
32 46 116
33 27 108
34 32 107
35 34 107
36 38 113
37 27 111
38 42 102
39 34 114
40 40 112
41 36 101
42 42 114
43 38 113
44 39 116
45 45 105
46 33 105
47 45 117
48 34 111
49 38 114
50 32 100
51 29 115
52 29 111
53 43 104
54 46 115
55 43 118
56 46 103
57 28 116
58 28 118
59 31 107
60 118 169
61 100 161
62 102 165
63 111 167
64 111 172
65 108 172
66 108 161
67 115 158
68 105 163
69 118 165
70 100 160
71 111 172
72 118 171
73 116 158
74 118 170
75 102 158
76 106 165
77 115 160
78 105 160
79 116 160
80 113 174
81 106 163
82 104 174
83 113 164
84 104 174
85 114 162
86 117 169
87 103 168
88 104 171
89 102 168
90 151 146
91 147 146
92 141 143
93 157 142
94 146 147
95 150 151
96 141 142
97 139 145
98 143 155
99 141 150
100 146 142
101 139 148
102 147 148
103 147 146
104 140 139
105 146 142
106 140 155
107 152 149
108 141 142
109 141 153
110 157 147
111 228 74
112 235 73
113 228 72
114 235 80
115 234 68
116 236 77
117 230 67
118 237 75
119 224 72
120 232 72
121 233 79
122 225 79
123 228 66
124 230 74
125 232 68
126 233 79
127 224 76
128 232 78
129 235 75
130 233 67
131 240 71
132 237 78
133 226 76
134 229 68
135 231 71
136 226 78
137 234 75
138 224 68
139 240 68
140 235 80
141 28 45
142 46 38
143 34 28
144 43 46
145 44 46
146 45 43
147 38 33
148 32 44
149 35 36
150 46 29
151 43 29
152 30 37
153 45 44
154 34 33
155 46 43
156 35 33
157 46 43
158 36 33
159 39 28
160 35 27
161 38 28
162 30 39
163 25 113
164 25 108
165 23 114
166 21 107
167 22 105
168 16 100
169 25 118
170 20 117
171 26 105
172 24 106
173 26 101
174 20 103
175 14 104
176 21 109
177 21 100
178 20 103
179 23 107
180 23 108
181 25 100
182 16 105
183 18 118
184 12 118
185 13 100
186 17 113
187 21 105
188 25 117
189 12 108
190 14 104
191 25 115
192 14 116
193 170 235
194 164 234
195 169 234
196 158 231
197 158 236
198 169 227
199 161 228
200 160 232
201 164 229
202 158 231
203 171 237
204 162 230
205 166 226
206 169 236
207 169 236
208 161 231
209 162 225
210 167 233
211 176 226
212 172 229
213 161 228
214 176 223
215 170 230
216 170 234
217 176 223
218 166 240
219 163 232
220 164 239
221 172 227
222 161 239
223 53 145
224 54 147
225 59 139
226 51 148
227 55 151
228 60 155
229 64 144
230 62 156
231 63 141
232 65 140
233 63 141
234 56 141
235 59 144
236 56 156
237 50 143
238 56 157
239 56 155
240 47 150
241 54 146
242 58 147
243 50 139
244 49 154
245 52 151
246 49 151
247 50 151
248 54 153
249 52 154
250 52 151
251 58 147
252 50 151
253 75 51
254 71 53
255 72 63
256 79 60
257 72 54
258 75 59
259 78 64
260 76 58
261 68 50
262 71 52
263 77 47
264 76 54
265 75 54
266 70 64
267 79 53
268 67 51
269 66 61
270 78 50
271 68 60
272 75 57
273 70 53
274 76 53
275 79 56
276 66 57
277 75 53
278 68 61
279 71 53
280 71 53
281 73 52
282 73 50
283 180 218
284 177 212
285 187 208
286 189 212
287 179 222
288 178 208
289 179 217
290 180 210
291 190 222
292 181 212
293 187 209
294 188 212
295 186 208
296 187 216
297 189 208
298 180 212
299 187 209
300 181 210
301 184 217
302 181 216
303 185 219
304 177 214
305 186 214
306 188 213
307 182 211
308 178 208
309 186 216
310 187 220
311 180 217
312 183 218
313 126 147
314 126 145
315 127 147
316 132 157
317 123 154
318 122 153
319 133 140
320 119 155
321 137 148
322 138 146
323 121 151
324 130 151
325 122 151
326 128 149
327 136 152
328 127 145
329 133 152
330 126 155
331 121 140
332 121 139
333 126 157
334 133 148
335 122 147
336 121 148
337 132 142
338 122 156
339 138 143
340 129 139
341 127 144
342 136 148
343 178 225
344 179 228
345 189 225
346 187 227
347 179 224
348 180 231
349 185 224
350 185 227
351 186 240
352 185 229
353 183 237
354 184 226
355 180 226
356 189 238
357 179 234
358 180 232
359 182 234
360 179 226
361 181 226
362 178 235
363 189 232
364 188 232
365 185 224
366 188 231
367 187 229
368 180 235
369 184 233
370 191 235
371 184 225
372 179 230
373 49 191
374 59 191
375 48 181
376 62 183
377 47 191
378 64 185
379 52 188
380 55 191
381 59 178
382 50 184
383 64 180
384 62 191
385 49 189
386 60 182
387 57 183
388 56 181
389 60 187
390 59 185
391 55 180
392 64 188
393 51 186
394 53 190
395 65 191
396 49 183
397 53 177
398 50 180
399 50 177
400 61 178
401 60 178
402 50 179
403 113 49
404 113 65
405 100 57
406 102 57
407 110 61
408 101 62
409 107 55
410 102 61
411 105 53
412 102 58
413 102 54
414 100 63
415 101 48
416 116 47
417 106 64
418 105 52
419 100 58
420 111 53
421 115 56
422 109 65
423 110 52
424 105 62
425 100 52
426 100 56
427 113 55
428 101 59
429 115 57
430 100 54
431 116 64
432 110 56
433 54 206
434 58 195
435 53 207
436 47 192
437 50 197
438 51 198
439 49 207
440 51 207
441 53 202
442 65 198
443 51 199
444 59 198
445 52 196
446 61 194
447 47 201
448 55 194
449 52 205
450 65 198
451 56 193
452 54 198
453 61 204
454 63 200
455 51 199
456 47 196
457 54 202
458 58 194
459 47 202
460 47 195
461 56 194
462 63 197
463 195 167
464 198 167
465 199 163
466 202 159
467 206 167
468 196 167
469 200 169
470 193 163
471 195 171
472 193 170
473 206 164
474 192 166
475 202 159
476 200 173
477 194 159
478 203 161
479 201 158
480 201 161
481 206 159
482 205 167
483 200 170
484 204 173
485 196 165
486 206 176
487 207 176
488 196 172
489 196 175
490 205 166
491 205 161
492 203 173
493 176 180
494 158 186
495 162 177
496 174 182
497 165 189
498 169 191
499 172 182
500 165 190
501 163 189
502 176 177
503 162 177
504 173 187
505 163 190
506 159 191
507 170 185
508 164 178
509 159 191
510 175 186
511 164 181
512 162 184
513 176 190
514 172 179
515 173 182
516 169 180
517 167 181
518 167 183
519 163 184
520 165 184
521 161 189
522 168 178
523 180 134
524 180 125
525 184 132
526 190 138
527 183 129
528 187 121
529 181 119
530 186 134
531 190 136
532 183 121
533 177 125
534 185 122
535 178 124
536 185 136
537 184 124
538 184 136
539 179 136
540 189 121
541 184 130
542 187 138
543 189 124
544 183 134
545 188 128
546 180 132
547 181 134
548 183 135
549 190 133
550 187 123
551 190 125
552 182 124
553 200 143
554 203 152
555 196 154
556 204 157
557 199 151
558 196 149
559 195 142
560 206 139
561 197 151
562 199 154
563 197 154
564 197 152
565 193 143
566 196 141
567 195 155
568 196 144
569 195 144
570 193 157
571 202 157
572 202 153
573 201 140
574 194 144
575 205 144
576 201 148
577 200 157
578 207 148
579 207 148
580 200 142
581 192 151
582 192 151
583 245 63
584 257 58
585 258 61
586 258 52
587 252 60
588 258 65
589 247 49
590 247 56
591 246 58
592 258 63
593 248 52
594 245 47
595 252 63
596 249 62
597 241 64
598 245 63
599 257 58
600 256 60
601 256 52
602 256 52
603 255 62
604 256 53
605 242 48
606 253 53
607 251 58
608 257 61
609 244 61
610 256 55
611 242 64
612 251 48
613 190 207
614 184 207
615 190 195
616 191 197
617 191 199
618 180 206
619 183 203
620 180 192
621 185 202
622 184 203
623 184 194
624 188 204
625 182 205
626 177 197
627 184 199
628 191 202
629 183 204
630 191 196
631 181 198
632 190 201
633 190 197
634 186 202
635 185 204
636 187 197
637 183 198
638 191 195
639 189 205
640 177 203
641 186 205
642 188 196
643 187 180
644 186 177
645 183 188
646 186 183
647 191 188
648 181 189
649 183 186
650 179 185
651 189 190
652 188 183
653 177 185
654 185 177
655 179 182
656 180 178
657 180 190
658 178 183
659 182 188
660 187 190
661 188 189
662 184 188
663 39 194
664 45 194
665 37 199
666 43 204
667 40 199
668 36 196
669 37 207
670 29 207
671 36 202
672 29 201
673 41 194
674 39 199
675 38 197
676 32 202
677 27 200
678 29 195
679 33 206
680 33 197
681 41 207
682 31 198
683 39 198
684 44 201
685 34 192
686 43 200
687 32 193
688 40 196
689 42 194
690 42 207
691 31 203
692 36 200
693 86 31
694 98 44
695 94 40
696 90 46
697 90 36
698 81 33
699 97 32
700 92 45
701 93 32
702 91 44
703 87 30
704 87 45
705 97 29
706 82 39
707 89 42
708 88 33
709 90 28
710 85 46
711 96 33
712 81 34
713 89 43
714 83 33
715 96 41
716 88 38
717 83 33
718 97 41
719 82 29
720 88 30
721 94 39
722 85 40
723 58 12
724 60 19
725 50 12
726 57 21
727 65 22
728 60 19
729 60 13
730 48 26
731 61 21
732 50 25
733 47 18
734 60 17
735 55 24
736 64 15
737 64 26
738 56 22
739 54 25
740 49 15
741 63 24
742 63 23
743 63 24
744 50 22
745 59 15
746 59 14
747 47 25
748 63 22
749 63 15
750 62 15
751 64 15
752 60 15
753 11 175
754 3 169
755 1 169
756 4 166
757 2 168
758 3 164
759 11 164
760 0 171
761 1 166
762 1 163
763 11 159
764 1 161
765 1 167
766 11 170
767 4 160
768 3 172
769 10 165
770 6 160
771 7 164
772 2 172
773 6 159
774 2 170
775 1 161
776 2 166
777 3 174
778 7 165
779 0 169
780 4 166
781 6 170
782 152 239
783 156 225
784 148 240
785 142 229
786 148 230
787 152 227
788 146 234
789 147 232
790 152 228
791 140 234
792 148 229
793 140 226
794 157 236
795 155 225
796 147 238
797 156 236
798 152 233
799 156 223
800 147 238
801 141 224
802 152 240
803 152 227
804 139 237
805 154 225
806 153 236
807 147 223
808 157 231
809 149 235
810 139 238
811 140 230
812 22 191
813 13 190
814 23 179
815 14 177
816 22 183
817 25 183
818 21 188
819 21 187
820 23 180
821 17 177
822 24 190
823 17 180
824 20 184
825 12 183
826 15 177
827 13 179
828 26 178
829 22 179
830 12 191
831 19 179
832 26 177
833 14 181
834 14 183
835 23 180
836 22 187
837 18 178
838 14 180
839 14 182
840 14 183
841 21 177
842 204 200
843 199 206
844 207 192
845 192 204
846 204 192
847 202 200
848 192 205
849 197 201
850 200 193
851 200 197
852 196 206
853 194 198
854 206 203
855 199 192
856 205 201
857 204 193
858 195 207
859 168 0
860 170 5
861 176 5
862 164 11
863 166 9
864 159 0
865 159 4
866 165 5
867 172 2
868 167 6
869 161 3
870 165 9
871 170 10
872 161 6
873 160 7
874 162 0
875 171 8
876 174 4
877 161 10
878 172 2
879 174 3
880 174 5
881 174 8
882 171 0
883 162 2
884 175 9
885 159 0
886 172 0
887 168 4
888 256 246
889 254 248
890 242 255
891 254 246
892 248 241
893 255 256
894 256 247
895 256 245
896 243 258
897 248 256
898 253 248
899 253 246
900 258 247
901 252 254
902 241 242
903 253 244
904 255 244
905 243 241
906 252 245
907 243 247
908 257 252
909 246 243
910 124 194
911 137 200
912 127 200
913 126 194
914 119 192
915 124 196
916 120 205
917 135 204
918 138 202
919 135 195
920 138 201
921 129 204
922 133 204
923 130 204
924 131 198
925 125 198
926 131 207
927 121 193
928 122 197
929 127 198
930 132 199
931 121 194
932 138 207
933 137 194
934 132 204
935 138 196
936 122 192
937 137 195
938 130 200
939 119 204
940 245 233
941 249 235
942 246 226
943 247 236
944 251 236
945 242 237
946 252 223
947 255 233
948 254 239
949 245 226
950 246 230
951 241 234
952 247 227
953 246 236
954 244 224
955 250 235
956 246 238
957 251 233
958 254 227
959 257 231
960 246 238
961 256 235
962 247 227
963 246 237
964 244 223
965 257 240
966 248 234
967 242 223
968 247 240
969 256 232
970 140 232
971 152 224
972 142 240
973 139 240
974 154 239
975 144 234
976 143 226
977 154 228
978 144 224
979 150 237
980 154 240
981 141 229
982 155 224
983 147 228
984 147 232
985 145 239
986 150 238
987 145 230
988 147 228
989 147 228
990 147 237
991 145 227
992 139 235
993 142 224
994 148 227
995 149 224
996 149 233
997 157 227
998 155 228
999 150 239
1000 13 126
1001 24 129
1002 15 122
1003 23 121
1004 19 122
1005 18 133
1006 26 130
1007 23 134
1008 15 137
1009 17 134
1010 19 130
1011 16 136
1012 13 130
1013 19 121
1014 26 133
1015 25 136
1016 23 135
1017 22 129
1018 19 136
1019 22 125
1020 17 136
1021 16 133
1022 19 127
1023 17 124
1024 12 134
1025 18 119
1026 23 125
1027 19 120
1028 23 125
1029 20 127
1030 199 108
1031 193 118
1032 199 103
1033 204 108
1034 202 104
1035 197 111
1036 194 109
1037 205 114
1038 207 116
1039 201 108
1040 194 107
1041 206 115
1042 206 113
1043 200 109
1044 195 116
1045 197 105
1046 197 118
1047 199 118
1048 206 109
1049 206 109
1050 206 117
1051 205 117
1052 196 110
1053 194 108
1054 207 108
1055 199 110
1056 207 112
1057 196 115
1058 195 104
1059 205 109
1060 127 198
1061 133 198
1062 135 205
1063 136 192
1064 127 202
1065 129 205
1066 131 199
1067 131 198
1068 125 193
1069 136 199
1070 122 201
1071 137 192
1072 138 199
1073 136 205
1074 123 196
1075 137 205
1076 131 195
1077 138 193
1078 138 195
1079 138 198
1080 125 199
1081 132 207
1082 133 200
1083 130 196
1084 130 205
1085 126 196
1086 129 202
1087 123 206
1088 119 207
1089 132 201
1090 109 52
1091 109 52
1092 104 53
1093 114 56
1094 117 53
1095 110 64
1096 113 59
1097 103 48
1098 100 64
1099 112 60
1100 104 65
1101 109 59
1102 105 62
1103 108 52
1104 105 51
1105 104 53
1106 118 61
1107 105 65
1108 107 57
1109 116 61
1110 108 54
1111 113 54
1112 114 60
1113 105 56
1114 111 57
1115 100 48
1116 102 50
1117 104 59
1118 102 59
1119 102 52
1120 149 130
1121 142 119
1122 147 125
1123 149 123
1124 139 135
1125 146 132
1126 157 135
1127 145 122
1128 151 125
1129 146 132
1130 143 122
1131 146 121
1132 156 133
1133 155 120
1134 152 122
1135 141 129
1136 141 131
1137 141 134
1138 145 132
1139 151 127
1140 145 128
1141 152 121
1142 143 137
1143 149 122
1144 149 123
1145 142 138
1146 153 126
1147 156 132
1148 154 137
1149 155 133
1150 192 27
1151 204 27
1152 195 37
1153 201 42
1154 193 36
1155 204 46
1156 202 40
1157 199 33
1158 192 42
1159 195 45
1160 206 28
1161 194 32
1162 198 29
1163 201 27
1164 207 29
1165 207 36
1166 198 45
1167 196 38
1168 206 35
1169 195 42
1170 199 39
1171 197 44
1172 196 46
1173 200 42
1174 192 42
1175 207 31
1176 200 36
1177 205 30
1178 202 40
1179 198 30
1180 8 166
1181 11 166
1182 1 171
1183 2 171
1184 7 174
1185 3 171
1186 8 173
1187 8 163
1188 0 171
1189 6 174
1190 0 158
1191 2 161
1192 4 162
1193 0 174
1194 9 166
1195 2 159
1196 2 159
1197 0 160
1198 5 172
1199 10 165
1200 8 171
1201 4 172
1202 8 175
1203 1 161
1204 9 171
1205 2 163
1206 5 160
1207 11 171
1208 10 172
1209 101 92
1210 113 86
1211 110 88
1212 117 83
1213 106 83
1214 106 85
1215 102 97
1216 104 90
1217 116 87
1218 116 85
1219 108 98
1220 101 93
1221 102 82
1222 102 84
1223 101 95
1224 108 81
1225 117 91
1226 102 91
1227 118 93
1228 105 91
1229 103 85
1230 102 98
1231 104 97
1232 108 88
1233 107 98
1234 100 82
1235 110 89
1236 101 88
1237 108 95
1238 105 86
1239 4 205
1240 3 206
1241 0 195
1242 1 198
1243 11 205
1244 4 203
1245 7 199
1246 11 204
1247 10 195
1248 1 205
1249 10 207
1250 5 205
1251 1 201
1252 11 193
1253 5 197
1254 9 192
1255 8 200
1256 3 192
1257 7 198
1258 8 194
1259 9 202
1260 4 204
1261 1 200
1262 7 195
1263 11 202
1264 7 204
1265 5 194
1266 11 200
1267 5 194
1268 11 204
1269 49 193
1270 58 203
1271 54 196
1272 59 197
1273 53 202
1274 49 202
1275 55 206
1276 59 195
1277 64 199
1278 52 192
1279 61 192
1280 62 205
1281 48 201
1282 47 202
1283 50 195
1284 49 205
1285 57 201
1286 56 207
1287 48 197
1288 57 205
1289 54 200
1290 57 205
1291 48 197
1292 48 198
1293 61 203
1294 51 198
1295 64 194
1296 58 207
1297 64 199
1298 63 199
1299 73 182
1300 71 183
1301 78 184
1302 77 179
1303 79 178
1304 75 181
1305 71 185
1306 76 180
1307 73 190
1308 79 178
1309 68 182
1310 74 177
1311 73 184
1312 69 191
1313 75 177
1314 80 181
1315 80 177
1316 68 190
1317 72 182
1318 75 185
1319 78 185
1320 77 180
1321 69 187
1322 72 191
1323 75 177
1324 68 179
1325 80 179
1326 73 179
1327 66 177
1328 75 190
1329 210 168
1330 212 170
1331 219 174
1332 210 161
1333 209 161
1334 212 166
1335 214 162
1336 211 174
1337 216 167
1338 210 158
1339 220 166
1340 213 171
1341 221 162
1342 211 175
1343 221 168
1344 222 175
1345 212 161
1346 214 165
1347 220 166
1348 215 160
1349 213 166
1350 208 176
1351 221 168
1352 214 170
1353 218 168
1354 216 173
1355 217 167
1356 212 167
1357 221 163
1358 216 173
1359 221 139
1360 220 144
1361 212 149
1362 219 154
1363 210 140
1364 211 147
1365 217 154
1366 220 152
1367 221 143
1368 208 144
1369 219 150
1370 212 141
1371 219 153
1372 218 151
1373 215 144
1374 214 152
1375 222 143
1376 211 140
1377 217 153
1378 212 145
1379 222 150
1380 220 142
1381 209 142
1382 216 139
1383 213 157
1384 211 152
1385 214 150
1386 222 139
1387 218 157
1388 219 155
1389 82 198
1390 89 195
1391 83 200
1392 85 202
1393 89 199
1394 85 193
1395 91 203
1396 94 199
1397 87 200
1398 87 194
1399 86 204
1400 84 194
1401 93 197
1402 94 196
1403 96 202
1404 94 202
1405 92 193
1406 81 204
1407 95 195
1408 86 196
1409 98 202
1410 91 197
1411 94 207
1412 97 195
1413 93 192
1414 97 196
1415 95 207
1416 87 200
1417 83 193
1418 89 199
1419 245 121
1420 251 126
1421 254 120
1422 255 128
1423 248 132
1424 246 127
1425 243 122
1426 258 128
1427 251 119
1428 253 119
1429 252 129
1430 241 135
1431 244 137
1432 250 120
1433 256 124
1434 256 124
1435 246 125
1436 250 121
1437 241 125
1438 251 126
1439 257 136
1440 248 127
1441 249 128
1442 256 128
1443 248 130
1444 251 123
1445 249 132
1446 246 129
1447 249 125
1448 254 136
1449 197 131
1450 206 136
1451 207 128
1452 207 130
1453 193 138
1454 198 128
1455 203 127
1456 197 122
1457 199 128
1458 194 121
1459 200 124
1460 194 133
1461 205 130
1462 199 138
1463 196 133
1464 206 120
1465 196 119
1466 198 138
1467 193 132
1468 193 124
1469 201 138
1470 196 132
1471 194 120
1472 194 122
1473 206 136
1474 192 124
1475 192 124
1476 206 127
1477 203 133
1478 198 135
1479 183 63
1480 191 52
1481 184 53
1482 183 56
1483 186 62
1484 182 50
1485 178 62
1486 185 51
1487 181 48
1488 183 61
1489 183 51
1490 179 53
1491 183 62
1492 190 65
1493 182 52
1494 187 63
1495 186 52
1496 182 56
1497 189 49
1498 189 60
1499 182 49
1500 178 57
1501 178 65
1502 190 55
1503 181 50
1504 184 50
1505 188 59
1506 179 61
1507 184 57
1508 188 61
1509 182 6
1510 191 5
1511 186 4
1512 187 10
1513 182 1
1514 177 8
1515 181 5
1516 180 0
1517 185 1
1518 184 0
1519 183 7
1520 187 11
1521 178 3
1522 191 8
1523 182 3
1524 180 3
1525 185 5
1526 189 5
1527 189 6
1528 184 3
1529 181 4
1530 188 6
1531 189 7
1532 182 3
1533 183 6
1534 180 4
1535 190 5
1536 180 10
1537 107 211
1538 106 218
1539 112 217
1540 107 221
1541 107 215
1542 108 212
1543 115 221
1544 101 222
1545 108 219
1546 101 208
1547 116 218
1548 112 209
1549 118 220
1550 118 216
1551 107 208
1552 109 214
1553 109 218
1554 117 222
1555 106 217
1556 100 213
1557 101 221
1558 100 215
1559 106 213
1560 115 219
1561 104 216
1562 112 220
1563 118 221
1564 106 218
1565 112 222
1566 211 137
1567 221 132
1568 217 128
1569 210 134
1570 216 128
1571 217 135
1572 215 130
1573 221 130
1574 215 130
1575 219 136
1576 209 132
1577 209 136
1578 220 126
1579 217 130
1580 213 131
1581 210 120
1582 218 125
1583 220 135
1584 219 123
1585 211 121
1586 219 124
1587 208 122
1588 220 120
1589 208 133
1590 218 134
1591 220 124
1592 210 123
1593 213 136
1594 217 120
1595 220 129
1596 161 124
1597 161 120
1598 167 133
1599 168 121
1600 163 123
1601 167 127
1602 172 130
1603 168 128
1604 176 122
1605 158 131
1606 170 123
1607 159 128
1608 161 126
1609 170 132
1610 164 135
1611 172 131
1612 164 130
1613 165 138
1614 172 130
1615 167 132
1616 167 130
1617 160 135
1618 158 136
1619 167 131
1620 175 126
1621 159 128
1622 165 119
1623 169 135
1624 158 135
1625 172 134
1626 36 122
1627 46 127
1628 28 119
1629 30 137
1630 36 122
1631 38 135
1632 35 130
1633 46 135
1634 46 126
1635 40 135
1636 38 122
1637 33 124
1638 45 130
1639 43 123
1640 30 136
1641 34 136
1642 30 130
1643 42 133
1644 43 126
1645 37 125
1646 31 123
1647 42 124
1648 39 121
1649 30 133
1650 43 130
1651 44 127
1652 28 136
1653 40 124
1654 27 125
1655 34 124
1656 136 61
1657 129 58
1658 129 57
1659 131 54
1660 138 60
1661 132 65
1662 132 56
1663 123 60
1664 137 47
1665 120 55
1666 120 48
1667 126 65
1668 130 57
1669 138 64
1670 126 65
1671 125 60
1672 136 55
1673 129 61
1674 121 64
1675 133 65
1676 122 59
1677 137 50
1678 119 55
1679 128 53
1680 123 48
1681 119 57
1682 120 47
1683 124 51
1684 129 52
1685 138 53
1686 186 51
1687 184 54
1688 182 59
1689 186 54
1690 183 51
1691 178 52
1692 189 64
1693 189 58
1694 183 62
1695 177 57
1696 178 59
1697 187 59
1698 190 62
1699 191 52
1700 179 58
1701 184 64
1702 187 50
1703 178 58
1704 179 62
1705 179 64
1706 189 65
1707 182 63
1708 181 56
1709 190 48
1710 190 54
1711 190 62
1712 184 61
1713 189 59
1714 185 57
1715 189 60
1716 8 219
1717 1 209
1718 1 212
1719 0 220
1720 9 215
1721 3 210
1722 5 221
1723 5 212
1724 3 210
1725 9 220
1726 10 210
1727 3 209
1728 10 214
1729 10 210
1730 5 212
1731 6 219
1732 0 211
1733 6 218
1734 1 217
1735 1 212
1736 10 215
1737 3 216
1738 1 216
1739 9 215
1740 4 211
1741 0 216
1742 8 211
1743 0 216
1744 5 212
1745 104 147
1746 107 149
1747 100 150
1748 112 145
1749 114 144
1750 116 143
1751 104 154
1752 113 148
1753 110 145
1754 100 156
1755 109 151
1756 105 145
1757 100 140
1758 116 146
1759 109 154
1760 100 147
1761 118 143
1762 116 155
1763 108 154
1764 114 145
1765 101 156
1766 109 145
1767 108 156
1768 118 154
1769 103 147
1770 113 141
1771 106 147
1772 115 152
1773 108 153
1774 105 150
1775 102 186
1776 110 191
1777 115 177
1778 118 181
1779 118 179
1780 113 181
1781 115 177
1782 113 191
1783 117 182
1784 109 178
1785 115 178
1786 111 184
1787 105 177
1788 106 184
1789 108 180
1790 107 182
1791 102 178
1792 100 186
1793 104 188
1794 115 189
1795 117 187
1796 110 179
1797 114 178
1798 110 185
1799 105 190
1800 112 181
1801 107 191
1802 105 187
1803 107 190
1804 112 182
1805 115 107
1806 115 100
1807 118 105
1808 104 116
1809 100 111
1810 107 118
1811 117 113
1812 109 107
1813 108 110
1814 115 117
1815 106 104
1816 105 111
1817 117 101
1818 116 114
1819 103 116
1820 110 105
1821 109 115
1822 104 101
1823 118 100
1824 103 101
1825 104 116
1826 108 106
1827 250 72
1828 250 66
1829 247 71
1830 247 72
1831 255 78
1832 244 74
1833 255 78
1834 254 74
1835 251 80
1836 257 67
1837 243 73
1838 254 67
1839 247 74
1840 258 67
1841 249 71
1842 241 78
1843 251 73
1844 243 67
1845 242 71
1846 258 75
1847 244 70
1848 244 70
1849 244 71
1850 246 69
1851 252 74
1852 246 68
1853 257 79
1854 243 69
1855 244 78
1856 248 79
1857 161 88
1858 172 99
1859 170 93
1860 167 95
1861 169 83
1862 173 90
1863 173 94
1864 160 99
1865 160 98
1866 176 84
1867 175 94
1868 167 98
1869 159 84
1870 171 88
1871 163 91
1872 164 96
1873 176 93
1874 170 84
1875 173 91
1876 173 99
1877 165 92
1878 163 93
1879 166 92
1880 168 91
1881 176 81
1882 169 87
1883 161 81
1884 160 91
1885 164 89
1886 170 81
1887 61 213
1888 58 218
1889 51 221
1890 49 222
1891 55 209
1892 57 209
1893 59 208
1894 60 215
1895 54 213
1896 61 213
1897 59 221
1898 48 208
1899 53 218
1900 49 218
1901 49 209
1902 58 208
1903 62 212
1904 55 220
1905 64 211
1906 58 220
1907 65 209
1908 53 210
1909 51 222
1910 58 208
1911 51 209
1912 53 222
1913 51 209
1914 62 222
1915 47 216
1916 63 211
1917 140 135
1918 141 121
1919 152 135
1920 153 124
1921 140 128
1922 140 124
1923 141 132
1924 155 129
1925 147 131
1926 139 130
1927 145 137
1928 140 135
1929 151 133
1930 140 123
1931 152 128
1932 147 126
1933 139 125
1934 151 123
1935 141 127
1936 147 124
1937 142 123
1938 140 127
1939 142 126
1940 150 135
1941 144 137
1942 145 119
1943 156 133
1944 153 119
1945 140 127
1946 49 77
1947 57 72
1948 47 73
1949 48 66
1950 59 72
1951 53 69
1952 51 76
1953 54 67
1954 65 73
1955 55 67
1956 47 71
1957 58 68
1958 64 67
1959 56 77
1960 55 78
1961 49 76
1962 50 70
1963 52 75
1964 49 71
1965 48 69
1966 49 75
1967 56 70
1968 58 71
1969 55 72
1970 61 72
1971 47 78
1972 65 79
1973 63 72
1974 49 80
1975 49 72
1976 246 171
1977 246 169
1978 243 172
1979 245 176
1980 247 169
1981 246 161
1982 247 176
1983 241 173
1984 252 171
1985 241 175
1986 253 174
1987 247 169
1988 254 161
1989 242 174
1990 242 176
1991 250 172
1992 258 164
1993 241 167
1994 252 160
1995 255 172
1996 248 162
1997 249 172
1998 244 158
1999 247 160
2000 243 165
2001 257 168
2002 243 158
2003 241 172
2004 251 175
2005 256 166
2006 66 32
2007 80 40
2008 75 38
2009 76 45
2010 75 35
2011 79 38
2012 73 40
2013 67 44
2014 68 39
2015 78 44
2016 72 36
2017 72 45
2018 77 29
2019 79 29
2020 68 45
2021 76 39
2022 68 27
2023 76 45
2024 77 37
2025 79 41
2026 73 44
2027 66 45
2028 72 37
2029 69 41
2030 80 34
2031 73 45
2032 70 32
2033 80 41
2034 68 30
2035 79 42
2036 7 246
2037 3 242
2038 3 242
2039 1 250
2040 11 245
2041 9 245
2042 4 250
2043 6 246
2044 10 258
2045 4 243
2046 5 244
2047 3 252
2048 8 242
2049 2 258
2050 6 255
2051 11 258
2052 3 242
2053 9 245
2054 7 247
2055 9 258
2056 3 242
2057 4 246
2058 3 247
2059 3 254
2060 5 251
2061 4 255
2062 10 248
2063 1 252
2064 4 242
2065 178 253
2066 190 254
2067 188 256
2068 185 256
2069 182 252
2070 177 256
2071 185 241
2072 190 242
2073 178 247
2074 184 256
2075 180 258
2076 189 241
2077 184 247
2078 187 247
2079 182 246
2080 181 255
2081 191 247
2082 184 241
2083 179 251
2084 185 244
2085 191 242
2086 182 248
2087 179 249
2088 186 244
2089 190 257
2090 189 241
2091 190 257
2092 179 247
2093 184 258
2094 190 253
2095 62 204
2096 56 193
2097 48 205
2098 61 194
2099 52 201
2100 55 195
2101 65 193
2102 56 199
2103 57 199
2104 63 202
2105 48 207
2106 48 192
2107 58 196
2108 65 203
2109 58 201
2110 64 194
2111 58 199
2112 53 207
2113 56 192
2114 53 202
2115 63 199
2116 59 205
2117 52 196
2118 53 200
2119 61 196
2120 57 203
2121 64 204
2122 57 201
2123 60 207
2124 64 195
2125 194 114
2126 205 110
2127 199 104
2128 199 117
2129 198 110
2130 195 112
2131 203 105
2132 198 109
2133 199 106
2134 198 117
2135 197 111
2136 198 107
2137 201 106
2138 195 110
2139 203 115
2140 201 115
2141 201 116
2142 203 108
2143 199 110
2144 198 117
2145 207 117
2146 203 103
2147 195 113
2148 201 104
2149 194 107
2150 199 116
2151 194 117
2152 202 108
2153 206 117
2154 207 111
2155 238 213
2156 235 213
2157 230 214
2158 231 217
2159 229 210
2160 227 208
2161 231 222
2162 237 219
2163 223 219
2164 233 212
2165 226 208
2166 225 210
2167 237 212
2168 230 215
2169 223 215
2170 232 209
2171 228 220
2172 232 220
2173 237 221
2174 229 209
2175 237 215
2176 236 208
2177 225 219
2178 235 217
2179 229 209
2180 232 215
2181 236 221
2182 228 213
2183 228 212
2184 235 220
2185 5 53
2186 1 65
2187 3 59
2188 11 61
2189 2 60
2190 11 55
2191 1 65
2192 4 64
2193 4 48
2194 5 48
2195 11 55
2196 7 50
2197 4 59
2198 0 51
2199 5 65
2200 8 52
2201 4 55
2202 10 64
2203 2 56
2204 6 48
2205 5 48
2206 2 65
2207 8 62
2208 3 63
2209 0 62
2210 10 61
2211 0 63
2212 3 76
2213 3 75
2214 10 71
2215 3 74
2216 1 75
2217 1 71
2218 3 70
2219 10 79
2220 9 70
2221 3 70
2222 11 75
2223 3 80
2224 5 72
2225 1 70
2226 4 78
2227 4 74
2228 8 73
2229 1 71
2230 0 66
2231 10 79
2232 8 69
2233 5 69
2234 6 72
2235 0 78
2236 5 74
2237 11 72
2238 183 57
2239 180 52
2240 184 61
2241 184 60
2242 180 63
2243 190 53
2244 184 58
2245 180 59
2246 181 57
2247 187 53
2248 183 58
2249 179 64
2250 180 50
2251 184 55
2252 190 54
2253 189 51
2254 183 64
2255 190 65
2256 188 62
2257 179 50
2258 185 47
2259 181 51
2260 181 65
2261 180 64
2262 186 64
2263 182 58
2264 178 55
2265 188 64
2266 191 48
2267 187 55
2268 190 193
2269 179 207
2270 183 198
2271 186 195
2272 178 207
2273 180 197
2274 182 197
2275 186 201
2276 179 197
2277 179 200
2278 183 194
2279 181 200
2280 190 198
2281 189 205
2282 187 203
2283 177 201
2284 189 198
2285 188 200
2286 185 196
2287 180 197
2288 177 207
2289 185 204
2290 181 199
2291 191 195
2292 188 199
2293 181 198
2294 188 201
2295 186 192
2296 181 198
2297 187 206
2298 142 188
2299 148 185
2300 143 185
2301 151 181
2302 154 188
2303 148 191
2304 152 189
2305 142 184
2306 152 188
2307 141 181
2308 157 183
2309 143 180
2310 157 190
2311 146 189
2312 147 183
2313 143 183
2314 139 189
2315 152 188
2316 149 178
2317 141 177
2318 156 184
2319 140 179
2320 144 191
2321 146 184
2322 148 183
2323 141 177
2324 140 178
2325 151 182
2326 157 180
2327 146 179
2328 170 122
2329 175 126
2330 159 133
2331 173 134
2332 164 121
2333 167 129
2334 172 135
2335 170 124
2336 161 133
2337 160 125
2338 169 137
2339 167 129
2340 164 136
2341 168 123
2342 159 120
2343 172 122
2344 159 133
2345 172 120
2346 173 129
2347 175 122
2348 160 127
2349 161 129
2350 175 125
2351 174 119
2352 174 136
2353 175 128
2354 158 127
2355 158 120
2356 167 132
2357 172 125
2358 18 205
2359 24 201
2360 18 196
2361 12 194
2362 12 206
2363 15 203
2364 13 197
2365 15 204
2366 16 200
2367 12 202
2368 20 195
2369 12 197
2370 12 198
2371 23 192
2372 19 200
2373 24 193
2374 18 203
2375 24 207
2376 17 207
2377 16 200
2378 17 200
2379 13 205
2380 12 203
2381 15 194
2382 26 207
2383 14 205
2384 19 200
2385 22 206
2386 18 197
2387 14 195
2388 44 130
2389 31 123
2390 29 123
2391 45 132
2392 34 130
2393 27 132
2394 29 133
2395 37 130
2396 32 130
2397 34 136
2398 30 120
2399 29 124
2400 33 133
2401 39 122
2402 30 122
2403 37 130
2404 29 132
2405 46 133
2406 36 136
2407 46 130
2408 40 138
2409 37 136
2410 38 127
2411 41 130
2412 34 135
2413 31 135
2414 44 126
2415 31 131
2416 35 124
2417 33 130
2418 3 239
2419 10 234
2420 4 236
2421 10 240
2422 10 228
2423 3 223
2424 2 231
2425 4 226
2426 5 239
2427 3 240
2428 5 234
2429 7 229
2430 4 239
2431 2 239
2432 4 237
2433 3 229
2434 0 237
2435 10 224
2436 7 237
2437 2 229
2438 7 239
2439 8 236
2440 5 229
2441 1 232
2442 2 230
2443 11 227
2444 3 238
2445 5 231
2446 230 180
2447 239 184
2448 239 191
2449 230 179
2450 238 180
2451 235 186
2452 227 180
2453 238 185
2454 239 180
2455 223 177
2456 229 182
2457 235 182
2458 228 179
2459 235 184
2460 230 189
2461 227 188
2462 224 184
2463 230 188
2464 226 178
2465 236 190
2466 236 186
2467 231 186
2468 235 187
2469 239 185
2470 237 184
2471 224 179
2472 229 177
2473 240 187
2474 226 189
2475 225 183
2476 186 147
2477 181 140
2478 180 151
2479 186 156
2480 178 154
2481 181 153
2482 180 140
2483 178 143
2484 179 149
2485 191 143
2486 189 141
2487 186 144
2488 182 153
2489 185 146
2490 179 152
2491 183 150
2492 179 151
2493 183 140
2494 181 145
2495 179 155
2496 181 148
2497 180 157
2498 181 155
2499 189 157
2500 184 157
2501 186 151
2502 182 148
2503 184 145
2504 188 147
2505 181 140
2506 222 75
2507 214 71
2508 219 74
2509 209 73
2510 219 73
2511 208 71
2512 214 77
2513 215 70
2514 220 75
2515 210 75
2516 209 67
2517 210 80
2518 222 69
2519 218 69
2520 221 69
2521 219 70
2522 210 73
2523 220 66
2524 212 71
2525 216 68
2526 218 77
2527 208 76
2528 222 79
2529 220 75
2530 217 76
2531 222 69
2532 214 75
2533 211 70
2534 217 73
2535 220 79
2536 1 20
2537 11 23
2538 0 18
2539 7 19
2540 5 24
2541 4 17
2542 10 22
2543 11 22
2544 11 24
2545 1 19
2546 8 13
2547 0 14
2548 8 24
2549 8 14
2550 6 19
2551 3 17
2552 10 21
2553 6 13
2554 11 20
2555 11 23
2556 3 22
2557 1 15
2558 6 21
2559 9 23
2560 6 18
2561 5 21
2562 0 16
2563 11 25
2564 0 26
2565 92 170
2566 87 176
2567 82 172
2568 88 160
2569 91 173
2570 92 164
2571 89 176
2572 92 165
2573 87 161
2574 83 173
2575 81 163
2576 93 175
2577 84 170
2578 88 171
2579 93 174
2580 94 166
2581 90 161
2582 92 174
2583 89 158
2584 88 158
2585 82 176
2586 96 169
2587 95 168
2588 87 166
2589 81 172
2590 85 158
2591 84 172
2592 94 169
2593 95 174
2594 89 167
2595 84 79
2596 87 80
2597 89 77
2598 92 68
2599 83 79
2600 86 78
2601 84 74
2602 87 78
2603 98 75
2604 99 71
2605 89 74
2606 88 66
2607 89 78
2608 82 72
2609 95 72
2610 87 67
2611 86 73
2612 93 69
2613 95 78
2614 87 70
2615 88 69
2616 92 69
2617 89 66
2618 86 67
2619 94 74
2620 81 78
2621 93 79
2622 87 67
2623 95 77
2624 81 74
2625 130 196
2626 124 196
2627 132 207
2628 128 198
2629 127 204
2630 137 198
2631 138 198
2632 132 194
2633 133 205
2634 126 204
2635 138 207
2636 122 206
2637 126 202
2638 131 203
2639 131 192
2640 134 194
2641 132 198
2642 130 196
2643 138 198
2644 128 205
2645 121 200
2646 122 199
2647 122 201
2648 126 202
2649 130 198
2650 124 196
2651 131 202
2652 138 192
2653 131 202
2654 132 198
2655 136 10
2656 125 5
2657 126 1
2658 124 5
2659 123 2
2660 121 8
2661 130 6
2662 127 2
2663 126 2
2664 133 7
2665 131 0
2666 134 9
2667 119 7
2668 125 0
2669 125 3
2670 130 8
2671 125 7
2672 131 9
2673 127 7
2674 120 5
2675 133 2
2676 125 5
2677 123 0
2678 135 9
2679 134 11
2680 120 8
2681 123 9
2682 134 5
2683 134 2
2684 18 4
2685 15 0
2686 15 10
2687 24 11
2688 16 1
2689 12 9
2690 26 10
2691 24 9
2692 22 5
2693 24 6
2694 13 3
2695 17 7
2696 13 3
2697 16 5
2698 16 2
2699 25 8
2700 15 4
2701 19 7
2702 20 5
2703 18 2
2704 26 9
2705 25 11
2706 25 0
2707 18 9
2708 13 2
2709 24 2
2710 13 1
2711 14 5
2712 164 246
2713 160 245
2714 165 251
2715 166 245
2716 175 241
2717 171 253
2718 160 252
2719 175 242
2720 158 248
2721 158 251
2722 167 258
2723 163 246
2724 170 248
2725 159 243
2726 158 257
2727 166 254
2728 164 253
2729 171 250
2730 169 250
2731 167 246
2732 175 252
2733 174 254
2734 160 255
2735 162 254
2736 161 250
2737 163 243
2738 173 245
2739 170 254
2740 174 251
2741 173 242
2742 216 180
2743 208 185
2744 215 184
2745 217 190
2746 222 181
2747 209 187
2748 217 187
2749 219 182
2750 211 184
2751 216 179
2752 216 183
2753 215 187
2754 219 177
2755 221 182
2756 215 190
2757 222 184
2758 221 179
2759 219 191
2760 213 185
2761 221 185
2762 213 191
2763 215 178
2764 222 185
2765 216 178
2766 214 180
2767 216 191
2768 214 180
2769 208 187
2770 208 190
2771 216 178
2772 188 206
2773 191 193
2774 177 202
2775 190 202
2776 183 201
2777 186 192
2778 187 205
2779 179 194
2780 189 200
2781 187 194
2782 189 203
2783 188 200
2784 178 193
2785 188 193
2786 191 197
2787 177 202
2788 181 204
2789 184 205
2790 188 195
2791 180 203
2792 186 201
2793 190 201
2794 179 202
2795 187 197
2796 179 197
2797 181 203
2798 177 196
2799 186 204
2800 177 196
2801 181 207
2802 253 240
2803 254 239
2804 253 240
2805 247 234
2806 257 226
2807 247 225
2808 256 228
2809 244 239
2810 254 239
2811 247 233
2812 256 233
2813 242 234
2814 245 227
2815 257 240
2816 248 233
2817 254 226
2818 247 236
2819 256 225
2820 243 227
2821 242 228
2822 254 229
2823 252 227
2824 242 232
2825 253 240
2826 258 226
2827 244 231
2828 244 235
2829 253 230
2830 249 229
2831 247 229
2832 122 254
2833 123 257
2834 130 255
2835 132 241
2836 132 244
2837 138 254
2838 137 258
2839 120 249
2840 125 256
2841 121 250
2842 127 249
2843 133 242
2844 126 243
2845 120 257
2846 135 243
2847 135 250
2848 119 248
2849 128 243
2850 130 241
2851 131 250
2852 136 258
2853 128 247
2854 135 258
2855 135 250
2856 131 243
2857 121 243
2858 119 241
2859 133 257
2860 132 241
2861 122 255
2862 241 18
2863 244 19
2864 242 23
2865 247 22
2866 243 25
2867 241 19
2868 250 14
2869 254 20
2870 243 13
2871 242 21
2872 251 16
2873 245 26
2874 249 13
2875 251 20
2876 242 26
2877 257 18
2878 253 19
2879 243 13
2880 250 23
2881 241 16
2882 245 25
2883 247 21
2884 258 21
2885 245 20
2886 245 17
2887 241 19
2888 249 15
2889 255 26
2890 247 15
2891 246 26
2892 246 150
2893 249 141
2894 257 156
2895 244 152
2896 254 146
2897 253 155
2898 256 144
2899 248 143
2900 258 139
2901 252 148
2902 256 145
2903 250 156
2904 256 155
2905 258 150
2906 251 157
2907 256 149
2908 256 156
2909 253 156
2910 249 149
2911 257 149
2912 241 147
2913 249 141
2914 250 157
2915 242 150
2916 243 151
2917 245 154
2918 248 140
2919 257 155
2920 255 149
2921 244 151
