231 246 10 2844
0 7
1 8
2 4
3 4
4 6
5 7
6 8
7 10
8 7
9 6
10 5
11 9
12 3
13 3
14 4
15 4
16 4
17 3
18 3
19 4
20 3
21 3
22 3
23 3
24 4
25 3
26 3
27 3
28 3
29 5
30 3
31 3
32 3
33 3
34 3
35 3
36 3
37 4
38 3
39 3
40 3
41 3
42 3
43 3
44 3
45 4
46 3
47 3
48 3
49 3
50 4
51 3
52 3
53 6
54 3
55 4
56 3
57 3
58 3
59 3
60 3
61 3
62 4
63 3
64 3
65 4
66 3
67 4
68 3
69 3
70 3
71 5
72 3
73 4
74 3
75 3
76 3
77 3
78 3
79 6
80 3
81 3
82 3
83 3
84 3
85 3
86 3
87 3
88 4
89 3
90 3
91 5
92 3
93 3
94 8
95 3
96 3
97 3
98 3
99 3
100 3
101 3
102 4
103 3
104 3
105 4
106 4
107 3
108 3
109 3
110 3
111 3
112 3
113 3
114 3
115 4
116 4
117 3
118 3
119 4
120 3
121 3
122 3
123 5
124 3
125 4
126 3
127 4
128 4
129 3
130 3
131 3
132 4
133 3
134 3
135 3
136 3
137 3
138 5
139 3
140 4
141 3
142 3
143 5
144 4
145 6
146 3
147 4
148 3
149 3
150 3
151 4
152 4
153 4
154 3
155 4
156 3
157 3
158 4
159 3
160 3
161 5
162 5
163 4
164 5
165 3
166 3
167 4
168 3
169 3
170 3
171 3
172 3
173 3
174 3
175 3
176 3
177 3
178 3
179 4
180 4
181 3
182 3
183 3
184 3
185 3
186 3
187 3
188 3
189 4
190 6
191 4
192 4
193 3
194 4
195 3
196 6
197 3
198 3
199 3
200 4
201 3
202 3
203 3
204 3
205 7
206 3
207 4
208 3
209 3
210 6
211 3
212 4
213 3
214 3
215 3
216 6
217 3
218 3
219 3
220 3
221 3
222 3
223 4
224 3
225 3
226 3
227 3
228 3
229 3
230 3
0 0 9
1 0 12
2 0 62
3 0 129
4 0 161
5 1 3
6 1 4
7 1 5
8 1 6
9 1 7
10 1 9
11 1 177
12 2 4
13 2 6
14 2 7
15 2 8
16 3 6
17 3 11
18 4 8
19 4 9
20 5 7
21 5 8
22 5 10
23 5 11
24 6 8
25 6 9
26 6 145
27 7 10
28 7 11
29 7 30
30 7 45
31 7 110
32 8 10
33 8 11
34 8 94
35 9 10
36 9 77
37 10 11
38 11 196
39 11 216
40 12 19
41 12 13
42 13 22
43 14 16
44 14 24
45 15 20
46 15 16
47 17 27
48 17 25
49 18 23
50 19 28
51 21 29
52 22 29
53 23 29
54 24 29
55 25 26
56 26 28
57 30 34
58 30 41
59 31 32
60 31 39
61 33 37
62 34 39
63 35 40
64 36 40
65 36 42
66 37 41
67 37 42
68 38 41
69 40 43
70 42 44
71 45 51
72 46 53
73 47 51
74 47 61
75 48 57
76 48 58
77 49 59
78 49 55
79 50 58
80 50 53
81 50 51
82 52 53
83 53 56
84 53 60
85 54 55
86 55 60
87 62 70
88 63 74
89 63 64
90 64 76
91 65 67
92 65 74
93 66 73
94 67 72
95 68 69
96 68 72
97 70 71
98 71 75
99 71 73
100 73 74
101 77 89
102 78 90
103 78 83
104 79 80
105 79 86
106 79 83
107 79 93
108 81 84
109 81 93
110 82 91
111 85 91
112 85 88
113 87 89
114 88 92
115 89 91
116 92 93
117 94 97
118 94 99
119 94 103
120 94 104
121 94 102
122 94 106
123 94 109
124 95 97
125 96 106
126 98 102
127 100 106
128 101 108
129 102 107
130 105 108
131 105 106
132 110 127
133 111 123
134 112 113
135 112 116
136 113 125
137 114 115
138 115 126
139 115 127
140 116 124
141 116 128
142 117 118
143 117 128
144 119 122
145 119 125
146 120 128
147 121 122
148 122 123
149 123 127
150 129 133
151 130 132
152 131 139
153 132 133
154 132 143
155 134 144
156 135 138
157 136 138
158 136 143
159 137 138
160 139 140
161 140 143
162 141 142
163 141 143
164 143 144
165 145 151
166 145 154
167 145 156
168 145 155
169 145 153
170 146 151
171 147 153
172 147 160
173 148 151
174 149 158
175 149 159
176 150 152
177 151 152
178 155 159
179 157 158
180 161 170
181 161 171
182 161 166
183 162 172
184 162 166
185 162 167
186 163 164
187 163 168
188 164 169
189 164 175
190 165 174
191 167 176
192 168 171
193 169 173
194 171 174
195 177 190
196 178 186
197 179 190
198 179 181
199 180 192
200 180 194
201 181 192
202 182 191
203 183 184
204 183 194
205 185 189
206 186 195
207 187 189
208 188 194
209 188 195
210 189 194
211 190 191
212 190 193
213 196 203
214 196 210
215 196 211
216 197 214
217 198 206
218 199 200
219 199 205
220 200 212
221 201 207
222 202 210
223 204 214
224 204 210
225 205 206
226 205 207
227 205 213
228 205 210
229 208 209
230 208 212
231 211 215
232 216 221
233 216 217
234 216 223
235 217 229
236 218 222
237 218 224
238 219 221
239 220 225
240 222 225
241 222 223
242 224 226
243 224 228
244 227 230
245 228 230
0 33 107
1 43 100
2 44 108
3 41 102
4 40 105
5 31 107
6 31 101
7 40 100
8 33 96
9 36 97
10 35 104
11 31 99
12 30 94
13 42 100
14 34 95
15 35 104
16 44 104
17 42 98
18 33 104
19 38 99
20 39 108
21 42 104
22 43 98
23 30 105
24 31 94
25 38 97
26 33 101
27 41 105
28 38 106
29 43 98
30 172 222
31 163 216
32 174 228
33 170 229
34 161 219
35 168 226
36 171 220
37 162 226
38 170 218
39 163 221
40 162 227
41 162 225
42 166 228
43 175 225
44 171 224
45 164 228
46 175 230
47 161 223
48 165 223
49 170 220
50 171 216
51 161 220
52 161 222
53 174 222
54 161 229
55 164 229
56 171 222
57 165 229
58 172 228
59 169 223
60 69 15
61 69 28
62 69 21
63 65 29
64 63 23
65 76 21
66 72 18
67 66 15
68 75 26
69 70 22
70 70 26
71 62 18
72 68 17
73 62 18
74 71 24
75 63 25
76 74 12
77 65 27
78 63 15
79 71 27
80 72 25
81 71 29
82 62 13
83 67 29
84 76 28
85 64 27
86 64 18
87 72 28
88 66 14
89 67 15
90 113 94
91 120 95
92 112 105
93 122 108
94 127 103
95 124 96
96 117 99
97 127 107
98 128 105
99 113 95
100 126 109
101 113 94
102 114 109
103 111 95
104 111 95
105 118 103
106 110 94
107 118 103
108 115 98
109 119 103
110 110 101
111 124 97
112 125 107
113 113 109
114 116 108
115 111 108
116 128 106
117 111 100
118 112 103
119 126 107
120 78 3
121 92 4
122 79 3
123 82 6
124 82 9
125 85 9
126 85 0
127 83 5
128 80 2
129 90 1
130 87 9
131 86 2
132 87 11
133 80 7
134 82 0
135 86 1
136 78 5
137 83 10
138 81 7
139 79 0
140 85 9
141 84 1
142 79 8
143 91 5
144 80 2
145 85 6
146 92 7
147 85 9
148 84 1
149 91 6
150 152 114
151 157 114
152 151 114
153 150 120
154 152 124
155 160 117
156 154 118
157 148 112
158 158 119
159 155 114
160 153 115
161 157 126
162 154 127
163 152 110
164 160 113
165 156 115
166 149 112
167 155 126
168 148 120
169 158 112
170 156 112
171 159 124
172 160 124
173 152 127
174 158 112
175 156 117
176 146 115
177 150 120
178 155 124
179 155 116
180 57 226
181 45 224
182 60 227
183 58 223
184 53 225
185 46 223
186 47 216
187 58 229
188 58 224
189 55 222
190 47 223
191 49 217
192 61 217
193 45 227
194 51 220
195 48 230
196 53 216
197 61 226
198 61 221
199 51 230
200 49 225
201 53 225
202 48 219
203 46 222
204 54 229
205 56 219
206 47 218
207 45 222
208 53 230
209 58 222
210 30 220
211 39 228
212 42 217
213 41 223
214 32 230
215 33 221
216 44 218
217 33 222
218 41 230
219 34 216
220 36 225
221 43 217
222 41 226
223 37 219
224 38 227
225 37 222
226 44 219
227 30 224
228 44 222
229 32 216
230 35 228
231 42 216
232 39 216
233 42 221
234 37 224
235 32 221
236 44 228
237 30 230
238 36 229
239 34 230
240 0 190
241 2 193
242 6 195
243 4 185
244 3 186
245 6 183
246 10 188
247 1 188
248 9 181
249 3 185
250 3 186
251 5 183
252 10 182
253 11 187
254 2 195
255 2 181
256 11 187
257 1 193
258 3 181
259 8 181
260 3 195
261 0 177
262 3 188
263 5 188
264 3 186
265 7 195
266 11 180
267 6 183
268 1 181
269 9 180
270 84 44
271 84 30
272 91 39
273 77 40
274 82 31
275 83 36
276 92 36
277 83 41
278 87 37
279 92 43
280 90 40
281 80 31
282 93 44
283 87 33
284 79 44
285 77 36
286 92 44
287 89 30
288 92 33
289 92 32
290 80 32
291 91 43
292 81 30
293 78 43
294 80 32
295 84 41
296 79 39
297 82 37
298 85 44
299 77 40
300 7 67
301 1 70
302 3 75
303 2 64
304 6 68
305 10 73
306 6 75
307 0 64
308 9 75
309 3 62
310 3 62
311 7 72
312 8 74
313 3 75
314 7 75
315 4 75
316 8 71
317 7 74
318 10 64
319 2 73
320 2 68
321 8 69
322 9 63
323 1 73
324 1 70
325 6 76
326 7 71
327 7 70
328 7 74
329 11 64
330 107 33
331 95 30
332 107 39
333 96 32
334 96 32
335 97 42
336 105 37
337 109 36
338 103 33
339 107 31
340 102 37
341 102 43
342 107 32
343 98 35
344 108 32
345 100 35
346 96 39
347 100 39
348 95 34
349 102 30
350 107 42
351 103 44
352 107 34
353 97 39
354 105 38
355 102 35
356 104 41
357 99 42
358 101 43
359 107 32
360 158 133
361 158 140
362 146 133
363 150 136
364 146 130
365 157 135
366 145 142
367 156 129
368 152 134
369 159 132
370 158 140
371 152 129
372 150 141
373 150 139
374 157 138
375 156 134
376 155 143
377 148 138
378 152 138
379 151 134
380 160 132
381 148 134
382 150 132
383 153 137
384 145 144
385 152 131
386 150 130
387 145 130
388 146 139
389 150 136
390 58 4
391 52 5
392 49 7
393 46 2
394 52 1
395 45 4
396 46 11
397 51 11
398 50 9
399 61 7
400 55 4
401 54 10
402 61 4
403 59 2
404 57 6
405 49 3
406 45 4
407 50 6
408 59 9
409 58 1
410 56 9
411 60 0
412 54 10
413 46 8
414 48 9
415 60 1
416 59 1
417 48 6
418 52 8
419 54 1
420 182 136
421 180 135
422 187 129
423 193 131
424 184 130
425 192 134
426 177 142
427 195 131
428 186 129
429 179 131
430 182 132
431 179 130
432 177 132
433 187 144
434 181 140
435 188 141
436 177 144
437 189 132
438 187 132
439 195 139
440 182 137
441 188 131
442 190 142
443 189 130
444 177 144
445 186 132
446 183 141
447 178 137
448 192 139
449 185 130
450 83 223
451 81 224
452 77 229
453 86 216
454 85 224
455 93 226
456 81 216
457 83 228
458 90 226
459 77 224
460 91 226
461 86 224
462 81 226
463 86 227
464 87 226
465 87 228
466 86 229
467 84 220
468 80 225
469 77 223
470 90 219
471 81 225
472 92 218
473 89 226
474 80 221
475 83 228
476 90 218
477 80 218
478 87 219
479 86 226
480 4 174
481 5 164
482 3 172
483 10 170
484 10 171
485 3 164
486 6 168
487 8 166
488 6 164
489 11 168
490 7 173
491 5 161
492 2 164
493 0 169
494 7 172
495 10 161
496 7 173
497 3 174
498 10 166
499 6 170
500 7 166
501 7 165
502 9 170
503 5 174
504 10 168
505 8 171
506 2 168
507 9 167
508 2 175
509 8 168
510 17 130
511 20 141
512 19 130
513 27 142
514 29 131
515 17 134
516 15 129
517 15 131
518 14 134
519 14 140
520 28 136
521 28 133
522 17 132
523 21 133
524 13 143
525 29 144
526 28 139
527 19 137
528 23 131
529 14 134
530 12 139
531 25 135
532 15 131
533 23 134
534 16 129
535 13 142
536 18 133
537 22 141
538 27 139
539 27 133
540 26 196
541 13 215
542 23 204
543 22 209
544 21 198
545 25 213
546 19 211
547 20 196
548 12 212
549 20 209
550 19 207
551 24 209
552 22 206
553 27 204
554 29 212
555 28 205
556 18 199
557 20 209
558 15 209
559 13 215
560 27 208
561 20 211
562 16 205
563 23 208
564 26 196
565 25 212
566 19 208
567 13 215
568 14 209
569 17 203
570 114 151
571 123 154
572 118 148
573 121 159
574 115 158
575 121 156
576 121 156
577 113 147
578 114 153
579 121 154
580 123 158
581 123 148
582 114 148
583 124 153
584 116 150
585 125 157
586 119 151
587 120 151
588 110 152
589 125 147
590 114 148
591 116 151
592 116 154
593 127 156
594 111 155
595 125 153
596 113 153
597 110 151
598 115 146
599 124 151
600 108 81
601 100 83
602 109 88
603 106 85
604 99 88
605 108 89
606 106 91
607 96 89
608 104 85
609 94 78
610 105 78
611 103 93
612 96 91
613 104 88
614 109 81
615 99 78
616 98 84
617 99 82
618 97 86
619 106 80
620 96 93
621 108 92
622 109 90
623 99 78
624 94 92
625 99 82
626 100 81
627 104 87
628 102 79
629 95 89
630 5 0
631 11 0
632 0 8
633 89 40
634 91 30
635 83 42
636 87 40
637 84 36
638 89 43
639 93 38
640 82 33
641 91 44
642 77 35
643 88 36
644 87 39
645 92 41
646 82 32
647 88 30
648 87 37
649 90 43
650 86 32
651 86 30
652 89 40
653 88 34
654 87 32
655 80 38
656 89 40
657 80 34
658 86 43
659 83 34
660 92 33
661 79 31
662 84 43
663 175 88
664 165 90
665 167 86
666 174 82
667 174 93
668 174 78
669 161 92
670 174 85
671 161 82
672 163 82
673 174 80
674 163 79
675 168 77
676 166 78
677 169 77
678 175 80
679 167 90
680 171 85
681 176 78
682 173 78
683 171 93
684 167 83
685 175 92
686 165 79
687 172 89
688 176 87
689 173 90
690 172 90
691 162 78
692 175 79
693 156 146
694 158 147
695 149 148
696 158 145
697 152 153
698 156 146
699 152 154
700 157 160
701 156 147
702 160 159
703 154 147
704 147 146
705 147 146
706 145 150
707 155 146
708 153 157
709 145 150
710 101 99
711 102 96
712 95 100
713 100 99
714 106 107
715 99 96
716 108 109
717 107 106
718 101 109
719 97 96
720 96 108
721 98 108
722 95 106
723 97 96
724 101 95
725 96 107
726 104 96
727 108 104
728 97 101
729 106 175
730 98 172
731 103 169
732 98 164
733 99 166
734 108 175
735 103 175
736 101 175
737 99 166
738 109 165
739 105 162
740 108 162
741 95 172
742 100 175
743 96 172
744 109 166
745 101 171
746 109 166
747 96 172
748 106 175
749 103 165
750 101 167
751 94 174
752 107 169
753 98 161
754 99 167
755 106 164
756 104 173
757 96 171
758 95 169
759 222 135
760 229 131
761 217 132
762 224 143
763 227 140
764 224 136
765 218 144
766 219 132
767 227 135
768 230 138
769 217 141
770 226 131
771 227 135
772 230 133
773 220 135
774 222 141
775 217 143
776 218 136
777 230 136
778 224 138
779 218 134
780 221 131
781 223 142
782 219 133
783 223 142
784 224 143
785 228 133
786 225 144
787 229 129
788 222 138
789 148 202
790 156 203
791 151 206
792 151 207
793 160 206
794 156 214
795 154 211
796 145 207
797 150 198
798 160 209
799 160 213
800 159 215
801 156 203
802 159 196
803 152 199
804 157 214
805 151 207
806 150 203
807 152 202
808 150 212
809 156 199
810 157 209
811 153 209
812 157 198
813 147 212
814 152 196
815 160 213
816 160 210
817 153 199
818 153 198
819 65 81
820 72 88
821 62 81
822 67 93
823 71 91
824 71 92
825 65 89
826 63 83
827 71 77
828 69 82
829 73 90
830 64 92
831 71 85
832 62 87
833 67 92
834 76 92
835 71 80
836 64 80
837 69 81
838 62 86
839 66 82
840 72 88
841 67 82
842 62 86
843 62 85
844 62 86
845 72 83
846 72 78
847 71 90
848 68 90
849 204 70
850 211 76
851 211 70
852 197 73
853 206 66
854 208 64
855 210 67
856 208 63
857 211 71
858 205 64
859 206 70
860 201 75
861 204 76
862 215 69
863 212 63
864 210 72
865 214 64
866 200 63
867 197 68
868 197 63
869 211 67
870 207 75
871 209 62
872 208 67
873 215 63
874 200 70
875 209 74
876 215 67
877 209 65
878 203 68
879 104 74
880 95 66
881 100 68
882 102 67
883 107 67
884 104 68
885 103 74
886 107 75
887 98 71
888 100 72
889 98 69
890 94 71
891 109 63
892 97 62
893 105 76
894 105 63
895 98 62
896 107 64
897 108 71
898 100 65
899 94 76
900 105 74
901 97 62
902 102 67
903 109 75
904 99 66
905 98 71
906 108 64
907 102 67
908 98 73
909 54 52
910 57 49
911 61 53
912 57 51
913 46 48
914 57 54
915 45 49
916 61 57
917 45 56
918 55 47
919 46 47
920 61 58
921 59 47
922 56 51
923 57 52
924 61 53
925 55 52
926 47 52
927 49 52
928 54 57
929 46 59
930 156 175
931 156 169
932 158 175
933 154 168
934 149 176
935 151 168
936 151 175
937 146 162
938 152 163
939 153 170
940 151 169
941 160 165
942 156 176
943 159 173
944 155 162
945 158 165
946 149 172
947 153 163
948 156 176
949 149 175
950 153 171
951 160 175
952 147 173
953 160 161
954 147 161
955 156 161
956 156 171
957 149 163
958 148 167
959 152 164
960 82 205
961 92 207
962 80 203
963 88 198
964 78 202
965 84 213
966 78 197
967 81 204
968 88 198
969 88 214
970 89 211
971 87 204
972 81 207
973 85 215
974 87 203
975 87 199
976 80 207
977 90 208
978 89 212
979 77 197
980 85 196
981 78 200
982 86 208
983 89 206
984 92 215
985 89 196
986 80 206
987 77 213
988 91 208
989 83 208
990 55 58
991 52 45
992 50 61
993 46 59
994 49 52
995 48 49
996 47 52
997 61 58
998 55 48
999 47 46
1000 61 53
1001 55 57
1002 48 51
1003 54 53
1004 48 56
1005 55 52
1006 60 57
1007 58 45
1008 58 45
1009 45 61
1010 59 54
1011 38 104
1012 32 107
1013 44 98
1014 43 100
1015 40 95
1016 39 105
1017 39 98
1018 37 102
1019 34 107
1020 32 106
1021 31 107
1022 30 98
1023 37 95
1024 43 109
1025 33 106
1026 40 98
1027 44 98
1028 44 100
1029 33 109
1030 35 99
1031 35 96
1032 40 103
1033 39 95
1034 44 107
1035 33 105
1036 34 97
1037 42 109
1038 36 99
1039 36 99
1040 32 105
1041 132 33
1042 131 36
1043 130 41
1044 141 33
1045 133 30
1046 143 31
1047 131 36
1048 140 34
1049 144 30
1050 141 36
1051 138 37
1052 135 35
1053 144 40
1054 129 31
1055 143 32
1056 133 43
1057 138 41
1058 134 34
1059 131 31
1060 136 34
1061 133 44
1062 132 41
1063 142 38
1064 136 37
1065 143 44
1066 143 34
1067 134 43
1068 132 42
1069 132 41
1070 142 33
1071 3 20
1072 2 23
1073 8 12
1074 7 13
1075 6 22
1076 9 29
1077 4 14
1078 2 27
1079 11 25
1080 9 23
1081 2 26
1082 7 14
1083 10 16
1084 5 27
1085 10 17
1086 7 28
1087 9 26
1088 5 29
1089 6 19
1090 5 26
1091 4 25
1092 5 17
1093 9 17
1094 9 22
1095 7 22
1096 1 25
1097 1 17
1098 7 19
1099 3 22
1100 6 19
1101 116 168
1102 127 161
1103 122 174
1104 122 168
1105 113 165
1106 119 175
1107 111 163
1108 116 164
1109 117 165
1110 116 161
1111 117 161
1112 112 174
1113 116 168
1114 118 173
1115 116 176
1116 128 170
1117 121 168
1118 113 176
1119 127 167
1120 125 168
1121 116 167
1122 113 162
1123 111 169
1124 116 169
1125 118 163
1126 111 170
1127 122 170
1128 116 165
1129 125 169
1130 126 165
1131 35 117
1132 30 118
1133 37 124
1134 40 114
1135 30 117
1136 32 122
1137 43 117
1138 39 112
1139 42 124
1140 31 119
1141 41 116
1142 35 125
1143 42 127
1144 30 111
1145 35 125
1146 35 123
1147 31 115
1148 30 122
1149 32 121
1150 30 118
1151 41 114
1152 43 116
1153 30 125
1154 38 121
1155 33 116
1156 42 123
1157 33 123
1158 37 115
1159 40 111
1160 32 123
1161 198 201
1162 207 209
1163 215 205
1164 208 214
1165 209 198
1166 208 210
1167 209 204
1168 211 199
1169 200 207
1170 209 214
1171 210 201
1172 208 197
1173 210 212
1174 197 205
1175 215 205
1176 208 202
1177 201 210
1178 198 210
1179 215 207
1180 204 201
1181 209 206
1182 206 209
1183 199 196
1184 220 57
1185 224 46
1186 221 53
1187 220 49
1188 221 54
1189 225 61
1190 217 51
1191 217 49
1192 219 49
1193 220 50
1194 222 52
1195 229 58
1196 218 53
1197 226 50
1198 227 55
1199 219 53
1200 224 55
1201 226 50
1202 221 49
1203 228 47
1204 225 56
1205 219 48
1206 223 50
1207 230 53
1208 216 59
1209 219 51
1210 220 53
1211 218 45
1212 224 50
1213 227 53
1214 230 29
1215 229 25
1216 222 16
1217 229 28
1218 223 18
1219 220 18
1220 223 22
1221 229 13
1222 222 14
1223 230 18
1224 220 17
1225 225 22
1226 217 17
1227 227 16
1228 223 19
1229 230 22
1230 220 18
1231 223 25
1232 223 26
1233 216 25
1234 222 27
1235 227 25
1236 224 25
1237 230 29
1238 228 28
1239 226 12
1240 227 20
1241 223 24
1242 216 22
1243 230 17
1244 30 79
1245 40 79
1246 40 93
1247 39 81
1248 35 77
1249 43 92
1250 32 81
1251 37 84
1252 34 88
1253 32 85
1254 35 88
1255 41 86
1256 39 92
1257 43 79
1258 32 90
1259 34 84
1260 33 85
1261 31 78
1262 34 93
1263 43 82
1264 32 87
1265 38 91
1266 35 92
1267 30 93
1268 41 81
1269 36 82
1270 38 90
1271 34 90
1272 44 78
1273 30 81
1274 31 95
1275 32 99
1276 40 94
1277 34 94
1278 31 95
1279 42 106
1280 39 97
1281 32 101
1282 42 96
1283 38 98
1284 42 100
1285 37 94
1286 38 94
1287 44 103
1288 31 94
1289 36 97
1290 30 94
1291 43 101
1292 39 96
1293 33 106
1294 38 96
1295 37 107
1296 32 102
1297 36 97
1298 42 94
1299 33 102
1300 35 105
1301 39 101
1302 35 95
1303 32 100
1304 151 67
1305 157 68
1306 149 75
1307 160 73
1308 156 66
1309 148 68
1310 145 75
1311 153 74
1312 159 67
1313 157 72
1314 148 69
1315 153 72
1316 147 75
1317 155 76
1318 157 67
1319 149 70
1320 150 66
1321 149 66
1322 154 62
1323 157 70
1324 152 76
1325 158 71
1326 153 63
1327 156 76
1328 155 76
1329 160 62
1330 149 67
1331 146 62
1332 152 68
1333 155 72
1334 110 42
1335 124 43
1336 124 44
1337 122 33
1338 119 36
1339 116 30
1340 121 43
1341 121 37
1342 127 39
1343 122 38
1344 121 31
1345 127 37
1346 127 30
1347 112 31
1348 113 34
1349 117 41
1350 115 33
1351 114 32
1352 122 34
1353 121 33
1354 116 30
1355 126 42
1356 117 33
1357 118 42
1358 119 30
1359 128 41
1360 117 40
1361 123 37
1362 120 43
1363 117 31
1364 213 39
1365 198 33
1366 196 30
1367 198 39
1368 208 36
1369 197 30
1370 204 35
1371 205 38
1372 213 40
1373 202 32
1374 215 38
1375 200 31
1376 208 39
1377 200 33
1378 202 32
1379 206 32
1380 209 35
1381 210 34
1382 200 34
1383 199 41
1384 198 33
1385 212 37
1386 206 43
1387 196 40
1388 208 36
1389 198 36
1390 203 32
1391 208 40
1392 207 39
1393 214 36
1394 224 181
1395 223 191
1396 217 186
1397 219 182
1398 216 179
1399 216 180
1400 221 191
1401 227 177
1402 230 186
1403 223 177
1404 222 186
1405 218 190
1406 217 193
1407 230 182
1408 219 181
1409 229 177
1410 222 193
1411 216 186
1412 227 181
1413 225 195
1414 230 185
1415 225 189
1416 228 185
1417 218 191
1418 229 194
1419 229 188
1420 229 188
1421 222 180
1422 222 190
1423 216 195
1424 111 221
1425 128 220
1426 111 229
1427 126 220
1428 120 225
1429 118 220
1430 125 219
1431 128 223
1432 124 227
1433 115 216
1434 122 218
1435 113 224
1436 113 229
1437 123 230
1438 112 220
1439 121 221
1440 128 222
1441 120 218
1442 112 218
1443 116 219
1444 117 218
1445 122 230
1446 126 225
1447 116 220
1448 128 218
1449 125 216
1450 127 226
1451 110 228
1452 125 219
1453 116 216
1454 77 84
1455 83 92
1456 82 84
1457 92 87
1458 81 85
1459 85 81
1460 89 88
1461 78 87
1462 83 77
1463 86 91
1464 81 89
1465 92 86
1466 80 77
1467 85 78
1468 91 78
1469 89 79
1470 91 92
1471 78 93
1472 90 89
1473 92 83
1474 79 87
1475 160 133
1476 151 131
1477 146 143
1478 157 135
1479 157 131
1480 147 130
1481 153 135
1482 147 139
1483 145 134
1484 159 132
1485 155 141
1486 148 141
1487 159 137
1488 151 135
1489 148 132
1490 150 141
1491 146 138
1492 151 138
1493 148 139
1494 156 138
1495 160 131
1496 156 137
1497 156 144
1498 158 138
1499 146 134
1500 159 133
1501 145 139
1502 158 139
1503 153 142
1504 147 133
1505 189 218
1506 183 230
1507 186 223
1508 185 218
1509 194 223
1510 182 218
1511 185 229
1512 180 218
1513 187 222
1514 192 223
1515 194 229
1516 177 226
1517 186 226
1518 178 222
1519 178 220
1520 195 222
1521 191 228
1522 182 229
1523 177 221
1524 186 217
1525 177 216
1526 186 219
1527 189 226
1528 194 225
1529 191 220
1530 195 227
1531 193 226
1532 184 219
1533 188 217
1534 184 228
1535 164 14
1536 174 16
1537 167 20
1538 162 17
1539 172 24
1540 173 18
1541 169 15
1542 174 28
1543 166 28
1544 165 13
1545 173 18
1546 170 27
1547 175 14
1548 168 26
1549 166 14
1550 168 27
1551 170 22
1552 171 22
1553 171 18
1554 163 20
1555 162 14
1556 161 20
1557 173 19
1558 161 24
1559 171 24
1560 170 29
1561 168 27
1562 174 29
1563 163 21
1564 100 160
1565 98 155
1566 103 158
1567 105 146
1568 100 154
1569 97 155
1570 106 157
1571 108 159
1572 102 160
1573 97 145
1574 100 153
1575 105 148
1576 96 147
1577 107 146
1578 98 149
1579 102 153
1580 102 153
1581 105 153
1582 96 149
1583 101 148
1584 94 149
1585 102 150
1586 107 151
1587 102 149
1588 95 149
1589 103 148
1590 97 147
1591 105 150
1592 97 159
1593 100 155
1594 7 125
1595 7 121
1596 11 124
1597 0 121
1598 1 117
1599 11 117
1600 8 110
1601 8 111
1602 2 111
1603 1 128
1604 0 118
1605 0 119
1606 6 127
1607 9 114
1608 9 127
1609 4 113
1610 5 117
1611 8 122
1612 5 117
1613 11 124
1614 2 117
1615 7 111
1616 2 118
1617 3 115
1618 4 124
1619 8 115
1620 11 124
1621 5 114
1622 8 121
1623 11 164
1624 10 169
1625 9 176
1626 8 171
1627 5 166
1628 4 162
1629 9 171
1630 10 168
1631 11 174
1632 7 171
1633 9 175
1634 7 169
1635 6 162
1636 8 166
1637 1 166
1638 3 169
1639 1 170
1640 10 163
1641 0 167
1642 2 166
1643 0 175
1644 2 175
1645 6 172
1646 9 167
1647 3 162
1648 9 173
1649 5 174
1650 8 161
1651 4 166
1652 2 176
1653 3 95
1654 11 108
1655 3 95
1656 0 102
1657 8 107
1658 1 104
1659 4 107
1660 1 106
1661 11 99
1662 1 95
1663 6 98
1664 6 96
1665 3 103
1666 0 107
1667 1 103
1668 11 96
1669 6 97
1670 9 105
1671 3 101
1672 6 101
1673 8 98
1674 7 98
1675 0 100
1676 1 101
1677 10 95
1678 5 102
1679 2 99
1680 0 106
1681 8 101
1682 4 59
1683 4 59
1684 8 47
1685 2 46
1686 1 51
1687 8 47
1688 11 60
1689 8 47
1690 0 53
1691 7 60
1692 0 50
1693 0 61
1694 3 49
1695 8 57
1696 3 61
1697 2 60
1698 11 48
1699 6 61
1700 10 46
1701 2 53
1702 1 52
1703 7 48
1704 4 45
1705 5 61
1706 3 59
1707 9 45
1708 10 54
1709 7 47
1710 11 46
1711 142 133
1712 130 129
1713 134 138
1714 144 142
1715 131 143
1716 144 138
1717 133 135
1718 139 138
1719 131 142
1720 137 134
1721 135 143
1722 139 130
1723 130 138
1724 144 129
1725 136 131
1726 131 135
1727 144 139
1728 134 130
1729 133 142
1730 132 138
1731 141 138
1732 131 143
1733 141 135
1734 135 130
1735 134 136
1736 138 142
1737 140 35
1738 139 38
1739 135 37
1740 138 35
1741 130 43
1742 135 36
1743 144 30
1744 136 37
1745 144 43
1746 129 34
1747 143 33
1748 140 41
1749 129 43
1750 135 35
1751 139 40
1752 130 41
1753 142 32
1754 134 37
1755 140 39
1756 143 35
1757 129 34
1758 143 35
1759 135 44
1760 129 43
1761 143 33
1762 129 40
1763 137 30
1764 137 33
1765 143 31
1766 144 43
1767 43 156
1768 34 146
1769 36 156
1770 39 150
1771 32 151
1772 32 156
1773 37 151
1774 43 151
1775 34 151
1776 34 150
1777 30 155
1778 33 153
1779 44 150
1780 44 159
1781 33 158
1782 33 154
1783 39 152
1784 44 148
1785 33 153
1786 43 154
1787 35 146
1788 40 146
1789 32 156
1790 33 159
1791 35 157
1792 41 149
1793 36 150
1794 38 147
1795 40 159
1796 32 159
1797 90 1
1798 88 7
1799 81 5
1800 87 2
1801 84 7
1802 86 1
1803 87 2
1804 86 11
1805 91 6
1806 89 11
1807 86 6
1808 81 4
1809 83 0
1810 92 8
1811 78 9
1812 82 2
1813 80 0
1814 80 2
1815 87 11
1816 77 11
1817 85 6
1818 86 1
1819 88 10
1820 88 11
1821 77 11
1822 84 3
1823 92 2
1824 88 10
1825 87 1
1826 85 69
1827 93 67
1828 86 69
1829 81 69
1830 81 69
1831 80 65
1832 78 64
1833 84 66
1834 91 69
1835 82 70
1836 78 65
1837 83 71
1838 82 72
1839 78 73
1840 79 64
1841 87 64
1842 86 76
1843 87 62
1844 86 75
1845 89 70
1846 92 72
1847 78 65
1848 78 64
1849 88 74
1850 91 73
1851 83 75
1852 80 72
1853 83 66
1854 89 76
1855 86 65
1856 140 8
1857 138 2
1858 142 1
1859 138 11
1860 134 2
1861 133 6
1862 134 9
1863 143 8
1864 139 0
1865 132 9
1866 142 7
1867 140 5
1868 137 3
1869 141 6
1870 133 6
1871 130 10
1872 129 5
1873 138 10
1874 140 9
1875 134 9
1876 143 3
1877 135 10
1878 142 0
1879 131 5
1880 141 3
1881 139 4
1882 134 8
1883 141 5
1884 138 9
1885 131 3
1886 53 129
1887 60 135
1888 53 140
1889 49 129
1890 47 132
1891 57 143
1892 48 142
1893 49 133
1894 55 139
1895 60 131
1896 55 143
1897 46 137
1898 55 131
1899 49 141
1900 57 137
1901 47 143
1902 47 135
1903 51 141
1904 56 134
1905 45 136
1906 58 133
1907 52 141
1908 57 129
1909 47 136
1910 51 132
1911 60 134
1912 45 138
1913 54 137
1914 45 136
1915 52 141
1916 212 220
1917 213 227
1918 202 219
1919 214 226
1920 205 223
1921 205 226
1922 214 225
1923 213 220
1924 199 228
1925 202 227
1926 196 219
1927 207 230
1928 198 219
1929 201 224
1930 209 218
1931 196 228
1932 205 219
1933 215 225
1934 210 220
1935 203 216
1936 201 219
1937 215 217
1938 214 228
1939 214 218
1940 196 229
1941 209 217
1942 208 216
1943 198 226
1944 197 216
1945 214 218
1946 215 9
1947 209 7
1948 210 6
1949 213 3
1950 213 7
1951 212 0
1952 206 3
1953 204 9
1954 213 9
1955 203 4
1956 196 2
1957 207 4
1958 207 3
1959 206 4
1960 197 4
1961 202 5
1962 213 8
1963 197 5
1964 215 5
1965 200 0
1966 204 5
1967 212 8
1968 202 4
1969 212 7
1970 210 5
1971 204 10
1972 204 4
1973 212 6
1974 200 9
1975 215 4
1976 175 115
1977 176 127
1978 169 111
1979 168 123
1980 165 126
1981 170 119
1982 168 119
1983 172 116
1984 164 114
1985 171 125
1986 162 119
1987 163 113
1988 176 110
1989 171 121
1990 173 116
1991 168 121
1992 172 116
1993 165 118
1994 170 114
1995 174 113
1996 161 113
1997 173 112
1998 175 111
1999 162 116
2000 169 120
2001 162 121
2002 162 113
2003 172 127
2004 163 120
2005 166 125
2006 217 49
2007 230 46
2008 227 49
2009 217 49
2010 224 48
2011 220 56
2012 223 47
2013 216 59
2014 224 56
2015 226 50
2016 227 51
2017 222 49
2018 217 52
2019 220 46
2020 228 45
2021 230 56
2022 217 53
2023 227 61
2024 227 51
2025 224 58
2026 220 56
2027 216 57
2028 218 55
2029 228 52
2030 225 52
2031 229 49
2032 225 55
2033 216 48
2034 223 47
2035 219 61
2036 142 70
2037 142 72
2038 138 62
2039 130 66
2040 141 65
2041 136 70
2042 143 69
2043 143 68
2044 129 64
2045 136 67
2046 136 74
2047 137 65
2048 142 76
2049 129 70
2050 134 62
2051 141 68
2052 140 70
2053 137 63
2054 134 69
2055 137 70
2056 142 62
2057 140 71
2058 144 70
2059 143 67
2060 141 68
2061 140 70
2062 144 75
2063 142 76
2064 132 76
2065 143 74
2066 118 148
2067 126 150
2068 126 151
2069 125 155
2070 115 154
2071 122 146
2072 126 147
2073 115 149
2074 127 159
2075 114 157
2076 111 153
2077 110 152
2078 117 153
2079 121 146
2080 110 157
2081 121 157
2082 116 158
2083 114 149
2084 127 146
2085 116 153
2086 127 152
2087 118 149
2088 113 154
2089 119 152
2090 127 146
2091 126 159
2092 114 160
2093 125 151
2094 122 147
2095 112 147
2096 223 209
2097 227 200
2098 227 215
2099 230 207
2100 218 204
2101 226 197
2102 225 213
2103 225 200
2104 226 213
2105 223 209
2106 222 201
2107 220 205
2108 217 203
2109 226 212
2110 223 210
2111 230 214
2112 224 211
2113 226 203
2114 221 203
2115 225 203
2116 220 208
2117 226 209
2118 224 204
2119 216 209
2120 219 202
2121 216 212
2122 225 206
2123 221 213
2124 227 208
2125 220 212
2126 40 149
2127 31 145
2128 35 159
2129 40 150
2130 30 146
2131 32 151
2132 38 148
2133 42 147
2134 43 147
2135 42 158
2136 40 151
2137 42 151
2138 31 148
2139 44 151
2140 44 159
2141 40 151
2142 42 152
2143 44 159
2144 30 150
2145 40 158
2146 34 145
2147 33 160
2148 40 147
2149 34 155
2150 41 148
2151 38 152
2152 39 145
2153 40 151
2154 39 153
2155 41 153
2156 87 179
2157 87 180
2158 92 179
2159 93 192
2160 88 188
2161 90 181
2162 83 188
2163 92 183
2164 84 182
2165 86 182
2166 88 179
2167 87 183
2168 86 184
2169 84 184
2170 80 190
2171 87 194
2172 89 184
2173 83 177
2174 80 183
2175 87 182
2176 90 190
2177 88 178
2178 83 188
2179 80 185
2180 93 187
2181 92 180
2182 92 189
2183 83 187
2184 92 191
2185 93 185
2186 165 105
2187 171 95
2188 166 105
2189 161 99
2190 166 104
2191 176 94
2192 167 99
2193 166 108
2194 176 101
2195 164 108
2196 168 105
2197 163 106
2198 166 97
2199 168 97
2200 168 106
2201 174 95
2202 169 107
2203 168 108
2204 167 107
2205 164 94
2206 163 102
2207 164 101
2208 162 97
2209 176 97
2210 173 105
2211 167 106
2212 171 101
2213 169 105
2214 173 109
2215 175 95
2216 93 139
2217 83 132
2218 78 144
2219 80 132
2220 92 142
2221 93 129
2222 87 134
2223 91 135
2224 88 132
2225 82 136
2226 93 129
2227 92 134
2228 82 142
2229 87 133
2230 91 129
2231 82 131
2232 77 129
2233 93 129
2234 84 141
2235 90 134
2236 90 129
2237 78 135
2238 82 133
2239 92 129
2240 81 130
2241 92 140
2242 88 133
2243 81 129
2244 91 129
2245 89 131
2246 163 213
2247 168 205
2248 161 198
2249 174 199
2250 169 199
2251 173 208
2252 176 199
2253 172 207
2254 174 215
2255 161 206
2256 169 214
2257 166 204
2258 169 214
2259 165 208
2260 168 196
2261 166 199
2262 173 206
2263 170 198
2264 162 199
2265 168 201
2266 163 212
2267 167 210
2268 168 214
2269 174 201
2270 173 202
2271 176 197
2272 161 196
2273 167 199
2274 163 202
2275 174 197
2276 67 59
2277 70 53
2278 65 60
2279 65 61
2280 72 54
2281 71 52
2282 65 51
2283 73 61
2284 70 45
2285 73 60
2286 74 57
2287 75 57
2288 69 52
2289 62 50
2290 76 47
2291 71 51
2292 62 47
2293 62 55
2294 67 57
2295 69 49
2296 69 59
2297 66 58
2298 66 48
2299 70 59
2300 76 56
2301 68 54
2302 74 49
2303 66 46
2304 70 45
2305 70 53
2306 4 162
2307 10 166
2308 6 165
2309 5 167
2310 9 170
2311 0 175
2312 7 164
2313 4 164
2314 5 172
2315 1 171
2316 10 166
2317 6 175
2318 0 174
2319 9 168
2320 7 161
2321 9 173
2322 2 166
2323 11 174
2324 10 163
2325 11 171
2326 4 171
2327 8 174
2328 0 172
2329 11 174
2330 9 162
2331 4 162
2332 7 169
2333 1 173
2334 4 169
2335 11 168
2336 33 161
2337 35 162
2338 30 176
2339 44 174
2340 35 165
2341 34 169
2342 32 174
2343 35 163
2344 39 169
2345 43 172
2346 35 171
2347 41 168
2348 30 163
2349 43 176
2350 30 173
2351 37 161
2352 31 172
2353 44 165
2354 35 166
2355 33 163
2356 39 176
2357 41 171
2358 38 162
2359 42 171
2360 38 171
2361 35 169
2362 40 175
2363 44 161
2364 36 170
2365 31 176
2366 110 66
2367 121 62
2368 113 65
2369 128 70
2370 126 68
2371 125 67
2372 117 76
2373 124 67
2374 115 69
2375 127 70
2376 112 76
2377 112 71
2378 126 72
2379 121 66
2380 114 73
2381 125 73
2382 117 71
2383 125 74
2384 120 68
2385 119 63
2386 113 63
2387 122 71
2388 124 72
2389 117 74
2390 125 63
2391 126 63
2392 120 63
2393 120 76
2394 116 71
2395 118 70
2396 99 206
2397 103 206
2398 97 214
2399 106 215
2400 97 198
2401 105 203
2402 97 211
2403 96 210
2404 95 202
2405 94 200
2406 107 213
2407 108 212
2408 108 211
2409 107 199
2410 96 210
2411 95 213
2412 100 203
2413 99 213
2414 104 213
2415 94 204
2416 95 200
2417 106 206
2418 100 196
2419 108 215
2420 100 196
2421 107 202
2422 102 207
2423 95 209
2424 109 198
2425 102 197
2426 209 182
2427 211 188
2428 202 188
2429 201 192
2430 197 179
2431 198 182
2432 198 181
2433 203 181
2434 213 184
2435 214 193
2436 196 178
2437 198 191
2438 212 193
2439 210 195
2440 201 189
2441 196 180
2442 204 190
2443 210 184
2444 207 178
2445 202 195
2446 210 177
2447 198 179
2448 201 179
2449 201 193
2450 198 181
2451 207 186
2452 204 180
2453 196 184
2454 212 184
2455 215 187
2456 61 6
2457 59 4
2458 55 5
2459 56 4
2460 46 0
2461 53 10
2462 61 10
2463 56 1
2464 51 9
2465 60 8
2466 59 9
2467 46 1
2468 53 0
2469 49 11
2470 58 7
2471 56 11
2472 58 1
2473 59 5
2474 47 1
2475 59 5
2476 51 5
2477 49 6
2478 48 4
2479 54 11
2480 45 0
2481 50 9
2482 52 6
2483 48 1
2484 58 7
2485 58 4
2486 151 15
2487 159 28
2488 151 15
2489 153 13
2490 146 12
2491 147 29
2492 157 13
2493 151 28
2494 152 15
2495 152 17
2496 145 19
2497 154 15
2498 151 27
2499 155 17
2500 148 12
2501 158 20
2502 152 29
2503 151 13
2504 146 18
2505 158 26
2506 145 17
2507 147 18
2508 159 17
2509 150 21
2510 149 22
2511 157 18
2512 152 17
2513 150 21
2514 148 28
2515 155 26
2516 222 19
2517 226 14
2518 224 23
2519 224 13
2520 226 28
2521 230 17
2522 229 13
2523 218 25
2524 227 27
2525 228 24
2526 221 23
2527 223 24
2528 223 19
2529 225 14
2530 225 12
2531 227 24
2532 227 14
2533 222 15
2534 221 25
2535 229 28
2536 227 19
2537 227 22
2538 227 16
2539 220 21
2540 227 26
2541 226 16
2542 225 20
2543 216 25
2544 227 22
2545 217 15
2546 204 168
2547 211 171
2548 211 165
2549 206 174
2550 200 161
2551 196 163
2552 214 163
2553 210 166
2554 208 170
2555 215 161
2556 210 172
2557 196 172
2558 215 176
2559 202 175
2560 203 175
2561 214 161
2562 197 167
2563 204 173
2564 207 164
2565 210 170
2566 207 176
2567 203 174
2568 200 167
2569 200 169
2570 215 165
2571 205 168
2572 201 175
2573 199 170
2574 197 168
2575 199 172
2576 41 148
2577 40 146
2578 39 146
2579 33 152
2580 43 155
2581 34 154
2582 31 151
2583 30 152
2584 34 154
2585 35 155
2586 44 147
2587 35 149
2588 32 156
2589 43 155
2590 34 151
2591 32 145
2592 34 147
2593 40 152
2594 35 151
2595 38 148
2596 36 157
2597 32 154
2598 38 158
2599 38 159
2600 42 145
2601 35 159
2602 35 160
2603 32 154
2604 32 160
2605 31 156
2606 126 8
2607 110 0
2608 120 3
2609 123 10
2610 125 7
2611 123 8
2612 120 1
2613 121 8
2614 111 10
2615 113 3
2616 114 5
2617 111 11
2618 113 9
2619 114 7
2620 122 3
2621 112 9
2622 120 9
2623 116 5
2624 124 3
2625 113 8
2626 111 11
2627 114 3
2628 128 6
2629 118 3
2630 118 3
2631 121 10
2632 113 1
2633 116 6
2634 110 9
2635 57 83
2636 45 80
2637 50 84
2638 47 85
2639 54 92
2640 57 91
2641 54 79
2642 59 90
2643 47 85
2644 52 85
2645 57 86
2646 49 78
2647 52 84
2648 53 85
2649 58 79
2650 61 93
2651 51 85
2652 57 81
2653 60 86
2654 52 79
2655 51 84
2656 48 93
2657 51 81
2658 46 93
2659 56 84
2660 46 91
2661 52 82
2662 45 82
2663 57 91
2664 59 77
2665 59 219
2666 53 222
2667 58 226
2668 55 220
2669 56 217
2670 53 229
2671 49 226
2672 53 227
2673 55 226
2674 51 229
2675 52 223
2676 48 226
2677 49 219
2678 51 227
2679 47 225
2680 52 229
2681 49 229
2682 59 218
2683 54 217
2684 52 229
2685 55 220
2686 56 219
2687 59 229
2688 57 217
2689 48 224
2690 53 217
2691 51 217
2692 47 225
2693 51 223
2694 51 221
2695 71 7
2696 63 3
2697 75 3
2698 64 6
2699 75 1
2700 65 11
2701 71 1
2702 62 5
2703 64 9
2704 73 4
2705 73 2
2706 65 5
2707 66 10
2708 75 11
2709 75 0
2710 72 4
2711 63 8
2712 67 3
2713 72 2
2714 68 1
2715 65 5
2716 64 3
2717 66 10
2718 70 5
2719 67 0
2720 72 4
2721 69 3
2722 74 3
2723 72 5
2724 81 31
2725 83 38
2726 92 37
2727 93 36
2728 91 39
2729 86 43
2730 77 32
2731 93 43
2732 91 34
2733 85 32
2734 91 41
2735 77 43
2736 84 32
2737 77 41
2738 86 37
2739 77 35
2740 86 34
2741 80 34
2742 82 39
2743 84 38
2744 87 31
2745 87 33
2746 86 44
2747 90 30
2748 78 43
2749 90 41
2750 83 43
2751 80 31
2752 82 36
2753 92 42
2754 108 197
2755 102 207
2756 109 214
2757 98 211
2758 97 211
2759 99 205
2760 103 206
2761 102 203
2762 97 197
2763 98 209
2764 95 212
2765 103 198
2766 104 214
2767 101 213
2768 97 206
2769 103 197
2770 98 198
2771 100 210
2772 101 213
2773 102 197
2774 95 204
2775 105 198
2776 95 210
2777 109 201
2778 96 214
2779 96 201
2780 102 207
2781 99 209
2782 97 212
2783 109 203
2784 197 92
2785 202 92
2786 211 77
2787 215 90
2788 215 88
2789 208 79
2790 204 79
2791 210 85
2792 212 87
2793 215 93
2794 205 85
2795 206 91
2796 197 91
2797 212 87
2798 204 82
2799 196 80
2800 206 83
2801 197 86
2802 208 92
2803 208 87
2804 212 84
2805 209 93
2806 210 89
2807 213 93
2808 212 86
2809 215 79
2810 202 83
2811 209 80
2812 198 88
2813 198 79
2814 180 67
2815 187 71
2816 184 65
2817 184 63
2818 187 69
2819 192 67
2820 195 62
2821 182 76
2822 181 70
2823 195 62
2824 192 75
2825 185 63
2826 190 68
2827 193 67
2828 185 71
2829 189 76
2830 189 70
2831 191 66
2832 183 68
2833 180 76
2834 189 68
2835 185 62
2836 192 69
2837 179 75
2838 191 62
2839 181 73
2840 181 73
2841 178 76
2842 184 70
2843 183 68
