242 259 10 2942
0 5
1 7
2 11
3 7
4 3
5 5
6 5
7 6
8 9
9 8
10 10
11 9
12 3
13 3
14 3
15 3
16 3
17 3
18 4
19 3
20 3
21 5
22 4
23 3
24 3
25 4
26 4
27 3
28 3
29 3
30 3
31 3
32 5
33 3
34 3
35 3
36 3
37 5
38 4
39 3
40 3
41 3
42 4
43 3
44 3
45 3
46 3
47 3
48 4
49 3
50 3
51 5
52 3
53 3
54 3
55 3
56 3
57 3
58 3
59 3
60 3
61 3
62 3
63 7
64 3
65 3
66 3
67 3
68 3
69 4
70 3
71 3
72 3
73 3
74 4
75 3
76 3
77 3
78 5
79 3
80 3
81 3
82 3
83 4
84 3
85 3
86 4
87 4
88 3
89 3
90 3
91 6
92 3
93 5
94 3
95 3
96 5
97 3
98 3
99 3
100 3
101 3
102 5
103 3
104 3
105 3
106 4
107 3
108 3
109 3
110 5
111 3
112 3
113 4
114 3
115 3
116 3
117 3
118 4
119 3
120 3
121 3
122 4
123 4
124 5
125 3
126 4
127 4
128 5
129 3
130 4
131 3
132 3
133 3
134 3
135 3
136 3
137 4
138 3
139 6
140 3
141 3
142 4
143 3
144 4
145 3
146 3
147 3
148 3
149 3
150 3
151 3
152 3
153 3
154 3
155 5
156 4
157 3
158 4
159 3
160 4
161 3
162 3
163 3
164 3
165 3
166 3
167 3
168 3
169 5
170 4
171 3
172 3
173 3
174 3
175 4
176 3
177 4
178 4
179 3
180 3
181 3
182 4
183 3
184 3
185 4
186 4
187 3
188 3
189 5
190 3
191 5
192 5
193 3
194 3
195 3
196 3
197 3
198 4
199 3
200 4
201 4
202 3
203 3
204 3
205 3
206 3
207 3
208 3
209 5
210 3
211 3
212 5
213 3
214 5
215 3
216 3
217 3
218 4
219 4
220 3
221 3
222 3
223 3
224 3
225 6
226 3
227 3
228 3
229 5
230 3
231 3
232 4
233 3
234 5
235 3
236 3
237 3
238 3
239 3
240 3
241 3
0 0 2
1 0 7
2 0 11
3 1 4
4 1 6
5 1 7
6 1 8
7 1 9
8 1 10
9 2 6
10 2 7
11 2 8
12 2 9
13 2 10
14 2 11
15 2 158
16 2 192
17 3 4
18 3 5
19 3 7
20 3 8
21 3 9
22 3 32
23 4 11
24 5 8
25 5 11
26 5 104
27 6 7
28 6 10
29 7 10
30 8 9
31 8 66
32 8 174
33 8 209
34 9 10
35 9 11
36 10 12
37 10 120
38 10 139
39 11 49
40 11 84
41 11 225
42 12 19
43 12 18
44 13 17
45 13 26
46 13 25
47 14 23
48 14 22
49 14 27
50 15 20
51 15 26
52 16 21
53 18 28
54 18 20
55 21 30
56 21 26
57 22 24
58 25 31
59 27 30
60 29 31
61 32 37
62 32 45
63 33 40
64 33 37
65 34 45
66 35 43
67 36 37
68 38 44
69 38 41
70 38 47
71 39 40
72 41 42
73 42 46
74 43 47
75 45 48
76 47 48
77 49 53
78 49 63
79 50 63
80 51 58
81 51 62
82 51 65
83 52 56
84 52 61
85 52 64
86 54 61
87 55 63
88 55 61
89 57 63
90 59 63
91 60 64
92 60 62
93 66 80
94 67 70
95 67 78
96 68 74
97 69 80
98 69 77
99 69 78
100 70 71
101 72 78
102 72 74
103 72 83
104 73 79
105 74 82
106 75 83
107 76 81
108 77 81
109 78 79
110 84 85
111 84 95
112 86 98
113 86 102
114 86 96
115 87 93
116 87 103
117 88 93
118 89 91
119 90 102
120 91 99
121 91 96
122 91 93
123 92 95
124 92 94
125 94 99
126 95 97
127 96 100
128 101 102
129 104 105
130 105 107
131 106 118
132 106 110
133 107 108
134 108 111
135 109 110
136 110 116
137 110 119
138 111 112
139 111 114
140 113 115
141 113 116
142 114 117
143 117 118
144 120 131
145 121 135
146 122 133
147 122 124
148 123 127
149 123 137
150 124 134
151 124 131
152 125 126
153 126 133
154 127 131
155 127 132
156 128 129
157 128 137
158 128 130
159 130 138
160 132 135
161 136 137
162 139 140
163 139 148
164 139 151
165 139 157
166 140 147
167 141 145
168 142 150
169 142 155
170 143 152
171 144 145
172 144 151
173 146 155
174 148 155
175 149 150
176 151 156
177 152 154
178 152 156
179 153 154
180 158 163
181 158 166
182 159 171
183 160 166
184 160 169
185 161 165
186 161 170
187 161 169
188 162 170
189 163 171
190 164 167
191 167 170
192 168 169
193 168 173
194 169 172
195 174 185
196 175 185
197 175 191
198 176 179
199 177 184
200 177 178
201 178 189
202 179 189
203 180 183
204 180 191
205 181 182
206 181 186
207 182 189
208 184 187
209 184 188
210 186 191
211 188 190
212 192 199
213 192 196
214 192 200
215 193 206
216 194 205
217 195 198
218 196 206
219 197 201
220 198 204
221 198 205
222 200 208
223 201 203
224 201 207
225 201 206
226 202 204
227 203 205
228 209 214
229 209 224
230 210 212
231 210 218
232 211 213
233 211 221
234 212 217
235 212 220
236 214 221
237 214 222
238 214 223
239 215 217
240 216 219
241 218 219
242 219 222
243 225 231
244 225 233
245 225 236
246 225 232
247 225 241
248 226 234
249 227 238
250 228 234
251 229 234
252 229 237
253 229 238
254 230 238
255 230 236
256 232 240
257 235 240
258 239 241
0 38 12
1 39 28
2 48 25
3 48 12
4 39 21
5 37 15
6 35 18
7 43 23
8 38 21
9 33 24
10 46 22
11 46 31
12 41 24
13 35 14
14 45 17
15 42 17
16 37 15
17 46 17
18 42 25
19 42 27
20 43 31
21 40 14
22 48 29
23 37 29
24 47 17
25 32 17
26 41 30
27 46 31
28 47 17
29 44 26
30 236 82
31 240 78
32 241 76
33 231 78
34 233 72
35 232 76
36 239 68
37 240 82
38 231 69
39 230 76
40 235 68
41 228 82
42 228 74
43 237 71
44 230 75
45 239 66
46 234 81
47 233 66
48 240 75
49 239 71
50 235 76
51 239 66
52 237 69
53 227 76
54 236 69
55 237 78
56 240 75
57 226 82
58 237 82
59 227 68
60 138 116
61 137 112
62 123 113
63 120 114
64 125 108
65 136 115
66 132 118
67 136 114
68 137 118
69 136 109
70 121 117
71 124 113
72 133 104
73 130 117
74 121 110
75 136 115
76 125 114
77 127 119
78 125 105
79 138 107
80 136 104
81 131 108
82 120 118
83 121 113
84 134 119
85 122 106
86 133 108
87 138 114
88 130 110
89 138 112
90 1 17
91 0 29
92 7 29
93 6 29
94 10 25
95 2 17
96 11 24
97 6 28
98 4 28
99 11 16
100 5 29
101 3 18
102 6 13
103 10 25
104 2 25
105 8 16
106 4 20
107 2 26
108 11 23
109 0 29
110 3 24
111 7 28
112 7 13
113 6 17
114 7 24
115 10 30
116 3 22
117 8 24
118 9 27
119 150 22
120 154 18
121 140 23
122 153 29
123 144 20
124 144 19
125 142 24
126 142 13
127 154 24
128 142 15
129 142 31
130 144 28
131 144 14
132 152 27
133 150 17
134 139 26
135 154 21
136 150 26
137 141 19
138 142 22
139 151 29
140 156 13
141 142 30
142 155 24
143 140 14
144 151 31
145 143 25
146 139 19
147 146 21
148 153 16
149 148 212
150 141 221
151 139 217
152 149 210
153 151 219
154 140 213
155 156 212
156 140 219
157 144 219
158 142 218
159 150 214
160 154 224
161 151 222
162 151 209
163 157 219
164 153 213
165 141 224
166 150 213
167 156 223
168 153 224
169 150 216
170 144 219
171 148 216
172 143 212
173 144 221
174 146 211
175 152 213
176 139 218
177 143 223
178 148 217
179 159 87
180 166 96
181 166 93
182 171 94
183 168 100
184 166 86
185 172 89
186 169 84
187 159 88
188 162 87
189 167 103
190 166 102
191 160 84
192 158 92
193 160 102
194 163 90
195 164 90
196 163 98
197 166 84
198 162 99
199 165 85
200 160 96
201 167 97
202 158 98
203 160 103
204 170 99
205 171 103
206 172 102
207 160 103
208 168 91
209 45 185
210 33 180
211 45 185
212 38 191
213 42 178
214 32 177
215 45 189
216 41 175
217 34 187
218 33 187
219 35 180
220 40 181
221 35 175
222 39 174
223 39 186
224 48 188
225 32 178
226 46 181
227 40 175
228 48 180
229 40 185
230 47 177
231 32 183
232 33 184
233 34 188
234 46 185
235 41 188
236 41 183
237 46 179
238 42 183
239 32 82
240 33 71
241 32 78
242 45 73
243 38 78
244 34 71
245 33 72
246 35 75
247 36 77
248 37 72
249 43 75
250 35 76
251 40 79
252 46 73
253 36 68
254 32 66
255 38 79
256 45 69
257 41 66
258 32 78
259 38 76
260 39 74
261 41 79
262 37 75
263 42 66
264 38 67
265 35 75
266 46 70
267 44 78
268 37 79
269 173 142
270 172 155
271 164 144
272 168 153
273 162 142
274 172 155
275 160 151
276 164 152
277 173 156
278 162 139
279 162 146
280 173 154
281 161 146
282 162 148
283 160 155
284 160 145
285 171 146
286 172 146
287 160 141
288 170 148
289 172 157
290 158 146
291 161 147
292 160 153
293 169 146
294 167 156
295 159 139
296 160 141
297 173 143
298 158 149
299 39 101
300 47 100
301 42 102
302 44 92
303 36 94
304 48 91
305 32 87
306 36 87
307 32 103
308 44 97
309 32 98
310 41 89
311 40 85
312 46 95
313 39 86
314 43 89
315 46 89
316 41 100
317 39 97
318 48 102
319 45 96
320 37 97
321 44 88
322 41 90
323 39 102
324 41 92
325 46 98
326 43 86
327 35 94
328 32 91
329 105 194
330 107 203
331 112 195
332 109 201
333 114 194
334 105 194
335 117 204
336 106 206
337 109 206
338 110 203
339 107 208
340 108 201
341 111 199
342 119 205
343 108 200
344 117 193
345 118 204
346 109 198
347 109 207
348 109 199
349 115 195
350 109 202
351 119 208
352 113 194
353 105 207
354 108 199
355 104 206
356 117 204
357 110 203
358 104 200
359 138 41
360 123 40
361 131 34
362 130 41
363 134 39
364 122 40
365 135 35
366 131 33
367 131 37
368 130 41
369 130 48
370 136 38
371 131 44
372 135 43
373 125 46
374 120 43
375 125 41
376 124 43
377 131 38
378 134 39
379 127 36
380 122 35
381 121 44
382 125 47
383 129 35
384 126 47
385 127 34
386 120 38
387 122 32
388 134 39
389 89 67
390 95 77
391 102 74
392 99 72
393 90 72
394 86 81
395 102 83
396 93 78
397 93 77
398 97 67
399 91 69
400 97 80
401 91 83
402 84 66
403 102 81
404 96 80
405 103 81
406 87 73
407 93 71
408 96 75
409 94 83
410 96 68
411 88 77
412 85 76
413 90 81
414 86 83
415 87 79
416 93 77
417 89 73
418 98 67
419 90 189
420 93 181
421 101 180
422 92 190
423 91 184
424 95 178
425 97 176
426 92 182
427 96 177
428 85 178
429 96 176
430 91 187
431 96 183
432 85 184
433 86 191
434 99 183
435 96 177
436 99 184
437 90 179
438 90 191
439 94 178
440 85 177
441 84 182
442 88 183
443 99 177
444 87 188
445 97 180
446 101 175
447 84 185
448 86 189
449 213 129
450 224 138
451 211 120
452 222 136
453 216 136
454 217 120
455 210 126
456 215 136
457 217 126
458 209 135
459 214 120
460 222 138
461 216 133
462 222 123
463 209 130
464 214 138
465 223 137
466 222 127
467 220 129
468 209 131
469 214 121
470 221 137
471 210 133
472 212 123
473 213 125
474 224 125
475 212 132
476 223 127
477 209 123
478 219 127
479 218 115
480 222 107
481 223 114
482 209 106
483 222 105
484 212 112
485 214 110
486 213 117
487 223 113
488 216 113
489 224 114
490 221 117
491 222 114
492 214 118
493 218 108
494 214 117
495 209 117
496 221 106
497 219 112
498 209 105
499 222 113
500 215 116
501 213 119
502 214 114
503 221 109
504 217 105
505 220 115
506 212 108
507 214 114
508 216 108
509 83 87
510 66 88
511 78 95
512 75 98
513 74 91
514 82 92
515 83 86
516 70 100
517 74 101
518 67 97
519 68 103
520 82 87
521 69 96
522 76 92
523 73 93
524 81 96
525 80 101
526 80 84
527 81 92
528 70 91
529 82 88
530 80 94
531 80 92
532 82 86
533 81 99
534 67 89
535 82 90
536 71 96
537 83 100
538 71 96
539 223 173
540 223 162
541 222 163
542 209 160
543 212 161
544 218 168
545 209 168
546 211 160
547 218 165
548 224 165
549 220 167
550 213 165
551 212 160
552 218 162
553 211 159
554 221 160
555 220 166
556 212 164
557 209 173
558 214 158
559 222 171
560 215 160
561 221 172
562 212 160
563 220 167
564 211 158
565 221 166
566 216 170
567 209 162
568 221 165
569 121 229
570 125 236
571 137 233
572 125 241
573 129 232
574 120 226
575 132 231
576 120 237
577 132 225
578 121 226
579 137 235
580 134 237
581 123 227
582 138 226
583 129 240
584 128 228
585 125 236
586 136 240
587 133 234
588 136 235
589 138 225
590 132 225
591 124 233
592 121 235
593 123 231
594 125 235
595 121 236
596 134 231
597 133 226
598 130 237
599 162 215
600 166 218
601 161 215
602 158 218
603 160 221
604 160 209
605 158 221
606 172 209
607 173 223
608 167 219
609 169 210
610 161 223
611 167 209
612 172 213
613 167 224
614 166 224
615 170 213
616 172 210
617 162 213
618 172 224
619 164 211
620 172 212
621 171 209
622 168 218
623 163 213
624 163 219
625 162 211
626 159 220
627 170 223
628 167 217
629 241 203
630 229 207
631 235 196
632 229 200
633 230 199
634 239 197
635 234 206
636 240 200
637 239 201
638 235 204
639 226 207
640 239 199
641 236 195
642 226 198
643 237 202
644 240 196
645 236 203
646 229 202
647 238 201
648 239 207
649 234 192
650 240 194
651 239 203
652 234 193
653 226 205
654 226 196
655 228 207
656 229 206
657 241 206
658 233 192
659 155 134
660 150 124
661 152 125
662 152 132
663 139 137
664 140 125
665 157 135
666 149 136
667 146 127
668 154 131
669 154 129
670 140 128
671 142 131
672 141 123
673 146 124
674 142 125
675 156 126
676 144 132
677 156 129
678 140 126
679 148 123
680 148 137
681 139 122
682 141 133
683 149 122
684 156 138
685 149 122
686 156 122
687 147 137
688 156 132
689 1 26
690 9 17
691 6 20
692 2 25
693 9 19
694 7 30
695 0 24
696 4 20
697 2 28
698 6 17
699 5 27
700 4 13
701 5 26
702 2 15
703 10 27
704 6 21
705 1 15
706 0 24
707 0 14
708 3 14
709 8 28
710 7 14
711 2 26
712 4 17
713 5 28
714 7 18
715 7 29
716 107 231
717 114 240
718 104 234
719 104 236
720 116 225
721 108 236
722 116 232
723 119 228
724 117 230
725 112 232
726 119 238
727 108 229
728 116 234
729 105 241
730 112 226
731 114 240
732 108 234
733 107 241
734 105 235
735 118 233
736 107 241
737 104 225
738 105 238
739 110 229
740 105 240
741 112 232
742 111 228
743 116 230
744 117 240
745 109 239
746 227 26
747 228 24
748 227 26
749 239 24
750 229 31
751 227 26
752 232 14
753 227 27
754 236 21
755 230 22
756 233 20
757 234 15
758 231 14
759 236 27
760 237 16
761 234 18
762 240 28
763 225 29
764 235 15
765 237 22
766 239 14
767 240 21
768 236 13
769 235 16
770 228 25
771 235 29
772 225 21
773 232 26
774 228 17
775 227 24
776 115 160
777 108 161
778 111 167
779 111 173
780 109 163
781 118 170
782 114 171
783 118 158
784 113 171
785 111 168
786 111 163
787 110 160
788 115 161
789 108 168
790 109 166
791 104 173
792 106 168
793 111 167
794 113 160
795 117 173
796 116 170
797 117 172
798 109 162
799 107 158
800 114 168
801 118 167
802 108 170
803 105 171
804 108 161
805 108 171
806 8 213
807 1 210
808 4 224
809 5 212
810 2 218
811 11 214
812 7 216
813 5 218
814 3 217
815 0 218
816 1 211
817 9 210
818 8 213
819 4 223
820 2 223
821 6 211
822 7 223
823 11 211
824 4 219
825 2 211
826 6 216
827 10 212
828 10 214
829 4 219
830 10 224
831 8 220
832 9 222
833 5 222
834 8 215
835 11 224
836 9 142
837 0 153
838 11 140
839 2 146
840 10 156
841 4 157
842 6 145
843 6 152
844 0 156
845 7 144
846 8 148
847 3 145
848 11 147
849 3 154
850 11 146
851 3 142
852 2 145
853 7 140
854 7 146
855 2 143
856 9 143
857 8 157
858 9 144
859 5 147
860 11 147
861 10 144
862 4 146
863 205 187
864 192 179
865 195 186
866 205 174
867 205 191
868 206 175
869 197 183
870 206 175
871 201 190
872 192 182
873 192 189
874 198 190
875 208 186
876 192 182
877 193 178
878 204 188
879 195 183
880 207 175
881 193 190
882 194 180
883 204 176
884 195 181
885 204 189
886 192 184
887 192 175
888 192 186
889 192 180
890 208 183
891 197 188
892 202 184
893 113 132
894 113 120
895 105 126
896 109 123
897 117 127
898 110 125
899 113 135
900 115 137
901 117 138
902 105 127
903 108 128
904 114 127
905 112 138
906 119 136
907 114 120
908 104 131
909 104 123
910 111 128
911 112 130
912 119 127
913 109 134
914 117 120
915 109 124
916 113 122
917 119 131
918 111 125
919 113 130
920 106 130
921 119 125
922 105 137
923 193 229
924 196 239
925 199 225
926 203 230
927 197 235
928 202 239
929 202 235
930 193 235
931 198 225
932 205 238
933 195 232
934 195 234
935 196 226
936 194 241
937 204 239
938 202 227
939 202 230
940 201 230
941 193 225
942 203 225
943 201 234
944 193 239
945 204 230
946 208 233
947 206 226
948 199 234
949 207 240
950 205 240
951 201 236
952 197 229
953 79 147
954 74 139
955 80 154
956 74 154
957 67 145
958 69 154
959 81 150
960 82 142
961 83 151
962 77 143
963 69 153
964 76 142
965 68 140
966 67 151
967 68 146
968 81 142
969 82 142
970 83 141
971 70 141
972 68 157
973 69 146
974 79 153
975 69 155
976 81 151
977 79 155
978 80 156
979 78 151
980 78 140
981 81 149
982 72 143
983 96 235
984 87 234
985 97 227
986 88 234
987 94 229
988 91 236
989 100 231
990 93 230
991 84 232
992 87 239
993 101 234
994 86 236
995 103 231
996 102 228
997 103 236
998 98 225
999 88 227
1000 97 241
1001 87 236
1002 86 232
1003 94 241
1004 91 234
1005 92 241
1006 98 240
1007 97 239
1008 92 235
1009 99 227
1010 93 227
1011 91 233
1012 97 238
1013 186 80
1014 176 82
1015 179 70
1016 187 67
1017 174 80
1018 174 77
1019 182 67
1020 186 69
1021 180 68
1022 178 82
1023 185 67
1024 181 76
1025 185 74
1026 178 79
1027 175 78
1028 185 67
1029 178 83
1030 184 80
1031 186 81
1032 177 79
1033 191 79
1034 178 83
1035 181 80
1036 189 67
1037 190 70
1038 182 75
1039 188 77
1040 185 76
1041 188 77
1042 2 21
1043 10 27
1044 4 28
1045 11 20
1046 5 20
1047 0 31
1048 4 27
1049 3 17
1050 7 29
1051 11 26
1052 11 28
1053 5 29
1054 5 14
1055 6 17
1056 0 27
1057 9 20
1058 10 14
1059 10 15
1060 7 20
1061 9 16
1062 8 27
1063 5 31
1064 7 21
1065 6 19
1066 11 20
1067 9 29
1068 6 15
1069 4 25
1070 1 30
1071 9 24
1072 2 17
1073 4 29
1074 6 22
1075 11 24
1076 10 23
1077 10 31
1078 0 25
1079 1 23
1080 7 22
1081 2 13
1082 8 16
1083 0 25
1084 7 31
1085 10 25
1086 5 16
1087 2 28
1088 4 15
1089 1 26
1090 5 26
1091 10 17
1092 4 16
1093 3 12
1094 4 24
1095 0 20
1096 4 14
1097 6 21
1098 9 21
1099 9 27
1100 5 27
1101 182 220
1102 183 211
1103 177 222
1104 191 220
1105 186 209
1106 183 209
1107 183 217
1108 175 210
1109 184 214
1110 191 218
1111 180 223
1112 188 221
1113 188 209
1114 179 212
1115 175 216
1116 181 219
1117 191 220
1118 183 215
1119 174 215
1120 189 209
1121 176 222
1122 182 219
1123 176 211
1124 186 219
1125 182 209
1126 184 216
1127 190 219
1128 175 211
1129 182 215
1130 154 11
1131 153 4
1132 156 0
1133 148 5
1134 155 7
1135 147 7
1136 152 2
1137 141 9
1138 153 4
1139 150 9
1140 156 3
1141 145 4
1142 154 10
1143 154 3
1144 149 1
1145 146 5
1146 144 8
1147 157 3
1148 153 4
1149 153 2
1150 150 1
1151 157 5
1152 157 3
1153 150 1
1154 144 5
1155 154 6
1156 157 11
1157 142 5
1158 16 126
1159 14 122
1160 22 135
1161 29 125
1162 30 130
1163 20 137
1164 23 128
1165 16 122
1166 20 123
1167 22 138
1168 31 120
1169 25 126
1170 20 128
1171 25 131
1172 19 125
1173 12 125
1174 25 122
1175 30 138
1176 19 124
1177 14 137
1178 18 133
1179 28 122
1180 18 132
1181 16 128
1182 19 121
1183 24 124
1184 26 135
1185 21 131
1186 19 123
1187 23 137
1188 44 52
1189 45 62
1190 42 51
1191 42 61
1192 46 62
1193 37 55
1194 48 51
1195 35 58
1196 34 63
1197 37 52
1198 39 63
1199 36 53
1200 46 58
1201 48 63
1202 42 60
1203 35 62
1204 37 64
1205 37 60
1206 36 57
1207 37 56
1208 41 61
1209 33 56
1210 42 56
1211 46 64
1212 38 53
1213 32 52
1214 34 65
1215 32 56
1216 35 52
1217 39 56
1218 208 138
1219 194 125
1220 205 128
1221 193 120
1222 197 122
1223 199 127
1224 208 120
1225 207 123
1226 208 125
1227 192 120
1228 204 135
1229 202 131
1230 205 123
1231 193 124
1232 200 125
1233 203 132
1234 194 125
1235 204 132
1236 201 122
1237 196 124
1238 193 133
1239 206 124
1240 204 129
1241 197 136
1242 202 137
1243 201 130
1244 202 137
1245 198 133
1246 196 135
1247 202 137
1248 8 59
1249 4 60
1250 5 52
1251 9 57
1252 9 63
1253 7 61
1254 9 55
1255 8 53
1256 3 61
1257 6 56
1258 8 58
1259 11 62
1260 4 57
1261 1 50
1262 3 63
1263 8 64
1264 5 53
1265 3 65
1266 5 58
1267 0 60
1268 1 59
1269 11 59
1270 5 59
1271 2 59
1272 0 50
1273 1 52
1274 7 54
1275 2 51
1276 5 58
1277 11 55
1278 8 182
1279 7 182
1280 11 186
1281 0 178
1282 9 187
1283 9 176
1284 10 188
1285 9 179
1286 8 180
1287 1 191
1288 4 176
1289 3 182
1290 9 178
1291 10 188
1292 0 188
1293 3 188
1294 4 178
1295 0 183
1296 4 183
1297 4 179
1298 11 187
1299 10 187
1300 5 177
1301 4 180
1302 4 178
1303 3 181
1304 6 176
1305 0 185
1306 11 182
1307 223 235
1308 209 227
1309 222 225
1310 217 226
1311 220 238
1312 214 237
1313 212 226
1314 211 225
1315 209 231
1316 223 234
1317 214 237
1318 220 241
1319 219 240
1320 211 235
1321 211 241
1322 217 229
1323 220 233
1324 211 241
1325 216 225
1326 214 230
1327 212 232
1328 224 240
1329 215 239
1330 217 240
1331 219 236
1332 216 235
1333 217 233
1334 213 225
1335 222 226
1336 209 235
1337 5 28
1338 7 20
1339 9 15
1340 2 28
1341 10 22
1342 0 17
1343 8 19
1344 8 18
1345 1 22
1346 9 14
1347 1 28
1348 3 12
1349 1 14
1350 5 12
1351 1 26
1352 9 21
1353 8 27
1354 6 30
1355 3 29
1356 7 27
1357 4 15
1358 0 21
1359 6 22
1360 3 28
1361 3 31
1362 6 28
1363 10 21
1364 2 20
1365 178 180
1366 187 189
1367 174 179
1368 179 181
1369 187 179
1370 188 180
1371 178 180
1372 188 189
1373 175 189
1374 191 182
1375 180 182
1376 186 178
1377 176 191
1378 175 178
1379 190 174
1380 186 184
1381 191 179
1382 191 179
1383 187 180
1384 183 188
1385 182 190
1386 180 178
1387 35 112
1388 41 116
1389 34 117
1390 44 117
1391 41 119
1392 45 109
1393 43 114
1394 39 117
1395 38 112
1396 41 114
1397 36 109
1398 43 117
1399 39 106
1400 41 110
1401 46 109
1402 47 119
1403 43 116
1404 47 112
1405 34 104
1406 33 117
1407 38 115
1408 39 105
1409 35 116
1410 45 110
1411 45 118
1412 38 111
1413 35 116
1414 47 109
1415 33 119
1416 34 107
1417 214 37
1418 222 39
1419 213 39
1420 213 33
1421 214 47
1422 222 48
1423 219 44
1424 215 45
1425 213 45
1426 213 38
1427 214 47
1428 222 38
1429 221 43
1430 222 45
1431 216 44
1432 211 34
1433 209 38
1434 224 43
1435 216 40
1436 214 34
1437 211 32
1438 209 45
1439 217 34
1440 220 38
1441 212 38
1442 215 33
1443 219 43
1444 216 35
1445 217 39
1446 213 41
1447 96 172
1448 103 163
1449 99 158
1450 84 164
1451 86 165
1452 86 158
1453 84 170
1454 87 166
1455 103 169
1456 85 158
1457 87 158
1458 85 160
1459 91 165
1460 99 167
1461 93 165
1462 96 170
1463 101 162
1464 92 160
1465 102 162
1466 93 161
1467 93 168
1468 101 166
1469 91 165
1470 100 159
1471 93 165
1472 102 173
1473 99 158
1474 88 169
1475 96 159
1476 93 172
1477 111 205
1478 104 206
1479 110 195
1480 112 205
1481 119 200
1482 110 195
1483 107 200
1484 115 194
1485 112 201
1486 113 201
1487 117 208
1488 117 195
1489 111 200
1490 113 196
1491 117 193
1492 110 200
1493 113 199
1494 106 198
1495 113 199
1496 107 208
1497 112 197
1498 116 203
1499 107 195
1500 110 194
1501 106 200
1502 108 204
1503 111 199
1504 105 193
1505 109 200
1506 111 196
1507 197 9
1508 205 9
1509 195 3
1510 208 2
1511 197 10
1512 207 10
1513 205 5
1514 197 6
1515 200 3
1516 202 1
1517 201 0
1518 193 4
1519 193 4
1520 207 9
1521 195 6
1522 205 8
1523 202 6
1524 208 7
1525 197 9
1526 207 11
1527 201 1
1528 197 4
1529 195 6
1530 201 6
1531 206 8
1532 202 4
1533 201 5
1534 198 9
1535 239 148
1536 238 157
1537 237 154
1538 232 156
1539 226 153
1540 228 139
1541 241 155
1542 229 149
1543 228 153
1544 225 153
1545 237 152
1546 235 148
1547 225 143
1548 236 154
1549 225 144
1550 227 146
1551 240 139
1552 228 154
1553 227 140
1554 229 149
1555 231 153
1556 236 142
1557 234 155
1558 234 144
1559 230 151
1560 225 146
1561 231 147
1562 233 144
1563 241 144
1564 229 144
1565 48 224
1566 37 210
1567 37 221
1568 41 217
1569 41 209
1570 42 211
1571 42 213
1572 35 219
1573 40 213
1574 39 214
1575 48 214
1576 39 211
1577 41 212
1578 36 222
1579 40 221
1580 43 211
1581 45 221
1582 39 222
1583 45 217
1584 41 218
1585 37 224
1586 47 211
1587 40 209
1588 47 221
1589 41 223
1590 41 218
1591 33 221
1592 42 222
1593 36 221
1594 44 210
1595 196 7
1596 193 0
1597 201 9
1598 203 2
1599 205 10
1600 208 4
1601 205 5
1602 196 6
1603 195 3
1604 206 6
1605 197 11
1606 193 3
1607 196 10
1608 204 2
1609 198 5
1610 208 1
1611 194 6
1612 199 6
1613 199 6
1614 207 2
1615 194 10
1616 200 3
1617 200 3
1618 197 7
1619 193 10
1620 196 10
1621 206 8
1622 201 4
1623 195 9
1624 2 102
1625 7 90
1626 7 90
1627 11 102
1628 7 86
1629 3 98
1630 5 102
1631 0 94
1632 7 101
1633 10 97
1634 9 90
1635 5 88
1636 4 88
1637 0 98
1638 3 93
1639 7 87
1640 8 84
1641 1 89
1642 2 95
1643 6 98
1644 11 92
1645 5 88
1646 11 99
1647 10 103
1648 3 94
1649 10 84
1650 8 89
1651 4 101
1652 11 94
1653 3 90
1654 198 18
1655 203 28
1656 207 30
1657 193 14
1658 202 19
1659 201 14
1660 208 16
1661 195 24
1662 201 27
1663 200 14
1664 194 21
1665 192 30
1666 194 21
1667 199 26
1668 206 13
1669 208 19
1670 194 15
1671 196 12
1672 193 27
1673 194 19
1674 193 30
1675 204 15
1676 192 19
1677 195 22
1678 202 21
1679 204 24
1680 204 14
1681 207 25
1682 195 22
1683 197 26
1684 164 219
1685 160 222
1686 169 211
1687 165 218
1688 165 209
1689 160 209
1690 171 223
1691 159 211
1692 170 210
1693 171 212
1694 162 220
1695 173 216
1696 171 219
1697 165 209
1698 161 220
1699 159 219
1700 164 217
1701 163 223
1702 165 209
1703 171 217
1704 173 213
1705 165 221
1706 163 215
1707 159 216
1708 171 223
1709 167 222
1710 173 224
1711 159 222
1712 161 224
1713 159 223
1714 188 51
1715 189 57
1716 184 52
1717 175 63
1718 174 64
1719 176 61
1720 187 54
1721 189 58
1722 175 60
1723 182 62
1724 188 50
1725 174 51
1726 191 63
1727 187 58
1728 191 52
1729 176 60
1730 178 57
1731 183 58
1732 189 56
1733 181 55
1734 184 65
1735 182 64
1736 188 55
1737 184 59
1738 179 50
1739 178 63
1740 175 60
1741 183 59
1742 188 54
1743 182 50
1744 147 37
1745 139 43
1746 142 47
1747 154 32
1748 140 38
1749 157 38
1750 151 38
1751 144 40
1752 139 39
1753 151 48
1754 153 33
1755 143 39
1756 147 43
1757 153 48
1758 140 39
1759 145 36
1760 150 34
1761 140 46
1762 152 37
1763 141 45
1764 139 41
1765 147 37
1766 150 35
1767 155 42
1768 152 42
1769 142 36
1770 152 35
1771 150 42
1772 147 34
1773 156 32
1774 106 22
1775 108 25
1776 112 22
1777 118 16
1778 108 24
1779 119 26
1780 106 14
1781 104 30
1782 104 12
1783 114 20
1784 113 27
1785 106 18
1786 116 23
1787 116 19
1788 109 14
1789 105 19
1790 105 28
1791 112 15
1792 114 13
1793 109 23
1794 118 14
1795 119 15
1796 111 15
1797 108 17
1798 116 21
1799 113 15
1800 118 19
1801 106 30
1802 114 20
1803 118 19
1804 167 92
1805 158 85
1806 172 96
1807 173 97
1808 166 87
1809 169 103
1810 166 84
1811 173 101
1812 167 86
1813 158 92
1814 173 90
1815 173 95
1816 170 101
1817 167 91
1818 161 84
1819 167 85
1820 164 95
1821 163 97
1822 171 100
1823 159 88
1824 170 86
1825 172 98
1826 164 97
1827 163 96
1828 161 85
1829 160 94
1830 160 84
1831 172 95
1832 163 91
1833 172 98
1834 100 28
1835 90 22
1836 103 21
1837 91 15
1838 92 26
1839 102 28
1840 92 16
1841 89 19
1842 96 26
1843 96 22
1844 88 14
1845 101 24
1846 95 22
1847 101 13
1848 93 25
1849 94 13
1850 100 22
1851 103 13
1852 88 31
1853 86 28
1854 94 21
1855 86 31
1856 93 17
1857 95 23
1858 92 20
1859 96 19
1860 99 28
1861 95 30
1862 95 14
1863 84 19
1864 110 107
1865 112 105
1866 113 105
1867 118 107
1868 117 119
1869 109 113
1870 110 108
1871 116 108
1872 111 115
1873 107 114
1874 113 114
1875 104 119
1876 114 104
1877 106 114
1878 106 112
1879 106 112
1880 113 118
1881 118 119
1882 115 112
1883 105 116
1884 118 109
1885 105 110
1886 117 112
1887 1 44
1888 5 34
1889 8 43
1890 8 36
1891 8 39
1892 2 41
1893 3 38
1894 8 45
1895 1 43
1896 6 43
1897 0 35
1898 7 44
1899 4 33
1900 9 36
1901 6 40
1902 6 42
1903 5 36
1904 9 42
1905 1 33
1906 7 44
1907 2 45
1908 0 45
1909 4 38
1910 5 37
1911 0 42
1912 10 33
1913 5 47
1914 8 38
1915 1 33
1916 8 35
1917 154 174
1918 153 174
1919 152 183
1920 152 188
1921 141 184
1922 139 183
1923 149 179
1924 153 174
1925 153 191
1926 144 174
1927 141 181
1928 153 174
1929 154 180
1930 157 174
1931 141 191
1932 143 177
1933 148 190
1934 142 188
1935 152 185
1936 156 178
1937 157 175
1938 157 177
1939 143 189
1940 144 186
1941 144 181
1942 139 186
1943 143 182
1944 151 183
1945 140 184
1946 145 186
1947 138 64
1948 125 59
1949 134 59
1950 121 55
1951 133 50
1952 130 49
1953 132 58
1954 135 61
1955 134 61
1956 133 65
1957 129 65
1958 137 50
1959 125 59
1960 134 62
1961 130 56
1962 123 59
1963 136 51
1964 138 57
1965 125 56
1966 137 58
1967 135 51
1968 123 52
1969 122 65
1970 132 57
1971 127 53
1972 128 56
1973 123 52
1974 135 59
1975 134 52
1976 131 61
1977 191 240
1978 191 230
1979 189 232
1980 187 225
1981 182 236
1982 177 237
1983 180 239
1984 180 240
1985 189 234
1986 174 236
1987 190 232
1988 186 226
1989 174 229
1990 177 232
1991 190 241
1992 181 239
1993 175 233
1994 175 234
1995 180 241
1996 187 225
1997 180 229
1998 175 238
1999 191 225
2000 180 233
2001 189 235
2002 178 239
2003 179 239
2004 176 239
2005 174 228
2006 174 232
2007 204 130
2008 201 127
2009 201 131
2010 199 130
2011 202 127
2012 200 131
2013 196 127
2014 208 133
2015 205 120
2016 203 124
2017 208 128
2018 199 121
2019 207 137
2020 208 123
2021 194 121
2022 206 122
2023 208 137
2024 202 127
2025 197 137
2026 197 136
2027 192 136
2028 202 135
2029 194 138
2030 207 135
2031 193 137
2032 206 127
2033 192 138
2034 195 126
2035 192 127
2036 197 138
2037 67 122
2038 79 127
2039 68 131
2040 75 138
2041 81 128
2042 70 135
2043 79 126
2044 79 122
2045 74 129
2046 78 130
2047 80 132
2048 79 137
2049 75 128
2050 77 132
2051 69 134
2052 72 131
2053 81 133
2054 69 121
2055 73 136
2056 76 130
2057 82 125
2058 82 122
2059 82 135
2060 78 130
2061 75 126
2062 74 121
2063 82 130
2064 72 131
2065 74 135
2066 83 121
2067 214 92
2068 217 94
2069 219 94
2070 217 103
2071 210 92
2072 222 88
2073 215 85
2074 220 97
2075 213 87
2076 212 88
2077 221 95
2078 209 96
2079 222 88
2080 212 101
2081 223 97
2082 213 92
2083 209 98
2084 220 99
2085 209 94
2086 216 88
2087 216 97
2088 210 103
2089 216 97
2090 213 85
2091 217 84
2092 221 100
2093 223 89
2094 215 95
2095 219 93
2096 210 100
2097 149 78
2098 142 70
2099 156 81
2100 155 71
2101 150 68
2102 147 71
2103 154 79
2104 142 70
2105 139 72
2106 147 80
2107 153 66
2108 139 74
2109 143 76
2110 150 68
2111 153 67
2112 139 81
2113 144 72
2114 145 68
2115 151 75
2116 152 79
2117 139 78
2118 142 76
2119 146 83
2120 153 72
2121 157 83
2122 151 68
2123 145 76
2124 146 76
2125 156 66
2126 156 75
2127 228 2
2128 236 4
2129 233 6
2130 226 9
2131 228 0
2132 230 3
2133 230 5
2134 241 10
2135 237 4
2136 226 1
2137 226 5
2138 235 7
2139 228 1
2140 241 8
2141 238 3
2142 226 4
2143 239 9
2144 233 1
2145 237 0
2146 226 7
2147 233 2
2148 229 4
2149 235 8
2150 240 11
2151 230 1
2152 234 10
2153 228 10
2154 241 6
2155 235 10
2156 232 150
2157 233 144
2158 229 140
2159 234 143
2160 241 150
2161 225 144
2162 234 152
2163 235 145
2164 232 153
2165 226 149
2166 232 141
2167 237 152
2168 227 146
2169 234 145
2170 225 151
2171 226 151
2172 225 144
2173 237 147
2174 241 152
2175 238 153
2176 225 142
2177 233 145
2178 239 141
2179 233 154
2180 227 143
2181 239 154
2182 236 157
2183 236 156
2184 240 141
2185 229 145
2186 205 93
2187 203 95
2188 205 86
2189 192 87
2190 203 95
2191 202 90
2192 194 85
2193 203 99
2194 193 99
2195 201 85
2196 195 84
2197 200 91
2198 203 99
2199 194 99
2200 204 92
2201 198 103
2202 194 85
2203 194 84
2204 198 84
2205 204 88
2206 194 103
2207 194 103
2208 203 85
2209 202 90
2210 206 103
2211 205 86
2212 199 85
2213 195 99
2214 192 98
2215 207 101
2216 145 240
2217 155 235
2218 142 239
2219 141 226
2220 142 227
2221 142 240
2222 140 226
2223 143 229
2224 150 241
2225 147 226
2226 144 226
2227 140 234
2228 147 241
2229 151 230
2230 147 239
2231 155 227
2232 155 241
2233 146 229
2234 146 228
2235 155 240
2236 156 228
2237 149 236
2238 150 234
2239 146 239
2240 152 227
2241 145 238
2242 150 238
2243 152 236
2244 149 231
2245 154 240
2246 224 46
2247 220 46
2248 216 33
2249 221 36
2250 218 41
2251 210 35
2252 214 36
2253 216 35
2254 220 47
2255 209 40
2256 211 41
2257 222 37
2258 218 33
2259 223 34
2260 213 33
2261 220 41
2262 217 46
2263 224 44
2264 209 34
2265 218 44
2266 220 34
2267 221 39
2268 216 38
2269 211 48
2270 210 41
2271 213 45
2272 222 46
2273 220 39
2274 217 43
2275 221 37
2276 0 218
2277 8 211
2278 2 210
2279 5 218
2280 0 210
2281 8 221
2282 4 214
2283 4 210
2284 2 223
2285 8 212
2286 11 212
2287 11 224
2288 1 216
2289 10 216
2290 7 213
2291 11 219
2292 5 223
2293 7 220
2294 10 218
2295 11 223
2296 6 216
2297 3 217
2298 2 218
2299 10 217
2300 2 216
2301 6 223
2302 8 210
2303 11 217
2304 9 214
2305 91 46
2306 102 48
2307 103 41
2308 88 33
2309 99 39
2310 96 39
2311 90 40
2312 102 45
2313 89 47
2314 86 39
2315 89 48
2316 98 46
2317 89 46
2318 103 38
2319 87 40
2320 89 33
2321 85 35
2322 94 42
2323 91 38
2324 101 35
2325 87 47
2326 97 42
2327 91 40
2328 98 45
2329 100 32
2330 91 45
2331 101 46
2332 86 38
2333 94 38
2334 93 34
2335 171 5
2336 163 11
2337 172 3
2338 169 3
2339 173 9
2340 165 1
2341 162 0
2342 172 2
2343 160 3
2344 168 3
2345 163 7
2346 167 0
2347 160 11
2348 171 4
2349 169 7
2350 163 5
2351 171 0
2352 163 7
2353 164 5
2354 165 0
2355 164 1
2356 166 0
2357 173 4
2358 162 0
2359 164 7
2360 170 2
2361 161 5
2362 158 3
2363 163 211
2364 159 220
2365 160 212
2366 160 220
2367 162 221
2368 171 217
2369 159 218
2370 170 212
2371 163 224
2372 163 220
2373 162 218
2374 169 223
2375 172 212
2376 160 212
2377 158 210
2378 171 211
2379 172 219
2380 162 220
2381 168 209
2382 158 217
2383 173 215
2384 169 211
2385 166 221
2386 163 220
2387 163 213
2388 162 223
2389 162 220
2390 173 217
2391 167 222
2392 171 213
2393 170 58
2394 160 49
2395 162 63
2396 165 59
2397 160 55
2398 170 59
2399 167 54
2400 170 55
2401 173 49
2402 163 50
2403 163 64
2404 163 58
2405 159 59
2406 160 60
2407 170 53
2408 168 59
2409 173 61
2410 171 50
2411 173 64
2412 166 62
2413 173 56
2414 168 58
2415 170 64
2416 170 60
2417 166 54
2418 160 63
2419 159 63
2420 165 61
2421 171 59
2422 164 57
2423 63 38
2424 54 39
2425 57 39
2426 59 46
2427 62 45
2428 57 36
2429 65 47
2430 49 48
2431 50 39
2432 53 38
2433 61 46
2434 56 40
2435 58 32
2436 56 38
2437 56 44
2438 50 39
2439 49 43
2440 51 42
2441 52 33
2442 58 44
2443 61 45
2444 59 35
2445 62 32
2446 55 37
2447 65 39
2448 55 36
2449 52 48
2450 54 32
2451 49 41
2452 59 38
2453 182 204
2454 180 192
2455 178 197
2456 183 196
2457 185 192
2458 182 205
2459 188 208
2460 186 206
2461 188 199
2462 189 198
2463 186 196
2464 178 200
2465 175 196
2466 185 194
2467 176 202
2468 182 195
2469 183 196
2470 175 197
2471 177 204
2472 177 206
2473 185 201
2474 185 197
2475 187 208
2476 179 195
2477 176 207
2478 174 203
2479 185 206
2480 177 206
2481 188 194
2482 190 199
2483 166 212
2484 168 217
2485 166 222
2486 170 217
2487 173 221
2488 169 216
2489 162 213
2490 164 212
2491 158 216
2492 160 210
2493 169 216
2494 171 219
2495 165 217
2496 169 211
2497 163 219
2498 172 218
2499 159 214
2500 159 220
2501 162 210
2502 161 209
2503 168 222
2504 164 217
2505 165 213
2506 168 220
2507 162 216
2508 171 209
2509 159 220
2510 169 224
2511 167 213
2512 159 220
2513 61 223
2514 60 216
2515 57 210
2516 58 216
2517 60 211
2518 55 223
2519 52 219
2520 49 221
2521 59 218
2522 50 219
2523 58 209
2524 58 223
2525 58 211
2526 65 220
2527 65 221
2528 50 218
2529 60 220
2530 53 212
2531 56 224
2532 55 216
2533 60 212
2534 55 224
2535 57 222
2536 59 219
2537 60 224
2538 50 211
2539 51 213
2540 52 223
2541 64 210
2542 52 219
2543 132 53
2544 120 58
2545 138 55
2546 126 50
2547 126 57
2548 125 50
2549 128 51
2550 137 59
2551 122 61
2552 127 61
2553 126 54
2554 121 49
2555 135 50
2556 129 61
2557 125 59
2558 125 56
2559 127 55
2560 134 51
2561 131 55
2562 131 49
2563 138 51
2564 130 62
2565 122 50
2566 126 62
2567 132 50
2568 127 54
2569 126 65
2570 120 55
2571 123 49
2572 122 63
2573 66 60
2574 74 62
2575 81 64
2576 75 54
2577 71 62
2578 80 49
2579 82 53
2580 83 64
2581 74 63
2582 66 55
2583 70 63
2584 71 63
2585 75 63
2586 69 51
2587 80 65
2588 69 64
2589 82 55
2590 69 58
2591 72 50
2592 78 60
2593 81 56
2594 77 50
2595 79 56
2596 82 63
2597 81 53
2598 78 57
2599 80 52
2600 83 61
2601 67 60
2602 72 50
2603 66 83
2604 77 71
2605 82 70
2606 71 74
2607 74 75
2608 71 81
2609 68 83
2610 76 82
2611 76 72
2612 69 71
2613 80 81
2614 83 69
2615 73 71
2616 80 79
2617 75 79
2618 82 67
2619 79 71
2620 77 66
2621 74 73
2622 70 77
2623 69 76
2624 74 80
2625 75 80
2626 4 209
2627 11 218
2628 10 220
2629 3 220
2630 10 224
2631 9 211
2632 11 215
2633 9 212
2634 11 220
2635 0 210
2636 6 218
2637 11 215
2638 10 215
2639 9 224
2640 11 221
2641 5 218
2642 0 213
2643 8 221
2644 0 217
2645 5 215
2646 9 214
2647 6 210
2648 5 218
2649 0 214
2650 7 213
2651 5 210
2652 6 221
2653 9 210
2654 94 55
2655 92 58
2656 89 49
2657 94 59
2658 88 59
2659 90 65
2660 93 61
2661 96 62
2662 86 53
2663 87 63
2664 100 59
2665 89 63
2666 91 57
2667 89 56
2668 97 60
2669 92 53
2670 93 65
2671 89 65
2672 102 53
2673 91 53
2674 103 57
2675 93 54
2676 103 57
2677 85 60
2678 103 63
2679 87 59
2680 101 54
2681 96 53
2682 100 52
2683 98 56
2684 133 12
2685 130 25
2686 129 25
2687 132 18
2688 128 29
2689 125 15
2690 124 14
2691 122 22
2692 138 15
2693 133 29
2694 127 23
2695 127 25
2696 126 26
2697 127 22
2698 134 27
2699 121 16
2700 122 27
2701 124 31
2702 130 13
2703 121 15
2704 135 13
2705 135 14
2706 138 20
2707 124 21
2708 138 28
2709 135 24
2710 123 24
2711 137 29
2712 132 13
2713 136 31
2714 98 176
2715 94 185
2716 90 182
2717 95 191
2718 95 190
2719 102 187
2720 101 182
2721 101 190
2722 103 191
2723 98 174
2724 93 187
2725 84 180
2726 87 182
2727 93 179
2728 100 187
2729 89 180
2730 91 183
2731 100 182
2732 103 179
2733 87 179
2734 103 177
2735 96 189
2736 88 176
2737 88 188
2738 101 183
2739 93 190
2740 88 188
2741 98 190
2742 85 180
2743 102 190
2744 223 0
2745 224 0
2746 218 2
2747 220 11
2748 211 8
2749 214 5
2750 223 11
2751 222 7
2752 214 0
2753 216 1
2754 215 11
2755 213 6
2756 220 1
2757 219 1
2758 215 3
2759 214 1
2760 215 9
2761 222 3
2762 216 11
2763 212 1
2764 223 3
2765 217 8
2766 213 4
2767 212 11
2768 212 9
2769 217 10
2770 210 4
2771 215 1
2772 216 11
2773 211 9
2774 130 188
2775 130 178
2776 131 182
2777 132 178
2778 138 191
2779 123 189
2780 130 187
2781 123 179
2782 123 175
2783 136 190
2784 136 180
2785 127 187
2786 124 187
2787 129 183
2788 137 177
2789 125 180
2790 123 188
2791 121 187
2792 130 181
2793 120 189
2794 128 189
2795 128 182
2796 125 176
2797 136 174
2798 123 179
2799 128 190
2800 123 188
2801 125 179
2802 131 189
2803 137 183
2804 162 11
2805 166 10
2806 165 0
2807 168 8
2808 172 11
2809 167 4
2810 165 8
2811 161 10
2812 165 5
2813 161 6
2814 172 5
2815 169 7
2816 160 11
2817 170 4
2818 167 7
2819 168 9
2820 168 6
2821 167 2
2822 160 3
2823 166 1
2824 170 5
2825 163 6
2826 172 2
2827 171 6
2828 168 4
2829 163 9
2830 173 11
2831 172 11
2832 168 2
2833 225 3
2834 240 10
2835 226 4
2836 233 7
2837 228 4
2838 225 10
2839 234 2
2840 232 5
2841 228 9
2842 229 1
2843 237 3
2844 236 7
2845 240 11
2846 234 1
2847 241 2
2848 227 9
2849 238 11
2850 231 6
2851 233 3
2852 228 9
2853 235 10
2854 226 5
2855 233 6
2856 240 10
2857 241 0
2858 233 5
2859 234 3
2860 230 0
2861 235 11
2862 41 119
2863 34 106
2864 37 105
2865 36 107
2866 34 110
2867 35 104
2868 47 113
2869 32 112
2870 37 108
2871 39 118
2872 38 119
2873 43 108
2874 44 117
2875 47 106
2876 45 116
2877 38 118
2878 35 115
2879 35 113
2880 38 109
2881 45 112
2882 43 109
2883 37 104
2884 33 113
2885 38 112
2886 33 106
2887 47 110
2888 35 109
2889 44 117
2890 40 109
2891 34 110
2892 137 11
2893 125 10
2894 130 9
2895 121 3
2896 126 9
2897 136 9
2898 124 9
2899 120 3
2900 129 6
2901 126 10
2902 122 4
2903 124 5
2904 126 0
2905 132 2
2906 124 4
2907 120 4
2908 129 10
2909 135 2
2910 137 4
2911 124 5
2912 133 1
2913 131 4
2914 124 10
2915 124 8
2916 132 6
2917 131 5
2918 122 7
2919 129 3
2920 128 10
2921 77 66
2922 81 82
2923 74 75
2924 81 75
2925 80 83
2926 66 67
2927 75 79
2928 70 72
2929 75 78
2930 74 81
2931 74 76
2932 79 80
2933 70 69
2934 74 75
2935 75 73
2936 77 74
2937 71 68
2938 68 69
2939 66 82
2940 69 70
2941 83 81
