215 237 10 2869
0 3
1 8
2 8
3 9
4 5
5 7
6 9
7 9
8 8
9 9
10 8
11 9
12 3
13 3
14 3
15 4
16 3
17 3
18 3
19 4
20 3
21 3
22 3
23 3
24 3
25 7
26 3
27 3
28 3
29 3
30 3
31 3
32 3
33 3
34 5
35 4
36 4
37 4
38 4
39 3
40 3
41 4
42 3
43 3
44 3
45 3
46 3
47 3
48 3
49 3
50 4
51 3
52 4
53 5
54 5
55 3
56 3
57 3
58 3
59 5
60 3
61 3
62 3
63 5
64 4
65 3
66 3
67 3
68 3
69 3
70 3
71 4
72 4
73 3
74 3
75 3
76 3
77 7
78 3
79 3
80 3
81 3
82 3
83 4
84 3
85 5
86 5
87 3
88 3
89 3
90 3
91 3
92 3
93 3
94 3
95 3
96 6
97 5
98 3
99 3
100 3
101 3
102 3
103 3
104 3
105 3
106 4
107 3
108 3
109 4
110 3
111 4
112 3
113 4
114 3
115 3
116 3
117 3
118 3
119 3
120 3
121 3
122 3
123 4
124 3
125 3
126 5
127 3
128 5
129 4
130 5
131 3
132 3
133 4
134 3
135 5
136 4
137 3
138 3
139 3
140 3
141 3
142 4
143 4
144 3
145 3
146 3
147 4
148 3
149 4
150 3
151 4
152 4
153 3
154 3
155 5
156 3
157 3
158 3
159 3
160 3
161 3
162 4
163 3
164 4
165 5
166 3
167 3
168 3
169 3
170 3
171 4
172 4
173 3
174 3
175 3
176 3
177 5
178 4
179 5
180 3
181 3
182 4
183 3
184 4
185 5
186 4
187 4
188 4
189 3
190 3
191 3
192 3
193 3
194 3
195 3
196 4
197 3
198 3
199 5
200 4
201 3
202 4
203 4
204 3
205 3
206 3
207 3
208 3
209 4
210 3
211 3
212 5
213 4
214 3
0 0 3
1 1 2
2 1 3
3 1 5
4 1 6
5 1 8
6 1 10
7 1 11
8 1 199
9 2 3
10 2 6
11 2 7
12 2 9
13 2 28
14 2 79
15 3 7
16 3 9
17 3 10
18 3 11
19 3 46
20 3 184
21 4 6
22 4 10
23 4 11
24 4 149
25 5 6
26 5 7
27 5 8
28 5 9
29 5 165
30 6 7
31 6 8
32 6 10
33 7 9
34 7 11
35 7 97
36 7 129
37 8 9
38 8 10
39 8 11
40 9 10
41 9 11
42 9 63
43 9 112
44 10 11
45 11 12
46 12 14
47 12 25
48 13 18
49 14 24
50 15 19
51 15 27
52 16 25
53 17 22
54 18 21
55 18 22
56 19 22
57 19 25
58 20 25
59 23 24
60 25 26
61 28 45
62 29 35
63 29 45
64 30 36
65 31 32
66 32 37
67 33 41
68 33 42
69 34 36
70 34 43
71 34 44
72 35 42
73 36 38
74 37 41
75 38 40
76 39 44
77 39 45
78 46 59
79 47 49
80 47 53
81 48 53
82 48 54
83 50 52
84 50 53
85 51 57
86 51 58
87 52 60
88 54 55
89 54 59
90 55 56
91 58 59
92 59 62
93 60 61
94 63 71
95 63 77
96 64 70
97 64 76
98 65 75
99 65 77
100 66 72
101 67 71
102 68 77
103 69 75
104 72 73
105 72 77
106 73 76
107 74 76
108 77 78
109 79 91
110 79 86
111 80 93
112 81 90
113 81 85
114 81 96
115 82 83
116 83 86
117 83 95
118 83 85
119 84 96
120 85 87
121 86 89
122 88 96
123 90 92
124 91 93
125 94 96
126 97 100
127 97 103
128 97 102
129 98 103
130 99 109
131 101 102
132 101 111
133 104 108
134 105 110
135 106 108
136 106 109
137 106 107
138 107 110
139 107 111
140 112 113
141 113 119
142 113 123
143 114 128
144 115 121
145 116 119
146 117 126
147 118 126
148 120 123
149 121 124
150 121 126
151 122 128
152 123 126
153 123 128
154 124 125
155 124 127
156 129 130
157 129 135
158 129 133
159 130 137
160 130 143
161 131 138
162 131 146
163 132 145
164 132 142
165 133 134
166 133 148
167 135 139
168 135 144
169 135 136
170 136 147
171 138 142
172 140 141
173 141 147
174 143 146
175 149 152
176 149 158
177 149 160
178 150 156
179 151 155
180 151 163
181 151 164
182 152 156
183 153 162
184 154 164
185 155 159
186 155 161
187 155 157
188 157 162
189 160 162
190 165 173
191 165 179
192 166 180
193 167 180
194 167 176
195 168 174
196 168 172
197 169 178
198 170 177
199 171 175
200 171 179
201 171 178
202 172 180
203 176 179
204 177 182
205 177 178
206 178 183
207 181 182
208 184 186
209 185 192
210 185 187
211 185 197
212 186 196
213 187 194
214 187 196
215 188 189
216 188 193
217 189 195
218 190 192
219 191 197
220 193 194
221 197 198
222 199 212
223 199 209
224 200 209
225 200 214
226 201 202
227 201 203
228 202 204
229 203 206
230 203 213
231 205 208
232 207 209
233 208 214
234 210 214
235 211 212
236 212 213
0 38 132
1 29 141
2 42 148
3 38 137
4 36 145
5 41 134
6 31 135
7 41 140
8 28 145
9 38 134
10 32 142
11 40 138
12 28 139
13 39 137
14 38 137
15 28 134
16 44 146
17 40 130
18 30 139
19 39 140
20 44 147
21 28 134
22 40 146
23 37 135
24 39 134
25 35 147
26 35 136
27 44 129
28 41 139
29 31 136
30 167 47
31 165 49
32 167 49
33 176 59
34 170 55
35 172 61
36 175 54
37 183 47
38 165 50
39 171 59
40 183 61
41 176 56
42 168 47
43 170 57
44 175 46
45 173 61
46 169 54
47 166 60
48 183 59
49 181 51
50 168 53
51 166 61
52 168 58
53 183 60
54 173 61
55 182 57
56 178 61
57 168 50
58 179 50
59 178 57
60 205 99
61 204 102
62 204 110
63 214 109
64 200 102
65 202 97
66 203 106
67 207 97
68 207 108
69 208 102
70 200 99
71 209 111
72 203 102
73 199 103
74 205 98
75 205 104
76 207 103
77 204 102
78 199 109
79 210 99
80 212 103
81 209 102
82 207 109
83 206 106
84 211 103
85 204 110
86 205 98
87 213 105
88 204 107
89 204 101
90 146 197
91 148 193
92 143 193
93 145 196
94 146 194
95 145 195
96 140 196
97 135 186
98 138 197
99 132 186
100 141 185
101 148 186
102 134 185
103 148 187
104 134 192
105 131 198
106 141 198
107 147 185
108 144 194
109 146 194
110 140 190
111 144 191
112 141 198
113 145 195
114 140 194
115 135 195
116 145 198
117 145 196
118 134 196
119 133 193
120 134 138
121 148 147
122 138 135
123 142 136
124 147 143
125 133 146
126 141 134
127 140 143
128 131 140
129 132 129
130 144 140
131 145 134
132 136 131
133 141 135
134 144 132
135 147 146
136 142 144
137 131 133
138 148 137
139 138 134
140 145 140
141 130 148
142 146 129
143 143 140
144 138 145
145 117 23
146 123 18
147 118 14
148 124 16
149 112 26
150 125 18
151 115 15
152 117 18
153 118 19
154 117 16
155 121 12
156 112 26
157 121 27
158 126 14
159 128 16
160 127 27
161 122 21
162 116 21
163 126 22
164 122 26
165 116 23
166 121 16
167 112 12
168 114 16
169 119 19
170 119 13
171 125 16
172 122 19
173 123 16
174 121 26
175 120 42
176 118 41
177 114 37
178 121 38
179 113 34
180 117 39
181 115 40
182 118 29
183 121 45
184 116 42
185 117 43
186 126 31
187 127 30
188 122 28
189 122 35
190 126 44
191 112 36
192 113 35
193 128 37
194 117 41
195 127 29
196 112 37
197 113 29
198 112 38
199 113 33
200 114 38
201 127 36
202 121 44
203 114 31
204 116 28
205 46 157
206 48 151
207 59 153
208 50 161
209 56 149
210 61 156
211 55 155
212 53 161
213 47 152
214 54 162
215 59 150
216 62 163
217 47 151
218 54 157
219 61 150
220 62 160
221 49 155
222 49 160
223 62 164
224 60 158
225 54 160
226 54 154
227 54 155
228 60 155
229 48 155
230 56 163
231 48 159
232 54 163
233 61 162
234 51 151
235 108 182
236 108 177
237 104 172
238 109 172
239 97 178
240 109 174
241 107 174
242 109 182
243 111 182
244 105 168
245 101 179
246 110 179
247 105 172
248 103 167
249 102 172
250 104 178
251 101 168
252 99 171
253 100 166
254 107 171
255 111 177
256 105 181
257 109 167
258 109 183
259 102 176
260 101 180
261 107 170
262 104 180
263 101 174
264 101 168
265 89 186
266 96 193
267 86 192
268 84 187
269 92 195
270 81 195
271 90 186
272 94 196
273 80 193
274 90 184
275 87 187
276 84 184
277 81 197
278 94 196
279 88 184
280 90 188
281 90 190
282 84 186
283 88 198
284 90 185
285 84 184
286 89 197
287 89 198
288 92 186
289 82 191
290 95 186
291 89 195
292 88 188
293 79 195
294 82 188
295 6 37
296 10 42
297 5 30
298 4 31
299 4 31
300 8 37
301 3 44
302 5 30
303 6 33
304 2 40
305 1 38
306 8 44
307 4 29
308 2 44
309 10 29
310 5 38
311 0 29
312 10 45
313 4 28
314 6 41
315 11 28
316 8 29
317 4 45
318 2 29
319 9 36
320 5 45
321 7 37
322 11 36
323 40 82
324 32 95
325 45 88
326 34 87
327 28 86
328 35 84
329 37 91
330 36 80
331 43 88
332 41 88
333 41 87
334 35 85
335 30 81
336 34 84
337 41 91
338 30 84
339 33 90
340 31 79
341 31 79
342 45 94
343 45 89
344 40 91
345 43 89
346 42 94
347 42 92
348 43 85
349 30 95
350 37 90
351 41 86
352 38 93
353 207 125
354 212 126
355 211 114
356 210 126
357 203 120
358 200 125
359 210 114
360 202 118
361 214 119
362 199 125
363 199 122
364 204 112
365 211 122
366 203 118
367 213 121
368 213 128
369 206 127
370 200 126
371 214 112
372 213 125
373 199 124
374 207 124
375 213 123
376 206 113
377 201 127
378 208 118
379 200 125
380 206 125
381 208 117
382 202 117
383 141 90
384 130 94
385 145 93
386 146 87
387 140 82
388 131 87
389 147 87
390 140 94
391 142 81
392 148 80
393 134 86
394 142 81
395 133 79
396 131 79
397 148 90
398 139 92
399 138 89
400 145 82
401 138 86
402 148 87
403 139 80
404 138 91
405 129 92
406 129 83
407 139 85
408 146 82
409 140 85
410 131 82
411 135 96
412 142 83
413 212 151
414 209 158
415 212 158
416 203 158
417 205 157
418 206 157
419 208 158
420 208 152
421 210 160
422 212 150
423 199 154
424 213 151
425 203 150
426 213 158
427 210 151
428 206 161
429 209 157
430 202 156
431 206 160
432 211 164
433 213 154
434 199 156
435 203 161
436 213 160
437 208 157
438 205 156
439 208 160
440 214 154
441 212 149
442 205 158
443 138 21
444 130 14
445 148 22
446 135 13
447 143 21
448 131 22
449 145 14
450 147 18
451 134 23
452 148 17
453 139 18
454 146 16
455 147 22
456 145 14
457 135 21
458 130 27
459 129 12
460 135 18
461 137 23
462 136 27
463 129 16
464 134 26
465 130 25
466 136 13
467 143 17
468 135 23
469 135 12
470 132 15
471 133 17
472 146 21
473 65 164
474 73 160
475 74 163
476 66 161
477 76 157
478 76 164
479 77 156
480 74 154
481 70 164
482 65 152
483 67 149
484 75 156
485 63 161
486 63 152
487 74 162
488 67 162
489 74 154
490 73 162
491 69 164
492 66 159
493 71 153
494 77 152
495 65 151
496 78 155
497 67 163
498 70 150
499 72 152
500 76 157
501 65 159
502 64 153
503 77 86
504 64 79
505 77 86
506 75 80
507 74 95
508 67 86
509 74 83
510 70 83
511 75 80
512 71 87
513 67 88
514 71 91
515 63 91
516 71 90
517 67 96
518 77 89
519 71 90
520 72 80
521 67 79
522 66 86
523 75 93
524 69 87
525 67 80
526 71 90
527 66 81
528 72 80
529 66 90
530 68 90
531 64 86
532 69 83
533 11 20
534 0 15
535 1 13
536 6 27
537 7 22
538 5 21
539 6 25
540 7 17
541 0 27
542 8 23
543 2 21
544 9 25
545 1 13
546 9 21
547 1 26
548 10 18
549 6 13
550 8 24
551 4 21
552 5 27
553 3 16
554 8 23
555 11 20
556 5 14
557 1 24
558 5 13
559 1 17
560 0 15
561 9 25
562 205 17
563 206 22
564 208 15
565 212 20
566 208 12
567 206 22
568 207 26
569 201 21
570 205 22
571 210 15
572 199 22
573 210 13
574 212 20
575 203 23
576 199 17
577 200 17
578 200 25
579 209 24
580 214 13
581 213 17
582 213 15
583 213 17
584 207 24
585 212 23
586 199 22
587 209 18
588 213 18
589 205 27
590 210 12
591 203 25
592 110 8
593 105 5
594 99 11
595 106 7
596 111 5
597 110 0
598 106 6
599 110 4
600 107 7
601 107 4
602 107 2
603 107 5
604 105 9
605 103 0
606 103 5
607 101 8
608 101 1
609 109 7
610 110 0
611 99 3
612 104 10
613 106 7
614 104 9
615 111 10
616 110 2
617 109 1
618 107 4
619 111 3
620 109 8
621 193 0
622 185 4
623 190 8
624 193 0
625 196 8
626 195 9
627 198 2
628 186 6
629 197 0
630 197 7
631 188 8
632 194 3
633 184 4
634 186 1
635 197 10
636 187 2
637 188 10
638 190 4
639 192 11
640 198 11
641 195 8
642 196 0
643 194 4
644 198 3
645 189 6
646 191 3
647 191 1
648 191 1
649 189 2
650 195 0
651 91 11
652 85 5
653 84 2
654 85 5
655 90 10
656 95 3
657 83 8
658 92 5
659 89 9
660 89 9
661 83 5
662 95 0
663 89 6
664 79 5
665 96 1
666 92 3
667 88 7
668 91 1
669 88 1
670 80 2
671 94 10
672 83 8
673 94 2
674 82 11
675 84 3
676 79 8
677 91 7
678 96 1
679 85 1
680 81 6
681 130 56
682 146 53
683 140 61
684 135 56
685 140 50
686 133 54
687 148 55
688 146 57
689 130 47
690 140 47
691 130 55
692 137 52
693 132 62
694 132 55
695 140 47
696 148 56
697 143 60
698 143 49
699 135 51
700 138 51
701 147 55
702 146 50
703 137 53
704 132 48
705 140 59
706 141 59
707 145 57
708 133 46
709 147 60
710 141 55
711 30 203
712 32 208
713 44 211
714 39 208
715 36 204
716 30 200
717 42 210
718 29 201
719 33 211
720 39 211
721 31 202
722 37 214
723 36 211
724 28 205
725 41 210
726 45 211
727 39 212
728 31 211
729 32 212
730 40 205
731 28 214
732 29 211
733 36 205
734 36 204
735 45 203
736 36 211
737 32 203
738 43 210
739 36 212
740 34 214
741 150 172
742 161 176
743 158 173
744 152 175
745 152 166
746 149 166
747 161 180
748 156 168
749 152 166
750 159 166
751 151 176
752 155 180
753 153 177
754 159 176
755 150 177
756 163 165
757 160 170
758 164 168
759 152 174
760 160 172
761 154 165
762 155 183
763 160 180
764 157 170
765 158 179
766 159 172
767 156 165
768 155 177
769 151 179
770 155 173
771 193 213
772 197 208
773 186 212
774 190 204
775 198 204
776 196 214
777 184 210
778 195 207
779 196 211
780 186 206
781 188 208
782 189 214
783 185 202
784 196 199
785 198 210
786 185 199
787 190 202
788 191 199
789 192 199
790 191 203
791 190 204
792 189 202
793 189 203
794 188 214
795 192 199
796 188 202
797 196 200
798 195 201
799 198 205
800 198 204
801 81 113
802 86 123
803 79 123
804 96 121
805 82 121
806 87 124
807 89 117
808 92 118
809 87 126
810 81 117
811 89 117
812 94 119
813 89 119
814 90 128
815 79 120
816 96 116
817 79 125
818 93 119
819 80 121
820 93 125
821 85 121
822 84 117
823 95 128
824 88 127
825 86 123
826 90 126
827 95 120
828 95 118
829 83 122
830 79 117
831 90 151
832 91 158
833 84 158
834 92 156
835 96 161
836 96 152
837 88 164
838 84 152
839 95 154
840 81 154
841 87 159
842 84 152
843 80 161
844 80 164
845 91 152
846 85 155
847 82 154
848 81 155
849 87 158
850 81 156
851 91 164
852 91 151
853 91 162
854 87 149
855 79 163
856 96 150
857 93 156
858 83 158
859 87 164
860 85 162
861 129 75
862 143 71
863 140 64
864 134 63
865 134 78
866 141 63
867 135 78
868 146 74
869 131 71
870 138 71
871 143 64
872 131 70
873 141 66
874 133 66
875 146 72
876 137 69
877 140 72
878 129 68
879 130 74
880 141 66
881 138 76
882 145 77
883 129 67
884 137 70
885 131 78
886 147 69
887 146 70
888 141 68
889 131 69
890 148 72
891 130 46
892 134 55
893 135 56
894 137 59
895 140 58
896 134 49
897 132 58
898 147 51
899 133 54
900 145 48
901 134 50
902 132 59
903 136 47
904 136 52
905 132 58
906 146 51
907 139 49
908 139 53
909 133 52
910 148 47
911 136 56
912 147 62
913 136 51
914 143 55
915 141 48
916 139 50
917 133 51
918 134 49
919 134 50
920 145 50
921 203 142
922 210 139
923 212 129
924 212 143
925 203 134
926 208 135
927 203 140
928 199 136
929 205 133
930 214 139
931 210 144
932 214 134
933 208 132
934 200 131
935 204 139
936 213 137
937 205 135
938 203 146
939 208 142
940 210 145
941 206 143
942 202 146
943 205 138
944 202 134
945 207 143
946 205 132
947 205 143
948 202 133
949 204 140
950 212 147
951 106 10
952 108 8
953 107 7
954 107 7
955 108 4
956 110 11
957 109 8
958 108 8
959 98 9
960 97 0
961 107 6
962 110 6
963 105 9
964 108 11
965 107 3
966 105 9
967 98 6
968 100 0
969 104 5
970 105 11
971 103 11
972 100 0
973 110 6
974 103 2
975 109 0
976 99 0
977 100 11
978 103 8
979 108 8
980 106 113
981 107 122
982 109 113
983 105 113
984 108 120
985 109 115
986 98 122
987 101 121
988 109 120
989 108 124
990 104 121
991 110 128
992 97 126
993 98 117
994 106 122
995 109 118
996 101 127
997 98 120
998 102 126
999 108 126
1000 111 122
1001 101 122
1002 108 125
1003 111 113
1004 97 121
1005 105 122
1006 108 128
1007 100 116
1008 100 118
1009 108 128
1010 87 146
1011 90 129
1012 81 141
1013 91 139
1014 87 143
1015 90 138
1016 96 137
1017 85 141
1018 94 135
1019 81 143
1020 88 147
1021 87 142
1022 82 138
1023 85 130
1024 80 143
1025 92 142
1026 84 146
1027 83 144
1028 83 138
1029 94 142
1030 91 130
1031 80 133
1032 84 135
1033 80 143
1034 84 135
1035 86 137
1036 89 136
1037 88 129
1038 95 129
1039 90 136
1040 119 67
1041 128 77
1042 127 73
1043 115 73
1044 127 64
1045 114 64
1046 126 65
1047 114 77
1048 128 65
1049 122 63
1050 126 65
1051 116 72
1052 128 74
1053 121 73
1054 126 77
1055 112 67
1056 114 64
1057 113 64
1058 125 72
1059 120 67
1060 120 68
1061 124 75
1062 122 75
1063 127 64
1064 121 71
1065 126 71
1066 113 63
1067 121 71
1068 121 71
1069 97 112
1070 101 116
1071 109 114
1072 109 126
1073 106 118
1074 111 128
1075 107 117
1076 103 118
1077 107 123
1078 109 122
1079 108 127
1080 97 115
1081 101 116
1082 100 126
1083 98 128
1084 103 112
1085 103 113
1086 102 115
1087 103 116
1088 110 112
1089 105 127
1090 102 116
1091 106 113
1092 105 117
1093 109 116
1094 97 127
1095 103 121
1096 107 121
1097 102 123
1098 109 125
1099 205 195
1100 213 193
1101 203 194
1102 208 197
1103 212 189
1104 203 196
1105 213 198
1106 207 186
1107 213 184
1108 214 193
1109 208 185
1110 207 191
1111 208 196
1112 206 187
1113 206 196
1114 210 185
1115 200 196
1116 199 194
1117 207 189
1118 211 186
1119 213 184
1120 205 198
1121 201 184
1122 211 185
1123 209 193
1124 210 185
1125 214 189
1126 208 188
1127 214 198
1128 201 186
1129 41 160
1130 43 158
1131 32 160
1132 34 159
1133 36 158
1134 28 153
1135 38 157
1136 28 149
1137 31 159
1138 34 149
1139 35 155
1140 42 152
1141 33 162
1142 28 155
1143 31 158
1144 44 163
1145 33 152
1146 35 156
1147 33 152
1148 42 151
1149 32 149
1150 42 162
1151 36 158
1152 37 154
1153 34 154
1154 38 162
1155 33 152
1156 34 161
1157 30 159
1158 35 155
1159 159 25
1160 161 26
1161 156 25
1162 154 16
1163 162 24
1164 154 22
1165 158 24
1166 156 21
1167 163 14
1168 156 12
1169 163 20
1170 153 26
1171 159 15
1172 149 26
1173 151 18
1174 150 15
1175 158 25
1176 159 15
1177 160 15
1178 154 23
1179 157 13
1180 160 26
1181 155 16
1182 160 14
1183 162 19
1184 156 14
1185 160 25
1186 163 20
1187 150 21
1188 158 17
1189 40 2
1190 35 6
1191 34 5
1192 29 2
1193 30 2
1194 31 0
1195 39 0
1196 34 11
1197 41 5
1198 43 4
1199 45 9
1200 42 4
1201 36 0
1202 40 11
1203 36 11
1204 32 6
1205 34 1
1206 38 1
1207 31 11
1208 40 1
1209 40 6
1210 31 5
1211 35 0
1212 30 3
1213 35 10
1214 45 9
1215 42 1
1216 28 0
1217 35 7
1218 128 60
1219 115 50
1220 117 55
1221 120 61
1222 114 49
1223 126 50
1224 119 53
1225 122 59
1226 113 57
1227 125 59
1228 118 62
1229 115 49
1230 125 55
1231 116 59
1232 113 57
1233 124 47
1234 123 60
1235 124 62
1236 121 60
1237 127 55
1238 118 47
1239 115 56
1240 112 58
1241 112 47
1242 117 48
1243 128 49
1244 119 54
1245 125 53
1246 113 59
1247 115 62
1248 154 195
1249 150 196
1250 159 193
1251 163 185
1252 149 196
1253 162 188
1254 152 193
1255 152 194
1256 158 196
1257 149 185
1258 156 191
1259 149 187
1260 157 184
1261 158 184
1262 155 193
1263 156 185
1264 151 193
1265 154 192
1266 155 196
1267 151 186
1268 149 196
1269 163 188
1270 150 195
1271 152 195
1272 160 191
1273 164 196
1274 160 196
1275 155 191
1276 153 193
1277 160 192
1278 167 30
1279 178 41
1280 174 36
1281 173 39
1282 173 42
1283 166 43
1284 183 42
1285 177 39
1286 171 28
1287 180 30
1288 183 45
1289 166 36
1290 170 42
1291 169 37
1292 167 35
1293 170 43
1294 174 32
1295 170 37
1296 181 29
1297 168 33
1298 181 42
1299 175 42
1300 170 30
1301 182 31
1302 176 45
1303 166 38
1304 174 36
1305 169 32
1306 177 35
1307 180 42
1308 25 70
1309 23 75
1310 23 77
1311 24 78
1312 13 64
1313 22 63
1314 18 70
1315 25 67
1316 20 75
1317 25 64
1318 20 69
1319 26 67
1320 14 73
1321 18 66
1322 26 69
1323 25 75
1324 15 72
1325 12 67
1326 24 77
1327 24 72
1328 13 72
1329 13 63
1330 13 78
1331 16 77
1332 25 65
1333 23 78
1334 15 78
1335 27 68
1336 18 70
1337 13 75
1338 205 203
1339 200 201
1340 203 210
1341 208 203
1342 203 211
1343 207 205
1344 200 201
1345 211 200
1346 202 199
1347 203 204
1348 209 202
1349 206 209
1350 209 202
1351 202 199
1352 213 207
1353 200 213
1354 179 16
1355 176 13
1356 171 13
1357 176 19
1358 183 25
1359 172 16
1360 172 21
1361 180 18
1362 181 20
1363 169 14
1364 180 19
1365 176 16
1366 167 13
1367 174 16
1368 172 14
1369 175 18
1370 176 12
1371 167 15
1372 177 14
1373 170 27
1374 168 15
1375 175 14
1376 183 15
1377 181 24
1378 168 23
1379 165 13
1380 171 15
1381 168 21
1382 182 13
1383 179 27
1384 101 1
1385 111 11
1386 98 3
1387 107 8
1388 109 11
1389 107 11
1390 99 9
1391 103 3
1392 99 0
1393 103 5
1394 101 4
1395 107 10
1396 110 11
1397 100 3
1398 107 6
1399 102 6
1400 104 5
1401 111 0
1402 104 11
1403 107 7
1404 107 7
1405 106 2
1406 110 3
1407 105 8
1408 104 7
1409 103 6
1410 101 4
1411 106 10
1412 104 2
1413 0 191
1414 11 196
1415 1 190
1416 5 187
1417 5 193
1418 10 190
1419 7 194
1420 8 197
1421 0 188
1422 1 191
1423 11 192
1424 7 191
1425 3 192
1426 7 193
1427 4 188
1428 11 197
1429 3 185
1430 0 191
1431 9 190
1432 7 189
1433 5 195
1434 11 186
1435 10 194
1436 5 190
1437 5 184
1438 4 198
1439 3 196
1440 5 198
1441 0 190
1442 202 135
1443 213 136
1444 207 130
1445 214 137
1446 208 141
1447 213 137
1448 207 129
1449 205 137
1450 199 136
1451 206 148
1452 211 147
1453 211 138
1454 214 133
1455 214 130
1456 199 146
1457 205 134
1458 209 144
1459 214 130
1460 213 133
1461 199 148
1462 199 143
1463 206 139
1464 200 133
1465 201 136
1466 212 136
1467 205 147
1468 202 140
1469 209 131
1470 211 129
1471 208 146
1472 165 17
1473 171 12
1474 168 20
1475 166 12
1476 173 24
1477 171 13
1478 166 27
1479 180 19
1480 169 27
1481 178 27
1482 178 16
1483 175 13
1484 170 13
1485 176 21
1486 173 23
1487 180 21
1488 176 14
1489 167 14
1490 166 14
1491 180 19
1492 182 18
1493 182 26
1494 165 18
1495 183 13
1496 174 14
1497 183 16
1498 169 18
1499 170 26
1500 165 20
1501 177 13
1502 169 82
1503 165 82
1504 172 79
1505 179 80
1506 169 94
1507 166 81
1508 166 90
1509 179 88
1510 177 82
1511 183 85
1512 183 91
1513 174 84
1514 165 79
1515 174 81
1516 174 92
1517 176 83
1518 180 79
1519 171 89
1520 173 86
1521 167 89
1522 170 91
1523 179 83
1524 182 88
1525 170 96
1526 179 79
1527 177 84
1528 183 91
1529 171 87
1530 174 79
1531 168 86
1532 113 214
1533 123 206
1534 124 209
1535 123 211
1536 116 211
1537 126 213
1538 114 207
1539 112 199
1540 112 199
1541 128 203
1542 119 201
1543 112 202
1544 112 213
1545 113 214
1546 113 201
1547 128 205
1548 126 205
1549 124 209
1550 115 199
1551 123 207
1552 123 205
1553 119 203
1554 116 199
1555 121 204
1556 128 208
1557 116 204
1558 119 202
1559 127 214
1560 112 212
1561 128 206
1562 122 206
1563 127 211
1564 119 206
1565 114 209
1566 117 211
1567 127 205
1568 127 202
1569 120 205
1570 119 214
1571 114 214
1572 122 201
1573 128 209
1574 119 203
1575 123 210
1576 118 213
1577 114 201
1578 123 206
1579 125 209
1580 114 204
1581 112 213
1582 113 210
1583 114 200
1584 119 211
1585 128 209
1586 119 202
1587 122 208
1588 124 199
1589 113 210
1590 115 203
1591 121 206
1592 84 102
1593 86 99
1594 92 97
1595 88 106
1596 83 97
1597 85 97
1598 89 105
1599 81 107
1600 85 103
1601 89 103
1602 84 97
1603 82 107
1604 80 105
1605 86 104
1606 90 100
1607 86 97
1608 94 98
1609 85 103
1610 79 110
1611 84 98
1612 89 97
1613 96 108
1614 86 106
1615 94 110
1616 84 98
1617 79 100
1618 87 106
1619 82 103
1620 80 106
1621 91 111
1622 153 50
1623 163 60
1624 153 48
1625 162 58
1626 154 59
1627 153 46
1628 152 58
1629 156 57
1630 153 49
1631 158 58
1632 154 56
1633 161 51
1634 151 60
1635 150 49
1636 153 48
1637 160 58
1638 161 58
1639 156 59
1640 162 49
1641 152 55
1642 149 50
1643 158 55
1644 163 47
1645 163 60
1646 162 51
1647 150 47
1648 153 46
1649 150 58
1650 153 51
1651 149 51
1652 117 30
1653 115 28
1654 115 36
1655 127 44
1656 123 36
1657 124 32
1658 126 38
1659 123 29
1660 120 45
1661 116 36
1662 124 45
1663 121 34
1664 117 29
1665 120 41
1666 117 45
1667 118 28
1668 115 30
1669 115 41
1670 113 35
1671 122 44
1672 117 28
1673 123 38
1674 121 32
1675 127 32
1676 128 41
1677 115 41
1678 127 39
1679 115 30
1680 117 31
1681 114 44
1682 143 201
1683 132 207
1684 144 201
1685 140 208
1686 140 211
1687 131 200
1688 140 210
1689 135 204
1690 135 209
1691 137 209
1692 137 211
1693 141 208
1694 136 208
1695 135 209
1696 144 203
1697 134 203
1698 134 207
1699 148 205
1700 139 200
1701 148 201
1702 132 207
1703 146 210
1704 142 213
1705 140 211
1706 131 208
1707 146 206
1708 143 208
1709 141 210
1710 133 205
1711 139 210
1712 7 125
1713 10 127
1714 1 112
1715 4 115
1716 2 121
1717 7 119
1718 3 114
1719 5 123
1720 2 122
1721 1 126
1722 11 123
1723 5 117
1724 2 116
1725 9 128
1726 9 121
1727 2 128
1728 4 114
1729 4 124
1730 11 117
1731 2 124
1732 4 128
1733 2 115
1734 4 119
1735 2 126
1736 9 120
1737 2 124
1738 10 121
1739 4 121
1740 84 76
1741 89 72
1742 86 71
1743 93 69
1744 95 70
1745 86 72
1746 82 67
1747 84 78
1748 85 68
1749 94 65
1750 92 74
1751 80 66
1752 94 70
1753 91 65
1754 96 73
1755 80 74
1756 89 66
1757 80 77
1758 95 77
1759 93 68
1760 88 74
1761 80 68
1762 81 70
1763 84 75
1764 83 77
1765 85 69
1766 79 64
1767 88 78
1768 81 63
1769 94 72
1770 23 15
1771 15 24
1772 18 15
1773 17 23
1774 20 17
1775 17 26
1776 27 13
1777 14 26
1778 20 14
1779 17 15
1780 17 26
1781 21 20
1782 27 23
1783 23 20
1784 18 25
1785 23 26
1786 25 24
1787 13 14
1788 24 13
1789 160 85
1790 150 91
1791 153 94
1792 164 84
1793 157 96
1794 163 87
1795 156 79
1796 153 85
1797 152 95
1798 151 88
1799 155 93
1800 158 80
1801 150 85
1802 158 95
1803 158 88
1804 150 86
1805 157 90
1806 152 92
1807 160 92
1808 164 81
1809 150 81
1810 155 85
1811 157 79
1812 155 81
1813 154 93
1814 154 90
1815 160 93
1816 159 95
1817 162 95
1818 155 85
1819 69 14
1820 78 13
1821 74 12
1822 68 22
1823 66 15
1824 68 24
1825 78 13
1826 66 16
1827 63 23
1828 68 12
1829 63 27
1830 68 20
1831 71 22
1832 77 12
1833 78 26
1834 72 19
1835 75 19
1836 74 12
1837 66 17
1838 76 12
1839 78 19
1840 72 15
1841 66 14
1842 73 27
1843 67 14
1844 65 18
1845 71 24
1846 74 23
1847 63 19
1848 66 22
1849 53 19
1850 48 25
1851 52 21
1852 52 24
1853 52 13
1854 62 16
1855 61 13
1856 53 21
1857 49 14
1858 48 24
1859 48 13
1860 48 24
1861 53 15
1862 55 22
1863 46 12
1864 61 20
1865 46 24
1866 56 27
1867 58 26
1868 61 24
1869 61 26
1870 56 25
1871 53 17
1872 58 27
1873 62 22
1874 49 21
1875 47 25
1876 50 16
1877 55 26
1878 59 20
1879 38 107
1880 34 98
1881 45 108
1882 28 101
1883 33 107
1884 39 105
1885 31 99
1886 43 105
1887 40 111
1888 43 107
1889 36 108
1890 43 106
1891 45 106
1892 40 103
1893 41 106
1894 38 110
1895 38 97
1896 34 105
1897 29 102
1898 45 102
1899 38 97
1900 43 108
1901 34 102
1902 35 98
1903 40 101
1904 37 103
1905 32 105
1906 38 97
1907 43 106
1908 44 107
1909 4 48
1910 10 52
1911 2 51
1912 6 61
1913 4 47
1914 1 59
1915 2 58
1916 5 60
1917 9 51
1918 2 62
1919 9 61
1920 8 56
1921 2 50
1922 2 53
1923 5 56
1924 4 61
1925 4 50
1926 7 55
1927 11 57
1928 0 56
1929 4 54
1930 6 51
1931 0 49
1932 2 48
1933 2 56
1934 7 59
1935 8 50
1936 7 61
1937 6 53
1938 105 35
1939 110 41
1940 101 30
1941 101 33
1942 109 37
1943 99 40
1944 108 44
1945 102 34
1946 107 32
1947 111 29
1948 99 38
1949 110 28
1950 98 28
1951 104 38
1952 98 42
1953 107 44
1954 106 39
1955 104 45
1956 104 44
1957 108 29
1958 108 34
1959 101 38
1960 111 30
1961 98 37
1962 104 32
1963 104 33
1964 111 31
1965 104 28
1966 103 44
1967 108 37
1968 182 183
1969 165 167
1970 169 179
1971 178 168
1972 183 179
1973 177 167
1974 172 170
1975 174 179
1976 174 173
1977 165 175
1978 167 168
1979 166 165
1980 182 168
1981 181 178
1982 178 180
1983 174 170
1984 177 180
1985 179 166
1986 172 181
1987 166 171
1988 176 183
1989 186 195
1990 187 184
1991 184 195
1992 191 194
1993 193 190
1994 188 187
1995 185 184
1996 186 198
1997 185 193
1998 194 192
1999 189 185
2000 192 193
2001 195 194
2002 185 184
2003 192 184
2004 186 190
2005 191 195
2006 194 189
2007 196 192
2008 126 70
2009 117 71
2010 113 65
2011 119 75
2012 117 74
2013 118 68
2014 115 65
2015 120 67
2016 115 64
2017 121 70
2018 120 68
2019 117 68
2020 127 74
2021 126 68
2022 124 76
2023 116 70
2024 124 70
2025 114 75
2026 121 78
2027 127 70
2028 117 67
2029 122 74
2030 127 71
2031 123 70
2032 114 68
2033 112 78
2034 112 78
2035 121 66
2036 126 71
2037 125 70
2038 30 137
2039 37 131
2040 44 141
2041 33 130
2042 31 130
2043 34 148
2044 30 138
2045 39 130
2046 44 133
2047 28 138
2048 32 129
2049 40 148
2050 37 141
2051 37 137
2052 33 145
2053 29 131
2054 36 142
2055 29 134
2056 29 137
2057 40 146
2058 32 139
2059 35 136
2060 34 130
2061 45 130
2062 37 131
2063 34 140
2064 34 136
2065 33 143
2066 35 135
2067 43 139
2068 154 103
2069 156 99
2070 151 102
2071 158 107
2072 154 103
2073 150 105
2074 154 105
2075 158 108
2076 149 97
2077 159 101
2078 152 102
2079 150 108
2080 151 111
2081 150 105
2082 149 100
2083 151 103
2084 153 104
2085 149 102
2086 155 105
2087 157 99
2088 151 110
2089 149 106
2090 149 106
2091 155 107
2092 163 104
2093 150 109
2094 154 107
2095 160 97
2096 154 100
2097 156 102
2098 36 12
2099 29 15
2100 33 21
2101 35 24
2102 38 17
2103 38 23
2104 31 23
2105 37 26
2106 30 19
2107 39 20
2108 42 13
2109 40 15
2110 35 17
2111 30 21
2112 41 21
2113 30 14
2114 37 24
2115 33 14
2116 42 17
2117 32 16
2118 29 24
2119 29 26
2120 37 17
2121 32 14
2122 41 26
2123 36 24
2124 28 13
2125 44 12
2126 41 18
2127 44 17
2128 138 187
2129 138 197
2130 135 192
2131 138 198
2132 130 186
2133 131 197
2134 139 196
2135 146 197
2136 144 191
2137 141 189
2138 140 186
2139 133 194
2140 140 196
2141 148 186
2142 141 190
2143 144 191
2144 139 194
2145 135 189
2146 135 191
2147 134 196
2148 130 197
2149 135 198
2150 132 196
2151 133 187
2152 147 191
2153 131 186
2154 138 190
2155 145 194
2156 142 191
2157 134 184
2158 99 84
2159 105 87
2160 109 79
2161 102 84
2162 97 93
2163 101 84
2164 98 89
2165 105 82
2166 103 94
2167 104 79
2168 111 87
2169 101 87
2170 106 84
2171 97 84
2172 109 91
2173 101 81
2174 109 83
2175 98 96
2176 108 89
2177 105 94
2178 111 91
2179 104 91
2180 110 87
2181 107 83
2182 100 83
2183 98 85
2184 108 86
2185 109 93
2186 102 94
2187 104 83
2188 92 32
2189 84 42
2190 96 43
2191 90 40
2192 92 34
2193 93 41
2194 87 36
2195 88 44
2196 94 33
2197 85 28
2198 80 32
2199 94 41
2200 81 36
2201 80 34
2202 91 39
2203 85 37
2204 80 31
2205 89 30
2206 96 40
2207 91 38
2208 92 43
2209 87 43
2210 79 33
2211 86 28
2212 94 44
2213 82 44
2214 79 32
2215 89 35
2216 81 39
2217 79 41
2218 28 38
2219 33 39
2220 36 32
2221 36 41
2222 33 36
2223 36 37
2224 32 33
2225 30 28
2226 35 40
2227 36 37
2228 43 42
2229 33 39
2230 32 36
2231 45 40
2232 29 41
2233 33 40
2234 111 9
2235 109 1
2236 108 11
2237 99 3
2238 107 7
2239 98 8
2240 99 2
2241 99 9
2242 109 10
2243 110 7
2244 102 8
2245 107 5
2246 110 10
2247 109 7
2248 101 10
2249 100 6
2250 108 1
2251 107 0
2252 104 9
2253 110 10
2254 103 11
2255 102 5
2256 100 1
2257 100 6
2258 104 5
2259 99 1
2260 103 0
2261 109 8
2262 4 117
2263 2 128
2264 9 125
2265 0 117
2266 1 122
2267 11 117
2268 0 127
2269 8 121
2270 9 125
2271 9 121
2272 11 127
2273 4 120
2274 1 123
2275 5 120
2276 8 128
2277 4 113
2278 8 119
2279 0 123
2280 0 121
2281 4 118
2282 8 117
2283 1 112
2284 5 124
2285 9 117
2286 6 117
2287 5 123
2288 11 115
2289 0 127
2290 5 117
2291 10 114
2292 44 7
2293 29 1
2294 29 2
2295 29 8
2296 41 2
2297 43 11
2298 31 4
2299 33 8
2300 31 6
2301 32 0
2302 28 11
2303 43 4
2304 41 3
2305 31 3
2306 31 0
2307 40 11
2308 33 5
2309 30 4
2310 28 8
2311 44 9
2312 39 10
2313 29 11
2314 29 4
2315 41 7
2316 35 5
2317 40 5
2318 31 9
2319 36 9
2320 39 7
2321 39 11
2322 149 139
2323 162 136
2324 154 139
2325 153 142
2326 154 139
2327 151 136
2328 159 135
2329 159 134
2330 161 132
2331 160 145
2332 157 133
2333 153 139
2334 154 130
2335 150 130
2336 153 130
2337 163 132
2338 152 138
2339 160 140
2340 164 136
2341 151 138
2342 153 140
2343 151 135
2344 157 134
2345 159 137
2346 157 129
2347 159 144
2348 162 145
2349 157 131
2350 150 145
2351 163 145
2352 189 141
2353 187 145
2354 197 132
2355 191 131
2356 196 144
2357 189 138
2358 191 132
2359 196 133
2360 193 140
2361 189 133
2362 192 140
2363 195 144
2364 192 142
2365 184 130
2366 186 136
2367 187 144
2368 190 144
2369 184 147
2370 195 145
2371 196 147
2372 193 132
2373 191 145
2374 197 148
2375 189 142
2376 191 141
2377 191 129
2378 184 139
2379 192 142
2380 190 147
2381 195 147
2382 5 125
2383 8 116
2384 8 113
2385 2 115
2386 1 128
2387 9 115
2388 5 118
2389 0 113
2390 1 112
2391 3 127
2392 6 115
2393 2 127
2394 3 126
2395 11 123
2396 9 119
2397 3 117
2398 1 120
2399 1 116
2400 3 118
2401 2 119
2402 5 120
2403 6 119
2404 1 116
2405 8 120
2406 4 119
2407 3 116
2408 3 117
2409 11 119
2410 31 85
2411 40 96
2412 41 83
2413 29 86
2414 30 95
2415 42 94
2416 28 92
2417 43 85
2418 44 94
2419 40 93
2420 41 93
2421 28 88
2422 29 83
2423 28 82
2424 41 94
2425 39 84
2426 44 83
2427 33 79
2428 33 87
2429 35 83
2430 45 91
2431 28 80
2432 33 85
2433 29 93
2434 36 96
2435 39 80
2436 32 84
2437 34 84
2438 41 92
2439 34 81
2440 179 55
2441 183 50
2442 166 54
2443 180 55
2444 182 46
2445 172 55
2446 171 50
2447 166 52
2448 182 51
2449 170 46
2450 175 48
2451 170 61
2452 183 52
2453 174 51
2454 169 53
2455 179 58
2456 165 51
2457 175 47
2458 169 59
2459 173 61
2460 178 61
2461 181 55
2462 178 52
2463 167 60
2464 183 58
2465 176 52
2466 167 53
2467 181 52
2468 176 59
2469 180 57
2470 182 90
2471 165 89
2472 168 96
2473 179 88
2474 183 96
2475 169 79
2476 166 81
2477 167 84
2478 178 81
2479 171 92
2480 173 80
2481 180 84
2482 176 88
2483 169 85
2484 169 94
2485 182 79
2486 166 84
2487 169 79
2488 166 88
2489 168 80
2490 169 91
2491 170 93
2492 173 89
2493 183 91
2494 174 85
2495 170 92
2496 176 81
2497 167 79
2498 171 82
2499 181 79
2500 156 126
2501 152 112
2502 164 125
2503 161 120
2504 163 117
2505 150 124
2506 162 128
2507 151 116
2508 154 128
2509 160 124
2510 157 116
2511 156 114
2512 155 124
2513 156 128
2514 156 120
2515 163 123
2516 151 115
2517 150 127
2518 153 115
2519 151 125
2520 163 115
2521 159 120
2522 150 128
2523 159 120
2524 152 128
2525 154 114
2526 162 122
2527 164 124
2528 156 127
2529 151 127
2530 40 6
2531 38 0
2532 29 1
2533 42 9
2534 35 6
2535 30 9
2536 31 5
2537 37 5
2538 34 9
2539 30 3
2540 39 1
2541 39 1
2542 41 10
2543 42 6
2544 43 2
2545 33 6
2546 32 8
2547 41 4
2548 29 5
2549 34 11
2550 42 2
2551 30 2
2552 29 6
2553 38 8
2554 29 5
2555 29 9
2556 35 1
2557 40 5
2558 92 135
2559 80 136
2560 81 129
2561 88 132
2562 92 140
2563 81 148
2564 84 134
2565 88 143
2566 92 142
2567 83 135
2568 79 137
2569 94 136
2570 94 139
2571 85 139
2572 94 148
2573 79 131
2574 82 143
2575 84 140
2576 93 142
2577 87 140
2578 88 138
2579 90 144
2580 95 143
2581 95 135
2582 80 146
2583 80 132
2584 88 140
2585 92 146
2586 92 132
2587 81 129
2588 6 85
2589 3 89
2590 7 93
2591 7 89
2592 4 90
2593 6 83
2594 1 85
2595 7 89
2596 7 88
2597 11 86
2598 10 80
2599 1 83
2600 5 94
2601 6 93
2602 3 94
2603 11 93
2604 1 92
2605 11 80
2606 4 90
2607 7 81
2608 11 83
2609 4 82
2610 4 79
2611 4 80
2612 1 94
2613 0 83
2614 4 89
2615 5 85
2616 8 90
2617 68 161
2618 69 159
2619 65 160
2620 67 155
2621 73 160
2622 68 155
2623 63 163
2624 65 151
2625 69 149
2626 69 162
2627 72 155
2628 64 164
2629 68 159
2630 63 159
2631 68 157
2632 69 158
2633 70 156
2634 64 157
2635 76 161
2636 71 159
2637 64 155
2638 67 149
2639 72 155
2640 67 155
2641 73 156
2642 69 159
2643 70 159
2644 73 155
2645 74 157
2646 71 157
2647 89 3
2648 79 10
2649 95 7
2650 90 10
2651 80 1
2652 82 1
2653 96 7
2654 95 4
2655 84 7
2656 92 1
2657 86 10
2658 81 0
2659 92 4
2660 96 5
2661 93 0
2662 94 8
2663 95 7
2664 84 1
2665 88 2
2666 84 2
2667 93 3
2668 82 10
2669 95 8
2670 83 1
2671 87 10
2672 90 11
2673 90 5
2674 80 1
2675 91 3
2676 88 116
2677 82 121
2678 96 119
2679 94 116
2680 81 113
2681 92 120
2682 92 113
2683 86 128
2684 83 112
2685 87 123
2686 95 122
2687 90 115
2688 86 128
2689 80 116
2690 81 117
2691 84 124
2692 86 128
2693 89 128
2694 83 121
2695 82 124
2696 82 119
2697 80 112
2698 94 119
2699 94 117
2700 87 125
2701 86 125
2702 87 127
2703 91 125
2704 95 113
2705 82 114
2706 148 155
2707 140 159
2708 137 157
2709 143 157
2710 136 159
2711 148 158
2712 147 163
2713 138 156
2714 139 161
2715 132 161
2716 138 150
2717 141 162
2718 142 162
2719 139 155
2720 146 157
2721 129 161
2722 148 150
2723 138 150
2724 143 156
2725 143 155
2726 140 151
2727 143 153
2728 134 161
2729 141 149
2730 146 158
2731 139 157
2732 141 152
2733 138 163
2734 130 163
2735 129 149
2736 201 93
2737 213 93
2738 214 91
2739 210 87
2740 212 88
2741 206 88
2742 206 83
2743 203 87
2744 205 91
2745 199 82
2746 210 96
2747 201 81
2748 202 86
2749 203 82
2750 199 80
2751 212 95
2752 204 91
2753 208 82
2754 206 86
2755 206 85
2756 207 92
2757 207 92
2758 210 79
2759 213 90
2760 200 79
2761 211 94
2762 209 92
2763 211 84
2764 199 82
2765 199 95
2766 4 147
2767 10 131
2768 6 138
2769 3 137
2770 3 146
2771 8 134
2772 6 131
2773 9 133
2774 2 141
2775 9 145
2776 8 148
2777 2 133
2778 1 129
2779 10 138
2780 2 148
2781 9 147
2782 7 147
2783 2 143
2784 1 147
2785 10 140
2786 10 134
2787 9 133
2788 0 131
2789 7 138
2790 6 139
2791 3 147
2792 3 130
2793 169 3
2794 174 8
2795 166 0
2796 182 0
2797 176 11
2798 179 6
2799 166 9
2800 182 0
2801 173 11
2802 180 1
2803 178 3
2804 171 1
2805 176 3
2806 175 6
2807 178 7
2808 166 9
2809 170 3
2810 177 6
2811 172 4
2812 176 1
2813 168 8
2814 171 1
2815 181 2
2816 179 0
2817 176 7
2818 165 3
2819 178 9
2820 166 5
2821 169 9
2822 167 0
2823 199 130
2824 214 135
2825 202 131
2826 202 129
2827 204 129
2828 201 142
2829 213 141
2830 203 134
2831 203 137
2832 201 138
2833 206 144
2834 206 132
2835 211 148
2836 209 141
2837 201 137
2838 201 134
2839 213 145
2840 207 140
2841 200 137
2842 212 135
2843 201 140
2844 203 133
2845 206 138
2846 203 140
2847 203 142
2848 214 144
2849 202 132
2850 199 138
2851 206 136
2852 204 134
2853 105 103
2854 107 99
2855 98 105
2856 97 107
2857 101 109
2858 102 107
2859 108 100
2860 100 111
2861 97 111
2862 111 97
2863 109 111
2864 107 99
2865 104 101
2866 97 110
2867 111 98
2868 97 110
