247 273 10 2898
0 10
1 11
2 6
3 9
4 12
5 9
6 9
7 11
8 8
9 5
10 11
11 8
12 4
13 4
14 3
15 3
16 3
17 4
18 3
19 3
20 3
21 3
22 5
23 4
24 3
25 3
26 3
27 3
28 4
29 4
30 3
31 4
32 3
33 3
34 3
35 6
36 3
37 3
38 5
39 4
40 3
41 3
42 4
43 4
44 3
45 5
46 3
47 3
48 3
49 3
50 4
51 5
52 4
53 3
54 3
55 6
56 4
57 5
58 3
59 3
60 4
61 3
62 3
63 3
64 3
65 3
66 3
67 4
68 3
69 3
70 3
71 3
72 3
73 3
74 6
75 3
76 4
77 3
78 3
79 3
80 3
81 3
82 3
83 5
84 3
85 4
86 5
87 3
88 3
89 3
90 3
91 4
92 3
93 4
94 3
95 3
96 3
97 3
98 3
99 3
100 3
101 3
102 3
103 4
104 4
105 4
106 6
107 3
108 3
109 3
110 3
111 3
112 4
113 4
114 3
115 4
116 3
117 3
118 4
119 3
120 3
121 3
122 3
123 4
124 3
125 5
126 3
127 3
128 3
129 3
130 3
131 4
132 3
133 3
134 3
135 3
136 3
137 7
138 3
139 5
140 6
141 5
142 3
143 3
144 4
145 3
146 3
147 3
148 3
149 4
150 4
151 4
152 3
153 3
154 3
155 5
156 3
157 3
158 3
159 3
160 3
161 3
162 3
163 3
164 3
165 3
166 3
167 4
168 4
169 4
170 3
171 3
172 3
173 3
174 5
175 5
176 3
177 3
178 3
179 3
180 3
181 4
182 3
183 5
184 3
185 3
186 3
187 3
188 3
189 3
190 3
191 3
192 4
193 3
194 3
195 3
196 3
197 4
198 3
199 3
200 3
201 4
202 3
203 3
204 4
205 3
206 3
207 3
208 3
209 3
210 5
211 3
212 3
213 3
214 3
215 3
216 3
217 3
218 3
219 7
220 3
221 3
222 3
223 7
224 3
225 5
226 4
227 4
228 3
229 3
230 3
231 3
232 3
233 3
234 5
235 3
236 3
237 3
238 5
239 3
240 3
241 3
242 5
243 3
244 3
245 3
246 3
0 0 1
1 0 3
2 0 6
3 0 7
4 0 8
5 0 10
6 0 11
7 0 30
8 1 2
9 1 3
10 1 4
11 1 5
12 1 7
13 1 8
14 1 10
15 1 140
16 2 4
17 2 5
18 2 11
19 2 211
20 3 4
21 3 5
22 3 7
23 3 8
24 3 11
25 4 6
26 4 7
27 4 8
28 4 9
29 4 10
30 4 11
31 4 83
32 5 6
33 5 8
34 5 10
35 5 101
36 5 158
37 6 10
38 6 65
39 6 174
40 6 227
41 7 8
42 7 10
43 7 11
44 7 12
45 7 121
46 8 10
47 9 10
48 9 46
49 10 11
50 11 192
51 12 23
52 13 24
53 13 16
54 14 16
55 14 19
56 15 19
57 15 25
58 15 29
59 17 23
60 17 20
61 18 29
62 20 22
63 21 26
64 21 22
65 22 25
66 25 28
67 27 28
68 30 45
69 31 44
70 31 39
71 32 35
72 33 42
73 33 34
74 34 43
75 35 36
76 35 43
77 35 45
78 37 38
79 38 40
80 38 42
81 39 45
82 41 42
83 46 64
84 47 62
85 48 57
86 48 55
87 49 51
88 50 52
89 50 51
90 50 57
91 51 53
92 51 56
93 52 60
94 54 55
95 55 58
96 55 64
97 56 63
98 57 61
99 59 61
100 60 62
101 65 74
102 66 75
103 67 80
104 67 78
105 68 75
106 68 77
107 69 78
108 69 76
109 70 73
110 70 72
111 71 75
112 72 79
113 72 82
114 73 74
115 74 77
116 74 76
117 79 81
118 83 96
119 83 89
120 83 85
121 84 98
122 84 87
123 84 89
124 85 86
125 85 90
126 86 92
127 86 95
128 87 91
129 88 99
130 88 91
131 90 94
132 93 97
133 93 98
134 94 100
135 101 104
136 102 113
137 103 107
138 103 115
139 103 117
140 103 106
141 104 119
142 104 105
143 105 106
144 106 110
145 106 113
146 108 117
147 109 118
148 110 116
149 111 115
150 112 118
151 112 120
152 113 118
153 114 117
154 121 126
155 121 137
156 122 123
157 123 128
158 124 139
159 125 134
160 125 131
161 125 138
162 125 139
163 126 132
164 127 137
165 128 132
166 129 130
167 130 137
168 130 131
169 133 139
170 135 137
171 136 137
172 140 144
173 140 149
174 140 150
175 141 147
176 141 146
177 141 144
178 142 151
179 143 150
180 143 157
181 145 147
182 146 151
183 148 156
184 149 153
185 152 155
186 153 155
187 154 155
188 155 156
189 158 165
190 159 163
191 160 169
192 161 162
193 162 165
194 162 168
195 163 167
196 164 168
197 166 169
198 167 170
199 168 172
200 168 173
201 169 172
202 170 171
203 170 173
204 174 188
205 174 181
206 175 177
207 175 184
208 175 189
209 176 187
210 176 191
211 178 187
212 179 183
213 180 183
214 181 183
215 181 184
216 182 189
217 185 189
218 185 186
219 186 187
220 188 190
221 192 210
222 193 194
223 194 204
224 195 200
225 195 206
226 196 197
227 197 207
228 197 210
229 198 201
230 198 210
231 199 203
232 199 201
233 201 206
234 202 208
235 202 207
236 203 204
237 205 210
238 209 210
239 211 226
240 212 220
241 213 222
242 214 225
243 215 219
244 216 225
245 217 219
246 218 223
247 219 224
248 219 223
249 219 226
250 220 221
251 221 223
252 222 223
253 223 225
254 227 236
255 227 242
256 228 237
257 228 236
258 229 243
259 230 239
260 230 243
261 231 244
262 231 245
263 231 234
264 232 235
265 232 234
266 233 241
267 234 242
268 238 240
269 238 242
270 238 246
271 239 241
272 243 245
0 209 100
1 198 84
2 206 90
3 208 97
4 196 95
5 206 84
6 208 97
7 202 95
8 197 88
9 205 93
10 192 84
11 192 93
12 198 93
13 195 92
14 192 94
15 210 85
16 199 86
17 208 87
18 197 85
19 198 99
20 209 88
21 205 93
22 196 86
23 192 98
24 198 84
25 192 96
26 209 89
27 209 89
28 199 90
29 196 96
30 198 59
31 198 49
32 210 58
33 210 48
34 197 61
35 192 48
36 201 58
37 200 56
38 193 57
39 193 58
40 201 58
41 204 57
42 204 56
43 206 61
44 192 56
45 197 54
46 195 60
47 202 47
48 194 55
49 197 51
50 203 47
51 205 61
52 193 53
53 201 49
54 202 56
55 208 55
56 207 60
57 207 60
58 200 46
59 203 51
60 201 155
61 209 141
62 193 148
63 206 142
64 197 141
65 192 157
66 203 156
67 200 151
68 203 153
69 202 153
70 199 146
71 198 145
72 195 148
73 192 150
74 200 142
75 210 142
76 195 154
77 193 142
78 207 152
79 204 145
80 205 149
81 199 154
82 197 140
83 198 140
84 203 156
85 194 150
86 193 141
87 203 143
88 208 155
89 204 155
90 218 242
91 221 243
92 216 241
93 224 240
94 223 236
95 214 232
96 211 246
97 219 243
98 223 232
99 221 245
100 214 239
101 219 234
102 213 245
103 225 243
104 211 242
105 223 229
106 223 241
107 220 229
108 215 241
109 223 246
110 219 238
111 223 238
112 224 244
113 213 235
114 213 227
115 221 231
116 222 227
117 216 234
118 212 228
119 225 233
120 129 132
121 124 134
122 138 122
123 133 122
124 123 134
125 125 129
126 128 136
127 127 134
128 125 127
129 139 137
130 126 130
131 126 130
132 133 121
133 131 136
134 123 137
135 130 128
136 133 128
137 139 132
138 129 134
139 122 131
140 128 130
141 132 122
142 136 123
143 84 144
144 92 155
145 84 153
146 92 144
147 94 151
148 92 143
149 95 146
150 97 144
151 97 154
152 92 150
153 95 157
154 84 153
155 95 146
156 83 144
157 98 149
158 95 151
159 90 149
160 96 144
161 94 146
162 92 144
163 95 143
164 85 146
165 83 143
166 87 151
167 86 144
168 83 148
169 83 142
170 89 144
171 87 157
172 89 146
173 129 96
174 125 90
175 134 98
176 133 90
177 130 92
178 137 88
179 128 83
180 134 88
181 131 91
182 130 89
183 133 96
184 132 92
185 134 86
186 121 91
187 137 86
188 131 93
189 132 83
190 130 96
191 134 88
192 135 99
193 131 91
194 138 97
195 135 89
196 127 86
197 131 95
198 124 96
199 127 94
200 137 91
201 137 85
202 133 95
203 117 72
204 106 81
205 111 74
206 104 78
207 117 70
208 105 65
209 112 67
210 108 65
211 116 82
212 113 66
213 107 65
214 119 67
215 117 67
216 115 73
217 106 75
218 112 81
219 101 68
220 111 76
221 113 66
222 112 82
223 102 71
224 103 72
225 108 80
226 116 65
227 119 71
228 106 79
229 117 80
230 101 65
231 108 75
232 111 78
233 220 158
234 215 165
235 218 165
236 214 167
237 215 161
238 211 169
239 220 161
240 218 162
241 213 165
242 222 166
243 226 167
244 214 172
245 219 159
246 226 160
247 226 173
248 222 172
249 222 166
250 216 173
251 226 170
252 211 160
253 220 168
254 222 161
255 216 159
256 223 160
257 213 167
258 222 172
259 218 171
260 214 167
261 211 159
262 219 168
263 229 2
264 242 10
265 241 7
266 236 1
267 230 6
268 233 0
269 234 9
270 234 2
271 240 5
272 243 8
273 245 1
274 230 2
275 232 8
276 245 0
277 246 7
278 245 1
279 241 1
280 232 8
281 234 7
282 235 3
283 236 10
284 228 1
285 234 6
286 233 11
287 231 4
288 229 4
289 230 0
290 242 0
291 37 1
292 31 6
293 43 6
294 43 4
295 37 11
296 41 10
297 44 8
298 43 2
299 39 9
300 45 9
301 43 9
302 36 10
303 43 11
304 33 5
305 45 2
306 43 4
307 34 9
308 38 9
309 42 9
310 33 4
311 40 3
312 41 3
313 31 6
314 44 8
315 31 1
316 42 10
317 34 8
318 40 7
319 43 0
320 239 141
321 239 142
322 234 156
323 227 150
324 230 156
325 227 144
326 243 155
327 237 150
328 246 142
329 232 143
330 243 142
331 236 142
332 236 151
333 236 157
334 240 146
335 234 143
336 227 147
337 241 154
338 238 154
339 241 155
340 230 150
341 239 142
342 245 155
343 228 145
344 234 151
345 241 145
346 229 142
347 230 150
348 234 153
349 239 156
350 241 81
351 232 76
352 239 78
353 229 79
354 230 67
355 245 82
356 244 75
357 238 76
358 239 78
359 240 73
360 240 69
361 242 71
362 241 66
363 230 82
364 238 69
365 237 76
366 236 73
367 227 82
368 235 66
369 234 73
370 229 72
371 240 82
372 230 71
373 230 80
374 231 70
375 240 79
376 237 82
377 237 78
378 230 67
379 240 77
380 221 39
381 218 36
382 214 41
383 223 41
384 224 32
385 223 44
386 212 36
387 220 36
388 219 36
389 211 41
390 219 34
391 218 37
392 219 44
393 211 45
394 224 35
395 225 42
396 226 34
397 212 35
398 213 32
399 212 39
400 219 44
401 225 42
402 223 30
403 212 44
404 222 45
405 224 31
406 218 43
407 223 45
408 219 32
409 226 42
410 232 40
411 228 39
412 233 36
413 233 43
414 242 35
415 246 42
416 232 41
417 230 42
418 243 38
419 229 38
420 234 35
421 229 38
422 237 39
423 242 36
424 229 41
425 234 45
426 236 42
427 231 45
428 241 36
429 232 37
430 239 33
431 243 42
432 234 37
433 230 40
434 245 41
435 233 36
436 229 44
437 238 32
438 237 37
439 227 38
440 7 47
441 8 62
442 4 62
443 10 62
444 8 56
445 9 53
446 4 64
447 3 54
448 4 53
449 0 53
450 2 62
451 0 50
452 11 46
453 6 51
454 9 60
455 8 51
456 10 47
457 7 58
458 6 47
459 2 64
460 4 49
461 1 53
462 11 59
463 9 62
464 11 52
465 11 55
466 10 62
467 9 62
468 5 57
469 1 64
470 28 127
471 25 136
472 15 126
473 29 133
474 26 137
475 23 125
476 18 122
477 16 122
478 13 123
479 20 129
480 27 122
481 27 123
482 22 124
483 12 129
484 15 124
485 19 122
486 12 125
487 24 133
488 12 127
489 21 122
490 24 138
491 28 130
492 29 128
493 29 126
494 16 136
495 12 126
496 13 124
497 15 138
498 14 128
499 12 132
500 85 79
501 94 78
502 89 65
503 86 80
504 97 71
505 87 78
506 86 70
507 95 76
508 95 67
509 85 73
510 100 68
511 100 71
512 91 80
513 84 68
514 95 74
515 93 77
516 95 67
517 94 67
518 99 78
519 83 73
520 87 73
521 95 72
522 84 73
523 89 74
524 99 77
525 98 77
526 92 67
527 96 66
528 99 72
529 90 66
530 119 221
531 101 221
532 101 220
533 107 226
534 109 213
535 102 222
536 118 225
537 112 223
538 117 217
539 110 211
540 117 223
541 107 226
542 114 217
543 107 214
544 110 211
545 115 212
546 115 213
547 116 216
548 117 226
549 103 226
550 105 225
551 118 224
552 117 225
553 114 226
554 109 213
555 118 223
556 120 213
557 117 225
558 102 217
559 110 217
560 148 81
561 140 80
562 152 77
563 147 78
564 142 78
565 146 65
566 156 70
567 153 76
568 150 81
569 145 65
570 146 73
571 157 69
572 149 70
573 151 80
574 142 74
575 153 79
576 149 71
577 147 75
578 143 69
579 155 81
580 150 81
581 156 75
582 143 81
583 156 67
584 148 80
585 151 76
586 143 69
587 151 72
588 157 69
589 145 73
590 154 71
591 143 70
592 157 76
593 142 67
594 146 70
595 146 82
596 141 73
597 156 70
598 155 78
599 152 65
600 157 65
601 157 78
602 152 74
603 148 80
604 151 82
605 154 77
606 151 69
607 154 65
608 147 70
609 153 73
610 155 81
611 144 71
612 151 76
613 149 69
614 140 74
615 151 76
616 148 71
617 144 69
618 153 77
619 143 69
620 147 209
621 152 192
622 147 201
623 146 200
624 144 209
625 148 206
626 140 203
627 144 198
628 142 196
629 152 204
630 151 194
631 144 193
632 150 198
633 144 209
634 146 199
635 147 194
636 146 207
637 156 198
638 147 204
639 149 208
640 140 205
641 143 210
642 153 209
643 157 209
644 157 198
645 141 207
646 154 194
647 143 192
648 152 199
649 156 201
650 169 85
651 169 91
652 169 87
653 169 95
654 172 84
655 162 99
656 169 98
657 164 90
658 162 84
659 173 85
660 163 97
661 169 96
662 162 92
663 171 88
664 162 98
665 166 96
666 166 93
667 170 96
668 167 92
669 159 86
670 166 99
671 171 93
672 172 93
673 161 93
674 172 89
675 167 85
676 165 93
677 163 98
678 158 100
679 164 100
680 243 181
681 227 185
682 227 187
683 244 175
684 242 185
685 239 191
686 246 186
687 233 180
688 238 179
689 230 177
690 240 179
691 232 185
692 228 189
693 239 178
694 245 179
695 246 184
696 244 188
697 244 187
698 232 183
699 243 190
700 229 174
701 241 175
702 234 185
703 240 190
704 246 177
705 239 179
706 228 179
707 243 174
708 245 182
709 232 187
710 242 237
711 233 228
712 230 235
713 239 244
714 233 232
715 228 245
716 231 227
717 234 230
718 238 235
719 229 241
720 242 230
721 233 230
722 231 228
723 236 229
724 241 232
725 243 235
726 246 244
727 238 233
728 229 241
729 236 229
730 236 246
731 209 40
732 208 31
733 209 31
734 209 39
735 210 43
736 203 41
737 192 41
738 202 32
739 199 33
740 204 35
741 207 37
742 194 34
743 210 45
744 203 40
745 207 39
746 206 36
747 208 30
748 197 34
749 206 41
750 200 30
751 199 33
752 208 40
753 198 40
754 209 39
755 194 39
756 207 35
757 198 41
758 198 44
759 205 44
760 203 34
761 178 128
762 181 121
763 174 123
764 178 138
765 177 136
766 191 138
767 178 122
768 180 137
769 188 134
770 178 126
771 185 134
772 178 133
773 185 126
774 175 130
775 177 126
776 183 128
777 183 130
778 186 129
779 175 122
780 177 136
781 181 124
782 179 139
783 181 126
784 181 138
785 185 135
786 179 134
787 188 126
788 191 139
789 181 131
790 178 126
791 84 145
792 84 147
793 93 146
794 97 156
795 84 143
796 86 144
797 99 155
798 97 140
799 88 143
800 90 147
801 89 149
802 97 144
803 95 152
804 95 150
805 92 157
806 98 144
807 85 157
808 95 144
809 92 150
810 83 151
811 94 152
812 95 143
813 87 140
814 88 143
815 97 151
816 99 144
817 83 150
818 94 157
819 90 152
820 95 157
821 81 23
822 76 24
823 73 16
824 79 15
825 82 14
826 80 17
827 82 28
828 81 12
829 82 17
830 81 28
831 72 23
832 82 21
833 73 13
834 69 22
835 71 22
836 77 21
837 81 15
838 66 15
839 68 28
840 77 15
841 71 24
842 65 26
843 79 17
844 78 12
845 65 15
846 81 20
847 70 29
848 68 14
849 81 12
850 75 15
851 177 119
852 184 109
853 187 115
854 185 112
855 177 101
856 181 103
857 174 106
858 190 116
859 185 120
860 184 118
861 177 116
862 189 103
863 186 119
864 179 117
865 176 103
866 174 117
867 179 109
868 182 120
869 181 108
870 175 109
871 187 114
872 190 118
873 176 118
874 189 116
875 177 116
876 184 110
877 189 103
878 181 115
879 181 107
880 184 119
881 174 139
882 180 124
883 191 137
884 177 136
885 182 137
886 183 138
887 191 128
888 184 127
889 183 139
890 179 123
891 180 129
892 190 136
893 184 122
894 183 127
895 180 121
896 187 123
897 181 135
898 185 125
899 178 124
900 176 132
901 190 121
902 181 121
903 182 127
904 174 123
905 177 132
906 174 131
907 184 126
908 180 127
909 183 125
910 188 136
911 52 81
912 50 79
913 48 70
914 49 67
915 62 67
916 60 82
917 57 81
918 52 82
919 62 69
920 52 70
921 51 67
922 47 66
923 50 75
924 59 74
925 48 73
926 51 70
927 56 68
928 63 69
929 61 78
930 62 74
931 64 71
932 63 66
933 63 65
934 58 77
935 60 80
936 47 78
937 47 70
938 51 76
939 48 77
940 64 79
941 138 227
942 128 244
943 128 228
944 135 235
945 123 236
946 126 244
947 128 233
948 128 245
949 135 245
950 139 246
951 125 242
952 122 230
953 125 246
954 136 236
955 123 246
956 139 241
957 135 228
958 125 231
959 121 242
960 139 228
961 130 237
962 131 228
963 139 236
964 124 234
965 138 246
966 124 241
967 139 237
968 121 242
969 129 234
970 133 230
971 46 171
972 63 158
973 57 170
974 58 170
975 60 163
976 51 168
977 50 164
978 54 167
979 51 168
980 48 161
981 52 169
982 53 169
983 58 173
984 59 162
985 55 158
986 63 162
987 60 163
988 51 162
989 47 169
990 64 159
991 57 167
992 55 166
993 60 167
994 51 171
995 62 158
996 58 166
997 53 170
998 59 161
999 54 162
1000 52 161
1001 20 214
1002 15 223
1003 16 220
1004 16 214
1005 26 225
1006 28 220
1007 22 212
1008 20 224
1009 24 226
1010 26 217
1011 15 224
1012 18 214
1013 18 222
1014 26 225
1015 15 224
1016 15 213
1017 18 223
1018 13 212
1019 27 226
1020 29 217
1021 23 222
1022 27 222
1023 28 226
1024 14 218
1025 24 224
1026 26 218
1027 27 224
1028 16 220
1029 14 214
1030 22 222
1031 161 113
1032 160 116
1033 160 110
1034 163 118
1035 170 103
1036 171 109
1037 166 114
1038 165 115
1039 168 103
1040 160 108
1041 161 109
1042 159 119
1043 170 101
1044 158 120
1045 159 109
1046 169 104
1047 171 109
1048 162 101
1049 168 115
1050 172 118
1051 172 115
1052 166 117
1053 168 112
1054 172 119
1055 173 106
1056 164 108
1057 167 105
1058 160 101
1059 161 114
1060 145 149
1061 154 144
1062 155 140
1063 154 150
1064 157 154
1065 146 149
1066 148 149
1067 149 148
1068 157 156
1069 143 149
1070 154 148
1071 149 143
1072 154 150
1073 146 143
1074 155 151
1075 149 148
1076 155 150
1077 147 143
1078 174 178
1079 185 177
1080 191 177
1081 190 183
1082 187 174
1083 188 179
1084 191 178
1085 187 184
1086 174 179
1087 191 188
1088 181 185
1089 190 183
1090 179 187
1091 174 178
1092 189 190
1093 190 184
1094 188 182
1095 182 174
1096 224 25
1097 212 14
1098 224 27
1099 220 22
1100 217 29
1101 214 21
1102 223 27
1103 224 23
1104 216 29
1105 225 24
1106 221 21
1107 213 16
1108 224 18
1109 219 24
1110 217 26
1111 224 13
1112 222 28
1113 212 23
1114 221 24
1115 225 29
1116 212 13
1117 222 25
1118 226 17
1119 211 14
1120 221 20
1121 216 14
1122 213 13
1123 216 26
1124 223 17
1125 211 21
1126 79 221
1127 70 222
1128 78 225
1129 75 226
1130 80 214
1131 70 211
1132 66 225
1133 65 216
1134 75 212
1135 77 212
1136 66 225
1137 66 218
1138 81 219
1139 70 221
1140 80 220
1141 73 214
1142 77 223
1143 72 211
1144 66 219
1145 67 224
1146 81 222
1147 82 223
1148 66 215
1149 73 217
1150 70 212
1151 81 219
1152 70 220
1153 75 222
1154 71 211
1155 82 215
1156 227 22
1157 234 20
1158 229 15
1159 238 26
1160 245 15
1161 229 23
1162 246 23
1163 245 18
1164 232 17
1165 245 22
1166 242 16
1167 239 19
1168 237 16
1169 235 19
1170 237 16
1171 237 15
1172 238 29
1173 238 22
1174 244 29
1175 241 19
1176 246 15
1177 233 23
1178 235 12
1179 229 20
1180 242 26
1181 236 26
1182 241 18
1183 233 26
1184 229 16
1185 233 15
1186 159 59
1187 162 50
1188 169 54
1189 163 51
1190 160 55
1191 164 55
1192 158 62
1193 161 60
1194 167 63
1195 163 58
1196 168 48
1197 171 58
1198 159 49
1199 169 49
1200 164 48
1201 164 59
1202 167 64
1203 172 51
1204 160 57
1205 169 46
1206 170 47
1207 162 52
1208 160 47
1209 165 59
1210 159 61
1211 160 61
1212 164 59
1213 160 60
1214 162 46
1215 167 52
1216 86 222
1217 92 212
1218 88 212
1219 86 215
1220 90 211
1221 87 215
1222 98 213
1223 91 214
1224 100 218
1225 94 211
1226 83 218
1227 98 225
1228 94 211
1229 89 221
1230 99 216
1231 94 211
1232 88 218
1233 90 224
1234 91 223
1235 92 220
1236 84 215
1237 91 221
1238 98 225
1239 93 216
1240 95 213
1241 92 214
1242 84 226
1243 90 221
1244 85 225
1245 87 221
1246 207 39
1247 192 38
1248 202 42
1249 195 43
1250 205 36
1251 197 44
1252 195 44
1253 195 33
1254 209 35
1255 205 33
1256 193 44
1257 203 32
1258 194 43
1259 205 39
1260 196 41
1261 199 40
1262 198 31
1263 192 30
1264 206 31
1265 200 37
1266 198 45
1267 197 42
1268 195 38
1269 193 44
1270 207 34
1271 210 34
1272 198 34
1273 210 45
1274 209 30
1275 207 38
1276 15 164
1277 29 173
1278 18 162
1279 13 163
1280 24 170
1281 19 159
1282 18 159
1283 13 166
1284 14 167
1285 15 159
1286 23 164
1287 20 164
1288 16 160
1289 16 164
1290 27 173
1291 16 161
1292 15 158
1293 15 165
1294 15 166
1295 18 168
1296 19 161
1297 19 172
1298 21 172
1299 23 161
1300 28 165
1301 21 159
1302 24 160
1303 20 169
1304 27 168
1305 27 167
1306 127 105
1307 129 103
1308 121 105
1309 124 104
1310 130 112
1311 137 117
1312 122 104
1313 125 107
1314 139 104
1315 122 103
1316 131 104
1317 132 106
1318 125 108
1319 122 120
1320 129 105
1321 127 120
1322 128 109
1323 131 101
1324 130 107
1325 121 118
1326 135 119
1327 132 109
1328 133 116
1329 137 119
1330 136 120
1331 139 115
1332 138 114
1333 122 120
1334 131 110
1335 127 111
1336 223 115
1337 218 110
1338 225 101
1339 226 102
1340 222 116
1341 211 102
1342 220 101
1343 213 120
1344 220 110
1345 213 110
1346 225 113
1347 212 118
1348 211 119
1349 225 119
1350 219 110
1351 216 116
1352 221 109
1353 226 113
1354 213 105
1355 221 103
1356 211 113
1357 220 116
1358 226 119
1359 224 118
1360 221 105
1361 217 105
1362 220 115
1363 220 118
1364 217 120
1365 212 112
1366 151 239
1367 149 238
1368 157 233
1369 147 238
1370 153 236
1371 145 241
1372 152 235
1373 153 233
1374 151 228
1375 151 227
1376 153 235
1377 154 230
1378 150 227
1379 143 230
1380 148 234
1381 144 246
1382 146 246
1383 147 228
1384 145 234
1385 141 232
1386 150 241
1387 155 235
1388 152 237
1389 152 240
1390 149 234
1391 153 242
1392 140 242
1393 148 227
1394 155 244
1395 144 239
1396 189 57
1397 174 54
1398 188 52
1399 183 46
1400 179 54
1401 178 59
1402 184 48
1403 183 48
1404 176 58
1405 189 61
1406 178 51
1407 186 56
1408 179 52
1409 175 64
1410 179 61
1411 180 57
1412 179 63
1413 182 51
1414 178 61
1415 177 49
1416 190 46
1417 189 61
1418 177 60
1419 185 52
1420 179 64
1421 182 57
1422 182 55
1423 191 56
1424 174 54
1425 183 55
1426 194 141
1427 200 152
1428 198 153
1429 208 147
1430 197 141
1431 197 148
1432 202 147
1433 196 153
1434 196 144
1435 200 153
1436 204 151
1437 192 149
1438 201 142
1439 196 154
1440 206 155
1441 200 141
1442 197 146
1443 196 156
1444 210 140
1445 194 150
1446 207 154
1447 205 143
1448 206 149
1449 203 142
1450 209 147
1451 193 142
1452 202 155
1453 210 151
1454 210 141
1455 194 140
1456 64 39
1457 57 45
1458 52 30
1459 63 44
1460 58 40
1461 49 31
1462 50 35
1463 60 34
1464 46 37
1465 50 30
1466 49 43
1467 60 39
1468 64 39
1469 56 37
1470 58 38
1471 59 43
1472 60 36
1473 56 45
1474 47 44
1475 62 42
1476 58 43
1477 52 31
1478 60 33
1479 63 34
1480 51 37
1481 55 34
1482 59 30
1483 59 41
1484 48 31
1485 53 30
1486 161 110
1487 160 101
1488 173 101
1489 168 117
1490 170 106
1491 166 117
1492 168 114
1493 161 117
1494 158 107
1495 162 120
1496 161 115
1497 158 105
1498 169 102
1499 168 107
1500 169 103
1501 159 107
1502 163 113
1503 171 109
1504 172 120
1505 170 114
1506 163 113
1507 160 110
1508 163 120
1509 164 113
1510 161 114
1511 160 105
1512 159 114
1513 159 109
1514 168 117
1515 173 106
1516 44 132
1517 40 132
1518 43 125
1519 33 132
1520 31 122
1521 30 139
1522 43 136
1523 38 122
1524 36 137
1525 43 126
1526 44 138
1527 32 121
1528 38 128
1529 32 134
1530 45 139
1531 44 125
1532 37 137
1533 45 132
1534 36 123
1535 35 123
1536 32 124
1537 45 129
1538 42 126
1539 40 139
1540 42 121
1541 40 134
1542 30 132
1543 43 121
1544 43 128
1545 34 137
1546 154 213
1547 150 212
1548 150 215
1549 140 220
1550 145 221
1551 148 219
1552 142 225
1553 154 211
1554 145 213
1555 152 224
1556 149 221
1557 156 225
1558 143 213
1559 156 214
1560 140 221
1561 140 224
1562 150 215
1563 146 220
1564 157 219
1565 141 225
1566 154 218
1567 140 219
1568 141 223
1569 150 214
1570 156 222
1571 156 221
1572 157 219
1573 155 214
1574 148 221
1575 148 213
1576 235 10
1577 242 8
1578 228 4
1579 229 4
1580 228 2
1581 236 9
1582 232 8
1583 228 7
1584 238 3
1585 238 8
1586 244 2
1587 244 0
1588 245 10
1589 241 9
1590 239 11
1591 239 10
1592 230 0
1593 236 2
1594 230 10
1595 243 3
1596 234 10
1597 243 6
1598 230 5
1599 228 9
1600 238 11
1601 240 9
1602 233 10
1603 232 3
1604 227 1
1605 108 10
1606 107 9
1607 112 3
1608 112 1
1609 102 0
1610 119 3
1611 105 9
1612 104 1
1613 111 11
1614 117 10
1615 109 3
1616 104 4
1617 112 11
1618 109 10
1619 112 4
1620 120 8
1621 103 9
1622 116 1
1623 102 5
1624 117 1
1625 118 6
1626 119 6
1627 120 8
1628 102 0
1629 113 3
1630 116 5
1631 112 10
1632 119 10
1633 188 191
1634 175 188
1635 178 191
1636 183 189
1637 181 182
1638 184 178
1639 187 181
1640 190 187
1641 188 187
1642 174 189
1643 175 191
1644 181 185
1645 191 183
1646 191 180
1647 178 180
1648 190 185
1649 175 180
1650 180 186
1651 177 174
1652 189 176
1653 182 174
1654 214 48
1655 216 52
1656 217 56
1657 219 63
1658 217 53
1659 214 58
1660 222 52
1661 222 60
1662 216 62
1663 224 48
1664 214 56
1665 213 46
1666 218 64
1667 223 49
1668 223 52
1669 223 58
1670 218 48
1671 222 53
1672 213 59
1673 214 61
1674 225 59
1675 211 56
1676 222 53
1677 215 64
1678 217 51
1679 223 48
1680 222 47
1681 223 55
1682 225 62
1683 211 64
1684 194 17
1685 203 18
1686 210 19
1687 196 16
1688 194 15
1689 197 17
1690 203 29
1691 199 26
1692 199 12
1693 203 26
1694 203 14
1695 203 15
1696 208 23
1697 206 13
1698 200 14
1699 201 14
1700 209 26
1701 203 16
1702 193 17
1703 196 13
1704 199 14
1705 194 14
1706 205 14
1707 194 16
1708 201 13
1709 194 26
1710 198 25
1711 210 29
1712 210 23
1713 202 28
1714 166 185
1715 160 185
1716 168 186
1717 165 186
1718 165 189
1719 173 186
1720 161 179
1721 166 185
1722 170 186
1723 171 183
1724 168 186
1725 160 178
1726 163 191
1727 171 187
1728 170 181
1729 158 180
1730 158 182
1731 164 181
1732 159 183
1733 166 176
1734 158 181
1735 173 176
1736 165 182
1737 162 183
1738 171 187
1739 171 176
1740 166 174
1741 159 190
1742 166 187
1743 162 176
1744 75 82
1745 77 69
1746 71 82
1747 76 66
1748 65 80
1749 81 74
1750 75 78
1751 68 76
1752 66 70
1753 74 79
1754 72 69
1755 67 72
1756 80 73
1757 70 80
1758 77 80
1759 76 68
1760 67 82
1761 74 79
1762 70 68
1763 70 68
1764 178 243
1765 183 235
1766 178 229
1767 191 244
1768 181 230
1769 176 229
1770 179 241
1771 174 238
1772 175 228
1773 182 234
1774 177 232
1775 181 231
1776 190 238
1777 175 227
1778 187 240
1779 182 239
1780 187 240
1781 177 244
1782 189 234
1783 190 242
1784 177 243
1785 176 230
1786 181 243
1787 178 238
1788 182 241
1789 190 229
1790 188 232
1791 174 233
1792 177 243
1793 188 229
1794 166 137
1795 166 126
1796 161 129
1797 167 129
1798 170 122
1799 164 122
1800 173 123
1801 159 135
1802 161 131
1803 159 135
1804 158 129
1805 162 121
1806 166 133
1807 173 124
1808 160 121
1809 168 125
1810 160 138
1811 166 123
1812 161 129
1813 172 126
1814 162 136
1815 160 122
1816 173 133
1817 160 134
1818 162 127
1819 169 121
1820 168 129
1821 167 129
1822 162 137
1823 169 124
1824 6 111
1825 10 116
1826 4 116
1827 5 109
1828 3 112
1829 0 106
1830 9 109
1831 10 111
1832 7 112
1833 0 108
1834 1 107
1835 10 111
1836 4 108
1837 3 105
1838 7 103
1839 1 102
1840 6 113
1841 0 115
1842 7 112
1843 4 113
1844 3 104
1845 9 104
1846 8 107
1847 6 117
1848 3 106
1849 7 117
1850 8 109
1851 5 114
1852 6 109
1853 3 113
1854 190 197
1855 189 192
1856 175 210
1857 181 194
1858 189 208
1859 180 194
1860 187 195
1861 184 198
1862 185 193
1863 182 198
1864 185 207
1865 179 193
1866 184 209
1867 178 207
1868 183 203
1869 189 210
1870 189 203
1871 186 201
1872 175 210
1873 179 196
1874 187 193
1875 181 197
1876 175 193
1877 188 207
1878 191 192
1879 190 203
1880 191 202
1881 176 201
1882 187 201
1883 187 203
1884 5 60
1885 3 58
1886 6 54
1887 7 49
1888 7 51
1889 0 61
1890 10 52
1891 7 54
1892 3 55
1893 2 50
1894 5 55
1895 3 56
1896 7 47
1897 7 49
1898 7 63
1899 1 62
1900 1 60
1901 4 50
1902 4 47
1903 9 53
1904 5 59
1905 3 48
1906 11 64
1907 10 51
1908 11 47
1909 5 48
1910 5 48
1911 10 54
1912 2 63
1913 4 62
1914 58 95
1915 59 96
1916 58 83
1917 50 87
1918 62 89
1919 49 94
1920 48 84
1921 55 97
1922 62 92
1923 47 84
1924 55 90
1925 59 88
1926 61 92
1927 59 83
1928 55 99
1929 62 98
1930 56 99
1931 60 91
1932 55 86
1933 51 95
1934 48 85
1935 50 100
1936 49 95
1937 61 100
1938 59 84
1939 63 88
1940 63 91
1941 60 96
1942 60 99
1943 61 85
1944 228 48
1945 235 61
1946 230 46
1947 239 58
1948 238 62
1949 231 51
1950 228 59
1951 229 48
1952 234 50
1953 229 54
1954 238 59
1955 240 52
1956 233 58
1957 236 59
1958 234 62
1959 244 63
1960 232 46
1961 243 58
1962 231 52
1963 240 46
1964 242 56
1965 228 59
1966 244 51
1967 229 50
1968 234 47
1969 227 55
1970 242 50
1971 231 46
1972 232 60
1973 229 48
1974 243 29
1975 238 16
1976 240 24
1977 244 17
1978 233 28
1979 246 15
1980 234 17
1981 235 19
1982 241 14
1983 240 18
1984 236 13
1985 243 25
1986 237 20
1987 227 12
1988 229 28
1989 228 29
1990 233 19
1991 228 23
1992 228 14
1993 233 21
1994 228 28
1995 237 16
1996 230 20
1997 227 14
1998 244 14
1999 238 12
2000 227 14
2001 235 16
2002 245 17
2003 233 22
2004 201 122
2005 206 135
2006 198 128
2007 204 130
2008 192 127
2009 197 125
2010 196 138
2011 202 127
2012 198 127
2013 210 139
2014 194 136
2015 199 130
2016 205 126
2017 202 124
2018 200 126
2019 204 121
2020 200 127
2021 200 132
2022 206 129
2023 195 136
2024 196 136
2025 196 121
2026 201 136
2027 209 130
2028 195 133
2029 209 127
2030 210 124
2031 202 127
2032 207 137
2033 205 122
2034 24 4
2035 22 4
2036 29 1
2037 20 6
2038 24 7
2039 13 0
2040 15 7
2041 21 6
2042 14 4
2043 28 11
2044 25 1
2045 18 10
2046 26 2
2047 22 5
2048 29 2
2049 22 0
2050 18 0
2051 20 1
2052 24 6
2053 28 11
2054 20 11
2055 21 5
2056 16 0
2057 23 8
2058 27 8
2059 15 11
2060 27 4
2061 17 7
2062 8 54
2063 5 52
2064 7 52
2065 5 46
2066 1 59
2067 0 54
2068 5 59
2069 6 53
2070 1 48
2071 10 52
2072 8 61
2073 0 58
2074 4 54
2075 1 51
2076 8 61
2077 2 56
2078 1 60
2079 0 57
2080 6 62
2081 0 49
2082 5 51
2083 6 56
2084 6 58
2085 4 52
2086 0 46
2087 8 60
2088 0 49
2089 11 62
2090 7 46
2091 205 151
2092 209 156
2093 202 141
2094 210 156
2095 200 151
2096 193 156
2097 206 155
2098 198 141
2099 196 152
2100 201 153
2101 203 143
2102 196 155
2103 206 144
2104 204 151
2105 193 145
2106 209 155
2107 199 142
2108 198 154
2109 192 155
2110 201 156
2111 201 157
2112 201 145
2113 194 147
2114 200 147
2115 209 143
2116 205 156
2117 205 154
2118 208 154
2119 198 150
2120 207 140
2121 64 168
2122 47 160
2123 48 172
2124 48 167
2125 64 170
2126 52 171
2127 59 167
2128 64 164
2129 61 166
2130 52 161
2131 58 171
2132 58 159
2133 54 165
2134 61 172
2135 60 162
2136 49 159
2137 64 167
2138 47 171
2139 59 159
2140 47 164
2141 63 172
2142 64 163
2143 61 169
2144 59 169
2145 56 164
2146 53 163
2147 54 164
2148 57 172
2149 62 165
2150 49 173
2151 182 127
2152 190 125
2153 180 130
2154 190 135
2155 174 137
2156 190 131
2157 178 121
2158 189 134
2159 179 139
2160 191 134
2161 190 121
2162 181 130
2163 182 130
2164 181 130
2165 183 137
2166 179 129
2167 183 126
2168 177 125
2169 180 130
2170 180 121
2171 177 137
2172 176 127
2173 177 135
2174 185 125
2175 180 122
2176 186 129
2177 185 134
2178 186 133
2179 188 139
2180 177 127
2181 99 86
2182 94 87
2183 86 91
2184 88 84
2185 99 85
2186 92 99
2187 92 99
2188 92 91
2189 90 99
2190 90 93
2191 90 99
2192 94 87
2193 93 87
2194 91 85
2195 97 92
2196 85 87
2197 92 90
2198 93 91
2199 87 86
2200 87 86
2201 194 201
2202 206 204
2203 205 199
2204 210 195
2205 192 204
2206 194 210
2207 192 200
2208 200 202
2209 202 205
2210 206 208
2211 205 201
2212 193 208
2213 197 195
2214 192 200
2215 195 202
2216 204 192
2217 198 195
2218 206 205
2219 197 201
2220 206 205
2221 201 153
2222 210 151
2223 194 146
2224 197 151
2225 198 140
2226 206 143
2227 196 155
2228 202 154
2229 202 145
2230 205 154
2231 199 152
2232 196 157
2233 210 155
2234 192 143
2235 208 145
2236 199 143
2237 197 155
2238 200 148
2239 208 154
2240 208 154
2241 193 150
2242 199 147
2243 203 154
2244 209 147
2245 209 153
2246 205 143
2247 200 156
2248 193 153
2249 197 145
2250 193 144
2251 233 141
2252 237 154
2253 242 147
2254 239 154
2255 246 147
2256 232 141
2257 234 149
2258 245 149
2259 232 155
2260 227 149
2261 232 156
2262 233 154
2263 238 142
2264 245 149
2265 234 144
2266 231 153
2267 236 143
2268 227 154
2269 241 143
2270 239 142
2271 242 141
2272 232 156
2273 243 155
2274 240 151
2275 240 153
2276 241 143
2277 227 151
2278 238 148
2279 239 142
2280 242 144
2281 203 18
2282 209 23
2283 194 23
2284 197 19
2285 201 20
2286 199 19
2287 203 27
2288 194 21
2289 199 29
2290 205 23
2291 196 18
2292 193 29
2293 203 23
2294 202 28
2295 208 26
2296 204 21
2297 195 15
2298 195 15
2299 207 23
2300 200 16
2301 195 20
2302 197 24
2303 209 28
2304 202 19
2305 202 27
2306 206 28
2307 204 22
2308 192 22
2309 192 23
2310 207 25
2311 188 58
2312 181 51
2313 183 47
2314 187 58
2315 191 55
2316 188 54
2317 180 54
2318 190 48
2319 187 61
2320 188 54
2321 185 48
2322 189 49
2323 191 59
2324 181 49
2325 185 57
2326 177 58
2327 186 59
2328 178 55
2329 188 56
2330 177 50
2331 176 54
2332 188 58
2333 189 51
2334 176 48
2335 183 62
2336 184 50
2337 183 62
2338 186 63
2339 174 55
2340 176 58
2341 78 21
2342 69 26
2343 66 23
2344 80 15
2345 81 12
2346 70 21
2347 82 28
2348 70 22
2349 67 25
2350 78 20
2351 73 27
2352 76 22
2353 71 23
2354 65 29
2355 66 25
2356 78 17
2357 72 25
2358 77 12
2359 69 26
2360 81 22
2361 72 19
2362 76 12
2363 66 24
2364 66 22
2365 67 20
2366 65 22
2367 78 16
2368 82 26
2369 78 20
2370 81 28
2371 239 58
2372 241 49
2373 234 62
2374 234 54
2375 244 63
2376 241 61
2377 235 64
2378 237 63
2379 246 60
2380 241 63
2381 243 49
2382 239 57
2383 237 49
2384 242 51
2385 243 49
2386 246 63
2387 245 53
2388 241 60
2389 240 48
2390 234 57
2391 246 57
2392 245 56
2393 228 58
2394 244 54
2395 236 63
2396 229 54
2397 227 62
2398 233 50
2399 244 48
2400 236 58
2401 58 222
2402 49 221
2403 58 213
2404 58 225
2405 53 214
2406 58 222
2407 54 224
2408 64 216
2409 50 216
2410 62 221
2411 56 224
2412 55 221
2413 50 214
2414 52 225
2415 52 211
2416 58 217
2417 52 211
2418 46 214
2419 64 219
2420 48 221
2421 62 214
2422 55 213
2423 63 217
2424 47 217
2425 53 223
2426 49 225
2427 61 211
2428 47 216
2429 50 212
2430 53 216
2431 42 194
2432 40 198
2433 41 202
2434 45 200
2435 31 201
2436 30 196
2437 39 192
2438 44 200
2439 33 210
2440 44 203
2441 37 198
2442 45 207
2443 35 200
2444 36 209
2445 35 210
2446 42 197
2447 39 205
2448 44 205
2449 38 193
2450 33 207
2451 41 193
2452 45 207
2453 39 194
2454 44 201
2455 41 208
2456 34 199
2457 35 203
2458 40 205
2459 33 203
2460 38 192
2461 5 154
2462 8 149
2463 9 145
2464 6 149
2465 10 157
2466 2 156
2467 6 154
2468 4 157
2469 11 151
2470 4 154
2471 11 143
2472 6 150
2473 4 144
2474 4 153
2475 9 152
2476 7 143
2477 0 142
2478 1 147
2479 11 152
2480 3 146
2481 4 147
2482 7 143
2483 11 143
2484 11 149
2485 8 148
2486 6 140
2487 5 150
2488 11 143
2489 183 40
2490 185 38
2491 189 32
2492 177 45
2493 188 31
2494 188 30
2495 178 40
2496 182 34
2497 184 40
2498 189 34
2499 186 44
2500 176 39
2501 179 41
2502 179 34
2503 177 39
2504 180 31
2505 188 38
2506 182 39
2507 184 32
2508 190 37
2509 183 34
2510 190 42
2511 178 33
2512 177 36
2513 177 30
2514 189 42
2515 177 33
2516 181 45
2517 185 32
2518 182 43
2519 6 123
2520 2 121
2521 6 135
2522 2 139
2523 4 139
2524 11 129
2525 9 125
2526 4 128
2527 5 131
2528 0 137
2529 7 123
2530 8 130
2531 6 123
2532 8 127
2533 9 126
2534 8 132
2535 2 139
2536 7 129
2537 2 137
2538 0 124
2539 4 129
2540 4 123
2541 0 129
2542 10 129
2543 5 138
2544 0 127
2545 1 126
2546 6 123
2547 6 125
2548 2 134
2549 33 40
2550 36 38
2551 44 45
2552 33 39
2553 30 40
2554 32 44
2555 32 38
2556 42 30
2557 36 33
2558 32 34
2559 40 44
2560 30 42
2561 40 35
2562 40 44
2563 39 38
2564 44 43
2565 37 43
2566 39 41
2567 32 33
2568 82 167
2569 82 172
2570 78 164
2571 73 161
2572 70 161
2573 81 173
2574 67 162
2575 74 173
2576 68 166
2577 74 166
2578 76 163
2579 67 163
2580 74 163
2581 75 173
2582 75 164
2583 74 173
2584 77 165
2585 82 161
2586 73 169
2587 79 159
2588 81 169
2589 69 171
2590 69 172
2591 66 158
2592 65 160
2593 73 171
2594 82 172
2595 74 161
2596 76 158
2597 76 161
2598 211 24
2599 223 25
2600 214 18
2601 213 20
2602 215 15
2603 212 27
2604 218 17
2605 225 18
2606 225 24
2607 226 24
2608 218 23
2609 220 24
2610 220 13
2611 219 21
2612 214 19
2613 215 23
2614 223 14
2615 216 20
2616 214 25
2617 220 18
2618 214 27
2619 220 20
2620 226 21
2621 222 16
2622 217 21
2623 211 26
2624 224 18
2625 214 29
2626 221 25
2627 222 18
2628 195 179
2629 202 189
2630 197 187
2631 209 176
2632 195 175
2633 201 177
2634 204 181
2635 197 174
2636 196 187
2637 204 180
2638 199 188
2639 203 189
2640 199 189
2641 205 189
2642 209 186
2643 201 179
2644 193 189
2645 193 190
2646 195 188
2647 203 177
2648 196 186
2649 196 186
2650 208 175
2651 202 186
2652 195 189
2653 200 187
2654 196 187
2655 199 190
2656 200 186
2657 206 182
2658 63 22
2659 59 25
2660 64 12
2661 51 16
2662 46 14
2663 49 18
2664 58 23
2665 55 18
2666 53 18
2667 60 18
2668 59 24
2669 55 25
2670 50 24
2671 52 21
2672 48 22
2673 50 23
2674 47 16
2675 46 17
2676 62 27
2677 60 19
2678 50 16
2679 63 21
2680 47 18
2681 58 29
2682 46 22
2683 64 14
2684 60 20
2685 59 25
2686 59 21
2687 60 13
2688 129 236
2689 129 238
2690 121 231
2691 134 230
2692 133 245
2693 138 231
2694 132 241
2695 123 231
2696 127 229
2697 130 231
2698 136 239
2699 135 231
2700 128 233
2701 138 244
2702 131 245
2703 138 239
2704 128 243
2705 122 240
2706 122 246
2707 128 229
2708 136 234
2709 121 240
2710 127 246
2711 135 227
2712 121 238
2713 123 233
2714 132 229
2715 135 230
2716 128 245
2717 138 229
2718 220 66
2719 215 78
2720 212 81
2721 223 65
2722 223 77
2723 224 67
2724 212 79
2725 218 68
2726 225 65
2727 225 82
2728 224 74
2729 218 81
2730 226 77
2731 215 75
2732 218 70
2733 218 80
2734 222 76
2735 211 67
2736 223 70
2737 221 73
2738 217 81
2739 219 70
2740 220 66
2741 214 76
2742 222 66
2743 218 73
2744 215 72
2745 212 79
2746 215 74
2747 220 66
2748 47 169
2749 64 164
2750 54 159
2751 57 160
2752 55 159
2753 59 165
2754 54 158
2755 63 168
2756 63 165
2757 48 163
2758 59 162
2759 52 172
2760 54 158
2761 54 169
2762 57 169
2763 62 166
2764 54 164
2765 63 172
2766 54 173
2767 61 165
2768 53 171
2769 64 173
2770 50 158
2771 47 163
2772 60 173
2773 63 161
2774 61 167
2775 46 166
2776 54 158
2777 52 158
2778 222 79
2779 214 70
2780 217 70
2781 220 72
2782 225 68
2783 220 70
2784 213 79
2785 220 80
2786 222 73
2787 214 81
2788 224 82
2789 226 67
2790 220 73
2791 225 69
2792 223 82
2793 214 75
2794 224 81
2795 220 67
2796 213 79
2797 212 68
2798 221 65
2799 218 70
2800 222 65
2801 215 80
2802 215 79
2803 212 68
2804 213 79
2805 216 69
2806 219 70
2807 221 74
2808 91 31
2809 90 45
2810 85 30
2811 97 39
2812 85 44
2813 96 31
2814 90 44
2815 100 40
2816 83 33
2817 92 44
2818 94 36
2819 89 34
2820 94 32
2821 93 38
2822 93 32
2823 83 35
2824 99 34
2825 93 37
2826 92 42
2827 89 33
2828 92 40
2829 95 33
2830 92 31
2831 88 37
2832 84 45
2833 88 41
2834 87 41
2835 84 45
2836 96 41
2837 97 38
2838 102 91
2839 110 92
2840 104 88
2841 110 85
2842 101 97
2843 109 86
2844 114 85
2845 115 83
2846 114 91
2847 107 90
2848 113 83
2849 119 83
2850 108 95
2851 109 93
2852 112 97
2853 117 92
2854 105 88
2855 116 83
2856 111 89
2857 108 93
2858 106 87
2859 115 91
2860 116 88
2861 119 89
2862 120 95
2863 118 94
2864 117 88
2865 106 84
2866 108 96
2867 116 91
2868 44 85
2869 41 95
2870 32 86
2871 33 84
2872 42 90
2873 32 85
2874 38 98
2875 44 92
2876 32 89
2877 36 91
2878 32 83
2879 42 96
2880 34 91
2881 39 96
2882 38 94
2883 33 86
2884 42 87
2885 30 88
2886 33 93
2887 42 89
2888 41 83
2889 43 89
2890 36 89
2891 34 99
2892 41 94
2893 31 87
2894 42 84
2895 38 100
2896 30 83
2897 43 86
