219 244 10 2876
0 8
1 9
2 12
3 8
4 8
5 4
6 8
7 8
8 10
9 6
10 7
11 11
12 4
13 3
14 3
15 3
16 3
17 5
18 3
19 4
20 3
21 3
22 3
23 3
24 3
25 4
26 3
27 3
28 3
29 5
30 4
31 3
32 3
33 3
34 3
35 3
36 3
37 4
38 3
39 3
40 5
41 3
42 3
43 3
44 3
45 3
46 3
47 4
48 4
49 3
50 3
51 3
52 4
53 3
54 5
55 3
56 3
57 6
58 4
59 3
60 3
61 3
62 4
63 3
64 3
65 3
66 3
67 3
68 5
69 3
70 3
71 5
72 3
73 5
74 4
75 3
76 3
77 3
78 4
79 3
80 3
81 3
82 4
83 4
84 3
85 4
86 3
87 3
88 4
89 3
90 5
91 3
92 4
93 3
94 3
95 3
96 3
97 3
98 3
99 5
100 3
101 4
102 3
103 3
104 3
105 3
106 3
107 3
108 4
109 3
110 3
111 3
112 3
113 4
114 3
115 3
116 5
117 4
118 3
119 3
120 3
121 3
122 3
123 4
124 4
125 3
126 3
127 3
128 3
129 3
130 3
131 4
132 3
133 3
134 3
135 4
136 3
137 4
138 5
139 3
140 4
141 3
142 3
143 3
144 3
145 3
146 3
147 3
148 3
149 5
150 3
151 3
152 3
153 3
154 3
155 6
156 3
157 6
158 4
159 3
160 3
161 4
162 5
163 4
164 3
165 4
166 3
167 4
168 3
169 3
170 3
171 3
172 3
173 3
174 3
175 4
176 3
177 3
178 3
179 3
180 3
181 3
182 3
183 4
184 5
185 3
186 3
187 3
188 3
189 3
190 3
191 4
192 4
193 3
194 3
195 3
196 3
197 5
198 3
199 3
200 5
201 5
202 3
203 3
204 3
205 3
206 4
207 4
208 3
209 3
210 3
211 3
212 3
213 5
214 5
215 3
216 3
217 3
218 4
0 0 1
1 0 3
2 0 5
3 0 7
4 0 10
5 0 184
6 1 2
7 1 3
8 1 6
9 1 11
10 1 62
11 1 113
12 2 3
13 2 4
14 2 7
15 2 8
16 2 9
17 2 10
18 2 11
19 2 78
20 2 95
21 2 202
22 3 4
23 3 5
24 3 7
25 3 8
26 3 11
27 4 6
28 4 8
29 4 9
30 4 10
31 5 11
32 6 8
33 6 10
34 6 11
35 6 130
36 7 8
37 7 9
38 7 11
39 7 149
40 8 9
41 8 10
42 8 11
43 8 12
44 9 11
45 10 11
46 10 169
47 11 29
48 11 46
49 12 13
50 12 24
51 13 23
52 14 21
53 15 19
54 16 17
55 17 26
56 17 23
57 18 27
58 19 22
59 19 28
60 20 24
61 20 25
62 21 25
63 21 28
64 23 27
65 29 33
66 29 37
67 30 39
68 30 36
69 31 33
70 32 40
71 34 43
72 34 37
73 34 40
74 35 40
75 36 37
76 37 41
77 38 45
78 40 45
79 41 44
80 42 44
81 46 60
82 46 56
83 47 57
84 47 58
85 48 51
86 48 53
87 48 54
88 49 57
89 50 59
90 52 54
91 52 57
92 54 55
93 56 58
94 56 61
95 57 59
96 62 63
97 62 74
98 62 73
99 64 67
100 65 68
101 66 71
102 66 74
103 67 77
104 68 72
105 68 71
106 69 73
107 70 72
108 71 75
109 71 76
110 73 77
111 78 91
112 79 84
113 80 81
114 81 86
115 81 83
116 82 91
117 82 83
118 83 90
119 84 90
120 85 90
121 85 92
122 87 88
123 88 89
124 88 90
125 90 93
126 92 94
127 95 100
128 96 99
129 96 110
130 97 108
131 98 105
132 98 109
133 99 104
134 99 107
135 99 106
136 100 108
137 101 108
138 101 109
139 102 105
140 103 109
141 103 106
142 108 111
143 110 112
144 113 121
145 114 119
146 115 118
147 116 123
148 116 125
149 116 122
150 117 118
151 117 123
152 118 124
153 119 126
154 120 127
155 121 129
156 122 129
157 124 127
158 125 128
159 126 128
160 130 143
161 130 138
162 131 134
163 131 137
164 131 133
165 131 135
166 132 137
167 133 144
168 135 146
169 136 148
170 137 142
171 138 140
172 138 141
173 138 146
174 138 147
175 139 140
176 143 145
177 147 148
178 149 153
179 149 162
180 150 155
181 151 163
182 152 165
183 154 156
184 155 156
185 155 163
186 155 157
187 155 160
188 157 159
189 157 158
190 157 166
191 158 164
192 160 167
193 161 167
194 161 162
195 162 165
196 162 168
197 169 182
198 170 177
199 170 183
200 171 179
201 171 181
202 171 182
203 172 183
204 173 177
205 174 182
206 174 175
207 175 178
208 175 177
209 176 183
210 180 181
211 184 198
212 184 197
213 185 192
214 186 199
215 187 196
216 187 200
217 188 193
218 189 200
219 190 201
220 191 193
221 191 201
222 192 197
223 194 195
224 194 198
225 196 199
226 197 200
227 197 201
228 202 214
229 203 209
230 203 215
231 204 218
232 205 213
233 206 212
234 206 218
235 207 213
236 207 214
237 207 211
238 208 216
239 208 215
240 210 213
241 211 215
242 211 218
243 214 217
0 202 96
1 204 111
2 214 95
3 202 96
4 217 112
5 208 107
6 213 105
7 216 103
8 206 111
9 212 103
10 202 101
11 214 101
12 206 106
13 207 102
14 216 107
15 204 98
16 213 104
17 207 99
18 214 103
19 215 98
20 216 107
21 207 101
22 209 109
23 218 111
24 215 96
25 206 97
26 202 96
27 215 110
28 207 100
29 213 100
30 35 212
31 38 211
32 29 210
33 30 208
34 39 215
35 40 211
36 31 216
37 35 204
38 40 206
39 35 203
40 30 216
41 35 207
42 34 217
43 35 211
44 30 204
45 32 204
46 35 215
47 39 204
48 39 207
49 29 209
50 41 204
51 35 213
52 39 209
53 45 211
54 34 209
55 43 205
56 45 204
57 31 212
58 32 206
59 35 214
60 3 200
61 6 194
62 1 188
63 9 197
64 0 188
65 6 186
66 0 194
67 2 192
68 1 185
69 0 186
70 0 193
71 8 185
72 1 186
73 4 194
74 2 200
75 5 190
76 2 184
77 7 199
78 2 199
79 7 186
80 0 187
81 8 201
82 4 185
83 8 190
84 8 184
85 8 191
86 11 192
87 9 198
88 11 189
89 142 179
90 145 172
91 137 173
92 137 169
93 131 179
94 133 182
95 139 173
96 148 176
97 148 169
98 141 174
99 143 182
100 130 169
101 145 178
102 135 179
103 132 179
104 143 170
105 133 172
106 140 169
107 137 170
108 147 172
109 135 178
110 142 171
111 133 176
112 132 169
113 140 177
114 146 169
115 146 181
116 132 183
117 135 173
118 147 173
119 139 133
120 143 144
121 143 142
122 132 148
123 144 130
124 148 140
125 134 141
126 143 146
127 134 142
128 133 141
129 137 138
130 134 138
131 139 144
132 148 141
133 140 145
134 139 132
135 132 141
136 195 87
137 189 92
138 188 91
139 187 85
140 201 91
141 187 90
142 190 86
143 194 81
144 200 83
145 198 88
146 188 84
147 186 84
148 184 84
149 193 94
150 188 88
151 194 86
152 191 85
153 185 80
154 201 81
155 200 80
156 189 92
157 185 88
158 200 84
159 189 81
160 195 82
161 194 88
162 199 88
163 195 83
164 193 88
165 200 93
166 9 48
167 7 52
168 8 60
169 8 51
170 4 61
171 5 50
172 1 60
173 6 49
174 0 54
175 0 59
176 2 47
177 6 56
178 5 58
179 5 52
180 0 55
181 0 57
182 4 48
183 7 51
184 1 61
185 10 56
186 0 49
187 2 60
188 8 48
189 1 58
190 6 52
191 1 58
192 11 55
193 8 50
194 5 51
195 125 92
196 119 92
197 116 90
198 115 87
199 128 83
200 125 88
201 127 83
202 127 92
203 116 93
204 126 80
205 123 94
206 114 86
207 125 90
208 128 85
209 122 88
210 129 90
211 123 84
212 127 88
213 115 81
214 126 80
215 123 93
216 117 86
217 115 80
218 128 78
219 129 79
220 127 82
221 122 80
222 127 94
223 126 87
224 113 88
225 203 199
226 216 197
227 216 198
228 208 189
229 217 201
230 202 201
231 217 189
232 203 190
233 204 200
234 212 192
235 209 187
236 209 186
237 215 199
238 213 194
239 203 199
240 203 200
241 203 190
242 205 184
243 204 193
244 202 197
245 211 193
246 209 184
247 215 190
248 202 186
249 202 201
250 207 201
251 211 192
252 202 192
253 202 185
254 209 190
255 35 4
256 45 2
257 42 6
258 31 3
259 43 11
260 35 6
261 38 8
262 43 5
263 31 9
264 45 7
265 33 6
266 39 11
267 35 0
268 34 10
269 44 10
270 34 8
271 32 8
272 30 10
273 44 1
274 44 1
275 36 4
276 32 11
277 44 6
278 33 3
279 42 2
280 32 10
281 32 11
282 43 4
283 200 65
284 201 73
285 201 64
286 187 69
287 197 71
288 190 75
289 195 71
290 198 70
291 186 75
292 201 71
293 184 76
294 199 77
295 199 65
296 198 63
297 197 75
298 200 68
299 187 65
300 190 65
301 192 69
302 189 68
303 192 76
304 191 76
305 191 71
306 188 74
307 188 76
308 187 76
309 194 67
310 190 77
311 190 63
312 185 65
313 78 114
314 81 124
315 89 115
316 78 125
317 82 123
318 81 120
319 89 120
320 89 117
321 90 129
322 93 124
323 93 114
324 93 114
325 93 123
326 85 126
327 92 128
328 92 124
329 87 118
330 85 127
331 80 113
332 90 120
333 79 119
334 86 126
335 94 119
336 81 119
337 80 126
338 83 123
339 81 114
340 90 118
341 84 122
342 83 115
343 39 65
344 42 77
345 34 63
346 40 77
347 42 70
348 45 74
349 45 75
350 44 71
351 37 68
352 34 65
353 42 68
354 44 65
355 44 62
356 41 68
357 31 73
358 45 69
359 30 63
360 32 68
361 35 77
362 38 76
363 35 75
364 37 69
365 44 66
366 45 65
367 30 72
368 36 62
369 30 75
370 29 65
371 37 73
372 31 64
373 130 205
374 141 204
375 139 206
376 140 206
377 135 214
378 145 214
379 138 211
380 145 206
381 133 205
382 142 218
383 146 203
384 133 212
385 135 207
386 136 212
387 133 207
388 136 217
389 137 204
390 141 212
391 139 214
392 147 218
393 146 216
394 140 208
395 146 218
396 145 218
397 144 218
398 140 218
399 146 213
400 138 215
401 133 204
402 138 208
403 100 169
404 109 179
405 100 172
406 103 181
407 103 170
408 103 171
409 103 178
410 105 180
411 102 174
412 108 175
413 112 177
414 102 177
415 101 169
416 105 171
417 112 179
418 104 183
419 110 173
420 108 171
421 98 183
422 96 174
423 110 174
424 96 172
425 101 174
426 104 180
427 109 171
428 106 169
429 110 181
430 111 169
431 96 178
432 106 179
433 183 196
434 171 187
435 179 187
436 179 194
437 180 184
438 175 192
439 181 195
440 182 186
441 172 191
442 178 189
443 173 185
444 169 189
445 174 198
446 173 188
447 173 199
448 181 200
449 177 189
450 172 194
451 176 192
452 180 199
453 178 198
454 175 189
455 169 193
456 173 184
457 171 200
458 172 197
459 174 200
460 173 195
461 182 199
462 183 187
463 120 5
464 128 2
465 120 10
466 129 11
467 125 0
468 113 5
469 120 11
470 121 3
471 119 5
472 114 11
473 126 2
474 118 1
475 119 7
476 116 7
477 127 0
478 116 9
479 118 11
480 115 10
481 116 9
482 114 6
483 119 6
484 115 6
485 115 9
486 128 5
487 116 0
488 119 6
489 128 6
490 129 6
491 128 6
492 213 114
493 207 124
494 218 115
495 206 127
496 216 113
497 211 115
498 208 113
499 211 113
500 213 117
501 215 127
502 203 124
503 214 122
504 206 124
505 211 114
506 211 129
507 210 116
508 203 118
509 210 117
510 203 121
511 209 125
512 207 114
513 212 125
514 209 128
515 206 118
516 214 114
517 206 123
518 213 127
519 217 114
520 208 123
521 217 125
522 172 70
523 180 76
524 171 76
525 175 72
526 183 63
527 176 70
528 183 65
529 173 71
530 178 77
531 173 65
532 183 69
533 179 69
534 176 63
535 170 62
536 170 75
537 171 62
538 174 76
539 178 68
540 181 67
541 170 76
542 173 64
543 169 62
544 180 76
545 183 69
546 169 63
547 179 65
548 174 66
549 177 66
550 171 72
551 180 77
552 195 54
553 187 59
554 188 50
555 198 57
556 197 51
557 184 54
558 189 59
559 191 56
560 192 57
561 191 56
562 198 54
563 192 59
564 198 58
565 200 52
566 196 49
567 201 51
568 199 51
569 192 50
570 197 46
571 191 60
572 195 57
573 199 48
574 184 52
575 189 46
576 201 54
577 195 49
578 188 48
579 200 47
580 185 49
581 185 61
582 174 117
583 182 124
584 170 115
585 179 118
586 179 127
587 176 117
588 178 121
589 179 118
590 172 119
591 169 115
592 178 125
593 174 124
594 175 123
595 179 123
596 181 117
597 180 117
598 177 128
599 175 129
600 169 123
601 174 123
602 169 122
603 181 125
604 172 117
605 183 125
606 176 116
607 179 116
608 171 120
609 176 116
610 173 118
611 169 128
612 93 107
613 88 107
614 94 108
615 82 103
616 80 107
617 91 111
618 90 104
619 88 102
620 81 110
621 90 97
622 87 98
623 91 110
624 80 110
625 86 101
626 79 102
627 87 95
628 81 106
629 90 98
630 88 98
631 91 111
632 81 105
633 89 98
634 81 104
635 93 96
636 88 108
637 87 95
638 86 110
639 94 108
640 93 97
641 78 102
642 197 75
643 195 66
644 189 63
645 199 69
646 187 74
647 193 77
648 193 69
649 184 65
650 188 70
651 194 67
652 197 64
653 201 66
654 201 67
655 193 74
656 186 64
657 188 76
658 201 76
659 193 72
660 189 72
661 187 64
662 188 70
663 190 73
664 201 75
665 193 72
666 192 75
667 191 65
668 190 73
669 189 69
670 199 75
671 190 63
672 185 37
673 191 40
674 197 29
675 193 42
676 193 34
677 186 35
678 201 44
679 199 37
680 186 36
681 188 37
682 200 42
683 188 44
684 198 44
685 184 34
686 185 37
687 200 45
688 187 43
689 191 35
690 186 36
691 190 44
692 192 35
693 189 44
694 189 39
695 189 35
696 198 34
697 191 45
698 196 29
699 187 32
700 190 29
701 193 41
702 212 4
703 207 2
704 209 6
705 203 3
706 207 7
707 209 6
708 210 7
709 207 3
710 213 4
711 205 2
712 218 8
713 208 4
714 217 6
715 213 3
716 211 3
717 215 3
718 211 1
719 210 0
720 215 3
721 217 1
722 216 4
723 203 3
724 213 9
725 216 11
726 204 10
727 207 2
728 218 0
729 208 1
730 217 11
731 206 10
732 6 118
733 7 118
734 4 128
735 1 117
736 7 114
737 9 126
738 1 129
739 10 120
740 6 119
741 11 123
742 3 128
743 5 122
744 4 129
745 11 124
746 5 114
747 4 129
748 0 129
749 9 116
750 11 116
751 4 121
752 2 114
753 9 123
754 2 125
755 10 122
756 7 126
757 11 128
758 3 125
759 1 116
760 8 118
761 6 117
762 207 89
763 205 80
764 205 86
765 212 82
766 217 92
767 202 85
768 202 89
769 212 88
770 218 82
771 203 89
772 202 91
773 211 89
774 204 86
775 216 93
776 213 94
777 211 82
778 212 93
779 214 92
780 209 82
781 204 89
782 206 90
783 203 84
784 202 90
785 202 85
786 208 94
787 209 83
788 218 87
789 205 87
790 216 79
791 210 79
792 142 139
793 142 134
794 134 136
795 138 131
796 148 143
797 134 147
798 145 140
799 145 137
800 139 132
801 136 134
802 132 138
803 142 139
804 144 139
805 133 139
806 133 148
807 131 145
808 141 145
809 147 133
810 143 146
811 142 146
812 136 140
813 135 132
814 140 131
815 67 142
816 67 148
817 68 131
818 70 136
819 75 145
820 69 134
821 76 146
822 70 146
823 72 148
824 73 134
825 68 146
826 68 132
827 67 130
828 62 141
829 73 145
830 70 141
831 71 143
832 68 148
833 69 140
834 64 142
835 68 130
836 63 132
837 62 145
838 75 144
839 66 136
840 67 139
841 70 135
842 69 139
843 72 131
844 64 145
845 130 56
846 132 52
847 136 55
848 131 57
849 144 61
850 130 51
851 130 48
852 138 53
853 139 51
854 146 60
855 139 52
856 148 48
857 148 49
858 143 58
859 135 48
860 143 59
861 135 58
862 134 54
863 139 50
864 134 55
865 147 52
866 143 61
867 147 54
868 132 51
869 141 56
870 133 50
871 148 50
872 145 47
873 134 49
874 131 51
875 90 77
876 88 76
877 89 62
878 88 69
879 91 75
880 81 77
881 94 71
882 92 70
883 80 66
884 90 63
885 79 67
886 85 70
887 87 69
888 91 72
889 85 71
890 90 67
891 86 77
892 84 68
893 88 67
894 84 66
895 84 71
896 94 66
897 82 63
898 86 72
899 88 63
900 92 64
901 90 75
902 88 63
903 90 66
904 88 65
905 1 151
906 11 168
907 0 165
908 2 160
909 6 151
910 8 157
911 0 160
912 11 157
913 5 159
914 2 157
915 11 152
916 5 159
917 11 150
918 8 152
919 6 163
920 11 162
921 10 161
922 8 156
923 0 150
924 7 155
925 5 153
926 3 165
927 8 164
928 2 150
929 11 153
930 4 153
931 2 165
932 4 150
933 93 9
934 79 6
935 89 3
936 89 3
937 91 8
938 84 6
939 89 6
940 92 6
941 85 5
942 86 11
943 83 8
944 90 11
945 82 2
946 78 0
947 94 2
948 83 0
949 88 2
950 87 3
951 87 0
952 83 11
953 82 2
954 82 5
955 88 5
956 80 2
957 84 2
958 89 7
959 81 11
960 81 7
961 161 157
962 153 152
963 167 154
964 161 163
965 156 153
966 167 150
967 160 168
968 150 161
969 151 149
970 149 166
971 161 163
972 161 163
973 162 158
974 165 153
975 154 165
976 166 168
977 158 153
978 164 159
979 161 151
980 149 155
981 154 150
982 187 89
983 197 82
984 200 86
985 200 87
986 191 90
987 193 93
988 194 84
989 198 81
990 197 93
991 198 88
992 189 94
993 188 78
994 195 92
995 198 90
996 186 79
997 197 92
998 185 88
999 185 78
1000 198 80
1001 197 80
1002 184 80
1003 194 90
1004 194 83
1005 188 94
1006 185 79
1007 189 92
1008 190 79
1009 192 82
1010 196 84
1011 184 86
1012 23 20
1013 14 13
1014 22 13
1015 22 14
1016 24 16
1017 15 23
1018 27 16
1019 20 15
1020 25 26
1021 19 13
1022 13 20
1023 15 27
1024 16 15
1025 18 26
1026 17 24
1027 22 20
1028 13 26
1029 26 20
1030 17 25
1031 14 23
1032 26 192
1033 16 188
1034 21 186
1035 16 192
1036 28 192
1037 14 193
1038 26 198
1039 14 190
1040 26 194
1041 22 193
1042 25 198
1043 19 189
1044 16 186
1045 15 189
1046 24 201
1047 16 199
1048 17 196
1049 28 196
1050 19 185
1051 13 198
1052 17 191
1053 25 189
1054 14 188
1055 14 200
1056 20 192
1057 18 186
1058 15 189
1059 16 190
1060 16 199
1061 23 197
1062 169 181
1063 180 183
1064 169 181
1065 183 171
1066 179 176
1067 174 172
1068 177 176
1069 183 173
1070 176 174
1071 169 172
1072 169 177
1073 174 173
1074 178 183
1075 183 174
1076 180 175
1077 173 183
1078 176 169
1079 172 178
1080 171 176
1081 180 179
1082 106 183
1083 100 178
1084 99 182
1085 107 177
1086 106 177
1087 112 176
1088 97 171
1089 98 177
1090 96 176
1091 101 177
1092 100 179
1093 105 178
1094 110 177
1095 109 174
1096 108 179
1097 112 179
1098 110 182
1099 102 174
1100 109 179
1101 102 175
1102 102 183
1103 104 171
1104 99 179
1105 109 180
1106 109 176
1107 100 174
1108 97 171
1109 102 183
1110 100 175
1111 105 178
1112 165 38
1113 158 44
1114 157 39
1115 158 35
1116 165 45
1117 165 39
1118 166 41
1119 158 31
1120 155 42
1121 155 44
1122 157 38
1123 150 37
1124 166 38
1125 154 30
1126 162 29
1127 163 37
1128 160 34
1129 166 41
1130 163 35
1131 152 44
1132 164 43
1133 160 44
1134 163 43
1135 152 43
1136 156 29
1137 167 40
1138 162 35
1139 157 45
1140 168 39
1141 152 32
1142 199 120
1143 198 115
1144 187 125
1145 185 125
1146 199 124
1147 196 115
1148 201 129
1149 194 117
1150 200 120
1151 196 115
1152 184 126
1153 198 115
1154 193 128
1155 194 116
1156 196 115
1157 192 128
1158 201 115
1159 193 113
1160 193 113
1161 200 116
1162 188 117
1163 196 116
1164 191 128
1165 186 128
1166 194 116
1167 187 129
1168 198 117
1169 190 122
1170 195 118
1171 201 125
1172 23 142
1173 26 132
1174 19 133
1175 21 142
1176 27 136
1177 18 141
1178 14 147
1179 25 142
1180 21 143
1181 22 138
1182 14 140
1183 12 134
1184 16 133
1185 22 143
1186 22 142
1187 13 141
1188 20 135
1189 21 135
1190 22 148
1191 27 138
1192 20 137
1193 18 140
1194 28 134
1195 12 135
1196 27 145
1197 19 138
1198 28 132
1199 25 132
1200 28 134
1201 20 134
1202 38 42
1203 38 37
1204 39 33
1205 40 29
1206 38 29
1207 43 39
1208 35 29
1209 39 44
1210 38 37
1211 33 44
1212 41 30
1213 45 36
1214 45 41
1215 42 36
1216 40 39
1217 32 42
1218 44 43
1219 33 35
1220 33 45
1221 30 43
1222 41 30
1223 39 44
1224 36 32
1225 208 60
1226 204 57
1227 204 47
1228 212 54
1229 215 58
1230 209 51
1231 213 57
1232 210 61
1233 210 53
1234 217 55
1235 207 50
1236 212 54
1237 208 51
1238 207 48
1239 215 53
1240 213 56
1241 213 61
1242 214 56
1243 213 59
1244 206 60
1245 216 48
1246 205 56
1247 213 47
1248 206 60
1249 207 52
1250 203 58
1251 210 46
1252 203 56
1253 216 50
1254 218 52
1255 71 53
1256 65 52
1257 66 50
1258 69 50
1259 71 50
1260 65 47
1261 73 56
1262 62 49
1263 76 57
1264 72 52
1265 63 47
1266 71 54
1267 69 57
1268 63 51
1269 70 49
1270 75 48
1271 62 48
1272 64 58
1273 76 54
1274 65 61
1275 63 47
1276 72 50
1277 64 61
1278 71 48
1279 77 59
1280 62 52
1281 68 46
1282 65 58
1283 64 50
1284 69 55
1285 161 91
1286 162 84
1287 157 82
1288 154 87
1289 158 86
1290 153 80
1291 165 85
1292 165 94
1293 160 82
1294 154 89
1295 155 91
1296 159 82
1297 153 86
1298 167 93
1299 160 87
1300 158 90
1301 151 80
1302 168 87
1303 150 85
1304 155 84
1305 152 93
1306 160 87
1307 168 88
1308 150 94
1309 158 89
1310 159 93
1311 159 82
1312 164 84
1313 165 85
1314 159 87
1315 83 178
1316 87 181
1317 94 176
1318 79 179
1319 85 177
1320 82 183
1321 93 180
1322 86 170
1323 84 174
1324 90 172
1325 88 170
1326 85 181
1327 82 173
1328 80 169
1329 80 176
1330 90 170
1331 92 183
1332 89 173
1333 91 183
1334 86 176
1335 93 178
1336 92 177
1337 93 177
1338 88 177
1339 92 181
1340 92 170
1341 85 170
1342 81 174
1343 94 182
1344 80 170
1345 214 131
1346 216 138
1347 202 130
1348 217 147
1349 216 146
1350 205 143
1351 218 145
1352 218 143
1353 206 130
1354 203 132
1355 203 130
1356 210 146
1357 208 130
1358 215 147
1359 202 146
1360 209 131
1361 211 136
1362 209 135
1363 212 132
1364 203 140
1365 216 138
1366 209 131
1367 209 141
1368 210 142
1369 218 144
1370 218 144
1371 202 132
1372 208 138
1373 217 147
1374 214 142
1375 189 17
1376 201 25
1377 191 13
1378 200 22
1379 199 16
1380 195 19
1381 201 27
1382 193 26
1383 198 16
1384 199 18
1385 191 18
1386 189 19
1387 200 15
1388 190 20
1389 188 27
1390 198 21
1391 194 19
1392 186 28
1393 187 26
1394 186 24
1395 194 19
1396 199 18
1397 194 16
1398 194 14
1399 198 14
1400 197 19
1401 197 28
1402 189 19
1403 200 13
1404 187 25
1405 129 4
1406 121 5
1407 124 0
1408 122 8
1409 123 4
1410 114 6
1411 122 1
1412 128 6
1413 126 2
1414 115 9
1415 123 5
1416 122 7
1417 117 6
1418 115 6
1419 117 9
1420 123 0
1421 119 5
1422 118 1
1423 126 10
1424 115 9
1425 124 0
1426 118 4
1427 117 6
1428 120 8
1429 118 10
1430 117 5
1431 121 6
1432 123 7
1433 113 5
1434 125 205
1435 116 210
1436 113 203
1437 128 208
1438 127 203
1439 123 209
1440 124 217
1441 117 207
1442 121 202
1443 118 208
1444 118 211
1445 122 208
1446 123 212
1447 127 217
1448 127 206
1449 114 208
1450 118 216
1451 126 214
1452 126 204
1453 122 213
1454 116 209
1455 125 218
1456 121 205
1457 120 214
1458 129 215
1459 118 206
1460 117 208
1461 117 218
1462 119 208
1463 115 216
1464 214 142
1465 205 148
1466 209 138
1467 217 134
1468 204 148
1469 214 144
1470 218 145
1471 207 147
1472 207 135
1473 215 137
1474 206 136
1475 204 138
1476 205 146
1477 215 147
1478 206 138
1479 209 143
1480 217 142
1481 205 138
1482 206 131
1483 202 136
1484 216 147
1485 212 132
1486 210 135
1487 215 142
1488 216 140
1489 216 148
1490 205 136
1491 203 133
1492 218 146
1493 218 131
1494 62 87
1495 66 88
1496 68 80
1497 70 89
1498 67 79
1499 65 79
1500 65 84
1501 68 87
1502 71 86
1503 74 84
1504 71 84
1505 62 84
1506 68 82
1507 72 86
1508 69 87
1509 64 88
1510 64 82
1511 66 79
1512 73 91
1513 72 82
1514 67 83
1515 77 79
1516 68 79
1517 70 81
1518 68 85
1519 71 89
1520 67 90
1521 62 93
1522 74 82
1523 63 80
1524 37 48
1525 31 53
1526 43 56
1527 29 53
1528 36 58
1529 37 56
1530 36 56
1531 38 61
1532 29 55
1533 30 58
1534 31 48
1535 36 49
1536 39 49
1537 40 56
1538 30 58
1539 43 48
1540 31 56
1541 45 57
1542 44 57
1543 30 56
1544 41 49
1545 37 46
1546 37 57
1547 39 60
1548 31 53
1549 41 51
1550 41 61
1551 41 53
1552 36 54
1553 38 47
1554 39 108
1555 43 105
1556 34 100
1557 32 102
1558 37 110
1559 32 101
1560 38 105
1561 41 106
1562 39 110
1563 40 99
1564 30 97
1565 30 98
1566 38 97
1567 34 104
1568 40 108
1569 43 108
1570 40 100
1571 40 99
1572 38 109
1573 32 112
1574 32 100
1575 44 101
1576 37 111
1577 40 112
1578 29 110
1579 44 96
1580 45 112
1581 39 102
1582 40 98
1583 42 95
1584 31 12
1585 37 16
1586 44 13
1587 31 17
1588 44 28
1589 34 22
1590 36 13
1591 29 14
1592 45 21
1593 31 12
1594 31 26
1595 40 15
1596 37 17
1597 41 21
1598 44 25
1599 39 27
1600 30 15
1601 32 26
1602 40 27
1603 31 16
1604 29 20
1605 39 22
1606 45 12
1607 45 21
1608 29 16
1609 39 28
1610 38 13
1611 32 24
1612 30 17
1613 36 20
1614 187 109
1615 189 103
1616 184 95
1617 184 102
1618 190 110
1619 189 102
1620 187 103
1621 189 105
1622 195 112
1623 198 105
1624 199 105
1625 184 106
1626 192 98
1627 184 108
1628 195 107
1629 193 104
1630 192 100
1631 201 95
1632 201 99
1633 201 101
1634 198 108
1635 200 109
1636 197 96
1637 196 105
1638 188 99
1639 194 104
1640 199 105
1641 191 98
1642 186 99
1643 187 95
1644 63 15
1645 72 13
1646 77 17
1647 72 12
1648 68 14
1649 63 17
1650 70 18
1651 68 24
1652 67 15
1653 66 16
1654 76 26
1655 76 19
1656 65 14
1657 72 13
1658 69 14
1659 68 21
1660 72 28
1661 74 24
1662 73 13
1663 69 19
1664 71 15
1665 77 26
1666 76 14
1667 65 20
1668 73 25
1669 71 20
1670 75 23
1671 67 16
1672 71 27
1673 72 16
1674 88 159
1675 89 158
1676 83 150
1677 80 149
1678 90 158
1679 84 163
1680 82 149
1681 90 157
1682 79 166
1683 82 166
1684 84 164
1685 84 160
1686 92 155
1687 85 163
1688 83 150
1689 78 151
1690 78 166
1691 93 160
1692 91 165
1693 90 164
1694 81 163
1695 89 159
1696 94 163
1697 83 156
1698 94 153
1699 94 159
1700 80 165
1701 92 165
1702 86 149
1703 79 159
1704 184 188
1705 193 189
1706 184 191
1707 193 184
1708 194 189
1709 195 201
1710 185 193
1711 197 193
1712 189 190
1713 185 184
1714 200 185
1715 185 201
1716 186 189
1717 198 186
1718 196 189
1719 196 189
1720 197 188
1721 191 192
1722 200 198
1723 185 188
1724 188 194
1725 195 184
1726 14 166
1727 23 166
1728 26 162
1729 23 164
1730 21 159
1731 23 150
1732 27 166
1733 17 168
1734 20 164
1735 24 168
1736 17 161
1737 25 156
1738 25 155
1739 20 153
1740 25 159
1741 25 153
1742 16 156
1743 16 151
1744 17 163
1745 17 149
1746 25 154
1747 24 157
1748 13 160
1749 17 159
1750 16 164
1751 16 159
1752 27 150
1753 28 157
1754 21 156
1755 27 153
1756 25 89
1757 18 93
1758 12 87
1759 24 88
1760 17 79
1761 12 78
1762 20 93
1763 13 89
1764 12 87
1765 28 83
1766 19 81
1767 25 78
1768 21 91
1769 22 86
1770 12 85
1771 19 78
1772 22 94
1773 22 80
1774 28 78
1775 25 88
1776 27 79
1777 18 85
1778 22 80
1779 22 89
1780 26 89
1781 24 79
1782 28 81
1783 21 94
1784 16 88
1785 25 88
1786 33 56
1787 42 52
1788 34 49
1789 35 53
1790 35 51
1791 43 52
1792 35 56
1793 35 49
1794 30 48
1795 42 59
1796 29 54
1797 38 47
1798 31 54
1799 32 47
1800 40 46
1801 42 53
1802 35 53
1803 29 59
1804 30 49
1805 39 53
1806 31 56
1807 36 48
1808 32 52
1809 39 54
1810 37 54
1811 32 61
1812 40 55
1813 41 54
1814 34 54
1815 39 59
1816 78 148
1817 93 143
1818 88 144
1819 85 131
1820 94 141
1821 92 140
1822 81 133
1823 82 136
1824 83 147
1825 84 143
1826 88 130
1827 92 136
1828 78 146
1829 81 131
1830 81 146
1831 82 137
1832 93 140
1833 87 140
1834 87 134
1835 80 134
1836 92 137
1837 86 143
1838 84 140
1839 85 137
1840 93 143
1841 87 141
1842 79 143
1843 88 144
1844 87 148
1845 88 142
1846 132 14
1847 138 23
1848 136 22
1849 134 22
1850 141 25
1851 146 26
1852 142 28
1853 142 28
1854 142 24
1855 130 28
1856 139 13
1857 138 25
1858 148 15
1859 130 22
1860 136 26
1861 144 15
1862 137 17
1863 141 28
1864 134 28
1865 144 14
1866 147 24
1867 131 27
1868 146 17
1869 145 20
1870 135 25
1871 134 22
1872 139 28
1873 140 28
1874 131 18
1875 142 16
1876 48 167
1877 58 154
1878 51 152
1879 53 162
1880 56 163
1881 60 153
1882 61 154
1883 61 168
1884 47 164
1885 53 152
1886 57 159
1887 53 155
1888 48 164
1889 51 159
1890 47 163
1891 61 150
1892 53 163
1893 52 167
1894 58 149
1895 53 166
1896 56 154
1897 50 149
1898 47 167
1899 46 152
1900 57 152
1901 50 163
1902 49 164
1903 46 152
1904 60 168
1905 56 160
1906 107 92
1907 104 91
1908 96 94
1909 103 88
1910 105 85
1911 102 78
1912 97 84
1913 103 92
1914 99 80
1915 104 83
1916 107 85
1917 98 94
1918 112 86
1919 109 88
1920 95 84
1921 108 85
1922 102 87
1923 105 81
1924 104 91
1925 98 87
1926 99 84
1927 97 91
1928 95 94
1929 96 78
1930 98 88
1931 99 79
1932 104 92
1933 110 90
1934 96 85
1935 106 83
1936 61 183
1937 58 179
1938 51 181
1939 48 183
1940 51 183
1941 60 171
1942 46 171
1943 58 178
1944 53 179
1945 56 171
1946 47 172
1947 61 172
1948 55 182
1949 56 172
1950 46 174
1951 57 171
1952 48 182
1953 57 182
1954 59 180
1955 50 169
1956 48 175
1957 54 174
1958 61 181
1959 48 180
1960 49 169
1961 52 183
1962 59 178
1963 57 175
1964 58 172
1965 51 169
1966 163 72
1967 161 77
1968 157 71
1969 163 67
1970 163 64
1971 161 66
1972 162 73
1973 149 63
1974 150 76
1975 156 74
1976 154 65
1977 168 63
1978 150 65
1979 167 76
1980 161 65
1981 156 70
1982 155 69
1983 162 67
1984 162 64
1985 163 62
1986 152 72
1987 157 66
1988 168 67
1989 149 76
1990 168 74
1991 155 72
1992 164 64
1993 163 70
1994 163 76
1995 168 63
1996 6 73
1997 2 77
1998 5 71
1999 4 76
2000 8 77
2001 9 76
2002 10 65
2003 5 73
2004 6 77
2005 6 70
2006 4 73
2007 7 70
2008 9 70
2009 5 71
2010 10 63
2011 2 68
2012 3 76
2013 1 64
2014 4 71
2015 7 72
2016 7 69
2017 8 71
2018 8 74
2019 2 63
2020 0 63
2021 8 69
2022 0 73
2023 4 72
2024 11 74
2025 0 63
2026 170 83
2027 173 84
2028 181 87
2029 180 90
2030 175 87
2031 181 92
2032 180 90
2033 176 80
2034 183 84
2035 173 87
2036 183 84
2037 176 80
2038 181 79
2039 169 82
2040 170 85
2041 170 84
2042 170 94
2043 170 81
2044 169 90
2045 169 82
2046 170 85
2047 177 78
2048 180 87
2049 183 78
2050 180 91
2051 177 84
2052 178 93
2053 183 84
2054 171 82
2055 182 78
2056 117 17
2057 124 24
2058 123 27
2059 128 26
2060 127 20
2061 125 26
2062 113 12
2063 128 22
2064 126 26
2065 117 13
2066 125 14
2067 126 24
2068 120 14
2069 121 27
2070 120 21
2071 117 18
2072 118 26
2073 120 28
2074 128 19
2075 114 19
2076 122 18
2077 118 16
2078 117 13
2079 127 17
2080 125 27
2081 116 25
2082 122 18
2083 121 20
2084 123 14
2085 113 16
2086 218 2
2087 207 4
2088 209 3
2089 209 1
2090 212 1
2091 205 1
2092 208 10
2093 207 2
2094 206 5
2095 217 9
2096 205 11
2097 207 7
2098 204 1
2099 205 0
2100 208 8
2101 214 7
2102 218 2
2103 212 0
2104 214 8
2105 216 11
2106 217 10
2107 208 3
2108 210 3
2109 204 2
2110 203 3
2111 215 3
2112 210 7
2113 214 3
2114 210 2
2115 22 101
2116 15 106
2117 18 104
2118 15 97
2119 12 100
2120 20 98
2121 28 105
2122 20 101
2123 18 97
2124 15 103
2125 14 104
2126 12 101
2127 15 97
2128 16 98
2129 27 95
2130 19 110
2131 18 106
2132 19 110
2133 19 111
2134 16 101
2135 13 107
2136 27 99
2137 23 104
2138 15 98
2139 15 100
2140 20 105
2141 23 104
2142 25 107
2143 16 110
2144 22 96
2145 118 87
2146 127 85
2147 119 93
2148 128 92
2149 127 91
2150 122 94
2151 116 78
2152 113 84
2153 116 87
2154 120 89
2155 123 88
2156 118 90
2157 115 93
2158 113 87
2159 125 89
2160 115 87
2161 128 79
2162 120 92
2163 119 92
2164 119 79
2165 127 91
2166 119 84
2167 129 78
2168 113 94
2169 125 92
2170 125 88
2171 118 83
2172 127 82
2173 119 79
2174 115 89
2175 167 183
2176 166 170
2177 166 173
2178 156 178
2179 162 170
2180 158 178
2181 165 179
2182 149 169
2183 157 176
2184 160 170
2185 154 180
2186 158 169
2187 166 182
2188 167 183
2189 151 181
2190 164 171
2191 162 174
2192 154 178
2193 162 180
2194 153 181
2195 158 173
2196 161 181
2197 159 177
2198 154 170
2199 159 181
2200 168 170
2201 155 181
2202 166 179
2203 157 172
2204 158 173
2205 2 188
2206 11 195
2207 6 200
2208 9 184
2209 10 191
2210 9 186
2211 5 191
2212 2 195
2213 0 192
2214 9 200
2215 11 193
2216 7 198
2217 10 192
2218 7 187
2219 6 196
2220 2 194
2221 4 191
2222 10 193
2223 0 194
2224 2 189
2225 2 193
2226 4 200
2227 9 193
2228 3 188
2229 7 188
2230 10 190
2231 8 187
2232 152 96
2233 154 99
2234 156 110
2235 154 95
2236 161 106
2237 168 106
2238 158 110
2239 153 95
2240 151 95
2241 168 107
2242 156 105
2243 155 96
2244 166 109
2245 153 110
2246 151 109
2247 164 95
2248 151 102
2249 160 96
2250 162 99
2251 168 97
2252 164 108
2253 160 110
2254 163 98
2255 167 110
2256 165 99
2257 164 95
2258 166 104
2259 158 109
2260 164 106
2261 149 98
2262 14 191
2263 28 198
2264 24 190
2265 26 188
2266 26 196
2267 14 201
2268 23 198
2269 19 187
2270 24 188
2271 13 201
2272 20 187
2273 18 198
2274 13 201
2275 17 198
2276 24 193
2277 13 190
2278 20 188
2279 24 197
2280 26 195
2281 24 187
2282 20 191
2283 22 184
2284 13 190
2285 27 197
2286 19 186
2287 17 201
2288 17 195
2289 20 192
2290 24 200
2291 19 199
2292 55 4
2293 56 7
2294 59 11
2295 61 0
2296 53 7
2297 54 11
2298 59 1
2299 48 9
2300 49 1
2301 61 6
2302 56 10
2303 48 0
2304 48 8
2305 47 4
2306 51 5
2307 55 1
2308 61 3
2309 59 6
2310 53 9
2311 51 11
2312 50 9
2313 49 3
2314 47 6
2315 58 7
2316 55 8
2317 60 6
2318 53 2
2319 46 39
2320 61 37
2321 50 29
2322 53 32
2323 53 32
2324 47 35
2325 55 38
2326 52 36
2327 50 40
2328 52 37
2329 50 42
2330 56 40
2331 60 43
2332 59 36
2333 48 45
2334 58 41
2335 47 30
2336 50 40
2337 56 41
2338 46 44
2339 54 42
2340 59 42
2341 57 40
2342 50 31
2343 46 37
2344 61 35
2345 54 41
2346 57 39
2347 48 40
2348 58 45
2349 153 64
2350 168 63
2351 151 62
2352 156 65
2353 155 68
2354 165 70
2355 154 63
2356 153 71
2357 161 62
2358 157 64
2359 166 72
2360 162 77
2361 161 70
2362 162 73
2363 160 62
2364 164 74
2365 168 62
2366 150 71
2367 157 71
2368 168 72
2369 155 77
2370 150 73
2371 155 63
2372 149 76
2373 150 71
2374 157 74
2375 165 72
2376 155 72
2377 165 75
2378 168 64
2379 172 53
2380 178 55
2381 171 60
2382 176 59
2383 171 59
2384 182 54
2385 180 52
2386 179 54
2387 171 50
2388 183 59
2389 170 46
2390 172 51
2391 171 58
2392 182 52
2393 182 49
2394 177 54
2395 172 58
2396 178 48
2397 182 58
2398 179 60
2399 176 61
2400 172 56
2401 172 61
2402 173 59
2403 183 59
2404 180 54
2405 177 54
2406 170 59
2407 175 55
2408 170 54
2409 217 158
2410 211 155
2411 218 155
2412 207 168
2413 215 153
2414 205 149
2415 212 163
2416 211 157
2417 209 159
2418 211 152
2419 205 158
2420 206 157
2421 212 158
2422 202 151
2423 212 153
2424 218 156
2425 205 168
2426 206 166
2427 209 149
2428 204 158
2429 215 154
2430 217 149
2431 214 154
2432 216 159
2433 209 162
2434 209 160
2435 215 153
2436 212 163
2437 214 159
2438 203 165
2439 71 133
2440 71 141
2441 64 135
2442 64 141
2443 64 143
2444 73 145
2445 62 132
2446 77 141
2447 63 134
2448 70 137
2449 62 148
2450 70 145
2451 65 139
2452 68 143
2453 69 140
2454 73 141
2455 68 142
2456 62 141
2457 77 135
2458 64 146
2459 62 138
2460 66 135
2461 65 142
2462 64 145
2463 77 138
2464 68 145
2465 77 145
2466 75 140
2467 75 142
2468 65 135
2469 199 48
2470 185 46
2471 190 50
2472 186 49
2473 200 49
2474 194 58
2475 189 56
2476 198 55
2477 185 54
2478 185 54
2479 187 56
2480 201 56
2481 185 49
2482 192 57
2483 197 60
2484 192 54
2485 201 54
2486 185 54
2487 201 56
2488 197 51
2489 189 54
2490 195 54
2491 188 47
2492 187 61
2493 198 57
2494 193 56
2495 193 55
2496 186 48
2497 193 56
2498 195 50
2499 121 172
2500 116 170
2501 119 174
2502 122 178
2503 120 180
2504 127 174
2505 129 178
2506 126 172
2507 117 179
2508 129 173
2509 126 181
2510 123 170
2511 121 170
2512 129 178
2513 117 169
2514 129 173
2515 122 170
2516 123 177
2517 125 176
2518 123 178
2519 121 181
2520 127 182
2521 115 183
2522 123 178
2523 118 170
2524 113 175
2525 115 173
2526 122 171
2527 125 180
2528 128 174
2529 11 196
2530 9 192
2531 7 197
2532 11 191
2533 8 196
2534 6 187
2535 5 195
2536 2 200
2537 8 193
2538 7 186
2539 8 195
2540 9 191
2541 7 198
2542 4 197
2543 4 201
2544 5 185
2545 7 188
2546 3 194
2547 10 195
2548 1 196
2549 1 197
2550 2 185
2551 9 193
2552 11 198
2553 1 193
2554 6 185
2555 6 199
2556 8 196
2557 10 198
2558 10 200
2559 118 135
2560 128 132
2561 120 147
2562 118 142
2563 117 138
2564 129 136
2565 124 133
2566 119 134
2567 115 130
2568 127 137
2569 128 145
2570 126 130
2571 119 132
2572 126 147
2573 113 148
2574 119 132
2575 129 143
2576 120 131
2577 113 131
2578 124 147
2579 114 136
2580 122 144
2581 121 136
2582 114 143
2583 124 142
2584 124 133
2585 122 140
2586 128 144
2587 123 130
2588 125 137
2589 167 10
2590 164 3
2591 163 8
2592 155 1
2593 164 3
2594 159 8
2595 149 10
2596 161 10
2597 155 0
2598 159 6
2599 150 1
2600 163 6
2601 159 11
2602 164 5
2603 155 2
2604 149 4
2605 167 10
2606 158 3
2607 168 3
2608 158 5
2609 157 2
2610 163 6
2611 166 9
2612 161 11
2613 151 11
2614 150 3
2615 156 10
2616 163 1
2617 162 5
2618 153 11
2619 182 36
2620 176 39
2621 178 30
2622 180 42
2623 183 33
2624 176 33
2625 173 36
2626 178 33
2627 175 34
2628 181 40
2629 173 44
2630 176 41
2631 174 34
2632 183 29
2633 173 31
2634 169 38
2635 169 42
2636 179 39
2637 181 41
2638 180 38
2639 175 44
2640 173 37
2641 178 34
2642 175 39
2643 180 38
2644 175 41
2645 182 31
2646 172 29
2647 179 36
2648 176 44
2649 161 57
2650 163 59
2651 152 60
2652 149 59
2653 165 54
2654 158 58
2655 157 60
2656 168 61
2657 154 53
2658 160 47
2659 164 50
2660 160 54
2661 149 60
2662 161 51
2663 166 57
2664 156 55
2665 156 49
2666 168 50
2667 158 59
2668 154 52
2669 158 48
2670 165 47
2671 163 50
2672 168 48
2673 161 52
2674 157 48
2675 166 47
2676 150 56
2677 167 47
2678 157 48
2679 199 147
2680 201 132
2681 199 130
2682 188 144
2683 189 146
2684 198 138
2685 194 147
2686 200 138
2687 199 135
2688 201 130
2689 191 145
2690 201 144
2691 191 145
2692 195 141
2693 188 130
2694 186 142
2695 189 138
2696 186 147
2697 199 142
2698 192 141
2699 185 136
2700 196 143
2701 192 136
2702 199 131
2703 192 133
2704 197 134
2705 191 145
2706 201 147
2707 189 136
2708 188 142
2709 78 80
2710 92 93
2711 91 94
2712 85 81
2713 94 83
2714 84 82
2715 89 91
2716 88 80
2717 91 87
2718 91 87
2719 86 78
2720 78 81
2721 81 78
2722 88 80
2723 82 89
2724 89 80
2725 81 79
2726 152 126
2727 167 125
2728 155 128
2729 164 129
2730 152 127
2731 168 123
2732 160 114
2733 157 114
2734 165 121
2735 160 113
2736 166 128
2737 162 118
2738 156 117
2739 166 123
2740 164 114
2741 162 117
2742 160 116
2743 168 117
2744 168 114
2745 153 118
2746 153 114
2747 167 123
2748 158 117
2749 160 127
2750 151 127
2751 159 120
2752 155 124
2753 158 114
2754 168 129
2755 150 122
2756 14 148
2757 21 132
2758 17 136
2759 20 131
2760 19 136
2761 20 144
2762 16 139
2763 26 137
2764 27 140
2765 25 133
2766 26 135
2767 18 147
2768 15 143
2769 17 142
2770 14 145
2771 12 138
2772 20 137
2773 22 132
2774 14 147
2775 15 133
2776 14 130
2777 18 148
2778 24 146
2779 21 133
2780 21 140
2781 14 138
2782 22 147
2783 25 134
2784 20 146
2785 20 132
2786 147 154
2787 132 168
2788 132 168
2789 136 154
2790 146 153
2791 137 158
2792 136 162
2793 138 160
2794 132 163
2795 134 164
2796 133 163
2797 130 152
2798 137 165
2799 134 153
2800 144 163
2801 148 155
2802 137 159
2803 142 164
2804 134 164
2805 137 164
2806 141 160
2807 132 167
2808 132 150
2809 133 154
2810 140 160
2811 148 159
2812 130 161
2813 142 153
2814 143 155
2815 140 167
2816 159 31
2817 151 35
2818 152 39
2819 168 31
2820 155 45
2821 158 43
2822 154 38
2823 155 30
2824 149 31
2825 155 42
2826 153 37
2827 164 43
2828 168 35
2829 161 32
2830 149 42
2831 153 34
2832 164 42
2833 151 41
2834 156 31
2835 163 38
2836 163 31
2837 153 35
2838 159 30
2839 166 33
2840 164 36
2841 167 32
2842 155 33
2843 158 36
2844 167 35
2845 162 40
2846 95 195
2847 96 199
2848 100 185
2849 95 194
2850 110 189
2851 111 199
2852 96 196
2853 98 196
2854 112 184
2855 102 186
2856 96 192
2857 108 198
2858 95 199
2859 96 187
2860 111 200
2861 103 185
2862 105 184
2863 104 195
2864 109 186
2865 104 198
2866 105 187
2867 105 188
2868 97 189
2869 97 199
2870 112 185
2871 108 199
2872 100 188
2873 100 198
2874 104 184
2875 106 189
