239 269 10 2887
0 10
1 7
2 12
3 11
4 4
5 11
6 10
7 9
8 10
9 5
10 11
11 8
12 5
13 3
14 4
15 3
16 3
17 4
18 5
19 3
20 3
21 4
22 3
23 3
24 3
25 3
26 4
27 3
28 4
29 5
30 3
31 4
32 4
33 3
34 4
35 3
36 3
37 3
38 3
39 4
40 4
41 3
42 3
43 3
44 3
45 3
46 3
47 3
48 5
49 4
50 3
51 3
52 3
53 3
54 3
55 5
56 3
57 3
58 3
59 3
60 3
61 3
62 3
63 4
64 3
65 4
66 3
67 6
68 4
69 3
70 3
71 3
72 4
73 3
74 5
75 3
76 3
77 4
78 3
79 3
80 3
81 3
82 5
83 3
84 3
85 5
86 3
87 3
88 4
89 4
90 3
91 5
92 3
93 3
94 3
95 3
96 5
97 3
98 3
99 3
100 4
101 4
102 3
103 3
104 3
105 3
106 3
107 3
108 3
109 3
110 3
111 4
112 3
113 5
114 4
115 3
116 3
117 3
118 3
119 3
120 3
121 4
122 3
123 3
124 3
125 3
126 5
127 4
128 4
129 3
130 4
131 4
132 3
133 3
134 3
135 3
136 3
137 3
138 3
139 4
140 3
141 3
142 3
143 4
144 5
145 3
146 5
147 3
148 4
149 3
150 3
151 4
152 3
153 3
154 3
155 4
156 3
157 3
158 5
159 3
160 5
161 3
162 3
163 3
164 4
165 3
166 3
167 3
168 6
169 5
170 3
171 3
172 3
173 5
174 3
175 3
176 3
177 3
178 3
179 3
180 3
181 3
182 4
183 3
184 4
185 3
186 4
187 6
188 3
189 3
190 3
191 3
192 3
193 3
194 3
195 3
196 3
197 3
198 3
199 3
200 4
201 3
202 4
203 3
204 3
205 3
206 4
207 3
208 5
209 4
210 3
211 3
212 3
213 3
214 3
215 4
216 3
217 3
218 4
219 5
220 3
221 3
222 6
223 3
224 3
225 4
226 3
227 5
228 5
229 3
230 3
231 5
232 3
233 3
234 3
235 3
236 3
237 3
238 3
0 0 1
1 0 2
2 0 5
3 0 6
4 0 8
5 0 10
6 0 11
7 0 63
8 0 113
9 1 2
10 1 3
11 1 6
12 1 7
13 1 10
14 2 3
15 2 5
16 2 6
17 2 7
18 2 8
19 2 10
20 2 11
21 2 96
22 2 168
23 2 202
24 3 4
25 3 5
26 3 6
27 3 7
28 3 8
29 3 9
30 3 183
31 4 5
32 4 6
33 4 10
34 5 6
35 5 7
36 5 8
37 5 11
38 5 130
39 6 7
40 6 10
41 6 11
42 6 12
43 7 9
44 7 10
45 7 148
46 8 9
47 8 10
48 8 11
49 8 29
50 9 11
51 10 11
52 10 44
53 10 81
54 11 222
55 12 26
56 12 17
57 12 28
58 13 18
59 14 24
60 14 27
61 15 28
62 16 18
63 17 27
64 18 19
65 19 21
66 20 26
67 21 23
68 22 28
69 23 26
70 25 26
71 29 35
72 29 39
73 30 31
74 31 33
75 31 32
76 32 38
77 32 41
78 32 39
79 33 37
80 34 40
81 34 43
82 35 42
83 36 40
84 39 43
85 44 48
86 45 59
87 46 49
88 47 61
89 47 55
90 48 50
91 48 58
92 48 60
93 48 54
94 49 59
95 51 56
96 51 61
97 52 53
98 53 60
99 54 56
100 55 59
101 55 62
102 57 58
103 63 70
104 63 73
105 64 78
106 64 80
107 65 71
108 65 68
109 66 67
110 67 68
111 67 69
112 67 76
113 69 74
114 72 76
115 72 80
116 73 77
117 74 75
118 74 77
119 74 79
120 81 92
121 82 86
122 82 92
123 82 94
124 82 85
125 83 85
126 84 93
127 85 89
128 87 93
129 88 93
130 88 91
131 89 91
132 90 91
133 90 95
134 96 107
135 96 103
136 97 100
137 97 109
138 98 111
139 99 109
140 99 112
141 100 101
142 101 104
143 101 102
144 102 106
145 102 108
146 103 106
147 105 108
148 109 111
149 110 111
150 113 119
151 113 128
152 114 126
153 114 115
154 115 124
155 115 127
156 116 118
157 116 120
158 117 121
159 120 125
160 121 126
161 122 127
162 122 129
163 123 126
164 125 128
165 125 127
166 130 131
167 131 136
168 131 147
169 132 139
170 133 138
171 133 140
172 134 141
173 135 141
174 135 144
175 136 143
176 137 146
177 139 140
178 139 144
179 141 146
180 142 146
181 143 145
182 144 145
183 148 160
184 148 154
185 149 158
186 150 157
187 150 163
188 151 161
189 151 155
190 152 165
191 153 156
192 154 167
193 155 158
194 155 159
195 156 158
196 157 159
197 158 166
198 160 165
199 160 164
200 162 164
201 163 164
202 168 175
203 168 178
204 168 169
205 169 181
206 169 179
207 170 172
208 170 173
209 171 176
210 173 176
211 173 177
212 173 179
213 173 180
214 174 182
215 180 182
216 183 194
217 183 187
218 184 187
219 184 189
220 185 187
221 186 200
222 186 194
223 187 192
224 188 189
225 189 201
226 190 197
227 190 196
228 191 197
229 193 198
230 193 200
231 194 196
232 195 200
233 199 201
234 202 215
235 202 209
236 203 204
237 203 209
238 205 208
239 206 217
240 206 211
241 206 221
242 207 219
243 207 208
244 208 214
245 209 212
246 210 213
247 210 215
248 211 214
249 212 216
250 216 218
251 218 219
252 219 220
253 222 233
254 222 236
255 222 234
256 222 231
257 223 228
258 224 228
259 224 233
260 225 227
261 225 234
262 226 235
263 226 231
264 227 230
265 227 237
266 228 229
267 231 238
268 232 236
0 3 193
1 5 197
2 11 189
3 10 199
4 3 198
5 1 191
6 4 195
7 3 184
8 9 191
9 11 183
10 7 196
11 10 196
12 1 201
13 8 188
14 6 201
15 2 197
16 4 186
17 4 188
18 4 196
19 7 189
20 5 193
21 6 185
22 4 184
23 9 194
24 6 198
25 2 197
26 6 184
27 10 201
28 10 194
29 1 201
30 221 178
31 203 176
32 220 169
33 203 181
34 206 174
35 208 181
36 208 177
37 221 177
38 208 178
39 207 172
40 212 179
41 215 173
42 210 181
43 205 180
44 219 171
45 213 169
46 204 174
47 202 174
48 203 177
49 213 172
50 210 172
51 207 178
52 205 181
53 215 170
54 217 168
55 218 170
56 202 179
57 207 182
58 210 172
59 160 9
60 163 8
61 167 10
62 167 6
63 156 10
64 155 1
65 149 8
66 158 8
67 158 11
68 166 4
69 166 0
70 149 6
71 163 4
72 165 9
73 162 8
74 161 11
75 151 10
76 153 7
77 158 7
78 156 9
79 167 0
80 155 11
81 156 7
82 152 0
83 157 11
84 154 9
85 167 4
86 166 7
87 159 3
88 164 6
89 99 32
90 98 42
91 97 41
92 104 36
93 98 32
94 109 29
95 111 38
96 100 30
97 101 37
98 105 31
99 104 39
100 102 42
101 103 29
102 98 32
103 103 37
104 97 29
105 98 43
106 108 38
107 112 30
108 97 33
109 103 29
110 105 43
111 111 29
112 104 30
113 105 30
114 96 34
115 104 33
116 97 38
117 99 30
118 101 30
119 221 85
120 207 86
121 210 95
122 202 92
123 211 95
124 204 86
125 215 88
126 215 85
127 212 83
128 209 81
129 221 90
130 211 95
131 209 91
132 209 90
133 210 95
134 207 94
135 212 85
136 221 85
137 217 88
138 206 88
139 208 91
140 207 90
141 218 82
142 202 95
143 217 87
144 214 86
145 205 87
146 215 93
147 203 94
148 219 89
149 112 174
150 103 180
151 108 180
152 111 173
153 105 175
154 108 172
155 108 182
156 100 175
157 99 169
158 111 171
159 105 179
160 112 174
161 110 180
162 105 179
163 101 173
164 97 169
165 96 170
166 107 175
167 112 178
168 107 176
169 112 180
170 110 175
171 108 174
172 108 172
173 98 179
174 110 179
175 110 168
176 106 176
177 107 173
178 102 177
179 4 52
180 0 45
181 3 53
182 10 56
183 2 45
184 7 60
185 1 47
186 4 53
187 4 57
188 6 48
189 5 49
190 9 60
191 10 62
192 4 45
193 3 46
194 3 57
195 9 53
196 5 52
197 11 54
198 10 56
199 1 50
200 10 58
201 8 59
202 5 50
203 9 46
204 7 55
205 7 49
206 11 50
207 11 61
208 190 84
209 185 92
210 186 86
211 188 92
212 189 82
213 186 88
214 187 85
215 194 94
216 187 85
217 185 84
218 201 88
219 201 94
220 196 95
221 190 89
222 197 93
223 186 82
224 188 87
225 189 81
226 201 90
227 195 90
228 184 82
229 194 84
230 192 91
231 188 83
232 190 83
233 185 91
234 195 92
235 189 90
236 188 81
237 189 88
238 144 62
239 146 59
240 147 57
241 141 51
242 138 54
243 133 45
244 135 50
245 141 53
246 132 45
247 140 45
248 143 52
249 130 58
250 134 55
251 137 47
252 146 62
253 136 49
254 146 49
255 136 60
256 137 52
257 142 62
258 136 60
259 130 49
260 142 59
261 140 60
262 136 47
263 130 55
264 147 44
265 130 48
266 142 62
267 135 53
268 79 125
269 72 116
270 68 124
271 71 115
272 71 127
273 76 124
274 75 124
275 63 117
276 77 126
277 69 129
278 76 129
279 66 126
280 75 128
281 80 123
282 73 117
283 72 117
284 80 128
285 74 129
286 67 123
287 74 118
288 78 113
289 74 117
290 68 117
291 78 123
292 73 121
293 75 117
294 80 126
295 80 129
296 71 117
297 73 125
298 53 51
299 56 62
300 60 59
301 48 52
302 49 51
303 50 47
304 59 52
305 59 51
306 44 47
307 62 44
308 48 62
309 53 45
310 46 58
311 57 51
312 56 60
313 58 52
314 46 61
315 55 56
316 158 11
317 152 7
318 165 10
319 161 4
320 165 9
321 149 1
322 166 1
323 154 10
324 155 1
325 164 0
326 167 3
327 161 3
328 158 9
329 167 0
330 150 1
331 149 1
332 154 4
333 151 5
334 150 11
335 150 2
336 165 3
337 165 11
338 162 7
339 156 9
340 167 11
341 165 1
342 150 8
343 163 10
344 150 7
345 161 30
346 152 29
347 159 41
348 148 40
349 160 33
350 152 32
351 161 38
352 156 39
353 162 41
354 148 37
355 161 39
356 152 42
357 158 43
358 165 32
359 162 42
360 159 29
361 154 37
362 157 34
363 156 40
364 160 40
365 150 38
366 165 31
367 152 42
368 159 32
369 167 36
370 154 40
371 153 34
372 153 33
373 150 42
374 157 41
375 86 144
376 90 147
377 84 136
378 83 137
379 92 142
380 90 132
381 88 144
382 88 137
383 88 133
384 93 146
385 82 144
386 83 139
387 84 147
388 94 139
389 83 144
390 88 146
391 85 147
392 86 140
393 91 135
394 84 144
395 90 146
396 94 133
397 94 145
398 86 139
399 84 138
400 89 132
401 89 132
402 86 147
403 90 142
404 91 130
405 116 82
406 113 92
407 121 91
408 113 82
409 126 83
410 125 84
411 120 86
412 126 91
413 118 92
414 118 87
415 122 90
416 121 88
417 120 84
418 115 93
419 114 90
420 118 86
421 123 85
422 114 86
423 125 83
424 117 92
425 124 90
426 129 93
427 121 86
428 118 82
429 116 93
430 122 83
431 128 82
432 117 81
433 113 90
434 126 91
435 15 43
436 16 31
437 13 42
438 13 31
439 22 37
440 15 42
441 28 43
442 17 30
443 21 29
444 13 43
445 24 33
446 12 38
447 20 41
448 26 39
449 25 33
450 20 38
451 18 37
452 20 31
453 25 37
454 21 35
455 13 39
456 23 41
457 26 36
458 16 38
459 12 39
460 26 43
461 26 34
462 24 29
463 19 32
464 21 36
465 201 4
466 201 9
467 195 10
468 184 1
469 191 7
470 190 10
471 187 4
472 187 9
473 191 5
474 192 5
475 187 0
476 193 7
477 193 7
478 193 3
479 186 5
480 198 0
481 191 0
482 197 9
483 201 2
484 185 3
485 201 7
486 199 8
487 199 8
488 200 11
489 187 2
490 190 10
491 171 35
492 179 33
493 178 36
494 169 34
495 177 34
496 176 41
497 169 39
498 177 32
499 170 37
500 179 34
501 176 32
502 179 36
503 179 32
504 169 43
505 178 43
506 179 41
507 178 37
508 168 36
509 172 42
510 181 39
511 169 37
512 169 30
513 182 35
514 176 30
515 170 36
516 169 40
517 170 35
518 172 30
519 180 37
520 172 43
521 106 77
522 112 64
523 108 66
524 99 69
525 102 71
526 101 80
527 110 64
528 110 71
529 108 63
530 98 70
531 98 63
532 108 74
533 98 75
534 103 66
535 106 63
536 110 71
537 112 67
538 110 74
539 101 64
540 101 69
541 96 68
542 109 79
543 111 70
544 102 68
545 101 70
546 105 64
547 104 78
548 109 77
549 98 71
550 110 69
551 88 110
552 95 96
553 89 96
554 85 104
555 90 109
556 89 98
557 84 97
558 91 98
559 95 111
560 91 97
561 88 99
562 82 108
563 83 96
564 88 109
565 84 104
566 82 98
567 93 110
568 88 107
569 94 99
570 90 103
571 87 102
572 87 100
573 86 112
574 95 105
575 92 98
576 91 103
577 90 112
578 86 100
579 88 110
580 84 102
581 165 28
582 150 28
583 164 21
584 155 18
585 155 21
586 166 18
587 160 14
588 163 13
589 160 22
590 157 18
591 165 28
592 149 13
593 165 20
594 155 28
595 157 12
596 151 23
597 161 14
598 155 24
599 148 23
600 160 21
601 163 14
602 159 17
603 152 15
604 157 27
605 156 24
606 158 21
607 166 23
608 148 28
609 156 18
610 153 27
611 138 106
612 131 106
613 144 96
614 139 96
615 141 106
616 133 99
617 136 100
618 137 106
619 146 107
620 131 109
621 131 109
622 135 101
623 142 105
624 134 96
625 142 104
626 136 102
627 139 107
628 136 98
629 142 104
630 144 112
631 137 111
632 130 98
633 138 110
634 145 98
635 142 109
636 131 107
637 143 103
638 130 109
639 135 110
640 135 100
641 157 91
642 152 92
643 161 92
644 162 86
645 161 88
646 166 85
647 152 95
648 151 89
649 153 88
650 152 82
651 164 81
652 151 90
653 163 82
654 166 83
655 167 89
656 161 83
657 154 83
658 161 82
659 154 86
660 150 93
661 166 94
662 161 87
663 164 85
664 160 86
665 154 90
666 151 84
667 159 93
668 163 95
669 151 81
670 164 86
671 115 91
672 120 92
673 117 85
674 124 93
675 115 90
676 122 82
677 115 90
678 113 88
679 114 83
680 121 82
681 126 82
682 113 94
683 122 91
684 114 93
685 124 84
686 116 95
687 129 89
688 124 91
689 118 95
690 129 89
691 125 93
692 117 94
693 114 82
694 124 85
695 122 81
696 118 88
697 129 89
698 113 89
699 129 88
700 121 83
701 195 69
702 189 74
703 198 73
704 183 65
705 184 75
706 183 69
707 196 77
708 201 76
709 196 64
710 196 80
711 192 71
712 190 80
713 191 80
714 189 64
715 183 70
716 187 68
717 199 66
718 187 73
719 191 66
720 189 80
721 188 77
722 184 67
723 190 64
724 189 66
725 197 73
726 188 69
727 194 65
728 198 70
729 187 80
730 188 72
731 135 53
732 143 46
733 145 47
734 142 50
735 135 61
736 137 46
737 132 46
738 141 49
739 139 56
740 140 51
741 146 59
742 130 45
743 132 58
744 135 54
745 133 46
746 147 60
747 145 54
748 133 62
749 142 61
750 146 60
751 134 59
752 141 59
753 137 44
754 131 47
755 145 57
756 145 55
757 135 45
758 131 46
759 145 46
760 142 52
761 220 201
762 217 183
763 205 190
764 203 201
765 205 194
766 213 193
767 202 193
768 210 197
769 215 188
770 209 183
771 209 192
772 211 188
773 217 192
774 220 198
775 202 196
776 209 183
777 214 193
778 214 184
779 213 193
780 204 198
781 209 187
782 215 189
783 202 184
784 210 183
785 216 187
786 212 200
787 205 190
788 210 191
789 221 186
790 207 194
791 66 184
792 73 188
793 70 198
794 71 196
795 64 197
796 64 197
797 78 183
798 78 187
799 67 199
800 77 186
801 72 194
802 75 188
803 71 198
804 74 193
805 75 193
806 64 192
807 69 188
808 71 186
809 66 198
810 75 190
811 72 187
812 70 187
813 72 201
814 64 195
815 71 199
816 65 184
817 75 183
818 78 200
819 70 189
820 68 190
821 164 218
822 160 205
823 163 221
824 155 204
825 165 214
826 152 213
827 156 220
828 165 218
829 150 212
830 158 220
831 148 210
832 149 217
833 164 217
834 152 207
835 157 211
836 163 219
837 152 202
838 163 211
839 157 218
840 161 203
841 167 221
842 163 204
843 163 206
844 153 216
845 156 213
846 149 213
847 159 218
848 157 209
849 165 216
850 162 219
851 204 140
852 220 131
853 205 142
854 213 133
855 214 139
856 206 138
857 214 146
858 210 135
859 212 135
860 215 139
861 204 138
862 207 136
863 211 139
864 217 138
865 203 133
866 212 143
867 204 147
868 218 134
869 216 143
870 207 136
871 204 134
872 216 145
873 219 144
874 212 143
875 203 139
876 218 147
877 210 146
878 208 147
879 212 130
880 203 136
881 149 227
882 160 234
883 148 228
884 157 235
885 157 235
886 155 234
887 152 238
888 162 224
889 164 232
890 167 228
891 151 233
892 162 234
893 151 224
894 155 222
895 158 236
896 153 228
897 157 236
898 152 226
899 164 237
900 160 226
901 161 234
902 164 237
903 149 232
904 161 231
905 160 227
906 164 229
907 151 230
908 162 229
909 148 224
910 165 222
911 139 81
912 140 93
913 130 95
914 130 88
915 142 87
916 145 93
917 145 84
918 135 82
919 142 91
920 145 81
921 131 87
922 133 90
923 131 91
924 131 90
925 140 93
926 134 88
927 137 93
928 137 82
929 138 82
930 133 85
931 138 84
932 134 93
933 146 87
934 138 90
935 139 92
936 147 91
937 146 94
938 135 83
939 135 91
940 145 83
941 205 102
942 217 102
943 213 96
944 204 109
945 221 102
946 202 111
947 202 110
948 209 105
949 206 99
950 219 108
951 212 99
952 209 101
953 205 103
954 213 100
955 216 98
956 216 105
957 215 102
958 220 109
959 215 98
960 209 99
961 211 105
962 211 106
963 209 105
964 206 101
965 215 102
966 211 107
967 207 112
968 215 112
969 218 106
970 214 101
971 62 132
972 59 136
973 44 144
974 55 145
975 56 140
976 58 132
977 56 136
978 49 139
979 50 146
980 62 144
981 49 145
982 53 142
983 49 132
984 61 144
985 57 136
986 61 131
987 61 134
988 47 146
989 58 133
990 51 142
991 45 130
992 53 140
993 55 146
994 44 137
995 59 134
996 58 145
997 45 142
998 50 143
999 52 142
1000 49 143
1001 189 128
1002 183 116
1003 196 122
1004 199 113
1005 184 127
1006 183 126
1007 200 129
1008 186 117
1009 195 120
1010 188 119
1011 191 126
1012 187 126
1013 198 122
1014 196 126
1015 186 122
1016 201 115
1017 191 128
1018 193 123
1019 197 122
1020 186 113
1021 192 126
1022 187 116
1023 197 125
1024 192 116
1025 187 121
1026 186 118
1027 186 124
1028 187 115
1029 183 126
1030 198 116
1031 18 24
1032 19 20
1033 22 17
1034 14 26
1035 23 16
1036 19 25
1037 25 22
1038 13 15
1039 24 23
1040 20 15
1041 22 27
1042 23 22
1043 26 19
1044 16 28
1045 25 24
1046 21 15
1047 28 13
1048 15 25
1049 16 26
1050 21 25
1051 13 26
1052 28 25
1053 230 233
1054 238 234
1055 233 230
1056 234 232
1057 238 237
1058 233 223
1059 226 225
1060 227 232
1061 228 235
1062 229 233
1063 229 225
1064 227 235
1065 229 234
1066 235 223
1067 229 231
1068 235 232
1069 223 238
1070 235 228
1071 233 238
1072 224 231
1073 236 227
1074 225 229
1075 226 237
1076 87 29
1077 90 37
1078 91 32
1079 92 37
1080 93 33
1081 85 41
1082 81 33
1083 94 34
1084 92 40
1085 83 41
1086 88 34
1087 91 40
1088 85 34
1089 82 36
1090 83 39
1091 94 29
1092 90 35
1093 92 39
1094 90 30
1095 86 38
1096 93 39
1097 91 37
1098 91 32
1099 89 29
1100 85 35
1101 82 29
1102 93 30
1103 93 40
1104 84 43
1105 90 39
1106 6 195
1107 6 185
1108 7 189
1109 11 185
1110 11 188
1111 1 194
1112 7 194
1113 3 190
1114 1 185
1115 10 195
1116 0 196
1117 2 200
1118 10 195
1119 1 199
1120 0 187
1121 8 201
1122 9 201
1123 11 200
1124 7 194
1125 0 198
1126 8 199
1127 11 199
1128 4 197
1129 4 201
1130 2 198
1131 0 188
1132 85 32
1133 94 37
1134 94 34
1135 81 37
1136 88 43
1137 94 32
1138 83 42
1139 87 32
1140 95 41
1141 84 32
1142 84 33
1143 90 32
1144 82 42
1145 89 37
1146 83 38
1147 87 29
1148 86 34
1149 88 35
1150 81 30
1151 83 29
1152 88 40
1153 91 41
1154 83 41
1155 92 37
1156 85 40
1157 85 32
1158 84 29
1159 84 29
1160 94 36
1161 89 35
1162 148 162
1163 149 162
1164 150 167
1165 150 152
1166 152 163
1167 148 162
1168 155 164
1169 167 156
1170 163 152
1171 151 166
1172 152 154
1173 161 158
1174 158 161
1175 155 162
1176 160 155
1177 152 167
1178 157 160
1179 148 155
1180 166 151
1181 156 163
1182 160 151
1183 151 156
1184 161 160
1185 47 87
1186 59 89
1187 53 84
1188 58 91
1189 52 94
1190 54 93
1191 56 85
1192 56 85
1193 52 86
1194 47 81
1195 52 83
1196 54 90
1197 47 93
1198 52 95
1199 50 95
1200 47 92
1201 56 85
1202 53 94
1203 62 93
1204 49 86
1205 49 81
1206 60 85
1207 61 84
1208 45 90
1209 60 82
1210 61 83
1211 50 85
1212 58 81
1213 54 84
1214 50 95
1215 42 110
1216 42 106
1217 35 102
1218 35 99
1219 43 108
1220 32 111
1221 34 98
1222 30 101
1223 31 99
1224 39 100
1225 40 99
1226 40 101
1227 42 98
1228 41 106
1229 36 109
1230 42 96
1231 36 106
1232 42 111
1233 36 111
1234 30 111
1235 38 103
1236 38 104
1237 34 102
1238 32 96
1239 34 100
1240 34 102
1241 36 110
1242 42 103
1243 30 99
1244 33 98
1245 185 151
1246 196 161
1247 195 164
1248 194 165
1249 185 149
1250 187 155
1251 194 151
1252 200 148
1253 201 157
1254 195 159
1255 200 161
1256 188 163
1257 187 166
1258 187 156
1259 193 150
1260 200 165
1261 191 159
1262 193 148
1263 201 166
1264 196 157
1265 193 158
1266 183 153
1267 186 156
1268 187 159
1269 196 156
1270 200 152
1271 194 161
1272 198 148
1273 201 150
1274 200 149
1275 160 156
1276 163 155
1277 160 151
1278 156 157
1279 153 167
1280 164 161
1281 162 150
1282 156 162
1283 152 151
1284 154 151
1285 150 165
1286 155 160
1287 152 150
1288 148 163
1289 164 153
1290 154 152
1291 148 159
1292 158 150
1293 164 153
1294 151 167
1295 157 162
1296 156 150
1297 150 152
1298 213 232
1299 207 228
1300 218 229
1301 211 233
1302 218 229
1303 221 226
1304 212 232
1305 220 223
1306 216 227
1307 203 222
1308 212 233
1309 213 226
1310 221 222
1311 207 233
1312 221 231
1313 212 229
1314 216 229
1315 211 224
1316 204 234
1317 210 231
1318 209 236
1319 206 233
1320 202 229
1321 209 233
1322 202 232
1323 202 237
1324 214 234
1325 219 222
1326 220 235
1327 218 234
1328 158 77
1329 149 79
1330 149 63
1331 150 76
1332 152 63
1333 160 76
1334 151 67
1335 157 80
1336 153 65
1337 151 71
1338 158 63
1339 153 68
1340 156 78
1341 163 68
1342 158 78
1343 154 72
1344 152 74
1345 156 68
1346 152 73
1347 164 73
1348 151 69
1349 167 78
1350 159 76
1351 167 74
1352 159 80
1353 152 74
1354 158 63
1355 149 78
1356 166 79
1357 150 73
1358 0 54
1359 0 49
1360 5 61
1361 1 51
1362 2 56
1363 0 60
1364 0 46
1365 1 61
1366 10 58
1367 7 49
1368 0 62
1369 11 48
1370 4 52
1371 10 61
1372 5 59
1373 9 48
1374 0 59
1375 3 50
1376 1 62
1377 0 46
1378 0 62
1379 7 49
1380 7 55
1381 4 57
1382 11 47
1383 7 60
1384 7 56
1385 10 62
1386 4 57
1387 2 59
1388 75 147
1389 78 144
1390 66 146
1391 78 140
1392 78 133
1393 63 130
1394 65 131
1395 73 134
1396 79 133
1397 67 143
1398 64 140
1399 69 136
1400 67 142
1401 66 137
1402 80 147
1403 74 135
1404 73 147
1405 75 147
1406 67 132
1407 80 140
1408 63 131
1409 74 135
1410 64 147
1411 70 141
1412 79 145
1413 66 147
1414 74 140
1415 71 147
1416 74 136
1417 67 132
1418 107 49
1419 110 47
1420 106 56
1421 112 44
1422 102 50
1423 98 55
1424 101 57
1425 109 48
1426 97 62
1427 97 49
1428 96 60
1429 99 62
1430 101 45
1431 106 44
1432 110 60
1433 103 52
1434 110 53
1435 104 54
1436 111 45
1437 112 62
1438 97 59
1439 107 49
1440 112 51
1441 111 54
1442 103 49
1443 109 62
1444 102 44
1445 106 55
1446 104 59
1447 105 48
1448 58 194
1449 45 200
1450 56 184
1451 54 190
1452 56 192
1453 53 193
1454 58 197
1455 47 192
1456 51 191
1457 49 193
1458 61 197
1459 56 187
1460 58 194
1461 57 197
1462 50 192
1463 56 185
1464 48 193
1465 49 197
1466 50 199
1467 61 195
1468 54 190
1469 51 198
1470 58 198
1471 50 190
1472 61 187
1473 62 198
1474 55 197
1475 62 193
1476 57 185
1477 47 196
1478 188 227
1479 197 236
1480 194 226
1481 192 227
1482 193 227
1483 188 236
1484 198 232
1485 191 233
1486 191 231
1487 191 231
1488 188 226
1489 184 230
1490 183 225
1491 184 235
1492 188 227
1493 199 235
1494 192 233
1495 192 226
1496 201 225
1497 186 230
1498 194 226
1499 190 230
1500 195 233
1501 198 222
1502 186 230
1503 197 231
1504 184 234
1505 194 222
1506 201 229
1507 184 235
1508 36 90
1509 41 94
1510 37 90
1511 40 94
1512 38 94
1513 32 83
1514 34 90
1515 35 91
1516 29 90
1517 41 91
1518 42 95
1519 43 95
1520 33 86
1521 34 84
1522 39 94
1523 34 91
1524 30 93
1525 35 91
1526 37 84
1527 41 91
1528 34 81
1529 30 83
1530 29 86
1531 42 84
1532 32 92
1533 33 88
1534 43 93
1535 33 86
1536 34 85
1537 43 81
1538 70 12
1539 72 19
1540 73 20
1541 72 27
1542 80 18
1543 66 20
1544 80 26
1545 67 19
1546 67 21
1547 71 28
1548 80 13
1549 69 13
1550 72 28
1551 65 19
1552 72 25
1553 66 20
1554 72 24
1555 69 13
1556 76 28
1557 68 25
1558 63 25
1559 80 27
1560 67 13
1561 65 17
1562 64 27
1563 75 19
1564 73 18
1565 80 13
1566 65 19
1567 74 18
1568 79 101
1569 78 105
1570 78 102
1571 70 109
1572 65 110
1573 74 99
1574 80 97
1575 76 105
1576 75 99
1577 66 96
1578 73 104
1579 79 102
1580 68 108
1581 73 110
1582 73 100
1583 78 102
1584 79 96
1585 79 105
1586 66 97
1587 71 103
1588 68 105
1589 64 99
1590 68 108
1591 72 98
1592 74 106
1593 66 110
1594 63 96
1595 75 98
1596 78 103
1597 65 98
1598 201 161
1599 199 154
1600 196 158
1601 197 154
1602 190 165
1603 200 166
1604 201 153
1605 184 159
1606 197 167
1607 201 156
1608 192 160
1609 191 163
1610 201 165
1611 184 161
1612 193 149
1613 194 152
1614 196 158
1615 201 167
1616 190 148
1617 197 157
1618 189 166
1619 191 160
1620 187 166
1621 183 161
1622 193 162
1623 188 156
1624 191 150
1625 186 157
1626 194 160
1627 193 158
1628 90 228
1629 92 234
1630 94 235
1631 89 230
1632 82 229
1633 92 237
1634 89 233
1635 83 230
1636 82 233
1637 92 237
1638 94 226
1639 87 236
1640 85 233
1641 82 232
1642 85 231
1643 82 236
1644 86 237
1645 95 223
1646 85 223
1647 95 223
1648 95 238
1649 87 238
1650 89 224
1651 94 235
1652 92 227
1653 91 234
1654 90 223
1655 85 230
1656 89 228
1657 88 232
1658 199 122
1659 189 115
1660 199 114
1661 195 127
1662 186 120
1663 189 125
1664 201 115
1665 199 119
1666 199 121
1667 186 119
1668 195 124
1669 186 123
1670 185 118
1671 187 113
1672 183 128
1673 191 123
1674 200 113
1675 184 121
1676 191 122
1677 184 118
1678 187 118
1679 198 115
1680 193 120
1681 193 116
1682 187 127
1683 201 126
1684 184 124
1685 191 121
1686 195 119
1687 191 123
1688 73 122
1689 73 121
1690 67 124
1691 72 116
1692 78 123
1693 66 120
1694 77 122
1695 73 113
1696 71 120
1697 80 116
1698 67 113
1699 74 114
1700 71 117
1701 66 119
1702 78 123
1703 70 120
1704 79 113
1705 73 127
1706 76 121
1707 69 126
1708 65 127
1709 65 120
1710 80 115
1711 65 115
1712 79 113
1713 79 129
1714 68 126
1715 67 119
1716 77 127
1717 149 225
1718 154 224
1719 163 231
1720 151 227
1721 149 229
1722 159 238
1723 163 231
1724 158 238
1725 154 225
1726 155 238
1727 152 224
1728 156 232
1729 153 228
1730 161 228
1731 149 232
1732 164 234
1733 166 235
1734 165 232
1735 164 226
1736 155 228
1737 162 235
1738 152 237
1739 155 230
1740 159 225
1741 161 233
1742 151 230
1743 162 224
1744 162 233
1745 164 225
1746 154 224
1747 121 49
1748 129 62
1749 117 47
1750 115 56
1751 113 50
1752 125 53
1753 118 53
1754 129 55
1755 127 57
1756 129 61
1757 116 49
1758 125 61
1759 122 49
1760 115 47
1761 126 51
1762 129 48
1763 113 53
1764 119 56
1765 121 56
1766 115 50
1767 116 48
1768 127 61
1769 116 45
1770 119 53
1771 115 48
1772 125 61
1773 116 51
1774 113 50
1775 117 58
1776 115 55
1777 83 49
1778 89 53
1779 83 62
1780 94 52
1781 82 60
1782 81 45
1783 86 54
1784 88 44
1785 91 55
1786 94 53
1787 85 57
1788 92 45
1789 83 48
1790 83 56
1791 85 48
1792 93 58
1793 84 48
1794 89 46
1795 88 50
1796 89 51
1797 86 46
1798 82 62
1799 82 61
1800 84 62
1801 94 62
1802 95 62
1803 83 52
1804 85 50
1805 86 50
1806 131 0
1807 142 9
1808 135 0
1809 146 1
1810 140 10
1811 135 2
1812 131 10
1813 141 7
1814 140 7
1815 136 11
1816 133 9
1817 136 4
1818 133 0
1819 146 7
1820 140 10
1821 132 10
1822 140 8
1823 133 6
1824 136 0
1825 144 5
1826 132 10
1827 131 8
1828 140 4
1829 139 4
1830 134 1
1831 134 4
1832 130 10
1833 136 7
1834 149 23
1835 149 20
1836 151 26
1837 164 14
1838 158 23
1839 154 23
1840 150 26
1841 148 22
1842 162 25
1843 166 17
1844 148 27
1845 150 16
1846 156 16
1847 149 13
1848 155 17
1849 158 14
1850 160 20
1851 164 27
1852 155 14
1853 163 18
1854 152 18
1855 159 12
1856 148 26
1857 158 25
1858 166 16
1859 167 18
1860 154 26
1861 166 22
1862 155 21
1863 167 13
1864 40 115
1865 42 116
1866 41 121
1867 40 113
1868 30 114
1869 39 114
1870 42 122
1871 36 115
1872 31 124
1873 39 118
1874 34 123
1875 39 129
1876 31 121
1877 36 117
1878 31 120
1879 35 121
1880 30 121
1881 40 122
1882 32 123
1883 32 113
1884 29 119
1885 38 125
1886 40 127
1887 39 122
1888 43 122
1889 37 117
1890 39 121
1891 35 119
1892 36 125
1893 36 118
1894 191 45
1895 201 57
1896 200 62
1897 197 54
1898 189 61
1899 190 55
1900 193 52
1901 189 56
1902 193 51
1903 190 59
1904 196 59
1905 197 45
1906 192 50
1907 198 46
1908 199 50
1909 189 45
1910 200 45
1911 193 56
1912 193 44
1913 189 57
1914 199 54
1915 193 62
1916 186 47
1917 199 53
1918 185 49
1919 189 57
1920 183 44
1921 200 57
1922 183 48
1923 200 62
1924 166 75
1925 153 78
1926 162 66
1927 155 80
1928 152 75
1929 164 79
1930 153 75
1931 156 77
1932 164 77
1933 164 79
1934 166 67
1935 167 77
1936 150 70
1937 150 74
1938 155 80
1939 148 63
1940 162 70
1941 153 68
1942 166 73
1943 154 68
1944 152 77
1945 154 74
1946 155 67
1947 160 68
1948 152 73
1949 149 70
1950 164 70
1951 158 70
1952 162 80
1953 155 71
1954 220 72
1955 210 75
1956 216 71
1957 209 80
1958 207 79
1959 204 73
1960 208 80
1961 209 69
1962 216 76
1963 218 65
1964 217 66
1965 216 67
1966 202 70
1967 214 65
1968 212 68
1969 202 74
1970 212 79
1971 203 71
1972 210 68
1973 208 73
1974 207 66
1975 203 80
1976 220 79
1977 204 76
1978 216 64
1979 208 69
1980 215 76
1981 205 67
1982 218 72
1983 213 64
1984 14 224
1985 18 228
1986 12 229
1987 23 237
1988 25 226
1989 24 227
1990 15 236
1991 17 237
1992 25 223
1993 24 237
1994 16 231
1995 26 226
1996 13 225
1997 12 236
1998 15 226
1999 27 228
2000 19 222
2001 22 234
2002 27 233
2003 20 233
2004 28 229
2005 28 226
2006 12 224
2007 15 225
2008 25 223
2009 12 235
2010 13 223
2011 21 234
2012 20 230
2013 25 229
2014 17 169
2015 24 179
2016 28 170
2017 16 168
2018 20 172
2019 12 175
2020 27 168
2021 12 179
2022 13 169
2023 27 175
2024 21 176
2025 21 171
2026 16 177
2027 18 179
2028 18 173
2029 14 169
2030 14 174
2031 20 169
2032 18 168
2033 21 168
2034 23 172
2035 25 179
2036 18 171
2037 20 168
2038 25 174
2039 16 175
2040 26 171
2041 15 177
2042 28 170
2043 26 173
2044 229 120
2045 230 127
2046 226 118
2047 226 116
2048 230 113
2049 235 129
2050 224 127
2051 236 123
2052 225 119
2053 222 119
2054 229 126
2055 224 125
2056 223 119
2057 229 118
2058 230 115
2059 233 125
2060 236 120
2061 235 123
2062 229 123
2063 227 125
2064 237 114
2065 230 119
2066 234 124
2067 233 120
2068 230 125
2069 228 125
2070 225 128
2071 233 123
2072 237 117
2073 234 115
2074 23 144
2075 13 130
2076 23 130
2077 19 147
2078 26 145
2079 28 137
2080 23 145
2081 23 145
2082 14 130
2083 12 139
2084 18 140
2085 21 140
2086 16 132
2087 16 132
2088 17 141
2089 14 147
2090 18 146
2091 19 137
2092 23 140
2093 23 131
2094 25 131
2095 21 147
2096 12 147
2097 26 130
2098 22 136
2099 12 144
2100 21 137
2101 12 143
2102 27 142
2103 22 143
2104 24 126
2105 24 121
2106 23 121
2107 14 124
2108 25 115
2109 21 122
2110 22 123
2111 25 113
2112 27 122
2113 13 116
2114 21 126
2115 14 118
2116 19 121
2117 26 126
2118 15 125
2119 25 117
2120 18 114
2121 20 126
2122 21 126
2123 28 121
2124 15 120
2125 19 122
2126 13 123
2127 25 123
2128 12 128
2129 27 126
2130 13 122
2131 25 118
2132 24 124
2133 25 117
2134 127 83
2135 122 87
2136 116 87
2137 122 87
2138 122 88
2139 128 81
2140 125 87
2141 118 91
2142 126 86
2143 116 93
2144 129 92
2145 121 88
2146 129 90
2147 118 94
2148 124 94
2149 122 91
2150 117 89
2151 113 90
2152 129 86
2153 129 83
2154 116 85
2155 126 86
2156 124 92
2157 121 93
2158 123 85
2159 122 83
2160 126 82
2161 122 86
2162 114 85
2163 123 81
2164 37 139
2165 32 130
2166 34 130
2167 32 131
2168 38 136
2169 43 142
2170 37 145
2171 41 143
2172 38 132
2173 32 142
2174 30 145
2175 40 139
2176 40 135
2177 34 145
2178 34 147
2179 39 137
2180 32 144
2181 37 140
2182 37 136
2183 30 136
2184 42 140
2185 30 144
2186 33 141
2187 40 141
2188 30 131
2189 39 132
2190 31 135
2191 30 134
2192 29 137
2193 37 145
2194 120 123
2195 113 129
2196 121 124
2197 121 128
2198 126 124
2199 124 121
2200 129 121
2201 120 115
2202 116 115
2203 120 121
2204 119 117
2205 129 115
2206 114 120
2207 119 115
2208 117 127
2209 128 123
2210 120 119
2211 121 127
2212 118 114
2213 122 118
2214 121 116
2215 124 120
2216 113 116
2217 27 9
2218 21 7
2219 18 4
2220 28 4
2221 16 8
2222 21 6
2223 15 3
2224 19 4
2225 15 0
2226 15 6
2227 20 7
2228 24 10
2229 20 3
2230 17 10
2231 14 7
2232 13 11
2233 20 1
2234 20 8
2235 17 1
2236 15 3
2237 19 8
2238 23 2
2239 22 2
2240 21 3
2241 13 2
2242 22 2
2243 23 8
2244 13 2
2245 25 7
2246 73 75
2247 68 75
2248 75 71
2249 71 80
2250 71 70
2251 76 79
2252 73 78
2253 71 67
2254 67 70
2255 78 74
2256 67 75
2257 71 79
2258 66 79
2259 80 71
2260 70 67
2261 79 73
2262 73 75
2263 78 77
2264 67 77
2265 73 80
2266 71 78
2267 159 188
2268 162 189
2269 160 189
2270 157 200
2271 157 186
2272 152 196
2273 158 186
2274 166 194
2275 160 187
2276 154 191
2277 159 198
2278 164 187
2279 154 185
2280 163 191
2281 154 197
2282 163 189
2283 161 191
2284 157 196
2285 161 199
2286 163 198
2287 166 189
2288 150 183
2289 167 188
2290 152 199
2291 149 199
2292 156 183
2293 162 193
2294 154 192
2295 148 188
2296 163 201
2297 65 190
2298 77 184
2299 63 185
2300 69 191
2301 80 197
2302 67 191
2303 64 185
2304 66 191
2305 67 191
2306 65 195
2307 67 193
2308 67 190
2309 64 192
2310 63 194
2311 70 191
2312 69 200
2313 64 194
2314 73 183
2315 63 189
2316 74 188
2317 66 197
2318 72 196
2319 74 200
2320 77 200
2321 63 196
2322 80 194
2323 67 184
2324 65 193
2325 70 185
2326 65 193
2327 97 5
2328 98 3
2329 103 11
2330 104 5
2331 98 8
2332 99 0
2333 107 8
2334 107 1
2335 109 6
2336 97 1
2337 110 4
2338 110 9
2339 102 9
2340 107 11
2341 103 4
2342 104 0
2343 108 3
2344 110 6
2345 110 2
2346 104 10
2347 112 11
2348 102 7
2349 100 11
2350 108 1
2351 111 9
2352 107 6
2353 108 4
2354 108 4
2355 179 63
2356 177 73
2357 178 64
2358 169 77
2359 173 72
2360 181 65
2361 178 64
2362 174 67
2363 170 74
2364 178 75
2365 178 78
2366 182 80
2367 180 65
2368 181 72
2369 182 66
2370 168 79
2371 176 79
2372 177 71
2373 177 68
2374 168 70
2375 171 66
2376 173 63
2377 179 75
2378 181 64
2379 181 72
2380 177 63
2381 180 68
2382 169 78
2383 170 80
2384 178 71
2385 99 43
2386 105 33
2387 112 40
2388 110 35
2389 105 32
2390 103 39
2391 99 31
2392 111 43
2393 109 43
2394 99 30
2395 104 35
2396 106 31
2397 111 40
2398 99 41
2399 111 43
2400 100 41
2401 107 34
2402 100 36
2403 107 30
2404 100 37
2405 105 29
2406 99 43
2407 100 42
2408 99 30
2409 109 40
2410 108 34
2411 103 43
2412 104 29
2413 101 36
2414 99 36
2415 42 30
2416 39 30
2417 40 39
2418 40 29
2419 40 42
2420 29 33
2421 30 36
2422 30 35
2423 43 35
2424 30 41
2425 40 31
2426 37 35
2427 41 30
2428 33 40
2429 40 35
2430 30 35
2431 30 29
2432 33 34
2433 42 30
2434 42 171
2435 40 169
2436 42 179
2437 34 182
2438 40 179
2439 30 172
2440 42 169
2441 35 172
2442 35 178
2443 33 173
2444 35 173
2445 34 172
2446 35 171
2447 39 176
2448 43 169
2449 41 178
2450 32 175
2451 30 172
2452 35 178
2453 31 180
2454 41 178
2455 31 172
2456 38 172
2457 39 181
2458 37 173
2459 39 180
2460 41 181
2461 34 180
2462 30 175
2463 35 178
2464 122 190
2465 126 192
2466 127 185
2467 119 186
2468 129 193
2469 118 185
2470 121 185
2471 117 200
2472 122 190
2473 117 187
2474 115 195
2475 114 193
2476 123 194
2477 119 198
2478 129 198
2479 127 199
2480 121 196
2481 113 186
2482 121 183
2483 127 188
2484 127 194
2485 124 201
2486 120 187
2487 124 185
2488 127 190
2489 127 200
2490 119 190
2491 121 198
2492 128 198
2493 126 192
2494 209 75
2495 205 64
2496 219 78
2497 206 71
2498 218 74
2499 205 73
2500 219 68
2501 210 65
2502 205 76
2503 208 70
2504 216 63
2505 219 69
2506 220 77
2507 204 68
2508 219 77
2509 212 74
2510 212 68
2511 204 67
2512 202 64
2513 207 67
2514 221 65
2515 213 75
2516 206 73
2517 206 77
2518 207 71
2519 205 79
2520 218 72
2521 203 78
2522 211 77
2523 217 73
2524 53 43
2525 46 34
2526 62 38
2527 47 35
2528 46 29
2529 58 38
2530 56 43
2531 59 37
2532 57 35
2533 62 42
2534 45 42
2535 60 41
2536 48 33
2537 56 43
2538 52 32
2539 45 40
2540 62 39
2541 50 37
2542 53 41
2543 56 29
2544 44 38
2545 55 42
2546 46 30
2547 62 41
2548 46 40
2549 50 43
2550 62 33
2551 56 30
2552 56 38
2553 58 33
2554 99 5
2555 112 1
2556 106 11
2557 100 11
2558 109 2
2559 99 1
2560 106 10
2561 103 6
2562 112 11
2563 101 1
2564 105 8
2565 98 8
2566 112 11
2567 109 6
2568 104 1
2569 100 3
2570 106 8
2571 112 2
2572 105 2
2573 112 2
2574 110 10
2575 100 9
2576 111 8
2577 111 4
2578 111 8
2579 107 5
2580 109 3
2581 100 7
2582 107 4
2583 17 191
2584 26 189
2585 23 189
2586 24 189
2587 16 200
2588 25 197
2589 20 190
2590 17 183
2591 13 199
2592 12 192
2593 16 188
2594 14 183
2595 15 188
2596 23 193
2597 13 192
2598 25 184
2599 17 191
2600 25 198
2601 12 201
2602 23 185
2603 22 191
2604 24 192
2605 15 197
2606 14 191
2607 21 193
2608 19 194
2609 24 193
2610 22 187
2611 23 200
2612 16 184
2613 225 22
2614 228 28
2615 230 16
2616 222 24
2617 223 23
2618 237 22
2619 229 14
2620 231 15
2621 223 28
2622 230 17
2623 237 17
2624 233 21
2625 226 15
2626 234 17
2627 230 14
2628 237 17
2629 236 16
2630 236 19
2631 229 22
2632 234 28
2633 229 26
2634 236 18
2635 224 25
2636 227 19
2637 233 14
2638 230 19
2639 235 26
2640 223 20
2641 224 20
2642 230 22
2643 143 141
2644 131 133
2645 139 143
2646 145 138
2647 132 147
2648 130 146
2649 144 147
2650 147 138
2651 141 145
2652 132 137
2653 146 144
2654 135 147
2655 135 143
2656 130 141
2657 142 135
2658 142 130
2659 119 30
2660 129 41
2661 117 31
2662 124 36
2663 115 32
2664 125 42
2665 113 40
2666 120 37
2667 121 36
2668 126 43
2669 122 31
2670 122 34
2671 125 31
2672 123 38
2673 123 30
2674 122 41
2675 114 39
2676 128 35
2677 125 32
2678 117 33
2679 128 40
2680 113 35
2681 126 35
2682 126 32
2683 120 37
2684 117 29
2685 117 31
2686 123 41
2687 118 32
2688 123 41
2689 6 59
2690 1 59
2691 11 56
2692 2 59
2693 9 50
2694 7 56
2695 11 55
2696 6 58
2697 3 49
2698 11 62
2699 7 47
2700 9 55
2701 4 48
2702 5 61
2703 6 45
2704 2 59
2705 11 51
2706 8 50
2707 1 59
2708 2 61
2709 2 53
2710 1 60
2711 0 54
2712 7 48
2713 9 62
2714 8 50
2715 0 46
2716 9 50
2717 6 47
2718 222 171
2719 233 171
2720 237 169
2721 227 181
2722 234 182
2723 236 179
2724 227 181
2725 233 175
2726 230 182
2727 230 175
2728 222 182
2729 225 181
2730 224 174
2731 229 177
2732 229 168
2733 235 173
2734 227 174
2735 225 173
2736 232 170
2737 232 177
2738 228 181
2739 236 169
2740 233 177
2741 233 170
2742 236 175
2743 233 176
2744 222 176
2745 227 180
2746 227 168
2747 238 176
2748 12 106
2749 26 101
2750 13 101
2751 24 96
2752 14 111
2753 24 107
2754 13 107
2755 14 109
2756 23 103
2757 12 111
2758 17 111
2759 21 111
2760 15 107
2761 27 109
2762 20 103
2763 12 106
2764 19 97
2765 28 109
2766 20 104
2767 16 102
2768 16 99
2769 20 107
2770 22 112
2771 19 110
2772 25 98
2773 19 107
2774 12 100
2775 23 100
2776 17 98
2777 21 97
2778 132 228
2779 146 232
2780 136 232
2781 145 237
2782 144 230
2783 141 227
2784 143 223
2785 146 237
2786 136 226
2787 133 228
2788 137 229
2789 136 237
2790 141 222
2791 142 223
2792 130 228
2793 132 233
2794 138 225
2795 136 229
2796 139 237
2797 131 226
2798 142 225
2799 136 231
2800 142 223
2801 137 234
2802 136 225
2803 137 231
2804 139 231
2805 141 229
2806 133 225
2807 144 231
2808 179 66
2809 181 78
2810 181 64
2811 178 80
2812 177 78
2813 178 75
2814 177 69
2815 171 75
2816 182 71
2817 169 67
2818 169 65
2819 180 68
2820 171 75
2821 173 76
2822 178 66
2823 182 72
2824 174 78
2825 174 63
2826 169 78
2827 174 63
2828 180 79
2829 181 77
2830 180 71
2831 168 78
2832 169 64
2833 172 80
2834 169 80
2835 176 64
2836 172 79
2837 177 77
2838 170 168
2839 174 178
2840 174 181
2841 173 175
2842 171 179
2843 178 177
2844 181 182
2845 174 172
2846 171 169
2847 168 172
2848 182 176
2849 174 181
2850 169 180
2851 171 177
2852 170 178
2853 172 178
2854 179 171
2855 173 178
2856 170 182
2857 148 87
2858 159 84
2859 149 87
2860 158 88
2861 151 88
2862 167 89
2863 150 83
2864 162 88
2865 149 94
2866 151 85
2867 159 83
2868 157 91
2869 166 83
2870 151 93
2871 148 84
2872 164 90
2873 156 92
2874 160 88
2875 166 89
2876 157 85
2877 165 86
2878 150 94
2879 151 82
2880 155 88
2881 149 89
2882 164 85
2883 164 87
2884 152 91
2885 167 81
2886 160 86
