273 296 10 2883
0 11
1 9
2 7
3 6
4 4
5 13
6 6
7 7
8 6
9 9
10 7
11 8
12 7
13 3
14 3
15 3
16 3
17 5
18 3
19 3
20 3
21 3
22 3
23 3
24 4
25 3
26 3
27 5
28 5
29 4
30 3
31 3
32 4
33 6
34 3
35 3
36 3
37 4
38 3
39 3
40 3
41 3
42 4
43 4
44 4
45 3
46 3
47 3
48 3
49 3
50 3
51 3
52 6
53 4
54 3
55 3
56 3
57 3
58 3
59 3
60 4
61 3
62 4
63 3
64 3
65 5
66 3
67 3
68 3
69 3
70 5
71 5
72 3
73 3
74 4
75 3
76 4
77 3
78 3
79 3
80 3
81 5
82 3
83 4
84 3
85 4
86 3
87 3
88 3
89 3
90 3
91 3
92 3
93 3
94 3
95 3
96 5
97 3
98 3
99 5
100 3
101 3
102 3
103 3
104 5
105 3
106 3
107 4
108 3
109 3
110 5
111 3
112 4
113 3
114 3
115 3
116 3
117 3
118 3
119 3
120 3
121 3
122 5
123 3
124 4
125 4
126 3
127 3
128 3
129 3
130 3
131 3
132 3
133 3
134 3
135 3
136 5
137 3
138 3
139 3
140 5
141 4
142 3
143 3
144 3
145 3
146 3
147 3
148 3
149 4
150 3
151 4
152 3
153 3
154 3
155 3
156 4
157 3
158 7
159 3
160 3
161 3
162 3
163 3
164 3
165 3
166 4
167 3
168 3
169 3
170 3
171 3
172 4
173 4
174 4
175 3
176 4
177 3
178 3
179 4
180 3
181 3
182 3
183 3
184 3
185 3
186 5
187 5
188 5
189 3
190 3
191 3
192 4
193 3
194 5
195 3
196 3
197 3
198 5
199 3
200 3
201 3
202 3
203 3
204 4
205 4
206 3
207 7
208 3
209 3
210 3
211 3
212 4
213 4
214 3
215 3
216 3
217 3
218 3
219 4
220 3
221 3
222 3
223 3
224 3
225 3
226 3
227 3
228 3
229 3
230 3
231 3
232 3
233 3
234 3
235 3
236 4
237 3
238 3
239 3
240 3
241 3
242 4
243 3
244 3
245 5
246 3
247 3
248 3
249 5
250 3
251 3
252 4
253 3
254 5
255 3
256 3
257 5
258 3
259 4
260 3
261 3
262 3
263 4
264 3
265 3
266 3
267 3
268 3
269 3
270 3
271 3
272 4
0 0 1
1 0 2
2 0 3
3 0 4
4 0 5
5 0 6
6 0 8
7 0 9
8 0 11
9 0 139
10 0 205
11 1 2
12 1 4
13 1 5
14 1 7
15 1 8
16 1 9
17 1 10
18 1 11
19 2 6
20 2 11
21 2 99
22 3 8
23 3 9
24 3 11
25 4 9
26 4 11
27 5 6
28 5 7
29 5 8
30 5 9
31 5 10
32 5 12
33 5 81
34 5 119
35 5 189
36 6 9
37 6 61
38 6 237
39 7 10
40 7 27
41 7 158
42 7 174
43 7 254
44 8 11
45 8 42
46 9 10
47 9 11
48 9 222
49 10 11
50 12 16
51 12 14
52 12 25
53 12 26
54 13 17
55 14 24
56 15 19
57 15 16
58 17 20
59 17 24
60 18 24
61 21 23
62 21 24
63 22 26
64 27 40
65 27 35
66 28 34
67 28 38
68 28 33
69 28 41
70 29 35
71 29 33
72 30 33
73 31 32
74 32 37
75 33 39
76 36 37
77 37 40
78 42 47
79 42 60
80 43 51
81 43 57
82 43 59
83 44 52
84 44 60
85 45 58
86 46 51
87 47 49
88 48 52
89 50 55
90 50 59
91 50 52
92 52 54
93 52 56
94 53 58
95 53 60
96 61 72
97 62 69
98 62 73
99 63 70
100 64 65
101 65 78
102 65 76
103 66 71
104 67 72
105 68 70
106 68 79
107 69 79
108 70 72
109 70 77
110 71 75
111 71 76
112 71 74
113 73 80
114 74 79
115 81 89
116 81 96
117 81 83
118 82 94
119 83 87
120 83 88
121 84 97
122 85 93
123 85 94
124 85 97
125 85 96
126 86 92
127 88 98
128 90 95
129 91 98
130 92 95
131 95 96
132 99 111
133 99 107
134 99 104
135 100 104
136 101 117
137 102 114
138 103 108
139 103 112
140 104 110
141 105 106
142 105 116
143 105 107
144 106 113
145 109 110
146 109 118
147 110 112
148 110 115
149 114 116
150 116 117
151 119 130
152 119 124
153 120 135
154 121 137
155 122 123
156 122 137
157 122 136
158 123 126
159 123 133
160 124 127
161 125 132
162 125 128
163 127 136
164 128 131
165 129 136
166 129 138
167 130 135
168 131 137
169 133 134
170 139 145
171 140 143
172 140 150
173 140 151
174 141 142
175 141 148
176 141 157
177 143 146
178 144 155
179 144 154
180 145 152
181 147 151
182 148 153
183 149 151
184 149 157
185 151 154
186 152 156
187 155 156
188 158 163
189 158 170
190 158 172
191 158 173
192 159 167
193 160 164
194 160 173
195 161 168
196 161 166
197 162 165
198 162 166
199 164 167
200 166 169
201 166 172
202 171 172
203 174 187
204 175 182
205 176 178
206 176 177
207 177 188
208 179 183
209 179 186
210 179 187
211 179 188
212 180 186
213 181 185
214 181 187
215 182 186
216 184 188
217 189 196
218 190 203
219 190 201
220 191 198
221 191 194
222 192 196
223 192 195
224 193 204
225 194 197
226 194 203
227 195 198
228 198 202
229 199 200
230 200 201
231 201 204
232 205 209
233 205 207
234 205 221
235 206 221
236 207 215
237 207 213
238 207 212
239 207 217
240 208 216
241 210 220
242 211 214
243 212 218
244 213 216
245 214 219
246 214 217
247 219 220
248 222 225
249 223 234
250 223 233
251 224 226
252 224 234
253 225 227
254 226 229
255 226 235
256 227 228
257 228 233
258 230 236
259 231 232
260 231 236
261 233 236
262 237 245
263 238 244
264 238 242
265 239 251
266 240 248
267 240 252
268 241 247
269 242 246
270 242 253
271 243 245
272 244 247
273 244 250
274 245 249
275 249 251
276 249 253
277 252 253
278 254 264
279 254 258
280 255 270
281 256 257
282 257 265
283 257 259
284 258 272
285 259 269
286 259 271
287 259 272
288 260 266
289 261 266
290 261 270
291 261 271
292 262 264
293 263 268
294 263 270
295 267 268
0 7 3
1 3 7
2 125 133
3 126 124
4 133 124
5 130 128
6 131 134
7 120 127
8 137 129
9 129 126
10 130 136
11 127 133
12 120 128
13 130 129
14 125 123
15 130 126
16 132 134
17 121 120
18 134 124
19 128 133
20 123 119
21 125 122
22 119 120
23 131 138
24 127 125
25 119 126
26 130 131
27 134 136
28 6 112
29 8 100
30 5 114
31 3 101
32 9 100
33 6 116
34 2 110
35 8 117
36 6 118
37 7 111
38 11 105
39 7 101
40 5 111
41 7 105
42 10 115
43 7 99
44 4 101
45 9 118
46 9 108
47 5 108
48 5 104
49 11 112
50 10 103
51 6 114
52 7 104
53 4 116
54 9 111
55 5 117
56 132 176
57 121 184
58 138 181
59 122 176
60 125 185
61 120 181
62 138 176
63 128 175
64 127 185
65 124 175
66 138 180
67 127 183
68 125 174
69 123 186
70 124 188
71 129 186
72 138 176
73 127 175
74 126 183
75 130 188
76 127 181
77 132 181
78 126 184
79 138 186
80 125 178
81 120 175
82 125 175
83 122 174
84 119 182
85 130 175
86 227 172
87 225 165
88 231 171
89 234 173
90 224 162
91 230 163
92 228 161
93 236 172
94 226 165
95 227 161
96 224 167
97 234 168
98 229 168
99 234 169
100 227 163
101 229 158
102 223 165
103 230 167
104 234 166
105 225 165
106 228 169
107 228 171
108 225 172
109 229 167
110 227 171
111 222 173
112 231 171
113 229 160
114 232 166
115 236 166
116 106 37
117 115 33
118 118 35
119 101 29
120 100 38
121 103 36
122 110 29
123 112 41
124 105 35
125 117 40
126 102 36
127 112 29
128 109 29
129 106 34
130 114 38
131 104 30
132 105 33
133 113 32
134 108 29
135 116 33
136 99 38
137 99 32
138 109 38
139 104 41
140 116 29
141 101 31
142 118 33
143 112 27
144 116 33
145 111 31
146 204 257
147 194 266
148 191 259
149 196 257
150 202 259
151 189 255
152 191 266
153 202 272
154 195 268
155 202 262
156 198 271
157 196 255
158 196 267
159 198 262
160 200 267
161 198 267
162 199 261
163 202 265
164 195 256
165 198 263
166 202 262
167 198 266
168 201 261
169 200 271
170 196 269
171 198 260
172 204 267
173 194 262
174 195 263
175 194 267
176 5 31
177 5 32
178 2 40
179 10 30
180 8 39
181 1 28
182 10 28
183 10 41
184 11 35
185 8 28
186 5 38
187 9 28
188 6 41
189 2 34
190 4 41
191 8 40
192 2 30
193 0 39
194 8 33
195 7 34
196 5 36
197 6 41
198 3 29
199 2 29
200 0 31
201 8 34
202 5 37
203 7 29
204 2 31
205 7 36
206 182 171
207 183 162
208 175 165
209 180 162
210 185 170
211 181 171
212 185 165
213 179 161
214 187 159
215 177 164
216 183 169
217 186 169
218 183 164
219 186 170
220 188 170
221 186 159
222 176 171
223 182 161
224 181 170
225 188 165
226 177 159
227 185 172
228 180 173
229 175 159
230 176 168
231 186 161
232 186 158
233 181 167
234 184 168
235 176 173
236 163 153
237 173 152
238 169 142
239 163 141
240 164 153
241 158 152
242 172 148
243 166 141
244 173 153
245 169 152
246 171 149
247 166 149
248 163 148
249 172 147
250 166 154
251 158 145
252 170 141
253 160 155
254 162 151
255 165 143
256 172 142
257 172 146
258 171 149
259 168 152
260 167 150
261 171 157
262 159 153
263 164 155
264 163 144
265 166 143
266 169 213
267 167 215
268 171 216
269 163 210
270 168 207
271 163 209
272 161 218
273 171 217
274 167 212
275 169 207
276 168 220
277 171 207
278 165 215
279 171 213
280 164 218
281 167 209
282 161 206
283 173 211
284 164 205
285 164 207
286 159 216
287 169 209
288 160 217
289 163 215
290 173 213
291 163 217
292 168 213
293 159 221
294 159 205
295 170 212
296 256 93
297 267 90
298 264 89
299 257 94
300 272 81
301 259 92
302 263 86
303 264 82
304 265 91
305 262 91
306 266 95
307 266 85
308 255 88
309 264 88
310 271 89
311 262 98
312 270 83
313 260 91
314 260 96
315 261 87
316 257 95
317 263 92
318 269 97
319 272 92
320 261 85
321 271 84
322 260 95
323 254 84
324 265 82
325 255 94
326 83 24
327 89 13
328 91 24
329 96 16
330 81 15
331 84 13
332 92 12
333 84 15
334 97 17
335 82 18
336 97 24
337 94 13
338 89 13
339 90 15
340 94 22
341 90 15
342 87 17
343 81 14
344 92 17
345 95 22
346 83 14
347 87 16
348 95 23
349 82 26
350 94 19
351 86 13
352 85 25
353 91 17
354 94 14
355 96 17
356 140 128
357 149 136
358 153 132
359 145 119
360 147 126
361 141 130
362 153 124
363 152 119
364 156 132
365 151 128
366 150 136
367 139 135
368 157 131
369 140 138
370 157 130
371 152 134
372 150 137
373 153 120
374 151 128
375 143 119
376 151 135
377 149 136
378 139 134
379 153 134
380 154 130
381 148 122
382 147 127
383 156 127
384 151 122
385 157 137
386 126 9
387 126 4
388 128 5
389 120 2
390 138 11
391 131 9
392 124 2
393 137 7
394 137 4
395 123 1
396 138 8
397 135 1
398 134 10
399 125 9
400 127 5
401 124 10
402 122 7
403 132 11
404 132 9
405 134 10
406 133 2
407 120 10
408 124 1
409 124 0
410 122 5
411 122 3
412 125 6
413 137 0
414 127 1
415 120 1
416 44 35
417 46 32
418 49 29
419 48 28
420 60 39
421 48 34
422 52 37
423 52 34
424 56 38
425 47 28
426 53 35
427 49 39
428 50 27
429 51 39
430 55 28
431 43 28
432 45 32
433 56 27
434 51 31
435 42 41
436 56 35
437 51 32
438 58 35
439 59 31
440 54 32
441 49 34
442 51 29
443 54 32
444 58 28
445 56 41
446 29 148
447 31 140
448 33 146
449 29 149
450 37 140
451 33 152
452 29 140
453 37 139
454 33 146
455 33 155
456 35 153
457 40 141
458 29 154
459 28 144
460 38 147
461 27 156
462 28 146
463 27 156
464 35 153
465 29 144
466 36 142
467 40 143
468 37 153
469 28 155
470 34 148
471 35 148
472 27 156
473 28 150
474 30 155
475 29 142
476 206 219
477 207 206
478 206 209
479 212 214
480 212 209
481 219 212
482 210 205
483 206 216
484 208 210
485 215 221
486 210 217
487 217 221
488 218 221
489 210 216
490 221 210
491 212 214
492 209 218
493 206 211
494 215 216
495 210 205
496 198 75
497 203 71
498 198 80
499 191 68
500 196 72
501 194 62
502 189 72
503 200 73
504 203 72
505 195 61
506 202 77
507 193 77
508 196 74
509 203 61
510 197 73
511 190 73
512 198 73
513 193 65
514 198 76
515 198 75
516 189 62
517 200 69
518 202 67
519 193 64
520 196 74
521 203 80
522 203 72
523 192 73
524 190 74
525 190 72
526 227 176
527 234 184
528 226 180
529 222 186
530 236 182
531 226 177
532 226 181
533 235 188
534 233 175
535 233 176
536 222 185
537 227 177
538 233 176
539 233 174
540 232 183
541 222 174
542 234 183
543 231 176
544 231 174
545 223 177
546 225 182
547 227 187
548 234 187
549 233 187
550 236 177
551 227 185
552 236 175
553 231 179
554 233 174
555 227 185
556 89 230
557 95 225
558 96 226
559 93 233
560 81 227
561 86 228
562 87 235
563 91 228
564 83 230
565 90 222
566 88 226
567 83 232
568 96 223
569 96 227
570 98 223
571 85 236
572 95 236
573 94 226
574 98 232
575 93 227
576 89 234
577 87 229
578 81 226
579 85 223
580 82 228
581 87 232
582 98 228
583 93 235
584 90 225
585 86 224
586 173 65
587 161 69
588 171 68
589 165 63
590 170 66
591 166 78
592 166 77
593 167 77
594 171 66
595 173 75
596 165 70
597 167 79
598 166 79
599 173 74
600 159 80
601 161 61
602 164 68
603 158 76
604 165 65
605 173 75
606 161 66
607 168 66
608 158 79
609 172 69
610 168 77
611 161 63
612 168 75
613 166 72
614 162 78
615 164 63
616 251 267
617 245 256
618 245 264
619 240 261
620 249 272
621 243 269
622 249 263
623 238 272
624 242 270
625 251 260
626 244 256
627 252 266
628 250 258
629 250 269
630 247 258
631 244 270
632 253 265
633 239 255
634 247 257
635 239 262
636 238 268
637 243 260
638 241 257
639 238 270
640 241 258
641 253 268
642 249 272
643 253 265
644 237 269
645 246 271
646 13 110
647 19 102
648 26 110
649 12 105
650 14 118
651 25 102
652 16 118
653 18 117
654 14 101
655 13 105
656 17 102
657 26 117
658 16 105
659 14 109
660 16 101
661 24 103
662 23 105
663 24 110
664 19 102
665 19 111
666 23 118
667 16 102
668 18 117
669 16 102
670 13 102
671 25 104
672 14 108
673 21 114
674 13 118
675 19 117
676 204 71
677 197 77
678 199 72
679 193 67
680 195 76
681 191 66
682 203 79
683 193 73
684 189 80
685 195 78
686 197 75
687 189 63
688 204 73
689 191 64
690 204 63
691 200 65
692 194 68
693 194 73
694 197 61
695 192 66
696 199 61
697 202 77
698 196 73
699 192 68
700 197 65
701 196 75
702 196 74
703 196 74
704 198 71
705 190 63
706 3 182
707 2 181
708 0 188
709 9 179
710 9 176
711 4 185
712 10 185
713 5 180
714 3 182
715 6 186
716 8 178
717 0 184
718 4 176
719 0 174
720 9 177
721 3 181
722 9 184
723 8 177
724 1 178
725 6 174
726 10 187
727 0 176
728 0 177
729 9 180
730 8 174
731 5 188
732 4 180
733 1 183
734 2 180
735 21 214
736 17 213
737 22 211
738 26 221
739 13 211
740 24 208
741 14 212
742 22 214
743 19 214
744 16 213
745 22 214
746 18 208
747 26 210
748 26 207
749 21 217
750 23 206
751 20 220
752 24 210
753 19 205
754 21 218
755 16 207
756 25 216
757 19 211
758 17 221
759 25 209
760 18 206
761 26 206
762 24 216
763 23 205
764 21 213
765 6 31
766 4 30
767 7 34
768 3 40
769 0 28
770 2 41
771 4 31
772 11 35
773 10 30
774 5 29
775 9 35
776 7 28
777 7 30
778 10 36
779 7 36
780 3 30
781 10 34
782 8 28
783 9 32
784 10 39
785 5 36
786 1 30
787 6 33
788 2 30
789 4 28
790 2 32
791 3 40
792 4 27
793 9 30
794 128 123
795 120 125
796 127 120
797 124 134
798 134 128
799 124 122
800 131 129
801 121 138
802 126 137
803 131 133
804 125 133
805 128 127
806 138 137
807 120 127
808 138 137
809 129 131
810 136 133
811 125 133
812 127 135
813 123 128
814 134 128
815 124 129
816 119 131
817 24 262
818 19 267
819 21 260
820 24 259
821 16 257
822 22 268
823 17 262
824 14 272
825 19 258
826 17 258
827 22 268
828 21 270
829 26 264
830 15 262
831 12 258
832 18 269
833 12 272
834 15 257
835 18 266
836 19 263
837 26 263
838 23 263
839 18 258
840 22 259
841 17 257
842 22 261
843 17 270
844 17 256
845 22 257
846 23 257
847 70 178
848 72 184
849 75 183
850 64 184
851 75 186
852 68 184
853 76 181
854 72 174
855 63 180
856 77 187
857 79 184
858 67 188
859 68 175
860 72 186
861 77 174
862 67 177
863 67 180
864 73 187
865 71 180
866 75 180
867 66 184
868 73 180
869 79 180
870 68 174
871 62 188
872 70 182
873 74 182
874 65 175
875 71 181
876 68 178
877 7 208
878 6 215
879 6 217
880 11 208
881 8 218
882 5 218
883 1 208
884 0 206
885 4 216
886 9 207
887 0 215
888 0 214
889 4 213
890 10 216
891 8 208
892 4 221
893 10 219
894 9 217
895 6 221
896 6 211
897 11 217
898 11 208
899 1 217
900 8 219
901 2 221
902 2 206
903 11 208
904 248 202
905 244 201
906 241 204
907 250 189
908 253 203
909 250 204
910 252 192
911 251 197
912 241 191
913 240 197
914 252 196
915 242 196
916 253 199
917 243 204
918 244 202
919 251 202
920 249 190
921 239 194
922 251 194
923 240 202
924 239 204
925 238 195
926 249 193
927 241 194
928 251 197
929 253 197
930 252 191
931 243 203
932 252 191
933 246 200
934 187 176
935 179 175
936 177 185
937 178 174
938 178 181
939 175 178
940 176 174
941 175 180
942 187 182
943 180 188
944 178 188
945 182 188
946 175 180
947 180 187
948 181 184
949 180 178
950 180 187
951 181 175
952 181 178
953 185 176
954 178 185
955 188 180
956 188 175
957 185 186
958 177 182
959 46 238
960 50 253
961 58 243
962 50 246
963 53 244
964 53 237
965 60 250
966 48 251
967 56 249
968 60 247
969 49 250
970 53 248
971 50 243
972 55 244
973 57 252
974 53 249
975 57 248
976 51 240
977 44 249
978 49 249
979 51 253
980 50 241
981 47 247
982 48 251
983 47 240
984 42 250
985 42 246
986 48 238
987 42 250
988 48 241
989 207 234
990 216 234
991 219 230
992 212 236
993 205 233
994 209 234
995 213 229
996 221 232
997 211 225
998 205 231
999 210 234
1000 208 223
1001 215 227
1002 211 228
1003 216 225
1004 211 236
1005 219 227
1006 217 235
1007 210 224
1008 206 230
1009 219 222
1010 216 233
1011 216 233
1012 207 225
1013 215 223
1014 211 222
1015 211 236
1016 205 226
1017 207 236
1018 221 229
1019 60 245
1020 57 243
1021 46 243
1022 43 244
1023 53 247
1024 43 237
1025 47 242
1026 45 245
1027 56 243
1028 52 251
1029 46 241
1030 43 250
1031 47 237
1032 49 243
1033 57 244
1034 56 243
1035 52 244
1036 46 242
1037 57 239
1038 46 244
1039 59 244
1040 48 238
1041 47 242
1042 42 246
1043 56 240
1044 49 253
1045 44 237
1046 44 253
1047 57 253
1048 46 250
1049 202 204
1050 189 195
1051 199 204
1052 197 196
1053 191 196
1054 204 192
1055 204 191
1056 195 193
1057 200 202
1058 191 196
1059 195 203
1060 193 196
1061 189 197
1062 203 196
1063 193 189
1064 202 192
1065 190 191
1066 202 194
1067 196 198
1068 200 192
1069 193 192
1070 196 204
1071 194 192
1072 163 118
1073 165 114
1074 171 114
1075 170 109
1076 165 116
1077 164 105
1078 167 104
1079 168 106
1080 163 106
1081 163 106
1082 165 99
1083 168 116
1084 167 109
1085 167 106
1086 169 100
1087 163 101
1088 163 99
1089 171 118
1090 162 104
1091 161 112
1092 159 111
1093 166 103
1094 170 116
1095 169 102
1096 165 115
1097 161 118
1098 163 118
1099 172 112
1100 168 112
1101 158 105
1102 64 7
1103 79 2
1104 68 8
1105 68 1
1106 80 2
1107 75 11
1108 63 9
1109 65 10
1110 62 10
1111 63 10
1112 75 10
1113 74 6
1114 80 7
1115 76 5
1116 79 2
1117 67 11
1118 75 4
1119 78 2
1120 71 2
1121 73 1
1122 75 0
1123 73 6
1124 69 10
1125 68 8
1126 78 5
1127 73 2
1128 74 6
1129 72 0
1130 61 7
1131 195 149
1132 199 155
1133 192 142
1134 197 150
1135 203 142
1136 201 152
1137 199 146
1138 200 153
1139 198 140
1140 200 146
1141 189 148
1142 189 156
1143 196 153
1144 200 150
1145 193 153
1146 202 139
1147 194 154
1148 198 156
1149 202 152
1150 192 152
1151 193 152
1152 193 153
1153 202 144
1154 194 146
1155 193 140
1156 194 139
1157 198 149
1158 203 144
1159 194 140
1160 194 152
1161 222 131
1162 232 136
1163 226 133
1164 235 133
1165 225 136
1166 223 121
1167 233 134
1168 230 126
1169 225 130
1170 229 137
1171 234 120
1172 223 125
1173 226 131
1174 235 131
1175 223 128
1176 227 119
1177 224 124
1178 222 121
1179 235 124
1180 228 136
1181 234 137
1182 232 132
1183 223 127
1184 226 127
1185 236 125
1186 230 127
1187 233 128
1188 234 121
1189 231 134
1190 234 119
1191 180 54
1192 177 46
1193 181 54
1194 174 43
1195 176 47
1196 184 47
1197 177 59
1198 177 51
1199 185 58
1200 177 57
1201 175 50
1202 174 42
1203 180 60
1204 182 60
1205 177 55
1206 185 46
1207 177 45
1208 177 54
1209 183 56
1210 177 56
1211 186 43
1212 180 50
1213 177 57
1214 179 60
1215 184 46
1216 177 42
1217 176 59
1218 184 58
1219 178 44
1220 175 50
1221 260 233
1222 255 222
1223 267 232
1224 256 228
1225 267 223
1226 270 233
1227 255 236
1228 271 225
1229 268 232
1230 263 232
1231 262 234
1232 255 226
1233 262 226
1234 266 231
1235 270 226
1236 254 222
1237 272 222
1238 254 226
1239 261 225
1240 257 235
1241 268 225
1242 264 228
1243 256 222
1244 262 233
1245 263 232
1246 261 225
1247 260 230
1248 260 230
1249 266 224
1250 260 229
1251 247 147
1252 252 149
1253 245 150
1254 253 156
1255 246 150
1256 237 145
1257 251 141
1258 240 157
1259 244 157
1260 241 148
1261 237 153
1262 237 145
1263 239 148
1264 239 148
1265 249 141
1266 246 157
1267 247 143
1268 250 147
1269 252 150
1270 248 147
1271 244 150
1272 241 151
1273 243 144
1274 242 155
1275 243 140
1276 239 145
1277 242 148
1278 250 151
1279 252 149
1280 253 143
1281 224 239
1282 223 246
1283 230 252
1284 225 245
1285 225 245
1286 231 242
1287 235 247
1288 231 240
1289 229 251
1290 225 240
1291 229 238
1292 223 253
1293 223 252
1294 231 240
1295 232 238
1296 228 251
1297 222 249
1298 222 237
1299 235 251
1300 224 242
1301 233 252
1302 235 242
1303 227 248
1304 235 243
1305 224 252
1306 236 240
1307 228 237
1308 229 237
1309 235 240
1310 235 242
1311 36 248
1312 38 252
1313 40 241
1314 30 240
1315 31 245
1316 35 247
1317 32 240
1318 34 237
1319 27 242
1320 30 238
1321 34 238
1322 39 238
1323 35 237
1324 31 248
1325 31 237
1326 36 249
1327 38 240
1328 33 252
1329 39 248
1330 38 248
1331 40 251
1332 41 242
1333 34 243
1334 35 237
1335 41 252
1336 34 239
1337 27 251
1338 35 246
1339 31 240
1340 29 240
1341 101 189
1342 99 198
1343 105 199
1344 112 198
1345 106 201
1346 109 193
1347 118 190
1348 104 202
1349 108 189
1350 109 191
1351 111 197
1352 114 201
1353 105 203
1354 115 201
1355 105 201
1356 103 196
1357 113 196
1358 113 204
1359 99 204
1360 118 198
1361 106 190
1362 103 204
1363 115 192
1364 102 199
1365 103 203
1366 101 193
1367 118 195
1368 99 202
1369 101 200
1370 102 196
1371 10 211
1372 8 218
1373 1 215
1374 3 209
1375 3 218
1376 5 215
1377 0 218
1378 6 211
1379 0 206
1380 0 206
1381 1 217
1382 3 206
1383 8 216
1384 4 214
1385 9 208
1386 8 209
1387 2 220
1388 9 206
1389 1 216
1390 4 213
1391 1 220
1392 4 211
1393 6 215
1394 8 219
1395 4 206
1396 8 206
1397 4 215
1398 8 221
1399 13 179
1400 21 184
1401 18 186
1402 21 177
1403 19 188
1404 22 181
1405 16 186
1406 16 176
1407 19 180
1408 16 174
1409 26 187
1410 23 177
1411 18 184
1412 25 180
1413 17 182
1414 14 184
1415 13 182
1416 24 178
1417 17 181
1418 24 184
1419 16 185
1420 15 185
1421 25 175
1422 23 176
1423 25 180
1424 12 182
1425 16 183
1426 24 176
1427 21 184
1428 12 188
1429 33 92
1430 34 82
1431 30 92
1432 38 95
1433 32 93
1434 33 81
1435 36 88
1436 38 93
1437 29 83
1438 29 98
1439 37 84
1440 34 85
1441 40 94
1442 35 85
1443 35 83
1444 38 87
1445 34 83
1446 27 91
1447 27 93
1448 35 98
1449 30 88
1450 40 94
1451 40 95
1452 34 86
1453 38 94
1454 27 94
1455 28 82
1456 30 81
1457 33 84
1458 36 93
1459 120 69
1460 123 74
1461 130 62
1462 134 72
1463 122 80
1464 124 70
1465 134 62
1466 121 63
1467 133 63
1468 123 68
1469 127 71
1470 120 75
1471 130 74
1472 123 73
1473 128 74
1474 124 67
1475 119 71
1476 136 80
1477 127 78
1478 137 67
1479 125 67
1480 126 65
1481 122 68
1482 137 70
1483 124 79
1484 134 65
1485 134 72
1486 126 63
1487 125 68
1488 137 76
1489 7 244
1490 1 248
1491 8 239
1492 1 248
1493 3 242
1494 2 241
1495 9 239
1496 0 252
1497 2 251
1498 5 240
1499 0 252
1500 1 245
1501 1 244
1502 1 248
1503 6 251
1504 6 240
1505 10 240
1506 1 247
1507 2 247
1508 9 240
1509 11 241
1510 11 252
1511 11 250
1512 9 249
1513 11 240
1514 4 253
1515 7 250
1516 2 253
1517 171 195
1518 161 200
1519 173 197
1520 158 194
1521 171 192
1522 165 193
1523 171 193
1524 162 195
1525 165 195
1526 163 193
1527 159 199
1528 164 204
1529 162 199
1530 163 197
1531 163 199
1532 167 202
1533 158 202
1534 158 192
1535 166 194
1536 158 192
1537 159 195
1538 166 195
1539 165 197
1540 167 189
1541 168 191
1542 161 194
1543 158 197
1544 166 190
1545 162 199
1546 163 195
1547 118 212
1548 105 218
1549 116 213
1550 114 219
1551 118 215
1552 114 219
1553 103 219
1554 115 216
1555 105 218
1556 101 220
1557 113 207
1558 113 220
1559 110 214
1560 107 215
1561 104 208
1562 105 209
1563 104 220
1564 107 210
1565 109 220
1566 102 220
1567 100 211
1568 100 212
1569 109 208
1570 109 208
1571 105 215
1572 113 219
1573 114 208
1574 106 207
1575 116 212
1576 116 218
1577 19 151
1578 23 156
1579 14 141
1580 15 148
1581 25 139
1582 14 153
1583 16 143
1584 23 154
1585 18 156
1586 12 153
1587 12 152
1588 17 149
1589 25 141
1590 17 150
1591 21 157
1592 24 140
1593 26 149
1594 15 141
1595 18 155
1596 14 143
1597 15 140
1598 26 143
1599 13 148
1600 21 151
1601 12 147
1602 21 153
1603 18 139
1604 15 157
1605 19 151
1606 19 145
1607 178 0
1608 178 2
1609 180 1
1610 178 5
1611 180 0
1612 180 8
1613 181 11
1614 177 1
1615 175 2
1616 180 2
1617 178 5
1618 184 5
1619 187 9
1620 175 3
1621 179 6
1622 182 3
1623 177 1
1624 175 11
1625 182 8
1626 187 11
1627 177 6
1628 186 5
1629 184 10
1630 186 11
1631 175 11
1632 179 2
1633 176 9
1634 183 4
1635 185 5
1636 178 9
1637 177 67
1638 180 79
1639 181 67
1640 185 77
1641 180 71
1642 187 67
1643 177 62
1644 180 71
1645 181 61
1646 188 62
1647 178 61
1648 182 66
1649 185 63
1650 187 73
1651 185 74
1652 184 76
1653 188 77
1654 187 77
1655 179 74
1656 180 70
1657 187 79
1658 185 77
1659 188 77
1660 174 68
1661 180 76
1662 179 65
1663 180 77
1664 179 68
1665 178 72
1666 182 73
1667 248 236
1668 253 232
1669 250 232
1670 253 222
1671 247 232
1672 251 222
1673 237 233
1674 244 224
1675 250 236
1676 242 236
1677 248 231
1678 244 235
1679 252 223
1680 247 234
1681 239 223
1682 242 229
1683 239 230
1684 250 223
1685 246 230
1686 239 226
1687 249 228
1688 250 235
1689 251 233
1690 248 231
1691 244 225
1692 243 228
1693 242 226
1694 248 225
1695 243 233
1696 247 223
1697 113 235
1698 110 222
1699 117 230
1700 106 236
1701 106 231
1702 111 223
1703 112 227
1704 116 232
1705 113 233
1706 103 224
1707 116 230
1708 114 227
1709 116 235
1710 102 235
1711 109 229
1712 114 236
1713 101 226
1714 114 222
1715 113 234
1716 112 230
1717 101 235
1718 100 229
1719 105 231
1720 113 232
1721 111 225
1722 116 223
1723 115 235
1724 117 228
1725 117 228
1726 101 228
1727 144 166
1728 144 158
1729 144 162
1730 146 165
1731 147 167
1732 149 173
1733 148 173
1734 148 171
1735 152 161
1736 146 160
1737 157 161
1738 144 172
1739 152 168
1740 149 165
1741 154 164
1742 152 168
1743 140 159
1744 149 162
1745 146 171
1746 148 173
1747 150 161
1748 157 161
1749 153 169
1750 154 161
1751 154 171
1752 144 169
1753 152 160
1754 140 171
1755 140 165
1756 153 169
1757 198 174
1758 203 175
1759 193 181
1760 197 179
1761 194 175
1762 189 179
1763 195 182
1764 196 187
1765 190 187
1766 193 174
1767 204 176
1768 200 181
1769 204 186
1770 201 179
1771 203 177
1772 201 186
1773 203 174
1774 194 178
1775 203 184
1776 198 178
1777 197 185
1778 198 177
1779 200 184
1780 203 180
1781 202 188
1782 201 174
1783 198 176
1784 189 186
1785 193 176
1786 201 186
1787 189 167
1788 196 169
1789 200 168
1790 204 168
1791 193 161
1792 202 170
1793 203 173
1794 191 166
1795 193 168
1796 196 163
1797 204 165
1798 204 172
1799 203 164
1800 194 168
1801 189 167
1802 199 169
1803 203 171
1804 200 164
1805 198 171
1806 197 169
1807 201 164
1808 199 159
1809 200 163
1810 202 162
1811 203 165
1812 200 161
1813 191 160
1814 189 171
1815 199 160
1816 195 159
1817 15 46
1818 23 51
1819 20 58
1820 16 59
1821 22 51
1822 25 58
1823 23 54
1824 19 55
1825 18 51
1826 22 50
1827 24 59
1828 18 59
1829 18 60
1830 19 56
1831 26 45
1832 18 58
1833 14 57
1834 22 46
1835 19 53
1836 22 43
1837 13 53
1838 16 53
1839 23 42
1840 18 47
1841 24 57
1842 17 43
1843 25 59
1844 23 57
1845 14 48
1846 25 47
1847 214 210
1848 212 211
1849 208 211
1850 214 209
1851 221 218
1852 221 211
1853 214 213
1854 220 215
1855 212 206
1856 212 210
1857 209 215
1858 206 217
1859 215 210
1860 206 211
1861 212 214
1862 205 208
1863 209 208
1864 217 220
1865 219 216
1866 219 209
1867 193 111
1868 191 110
1869 196 112
1870 203 107
1871 192 109
1872 194 114
1873 197 108
1874 202 116
1875 197 105
1876 190 110
1877 189 104
1878 197 117
1879 194 109
1880 201 104
1881 196 118
1882 201 99
1883 203 108
1884 192 103
1885 195 110
1886 203 108
1887 200 118
1888 194 107
1889 200 110
1890 203 107
1891 200 105
1892 203 107
1893 195 107
1894 193 108
1895 198 116
1896 199 110
1897 20 145
1898 23 142
1899 15 154
1900 26 153
1901 12 143
1902 17 144
1903 22 140
1904 17 151
1905 19 151
1906 14 142
1907 18 150
1908 22 140
1909 23 155
1910 18 147
1911 19 145
1912 22 139
1913 16 151
1914 17 151
1915 19 151
1916 12 150
1917 24 155
1918 23 157
1919 16 144
1920 20 151
1921 15 144
1922 13 144
1923 17 139
1924 16 147
1925 18 143
1926 23 148
1927 256 70
1928 262 70
1929 256 70
1930 259 80
1931 272 75
1932 264 66
1933 268 62
1934 268 79
1935 270 71
1936 257 70
1937 272 65
1938 257 64
1939 268 66
1940 268 71
1941 264 62
1942 267 75
1943 256 63
1944 263 66
1945 265 65
1946 256 80
1947 266 73
1948 265 67
1949 259 63
1950 259 76
1951 257 76
1952 268 67
1953 255 63
1954 264 80
1955 265 65
1956 257 66
1957 224 272
1958 223 261
1959 235 265
1960 226 270
1961 223 257
1962 226 264
1963 236 272
1964 235 272
1965 222 259
1966 230 272
1967 232 258
1968 231 271
1969 232 267
1970 234 258
1971 226 263
1972 228 269
1973 226 256
1974 229 259
1975 223 262
1976 229 272
1977 226 269
1978 225 269
1979 227 271
1980 229 271
1981 224 272
1982 230 266
1983 222 263
1984 225 270
1985 235 268
1986 225 271
1987 208 161
1988 209 166
1989 209 170
1990 208 168
1991 211 162
1992 220 160
1993 215 173
1994 207 162
1995 221 166
1996 219 158
1997 217 162
1998 220 160
1999 210 167
2000 218 163
2001 215 162
2002 214 172
2003 220 163
2004 209 172
2005 220 171
2006 209 168
2007 221 163
2008 220 173
2009 208 170
2010 219 171
2011 208 167
2012 205 159
2013 214 171
2014 210 169
2015 221 162
2016 220 170
2017 258 104
2018 265 115
2019 265 107
2020 264 101
2021 267 106
2022 257 116
2023 259 107
2024 267 114
2025 269 117
2026 256 111
2027 270 108
2028 260 103
2029 270 107
2030 265 110
2031 269 118
2032 265 103
2033 257 101
2034 266 102
2035 257 116
2036 270 103
2037 257 103
2038 261 112
2039 258 110
2040 264 112
2041 266 117
2042 259 113
2043 255 111
2044 271 99
2045 254 112
2046 256 105
2047 201 186
2048 199 180
2049 189 177
2050 194 180
2051 201 176
2052 201 183
2053 192 174
2054 197 176
2055 193 188
2056 194 174
2057 191 178
2058 192 176
2059 201 175
2060 193 184
2061 200 176
2062 197 178
2063 196 179
2064 193 178
2065 197 187
2066 196 179
2067 190 181
2068 194 184
2069 199 176
2070 194 181
2071 204 174
2072 193 185
2073 189 175
2074 204 183
2075 198 181
2076 192 187
2077 40 54
2078 36 57
2079 32 45
2080 41 54
2081 30 59
2082 33 42
2083 29 51
2084 27 50
2085 37 42
2086 34 53
2087 33 59
2088 33 59
2089 38 54
2090 41 55
2091 40 49
2092 39 46
2093 40 49
2094 41 60
2095 36 47
2096 40 50
2097 40 58
2098 39 45
2099 40 52
2100 31 54
2101 32 43
2102 32 45
2103 33 48
2104 33 57
2105 36 42
2106 41 58
2107 118 81
2108 102 82
2109 109 91
2110 110 85
2111 110 93
2112 104 97
2113 111 82
2114 107 97
2115 112 95
2116 115 98
2117 106 86
2118 99 95
2119 99 89
2120 102 90
2121 117 90
2122 104 90
2123 117 86
2124 116 85
2125 104 93
2126 114 95
2127 109 84
2128 110 91
2129 110 85
2130 109 90
2131 118 84
2132 107 81
2133 108 93
2134 115 93
2135 111 89
2136 106 96
2137 197 55
2138 196 45
2139 198 45
2140 198 44
2141 197 51
2142 194 44
2143 200 43
2144 193 43
2145 189 50
2146 196 52
2147 194 55
2148 190 48
2149 193 52
2150 189 49
2151 204 58
2152 191 49
2153 204 59
2154 196 53
2155 197 56
2156 191 54
2157 200 42
2158 191 57
2159 191 58
2160 201 55
2161 200 45
2162 195 55
2163 198 55
2164 202 46
2165 202 51
2166 200 59
2167 33 206
2168 39 211
2169 33 208
2170 36 205
2171 33 221
2172 33 211
2173 39 214
2174 41 210
2175 36 220
2176 39 219
2177 33 215
2178 30 206
2179 28 209
2180 29 210
2181 38 217
2182 36 212
2183 39 221
2184 31 207
2185 35 216
2186 28 206
2187 35 214
2188 36 218
2189 29 211
2190 37 221
2191 28 216
2192 41 207
2193 38 205
2194 37 217
2195 38 205
2196 34 216
2197 2 247
2198 1 246
2199 2 247
2200 4 244
2201 4 250
2202 10 248
2203 2 239
2204 11 249
2205 9 244
2206 8 243
2207 2 250
2208 4 252
2209 4 241
2210 10 253
2211 1 246
2212 11 253
2213 10 253
2214 3 237
2215 10 248
2216 9 244
2217 2 238
2218 3 244
2219 8 250
2220 11 239
2221 6 253
2222 8 237
2223 4 248
2224 9 242
2225 41 39
2226 32 30
2227 38 27
2228 34 40
2229 34 30
2230 30 27
2231 27 33
2232 35 32
2233 29 36
2234 27 36
2235 41 36
2236 37 39
2237 41 27
2238 32 29
2239 35 38
2240 40 34
2241 39 37
2242 30 36
2243 123 132
2244 133 136
2245 138 122
2246 120 127
2247 122 120
2248 124 133
2249 119 129
2250 138 125
2251 120 136
2252 120 129
2253 133 130
2254 128 138
2255 135 123
2256 125 123
2257 138 126
2258 135 136
2259 125 122
2260 129 132
2261 130 136
2262 130 121
2263 126 136
2264 123 222
2265 134 230
2266 124 232
2267 132 236
2268 122 228
2269 133 230
2270 124 229
2271 124 236
2272 123 229
2273 135 232
2274 126 223
2275 136 226
2276 131 226
2277 126 234
2278 121 234
2279 134 232
2280 132 232
2281 134 236
2282 119 235
2283 127 225
2284 129 225
2285 136 227
2286 136 233
2287 122 233
2288 132 236
2289 122 233
2290 130 233
2291 125 224
2292 122 233
2293 120 228
2294 120 165
2295 127 172
2296 137 166
2297 121 165
2298 124 165
2299 124 159
2300 124 162
2301 134 166
2302 120 161
2303 138 163
2304 126 165
2305 133 171
2306 121 165
2307 135 166
2308 129 169
2309 121 173
2310 135 158
2311 126 162
2312 137 158
2313 128 163
2314 126 164
2315 121 160
2316 138 162
2317 133 167
2318 138 172
2319 128 160
2320 132 162
2321 126 166
2322 130 168
2323 126 172
2324 245 188
2325 243 185
2326 251 180
2327 246 175
2328 247 176
2329 241 182
2330 242 176
2331 250 186
2332 244 175
2333 252 175
2334 250 176
2335 242 184
2336 251 175
2337 247 186
2338 246 176
2339 247 175
2340 242 178
2341 251 187
2342 241 182
2343 247 185
2344 239 175
2345 246 174
2346 242 176
2347 253 179
2348 243 181
2349 253 183
2350 253 178
2351 241 182
2352 244 182
2353 247 183
2354 200 262
2355 194 264
2356 195 256
2357 192 271
2358 194 263
2359 196 255
2360 203 258
2361 190 269
2362 192 255
2363 200 268
2364 193 262
2365 195 254
2366 198 261
2367 198 262
2368 193 257
2369 201 265
2370 200 270
2371 189 262
2372 194 264
2373 189 260
2374 197 261
2375 192 258
2376 192 262
2377 192 256
2378 204 254
2379 197 267
2380 203 254
2381 198 271
2382 198 270
2383 197 270
2384 4 25
2385 11 25
2386 3 14
2387 9 19
2388 0 22
2389 6 14
2390 0 26
2391 9 16
2392 3 25
2393 6 21
2394 10 25
2395 0 19
2396 5 17
2397 6 13
2398 8 24
2399 6 21
2400 4 26
2401 9 20
2402 9 17
2403 0 16
2404 9 19
2405 0 15
2406 2 15
2407 7 17
2408 4 14
2409 8 14
2410 3 15
2411 6 14
2412 2 24
2413 11 23
2414 173 5
2415 171 8
2416 165 3
2417 166 6
2418 168 8
2419 168 9
2420 160 5
2421 169 6
2422 169 2
2423 173 10
2424 171 8
2425 173 3
2426 158 3
2427 159 4
2428 163 3
2429 160 7
2430 162 10
2431 164 6
2432 168 0
2433 168 3
2434 168 10
2435 158 6
2436 159 11
2437 162 2
2438 162 11
2439 160 3
2440 171 4
2441 166 11
2442 272 99
2443 257 117
2444 270 102
2445 271 115
2446 261 103
2447 266 112
2448 263 104
2449 270 100
2450 263 117
2451 264 113
2452 258 117
2453 272 116
2454 272 107
2455 272 99
2456 261 102
2457 255 102
2458 254 112
2459 263 112
2460 259 107
2461 256 101
2462 264 100
2463 268 118
2464 265 115
2465 255 105
2466 271 100
2467 267 106
2468 266 118
2469 257 111
2470 261 116
2471 258 115
2472 37 210
2473 28 208
2474 27 208
2475 32 212
2476 27 217
2477 33 207
2478 31 212
2479 40 214
2480 29 205
2481 37 221
2482 33 208
2483 32 210
2484 30 210
2485 40 207
2486 35 220
2487 32 214
2488 28 220
2489 34 221
2490 29 219
2491 31 221
2492 40 217
2493 27 219
2494 33 214
2495 33 220
2496 36 208
2497 33 216
2498 30 206
2499 32 219
2500 29 219
2501 30 217
2502 22 265
2503 21 254
2504 14 255
2505 21 265
2506 20 269
2507 17 268
2508 17 256
2509 22 261
2510 19 255
2511 16 254
2512 20 270
2513 13 259
2514 12 262
2515 25 267
2516 19 255
2517 12 271
2518 19 271
2519 18 255
2520 21 271
2521 19 255
2522 14 255
2523 13 266
2524 13 257
2525 18 271
2526 12 258
2527 12 254
2528 23 259
2529 12 264
2530 16 255
2531 15 258
2532 210 141
2533 211 144
2534 217 157
2535 218 154
2536 205 157
2537 219 142
2538 219 154
2539 215 155
2540 219 154
2541 216 149
2542 208 145
2543 220 152
2544 211 142
2545 209 143
2546 210 156
2547 221 142
2548 206 139
2549 218 150
2550 216 152
2551 211 154
2552 212 154
2553 214 157
2554 215 149
2555 205 155
2556 213 154
2557 215 141
2558 214 146
2559 215 147
2560 215 155
2561 207 145
2562 41 63
2563 28 68
2564 32 71
2565 40 77
2566 40 68
2567 35 80
2568 34 75
2569 40 80
2570 34 65
2571 39 75
2572 33 77
2573 29 62
2574 28 73
2575 29 76
2576 35 79
2577 33 70
2578 38 68
2579 28 67
2580 37 67
2581 27 70
2582 29 63
2583 29 80
2584 31 76
2585 38 67
2586 31 69
2587 33 70
2588 40 76
2589 36 71
2590 38 62
2591 35 69
2592 18 188
2593 12 186
2594 19 175
2595 25 174
2596 22 187
2597 19 174
2598 24 185
2599 16 180
2600 13 175
2601 16 177
2602 17 181
2603 15 185
2604 20 174
2605 22 177
2606 17 176
2607 26 187
2608 14 175
2609 14 175
2610 22 185
2611 13 174
2612 24 174
2613 13 182
2614 23 188
2615 17 175
2616 20 188
2617 13 175
2618 24 187
2619 12 180
2620 15 188
2621 25 180
2622 128 44
2623 135 58
2624 120 49
2625 130 52
2626 133 47
2627 133 58
2628 138 49
2629 131 45
2630 136 46
2631 119 49
2632 135 52
2633 130 59
2634 129 49
2635 135 47
2636 136 45
2637 130 46
2638 123 47
2639 119 60
2640 137 58
2641 121 50
2642 136 59
2643 124 53
2644 124 57
2645 126 51
2646 126 46
2647 133 43
2648 122 49
2649 137 57
2650 124 47
2651 126 52
2652 7 128
2653 11 124
2654 7 124
2655 6 122
2656 2 133
2657 7 129
2658 8 133
2659 0 124
2660 10 123
2661 6 132
2662 2 126
2663 10 137
2664 1 126
2665 3 135
2666 10 120
2667 4 127
2668 2 120
2669 10 127
2670 11 121
2671 3 120
2672 4 134
2673 1 124
2674 3 136
2675 7 124
2676 0 126
2677 3 119
2678 0 138
2679 9 136
2680 9 128
2681 267 19
2682 259 22
2683 259 16
2684 258 19
2685 269 23
2686 267 18
2687 264 20
2688 265 15
2689 271 21
2690 268 17
2691 254 14
2692 264 17
2693 264 22
2694 271 21
2695 262 26
2696 258 14
2697 257 26
2698 254 13
2699 268 13
2700 262 26
2701 261 23
2702 256 17
2703 269 21
2704 272 21
2705 271 24
2706 258 19
2707 256 17
2708 268 25
2709 254 25
2710 266 21
2711 135 89
2712 122 91
2713 135 93
2714 127 85
2715 123 90
2716 123 82
2717 132 84
2718 138 88
2719 129 86
2720 120 81
2721 122 92
2722 136 94
2723 130 93
2724 131 87
2725 138 93
2726 126 86
2727 137 90
2728 123 89
2729 133 81
2730 124 96
2731 123 85
2732 126 88
2733 137 96
2734 120 82
2735 122 89
2736 127 81
2737 135 85
2738 119 85
2739 134 92
2740 134 82
2741 100 109
2742 112 99
2743 110 111
2744 116 99
2745 112 114
2746 102 106
2747 112 116
2748 112 111
2749 115 106
2750 104 103
2751 100 107
2752 113 114
2753 118 117
2754 105 111
2755 109 114
2756 111 117
2757 101 112
2758 117 100
2759 102 110
2760 106 99
2761 113 112
2762 117 110
2763 110 116
2764 115 116
2765 215 167
2766 220 164
2767 205 165
2768 216 173
2769 218 168
2770 208 166
2771 217 162
2772 212 161
2773 218 160
2774 216 171
2775 208 173
2776 216 165
2777 209 160
2778 216 164
2779 218 166
2780 207 164
2781 217 170
2782 221 170
2783 213 162
2784 213 164
2785 218 162
2786 220 168
2787 212 164
2788 205 163
2789 212 158
2790 207 172
2791 206 163
2792 205 169
2793 209 163
2794 217 159
2795 11 241
2796 10 244
2797 8 253
2798 11 241
2799 5 242
2800 9 244
2801 9 247
2802 5 244
2803 3 237
2804 0 243
2805 3 250
2806 9 253
2807 0 243
2808 8 253
2809 8 247
2810 3 249
2811 2 251
2812 7 239
2813 0 250
2814 1 246
2815 1 243
2816 0 253
2817 7 249
2818 1 245
2819 10 247
2820 3 247
2821 1 248
2822 3 240
2823 246 233
2824 244 224
2825 240 223
2826 252 231
2827 245 233
2828 253 229
2829 252 224
2830 241 225
2831 240 228
2832 244 226
2833 243 233
2834 249 233
2835 252 233
2836 243 231
2837 237 230
2838 240 222
2839 237 226
2840 239 231
2841 243 236
2842 246 228
2843 250 232
2844 250 233
2845 242 232
2846 237 230
2847 239 236
2848 244 236
2849 238 234
2850 245 225
2851 249 222
2852 252 229
2853 12 139
2854 26 151
2855 16 154
2856 19 151
2857 19 157
2858 17 145
2859 24 140
2860 18 139
2861 19 143
2862 13 142
2863 13 154
2864 26 140
2865 21 145
2866 17 146
2867 13 141
2868 25 149
2869 25 151
2870 12 139
2871 25 139
2872 19 144
2873 17 152
2874 18 145
2875 17 145
2876 20 150
2877 19 139
2878 19 157
2879 22 155
2880 12 157
2881 23 142
2882 23 156
