251 277 10 2870
0 11
1 6
2 11
3 9
4 10
5 9
6 9
7 8
8 7
9 8
10 7
11 5
12 4
13 4
14 3
15 3
16 3
17 3
18 3
19 5
20 3
21 3
22 5
23 5
24 3
25 3
26 3
27 4
28 3
29 5
30 3
31 3
32 4
33 4
34 3
35 3
36 3
37 3
38 5
39 4
40 4
41 4
42 3
43 4
44 3
45 3
46 3
47 3
48 3
49 3
50 3
51 3
52 4
53 5
54 3
55 3
56 3
57 3
58 4
59 3
60 3
61 4
62 3
63 3
64 4
65 5
66 3
67 3
68 3
69 4
70 3
71 3
72 4
73 4
74 3
75 4
76 5
77 3
78 5
79 3
80 5
81 3
82 3
83 3
84 3
85 3
86 3
87 3
88 3
89 4
90 4
91 3
92 3
93 4
94 3
95 3
96 4
97 3
98 3
99 3
100 3
101 3
102 4
103 3
104 4
105 3
106 3
107 5
108 3
109 4
110 3
111 3
112 6
113 4
114 3
115 3
116 3
117 3
118 3
119 4
120 3
121 3
122 3
123 3
124 3
125 3
126 3
127 4
128 3
129 3
130 3
131 4
132 3
133 5
134 3
135 3
136 3
137 3
138 3
139 3
140 3
141 3
142 4
143 3
144 3
145 7
146 3
147 3
148 4
149 3
150 3
151 3
152 5
153 3
154 3
155 4
156 3
157 4
158 3
159 5
160 3
161 3
162 3
163 6
164 3
165 3
166 3
167 5
168 3
169 3
170 3
171 4
172 3
173 6
174 3
175 3
176 3
177 5
178 3
179 5
180 4
181 3
182 3
183 3
184 3
185 3
186 3
187 4
188 5
189 3
190 4
191 3
192 4
193 3
194 3
195 3
196 3
197 3
198 3
199 4
200 3
201 4
202 3
203 3
204 3
205 3
206 4
207 6
208 4
209 5
210 3
211 4
212 3
213 3
214 3
215 3
216 3
217 3
218 3
219 3
220 4
221 3
222 3
223 3
224 3
225 3
226 5
227 5
228 3
229 3
230 5
231 6
232 4
233 5
234 5
235 4
236 3
237 3
238 3
239 3
240 4
241 3
242 3
243 3
244 3
245 3
246 3
247 4
248 3
249 4
250 3
0 0 2
1 0 4
2 0 5
3 0 6
4 0 7
5 0 9
6 0 45
7 0 61
8 0 216
9 1 4
10 1 5
11 1 6
12 1 9
13 1 129
14 2 3
15 2 4
16 2 6
17 2 7
18 2 8
19 2 9
20 2 10
21 2 12
22 2 181
23 2 233
24 3 4
25 3 5
26 3 6
27 3 7
28 3 9
29 3 11
30 3 95
31 3 148
32 4 5
33 4 6
34 4 7
35 4 10
36 5 7
37 5 9
38 5 10
39 5 11
40 5 30
41 6 7
42 6 9
43 6 10
44 6 112
45 7 165
46 8 9
47 8 10
48 8 11
49 8 198
50 9 10
51 10 78
52 12 27
53 13 18
54 13 17
55 14 29
56 15 17
57 15 22
58 16 22
59 17 26
60 19 24
61 19 28
62 19 23
63 20 27
64 21 28
65 22 23
66 22 29
67 23 27
68 25 29
69 30 42
70 31 43
71 31 41
72 32 36
73 32 33
74 32 40
75 33 38
76 34 43
77 35 39
78 35 38
79 36 42
80 37 38
81 39 41
82 40 44
83 45 54
84 46 58
85 47 51
86 47 59
87 47 53
88 48 56
89 48 50
90 49 59
91 50 52
92 51 58
93 52 54
94 52 60
95 53 57
96 53 55
97 55 60
98 61 73
99 62 63
100 63 72
101 64 67
102 64 75
103 65 71
104 65 72
105 65 69
106 66 72
107 68 76
108 69 70
109 69 76
110 69 77
111 70 74
112 73 76
113 75 77
114 78 81
115 78 82
116 78 93
117 79 90
118 80 88
119 80 92
120 80 93
121 80 83
122 81 85
123 82 87
124 83 94
125 84 90
126 84 89
127 86 88
128 88 91
129 89 91
130 95 107
131 96 106
132 96 102
133 96 97
134 97 107
135 98 100
136 99 106
137 100 107
138 101 107
139 101 111
140 102 109
141 103 108
142 103 104
143 103 109
144 104 110
145 105 110
146 112 116
147 112 125
148 112 127
149 112 114
150 113 117
151 113 125
152 114 128
153 115 120
154 117 120
155 117 126
156 118 127
157 119 122
158 119 123
159 120 123
160 121 124
161 121 128
162 129 139
163 130 133
164 131 132
165 131 141
166 131 142
167 133 137
168 133 143
169 133 142
170 134 147
171 135 145
172 135 147
173 136 137
174 138 142
175 138 146
176 138 145
177 139 145
178 140 145
179 144 145
180 148 152
181 149 160
182 149 159
183 150 151
184 150 157
185 151 156
186 151 162
187 152 154
188 152 163
189 153 159
190 155 163
191 155 162
192 157 164
193 158 164
194 159 163
195 161 163
196 165 172
197 165 179
198 166 178
199 167 174
200 167 173
201 167 171
202 168 173
203 169 177
204 170 173
205 171 180
206 173 179
207 175 178
208 176 177
209 177 180
210 178 179
211 181 182
212 182 186
213 183 188
214 184 191
215 184 192
216 185 189
217 185 190
218 185 191
219 186 192
220 187 194
221 187 188
222 188 192
223 190 193
224 191 195
225 192 197
226 194 196
227 198 209
228 199 200
229 199 213
230 200 207
231 201 205
232 201 212
233 202 207
234 203 209
235 204 209
236 204 207
237 205 213
238 206 210
239 206 215
240 207 211
241 208 212
242 208 215
243 211 214
244 216 227
245 217 225
246 217 222
247 218 230
248 218 232
249 219 225
250 220 222
251 220 226
252 221 230
253 223 231
254 224 231
255 226 227
256 226 232
257 227 231
258 228 231
259 229 230
260 233 249
261 233 250
262 234 238
263 234 242
264 234 243
265 234 245
266 234 244
267 235 237
268 235 247
269 236 238
270 239 242
271 240 244
272 240 247
273 240 249
274 241 247
275 245 246
276 248 250
0 62 170
1 68 172
2 65 175
3 71 172
4 62 170
5 67 180
6 67 177
7 67 173
8 68 180
9 77 174
10 72 165
11 66 177
12 70 173
13 68 172
14 64 174
15 74 179
16 74 178
17 67 171
18 74 171
19 61 176
20 63 165
21 67 168
22 74 175
23 63 170
24 75 171
25 72 180
26 71 174
27 67 178
28 77 175
29 73 170
30 6 224
31 3 226
32 8 224
33 4 217
34 1 232
35 3 225
36 8 221
37 11 223
38 3 218
39 2 222
40 4 221
41 7 231
42 9 228
43 9 225
44 5 219
45 9 223
46 3 228
47 1 218
48 5 229
49 6 218
50 0 230
51 11 216
52 6 225
53 0 232
54 10 221
55 11 218
56 11 229
57 11 222
58 198 91
59 214 83
60 203 93
61 211 82
62 208 91
63 199 90
64 204 89
65 199 87
66 205 89
67 205 89
68 212 91
69 211 87
70 207 83
71 209 85
72 207 88
73 212 87
74 209 90
75 208 87
76 212 79
77 204 85
78 202 81
79 213 86
80 206 81
81 206 85
82 208 87
83 210 88
84 201 87
85 210 93
86 212 78
87 201 82
88 27 80
89 24 82
90 14 78
91 20 88
92 20 79
93 12 89
94 20 91
95 28 87
96 26 93
97 27 80
98 17 88
99 16 93
100 13 78
101 26 88
102 22 92
103 26 91
104 22 86
105 27 89
106 21 92
107 24 83
108 24 85
109 24 90
110 15 85
111 21 94
112 19 84
113 29 78
114 17 91
115 13 82
116 20 81
117 13 84
118 172 193
119 179 183
120 177 186
121 170 191
122 175 196
123 176 195
124 170 188
125 172 184
126 169 184
127 166 184
128 166 188
129 179 197
130 176 196
131 171 188
132 171 189
133 180 188
134 165 196
135 177 185
136 179 188
137 178 196
138 167 183
139 176 182
140 174 196
141 174 190
142 169 189
143 166 197
144 169 185
145 170 193
146 169 191
147 173 183
148 56 226
149 47 228
150 60 225
151 54 217
152 51 222
153 50 230
154 48 223
155 60 231
156 54 222
157 60 232
158 50 216
159 60 225
160 54 226
161 58 217
162 45 223
163 58 223
164 55 216
165 47 230
166 53 225
167 54 217
168 60 223
169 56 227
170 48 216
171 56 225
172 55 218
173 52 226
174 55 225
175 59 231
176 56 222
177 54 224
178 34 116
179 30 120
180 37 120
181 30 120
182 32 116
183 38 114
184 33 116
185 38 121
186 30 127
187 32 118
188 36 120
189 40 116
190 39 114
191 38 120
192 43 120
193 30 119
194 35 120
195 39 115
196 42 112
197 38 112
198 37 121
199 39 120
200 32 117
201 35 124
202 40 126
203 31 116
204 33 118
205 37 120
206 40 123
207 41 125
208 154 61
209 154 77
210 152 63
211 152 66
212 152 75
213 163 68
214 152 71
215 153 76
216 149 74
217 150 71
218 156 71
219 154 69
220 164 63
221 153 66
222 149 62
223 148 67
224 164 71
225 164 66
226 148 76
227 158 63
228 158 74
229 162 74
230 163 70
231 161 75
232 154 65
233 155 70
234 151 62
235 149 65
236 157 65
237 159 67
238 9 225
239 11 232
240 5 219
241 8 229
242 4 220
243 6 230
244 0 223
245 9 224
246 10 219
247 3 220
248 1 219
249 2 230
250 10 224
251 2 226
252 6 225
253 0 228
254 8 222
255 10 218
256 5 230
257 2 224
258 6 228
259 10 232
260 5 218
261 11 221
262 3 231
263 10 217
264 1 216
265 1 225
266 0 224
267 10 228
268 225 67
269 228 67
270 221 66
271 222 77
272 232 62
273 226 76
274 225 73
275 221 71
276 226 66
277 222 70
278 229 65
279 228 76
280 228 61
281 219 69
282 228 76
283 229 67
284 218 77
285 218 64
286 224 63
287 220 64
288 218 63
289 221 67
290 217 74
291 227 70
292 227 66
293 216 71
294 231 66
295 225 68
296 217 77
297 220 73
298 98 26
299 95 20
300 96 21
301 111 13
302 96 26
303 110 18
304 98 25
305 104 29
306 103 19
307 96 29
308 98 20
309 107 21
310 101 26
311 99 28
312 103 12
313 107 25
314 99 17
315 111 24
316 109 12
317 101 27
318 98 14
319 110 25
320 97 17
321 104 19
322 99 28
323 102 18
324 98 23
325 110 26
326 100 16
327 99 14
328 189 3
329 188 2
330 191 6
331 195 1
332 194 3
333 188 0
334 190 6
335 193 0
336 189 7
337 185 11
338 197 3
339 188 9
340 188 2
341 188 10
342 194 11
343 184 7
344 182 8
345 193 9
346 189 4
347 195 2
348 197 3
349 191 1
350 195 3
351 191 8
352 191 11
353 186 0
354 181 5
355 188 0
356 1 223
357 8 224
358 3 226
359 6 217
360 4 232
361 8 224
362 1 218
363 1 218
364 7 224
365 8 225
366 9 224
367 3 225
368 4 228
369 7 219
370 6 217
371 8 231
372 3 219
373 2 217
374 5 226
375 0 228
376 10 217
377 11 218
378 8 218
379 0 224
380 5 219
381 7 231
382 1 224
383 0 223
384 2 224
385 8 226
386 87 125
387 80 117
388 80 122
389 94 117
390 85 122
391 88 119
392 89 117
393 82 112
394 82 115
395 78 118
396 81 120
397 79 114
398 87 113
399 78 124
400 85 126
401 84 126
402 86 122
403 87 117
404 82 122
405 88 112
406 81 127
407 82 125
408 94 120
409 92 116
410 89 120
411 83 128
412 86 112
413 94 128
414 92 112
415 79 123
416 111 106
417 108 95
418 102 99
419 99 111
420 95 105
421 97 99
422 105 109
423 108 106
424 98 110
425 111 105
426 98 108
427 95 109
428 102 95
429 110 100
430 100 110
431 107 106
432 109 110
433 98 103
434 173 154
435 165 156
436 165 156
437 180 163
438 174 159
439 174 163
440 172 164
441 165 149
442 177 150
443 165 154
444 173 148
445 174 161
446 167 149
447 166 159
448 179 148
449 166 150
450 176 161
451 172 148
452 171 152
453 174 163
454 177 161
455 171 156
456 167 155
457 170 157
458 174 151
459 176 164
460 180 156
461 175 155
462 175 157
463 168 161
464 65 187
465 74 181
466 65 181
467 70 182
468 72 195
469 72 195
470 71 192
471 65 188
472 70 196
473 77 187
474 77 188
475 75 185
476 70 181
477 62 187
478 73 184
479 61 191
480 65 190
481 68 185
482 69 182
483 62 187
484 66 181
485 68 193
486 63 183
487 68 186
488 65 194
489 74 193
490 65 186
491 73 196
492 64 190
493 67 182
494 66 180
495 63 167
496 69 174
497 64 168
498 69 173
499 73 165
500 74 167
501 65 175
502 76 180
503 72 174
504 66 176
505 63 165
506 70 174
507 77 170
508 63 175
509 73 166
510 72 170
511 63 177
512 67 175
513 66 167
514 62 178
515 66 172
516 73 171
517 70 169
518 69 179
519 75 171
520 71 176
521 77 169
522 75 180
523 74 168
524 51 97
525 51 95
526 50 96
527 46 103
528 47 95
529 59 103
530 59 99
531 54 110
532 59 111
533 47 109
534 56 97
535 55 104
536 48 110
537 48 99
538 57 95
539 55 97
540 48 99
541 47 106
542 54 95
543 56 98
544 49 108
545 56 111
546 51 104
547 49 109
548 47 101
549 51 96
550 58 107
551 48 106
552 48 107
553 50 96
554 230 76
555 226 63
556 230 76
557 220 71
558 221 67
559 232 64
560 222 76
561 221 65
562 229 75
563 216 74
564 231 73
565 222 62
566 218 70
567 224 63
568 232 73
569 230 66
570 220 75
571 222 64
572 232 62
573 221 72
574 219 62
575 229 72
576 223 70
577 232 65
578 227 66
579 218 75
580 218 67
581 225 61
582 224 75
583 222 76
584 230 82
585 220 89
586 227 81
587 219 91
588 216 93
589 232 84
590 222 86
591 218 86
592 230 81
593 230 87
594 220 87
595 217 82
596 222 83
597 229 89
598 230 93
599 216 89
600 232 85
601 231 94
602 219 80
603 226 88
604 229 79
605 231 78
606 221 86
607 220 79
608 229 91
609 222 93
610 216 81
611 217 82
612 225 84
613 232 86
614 106 42
615 109 37
616 95 43
617 109 34
618 103 38
619 97 35
620 111 41
621 103 38
622 109 38
623 106 31
624 110 44
625 102 43
626 106 30
627 108 39
628 96 33
629 104 32
630 106 38
631 101 43
632 106 36
633 108 44
634 100 31
635 104 39
636 103 32
637 100 37
638 98 40
639 102 39
640 101 31
641 100 37
642 99 43
643 102 34
644 145 50
645 133 59
646 137 53
647 144 57
648 133 50
649 141 52
650 138 48
651 143 60
652 146 46
653 145 53
654 137 51
655 129 56
656 131 54
657 134 55
658 136 53
659 131 53
660 139 60
661 145 49
662 141 53
663 135 48
664 140 55
665 132 52
666 133 49
667 139 52
668 145 52
669 131 57
670 138 46
671 131 45
672 137 51
673 134 58
674 58 135
675 48 144
676 56 146
677 49 139
678 57 138
679 59 146
680 53 141
681 52 133
682 50 135
683 48 138
684 56 141
685 47 132
686 50 131
687 51 129
688 47 133
689 51 147
690 48 144
691 45 134
692 53 140
693 48 143
694 53 139
695 50 140
696 59 137
697 47 135
698 51 137
699 48 142
700 53 129
701 60 135
702 59 140
703 52 134
704 180 172
705 170 178
706 165 177
707 179 176
708 165 176
709 168 177
710 169 178
711 178 180
712 174 169
713 174 166
714 165 167
715 165 177
716 166 172
717 167 172
718 172 176
719 175 172
720 167 165
721 178 177
722 177 179
723 169 166
724 179 171
725 236 6
726 244 3
727 243 2
728 234 3
729 237 1
730 247 3
731 236 9
732 250 8
733 247 2
734 237 1
735 242 3
736 234 10
737 245 7
738 245 1
739 241 3
740 241 3
741 242 3
742 241 2
743 247 1
744 244 9
745 241 2
746 235 8
747 240 8
748 249 9
749 234 5
750 104 74
751 97 71
752 108 75
753 98 71
754 101 69
755 110 71
756 100 71
757 97 61
758 100 62
759 106 72
760 98 63
761 103 65
762 102 65
763 105 62
764 103 74
765 99 75
766 106 75
767 100 61
768 101 71
769 101 74
770 111 61
771 110 63
772 101 76
773 100 69
774 102 76
775 108 77
776 103 73
777 107 63
778 98 67
779 111 72
780 196 5
781 192 5
782 182 3
783 193 11
784 196 10
785 187 8
786 185 2
787 182 9
788 184 4
789 197 6
790 186 6
791 184 6
792 195 2
793 191 11
794 184 0
795 192 2
796 195 10
797 192 3
798 190 1
799 182 6
800 182 9
801 191 11
802 197 9
803 184 11
804 192 10
805 184 10
806 194 9
807 197 6
808 194 7
809 90 137
810 92 143
811 88 138
812 80 146
813 87 146
814 78 132
815 89 136
816 91 146
817 89 129
818 94 130
819 90 136
820 94 143
821 92 134
822 81 146
823 87 133
824 85 136
825 81 144
826 86 130
827 85 147
828 84 141
829 84 133
830 84 131
831 83 137
832 79 145
833 78 133
834 90 142
835 83 137
836 83 146
837 90 141
838 86 136
839 44 29
840 38 13
841 43 14
842 39 19
843 39 24
844 42 27
845 41 20
846 35 29
847 36 27
848 35 15
849 40 12
850 36 23
851 33 27
852 36 26
853 40 18
854 36 27
855 33 24
856 34 12
857 38 13
858 33 24
859 42 26
860 43 28
861 35 23
862 42 13
863 34 18
864 36 28
865 44 28
866 42 28
867 32 21
868 31 23
869 27 91
870 29 84
871 26 81
872 29 79
873 17 91
874 26 88
875 22 91
876 16 90
877 27 81
878 20 82
879 14 86
880 28 78
881 12 85
882 29 87
883 19 86
884 21 83
885 22 90
886 15 86
887 22 93
888 20 90
889 16 90
890 27 86
891 26 90
892 22 92
893 19 86
894 19 86
895 16 88
896 13 87
897 24 83
898 22 94
899 158 155
900 163 158
901 158 148
902 158 153
903 157 163
904 152 164
905 160 154
906 162 161
907 158 153
908 157 149
909 150 159
910 150 163
911 160 152
912 155 153
913 162 157
914 156 155
915 154 164
916 153 155
917 70 15
918 76 27
919 61 13
920 61 24
921 66 27
922 77 26
923 64 26
924 61 18
925 68 15
926 63 28
927 68 29
928 72 25
929 69 28
930 73 16
931 64 16
932 67 15
933 66 19
934 69 15
935 62 18
936 70 17
937 76 17
938 67 27
939 67 12
940 68 14
941 69 12
942 65 25
943 65 25
944 62 12
945 65 23
946 65 28
947 108 69
948 97 70
949 109 65
950 96 64
951 101 61
952 96 69
953 110 63
954 104 65
955 110 71
956 100 65
957 108 71
958 108 69
959 110 67
960 111 76
961 103 69
962 100 64
963 104 70
964 106 62
965 97 64
966 101 65
967 100 74
968 96 69
969 111 67
970 101 62
971 95 72
972 97 71
973 103 64
974 104 74
975 101 67
976 110 72
977 161 108
978 163 98
979 160 98
980 152 110
981 159 105
982 156 100
983 154 95
984 151 109
985 152 107
986 155 95
987 152 97
988 156 101
989 163 99
990 150 99
991 151 102
992 151 101
993 150 110
994 163 110
995 150 111
996 157 106
997 148 104
998 159 99
999 153 96
1000 159 107
1001 157 105
1002 150 105
1003 149 111
1004 158 97
1005 163 99
1006 157 96
1007 96 22
1008 101 16
1009 111 16
1010 101 14
1011 100 29
1012 109 24
1013 97 16
1014 95 24
1015 105 19
1016 102 23
1017 107 22
1018 106 19
1019 100 13
1020 99 15
1021 99 13
1022 102 17
1023 111 17
1024 103 14
1025 97 29
1026 103 18
1027 106 17
1028 106 29
1029 102 23
1030 109 23
1031 103 15
1032 101 13
1033 105 21
1034 101 23
1035 102 12
1036 96 13
1037 79 197
1038 87 183
1039 80 189
1040 86 181
1041 84 183
1042 80 193
1043 80 189
1044 83 195
1045 83 192
1046 80 190
1047 89 187
1048 81 191
1049 80 186
1050 94 182
1051 78 186
1052 83 184
1053 85 192
1054 90 181
1055 82 185
1056 81 190
1057 92 189
1058 84 196
1059 80 193
1060 94 187
1061 85 191
1062 88 192
1063 83 181
1064 91 188
1065 94 181
1066 83 188
1067 194 229
1068 181 231
1069 195 224
1070 188 227
1071 194 218
1072 188 228
1073 194 226
1074 184 225
1075 192 223
1076 192 218
1077 187 216
1078 194 230
1079 183 229
1080 191 230
1081 182 222
1082 183 231
1083 181 230
1084 186 229
1085 182 217
1086 190 230
1087 189 227
1088 186 224
1089 192 224
1090 186 232
1091 194 224
1092 192 224
1093 183 223
1094 189 223
1095 192 229
1096 195 219
1097 139 64
1098 133 77
1099 144 64
1100 142 74
1101 131 67
1102 142 68
1103 147 66
1104 134 67
1105 143 75
1106 147 67
1107 141 65
1108 143 67
1109 147 73
1110 143 73
1111 135 65
1112 135 71
1113 135 67
1114 144 64
1115 137 64
1116 129 75
1117 139 67
1118 133 74
1119 145 61
1120 131 72
1121 135 73
1122 129 71
1123 131 77
1124 139 69
1125 145 67
1126 140 76
1127 225 59
1128 221 54
1129 223 57
1130 232 57
1131 222 53
1132 229 51
1133 220 52
1134 229 46
1135 223 48
1136 226 56
1137 231 51
1138 226 49
1139 219 59
1140 224 51
1141 232 47
1142 227 45
1143 221 54
1144 232 51
1145 216 48
1146 218 49
1147 227 48
1148 216 49
1149 219 58
1150 228 52
1151 232 58
1152 218 59
1153 225 55
1154 220 57
1155 226 52
1156 218 54
1157 27 70
1158 12 69
1159 15 76
1160 28 75
1161 21 67
1162 29 66
1163 26 75
1164 18 63
1165 26 77
1166 24 75
1167 13 62
1168 13 65
1169 26 65
1170 28 64
1171 21 68
1172 19 67
1173 15 63
1174 20 63
1175 24 69
1176 20 70
1177 15 68
1178 24 67
1179 17 66
1180 15 66
1181 24 70
1182 18 75
1183 13 76
1184 17 73
1185 15 65
1186 27 76
1187 71 169
1188 61 166
1189 72 178
1190 73 180
1191 68 165
1192 64 180
1193 72 180
1194 77 176
1195 73 167
1196 69 173
1197 65 176
1198 75 166
1199 67 167
1200 62 172
1201 74 165
1202 62 177
1203 75 169
1204 75 166
1205 76 175
1206 73 168
1207 62 178
1208 63 172
1209 68 173
1210 68 178
1211 64 179
1212 70 175
1213 68 169
1214 73 180
1215 69 178
1216 64 179
1217 210 9
1218 203 0
1219 211 2
1220 203 11
1221 211 0
1222 204 3
1223 213 2
1224 201 6
1225 202 3
1226 202 10
1227 211 6
1228 206 9
1229 198 6
1230 210 4
1231 206 9
1232 209 11
1233 202 5
1234 203 8
1235 212 5
1236 202 3
1237 214 0
1238 208 5
1239 205 8
1240 202 7
1241 214 10
1242 209 2
1243 198 5
1244 206 1
1245 71 39
1246 76 40
1247 66 36
1248 69 44
1249 77 34
1250 71 30
1251 68 32
1252 62 32
1253 73 43
1254 69 33
1255 71 43
1256 76 36
1257 77 35
1258 65 35
1259 62 44
1260 68 30
1261 75 39
1262 75 32
1263 77 44
1264 65 37
1265 76 32
1266 63 36
1267 64 38
1268 68 38
1269 70 42
1270 63 34
1271 65 35
1272 71 44
1273 61 44
1274 67 40
1275 103 210
1276 101 207
1277 111 200
1278 99 198
1279 104 200
1280 96 207
1281 108 200
1282 99 211
1283 108 199
1284 97 199
1285 104 211
1286 100 208
1287 103 201
1288 109 198
1289 95 208
1290 95 202
1291 98 202
1292 107 202
1293 107 200
1294 106 200
1295 103 209
1296 103 205
1297 106 199
1298 97 199
1299 109 211
1300 96 213
1301 105 206
1302 108 212
1303 102 201
1304 111 202
1305 236 20
1306 241 16
1307 236 29
1308 238 27
1309 244 22
1310 245 25
1311 238 21
1312 235 27
1313 243 27
1314 239 20
1315 244 14
1316 236 27
1317 246 29
1318 243 17
1319 242 24
1320 243 17
1321 242 27
1322 247 13
1323 246 15
1324 244 19
1325 250 13
1326 248 20
1327 241 12
1328 244 17
1329 247 14
1330 242 22
1331 249 26
1332 246 29
1333 242 18
1334 246 14
1335 25 94
1336 23 89
1337 24 94
1338 29 80
1339 28 92
1340 25 93
1341 14 81
1342 25 90
1343 15 94
1344 26 79
1345 24 85
1346 14 79
1347 27 81
1348 18 78
1349 14 87
1350 14 87
1351 20 89
1352 22 85
1353 27 80
1354 28 80
1355 29 88
1356 15 92
1357 17 93
1358 16 85
1359 23 84
1360 16 87
1361 27 83
1362 22 83
1363 21 92
1364 26 94
1365 229 68
1366 231 77
1367 220 62
1368 232 70
1369 232 64
1370 221 77
1371 221 71
1372 224 70
1373 220 71
1374 228 75
1375 216 70
1376 229 64
1377 225 64
1378 226 67
1379 227 68
1380 220 65
1381 220 75
1382 228 63
1383 227 70
1384 225 63
1385 218 68
1386 227 69
1387 232 68
1388 227 69
1389 227 69
1390 229 71
1391 232 76
1392 219 73
1393 220 71
1394 226 71
1395 184 172
1396 193 173
1397 183 167
1398 197 176
1399 188 175
1400 188 177
1401 187 167
1402 192 174
1403 183 180
1404 192 176
1405 191 171
1406 189 166
1407 183 170
1408 192 170
1409 188 170
1410 196 171
1411 196 175
1412 182 180
1413 197 165
1414 192 165
1415 187 173
1416 181 166
1417 183 166
1418 188 167
1419 183 167
1420 196 169
1421 186 177
1422 181 166
1423 190 173
1424 196 171
1425 178 205
1426 165 215
1427 177 200
1428 178 198
1429 167 200
1430 180 214
1431 173 204
1432 175 207
1433 178 215
1434 179 213
1435 178 199
1436 168 211
1437 167 204
1438 179 200
1439 172 202
1440 176 206
1441 178 206
1442 171 200
1443 179 208
1444 179 201
1445 173 206
1446 177 208
1447 171 208
1448 173 204
1449 168 204
1450 168 201
1451 170 208
1452 170 211
1453 168 215
1454 171 205
1455 244 71
1456 250 72
1457 250 76
1458 249 77
1459 240 75
1460 236 68
1461 249 77
1462 248 67
1463 240 74
1464 236 66
1465 241 72
1466 235 66
1467 246 69
1468 249 74
1469 241 62
1470 244 65
1471 236 62
1472 247 65
1473 241 61
1474 241 69
1475 236 67
1476 240 69
1477 236 74
1478 242 77
1479 244 70
1480 239 69
1481 238 74
1482 240 68
1483 238 74
1484 250 72
1485 241 236
1486 246 235
1487 239 241
1488 248 241
1489 236 243
1490 246 247
1491 247 239
1492 234 241
1493 237 241
1494 237 241
1495 239 246
1496 239 246
1497 247 243
1498 234 247
1499 238 239
1500 247 239
1501 238 249
1502 238 249
1503 238 250
1504 245 247
1505 237 238
1506 248 235
1507 235 239
1508 168 103
1509 165 105
1510 170 107
1511 168 95
1512 180 98
1513 171 101
1514 171 106
1515 167 107
1516 170 107
1517 177 106
1518 173 105
1519 175 98
1520 165 100
1521 170 99
1522 179 102
1523 175 111
1524 167 111
1525 170 108
1526 169 105
1527 180 110
1528 180 102
1529 169 98
1530 179 98
1531 179 106
1532 173 97
1533 179 100
1534 177 105
1535 178 95
1536 175 99
1537 175 102
1538 5 82
1539 7 80
1540 5 92
1541 10 92
1542 6 93
1543 5 85
1544 7 83
1545 5 92
1546 10 87
1547 5 91
1548 1 82
1549 1 84
1550 3 89
1551 6 83
1552 0 88
1553 2 81
1554 4 93
1555 11 92
1556 4 86
1557 7 87
1558 9 84
1559 5 91
1560 8 82
1561 6 88
1562 3 85
1563 7 81
1564 0 82
1565 8 85
1566 18 91
1567 20 90
1568 25 78
1569 27 88
1570 19 81
1571 23 88
1572 19 93
1573 28 84
1574 29 90
1575 26 91
1576 21 86
1577 18 87
1578 27 82
1579 12 89
1580 13 82
1581 13 84
1582 18 80
1583 18 82
1584 15 79
1585 25 90
1586 20 79
1587 14 81
1588 29 89
1589 23 78
1590 17 88
1591 12 94
1592 21 79
1593 16 89
1594 13 92
1595 12 85
1596 163 214
1597 157 210
1598 154 198
1599 158 200
1600 160 214
1601 154 213
1602 158 213
1603 161 200
1604 158 212
1605 154 215
1606 163 201
1607 161 206
1608 164 211
1609 150 208
1610 150 203
1611 148 211
1612 163 206
1613 150 207
1614 153 210
1615 163 205
1616 158 199
1617 159 205
1618 153 201
1619 159 208
1620 148 208
1621 157 211
1622 154 200
1623 148 202
1624 152 208
1625 162 199
1626 123 86
1627 121 85
1628 124 86
1629 126 89
1630 128 94
1631 124 81
1632 121 94
1633 114 92
1634 117 87
1635 117 81
1636 126 88
1637 126 88
1638 120 94
1639 119 90
1640 122 82
1641 125 84
1642 117 84
1643 121 78
1644 127 79
1645 113 80
1646 122 87
1647 118 91
1648 118 81
1649 125 85
1650 122 86
1651 118 94
1652 123 81
1653 118 86
1654 113 82
1655 121 88
1656 195 112
1657 189 123
1658 182 126
1659 184 112
1660 197 120
1661 188 113
1662 181 123
1663 197 119
1664 187 120
1665 194 120
1666 196 117
1667 197 112
1668 195 117
1669 181 124
1670 189 119
1671 184 116
1672 192 127
1673 183 118
1674 187 121
1675 195 127
1676 190 112
1677 181 120
1678 182 122
1679 183 127
1680 190 121
1681 197 122
1682 182 120
1683 191 118
1684 195 112
1685 194 126
1686 198 208
1687 198 211
1688 211 212
1689 212 199
1690 201 198
1691 204 208
1692 207 215
1693 213 208
1694 203 201
1695 213 204
1696 210 202
1697 198 201
1698 208 204
1699 199 201
1700 207 212
1701 199 210
1702 212 210
1703 214 209
1704 203 213
1705 201 249
1706 198 241
1707 211 238
1708 199 236
1709 204 238
1710 201 246
1711 198 250
1712 198 246
1713 198 238
1714 198 242
1715 213 243
1716 210 238
1717 204 239
1718 209 233
1719 202 243
1720 200 248
1721 205 235
1722 198 235
1723 199 245
1724 207 236
1725 198 245
1726 213 244
1727 207 234
1728 208 243
1729 202 240
1730 202 249
1731 205 240
1732 208 244
1733 200 250
1734 209 247
1735 204 108
1736 211 98
1737 201 111
1738 201 102
1739 206 100
1740 199 101
1741 210 97
1742 198 96
1743 214 101
1744 203 105
1745 203 105
1746 209 96
1747 206 95
1748 205 107
1749 211 107
1750 204 101
1751 198 110
1752 205 101
1753 207 111
1754 200 104
1755 203 96
1756 209 106
1757 205 108
1758 211 102
1759 215 105
1760 198 108
1761 213 111
1762 206 104
1763 201 100
1764 204 100
1765 243 123
1766 246 122
1767 247 128
1768 246 126
1769 244 115
1770 237 115
1771 246 118
1772 243 115
1773 236 124
1774 239 128
1775 238 113
1776 234 117
1777 245 121
1778 245 114
1779 248 125
1780 243 116
1781 246 121
1782 235 125
1783 243 119
1784 249 116
1785 243 125
1786 241 127
1787 248 128
1788 244 125
1789 247 113
1790 236 122
1791 240 117
1792 241 122
1793 248 128
1794 233 125
1795 57 42
1796 51 35
1797 59 33
1798 49 31
1799 48 39
1800 57 37
1801 52 36
1802 57 42
1803 47 30
1804 47 39
1805 46 37
1806 60 33
1807 57 31
1808 50 35
1809 46 36
1810 50 43
1811 57 37
1812 60 32
1813 47 31
1814 47 41
1815 45 42
1816 50 42
1817 55 30
1818 51 37
1819 52 32
1820 60 40
1821 57 37
1822 55 39
1823 49 44
1824 52 31
1825 211 27
1826 198 12
1827 204 16
1828 201 13
1829 198 12
1830 199 15
1831 199 24
1832 200 13
1833 214 23
1834 202 29
1835 201 28
1836 212 27
1837 199 12
1838 210 28
1839 215 28
1840 210 21
1841 210 25
1842 198 13
1843 211 14
1844 201 17
1845 205 27
1846 206 20
1847 213 13
1848 210 18
1849 215 14
1850 209 21
1851 202 29
1852 205 24
1853 202 18
1854 215 27
1855 244 239
1856 237 238
1857 249 242
1858 244 246
1859 244 235
1860 248 243
1861 237 240
1862 246 233
1863 246 233
1864 245 239
1865 244 235
1866 236 242
1867 237 241
1868 243 241
1869 245 235
1870 243 250
1871 238 250
1872 250 234
1873 243 236
1874 249 236
1875 243 241
1876 233 234
1877 242 248
1878 240 237
1879 236 250
1880 156 189
1881 164 181
1882 160 192
1883 162 185
1884 149 184
1885 163 181
1886 163 182
1887 159 187
1888 154 191
1889 157 193
1890 162 183
1891 151 181
1892 148 182
1893 157 191
1894 161 197
1895 153 184
1896 164 187
1897 160 195
1898 154 187
1899 154 184
1900 149 192
1901 149 191
1902 150 190
1903 152 190
1904 161 191
1905 159 182
1906 164 194
1907 162 182
1908 152 196
1909 158 186
1910 196 181
1911 181 197
1912 190 194
1913 194 195
1914 183 195
1915 192 190
1916 194 189
1917 186 185
1918 181 187
1919 192 185
1920 192 196
1921 189 195
1922 185 181
1923 183 195
1924 192 193
1925 185 181
1926 193 195
1927 44 60
1928 37 50
1929 40 50
1930 40 58
1931 33 53
1932 34 50
1933 30 56
1934 34 60
1935 34 59
1936 33 53
1937 32 60
1938 33 56
1939 33 47
1940 42 47
1941 32 47
1942 36 51
1943 36 53
1944 34 56
1945 33 57
1946 32 52
1947 37 54
1948 30 50
1949 40 56
1950 40 51
1951 43 49
1952 39 51
1953 36 47
1954 40 57
1955 36 55
1956 40 53
1957 150 119
1958 155 121
1959 150 126
1960 161 116
1961 158 123
1962 162 119
1963 162 125
1964 156 127
1965 148 123
1966 162 128
1967 164 120
1968 159 124
1969 150 126
1970 160 123
1971 160 116
1972 150 114
1973 163 128
1974 153 117
1975 152 127
1976 158 119
1977 162 125
1978 152 123
1979 154 122
1980 162 113
1981 156 126
1982 157 119
1983 155 112
1984 164 119
1985 154 125
1986 149 120
1987 146 151
1988 136 160
1989 129 154
1990 131 155
1991 147 159
1992 142 150
1993 131 161
1994 135 157
1995 136 154
1996 131 160
1997 143 156
1998 141 158
1999 140 159
2000 136 155
2001 141 161
2002 139 157
2003 142 150
2004 143 159
2005 147 161
2006 133 162
2007 130 156
2008 137 154
2009 146 150
2010 133 152
2011 146 158
2012 137 157
2013 140 155
2014 131 151
2015 133 155
2016 129 155
2017 19 236
2018 13 246
2019 25 248
2020 29 234
2021 22 234
2022 25 243
2023 22 234
2024 15 246
2025 20 234
2026 23 250
2027 12 250
2028 28 235
2029 23 236
2030 16 249
2031 26 246
2032 26 233
2033 29 240
2034 18 237
2035 16 237
2036 18 239
2037 24 235
2038 19 250
2039 23 233
2040 25 243
2041 19 242
2042 28 241
2043 28 234
2044 25 234
2045 29 247
2046 15 240
2047 94 22
2048 84 13
2049 88 29
2050 82 22
2051 92 14
2052 83 16
2053 86 14
2054 92 29
2055 85 18
2056 91 22
2057 86 26
2058 80 21
2059 81 22
2060 89 13
2061 79 24
2062 93 12
2063 80 22
2064 88 14
2065 85 23
2066 82 14
2067 86 12
2068 92 18
2069 90 14
2070 80 18
2071 91 29
2072 94 28
2073 79 28
2074 78 24
2075 79 26
2076 93 28
2077 196 179
2078 196 175
2079 197 167
2080 192 180
2081 185 180
2082 184 180
2083 193 178
2084 181 178
2085 193 175
2086 190 179
2087 196 180
2088 184 173
2089 191 176
2090 183 180
2091 196 171
2092 197 178
2093 185 169
2094 189 173
2095 188 171
2096 191 179
2097 187 173
2098 196 174
2099 193 177
2100 183 175
2101 189 174
2102 181 174
2103 181 166
2104 192 175
2105 196 168
2106 185 167
2107 116 126
2108 123 116
2109 121 126
2110 119 114
2111 114 117
2112 122 128
2113 119 121
2114 128 119
2115 122 117
2116 128 120
2117 123 114
2118 114 119
2119 115 122
2120 118 128
2121 120 118
2122 120 121
2123 114 124
2124 118 121
2125 117 118
2126 121 127
2127 114 118
2128 168 6
2129 165 10
2130 166 3
2131 167 10
2132 170 2
2133 171 5
2134 167 0
2135 168 8
2136 167 5
2137 174 1
2138 174 7
2139 173 10
2140 169 3
2141 167 5
2142 174 0
2143 165 11
2144 168 1
2145 174 7
2146 176 8
2147 172 9
2148 180 8
2149 177 3
2150 177 0
2151 174 0
2152 178 0
2153 171 7
2154 179 4
2155 176 9
2156 122 83
2157 114 79
2158 113 84
2159 123 88
2160 128 90
2161 118 93
2162 126 92
2163 119 78
2164 120 94
2165 124 85
2166 125 84
2167 124 92
2168 119 90
2169 116 83
2170 120 87
2171 120 86
2172 123 84
2173 125 82
2174 123 81
2175 122 79
2176 112 85
2177 128 84
2178 125 90
2179 113 83
2180 126 83
2181 125 86
2182 127 92
2183 115 81
2184 121 86
2185 121 78
2186 32 22
2187 34 15
2188 43 20
2189 33 13
2190 35 20
2191 44 20
2192 34 16
2193 36 18
2194 30 25
2195 37 15
2196 42 17
2197 35 18
2198 32 15
2199 35 16
2200 34 14
2201 42 21
2202 30 24
2203 30 20
2204 42 17
2205 31 22
2206 39 18
2207 34 19
2208 34 21
2209 38 21
2210 34 28
2211 34 15
2212 35 12
2213 34 21
2214 32 25
2215 43 18
2216 200 224
2217 201 217
2218 209 232
2219 213 232
2220 210 224
2221 198 232
2222 211 227
2223 207 225
2224 202 220
2225 203 229
2226 208 221
2227 208 219
2228 215 225
2229 204 228
2230 204 217
2231 210 217
2232 213 219
2233 206 223
2234 199 230
2235 202 218
2236 206 218
2237 203 226
2238 198 231
2239 210 229
2240 202 229
2241 212 232
2242 215 218
2243 207 227
2244 211 230
2245 206 219
2246 123 204
2247 124 214
2248 128 208
2249 113 204
2250 113 202
2251 122 204
2252 112 201
2253 112 205
2254 124 215
2255 121 202
2256 118 202
2257 125 199
2258 127 201
2259 115 201
2260 125 208
2261 124 214
2262 125 213
2263 116 211
2264 116 198
2265 120 208
2266 127 213
2267 112 214
2268 114 209
2269 128 208
2270 118 212
2271 119 210
2272 118 205
2273 119 198
2274 119 200
2275 118 213
2276 198 215
2277 214 202
2278 210 201
2279 214 206
2280 207 215
2281 210 198
2282 207 206
2283 198 206
2284 209 199
2285 204 215
2286 209 212
2287 205 204
2288 215 203
2289 199 202
2290 202 215
2291 214 205
2292 204 215
2293 210 202
2294 215 214
2295 199 198
2296 226 110
2297 229 110
2298 217 108
2299 216 111
2300 220 100
2301 220 96
2302 221 105
2303 224 106
2304 218 103
2305 232 102
2306 218 96
2307 220 111
2308 228 103
2309 216 102
2310 222 102
2311 229 106
2312 229 104
2313 218 103
2314 218 96
2315 220 108
2316 221 96
2317 220 103
2318 219 102
2319 223 111
2320 226 107
2321 226 100
2322 226 96
2323 223 106
2324 217 106
2325 216 101
2326 173 197
2327 166 195
2328 166 184
2329 170 193
2330 173 195
2331 171 197
2332 165 182
2333 169 197
2334 173 184
2335 171 196
2336 178 186
2337 173 196
2338 169 187
2339 168 181
2340 166 182
2341 169 183
2342 173 185
2343 180 191
2344 166 184
2345 165 183
2346 167 192
2347 165 191
2348 168 185
2349 176 186
2350 172 195
2351 175 193
2352 175 188
2353 179 191
2354 179 196
2355 172 184
2356 15 114
2357 29 124
2358 16 124
2359 16 128
2360 22 119
2361 29 119
2362 27 126
2363 18 120
2364 20 119
2365 21 115
2366 13 127
2367 27 127
2368 24 112
2369 27 115
2370 27 120
2371 27 124
2372 12 125
2373 15 123
2374 19 115
2375 18 117
2376 16 125
2377 27 127
2378 19 114
2379 19 115
2380 16 124
2381 24 122
2382 25 113
2383 28 125
2384 23 127
2385 18 115
2386 178 131
2387 175 139
2388 171 138
2389 166 145
2390 176 138
2391 166 134
2392 171 143
2393 174 133
2394 176 138
2395 176 135
2396 177 140
2397 179 145
2398 171 133
2399 169 147
2400 175 143
2401 180 140
2402 176 133
2403 166 146
2404 169 131
2405 179 136
2406 165 143
2407 177 130
2408 173 147
2409 175 143
2410 172 130
2411 166 136
2412 166 143
2413 178 142
2414 169 136
2415 168 134
2416 176 14
2417 173 25
2418 179 20
2419 175 18
2420 170 12
2421 177 12
2422 170 17
2423 174 25
2424 167 21
2425 170 14
2426 167 25
2427 168 19
2428 174 23
2429 165 18
2430 166 23
2431 176 17
2432 176 19
2433 169 19
2434 170 22
2435 167 26
2436 165 20
2437 166 14
2438 180 28
2439 172 17
2440 177 23
2441 173 18
2442 171 19
2443 172 29
2444 178 25
2445 165 20
2446 58 73
2447 45 67
2448 52 61
2449 50 72
2450 49 72
2451 56 75
2452 50 65
2453 54 65
2454 60 64
2455 60 61
2456 50 77
2457 53 65
2458 55 65
2459 47 71
2460 46 74
2461 46 64
2462 57 62
2463 57 62
2464 47 65
2465 49 67
2466 48 63
2467 53 77
2468 59 73
2469 45 77
2470 55 71
2471 50 77
2472 54 73
2473 60 77
2474 59 73
2475 54 66
2476 74 226
2477 61 227
2478 62 229
2479 61 220
2480 75 229
2481 77 219
2482 70 228
2483 77 230
2484 77 232
2485 76 231
2486 64 230
2487 76 230
2488 62 216
2489 71 229
2490 62 227
2491 64 229
2492 64 227
2493 67 227
2494 77 222
2495 70 229
2496 65 226
2497 76 225
2498 67 227
2499 63 228
2500 66 225
2501 65 228
2502 77 222
2503 63 223
2504 72 221
2505 70 216
2506 92 100
2507 89 110
2508 86 109
2509 91 106
2510 78 103
2511 80 109
2512 92 99
2513 92 109
2514 81 109
2515 87 103
2516 93 106
2517 84 98
2518 92 104
2519 89 98
2520 80 96
2521 93 103
2522 87 108
2523 80 105
2524 92 104
2525 83 106
2526 91 104
2527 88 99
2528 89 103
2529 80 103
2530 90 98
2531 91 109
2532 94 97
2533 85 99
2534 89 98
2535 78 108
2536 152 153
2537 151 149
2538 150 160
2539 148 157
2540 148 150
2541 156 161
2542 153 155
2543 158 160
2544 150 163
2545 164 155
2546 163 156
2547 158 161
2548 148 164
2549 160 162
2550 159 162
2551 154 155
2552 160 161
2553 164 163
2554 160 156
2555 164 163
2556 189 38
2557 189 43
2558 182 44
2559 181 32
2560 182 36
2561 191 37
2562 188 39
2563 192 43
2564 183 33
2565 189 31
2566 184 41
2567 195 38
2568 188 34
2569 187 42
2570 195 39
2571 189 44
2572 186 30
2573 182 34
2574 184 36
2575 184 33
2576 190 36
2577 188 33
2578 197 40
2579 192 36
2580 183 32
2581 182 39
2582 186 36
2583 182 39
2584 181 32
2585 184 35
2586 224 18
2587 221 24
2588 231 12
2589 226 16
2590 220 16
2591 227 18
2592 230 24
2593 220 20
2594 230 14
2595 221 29
2596 223 14
2597 225 24
2598 228 14
2599 229 16
2600 221 29
2601 220 27
2602 216 27
2603 225 15
2604 222 17
2605 222 14
2606 229 13
2607 226 22
2608 217 27
2609 224 16
2610 232 21
2611 226 15
2612 225 26
2613 225 19
2614 232 14
2615 223 29
2616 51 0
2617 55 11
2618 52 10
2619 45 1
2620 55 6
2621 50 3
2622 45 11
2623 46 9
2624 47 10
2625 51 8
2626 53 1
2627 53 7
2628 60 9
2629 56 11
2630 47 8
2631 49 5
2632 59 2
2633 53 7
2634 60 5
2635 59 5
2636 55 1
2637 52 9
2638 50 7
2639 56 0
2640 46 9
2641 50 11
2642 50 6
2643 59 4
2644 56 9
2645 1 64
2646 4 70
2647 0 64
2648 11 77
2649 1 73
2650 5 72
2651 3 66
2652 4 65
2653 6 63
2654 2 72
2655 11 69
2656 4 63
2657 8 62
2658 7 73
2659 1 72
2660 11 62
2661 5 73
2662 10 72
2663 1 76
2664 4 63
2665 5 69
2666 4 67
2667 4 68
2668 1 69
2669 8 65
2670 2 70
2671 85 172
2672 89 172
2673 87 171
2674 92 168
2675 78 178
2676 79 168
2677 87 172
2678 80 174
2679 87 174
2680 92 168
2681 94 178
2682 94 166
2683 87 178
2684 86 180
2685 93 179
2686 89 167
2687 86 172
2688 82 171
2689 86 170
2690 85 177
2691 94 176
2692 81 175
2693 87 170
2694 89 167
2695 89 179
2696 89 165
2697 79 171
2698 79 177
2699 88 171
2700 92 177
2701 214 170
2702 207 167
2703 201 173
2704 207 177
2705 209 171
2706 210 177
2707 199 166
2708 200 171
2709 203 180
2710 211 180
2711 199 166
2712 202 172
2713 201 169
2714 212 172
2715 213 178
2716 209 169
2717 210 172
2718 211 168
2719 199 178
2720 200 166
2721 203 170
2722 210 178
2723 211 171
2724 214 176
2725 200 168
2726 205 171
2727 206 173
2728 202 168
2729 208 170
2730 215 177
2731 166 50
2732 172 48
2733 175 60
2734 171 52
2735 180 52
2736 171 57
2737 179 53
2738 177 54
2739 179 54
2740 170 59
2741 169 53
2742 169 50
2743 172 58
2744 168 58
2745 169 47
2746 174 55
2747 174 49
2748 180 54
2749 177 48
2750 177 56
2751 172 48
2752 175 52
2753 171 59
2754 167 51
2755 171 59
2756 167 46
2757 174 56
2758 165 53
2759 168 59
2760 166 52
2761 156 107
2762 154 98
2763 159 98
2764 159 101
2765 155 106
2766 152 108
2767 162 106
2768 150 104
2769 160 111
2770 160 104
2771 153 111
2772 161 107
2773 151 100
2774 151 99
2775 150 97
2776 157 103
2777 158 108
2778 151 96
2779 164 108
2780 161 110
2781 159 109
2782 159 110
2783 157 101
2784 156 97
2785 163 110
2786 162 107
2787 164 109
2788 153 107
2789 162 102
2790 158 98
2791 149 154
2792 155 150
2793 161 148
2794 159 150
2795 161 151
2796 157 163
2797 148 159
2798 163 160
2799 159 157
2800 158 156
2801 164 153
2802 163 157
2803 157 160
2804 154 162
2805 153 161
2806 160 152
2807 155 156
2808 158 153
2809 156 157
2810 179 32
2811 165 31
2812 174 33
2813 178 34
2814 174 39
2815 170 32
2816 173 41
2817 167 38
2818 166 37
2819 177 33
2820 172 40
2821 175 37
2822 170 37
2823 175 30
2824 166 39
2825 170 40
2826 180 33
2827 180 38
2828 180 39
2829 168 33
2830 178 32
2831 174 33
2832 171 30
2833 167 35
2834 169 34
2835 165 44
2836 165 39
2837 167 44
2838 167 37
2839 169 35
2840 47 179
2841 48 173
2842 47 177
2843 56 176
2844 50 177
2845 59 168
2846 60 176
2847 59 178
2848 49 167
2849 58 167
2850 50 179
2851 51 172
2852 58 174
2853 49 170
2854 53 169
2855 57 177
2856 51 178
2857 52 174
2858 48 176
2859 49 174
2860 54 176
2861 51 167
2862 49 176
2863 51 179
2864 48 174
2865 51 172
2866 56 165
2867 49 167
2868 51 176
2869 50 170
