215 232 10 2868
0 9
1 7
2 6
3 10
4 7
5 6
6 6
7 7
8 5
9 5
10 8
11 7
12 5
13 3
14 3
15 3
16 3
17 3
18 3
19 3
20 5
21 5
22 3
23 3
24 3
25 3
26 4
27 3
28 3
29 3
30 3
31 4
32 3
33 3
34 3
35 4
36 3
37 4
38 5
39 3
40 3
41 3
42 3
43 3
44 4
45 3
46 3
47 5
48 4
49 6
50 3
51 3
52 4
53 3
54 4
55 5
56 3
57 4
58 3
59 3
60 3
61 4
62 3
63 3
64 3
65 3
66 3
67 4
68 3
69 3
70 3
71 3
72 4
73 3
74 3
75 3
76 3
77 3
78 3
79 3
80 3
81 3
82 3
83 4
84 3
85 3
86 3
87 3
88 3
89 3
90 4
91 4
92 3
93 5
94 3
95 3
96 3
97 3
98 3
99 3
100 3
101 3
102 3
103 4
104 3
105 3
106 3
107 5
108 3
109 3
110 3
111 3
112 3
113 3
114 3
115 4
116 3
117 4
118 3
119 3
120 4
121 3
122 3
123 4
124 4
125 3
126 3
127 3
128 4
129 3
130 4
131 3
132 3
133 3
134 3
135 3
136 3
137 4
138 3
139 3
140 4
141 4
142 4
143 4
144 3
145 3
146 3
147 3
148 3
149 3
150 4
151 4
152 3
153 3
154 5
155 3
156 3
157 3
158 4
159 4
160 4
161 3
162 5
163 3
164 4
165 3
166 3
167 4
168 3
169 6
170 3
171 3
172 3
173 3
174 7
175 4
176 3
177 3
178 3
179 5
180 3
181 3
182 3
183 3
184 3
185 6
186 3
187 4
188 3
189 3
190 3
191 3
192 4
193 3
194 3
195 3
196 3
197 3
198 3
199 5
200 4
201 4
202 4
203 3
204 3
205 3
206 3
207 4
208 4
209 3
210 3
211 3
212 3
213 4
214 3
0 0 2
1 0 3
2 0 4
3 0 5
4 0 10
5 0 11
6 0 83
7 1 3
8 1 5
9 1 6
10 1 7
11 1 8
12 1 135
13 2 4
14 2 6
15 2 102
16 3 8
17 3 9
18 3 10
19 3 11
20 3 31
21 3 66
22 4 7
23 4 9
24 4 10
25 4 11
26 4 150
27 5 9
28 5 10
29 5 11
30 5 185
31 6 10
32 6 120
33 7 8
34 7 10
35 7 11
36 7 49
37 8 9
38 10 169
39 11 12
40 11 200
41 12 29
42 12 14
43 13 20
44 14 20
45 14 23
46 15 19
47 15 28
48 16 25
49 16 21
50 17 18
51 17 21
52 17 26
53 19 22
54 19 27
55 20 26
56 21 24
57 23 30
58 28 29
59 31 48
60 32 47
61 33 37
62 34 47
63 35 42
64 35 48
65 36 47
66 37 38
67 38 45
68 38 46
69 39 43
70 39 45
71 40 47
72 41 46
73 41 48
74 43 44
75 44 47
76 49 59
77 49 64
78 49 57
79 50 57
80 50 53
81 51 58
82 51 55
83 51 61
84 52 63
85 52 54
86 53 56
87 54 55
88 55 62
89 56 65
90 57 61
91 60 62
92 66 77
93 67 71
94 67 72
95 67 79
96 68 80
97 69 73
98 69 77
99 70 77
100 70 78
101 70 81
102 72 81
103 74 79
104 74 82
105 75 80
106 76 78
107 79 80
108 83 90
109 84 94
110 84 96
111 85 94
112 86 95
113 86 93
114 87 99
115 87 96
116 88 91
117 88 93
118 89 98
119 90 92
120 90 91
121 92 97
122 93 101
123 95 100
124 96 100
125 98 99
126 102 115
127 103 110
128 103 105
129 103 117
130 104 112
131 104 114
132 105 116
133 106 107
134 107 111
135 107 118
136 107 116
137 108 109
138 108 119
139 113 115
140 113 119
141 114 117
142 114 115
143 120 121
144 120 125
145 122 127
146 123 130
147 123 125
148 123 132
149 124 127
150 124 128
151 124 134
152 125 131
153 126 133
154 128 132
155 128 133
156 129 130
157 135 137
158 135 147
159 136 138
160 136 148
161 136 141
162 137 142
163 137 141
164 139 142
165 140 146
166 140 142
167 143 145
168 143 148
169 144 147
170 144 149
171 150 151
172 151 157
173 151 164
174 152 167
175 152 160
176 153 154
177 153 159
178 154 163
179 154 165
180 155 158
181 155 162
182 156 161
183 156 167
184 158 159
185 160 166
186 162 166
187 162 168
188 164 165
189 169 179
190 169 175
191 169 172
192 170 178
193 171 183
194 171 175
195 172 174
196 173 179
197 174 178
198 174 180
199 174 182
200 174 184
201 176 179
202 177 178
203 179 181
204 185 193
205 185 198
206 185 192
207 186 197
208 187 188
209 187 199
210 189 191
211 189 197
212 189 190
213 190 195
214 190 194
215 192 194
216 192 199
217 196 199
218 200 208
219 201 212
220 201 207
221 202 210
222 202 212
223 203 213
224 204 205
225 204 211
226 204 213
227 206 214
228 207 208
229 207 213
230 207 209
231 209 214
0 173 213
1 184 211
2 182 205
3 183 206
4 175 211
5 172 211
6 172 209
7 181 212
8 172 206
9 183 206
10 171 211
11 169 208
12 169 201
13 183 209
14 183 206
15 183 207
16 177 203
17 172 213
18 172 209
19 177 201
20 170 202
21 173 202
22 180 214
23 175 203
24 182 203
25 172 211
26 176 211
27 173 207
28 179 203
29 180 209
30 26 207
31 28 208
32 21 210
33 13 200
34 15 200
35 25 212
36 15 210
37 22 203
38 15 200
39 22 207
40 29 204
41 15 208
42 24 211
43 14 210
44 19 205
45 27 204
46 12 202
47 15 211
48 26 205
49 19 206
50 13 204
51 26 212
52 30 204
53 26 203
54 14 205
55 14 208
56 14 207
57 13 214
58 21 207
59 22 211
60 153 47
61 153 36
62 153 40
63 168 47
64 166 38
65 153 47
66 168 45
67 164 41
68 153 37
69 160 46
70 165 43
71 158 46
72 160 48
73 150 42
74 168 32
75 164 44
76 165 42
77 157 46
78 162 38
79 152 41
80 160 40
81 166 47
82 157 40
83 153 45
84 165 43
85 151 37
86 161 31
87 167 34
88 158 32
89 153 32
90 120 108
91 130 103
92 126 118
93 132 117
94 121 114
95 123 107
96 128 102
97 121 115
98 124 102
99 132 112
100 120 119
101 122 118
102 132 108
103 122 110
104 130 111
105 130 113
106 134 113
107 120 108
108 130 118
109 133 110
110 133 102
111 123 119
112 123 115
113 128 119
114 127 107
115 126 106
116 126 108
117 124 115
118 126 104
119 124 110
120 99 157
121 97 154
122 88 152
123 93 166
124 89 166
125 97 164
126 85 165
127 90 159
128 86 165
129 85 165
130 97 161
131 88 167
132 101 154
133 96 160
134 100 150
135 89 153
136 90 152
137 83 163
138 92 168
139 100 154
140 95 158
141 90 156
142 86 155
143 96 159
144 95 159
145 92 150
146 92 166
147 97 153
148 84 151
149 97 163
150 145 140
151 142 149
152 143 137
153 135 139
154 139 146
155 141 149
156 135 138
157 143 142
158 141 149
159 139 144
160 147 136
161 140 148
162 149 141
163 146 139
164 146 141
165 145 137
166 138 147
167 148 146
168 144 141
169 136 140
170 135 138
171 106 69
172 109 73
173 108 70
174 115 69
175 106 77
176 111 81
177 119 80
178 116 68
179 105 66
180 113 77
181 104 82
182 116 67
183 111 73
184 117 75
185 104 80
186 104 79
187 112 71
188 109 69
189 109 74
190 106 75
191 106 73
192 109 73
193 115 70
194 104 67
195 112 80
196 107 80
197 105 69
198 103 66
199 113 78
200 111 68
201 120 190
202 125 186
203 133 193
204 133 194
205 122 198
206 125 185
207 133 188
208 122 187
209 129 190
210 134 199
211 131 199
212 133 190
213 134 188
214 130 188
215 129 197
216 128 187
217 131 196
218 134 196
219 128 189
220 127 196
221 122 188
222 132 199
223 127 196
224 122 185
225 132 187
226 134 192
227 122 198
228 129 189
229 124 197
230 121 198
231 12 128
232 30 125
233 25 124
234 13 133
235 23 132
236 25 122
237 19 127
238 19 124
239 25 120
240 20 131
241 16 124
242 12 121
243 26 132
244 27 129
245 29 131
246 22 127
247 30 128
248 12 124
249 22 127
250 25 121
251 20 125
252 15 133
253 25 131
254 26 132
255 28 126
256 26 131
257 24 133
258 25 125
259 13 133
260 30 124
261 17 85
262 29 92
263 19 90
264 14 83
265 25 88
266 12 92
267 23 101
268 19 98
269 17 84
270 15 85
271 22 85
272 22 93
273 29 85
274 18 90
275 15 90
276 13 97
277 29 86
278 22 91
279 14 84
280 22 89
281 28 101
282 25 83
283 24 98
284 29 100
285 20 100
286 18 100
287 25 87
288 17 90
289 19 89
290 15 95
291 39 71
292 31 72
293 39 75
294 48 76
295 34 82
296 31 72
297 45 67
298 47 75
299 43 66
300 32 81
301 37 77
302 34 70
303 35 69
304 44 74
305 44 79
306 35 76
307 32 71
308 43 72
309 36 76
310 39 71
311 35 76
312 36 79
313 38 79
314 40 71
315 44 81
316 32 80
317 41 70
318 40 79
319 33 81
320 47 74
321 65 34
322 59 31
323 57 42
324 59 40
325 49 38
326 49 41
327 51 31
328 65 40
329 58 40
330 56 37
331 59 38
332 62 48
333 54 43
334 49 31
335 55 48
336 51 36
337 57 47
338 61 37
339 57 44
340 50 31
341 49 45
342 54 47
343 49 34
344 55 44
345 64 42
346 64 42
347 56 32
348 57 47
349 60 37
350 64 48
351 182 90
352 182 83
353 175 94
354 172 88
355 179 83
356 182 85
357 183 96
358 174 88
359 182 89
360 173 87
361 182 101
362 179 85
363 183 87
364 180 90
365 172 88
366 183 87
367 173 97
368 177 100
369 177 93
370 179 88
371 169 95
372 184 86
373 171 95
374 183 91
375 178 95
376 184 85
377 169 83
378 177 94
379 169 95
380 170 92
381 198 190
382 196 188
383 186 187
384 191 185
385 188 196
386 191 194
387 195 198
388 194 191
389 190 198
390 186 193
391 189 185
392 199 197
393 187 185
394 186 193
395 198 199
396 194 193
397 197 199
398 195 197
399 187 193
400 163 11
401 160 5
402 162 11
403 150 8
404 153 8
405 154 4
406 150 6
407 167 8
408 167 4
409 165 1
410 152 9
411 153 11
412 163 1
413 158 5
414 159 8
415 164 7
416 159 4
417 155 0
418 166 4
419 154 2
420 158 10
421 155 3
422 156 4
423 152 5
424 153 5
425 159 11
426 162 5
427 155 8
428 152 2
429 102 165
430 110 162
431 111 154
432 103 164
433 105 161
434 113 166
435 105 164
436 110 151
437 103 165
438 106 153
439 118 161
440 105 152
441 108 163
442 110 168
443 117 168
444 114 155
445 119 158
446 107 167
447 102 152
448 109 155
449 105 165
450 108 167
451 102 159
452 105 164
453 108 165
454 107 152
455 109 150
456 117 150
457 104 151
458 106 156
459 113 104
460 110 108
461 111 115
462 103 118
463 113 112
464 116 113
465 116 108
466 107 102
467 117 108
468 119 105
469 114 116
470 115 106
471 114 118
472 106 113
473 106 119
474 115 111
475 115 106
476 107 117
477 118 104
478 165 184
479 163 177
480 158 169
481 164 178
482 152 170
483 152 178
484 165 172
485 165 178
486 154 172
487 152 175
488 152 171
489 152 173
490 162 171
491 154 184
492 163 175
493 165 181
494 154 182
495 154 180
496 156 182
497 167 176
498 159 179
499 158 174
500 152 175
501 157 182
502 166 184
503 155 179
504 166 169
505 157 169
506 160 181
507 150 180
508 190 135
509 192 144
510 198 144
511 190 144
512 189 139
513 196 137
514 189 142
515 198 138
516 190 140
517 189 149
518 198 135
519 191 141
520 188 144
521 197 142
522 188 138
523 198 135
524 187 146
525 194 136
526 193 147
527 198 143
528 189 148
529 197 136
530 186 145
531 186 137
532 197 140
533 194 142
534 195 143
535 190 139
536 193 137
537 191 142
538 148 176
539 148 172
540 140 169
541 138 172
542 144 174
543 141 169
544 138 184
545 142 184
546 138 170
547 146 184
548 139 170
549 146 181
550 142 175
551 145 169
552 143 182
553 143 177
554 138 178
555 138 174
556 144 176
557 147 177
558 141 169
559 145 172
560 142 183
561 141 173
562 142 182
563 149 170
564 141 184
565 143 182
566 143 183
567 145 176
568 147 126
569 139 133
570 147 127
571 137 131
572 146 124
573 139 126
574 146 133
575 148 128
576 146 130
577 139 124
578 141 127
579 146 123
580 145 126
581 143 123
582 149 126
583 143 129
584 140 125
585 144 130
586 147 131
587 137 121
588 138 132
589 142 127
590 138 131
591 136 134
592 144 121
593 135 127
594 140 131
595 135 122
596 140 126
597 139 120
598 152 10
599 164 3
600 162 3
601 157 0
602 157 10
603 161 4
604 153 0
605 167 8
606 162 11
607 167 1
608 160 7
609 160 11
610 164 5
611 159 1
612 163 5
613 162 5
614 152 11
615 167 0
616 166 8
617 150 5
618 158 6
619 159 4
620 157 8
621 153 4
622 162 6
623 168 1
624 158 11
625 154 11
626 158 1
627 166 6
628 163 6
629 156 8
630 162 1
631 163 3
632 166 7
633 167 9
634 160 0
635 160 7
636 163 10
637 159 1
638 152 3
639 166 0
640 168 11
641 155 10
642 157 4
643 157 1
644 165 7
645 165 9
646 158 4
647 163 2
648 161 2
649 167 5
650 151 8
651 159 5
652 155 4
653 164 9
654 162 6
655 139 169
656 136 173
657 136 179
658 139 180
659 136 173
660 148 172
661 147 175
662 146 183
663 137 180
664 144 175
665 137 181
666 137 172
667 138 176
668 137 178
669 142 169
670 146 184
671 148 176
672 138 179
673 136 178
674 146 178
675 141 183
676 147 170
677 137 176
678 138 169
679 137 181
680 149 181
681 136 170
682 140 176
683 139 175
684 138 173
685 69 203
686 79 206
687 66 210
688 69 214
689 75 206
690 69 211
691 80 212
692 73 206
693 66 200
694 77 207
695 81 200
696 75 200
697 77 210
698 72 211
699 80 202
700 79 204
701 69 212
702 66 206
703 73 202
704 66 205
705 77 203
706 70 200
707 70 212
708 72 210
709 68 208
710 67 207
711 74 214
712 67 204
713 80 210
714 70 211
715 9 67
716 5 66
717 11 71
718 11 79
719 1 73
720 9 70
721 1 70
722 2 82
723 4 77
724 3 79
725 3 82
726 9 74
727 0 75
728 0 78
729 10 81
730 4 81
731 8 69
732 1 76
733 3 79
734 1 71
735 10 82
736 3 71
737 3 81
738 9 68
739 4 66
740 9 78
741 10 76
742 11 68
743 203 145
744 210 138
745 210 143
746 207 140
747 200 135
748 200 143
749 205 138
750 209 140
751 214 147
752 204 140
753 205 149
754 214 146
755 209 141
756 209 146
757 209 145
758 205 143
759 202 137
760 203 141
761 201 142
762 201 147
763 214 148
764 202 142
765 209 136
766 213 140
767 205 147
768 213 148
769 205 146
770 209 135
771 210 138
772 208 137
773 119 0
774 112 10
775 108 0
776 107 11
777 106 4
778 107 1
779 103 6
780 103 1
781 116 5
782 104 0
783 111 7
784 105 4
785 106 6
786 114 1
787 117 10
788 107 9
789 110 2
790 117 2
791 102 5
792 111 3
793 108 3
794 106 1
795 119 3
796 117 10
797 107 2
798 118 2
799 115 10
800 118 8
801 35 130
802 31 127
803 47 123
804 43 124
805 43 126
806 34 132
807 43 129
808 46 123
809 34 131
810 37 132
811 47 133
812 38 125
813 45 122
814 47 121
815 31 132
816 42 127
817 31 123
818 46 123
819 32 129
820 44 131
821 34 125
822 45 125
823 32 126
824 32 130
825 36 122
826 48 129
827 37 131
828 36 133
829 36 121
830 41 124
831 96 83
832 86 87
833 91 84
834 84 86
835 89 87
836 94 101
837 92 101
838 98 91
839 96 101
840 98 100
841 85 96
842 101 96
843 101 96
844 100 85
845 90 95
846 87 89
847 83 85
848 88 98
849 98 85
850 93 98
851 97 100
852 83 93
853 148 0
854 144 6
855 147 6
856 139 8
857 148 5
858 148 3
859 149 10
860 141 11
861 144 2
862 140 3
863 149 11
864 141 5
865 143 11
866 148 0
867 142 10
868 147 4
869 148 7
870 137 3
871 141 9
872 137 9
873 136 4
874 139 10
875 146 8
876 149 7
877 142 0
878 135 0
879 135 10
880 140 6
881 202 14
882 213 27
883 207 29
884 208 23
885 202 26
886 206 15
887 203 14
888 205 21
889 203 17
890 205 18
891 206 14
892 203 17
893 214 15
894 211 28
895 213 30
896 202 28
897 209 14
898 202 22
899 210 15
900 203 27
901 207 27
902 211 19
903 205 18
904 214 20
905 213 25
906 209 17
907 203 22
908 206 13
909 214 29
910 41 145
911 38 142
912 44 144
913 46 143
914 45 138
915 33 140
916 45 139
917 39 137
918 37 138
919 41 143
920 39 143
921 47 142
922 32 139
923 43 139
924 32 145
925 45 135
926 41 142
927 47 141
928 43 138
929 39 146
930 43 142
931 41 139
932 46 147
933 34 141
934 34 138
935 37 143
936 31 142
937 46 147
938 46 139
939 36 148
940 188 118
941 186 113
942 195 117
943 193 107
944 199 118
945 188 119
946 188 118
947 195 111
948 197 119
949 188 104
950 197 105
951 199 118
952 198 104
953 190 117
954 196 116
955 199 118
956 189 105
957 190 119
958 191 106
959 193 109
960 191 104
961 195 113
962 194 119
963 198 104
964 190 117
965 193 119
966 194 117
967 193 119
968 199 118
969 195 109
970 171 88
971 173 83
972 170 84
973 175 88
974 178 88
975 177 98
976 176 101
977 180 89
978 173 84
979 177 96
980 180 95
981 178 91
982 173 92
983 181 86
984 184 90
985 178 92
986 180 94
987 183 96
988 183 91
989 175 92
990 180 95
991 174 97
992 174 97
993 181 97
994 174 86
995 182 101
996 181 96
997 176 98
998 178 100
999 182 91
1000 9 32
1001 0 43
1002 9 35
1003 10 35
1004 4 38
1005 4 32
1006 0 45
1007 9 39
1008 7 34
1009 4 32
1010 11 48
1011 7 44
1012 1 46
1013 11 41
1014 9 39
1015 11 45
1016 2 33
1017 4 34
1018 0 37
1019 7 47
1020 11 36
1021 11 48
1022 2 35
1023 1 35
1024 3 41
1025 8 48
1026 0 48
1027 8 45
1028 5 43
1029 208 24
1030 203 29
1031 205 15
1032 210 21
1033 204 27
1034 206 13
1035 207 18
1036 208 12
1037 202 15
1038 206 29
1039 200 14
1040 209 19
1041 208 15
1042 214 16
1043 200 18
1044 213 19
1045 208 16
1046 209 26
1047 212 18
1048 211 19
1049 200 24
1050 203 26
1051 206 27
1052 212 25
1053 204 30
1054 204 25
1055 214 26
1056 205 26
1057 208 30
1058 213 21
1059 87 14
1060 85 22
1061 101 19
1062 88 27
1063 89 15
1064 99 17
1065 96 17
1066 95 15
1067 97 29
1068 95 23
1069 98 17
1070 86 20
1071 100 27
1072 100 28
1073 98 27
1074 88 16
1075 88 28
1076 92 18
1077 97 30
1078 90 22
1079 99 22
1080 101 21
1081 93 22
1082 86 18
1083 88 15
1084 91 27
1085 94 23
1086 92 25
1087 101 24
1088 91 29
1089 62 171
1090 52 182
1091 57 171
1092 55 177
1093 52 170
1094 57 184
1095 63 180
1096 52 179
1097 53 171
1098 56 171
1099 55 173
1100 63 183
1101 60 175
1102 62 183
1103 56 180
1104 55 176
1105 49 180
1106 64 176
1107 65 181
1108 59 172
1109 58 182
1110 50 175
1111 52 181
1112 54 177
1113 63 179
1114 51 174
1115 61 181
1116 58 175
1117 64 184
1118 54 179
1119 39 92
1120 41 98
1121 33 95
1122 41 97
1123 43 101
1124 40 86
1125 41 93
1126 39 83
1127 37 97
1128 41 96
1129 31 95
1130 38 86
1131 42 85
1132 34 98
1133 35 87
1134 40 93
1135 36 85
1136 39 99
1137 34 93
1138 38 84
1139 48 93
1140 47 95
1141 40 93
1142 34 101
1143 40 83
1144 45 94
1145 39 100
1146 47 100
1147 43 95
1148 36 91
1149 101 191
1150 99 194
1151 100 194
1152 85 195
1153 101 198
1154 94 185
1155 95 193
1156 85 186
1157 100 192
1158 91 185
1159 85 191
1160 100 191
1161 93 193
1162 84 194
1163 88 190
1164 96 194
1165 96 198
1166 98 197
1167 94 187
1168 100 185
1169 89 199
1170 87 194
1171 94 198
1172 95 187
1173 99 191
1174 91 187
1175 90 193
1176 92 191
1177 94 187
1178 88 192
1179 99 147
1180 86 137
1181 100 136
1182 88 147
1183 96 137
1184 83 141
1185 100 142
1186 96 139
1187 95 144
1188 87 139
1189 84 137
1190 90 138
1191 97 147
1192 94 144
1193 92 146
1194 97 143
1195 96 147
1196 84 139
1197 89 146
1198 89 141
1199 85 145
1200 99 146
1201 98 139
1202 99 141
1203 98 147
1204 89 148
1205 98 148
1206 86 145
1207 91 146
1208 94 136
1209 51 94
1210 56 93
1211 54 88
1212 60 89
1213 62 97
1214 58 98
1215 54 95
1216 57 86
1217 52 85
1218 55 86
1219 55 101
1220 55 96
1221 64 83
1222 51 92
1223 57 92
1224 58 92
1225 51 92
1226 51 96
1227 62 100
1228 51 91
1229 59 97
1230 58 100
1231 65 87
1232 64 90
1233 55 85
1234 53 95
1235 60 92
1236 58 100
1237 54 84
1238 62 87
1239 177 1
1240 170 11
1241 172 7
1242 179 0
1243 180 9
1244 182 8
1245 178 11
1246 180 3
1247 170 9
1248 174 5
1249 170 3
1250 181 9
1251 177 11
1252 176 3
1253 182 5
1254 184 2
1255 176 3
1256 181 8
1257 181 3
1258 183 11
1259 176 1
1260 169 1
1261 180 4
1262 174 3
1263 177 9
1264 172 8
1265 172 1
1266 174 1
1267 175 2
1268 17 180
1269 26 177
1270 23 169
1271 24 184
1272 22 172
1273 28 175
1274 27 179
1275 16 175
1276 14 176
1277 14 179
1278 29 173
1279 20 173
1280 29 172
1281 30 178
1282 15 171
1283 13 180
1284 22 176
1285 17 175
1286 27 184
1287 17 180
1288 24 184
1289 17 180
1290 18 173
1291 26 180
1292 19 176
1293 21 169
1294 13 175
1295 19 183
1296 25 183
1297 27 169
1298 6 139
1299 9 146
1300 5 146
1301 3 149
1302 4 135
1303 2 149
1304 1 144
1305 3 136
1306 4 142
1307 4 142
1308 9 142
1309 8 146
1310 6 146
1311 7 144
1312 8 140
1313 6 142
1314 2 135
1315 0 143
1316 5 148
1317 2 141
1318 7 137
1319 9 140
1320 6 138
1321 3 146
1322 9 145
1323 7 147
1324 7 139
1325 10 142
1326 11 136
1327 156 12
1328 163 29
1329 164 14
1330 162 12
1331 160 22
1332 153 25
1333 159 18
1334 160 29
1335 167 15
1336 163 17
1337 155 30
1338 159 22
1339 162 15
1340 167 18
1341 159 19
1342 155 18
1343 153 18
1344 157 26
1345 159 26
1346 168 29
1347 163 26
1348 160 23
1349 155 20
1350 163 26
1351 158 15
1352 168 12
1353 158 22
1354 160 30
1355 161 13
1356 153 13
1357 25 78
1358 29 81
1359 16 67
1360 29 68
1361 24 66
1362 30 77
1363 28 81
1364 13 82
1365 12 70
1366 29 67
1367 14 70
1368 20 71
1369 14 76
1370 24 75
1371 29 80
1372 23 75
1373 24 76
1374 15 78
1375 21 69
1376 13 74
1377 19 77
1378 28 66
1379 16 70
1380 21 75
1381 14 75
1382 30 77
1383 12 67
1384 24 77
1385 12 79
1386 12 80
1387 153 151
1388 153 150
1389 155 167
1390 168 150
1391 156 162
1392 162 153
1393 156 154
1394 167 153
1395 167 163
1396 163 157
1397 156 150
1398 167 162
1399 165 162
1400 158 160
1401 157 154
1402 167 158
1403 165 156
1404 165 167
1405 154 155
1406 166 157
1407 165 156
1408 150 158
1409 97 202
1410 90 207
1411 95 212
1412 100 212
1413 85 207
1414 97 201
1415 84 200
1416 85 206
1417 92 204
1418 93 205
1419 84 211
1420 91 202
1421 87 211
1422 84 208
1423 99 211
1424 91 211
1425 100 205
1426 92 206
1427 95 207
1428 101 210
1429 86 208
1430 92 213
1431 92 203
1432 95 207
1433 89 212
1434 85 211
1435 98 200
1436 84 200
1437 90 204
1438 85 206
1439 4 133
1440 1 124
1441 9 131
1442 1 134
1443 9 123
1444 11 131
1445 10 123
1446 3 131
1447 10 130
1448 7 131
1449 10 122
1450 11 125
1451 2 131
1452 2 126
1453 9 120
1454 2 130
1455 4 123
1456 8 127
1457 4 122
1458 2 129
1459 3 123
1460 8 131
1461 9 121
1462 4 127
1463 3 124
1464 0 123
1465 2 129
1466 6 129
1467 25 3
1468 18 3
1469 29 6
1470 28 9
1471 29 8
1472 21 1
1473 30 5
1474 25 7
1475 17 9
1476 15 10
1477 13 9
1478 26 11
1479 17 0
1480 14 2
1481 23 6
1482 19 7
1483 29 2
1484 24 9
1485 23 0
1486 28 8
1487 27 0
1488 28 0
1489 27 2
1490 24 0
1491 20 2
1492 14 3
1493 20 9
1494 12 8
1495 18 5
1496 182 137
1497 175 147
1498 184 135
1499 176 139
1500 178 135
1501 180 139
1502 178 141
1503 173 144
1504 171 138
1505 181 140
1506 172 139
1507 184 148
1508 179 138
1509 170 135
1510 183 142
1511 182 141
1512 175 148
1513 171 141
1514 184 148
1515 173 136
1516 181 145
1517 183 137
1518 171 138
1519 182 139
1520 181 141
1521 176 148
1522 182 142
1523 180 145
1524 172 147
1525 177 136
1526 171 69
1527 182 76
1528 177 74
1529 172 75
1530 182 76
1531 182 66
1532 170 79
1533 171 82
1534 176 81
1535 184 68
1536 182 67
1537 177 80
1538 180 75
1539 173 80
1540 181 80
1541 169 82
1542 172 66
1543 181 66
1544 170 81
1545 182 70
1546 174 79
1547 175 76
1548 181 67
1549 172 70
1550 172 74
1551 181 73
1552 173 72
1553 175 71
1554 172 78
1555 178 75
1556 73 174
1557 70 182
1558 77 172
1559 75 175
1560 71 169
1561 72 180
1562 67 176
1563 69 179
1564 81 175
1565 66 174
1566 81 169
1567 75 181
1568 73 179
1569 76 180
1570 68 171
1571 82 176
1572 73 184
1573 68 182
1574 79 184
1575 82 175
1576 72 171
1577 70 178
1578 78 177
1579 82 184
1580 81 172
1581 74 171
1582 70 178
1583 70 182
1584 80 172
1585 79 175
1586 157 133
1587 157 124
1588 164 125
1589 151 121
1590 168 133
1591 163 121
1592 156 123
1593 155 124
1594 158 132
1595 157 133
1596 150 132
1597 154 122
1598 166 127
1599 163 122
1600 151 131
1601 155 127
1602 151 132
1603 165 123
1604 159 134
1605 154 127
1606 160 128
1607 166 134
1608 157 130
1609 156 128
1610 163 133
1611 163 122
1612 152 132
1613 166 131
1614 155 126
1615 160 129
1616 80 212
1617 76 210
1618 73 213
1619 75 208
1620 67 201
1621 66 202
1622 79 211
1623 66 207
1624 80 209
1625 76 207
1626 73 208
1627 73 200
1628 77 213
1629 82 204
1630 69 212
1631 68 209
1632 77 201
1633 76 212
1634 80 211
1635 70 205
1636 71 203
1637 70 214
1638 79 214
1639 72 205
1640 70 206
1641 69 207
1642 69 201
1643 72 200
1644 68 209
1645 68 208
1646 67 0
1647 82 3
1648 68 8
1649 67 4
1650 76 4
1651 70 1
1652 79 0
1653 67 1
1654 80 5
1655 80 0
1656 72 6
1657 71 6
1658 77 11
1659 67 9
1660 68 1
1661 78 10
1662 76 1
1663 76 10
1664 80 10
1665 80 7
1666 66 6
1667 78 8
1668 76 8
1669 81 1
1670 82 6
1671 74 10
1672 69 10
1673 80 5
1674 80 8
1675 104 43
1676 104 35
1677 104 43
1678 104 48
1679 112 46
1680 103 37
1681 104 41
1682 115 42
1683 108 36
1684 115 47
1685 112 48
1686 119 35
1687 116 48
1688 114 48
1689 110 31
1690 105 34
1691 118 39
1692 113 33
1693 118 39
1694 105 42
1695 115 33
1696 103 44
1697 104 38
1698 109 43
1699 102 32
1700 106 33
1701 111 41
1702 118 35
1703 113 39
1704 103 41
1705 30 28
1706 19 25
1707 19 14
1708 27 14
1709 26 16
1710 30 27
1711 29 26
1712 14 17
1713 15 20
1714 12 26
1715 24 13
1716 12 18
1717 28 30
1718 25 18
1719 22 29
1720 12 19
1721 19 14
1722 21 29
1723 15 30
1724 27 13
1725 29 27
1726 24 19
1727 180 82
1728 182 71
1729 184 67
1730 173 71
1731 169 81
1732 170 81
1733 170 71
1734 181 71
1735 176 82
1736 171 69
1737 171 69
1738 174 79
1739 184 77
1740 179 70
1741 184 69
1742 174 75
1743 174 72
1744 173 71
1745 178 71
1746 174 75
1747 172 76
1748 181 67
1749 169 70
1750 174 80
1751 170 81
1752 169 77
1753 183 79
1754 175 79
1755 173 73
1756 177 74
1757 110 141
1758 108 140
1759 118 135
1760 102 144
1761 102 139
1762 105 149
1763 105 136
1764 104 149
1765 113 137
1766 105 146
1767 103 140
1768 112 138
1769 115 135
1770 104 139
1771 109 148
1772 105 148
1773 113 145
1774 119 142
1775 102 137
1776 104 146
1777 116 140
1778 119 146
1779 118 148
1780 113 144
1781 109 142
1782 112 135
1783 115 135
1784 119 136
1785 116 146
1786 119 149
1787 121 57
1788 133 49
1789 126 55
1790 131 65
1791 131 60
1792 130 61
1793 125 58
1794 124 55
1795 128 53
1796 125 58
1797 127 60
1798 134 58
1799 129 63
1800 128 50
1801 125 62
1802 129 50
1803 134 62
1804 130 49
1805 125 53
1806 121 56
1807 129 60
1808 122 54
1809 131 52
1810 133 65
1811 124 49
1812 123 59
1813 121 56
1814 120 63
1815 129 50
1816 129 55
1817 86 118
1818 96 116
1819 99 119
1820 93 117
1821 87 107
1822 96 111
1823 89 113
1824 84 115
1825 85 106
1826 84 116
1827 96 111
1828 84 105
1829 95 116
1830 88 103
1831 89 104
1832 98 107
1833 85 117
1834 88 118
1835 83 110
1836 83 116
1837 94 115
1838 84 108
1839 84 108
1840 93 109
1841 100 102
1842 91 104
1843 100 104
1844 98 105
1845 99 104
1846 96 115
1847 194 42
1848 189 37
1849 191 41
1850 194 48
1851 185 37
1852 189 41
1853 192 48
1854 192 32
1855 187 42
1856 198 42
1857 186 44
1858 193 47
1859 189 31
1860 193 43
1861 196 38
1862 185 31
1863 185 31
1864 196 32
1865 185 44
1866 187 40
1867 186 46
1868 199 43
1869 187 33
1870 196 38
1871 196 47
1872 185 45
1873 185 46
1874 189 42
1875 188 31
1876 185 42
1877 208 212
1878 200 204
1879 210 213
1880 202 206
1881 207 202
1882 206 202
1883 202 213
1884 214 212
1885 210 203
1886 202 214
1887 214 213
1888 200 210
1889 210 213
1890 212 214
1891 206 202
1892 205 201
1893 207 211
1894 209 203
1895 212 200
1896 208 212
1897 74 71
1898 66 79
1899 71 77
1900 68 71
1901 76 72
1902 80 73
1903 81 75
1904 74 76
1905 70 71
1906 74 77
1907 71 75
1908 68 82
1909 72 82
1910 67 70
1911 75 73
1912 71 77
1913 73 70
1914 68 67
1915 77 80
1916 82 72
1917 67 69
1918 11 211
1919 1 208
1920 10 201
1921 1 203
1922 6 214
1923 8 210
1924 0 201
1925 10 203
1926 0 202
1927 8 203
1928 9 200
1929 8 212
1930 11 201
1931 8 213
1932 10 205
1933 5 214
1934 0 205
1935 3 203
1936 0 213
1937 11 201
1938 2 202
1939 1 209
1940 9 208
1941 0 202
1942 11 214
1943 4 214
1944 11 206
1945 59 125
1946 62 129
1947 64 120
1948 54 130
1949 59 130
1950 65 126
1951 51 123
1952 53 129
1953 50 129
1954 57 133
1955 57 122
1956 51 124
1957 53 131
1958 55 125
1959 62 121
1960 51 124
1961 56 125
1962 61 127
1963 56 133
1964 60 131
1965 58 128
1966 49 121
1967 50 125
1968 52 124
1969 50 133
1970 56 128
1971 52 126
1972 51 121
1973 52 127
1974 61 125
1975 146 98
1976 147 87
1977 139 89
1978 139 99
1979 135 83
1980 141 86
1981 140 100
1982 136 98
1983 138 85
1984 147 100
1985 146 95
1986 141 86
1987 142 97
1988 146 89
1989 140 86
1990 143 89
1991 146 88
1992 145 88
1993 138 85
1994 141 85
1995 136 89
1996 147 100
1997 144 100
1998 135 100
1999 141 96
2000 146 91
2001 145 100
2002 142 86
2003 139 89
2004 147 93
2005 63 196
2006 58 186
2007 62 190
2008 52 199
2009 55 188
2010 63 186
2011 56 188
2012 54 188
2013 55 194
2014 59 197
2015 63 192
2016 56 198
2017 52 186
2018 62 188
2019 53 187
2020 57 195
2021 62 195
2022 57 191
2023 61 198
2024 57 187
2025 58 199
2026 53 195
2027 60 187
2028 58 199
2029 59 198
2030 58 194
2031 65 198
2032 59 188
2033 58 185
2034 54 195
2035 31 51
2036 40 51
2037 43 64
2038 42 58
2039 45 57
2040 43 59
2041 34 57
2042 42 62
2043 39 57
2044 45 59
2045 44 56
2046 35 51
2047 48 53
2048 39 54
2049 43 52
2050 47 65
2051 46 53
2052 46 55
2053 42 57
2054 36 54
2055 34 57
2056 37 65
2057 44 50
2058 32 65
2059 40 62
2060 39 65
2061 32 50
2062 41 54
2063 45 51
2064 39 59
2065 186 188
2066 188 195
2067 186 185
2068 191 187
2069 195 192
2070 195 185
2071 188 198
2072 193 191
2073 193 195
2074 199 195
2075 199 186
2076 192 186
2077 186 185
2078 191 198
2079 188 189
2080 193 189
2081 186 194
2082 188 194
2083 192 188
2084 191 187
2085 187 198
2086 194 191
2087 133 105
2088 129 103
2089 134 114
2090 120 107
2091 134 104
2092 127 112
2093 122 111
2094 124 111
2095 127 110
2096 127 118
2097 124 117
2098 133 117
2099 126 106
2100 129 117
2101 126 104
2102 124 102
2103 133 114
2104 123 115
2105 128 109
2106 127 112
2107 129 117
2108 126 106
2109 133 112
2110 134 103
2111 125 106
2112 124 113
2113 120 106
2114 125 113
2115 123 109
2116 122 112
2117 13 155
2118 24 161
2119 13 161
2120 14 167
2121 14 159
2122 18 159
2123 16 159
2124 21 154
2125 14 152
2126 26 154
2127 23 168
2128 19 156
2129 12 165
2130 28 155
2131 17 168
2132 22 160
2133 24 159
2134 12 159
2135 28 160
2136 15 168
2137 18 154
2138 13 162
2139 15 164
2140 25 162
2141 28 167
2142 29 158
2143 15 167
2144 13 150
2145 19 162
2146 30 160
2147 203 211
2148 201 210
2149 211 201
2150 201 210
2151 200 202
2152 201 203
2153 212 203
2154 207 202
2155 213 202
2156 209 204
2157 203 201
2158 202 200
2159 205 214
2160 214 205
2161 205 212
2162 209 202
2163 211 203
2164 209 212
2165 203 208
2166 205 210
2167 210 208
2168 9 171
2169 11 182
2170 4 183
2171 4 181
2172 11 176
2173 7 177
2174 7 183
2175 3 171
2176 1 173
2177 9 169
2178 2 178
2179 0 171
2180 5 180
2181 11 177
2182 2 169
2183 1 181
2184 6 180
2185 3 174
2186 8 176
2187 11 184
2188 6 170
2189 9 173
2190 4 182
2191 2 183
2192 8 175
2193 5 174
2194 4 173
2195 8 179
2196 1 173
2197 7 42
2198 10 34
2199 7 40
2200 10 36
2201 6 45
2202 5 44
2203 2 34
2204 0 43
2205 11 39
2206 0 41
2207 11 39
2208 10 39
2209 0 47
2210 10 40
2211 7 32
2212 7 40
2213 1 46
2214 4 43
2215 4 32
2216 9 43
2217 1 36
2218 11 47
2219 1 35
2220 6 37
2221 4 48
2222 1 34
2223 4 44
2224 2 37
2225 8 35
2226 0 41
2227 145 158
2228 139 166
2229 139 150
2230 138 158
2231 147 163
2232 143 168
2233 149 161
2234 137 150
2235 137 164
2236 137 155
2237 140 162
2238 145 164
2239 149 165
2240 141 156
2241 139 168
2242 140 165
2243 137 152
2244 146 151
2245 139 151
2246 137 160
2247 148 155
2248 149 155
2249 140 155
2250 137 167
2251 143 161
2252 146 160
2253 146 160
2254 143 157
2255 135 160
2256 135 164
2257 130 17
2258 124 13
2259 125 21
2260 126 24
2261 131 16
2262 130 29
2263 126 20
2264 133 30
2265 131 30
2266 133 18
2267 121 18
2268 134 15
2269 120 15
2270 131 12
2271 127 13
2272 134 13
2273 127 26
2274 132 19
2275 129 30
2276 133 26
2277 127 29
2278 126 12
2279 131 12
2280 130 25
2281 128 30
2282 124 20
2283 126 27
2284 127 20
2285 125 18
2286 131 20
2287 7 202
2288 9 211
2289 10 212
2290 5 209
2291 7 207
2292 10 208
2293 1 209
2294 0 211
2295 2 201
2296 0 202
2297 5 208
2298 0 213
2299 0 203
2300 1 209
2301 10 208
2302 8 202
2303 4 205
2304 10 214
2305 11 202
2306 3 206
2307 6 205
2308 11 205
2309 6 208
2310 7 203
2311 11 204
2312 6 202
2313 3 209
2314 0 207
2315 4 209
2316 8 201
2317 101 95
2318 98 96
2319 94 95
2320 85 88
2321 92 100
2322 96 91
2323 83 94
2324 99 91
2325 95 94
2326 94 100
2327 94 97
2328 101 100
2329 91 86
2330 84 83
2331 101 87
2332 85 92
2333 93 96
2334 99 86
2335 97 91
2336 92 86
2337 99 101
2338 91 84
2339 92 100
2340 52 31
2341 55 35
2342 59 44
2343 60 34
2344 57 45
2345 50 38
2346 58 48
2347 65 33
2348 56 39
2349 58 45
2350 61 32
2351 60 32
2352 54 43
2353 54 31
2354 54 33
2355 53 38
2356 61 34
2357 64 38
2358 55 43
2359 52 48
2360 63 48
2361 55 48
2362 64 40
2363 52 45
2364 59 46
2365 63 43
2366 53 39
2367 54 46
2368 54 33
2369 55 31
2370 22 182
2371 25 180
2372 18 177
2373 26 176
2374 29 172
2375 12 181
2376 28 175
2377 23 173
2378 12 175
2379 30 169
2380 26 169
2381 26 176
2382 18 175
2383 16 174
2384 17 184
2385 30 177
2386 30 176
2387 13 184
2388 20 178
2389 14 177
2390 20 184
2391 15 170
2392 30 175
2393 28 178
2394 29 175
2395 26 182
2396 30 172
2397 29 171
2398 28 178
2399 23 176
2400 178 183
2401 176 170
2402 176 182
2403 180 170
2404 183 174
2405 176 175
2406 173 175
2407 170 181
2408 178 173
2409 183 177
2410 174 171
2411 171 176
2412 171 176
2413 181 175
2414 175 176
2415 179 174
2416 173 171
2417 170 173
2418 84 74
2419 83 80
2420 83 78
2421 93 69
2422 90 71
2423 98 82
2424 97 69
2425 84 81
2426 86 69
2427 95 71
2428 99 71
2429 96 77
2430 83 79
2431 101 67
2432 95 80
2433 83 67
2434 93 68
2435 100 79
2436 88 82
2437 94 80
2438 85 66
2439 101 75
2440 91 68
2441 83 73
2442 97 67
2443 97 79
2444 95 73
2445 87 75
2446 85 66
2447 101 76
2448 54 121
2449 61 121
2450 50 129
2451 65 123
2452 49 125
2453 62 130
2454 61 129
2455 62 132
2456 50 129
2457 63 133
2458 49 127
2459 53 128
2460 53 133
2461 64 129
2462 57 125
2463 58 128
2464 62 122
2465 54 134
2466 53 124
2467 56 126
2468 51 122
2469 53 120
2470 53 122
2471 59 122
2472 49 120
2473 58 127
2474 57 127
2475 54 130
2476 60 129
2477 62 131
2478 207 43
2479 214 41
2480 204 38
2481 202 45
2482 210 48
2483 208 41
2484 213 37
2485 209 42
2486 210 37
2487 207 45
2488 210 35
2489 210 34
2490 204 38
2491 209 34
2492 206 40
2493 208 42
2494 208 43
2495 212 45
2496 208 46
2497 200 38
2498 202 37
2499 214 36
2500 212 33
2501 201 48
2502 214 36
2503 200 32
2504 210 31
2505 214 40
2506 206 38
2507 210 46
2508 141 212
2509 135 213
2510 148 206
2511 139 208
2512 137 203
2513 139 211
2514 147 200
2515 147 209
2516 139 214
2517 140 210
2518 139 202
2519 136 204
2520 146 206
2521 148 214
2522 143 213
2523 143 200
2524 146 211
2525 135 212
2526 148 206
2527 147 206
2528 149 201
2529 141 204
2530 145 205
2531 143 210
2532 138 208
2533 140 203
2534 144 210
2535 139 200
2536 142 210
2537 141 204
2538 72 63
2539 70 65
2540 71 59
2541 70 55
2542 69 64
2543 78 53
2544 78 63
2545 71 53
2546 80 52
2547 67 52
2548 72 54
2549 80 63
2550 71 53
2551 71 50
2552 79 52
2553 76 49
2554 79 55
2555 82 54
2556 82 55
2557 74 52
2558 78 64
2559 66 50
2560 80 61
2561 79 62
2562 66 60
2563 67 64
2564 76 51
2565 69 55
2566 70 54
2567 71 49
2568 56 163
2569 61 168
2570 50 168
2571 64 160
2572 55 151
2573 63 153
2574 56 167
2575 58 150
2576 61 150
2577 51 161
2578 61 167
2579 53 153
2580 64 157
2581 58 166
2582 55 151
2583 53 152
2584 55 162
2585 55 165
2586 54 160
2587 55 162
2588 57 166
2589 54 156
2590 58 155
2591 61 165
2592 55 156
2593 58 152
2594 56 164
2595 57 153
2596 54 167
2597 57 168
2598 80 189
2599 77 198
2600 76 196
2601 81 187
2602 78 195
2603 70 188
2604 66 191
2605 74 198
2606 73 186
2607 74 190
2608 81 186
2609 71 186
2610 71 195
2611 80 194
2612 77 193
2613 68 197
2614 80 190
2615 71 197
2616 79 187
2617 73 191
2618 74 195
2619 67 196
2620 66 187
2621 71 191
2622 69 192
2623 69 198
2624 71 191
2625 67 199
2626 78 190
2627 68 199
2628 135 178
2629 147 169
2630 146 175
2631 148 171
2632 141 171
2633 142 177
2634 144 176
2635 136 179
2636 144 174
2637 146 174
2638 145 179
2639 140 169
2640 141 171
2641 146 176
2642 146 169
2643 138 176
2644 147 182
2645 145 170
2646 145 173
2647 147 179
2648 144 172
2649 149 172
2650 136 174
2651 147 182
2652 148 172
2653 143 179
2654 136 183
2655 139 177
2656 143 173
2657 140 171
2658 167 183
2659 155 171
2660 161 173
2661 165 181
2662 152 171
2663 162 175
2664 154 180
2665 162 175
2666 160 180
2667 157 170
2668 152 169
2669 162 184
2670 165 173
2671 154 178
2672 166 177
2673 152 181
2674 163 183
2675 156 183
2676 163 180
2677 154 174
2678 162 183
2679 167 172
2680 167 181
2681 167 172
2682 153 176
2683 153 172
2684 165 184
2685 150 177
2686 151 175
2687 161 178
2688 34 127
2689 45 124
2690 43 120
2691 40 128
2692 38 123
2693 39 124
2694 35 121
2695 44 122
2696 43 127
2697 35 133
2698 36 133
2699 46 127
2700 43 130
2701 37 128
2702 40 123
2703 42 124
2704 44 122
2705 48 131
2706 42 121
2707 33 127
2708 31 126
2709 40 123
2710 41 122
2711 36 128
2712 36 129
2713 47 121
2714 36 124
2715 33 132
2716 45 121
2717 48 123
2718 197 140
2719 197 136
2720 185 147
2721 190 143
2722 193 142
2723 195 139
2724 199 136
2725 191 136
2726 188 140
2727 194 147
2728 199 148
2729 193 149
2730 194 139
2731 197 136
2732 186 135
2733 187 144
2734 194 135
2735 194 135
2736 196 148
2737 192 140
2738 188 146
2739 197 149
2740 188 148
2741 190 138
2742 186 136
2743 199 139
2744 186 147
2745 186 143
2746 191 137
2747 185 148
2748 41 149
2749 45 146
2750 44 137
2751 46 139
2752 39 142
2753 42 137
2754 36 145
2755 44 136
2756 38 143
2757 36 148
2758 43 135
2759 39 135
2760 34 140
2761 33 148
2762 40 148
2763 33 143
2764 39 146
2765 46 149
2766 43 137
2767 34 144
2768 44 144
2769 44 145
2770 41 147
2771 39 144
2772 39 143
2773 41 139
2774 43 139
2775 34 142
2776 34 149
2777 37 149
2778 36 159
2779 35 156
2780 40 167
2781 41 154
2782 44 155
2783 45 153
2784 32 162
2785 48 155
2786 38 163
2787 32 151
2788 46 161
2789 31 168
2790 34 153
2791 37 154
2792 42 159
2793 48 154
2794 45 167
2795 36 152
2796 35 153
2797 39 157
2798 36 167
2799 32 166
2800 33 163
2801 38 159
2802 46 161
2803 32 160
2804 35 161
2805 43 154
2806 39 161
2807 44 167
2808 175 70
2809 170 73
2810 184 81
2811 174 79
2812 172 69
2813 178 66
2814 181 70
2815 170 67
2816 170 77
2817 169 68
2818 176 67
2819 176 77
2820 175 72
2821 180 68
2822 180 67
2823 179 69
2824 177 76
2825 171 82
2826 170 76
2827 182 72
2828 178 82
2829 179 75
2830 174 79
2831 180 67
2832 169 74
2833 173 71
2834 175 82
2835 182 75
2836 172 68
2837 177 75
2838 196 178
2839 191 183
2840 194 171
2841 190 173
2842 186 169
2843 194 177
2844 194 175
2845 197 174
2846 193 182
2847 189 169
2848 188 181
2849 198 177
2850 187 179
2851 185 184
2852 195 183
2853 185 178
2854 190 180
2855 186 175
2856 195 170
2857 197 178
2858 193 182
2859 189 169
2860 188 181
2861 194 177
2862 188 171
2863 186 175
2864 185 170
2865 186 184
2866 189 178
2867 185 169
