254 277 10 2915
0 7
1 12
2 7
3 4
4 10
5 12
6 9
7 5
8 5
9 8
10 10
11 7
12 3
13 4
14 3
15 3
16 3
17 3
18 5
19 3
20 3
21 3
22 4
23 3
24 4
25 3
26 4
27 3
28 3
29 7
30 4
31 3
32 5
33 3
34 3
35 3
36 4
37 3
38 3
39 3
40 4
41 3
42 4
43 3
44 4
45 3
46 3
47 3
48 4
49 3
50 3
51 3
52 3
53 3
54 5
55 4
56 3
57 3
58 3
59 3
60 3
61 3
62 5
63 3
64 4
65 3
66 5
67 4
68 5
69 3
70 4
71 5
72 4
73 3
74 3
75 3
76 3
77 3
78 5
79 3
80 3
81 3
82 3
83 4
84 3
85 4
86 3
87 3
88 3
89 4
90 3
91 3
92 3
93 3
94 5
95 3
96 3
97 3
98 3
99 4
100 4
101 3
102 4
103 3
104 3
105 3
106 3
107 5
108 3
109 4
110 3
111 3
112 3
113 3
114 4
115 3
116 3
117 4
118 5
119 5
120 3
121 3
122 3
123 3
124 4
125 3
126 3
127 3
128 4
129 3
130 4
131 3
132 6
133 3
134 3
135 4
136 3
137 4
138 3
139 3
140 3
141 3
142 3
143 3
144 3
145 3
146 4
147 3
148 4
149 3
150 3
151 6
152 5
153 3
154 5
155 3
156 3
157 3
158 3
159 3
160 3
161 3
162 3
163 6
164 3
165 3
166 3
167 3
168 5
169 3
170 3
171 3
172 3
173 5
174 3
175 5
176 4
177 4
178 6
179 3
180 3
181 3
182 3
183 3
184 3
185 3
186 4
187 4
188 3
189 3
190 3
191 3
192 3
193 3
194 4
195 3
196 3
197 3
198 4
199 5
200 3
201 3
202 3
203 4
204 3
205 3
206 3
207 3
208 3
209 3
210 3
211 5
212 3
213 3
214 3
215 3
216 4
217 3
218 3
219 4
220 3
221 3
222 3
223 3
224 3
225 4
226 3
227 4
228 4
229 3
230 4
231 3
232 3
233 3
234 3
235 4
236 3
237 3
238 5
239 4
240 3
241 3
242 3
243 3
244 3
245 4
246 4
247 3
248 4
249 3
250 3
251 3
252 5
253 3
0 0 3
1 0 4
2 0 5
3 0 7
4 0 9
5 0 12
6 1 2
7 1 4
8 1 5
9 1 6
10 1 7
11 1 8
12 1 10
13 1 11
14 1 48
15 1 237
16 2 4
17 2 6
18 2 7
19 2 9
20 2 152
21 3 8
22 3 9
23 3 11
24 4 5
25 4 9
26 4 10
27 4 11
28 4 100
29 5 6
30 5 10
31 5 11
32 5 137
33 5 168
34 5 203
35 5 219
36 6 7
37 6 9
38 6 10
39 6 11
40 7 10
41 8 10
42 8 68
43 9 10
44 9 11
45 9 187
46 10 85
47 10 119
48 11 32
49 12 28
50 12 29
51 13 26
52 13 30
53 14 19
54 14 26
55 15 29
56 15 18
57 16 30
58 17 30
59 18 22
60 18 31
61 20 29
62 21 29
63 22 27
64 23 27
65 24 30
66 24 29
67 25 28
68 32 38
69 32 39
70 32 40
71 33 44
72 33 43
73 34 44
74 35 37
75 35 42
76 36 40
77 36 43
78 36 46
79 36 42
80 41 45
81 41 44
82 42 47
83 48 52
84 48 67
85 49 63
86 49 56
87 50 66
88 51 62
89 53 60
90 53 67
91 54 56
92 54 61
93 54 67
94 55 62
95 55 57
96 57 66
97 58 64
98 59 64
99 61 64
100 62 65
101 66 67
102 68 77
103 68 70
104 68 78
105 69 78
106 69 84
107 70 82
108 71 79
109 71 81
110 71 77
111 72 80
112 72 78
113 73 81
114 74 83
115 75 82
116 76 84
117 82 83
118 85 90
119 86 96
120 87 89
121 87 99
122 88 90
123 88 98
124 88 89
125 91 93
126 91 94
127 91 98
128 92 98
129 94 95
130 94 97
131 96 99
132 100 117
133 100 118
134 101 108
135 102 108
136 102 109
137 102 107
138 103 106
139 103 109
140 104 116
141 104 111
142 105 115
143 105 109
144 107 111
145 107 117
146 110 118
147 112 115
148 113 114
149 114 118
150 119 123
151 119 129
152 119 133
153 120 132
154 121 135
155 122 132
156 124 132
157 124 136
158 125 130
159 126 127
160 126 130
161 128 130
162 128 135
163 128 129
164 131 134
165 132 133
166 134 135
167 137 147
168 137 148
169 137 151
170 138 151
171 139 150
172 140 141
173 141 151
174 142 150
175 142 148
176 143 149
177 143 146
178 144 146
179 145 151
180 146 151
181 152 153
182 152 167
183 153 156
184 154 161
185 154 162
186 154 159
187 154 167
188 155 158
189 157 165
190 158 163
191 159 163
192 160 165
193 160 163
194 163 164
195 163 166
196 168 181
197 168 176
198 169 184
199 170 177
200 171 175
201 172 183
202 172 178
203 173 175
204 173 180
205 173 178
206 174 186
207 175 179
208 176 185
209 177 184
210 177 178
211 178 181
212 182 184
213 185 186
214 187 194
215 187 199
216 188 200
217 188 197
218 189 196
219 190 200
220 191 199
221 192 196
222 192 195
223 193 199
224 193 202
225 194 195
226 197 198
227 198 199
228 199 201
229 203 207
230 203 211
231 203 216
232 204 209
233 205 210
234 205 216
235 206 215
236 208 214
237 208 210
238 209 211
239 211 215
240 211 217
241 212 214
242 213 218
243 216 218
244 219 227
245 219 228
246 220 235
247 220 225
248 221 230
249 221 235
250 222 226
251 222 235
252 223 236
253 224 231
254 225 229
255 225 228
256 227 232
257 228 236
258 230 234
259 231 233
260 231 234
261 237 248
262 237 253
263 238 240
264 238 244
265 238 242
266 239 242
267 239 252
268 239 246
269 241 248
270 243 247
271 243 245
272 245 251
273 246 248
274 248 251
275 249 252
276 250 252
0 96 199
1 94 194
2 89 198
3 94 188
4 97 195
5 96 201
6 94 189
7 89 192
8 94 191
9 93 197
10 87 195
11 91 189
12 99 202
13 99 195
14 89 195
15 98 195
16 89 188
17 99 200
18 88 196
19 97 189
20 96 190
21 94 193
22 85 190
23 95 191
24 90 191
25 93 198
26 90 196
27 88 188
28 98 192
29 98 198
30 32 212
31 34 204
32 38 212
33 43 204
34 34 213
35 41 207
36 35 209
37 47 203
38 46 205
39 46 206
40 44 204
41 40 211
42 43 217
43 35 211
44 35 214
45 41 215
46 46 214
47 35 203
48 34 204
49 45 205
50 43 214
51 44 211
52 47 205
53 35 207
54 46 204
55 32 203
56 34 212
57 35 212
58 39 218
59 39 211
60 166 83
61 155 73
62 155 68
63 163 69
64 159 83
65 162 84
66 156 74
67 167 68
68 165 71
69 154 77
70 167 82
71 154 69
72 167 79
73 163 73
74 165 81
75 154 80
76 163 70
77 152 80
78 162 69
79 163 84
80 158 68
81 166 81
82 159 77
83 152 72
84 153 72
85 163 75
86 165 74
87 154 81
88 160 73
89 156 83
90 34 238
91 40 242
92 44 240
93 38 245
94 32 247
95 46 239
96 47 244
97 32 242
98 33 247
99 43 251
100 40 247
101 35 252
102 33 251
103 32 245
104 45 239
105 33 244
106 37 239
107 46 250
108 41 238
109 38 239
110 36 239
111 47 237
112 46 253
113 42 239
114 32 242
115 45 253
116 41 243
117 44 246
118 32 241
119 35 238
120 26 91
121 30 91
122 19 94
123 27 89
124 18 86
125 31 91
126 14 94
127 26 92
128 14 95
129 29 89
130 13 92
131 16 90
132 23 99
133 27 87
134 14 91
135 24 87
136 17 91
137 15 90
138 15 93
139 31 89
140 20 99
141 23 97
142 31 89
143 15 99
144 27 87
145 21 96
146 13 92
147 22 88
148 24 86
149 23 85
150 215 47
151 207 36
152 205 37
153 214 44
154 207 38
155 205 42
156 214 33
157 213 41
158 211 32
159 217 46
160 212 46
161 211 45
162 203 44
163 216 45
164 216 44
165 218 37
166 215 46
167 217 47
168 205 44
169 211 43
170 213 37
171 210 36
172 213 47
173 212 44
174 203 47
175 213 38
176 209 43
177 215 32
178 215 39
179 218 46
180 14 226
181 15 234
182 26 220
183 12 220
184 25 235
185 22 231
186 19 236
187 16 230
188 24 232
189 18 226
190 22 235
191 27 234
192 18 236
193 16 233
194 18 226
195 13 222
196 13 230
197 14 221
198 29 227
199 30 223
200 13 228
201 16 223
202 26 220
203 31 234
204 22 225
205 27 230
206 12 224
207 17 220
208 18 228
209 24 222
210 14 3
211 25 10
212 24 4
213 26 1
214 17 2
215 19 7
216 27 3
217 31 5
218 20 3
219 28 4
220 14 7
221 25 2
222 28 6
223 22 5
224 14 1
225 15 1
226 27 7
227 28 9
228 30 8
229 14 1
230 26 1
231 25 8
232 18 0
233 25 2
234 19 2
235 27 5
236 26 0
237 20 10
238 16 4
239 16 6
240 189 38
241 193 38
242 198 34
243 192 40
244 198 40
245 190 44
246 192 33
247 199 47
248 201 37
249 200 38
250 187 42
251 188 44
252 187 44
253 192 37
254 202 38
255 198 35
256 192 44
257 193 37
258 201 47
259 197 45
260 192 36
261 189 42
262 194 35
263 188 34
264 192 42
265 197 41
266 189 42
267 196 46
268 195 41
269 195 32
270 37 43
271 36 34
272 41 38
273 42 39
274 35 44
275 38 44
276 41 32
277 39 37
278 44 38
279 42 33
280 45 35
281 39 47
282 39 41
283 45 39
284 44 42
285 37 36
286 40 34
287 41 38
288 184 5
289 185 1
290 177 10
291 173 8
292 175 5
293 171 8
294 169 8
295 179 1
296 176 10
297 178 7
298 178 3
299 171 9
300 170 6
301 168 3
302 172 8
303 176 6
304 184 4
305 173 10
306 171 0
307 184 3
308 170 8
309 177 3
310 176 0
311 176 2
312 176 6
313 169 3
314 172 2
315 176 10
316 169 0
317 20 79
318 25 70
319 19 69
320 31 81
321 16 77
322 15 82
323 26 83
324 28 84
325 22 83
326 21 76
327 21 81
328 25 84
329 31 74
330 30 84
331 25 74
332 17 69
333 16 69
334 12 78
335 23 80
336 23 73
337 16 83
338 18 81
339 13 81
340 16 74
341 12 74
342 25 69
343 14 84
344 28 75
345 24 69
346 24 75
347 113 5
348 116 8
349 104 3
350 103 6
351 114 8
352 107 2
353 105 3
354 106 11
355 103 7
356 103 9
357 109 6
358 105 8
359 118 8
360 103 8
361 109 8
362 104 3
363 107 2
364 103 1
365 109 10
366 114 8
367 106 3
368 103 0
369 108 1
370 104 8
371 118 5
372 109 10
373 116 7
374 112 6
375 106 0
376 41 30
377 32 31
378 45 16
379 45 13
380 32 19
381 35 15
382 46 26
383 33 18
384 38 23
385 37 27
386 36 21
387 36 16
388 45 16
389 32 27
390 39 18
391 32 15
392 39 25
393 38 28
394 45 13
395 39 17
396 34 20
397 33 17
398 37 27
399 32 31
400 45 13
401 45 30
402 42 25
403 38 28
404 45 19
405 38 13
406 138 115
407 140 115
408 143 116
409 151 103
410 144 116
411 140 114
412 143 107
413 141 118
414 139 108
415 140 113
416 145 104
417 143 112
418 139 104
419 151 103
420 144 112
421 143 105
422 151 114
423 141 104
424 139 113
425 147 111
426 142 111
427 147 109
428 143 107
429 149 106
430 148 110
431 141 101
432 141 116
433 138 118
434 143 113
435 150 103
436 208 63
437 217 58
438 208 67
439 213 59
440 216 67
441 203 52
442 211 50
443 204 67
444 205 49
445 214 64
446 208 54
447 205 61
448 213 48
449 204 49
450 208 53
451 217 61
452 214 50
453 206 53
454 211 61
455 209 65
456 213 53
457 218 62
458 208 60
459 204 50
460 216 67
461 218 64
462 204 50
463 205 58
464 217 66
465 206 67
466 9 180
467 11 186
468 1 178
469 5 174
470 11 170
471 1 182
472 6 183
473 0 169
474 3 184
475 1 178
476 7 174
477 3 174
478 10 182
479 9 177
480 1 172
481 10 180
482 7 169
483 3 178
484 7 182
485 4 172
486 1 169
487 0 172
488 4 185
489 11 172
490 8 174
491 6 175
492 1 183
493 7 176
494 9 173
495 4 188
496 5 200
497 0 194
498 8 190
499 8 191
500 9 197
501 2 201
502 5 190
503 9 192
504 10 188
505 1 197
506 7 202
507 8 188
508 8 201
509 5 196
510 2 188
511 2 196
512 10 196
513 5 200
514 7 195
515 11 200
516 2 189
517 6 198
518 2 191
519 7 192
520 5 190
521 1 196
522 9 188
523 2 199
524 0 201
525 174 104
526 184 107
527 177 104
528 171 111
529 168 111
530 179 114
531 175 116
532 170 117
533 183 118
534 181 112
535 170 106
536 186 107
537 176 115
538 186 117
539 173 114
540 169 116
541 181 111
542 175 115
543 179 101
544 175 107
545 184 100
546 168 107
547 168 111
548 170 109
549 186 113
550 169 106
551 174 104
552 180 117
553 182 101
554 169 112
555 213 52
556 207 49
557 214 49
558 207 50
559 210 57
560 207 56
561 216 52
562 209 67
563 207 55
564 211 55
565 206 53
566 213 63
567 212 64
568 211 63
569 213 57
570 204 59
571 213 48
572 210 64
573 214 61
574 205 61
575 214 48
576 211 61
577 213 55
578 218 67
579 215 55
580 206 59
581 214 57
582 216 64
583 214 50
584 206 51
585 158 33
586 161 42
587 155 39
588 165 34
589 162 40
590 152 39
591 155 42
592 155 43
593 167 40
594 154 33
595 158 41
596 159 35
597 153 38
598 155 42
599 161 34
600 160 43
601 155 46
602 162 34
603 166 33
604 155 33
605 163 45
606 163 34
607 156 33
608 156 35
609 161 40
610 162 33
611 157 39
612 161 46
613 157 47
614 157 46
615 5 123
616 3 126
617 0 120
618 9 133
619 10 135
620 6 134
621 7 125
622 9 132
623 9 127
624 6 125
625 7 126
626 1 131
627 7 131
628 4 128
629 0 127
630 8 125
631 6 132
632 7 122
633 6 123
634 0 123
635 2 131
636 0 128
637 6 133
638 7 122
639 7 131
640 10 125
641 4 131
642 99 94
643 99 94
644 86 90
645 89 91
646 99 98
647 94 88
648 86 98
649 96 97
650 93 97
651 86 92
652 90 97
653 90 99
654 98 85
655 95 86
656 85 97
657 95 92
658 86 85
659 99 85
660 94 86
661 97 89
662 95 92
663 102 125
664 107 125
665 115 124
666 105 121
667 104 133
668 104 121
669 115 135
670 118 132
671 116 134
672 108 120
673 109 123
674 112 133
675 116 124
676 118 121
677 112 127
678 112 136
679 117 126
680 108 121
681 105 132
682 105 133
683 116 130
684 105 126
685 109 131
686 113 131
687 115 128
688 118 126
689 101 123
690 106 119
691 107 126
692 107 135
693 121 195
694 130 194
695 131 188
696 123 194
697 125 189
698 122 201
699 134 198
700 123 189
701 134 198
702 135 188
703 125 194
704 134 188
705 135 193
706 128 197
707 125 187
708 126 192
709 120 190
710 127 194
711 134 192
712 129 199
713 128 190
714 121 189
715 123 202
716 135 192
717 121 199
718 135 192
719 131 196
720 134 187
721 124 187
722 127 188
723 205 92
724 210 90
725 212 93
726 212 93
727 210 91
728 214 97
729 211 86
730 218 86
731 206 90
732 203 85
733 208 98
734 203 94
735 217 85
736 203 99
737 216 96
738 214 87
739 216 86
740 214 96
741 211 92
742 217 95
743 208 99
744 209 85
745 216 95
746 211 85
747 206 92
748 204 96
749 213 89
750 218 95
751 205 95
752 218 95
753 9 109
754 0 107
755 8 113
756 2 110
757 3 114
758 7 106
759 10 116
760 7 101
761 2 104
762 6 104
763 8 109
764 0 105
765 5 103
766 1 117
767 9 111
768 3 118
769 10 114
770 4 106
771 10 102
772 7 107
773 1 105
774 7 112
775 10 108
776 10 110
777 9 107
778 2 113
779 0 113
780 2 102
781 134 159
782 123 158
783 131 161
784 125 164
785 121 160
786 129 162
787 126 166
788 135 155
789 123 153
790 128 167
791 128 152
792 119 161
793 131 153
794 134 155
795 125 154
796 134 159
797 128 164
798 123 154
799 134 155
800 127 159
801 120 156
802 122 162
803 130 163
804 128 167
805 132 152
806 131 155
807 121 159
808 122 157
809 131 164
810 136 160
811 78 129
812 74 122
813 77 135
814 75 126
815 72 122
816 80 129
817 68 125
818 76 121
819 71 123
820 80 124
821 84 125
822 72 122
823 80 120
824 79 120
825 82 123
826 78 125
827 81 129
828 82 121
829 75 136
830 73 121
831 81 120
832 80 121
833 79 123
834 77 132
835 75 123
836 77 119
837 76 125
838 79 128
839 68 132
840 81 131
841 48 104
842 67 107
843 55 116
844 57 101
845 66 101
846 48 108
847 53 118
848 66 113
849 67 112
850 55 113
851 66 100
852 62 108
853 54 105
854 55 108
855 61 112
856 60 110
857 54 118
858 59 109
859 53 103
860 60 117
861 67 102
862 57 108
863 60 116
864 53 111
865 64 112
866 60 103
867 64 101
868 66 102
869 57 106
870 49 112
871 26 61
872 18 48
873 28 52
874 17 63
875 22 54
876 22 61
877 18 62
878 29 55
879 13 49
880 24 65
881 26 54
882 22 49
883 29 62
884 13 55
885 21 63
886 27 65
887 22 51
888 12 51
889 16 48
890 22 49
891 19 62
892 25 58
893 30 65
894 22 52
895 29 65
896 25 49
897 19 65
898 30 55
899 18 48
900 12 54
901 99 193
902 94 190
903 99 196
904 87 191
905 97 194
906 92 197
907 98 187
908 92 194
909 95 189
910 88 196
911 89 201
912 99 195
913 90 198
914 87 192
915 98 191
916 95 190
917 96 201
918 89 194
919 90 199
920 97 198
921 92 202
922 98 187
923 92 200
924 93 193
925 88 187
926 86 193
927 88 191
928 88 192
929 87 193
930 87 190
931 25 235
932 17 221
933 22 234
934 17 219
935 26 221
936 20 226
937 12 226
938 29 233
939 26 234
940 23 232
941 30 220
942 13 230
943 22 228
944 18 233
945 23 219
946 15 234
947 26 232
948 19 227
949 26 228
950 19 232
951 13 226
952 29 229
953 26 230
954 13 223
955 28 231
956 15 220
957 26 231
958 12 224
959 14 219
960 13 228
961 31 16
962 20 31
963 30 28
964 12 30
965 19 15
966 30 15
967 26 31
968 12 14
969 28 27
970 13 27
971 20 31
972 28 27
973 17 26
974 21 25
975 20 14
976 14 16
977 26 28
978 18 26
979 19 25
980 22 26
981 12 13
982 18 21
983 17 23
984 30 22
985 16 25
986 25 13
987 45 6
988 46 11
989 34 9
990 32 7
991 41 9
992 42 11
993 36 1
994 40 8
995 46 8
996 44 4
997 38 1
998 40 6
999 47 1
1000 46 10
1001 39 6
1002 36 7
1003 37 3
1004 36 7
1005 39 3
1006 40 1
1007 41 8
1008 46 11
1009 40 0
1010 32 7
1011 47 1
1012 37 11
1013 33 6
1014 41 2
1015 83 239
1016 68 248
1017 80 243
1018 74 251
1019 77 245
1020 73 247
1021 72 246
1022 72 238
1023 80 240
1024 69 251
1025 82 239
1026 70 245
1027 75 251
1028 70 243
1029 70 250
1030 75 239
1031 70 242
1032 84 249
1033 82 241
1034 78 242
1035 71 248
1036 80 242
1037 78 241
1038 73 238
1039 71 248
1040 70 238
1041 75 249
1042 79 248
1043 79 251
1044 81 243
1045 183 229
1046 172 230
1047 182 220
1048 184 225
1049 185 219
1050 170 235
1051 172 224
1052 178 235
1053 179 228
1054 177 225
1055 174 233
1056 170 233
1057 182 224
1058 178 219
1059 184 227
1060 176 219
1061 183 228
1062 171 230
1063 169 236
1064 185 235
1065 168 229
1066 184 229
1067 173 222
1068 177 232
1069 174 235
1070 177 228
1071 169 225
1072 182 231
1073 170 235
1074 168 221
1075 164 10
1076 155 10
1077 156 5
1078 161 10
1079 160 11
1080 162 3
1081 161 1
1082 157 0
1083 167 10
1084 163 7
1085 161 5
1086 159 4
1087 165 1
1088 163 4
1089 164 9
1090 160 10
1091 159 8
1092 166 9
1093 152 8
1094 153 1
1095 154 8
1096 164 3
1097 154 8
1098 154 7
1099 155 3
1100 161 0
1101 153 8
1102 155 5
1103 193 130
1104 195 119
1105 194 122
1106 198 136
1107 188 128
1108 201 126
1109 189 125
1110 194 123
1111 201 135
1112 188 136
1113 197 126
1114 191 127
1115 193 128
1116 190 120
1117 201 129
1118 192 123
1119 188 121
1120 190 120
1121 195 123
1122 190 128
1123 189 130
1124 188 135
1125 199 119
1126 192 128
1127 202 127
1128 199 122
1129 202 121
1130 187 122
1131 196 125
1132 190 124
1133 104 195
1134 116 200
1135 104 199
1136 106 190
1137 106 191
1138 113 188
1139 100 187
1140 111 188
1141 115 188
1142 111 197
1143 100 196
1144 110 202
1145 114 191
1146 110 198
1147 108 192
1148 109 190
1149 110 193
1150 108 202
1151 106 190
1152 100 192
1153 112 191
1154 101 200
1155 115 191
1156 102 198
1157 105 191
1158 109 193
1159 101 196
1160 108 189
1161 108 196
1162 112 197
1163 193 108
1164 188 106
1165 187 112
1166 202 101
1167 189 104
1168 202 109
1169 190 113
1170 197 117
1171 192 100
1172 202 101
1173 188 104
1174 195 102
1175 193 101
1176 202 114
1177 202 107
1178 202 118
1179 188 110
1180 202 118
1181 190 103
1182 201 118
1183 187 117
1184 189 115
1185 200 105
1186 190 107
1187 201 104
1188 197 115
1189 202 114
1190 196 112
1191 202 109
1192 188 102
1193 5 104
1194 8 102
1195 8 108
1196 0 116
1197 10 105
1198 2 117
1199 3 106
1200 11 107
1201 7 109
1202 3 107
1203 6 118
1204 10 117
1205 6 104
1206 11 102
1207 6 106
1208 4 111
1209 3 114
1210 9 113
1211 8 104
1212 7 111
1213 8 107
1214 4 116
1215 10 110
1216 4 101
1217 0 104
1218 3 116
1219 6 103
1220 5 113
1221 200 222
1222 188 235
1223 188 233
1224 191 223
1225 191 229
1226 196 227
1227 190 222
1228 195 228
1229 197 232
1230 197 230
1231 201 221
1232 196 224
1233 194 221
1234 199 228
1235 197 224
1236 192 223
1237 187 223
1238 199 225
1239 195 225
1240 191 225
1241 198 219
1242 190 228
1243 191 236
1244 196 227
1245 199 231
1246 191 225
1247 193 223
1248 198 223
1249 188 224
1250 187 235
1251 79 133
1252 76 134
1253 79 134
1254 74 126
1255 69 121
1256 68 127
1257 82 121
1258 78 126
1259 84 119
1260 68 125
1261 80 127
1262 68 119
1263 79 119
1264 71 123
1265 75 125
1266 80 129
1267 68 124
1268 75 134
1269 80 135
1270 72 126
1271 71 128
1272 73 130
1273 77 134
1274 83 135
1275 76 129
1276 73 122
1277 69 130
1278 69 119
1279 77 134
1280 75 121
1281 31 186
1282 18 183
1283 23 171
1284 21 186
1285 28 170
1286 23 186
1287 30 172
1288 23 174
1289 14 171
1290 23 176
1291 20 174
1292 21 184
1293 15 168
1294 19 170
1295 19 179
1296 27 176
1297 26 180
1298 17 176
1299 19 177
1300 22 170
1301 22 176
1302 17 181
1303 18 169
1304 17 170
1305 15 183
1306 21 177
1307 13 169
1308 26 180
1309 13 185
1310 26 180
1311 151 174
1312 146 184
1313 147 171
1314 140 170
1315 149 171
1316 150 183
1317 151 171
1318 145 178
1319 146 184
1320 137 184
1321 146 170
1322 150 182
1323 149 180
1324 148 186
1325 138 171
1326 147 177
1327 150 183
1328 148 168
1329 137 180
1330 148 181
1331 140 182
1332 139 175
1333 144 178
1334 147 183
1335 140 184
1336 149 169
1337 137 169
1338 139 175
1339 143 173
1340 140 175
1341 172 112
1342 178 102
1343 171 102
1344 179 118
1345 186 114
1346 177 104
1347 169 103
1348 168 118
1349 183 102
1350 181 114
1351 168 117
1352 173 109
1353 178 105
1354 186 113
1355 177 117
1356 174 115
1357 183 118
1358 174 111
1359 169 111
1360 168 101
1361 185 104
1362 173 116
1363 180 103
1364 173 100
1365 183 114
1366 183 116
1367 184 113
1368 168 110
1369 180 111
1370 184 113
1371 231 38
1372 231 42
1373 226 39
1374 227 34
1375 225 39
1376 226 37
1377 227 37
1378 222 37
1379 235 46
1380 226 35
1381 225 46
1382 224 33
1383 234 35
1384 222 32
1385 224 41
1386 219 38
1387 225 38
1388 221 47
1389 227 38
1390 228 38
1391 230 35
1392 225 34
1393 223 39
1394 233 32
1395 219 45
1396 223 39
1397 231 43
1398 233 37
1399 221 41
1400 232 37
1401 74 181
1402 77 180
1403 74 184
1404 82 174
1405 76 184
1406 79 186
1407 68 175
1408 84 170
1409 71 176
1410 80 173
1411 83 178
1412 73 185
1413 68 177
1414 69 180
1415 68 171
1416 71 176
1417 76 169
1418 83 171
1419 73 173
1420 73 172
1421 81 179
1422 73 182
1423 78 173
1424 79 183
1425 70 181
1426 82 180
1427 69 186
1428 75 168
1429 69 183
1430 82 183
1431 235 47
1432 219 40
1433 225 35
1434 219 44
1435 232 37
1436 225 40
1437 219 35
1438 221 40
1439 231 33
1440 223 36
1441 227 33
1442 230 32
1443 232 44
1444 234 38
1445 220 42
1446 227 42
1447 222 40
1448 227 46
1449 234 44
1450 231 41
1451 229 44
1452 222 34
1453 228 33
1454 229 34
1455 226 42
1456 223 35
1457 229 42
1458 235 46
1459 226 33
1460 222 33
1461 107 123
1462 113 136
1463 117 122
1464 106 135
1465 103 123
1466 109 124
1467 117 131
1468 102 121
1469 117 130
1470 108 123
1471 103 134
1472 115 124
1473 104 134
1474 106 135
1475 110 125
1476 104 120
1477 107 131
1478 101 119
1479 102 128
1480 100 127
1481 110 129
1482 111 132
1483 111 136
1484 113 129
1485 112 122
1486 111 136
1487 109 136
1488 105 128
1489 102 126
1490 104 132
1491 38 243
1492 38 237
1493 42 239
1494 37 239
1495 37 248
1496 47 250
1497 32 242
1498 36 238
1499 42 249
1500 44 246
1501 38 243
1502 42 243
1503 47 251
1504 44 237
1505 36 252
1506 40 240
1507 43 240
1508 44 249
1509 35 247
1510 32 251
1511 44 244
1512 47 252
1513 39 240
1514 36 246
1515 41 240
1516 34 250
1517 37 252
1518 46 250
1519 35 243
1520 40 251
1521 124 199
1522 134 187
1523 123 196
1524 126 196
1525 134 202
1526 119 202
1527 127 190
1528 128 202
1529 122 191
1530 125 198
1531 124 190
1532 136 196
1533 124 196
1534 126 187
1535 126 187
1536 131 199
1537 133 192
1538 122 194
1539 130 196
1540 121 188
1541 134 190
1542 121 199
1543 132 192
1544 134 188
1545 119 189
1546 128 198
1547 135 190
1548 129 199
1549 130 197
1550 124 191
1551 226 242
1552 232 238
1553 223 247
1554 226 252
1555 222 247
1556 223 252
1557 220 252
1558 225 239
1559 228 247
1560 234 249
1561 236 239
1562 228 250
1563 223 239
1564 236 252
1565 219 241
1566 222 237
1567 219 248
1568 224 242
1569 225 250
1570 233 238
1571 231 237
1572 230 240
1573 225 246
1574 222 237
1575 227 237
1576 229 240
1577 221 241
1578 229 248
1579 220 249
1580 234 241
1581 127 164
1582 121 161
1583 124 162
1584 133 160
1585 127 160
1586 129 161
1587 134 156
1588 121 166
1589 119 161
1590 123 161
1591 130 159
1592 129 159
1593 131 153
1594 125 152
1595 122 162
1596 134 160
1597 135 153
1598 132 158
1599 132 164
1600 135 153
1601 130 160
1602 128 166
1603 128 153
1604 125 156
1605 121 164
1606 123 162
1607 135 156
1608 132 166
1609 125 161
1610 130 166
1611 226 12
1612 236 14
1613 221 22
1614 233 20
1615 226 29
1616 233 24
1617 222 13
1618 234 30
1619 219 14
1620 234 26
1621 231 14
1622 236 19
1623 219 30
1624 235 22
1625 227 16
1626 229 26
1627 219 20
1628 229 20
1629 225 22
1630 234 22
1631 234 29
1632 235 20
1633 228 17
1634 227 27
1635 220 17
1636 231 19
1637 226 14
1638 224 19
1639 226 29
1640 233 27
1641 229 117
1642 221 118
1643 236 102
1644 228 118
1645 222 117
1646 230 102
1647 236 106
1648 229 106
1649 228 100
1650 236 107
1651 232 106
1652 235 117
1653 233 111
1654 224 117
1655 221 105
1656 223 106
1657 219 101
1658 226 109
1659 223 117
1660 219 102
1661 236 112
1662 227 118
1663 224 112
1664 224 103
1665 235 105
1666 229 115
1667 231 118
1668 228 103
1669 229 114
1670 223 101
1671 23 214
1672 28 218
1673 24 207
1674 20 207
1675 31 216
1676 17 209
1677 21 209
1678 17 208
1679 28 211
1680 15 205
1681 16 209
1682 30 203
1683 20 215
1684 19 210
1685 30 216
1686 26 216
1687 29 214
1688 27 206
1689 28 212
1690 18 216
1691 29 207
1692 17 216
1693 13 207
1694 18 205
1695 15 218
1696 23 205
1697 29 214
1698 27 212
1699 14 217
1700 24 203
1701 162 126
1702 155 123
1703 158 125
1704 166 132
1705 158 127
1706 157 123
1707 155 132
1708 160 132
1709 161 132
1710 156 128
1711 160 134
1712 164 129
1713 158 121
1714 159 122
1715 154 125
1716 162 135
1717 154 128
1718 165 119
1719 152 134
1720 154 135
1721 152 130
1722 160 124
1723 156 133
1724 154 136
1725 153 123
1726 152 132
1727 165 126
1728 159 133
1729 161 129
1730 156 134
1731 246 161
1732 246 158
1733 243 162
1734 239 154
1735 239 160
1736 242 160
1737 245 160
1738 253 164
1739 250 160
1740 239 162
1741 253 162
1742 240 165
1743 250 165
1744 241 159
1745 247 163
1746 246 157
1747 245 160
1748 239 165
1749 239 159
1750 246 155
1751 245 164
1752 245 165
1753 237 162
1754 239 161
1755 238 158
1756 238 167
1757 239 162
1758 239 161
1759 253 164
1760 244 154
1761 231 193
1762 230 198
1763 235 200
1764 226 191
1765 219 196
1766 233 192
1767 222 188
1768 230 187
1769 225 194
1770 227 193
1771 234 197
1772 234 199
1773 236 195
1774 226 190
1775 224 193
1776 229 192
1777 230 196
1778 221 195
1779 219 198
1780 233 191
1781 227 187
1782 224 201
1783 231 192
1784 233 196
1785 233 190
1786 232 191
1787 232 201
1788 234 191
1789 233 196
1790 231 198
1791 253 184
1792 243 168
1793 239 182
1794 238 172
1795 240 184
1796 251 169
1797 242 175
1798 244 185
1799 241 183
1800 251 172
1801 252 170
1802 237 178
1803 251 172
1804 243 169
1805 244 186
1806 250 178
1807 245 180
1808 244 176
1809 250 186
1810 248 168
1811 237 173
1812 238 178
1813 238 176
1814 245 170
1815 244 175
1816 252 173
1817 253 182
1818 239 186
1819 241 174
1820 250 180
1821 0 74
1822 1 81
1823 3 71
1824 5 80
1825 1 72
1826 0 72
1827 2 76
1828 3 81
1829 3 72
1830 7 81
1831 3 77
1832 8 81
1833 1 84
1834 10 80
1835 6 80
1836 0 75
1837 2 81
1838 10 78
1839 0 69
1840 5 78
1841 8 73
1842 6 70
1843 0 77
1844 7 70
1845 2 75
1846 2 68
1847 10 70
1848 9 76
1849 5 83
1850 224 29
1851 226 25
1852 224 28
1853 230 24
1854 230 13
1855 235 13
1856 219 24
1857 231 15
1858 232 27
1859 228 31
1860 232 30
1861 230 27
1862 221 19
1863 234 13
1864 236 28
1865 221 30
1866 229 22
1867 225 27
1868 227 14
1869 230 24
1870 223 28
1871 236 14
1872 231 19
1873 230 20
1874 225 26
1875 230 25
1876 234 18
1877 224 13
1878 232 20
1879 224 18
1880 144 162
1881 145 160
1882 138 164
1883 151 152
1884 150 152
1885 151 162
1886 149 155
1887 146 157
1888 150 163
1889 147 161
1890 142 164
1891 147 153
1892 146 164
1893 142 162
1894 147 167
1895 137 161
1896 150 156
1897 144 165
1898 150 156
1899 147 164
1900 144 162
1901 143 155
1902 142 157
1903 138 152
1904 141 155
1905 138 162
1906 142 160
1907 149 157
1908 141 166
1909 138 153
1910 235 22
1911 230 23
1912 234 25
1913 221 15
1914 235 15
1915 234 14
1916 221 27
1917 229 15
1918 225 12
1919 225 13
1920 231 14
1921 236 16
1922 235 19
1923 220 20
1924 228 13
1925 236 26
1926 234 13
1927 234 14
1928 234 12
1929 232 24
1930 233 27
1931 223 20
1932 225 22
1933 222 18
1934 227 18
1935 234 31
1936 221 28
1937 229 26
1938 229 30
1939 231 28
1940 138 127
1941 146 127
1942 137 136
1943 150 123
1944 142 125
1945 141 127
1946 143 124
1947 150 134
1948 146 122
1949 139 124
1950 137 124
1951 150 135
1952 148 123
1953 138 130
1954 137 123
1955 151 127
1956 149 132
1957 141 120
1958 144 119
1959 145 127
1960 140 121
1961 145 128
1962 149 125
1963 150 128
1964 141 123
1965 149 131
1966 140 120
1967 145 122
1968 143 131
1969 143 135
1970 75 34
1971 79 47
1972 78 34
1973 72 33
1974 82 42
1975 77 46
1976 75 39
1977 81 37
1978 84 41
1979 72 36
1980 74 41
1981 79 44
1982 70 39
1983 68 45
1984 68 41
1985 72 41
1986 70 34
1987 74 39
1988 69 40
1989 82 32
1990 78 47
1991 74 44
1992 80 47
1993 75 38
1994 81 46
1995 71 44
1996 70 40
1997 84 44
1998 81 32
1999 73 37
2000 43 244
2001 46 244
2002 40 243
2003 43 244
2004 36 249
2005 44 240
2006 47 250
2007 44 246
2008 35 237
2009 45 248
2010 37 244
2011 43 244
2012 45 240
2013 47 243
2014 42 250
2015 42 240
2016 32 242
2017 38 250
2018 39 251
2019 41 252
2020 32 240
2021 46 239
2022 40 242
2023 37 238
2024 37 246
2025 43 246
2026 44 240
2027 33 238
2028 44 240
2029 38 238
2030 76 0
2031 81 4
2032 83 7
2033 70 3
2034 74 10
2035 74 1
2036 82 7
2037 69 6
2038 73 1
2039 78 11
2040 82 1
2041 78 6
2042 74 8
2043 80 11
2044 74 2
2045 76 10
2046 80 0
2047 84 10
2048 84 1
2049 73 7
2050 68 0
2051 74 7
2052 81 6
2053 82 6
2054 77 2
2055 71 7
2056 81 7
2057 68 6
2058 186 21
2059 172 29
2060 171 29
2061 180 15
2062 177 23
2063 185 16
2064 172 21
2065 169 19
2066 173 23
2067 170 14
2068 173 23
2069 177 30
2070 171 17
2071 173 14
2072 176 26
2073 169 26
2074 175 22
2075 170 23
2076 180 14
2077 182 19
2078 185 30
2079 169 15
2080 177 30
2081 176 30
2082 170 13
2083 185 16
2084 182 28
2085 177 26
2086 169 12
2087 173 25
2088 230 37
2089 219 32
2090 230 45
2091 222 35
2092 223 32
2093 223 44
2094 226 47
2095 236 42
2096 227 42
2097 226 37
2098 233 37
2099 224 39
2100 234 45
2101 221 37
2102 232 45
2103 236 42
2104 224 43
2105 234 42
2106 222 37
2107 224 44
2108 224 42
2109 223 37
2110 223 33
2111 220 38
2112 224 35
2113 232 39
2114 219 44
2115 223 46
2116 219 45
2117 235 47
2118 142 158
2119 139 155
2120 139 163
2121 146 158
2122 137 159
2123 146 165
2124 144 159
2125 150 159
2126 144 158
2127 142 158
2128 137 160
2129 137 153
2130 140 158
2131 146 162
2132 150 154
2133 146 159
2134 137 158
2135 144 158
2136 145 163
2137 143 159
2138 140 160
2139 137 164
2140 145 160
2141 145 153
2142 148 167
2143 142 164
2144 143 165
2145 144 167
2146 148 158
2147 140 166
2148 146 169
2149 140 174
2150 147 170
2151 150 173
2152 142 177
2153 140 178
2154 149 177
2155 143 173
2156 144 185
2157 149 175
2158 146 168
2159 143 168
2160 144 176
2161 149 172
2162 141 170
2163 147 184
2164 143 182
2165 146 168
2166 147 170
2167 148 170
2168 150 186
2169 141 182
2170 142 174
2171 140 173
2172 144 182
2173 151 180
2174 145 169
2175 139 169
2176 149 176
2177 149 186
2178 104 115
2179 108 112
2180 116 103
2181 100 115
2182 113 105
2183 103 115
2184 112 108
2185 109 117
2186 106 101
2187 106 113
2188 109 118
2189 117 110
2190 101 106
2191 114 115
2192 115 107
2193 118 112
2194 112 118
2195 113 116
2196 189 43
2197 199 39
2198 188 38
2199 190 34
2200 198 43
2201 198 42
2202 191 45
2203 198 42
2204 193 38
2205 198 43
2206 191 41
2207 188 46
2208 191 38
2209 199 38
2210 192 33
2211 199 46
2212 193 43
2213 191 33
2214 191 43
2215 189 42
2216 197 35
2217 202 38
2218 191 45
2219 201 43
2220 195 39
2221 190 39
2222 194 46
2223 199 35
2224 189 38
2225 201 45
2226 135 207
2227 127 215
2228 119 211
2229 135 207
2230 136 208
2231 131 204
2232 128 209
2233 136 205
2234 123 203
2235 124 204
2236 123 214
2237 129 216
2238 125 204
2239 129 206
2240 119 213
2241 130 217
2242 132 206
2243 127 217
2244 135 217
2245 136 218
2246 133 213
2247 136 207
2248 128 217
2249 125 208
2250 119 204
2251 126 205
2252 136 208
2253 123 208
2254 122 217
2255 124 210
2256 69 124
2257 83 131
2258 73 132
2259 78 130
2260 72 129
2261 83 129
2262 80 130
2263 69 133
2264 75 127
2265 79 125
2266 78 126
2267 73 126
2268 78 121
2269 71 124
2270 79 122
2271 74 121
2272 71 130
2273 74 121
2274 84 128
2275 80 135
2276 71 133
2277 78 134
2278 73 136
2279 84 128
2280 82 134
2281 68 134
2282 82 133
2283 73 122
2284 81 121
2285 73 122
2286 120 180
2287 129 171
2288 127 168
2289 121 180
2290 128 171
2291 124 186
2292 122 178
2293 134 186
2294 128 174
2295 134 173
2296 123 179
2297 136 185
2298 131 177
2299 134 181
2300 130 172
2301 121 184
2302 133 181
2303 124 176
2304 132 173
2305 136 179
2306 128 183
2307 135 170
2308 128 181
2309 119 177
2310 127 170
2311 122 175
2312 131 175
2313 131 178
2314 124 170
2315 122 178
2316 28 192
2317 28 192
2318 31 200
2319 16 200
2320 26 199
2321 27 200
2322 26 189
2323 27 195
2324 14 197
2325 16 190
2326 29 201
2327 29 188
2328 19 194
2329 28 187
2330 17 189
2331 25 190
2332 24 202
2333 30 187
2334 26 191
2335 25 189
2336 25 197
2337 25 191
2338 21 195
2339 15 198
2340 29 188
2341 14 193
2342 17 197
2343 24 201
2344 27 190
2345 29 194
2346 1 182
2347 10 169
2348 3 172
2349 9 170
2350 10 183
2351 1 170
2352 7 179
2353 1 178
2354 1 175
2355 8 186
2356 0 186
2357 9 168
2358 11 184
2359 8 171
2360 2 177
2361 3 181
2362 10 169
2363 9 174
2364 11 186
2365 1 171
2366 1 176
2367 5 182
2368 5 183
2369 7 178
2370 4 170
2371 4 172
2372 9 168
2373 6 180
2374 8 177
2375 240 243
2376 249 237
2377 238 253
2378 245 249
2379 249 238
2380 248 252
2381 242 245
2382 253 238
2383 253 249
2384 240 245
2385 252 238
2386 238 251
2387 246 244
2388 240 248
2389 237 239
2390 253 240
2391 242 249
2392 241 240
2393 253 242
2394 237 249
2395 134 50
2396 122 51
2397 122 55
2398 126 56
2399 127 50
2400 134 55
2401 128 66
2402 131 55
2403 132 65
2404 128 66
2405 125 61
2406 120 54
2407 133 63
2408 136 57
2409 132 66
2410 123 55
2411 128 62
2412 130 65
2413 132 55
2414 121 50
2415 130 56
2416 130 51
2417 119 64
2418 122 67
2419 120 57
2420 129 50
2421 127 55
2422 129 66
2423 121 51
2424 128 51
2425 225 160
2426 235 159
2427 233 161
2428 231 165
2429 220 154
2430 230 163
2431 225 164
2432 221 157
2433 228 161
2434 223 162
2435 232 167
2436 233 158
2437 233 154
2438 229 158
2439 225 163
2440 228 154
2441 222 163
2442 233 167
2443 220 152
2444 231 162
2445 224 162
2446 222 161
2447 224 152
2448 223 155
2449 221 160
2450 222 153
2451 227 160
2452 235 160
2453 225 156
2454 223 164
2455 79 84
2456 84 80
2457 77 69
2458 78 79
2459 75 74
2460 77 76
2461 72 81
2462 70 74
2463 81 78
2464 84 79
2465 80 74
2466 79 72
2467 80 74
2468 75 72
2469 74 76
2470 75 77
2471 69 80
2472 81 74
2473 74 68
2474 76 70
2475 16 138
2476 27 143
2477 20 138
2478 26 148
2479 14 146
2480 22 143
2481 22 140
2482 18 140
2483 20 142
2484 30 151
2485 22 139
2486 22 147
2487 18 145
2488 26 142
2489 12 148
2490 27 142
2491 30 139
2492 20 147
2493 24 138
2494 12 140
2495 17 138
2496 25 147
2497 31 143
2498 28 148
2499 19 145
2500 14 141
2501 17 143
2502 17 140
2503 12 148
2504 30 146
2505 144 203
2506 141 208
2507 141 217
2508 137 218
2509 143 208
2510 151 218
2511 147 215
2512 148 209
2513 138 209
2514 143 213
2515 147 211
2516 145 205
2517 139 218
2518 137 214
2519 140 206
2520 146 213
2521 145 212
2522 139 213
2523 150 207
2524 151 214
2525 138 203
2526 145 210
2527 138 209
2528 143 217
2529 144 215
2530 149 213
2531 148 213
2532 140 212
2533 138 211
2534 144 210
2535 108 192
2536 113 187
2537 104 198
2538 105 202
2539 100 195
2540 106 193
2541 103 195
2542 110 188
2543 104 191
2544 107 194
2545 102 201
2546 111 193
2547 112 194
2548 117 201
2549 102 197
2550 101 198
2551 109 193
2552 111 190
2553 102 188
2554 112 198
2555 111 202
2556 110 194
2557 106 199
2558 113 187
2559 101 202
2560 115 191
2561 117 196
2562 103 197
2563 109 189
2564 117 196
2565 170 87
2566 176 88
2567 182 95
2568 176 96
2569 171 95
2570 180 95
2571 179 97
2572 180 95
2573 174 94
2574 186 93
2575 184 96
2576 175 96
2577 170 90
2578 171 87
2579 179 92
2580 180 88
2581 172 98
2582 185 96
2583 170 90
2584 171 91
2585 171 97
2586 181 92
2587 170 88
2588 184 88
2589 182 86
2590 168 94
2591 186 99
2592 181 97
2593 186 89
2594 169 88
2595 31 35
2596 31 40
2597 13 40
2598 23 32
2599 14 35
2600 29 32
2601 18 37
2602 25 37
2603 27 40
2604 21 42
2605 22 44
2606 27 36
2607 29 44
2608 18 35
2609 19 35
2610 24 32
2611 14 42
2612 23 33
2613 24 44
2614 26 38
2615 23 44
2616 22 45
2617 15 36
2618 24 34
2619 12 44
2620 26 33
2621 17 35
2622 17 41
2623 21 37
2624 16 45
2625 112 253
2626 109 248
2627 108 245
2628 104 253
2629 114 244
2630 110 240
2631 103 241
2632 116 245
2633 106 238
2634 104 237
2635 109 247
2636 100 245
2637 111 252
2638 116 242
2639 113 249
2640 107 253
2641 114 238
2642 110 237
2643 104 251
2644 106 246
2645 106 237
2646 110 252
2647 111 241
2648 112 251
2649 110 243
2650 116 247
2651 115 246
2652 111 241
2653 117 241
2654 103 252
2655 20 222
2656 29 219
2657 24 221
2658 22 219
2659 29 229
2660 14 223
2661 22 226
2662 23 229
2663 13 228
2664 17 228
2665 15 235
2666 24 224
2667 29 234
2668 16 227
2669 16 226
2670 23 220
2671 23 227
2672 17 236
2673 23 223
2674 16 236
2675 27 222
2676 23 232
2677 28 234
2678 20 220
2679 18 221
2680 24 231
2681 28 227
2682 27 227
2683 30 232
2684 20 228
2685 29 49
2686 17 49
2687 20 57
2688 29 65
2689 24 63
2690 14 67
2691 31 56
2692 13 56
2693 23 59
2694 26 67
2695 22 57
2696 13 50
2697 24 56
2698 16 61
2699 14 51
2700 26 61
2701 16 59
2702 21 63
2703 21 63
2704 28 60
2705 19 49
2706 17 59
2707 20 61
2708 19 49
2709 14 57
2710 12 49
2711 12 58
2712 15 57
2713 12 65
2714 29 55
2715 90 92
2716 96 90
2717 85 99
2718 90 91
2719 89 94
2720 86 92
2721 99 95
2722 86 93
2723 92 95
2724 91 96
2725 88 95
2726 97 87
2727 85 91
2728 91 89
2729 89 94
2730 98 85
2731 86 95
2732 99 88
2733 93 95
2734 92 89
2735 245 93
2736 243 85
2737 245 92
2738 249 96
2739 243 95
2740 237 88
2741 241 97
2742 249 86
2743 244 98
2744 252 85
2745 246 99
2746 240 92
2747 249 91
2748 241 92
2749 238 92
2750 243 86
2751 246 89
2752 240 93
2753 252 94
2754 251 87
2755 238 98
2756 238 99
2757 249 86
2758 249 92
2759 241 90
2760 253 85
2761 246 92
2762 242 91
2763 252 98
2764 239 85
2765 67 20
2766 49 27
2767 61 29
2768 51 20
2769 65 19
2770 53 28
2771 56 15
2772 52 14
2773 50 27
2774 53 27
2775 61 23
2776 60 16
2777 49 27
2778 62 15
2779 60 24
2780 48 16
2781 64 18
2782 65 16
2783 59 20
2784 52 22
2785 51 27
2786 66 13
2787 55 17
2788 64 29
2789 58 19
2790 54 31
2791 65 29
2792 50 24
2793 54 29
2794 56 15
2795 53 218
2796 54 205
2797 62 214
2798 50 210
2799 64 213
2800 64 206
2801 51 203
2802 51 211
2803 54 209
2804 61 218
2805 66 212
2806 51 218
2807 58 204
2808 51 218
2809 63 205
2810 56 209
2811 51 208
2812 66 218
2813 56 205
2814 52 215
2815 58 213
2816 57 211
2817 61 208
2818 58 217
2819 64 216
2820 51 210
2821 49 218
2822 50 210
2823 62 207
2824 67 209
2825 189 230
2826 198 235
2827 200 226
2828 201 222
2829 191 227
2830 196 226
2831 189 235
2832 194 231
2833 192 234
2834 187 234
2835 192 233
2836 200 225
2837 200 224
2838 202 226
2839 190 234
2840 195 229
2841 190 220
2842 196 232
2843 191 230
2844 191 229
2845 196 224
2846 198 230
2847 198 236
2848 191 231
2849 187 228
2850 200 223
2851 191 235
2852 200 234
2853 195 222
2854 187 229
2855 249 137
2856 251 141
2857 251 149
2858 241 140
2859 247 140
2860 253 143
2861 238 148
2862 237 141
2863 244 151
2864 239 141
2865 247 140
2866 251 140
2867 253 139
2868 248 138
2869 241 144
2870 238 142
2871 249 140
2872 247 148
2873 242 137
2874 251 138
2875 239 145
2876 249 150
2877 251 151
2878 250 144
2879 251 146
2880 246 141
2881 244 146
2882 237 145
2883 238 151
2884 241 151
2885 149 135
2886 139 130
2887 140 128
2888 144 120
2889 150 120
2890 138 126
2891 143 135
2892 143 119
2893 148 133
2894 141 128
2895 142 122
2896 140 128
2897 148 134
2898 149 128
2899 140 127
2900 147 124
2901 138 124
2902 149 124
2903 149 127
2904 145 119
2905 144 120
2906 149 126
2907 146 125
2908 143 122
2909 140 128
2910 137 135
2911 144 121
2912 139 126
2913 141 132
2914 147 135
