281 303 10 2946
0 6
1 10
2 7
3 11
4 6
5 7
6 8
7 8
8 5
9 9
10 10
11 11
12 4
13 3
14 3
15 3
16 6
17 3
18 3
19 5
20 3
21 3
22 3
23 3
24 3
25 3
26 3
27 5
28 4
29 3
30 3
31 4
32 4
33 4
34 3
35 3
36 3
37 3
38 3
39 4
40 5
41 3
42 3
43 3
44 3
45 3
46 3
47 3
48 4
49 3
50 8
51 5
52 4
53 4
54 5
55 3
56 3
57 4
58 3
59 3
60 3
61 3
62 4
63 3
64 4
65 4
66 3
67 3
68 3
69 3
70 4
71 3
72 4
73 3
74 3
75 3
76 3
77 4
78 5
79 3
80 6
81 3
82 3
83 3
84 3
85 3
86 3
87 4
88 3
89 3
90 3
91 5
92 3
93 3
94 3
95 3
96 3
97 3
98 3
99 5
100 3
101 3
102 3
103 4
104 3
105 6
106 4
107 4
108 3
109 4
110 4
111 3
112 3
113 4
114 3
115 3
116 4
117 4
118 3
119 5
120 4
121 4
122 5
123 4
124 3
125 3
126 3
127 3
128 3
129 3
130 3
131 3
132 3
133 3
134 3
135 3
136 3
137 4
138 3
139 3
140 4
141 3
142 3
143 4
144 3
145 3
146 5
147 5
148 4
149 3
150 3
151 3
152 3
153 5
154 3
155 3
156 4
157 3
158 4
159 3
160 4
161 5
162 3
163 7
164 3
165 3
166 3
167 3
168 4
169 3
170 3
171 4
172 3
173 4
174 3
175 4
176 3
177 4
178 5
179 4
180 4
181 3
182 3
183 3
184 3
185 4
186 5
187 3
188 3
189 3
190 3
191 3
192 3
193 4
194 3
195 4
196 3
197 5
198 3
199 4
200 3
201 3
202 3
203 3
204 3
205 3
206 5
207 4
208 3
209 3
210 3
211 3
212 4
213 5
214 4
215 4
216 3
217 3
218 3
219 3
220 4
221 4
222 3
223 3
224 3
225 3
226 3
227 3
228 3
229 4
230 4
231 6
232 3
233 4
234 3
235 3
236 4
237 3
238 3
239 3
240 3
241 3
242 3
243 3
244 3
245 4
246 3
247 5
248 3
249 5
250 3
251 3
252 3
253 3
254 3
255 3
256 3
257 3
258 5
259 6
260 3
261 4
262 3
263 3
264 4
265 3
266 5
267 5
268 6
269 3
270 4
271 3
272 4
273 3
274 3
275 3
276 3
277 3
278 3
279 3
280 3
0 0 1
1 0 4
2 0 5
3 0 7
4 0 10
5 0 32
6 1 4
7 1 5
8 1 6
9 1 7
10 1 8
11 1 10
12 1 11
13 2 3
14 2 5
15 2 6
16 2 7
17 2 8
18 2 10
19 3 5
20 3 6
21 3 9
22 3 10
23 3 51
24 3 87
25 3 121
26 3 156
27 4 8
28 4 9
29 4 11
30 5 10
31 5 215
32 6 7
33 6 9
34 6 10
35 6 11
36 7 9
37 7 11
38 8 11
39 9 10
40 9 175
41 9 195
42 10 12
43 10 106
44 10 231
45 11 70
46 11 140
47 11 247
48 11 264
49 12 28
50 12 19
51 13 18
52 13 19
53 14 27
54 15 23
55 15 17
56 16 21
57 16 22
58 16 17
59 16 27
60 17 25
61 19 20
62 19 31
63 24 26
64 24 28
65 25 29
66 27 31
67 29 30
68 32 40
69 33 37
70 33 41
71 33 50
72 34 36
73 34 47
74 34 41
75 35 36
76 38 40
77 39 46
78 39 48
79 40 50
80 42 49
81 43 50
82 44 50
83 45 48
84 48 50
85 49 50
86 51 64
87 51 69
88 52 66
89 52 65
90 53 63
91 53 64
92 54 58
93 54 68
94 54 62
95 55 61
96 55 59
97 55 62
98 56 62
99 57 62
100 57 69
101 59 65
102 60 67
103 67 68
104 70 80
105 71 74
106 72 77
107 72 83
108 73 80
109 74 85
110 75 79
111 75 83
112 75 78
113 76 82
114 77 82
115 78 80
116 78 86
117 80 85
118 81 84
119 81 86
120 87 97
121 88 103
122 89 96
123 89 94
124 89 99
125 90 102
126 90 93
127 91 97
128 91 104
129 91 105
130 92 105
131 93 105
132 94 101
133 95 101
134 98 99
135 99 100
136 99 105
137 101 103
138 106 112
139 106 110
140 106 116
141 107 109
142 107 117
143 108 118
144 109 113
145 110 111
146 110 114
147 113 115
148 116 119
149 117 119
150 118 120
151 119 120
152 121 122
153 122 138
154 122 132
155 123 130
156 123 129
157 124 134
158 124 137
159 125 127
160 125 136
161 126 132
162 126 130
163 128 133
164 128 136
165 128 139
166 129 137
167 131 134
168 133 135
169 137 139
170 140 143
171 140 154
172 140 148
173 141 147
174 142 144
175 143 146
176 144 146
177 145 149
178 146 150
179 147 153
180 147 148
181 148 152
182 148 155
183 149 153
184 151 153
185 156 171
186 156 160
187 157 169
188 157 163
189 158 161
190 158 159
191 159 168
192 160 168
193 160 163
194 161 162
195 161 165
196 163 167
197 163 172
198 163 173
199 164 173
200 166 171
201 170 171
202 173 174
203 175 176
204 176 185
205 177 187
206 177 178
207 177 183
208 178 180
209 178 181
210 179 185
211 179 188
212 179 190
213 180 182
214 181 191
215 183 193
216 184 190
217 184 191
218 186 189
219 186 192
220 186 193
221 193 194
222 195 210
223 196 207
224 197 202
225 197 207
226 197 200
227 198 212
228 199 209
229 199 206
230 200 203
231 201 208
232 201 214
233 203 206
234 204 213
235 205 207
236 206 208
237 207 213
238 210 213
239 211 212
240 212 214
241 215 223
242 215 218
243 216 220
244 217 228
245 217 230
246 218 230
247 219 222
248 219 225
249 220 229
250 220 222
251 221 226
252 221 224
253 224 229
254 225 228
255 226 227
256 231 241
257 231 232
258 231 243
259 232 235
260 233 239
261 233 244
262 234 236
263 235 237
264 236 245
265 237 240
266 238 244
267 240 242
268 243 244
269 243 246
270 245 246
271 247 259
272 247 258
273 248 254
274 249 260
275 249 254
276 249 263
277 250 256
278 251 259
279 252 263
280 253 258
281 254 261
282 255 261
283 256 259
284 257 259
285 258 261
286 262 263
287 264 268
288 265 274
289 266 273
290 266 277
291 266 267
292 267 272
293 267 268
294 268 276
295 268 280
296 269 275
297 270 278
298 270 279
299 270 271
300 271 275
301 272 274
302 272 275
0 132 136
1 139 134
2 135 127
3 129 133
4 124 133
5 138 130
6 134 123
7 133 121
8 127 126
9 123 133
10 135 131
11 130 124
12 129 136
13 128 126
14 132 135
15 131 138
16 124 126
17 125 133
18 135 134
19 224 28
20 230 12
21 223 30
22 228 18
23 225 22
24 229 21
25 227 16
26 220 14
27 220 16
28 229 30
29 221 25
30 223 30
31 215 31
32 219 13
33 217 24
34 217 30
35 229 30
36 228 25
37 225 13
38 219 14
39 224 21
40 230 24
41 226 12
42 227 17
43 215 23
44 227 25
45 221 29
46 217 27
47 219 16
48 228 26
49 34 142
50 32 151
51 48 151
52 36 150
53 32 154
54 32 140
55 49 141
56 44 144
57 50 148
58 43 155
59 39 145
60 43 143
61 42 149
62 34 154
63 48 155
64 50 141
65 40 147
66 50 150
67 44 145
68 33 150
69 36 154
70 44 151
71 49 143
72 44 142
73 48 155
74 39 141
75 39 155
76 41 146
77 38 147
78 43 142
79 113 258
80 115 255
81 106 262
82 119 253
83 109 250
84 115 260
85 120 262
86 113 258
87 116 260
88 108 257
89 108 251
90 110 248
91 118 258
92 108 260
93 114 263
94 108 251
95 115 252
96 116 256
97 112 250
98 106 261
99 106 261
100 108 259
101 118 251
102 112 248
103 113 251
104 113 248
105 118 254
106 119 251
107 110 256
108 119 263
109 176 134
110 194 127
111 176 137
112 180 135
113 193 135
114 186 133
115 191 130
116 177 134
117 186 135
118 193 136
119 178 130
120 178 136
121 188 133
122 182 129
123 189 125
124 179 123
125 194 130
126 188 122
127 194 129
128 177 131
129 192 128
130 194 124
131 189 136
132 193 132
133 180 127
134 183 125
135 191 139
136 181 121
137 190 134
138 181 129
139 240 37
140 243 39
141 245 44
142 232 49
143 235 48
144 237 43
145 242 32
146 235 45
147 242 45
148 243 40
149 238 36
150 233 49
151 240 39
152 233 33
153 232 33
154 235 46
155 240 44
156 233 43
157 241 42
158 243 32
159 231 48
160 238 47
161 238 40
162 246 32
163 233 47
164 237 46
165 245 47
166 239 35
167 240 44
168 234 37
169 51 34
170 66 49
171 67 36
172 63 38
173 65 50
174 60 43
175 66 40
176 67 40
177 63 44
178 69 39
179 56 46
180 65 42
181 65 49
182 68 48
183 68 33
184 57 46
185 65 33
186 56 33
187 51 40
188 56 50
189 52 44
190 61 32
191 53 44
192 62 41
193 57 32
194 65 44
195 62 50
196 67 34
197 69 33
198 54 43
199 193 131
200 177 137
201 181 125
202 181 122
203 182 139
204 185 133
205 183 136
206 189 121
207 181 134
208 187 124
209 193 133
210 184 125
211 188 129
212 191 137
213 193 132
214 183 134
215 182 123
216 191 131
217 175 124
218 186 130
219 183 121
220 189 123
221 175 132
222 177 125
223 181 135
224 190 139
225 189 122
226 186 134
227 192 128
228 187 121
229 176 75
230 186 71
231 181 76
232 183 74
233 189 82
234 192 85
235 179 79
236 183 76
237 191 76
238 190 71
239 191 86
240 192 86
241 190 85
242 183 70
243 190 81
244 177 75
245 192 86
246 182 72
247 188 75
248 182 72
249 179 82
250 177 72
251 183 74
252 186 78
253 176 81
254 180 75
255 184 75
256 184 81
257 191 83
258 175 72
259 9 154
260 3 151
261 7 155
262 1 146
263 6 149
264 1 147
265 4 149
266 4 151
267 10 153
268 6 149
269 7 146
270 5 149
271 9 141
272 2 142
273 3 155
274 8 141
275 1 149
276 4 147
277 3 141
278 11 152
279 11 142
280 9 153
281 9 154
282 6 148
283 3 154
284 1 145
285 9 148
286 7 155
287 219 223
288 227 222
289 228 229
290 219 217
291 220 228
292 220 221
293 217 219
294 223 230
295 226 217
296 229 223
297 218 225
298 220 223
299 217 215
300 220 227
301 215 221
302 228 218
303 215 217
304 225 229
305 220 228
306 220 215
307 279 71
308 268 71
309 270 80
310 275 80
311 271 77
312 278 84
313 273 84
314 266 80
315 275 70
316 278 82
317 269 80
318 280 79
319 272 74
320 276 78
321 272 83
322 267 78
323 280 81
324 265 73
325 280 77
326 265 81
327 276 72
328 264 71
329 277 78
330 270 72
331 278 74
332 266 80
333 273 80
334 276 79
335 279 84
336 277 73
337 241 116
338 234 117
339 241 116
340 242 120
341 242 109
342 238 117
343 240 110
344 239 119
345 242 120
346 243 112
347 243 106
348 237 109
349 246 109
350 243 110
351 232 106
352 246 116
353 236 118
354 239 106
355 234 119
356 234 116
357 245 110
358 243 114
359 237 111
360 242 120
361 234 107
362 239 112
363 242 108
364 239 110
365 246 119
366 234 115
367 154 83
368 145 84
369 154 81
370 141 77
371 155 84
372 142 84
373 144 73
374 147 75
375 143 82
376 147 77
377 140 74
378 151 81
379 142 75
380 150 86
381 151 86
382 152 81
383 149 86
384 146 82
385 140 81
386 140 82
387 155 86
388 144 82
389 143 83
390 142 78
391 149 77
392 146 77
393 142 77
394 143 80
395 155 73
396 150 71
397 250 33
398 251 43
399 262 38
400 251 35
401 259 44
402 251 47
403 251 42
404 251 42
405 252 40
406 260 42
407 255 38
408 259 49
409 257 33
410 259 50
411 259 45
412 261 40
413 253 41
414 258 50
415 253 43
416 258 37
417 263 34
418 247 44
419 248 40
420 250 44
421 262 42
422 250 41
423 247 33
424 262 44
425 253 33
426 257 36
427 267 152
428 271 145
429 275 144
430 272 146
431 267 147
432 268 141
433 266 147
434 273 142
435 277 152
436 269 146
437 274 152
438 274 149
439 266 147
440 271 141
441 265 155
442 267 148
443 273 148
444 275 145
445 272 155
446 276 152
447 268 140
448 280 145
449 280 145
450 272 150
451 280 154
452 270 149
453 266 144
454 277 145
455 280 144
456 170 251
457 162 251
458 167 247
459 156 255
460 161 257
461 171 257
462 156 260
463 170 260
464 173 254
465 160 254
466 158 256
467 163 258
468 164 263
469 172 252
470 163 257
471 166 257
472 165 252
473 167 262
474 168 258
475 173 262
476 157 248
477 165 251
478 168 258
479 171 247
480 163 255
481 160 256
482 171 247
483 168 255
484 166 249
485 167 248
486 78 234
487 77 232
488 82 231
489 75 234
490 78 246
491 84 234
492 81 241
493 78 244
494 80 234
495 76 245
496 78 240
497 81 231
498 74 237
499 86 240
500 84 242
501 77 244
502 81 240
503 73 241
504 78 245
505 80 231
506 77 234
507 71 238
508 75 242
509 70 234
510 70 244
511 78 233
512 85 241
513 75 244
514 70 239
515 71 244
516 36 22
517 43 25
518 35 17
519 33 17
520 34 25
521 42 25
522 47 12
523 35 31
524 39 30
525 37 17
526 49 18
527 40 18
528 41 29
529 46 18
530 42 20
531 35 22
532 44 19
533 42 22
534 44 28
535 37 19
536 50 23
537 36 19
538 43 19
539 39 15
540 40 16
541 33 31
542 49 28
543 43 29
544 43 29
545 33 30
546 238 195
547 242 212
548 232 200
549 231 201
550 235 197
551 234 201
552 238 198
553 231 202
554 232 198
555 232 214
556 232 199
557 234 198
558 243 199
559 237 208
560 239 202
561 237 208
562 237 199
563 245 198
564 233 207
565 231 214
566 243 202
567 235 198
568 242 204
569 234 202
570 237 212
571 244 202
572 231 210
573 245 201
574 245 205
575 244 206
576 245 108
577 240 119
578 234 116
579 232 109
580 245 117
581 244 111
582 232 119
583 240 111
584 233 112
585 234 113
586 242 118
587 246 120
588 236 111
589 245 118
590 241 106
591 244 115
592 242 111
593 234 113
594 236 119
595 242 114
596 233 113
597 232 114
598 240 108
599 244 114
600 238 107
601 236 108
602 236 119
603 231 111
604 245 117
605 240 109
606 231 143
607 232 145
608 241 141
609 246 149
610 237 152
611 232 155
612 242 146
613 234 154
614 232 151
615 233 143
616 241 151
617 234 149
618 240 144
619 233 147
620 236 146
621 233 140
622 240 142
623 246 153
624 235 154
625 240 144
626 233 155
627 242 140
628 235 147
629 236 144
630 245 152
631 237 147
632 242 142
633 245 146
634 233 145
635 234 155
636 142 73
637 149 81
638 151 73
639 144 76
640 143 82
641 148 76
642 150 78
643 154 77
644 152 78
645 152 75
646 153 76
647 142 80
648 152 73
649 144 71
650 147 78
651 142 86
652 152 86
653 155 83
654 145 80
655 152 70
656 146 77
657 149 79
658 152 76
659 142 70
660 154 81
661 145 80
662 141 85
663 151 82
664 147 70
665 145 70
666 54 40
667 53 32
668 65 42
669 51 38
670 58 38
671 66 48
672 64 37
673 59 47
674 55 35
675 58 35
676 68 49
677 54 40
678 58 46
679 63 39
680 53 45
681 67 40
682 62 42
683 57 32
684 65 33
685 66 40
686 68 32
687 56 47
688 58 46
689 51 46
690 57 37
691 58 41
692 62 47
693 53 42
694 69 40
695 64 47
696 223 2
697 221 8
698 228 7
699 222 0
700 216 0
701 219 6
702 221 1
703 226 5
704 218 11
705 224 0
706 225 7
707 221 0
708 221 6
709 221 1
710 218 0
711 223 8
712 224 7
713 223 4
714 226 8
715 218 3
716 229 7
717 230 2
718 228 1
719 220 4
720 230 9
721 222 6
722 228 0
723 180 74
724 190 85
725 180 81
726 182 78
727 193 73
728 190 79
729 193 85
730 179 71
731 182 86
732 186 70
733 184 83
734 191 79
735 184 86
736 180 72
737 191 85
738 182 72
739 183 79
740 176 72
741 194 70
742 181 80
743 192 75
744 188 77
745 186 75
746 191 80
747 193 85
748 191 80
749 182 73
750 176 75
751 181 77
752 185 76
753 130 28
754 129 19
755 128 24
756 129 14
757 138 25
758 126 31
759 134 20
760 133 27
761 125 13
762 129 29
763 134 16
764 124 20
765 125 17
766 125 13
767 124 31
768 122 30
769 139 23
770 130 17
771 122 13
772 130 20
773 128 14
774 131 23
775 139 27
776 132 17
777 138 29
778 136 23
779 133 21
780 129 25
781 123 18
782 130 26
783 159 176
784 156 194
785 174 176
786 163 187
787 161 194
788 170 176
789 166 179
790 170 192
791 173 188
792 164 176
793 166 180
794 167 193
795 161 176
796 157 182
797 163 194
798 167 185
799 171 185
800 170 193
801 169 181
802 165 187
803 164 180
804 163 182
805 167 185
806 163 181
807 167 192
808 156 181
809 164 179
810 157 177
811 165 185
812 167 188
813 112 19
814 117 27
815 115 14
816 110 27
817 109 13
818 117 17
819 106 28
820 120 20
821 106 16
822 120 29
823 106 13
824 109 18
825 114 14
826 118 15
827 117 18
828 108 12
829 119 17
830 112 18
831 112 20
832 106 25
833 109 24
834 120 21
835 112 28
836 108 29
837 113 21
838 120 14
839 115 14
840 110 26
841 112 21
842 106 13
843 12 59
844 26 63
845 12 51
846 19 51
847 19 58
848 27 57
849 30 53
850 19 63
851 28 64
852 20 54
853 21 59
854 14 61
855 25 51
856 19 57
857 16 60
858 25 64
859 12 64
860 20 61
861 14 54
862 21 62
863 29 65
864 15 69
865 18 56
866 31 64
867 29 67
868 17 61
869 21 69
870 26 63
871 18 52
872 29 66
873 177 259
874 176 256
875 182 260
876 179 257
877 188 250
878 183 250
879 177 257
880 189 259
881 176 254
882 181 247
883 194 256
884 192 256
885 175 260
886 194 251
887 187 262
888 180 258
889 194 259
890 191 262
891 187 259
892 183 261
893 175 252
894 185 257
895 194 249
896 178 249
897 190 247
898 178 253
899 190 263
900 184 254
901 192 255
902 193 247
903 116 206
904 115 195
905 111 205
906 118 195
907 120 211
908 107 200
909 117 204
910 106 203
911 108 211
912 116 213
913 112 196
914 116 203
915 113 202
916 106 202
917 110 211
918 107 212
919 107 196
920 115 205
921 120 198
922 110 202
923 109 207
924 118 210
925 113 200
926 111 211
927 118 205
928 107 199
929 106 212
930 114 204
931 111 199
932 108 207
933 77 204
934 79 198
935 78 212
936 84 214
937 73 211
938 85 202
939 77 214
940 83 202
941 81 204
942 85 214
943 72 210
944 74 203
945 71 200
946 77 203
947 79 210
948 72 214
949 81 203
950 77 202
951 70 208
952 84 203
953 71 208
954 71 198
955 73 204
956 75 214
957 82 203
958 70 209
959 78 205
960 83 205
961 77 203
962 72 202
963 244 62
964 235 56
965 234 66
966 239 61
967 235 55
968 240 61
969 236 58
970 231 55
971 245 54
972 240 61
973 236 56
974 232 62
975 235 64
976 238 54
977 233 64
978 240 53
979 238 67
980 239 64
981 231 62
982 243 60
983 238 52
984 234 67
985 241 52
986 239 59
987 232 61
988 243 65
989 245 65
990 240 54
991 242 55
992 233 57
993 219 95
994 224 90
995 220 97
996 225 104
997 220 104
998 228 96
999 223 90
1000 229 87
1001 224 87
1002 228 87
1003 228 94
1004 217 104
1005 216 95
1006 219 94
1007 230 98
1008 221 104
1009 224 92
1010 228 88
1011 222 105
1012 218 99
1013 230 89
1014 223 97
1015 229 99
1016 229 92
1017 219 99
1018 228 91
1019 225 98
1020 217 103
1021 224 104
1022 216 87
1023 221 59
1024 217 65
1025 222 67
1026 218 62
1027 220 67
1028 224 56
1029 228 51
1030 230 59
1031 221 58
1032 227 61
1033 218 66
1034 220 54
1035 221 65
1036 223 59
1037 230 60
1038 229 54
1039 221 52
1040 219 69
1041 223 52
1042 219 60
1043 226 62
1044 226 69
1045 224 69
1046 218 53
1047 225 51
1048 216 61
1049 215 60
1050 223 56
1051 224 69
1052 221 52
1053 257 183
1054 248 184
1055 259 176
1056 253 186
1057 256 192
1058 261 187
1059 252 175
1060 254 183
1061 263 184
1062 254 191
1063 257 191
1064 257 176
1065 260 179
1066 262 184
1067 259 186
1068 259 188
1069 254 176
1070 251 178
1071 251 177
1072 251 188
1073 259 193
1074 261 186
1075 257 179
1076 261 193
1077 263 176
1078 256 189
1079 262 177
1080 261 187
1081 263 193
1082 252 176
1083 212 24
1084 195 19
1085 209 22
1086 213 28
1087 195 16
1088 210 27
1089 205 29
1090 202 17
1091 203 30
1092 202 24
1093 208 28
1094 214 27
1095 205 28
1096 211 13
1097 214 31
1098 196 31
1099 210 21
1100 196 22
1101 197 14
1102 195 17
1103 196 19
1104 203 25
1105 202 28
1106 196 23
1107 198 20
1108 208 15
1109 198 30
1110 200 26
1111 201 27
1112 209 17
1113 267 59
1114 265 58
1115 279 69
1116 273 52
1117 264 61
1118 272 69
1119 269 55
1120 268 68
1121 268 64
1122 276 58
1123 275 51
1124 279 65
1125 277 65
1126 275 60
1127 273 63
1128 274 52
1129 269 66
1130 264 66
1131 275 56
1132 267 59
1133 268 58
1134 280 61
1135 272 63
1136 271 66
1137 264 64
1138 272 63
1139 267 68
1140 265 69
1141 267 54
1142 275 52
1143 31 272
1144 31 274
1145 26 276
1146 21 266
1147 16 270
1148 12 273
1149 28 269
1150 20 272
1151 13 267
1152 26 279
1153 17 273
1154 20 265
1155 13 264
1156 30 273
1157 31 277
1158 21 274
1159 14 272
1160 14 275
1161 20 277
1162 15 279
1163 21 274
1164 12 276
1165 30 270
1166 30 268
1167 24 273
1168 24 269
1169 28 269
1170 27 266
1171 22 268
1172 20 268
1173 70 269
1174 76 268
1175 78 271
1176 86 276
1177 77 265
1178 74 278
1179 78 278
1180 85 269
1181 86 270
1182 79 274
1183 80 264
1184 78 268
1185 71 264
1186 83 276
1187 84 271
1188 83 270
1189 79 268
1190 86 279
1191 77 268
1192 74 274
1193 81 275
1194 73 269
1195 85 279
1196 82 265
1197 73 275
1198 70 277
1199 72 277
1200 79 265
1201 83 269
1202 77 269
1203 224 143
1204 219 145
1205 219 142
1206 216 144
1207 220 150
1208 223 147
1209 227 140
1210 226 146
1211 223 150
1212 218 142
1213 219 149
1214 227 141
1215 223 145
1216 229 145
1217 215 153
1218 222 147
1219 229 149
1220 228 145
1221 229 155
1222 227 147
1223 221 151
1224 218 151
1225 227 140
1226 220 151
1227 220 146
1228 227 147
1229 221 146
1230 218 149
1231 229 143
1232 216 154
1233 244 94
1234 246 102
1235 238 104
1236 241 94
1237 240 91
1238 239 93
1239 246 90
1240 233 103
1241 241 101
1242 242 97
1243 240 97
1244 235 93
1245 241 101
1246 236 87
1247 240 87
1248 231 89
1249 235 88
1250 237 95
1251 244 87
1252 237 90
1253 241 104
1254 235 102
1255 245 101
1256 237 90
1257 242 100
1258 244 89
1259 238 94
1260 245 102
1261 244 104
1262 245 87
1263 201 226
1264 211 222
1265 205 230
1266 202 219
1267 213 226
1268 196 215
1269 198 227
1270 207 225
1271 212 221
1272 201 228
1273 209 222
1274 199 220
1275 205 226
1276 205 215
1277 195 215
1278 208 216
1279 209 230
1280 206 229
1281 207 215
1282 202 229
1283 197 229
1284 212 216
1285 202 221
1286 203 230
1287 205 229
1288 200 228
1289 201 221
1290 195 221
1291 197 227
1292 196 229
1293 100 203
1294 87 196
1295 87 199
1296 103 206
1297 96 202
1298 92 211
1299 103 213
1300 92 210
1301 98 211
1302 88 205
1303 104 214
1304 91 200
1305 98 198
1306 97 211
1307 97 210
1308 87 199
1309 98 205
1310 99 206
1311 96 209
1312 102 204
1313 87 210
1314 105 196
1315 99 195
1316 105 207
1317 94 208
1318 101 208
1319 98 211
1320 101 201
1321 98 214
1322 94 196
1323 273 215
1324 277 229
1325 273 227
1326 273 225
1327 270 225
1328 277 224
1329 268 226
1330 279 223
1331 277 224
1332 265 222
1333 271 218
1334 270 221
1335 265 225
1336 267 218
1337 275 216
1338 272 228
1339 268 226
1340 267 224
1341 266 220
1342 264 227
1343 265 219
1344 266 223
1345 264 230
1346 264 221
1347 270 228
1348 271 218
1349 267 228
1350 266 229
1351 278 222
1352 269 215
1353 156 205
1354 172 203
1355 166 207
1356 159 212
1357 169 205
1358 161 213
1359 173 195
1360 162 205
1361 157 211
1362 164 206
1363 172 206
1364 156 202
1365 162 209
1366 174 205
1367 159 204
1368 165 200
1369 171 205
1370 164 205
1371 161 203
1372 162 195
1373 173 199
1374 162 200
1375 160 200
1376 157 213
1377 160 198
1378 174 203
1379 173 198
1380 160 199
1381 163 197
1382 163 210
1383 37 64
1384 45 51
1385 35 62
1386 41 63
1387 41 59
1388 37 52
1389 48 60
1390 48 51
1391 38 69
1392 47 57
1393 40 59
1394 38 63
1395 41 58
1396 42 65
1397 49 59
1398 47 65
1399 37 67
1400 35 53
1401 48 68
1402 34 60
1403 50 64
1404 40 62
1405 48 64
1406 34 52
1407 48 53
1408 45 55
1409 38 66
1410 46 61
1411 42 61
1412 46 63
1413 73 278
1414 80 280
1415 79 274
1416 71 279
1417 70 275
1418 77 277
1419 81 279
1420 74 273
1421 70 266
1422 84 268
1423 70 270
1424 73 278
1425 74 265
1426 81 269
1427 85 267
1428 77 274
1429 81 271
1430 83 280
1431 80 279
1432 77 278
1433 80 264
1434 84 275
1435 80 271
1436 81 276
1437 83 273
1438 73 267
1439 80 267
1440 75 278
1441 70 274
1442 85 268
1443 245 197
1444 241 202
1445 246 197
1446 235 205
1447 240 210
1448 242 208
1449 234 206
1450 236 210
1451 245 205
1452 246 213
1453 237 196
1454 232 196
1455 237 202
1456 240 205
1457 242 210
1458 242 205
1459 239 200
1460 241 210
1461 238 210
1462 245 195
1463 246 207
1464 235 197
1465 231 206
1466 244 211
1467 243 199
1468 246 214
1469 238 203
1470 241 209
1471 236 204
1472 238 199
1473 15 181
1474 19 193
1475 30 188
1476 12 177
1477 26 185
1478 24 190
1479 17 187
1480 19 192
1481 22 193
1482 31 192
1483 18 187
1484 21 175
1485 29 179
1486 19 182
1487 15 186
1488 28 185
1489 31 188
1490 27 190
1491 26 185
1492 21 178
1493 18 181
1494 15 193
1495 15 189
1496 24 178
1497 15 193
1498 22 193
1499 25 185
1500 12 185
1501 19 176
1502 29 184
1503 250 184
1504 250 189
1505 259 185
1506 253 175
1507 257 178
1508 257 182
1509 258 175
1510 260 194
1511 254 187
1512 254 185
1513 255 191
1514 256 189
1515 251 176
1516 262 181
1517 251 189
1518 250 188
1519 247 189
1520 253 177
1521 253 175
1522 250 177
1523 256 176
1524 254 187
1525 253 177
1526 259 180
1527 250 187
1528 248 187
1529 257 194
1530 247 192
1531 259 193
1532 257 183
1533 65 219
1534 67 221
1535 65 228
1536 56 222
1537 60 217
1538 66 218
1539 62 217
1540 65 224
1541 61 229
1542 63 223
1543 64 219
1544 68 220
1545 55 223
1546 55 215
1547 60 230
1548 63 222
1549 58 216
1550 58 225
1551 64 228
1552 56 217
1553 52 217
1554 68 228
1555 61 215
1556 55 222
1557 69 225
1558 55 218
1559 57 221
1560 51 221
1561 58 227
1562 61 215
1563 98 116
1564 98 107
1565 102 120
1566 96 117
1567 102 112
1568 91 118
1569 95 118
1570 95 110
1571 91 114
1572 98 107
1573 93 118
1574 98 111
1575 104 117
1576 101 110
1577 93 111
1578 105 114
1579 95 109
1580 105 118
1581 102 115
1582 104 110
1583 95 112
1584 100 114
1585 102 108
1586 104 120
1587 93 118
1588 95 119
1589 93 120
1590 99 119
1591 93 112
1592 100 111
1593 183 64
1594 194 64
1595 192 55
1596 189 58
1597 192 59
1598 179 67
1599 186 62
1600 182 65
1601 188 52
1602 180 62
1603 191 53
1604 187 54
1605 189 64
1606 177 53
1607 176 58
1608 178 55
1609 176 57
1610 190 69
1611 188 55
1612 175 53
1613 185 66
1614 178 54
1615 190 51
1616 181 52
1617 176 64
1618 190 54
1619 183 60
1620 177 62
1621 179 54
1622 183 65
1623 66 88
1624 62 100
1625 67 96
1626 53 96
1627 64 97
1628 68 96
1629 63 103
1630 55 105
1631 63 100
1632 59 87
1633 54 100
1634 53 102
1635 60 104
1636 62 100
1637 64 104
1638 69 104
1639 55 90
1640 52 101
1641 54 93
1642 68 92
1643 64 102
1644 55 99
1645 57 87
1646 59 96
1647 58 103
1648 59 92
1649 63 103
1650 65 103
1651 61 97
1652 60 105
1653 120 276
1654 108 278
1655 112 271
1656 110 273
1657 107 273
1658 114 270
1659 118 266
1660 117 275
1661 113 274
1662 114 270
1663 106 274
1664 120 270
1665 120 273
1666 118 268
1667 108 278
1668 111 274
1669 117 276
1670 110 264
1671 110 276
1672 107 273
1673 106 266
1674 110 265
1675 108 264
1676 106 272
1677 118 269
1678 109 278
1679 107 278
1680 110 276
1681 111 277
1682 118 265
1683 97 275
1684 87 267
1685 104 276
1686 99 274
1687 91 271
1688 91 277
1689 98 272
1690 95 272
1691 91 264
1692 100 265
1693 88 275
1694 103 279
1695 103 270
1696 102 272
1697 93 265
1698 103 272
1699 99 267
1700 101 272
1701 99 276
1702 89 275
1703 104 275
1704 104 267
1705 90 279
1706 99 268
1707 101 271
1708 98 269
1709 94 267
1710 104 271
1711 100 270
1712 91 274
1713 272 134
1714 269 123
1715 267 133
1716 271 137
1717 275 124
1718 280 138
1719 278 126
1720 274 136
1721 271 129
1722 279 122
1723 279 124
1724 271 133
1725 277 126
1726 270 136
1727 272 121
1728 275 136
1729 264 128
1730 264 133
1731 276 132
1732 265 121
1733 266 123
1734 270 125
1735 274 121
1736 273 136
1737 275 136
1738 275 136
1739 270 135
1740 269 135
1741 275 128
1742 267 123
1743 31 88
1744 23 96
1745 15 100
1746 13 91
1747 17 87
1748 31 92
1749 19 92
1750 29 89
1751 31 99
1752 14 97
1753 15 90
1754 19 98
1755 21 92
1756 17 94
1757 21 97
1758 18 91
1759 22 92
1760 15 102
1761 31 95
1762 21 104
1763 31 104
1764 20 93
1765 29 93
1766 30 98
1767 12 101
1768 29 104
1769 31 102
1770 12 103
1771 14 94
1772 16 97
1773 175 132
1774 186 137
1775 180 138
1776 184 124
1777 188 136
1778 191 127
1779 192 133
1780 186 129
1781 177 121
1782 182 138
1783 181 132
1784 192 130
1785 184 133
1786 186 130
1787 178 139
1788 180 126
1789 177 125
1790 186 129
1791 182 125
1792 181 129
1793 189 132
1794 176 123
1795 178 123
1796 191 127
1797 185 128
1798 194 133
1799 181 124
1800 183 135
1801 181 138
1802 181 134
1803 126 68
1804 122 55
1805 131 64
1806 127 65
1807 124 65
1808 133 65
1809 129 65
1810 123 69
1811 128 52
1812 124 59
1813 124 51
1814 136 69
1815 130 52
1816 139 61
1817 127 69
1818 130 57
1819 136 62
1820 126 60
1821 130 69
1822 132 66
1823 124 54
1824 127 58
1825 128 64
1826 124 68
1827 131 56
1828 124 67
1829 128 60
1830 136 69
1831 133 69
1832 66 182
1833 51 190
1834 55 181
1835 57 194
1836 62 194
1837 57 192
1838 62 193
1839 52 185
1840 61 182
1841 66 194
1842 68 185
1843 66 185
1844 69 191
1845 61 175
1846 57 179
1847 57 178
1848 57 193
1849 60 183
1850 54 177
1851 58 187
1852 59 192
1853 69 176
1854 62 178
1855 53 185
1856 54 179
1857 61 188
1858 57 182
1859 56 192
1860 52 194
1861 68 185
1862 85 240
1863 81 234
1864 81 231
1865 81 245
1866 81 238
1867 78 231
1868 71 242
1869 75 246
1870 83 239
1871 76 240
1872 80 235
1873 73 242
1874 74 234
1875 74 241
1876 83 232
1877 86 240
1878 70 243
1879 76 234
1880 80 239
1881 84 233
1882 72 237
1883 80 246
1884 86 243
1885 79 235
1886 79 243
1887 85 239
1888 83 238
1889 76 246
1890 84 237
1891 75 237
1892 256 144
1893 255 153
1894 249 148
1895 249 144
1896 263 155
1897 252 148
1898 256 153
1899 252 148
1900 253 141
1901 253 154
1902 257 152
1903 259 146
1904 251 149
1905 254 153
1906 250 152
1907 260 147
1908 251 145
1909 254 150
1910 263 149
1911 249 150
1912 258 150
1913 262 145
1914 253 140
1915 249 141
1916 262 150
1917 263 153
1918 252 154
1919 248 151
1920 252 151
1921 261 152
1922 32 243
1923 37 246
1924 50 239
1925 49 237
1926 49 232
1927 37 234
1928 38 246
1929 34 246
1930 35 238
1931 48 235
1932 38 239
1933 33 238
1934 48 234
1935 44 244
1936 36 231
1937 41 237
1938 35 238
1939 34 236
1940 43 238
1941 35 240
1942 33 245
1943 49 242
1944 38 238
1945 41 246
1946 35 242
1947 48 235
1948 46 239
1949 49 236
1950 48 241
1951 40 243
1952 253 232
1953 247 237
1954 255 241
1955 257 243
1956 251 245
1957 250 231
1958 260 232
1959 257 246
1960 260 232
1961 257 235
1962 248 243
1963 255 245
1964 261 246
1965 258 239
1966 256 232
1967 262 240
1968 253 243
1969 248 244
1970 249 232
1971 260 238
1972 255 238
1973 256 238
1974 249 244
1975 260 237
1976 250 234
1977 250 243
1978 249 239
1979 247 242
1980 247 246
1981 259 233
1982 63 133
1983 56 123
1984 64 123
1985 63 126
1986 62 136
1987 53 128
1988 67 137
1989 56 139
1990 55 129
1991 63 133
1992 63 124
1993 52 129
1994 68 122
1995 60 136
1996 53 131
1997 66 133
1998 57 133
1999 55 124
2000 69 122
2001 54 133
2002 61 130
2003 63 126
2004 53 137
2005 53 137
2006 62 133
2007 58 128
2008 60 131
2009 68 134
2010 65 132
2011 65 122
2012 98 18
2013 96 27
2014 88 22
2015 104 17
2016 102 25
2017 92 19
2018 100 27
2019 96 17
2020 105 29
2021 88 12
2022 91 12
2023 101 22
2024 87 20
2025 87 30
2026 91 19
2027 91 14
2028 96 30
2029 94 23
2030 100 28
2031 92 27
2032 88 30
2033 88 19
2034 100 31
2035 87 31
2036 92 13
2037 96 20
2038 101 19
2039 103 28
2040 96 13
2041 94 17
2042 204 76
2043 207 82
2044 197 76
2045 214 71
2046 196 76
2047 211 78
2048 207 84
2049 206 80
2050 198 70
2051 198 81
2052 204 79
2053 214 82
2054 209 86
2055 200 75
2056 202 72
2057 202 82
2058 201 76
2059 205 71
2060 195 77
2061 207 78
2062 195 76
2063 207 78
2064 206 75
2065 196 71
2066 207 72
2067 213 72
2068 204 83
2069 195 70
2070 197 85
2071 198 72
2072 234 109
2073 245 111
2074 238 107
2075 233 119
2076 246 119
2077 236 111
2078 243 110
2079 242 117
2080 241 114
2081 242 111
2082 235 119
2083 236 119
2084 245 109
2085 245 107
2086 246 111
2087 245 120
2088 241 120
2089 235 117
2090 234 111
2091 240 114
2092 237 112
2093 238 106
2094 232 119
2095 240 111
2096 242 115
2097 239 113
2098 231 113
2099 231 119
2100 239 114
2101 233 108
2102 41 101
2103 44 96
2104 40 95
2105 39 94
2106 35 93
2107 34 90
2108 35 95
2109 39 95
2110 50 87
2111 32 94
2112 39 104
2113 40 97
2114 32 102
2115 48 95
2116 38 98
2117 44 98
2118 46 101
2119 47 93
2120 37 98
2121 32 100
2122 43 90
2123 33 92
2124 37 95
2125 34 103
2126 36 91
2127 40 102
2128 39 96
2129 37 90
2130 41 102
2131 49 98
2132 72 74
2133 75 71
2134 78 76
2135 74 75
2136 82 85
2137 83 76
2138 82 83
2139 75 81
2140 82 74
2141 71 70
2142 86 73
2143 86 79
2144 76 73
2145 85 79
2146 76 80
2147 84 70
2148 71 81
2149 82 74
2150 79 71
2151 72 84
2152 84 83
2153 74 86
2154 206 204
2155 206 205
2156 195 209
2157 211 201
2158 210 199
2159 201 203
2160 213 208
2161 202 199
2162 207 211
2163 213 199
2164 197 214
2165 209 202
2166 203 213
2167 206 202
2168 212 210
2169 197 201
2170 202 201
2171 212 195
2172 207 199
2173 197 199
2174 213 199
2175 198 207
2176 201 203
2177 210 197
2178 226 218
2179 228 221
2180 215 220
2181 228 222
2182 229 218
2183 219 223
2184 219 215
2185 221 223
2186 226 222
2187 218 216
2188 227 216
2189 225 224
2190 230 221
2191 228 221
2192 224 227
2193 217 222
2194 229 215
2195 222 218
2196 228 224
2197 220 217
2198 230 229
2199 83 227
2200 76 229
2201 74 221
2202 84 217
2203 78 228
2204 82 224
2205 84 224
2206 81 224
2207 76 215
2208 80 221
2209 70 216
2210 74 225
2211 79 216
2212 81 215
2213 73 215
2214 85 223
2215 82 218
2216 70 227
2217 81 228
2218 71 226
2219 75 227
2220 77 222
2221 72 215
2222 78 229
2223 76 225
2224 72 223
2225 80 226
2226 81 215
2227 81 223
2228 86 221
2229 65 117
2230 67 116
2231 52 109
2232 64 114
2233 59 109
2234 63 115
2235 65 115
2236 68 107
2237 61 111
2238 59 116
2239 68 107
2240 59 112
2241 62 119
2242 52 119
2243 57 107
2244 60 117
2245 63 106
2246 59 108
2247 60 106
2248 52 117
2249 63 109
2250 56 114
2251 66 119
2252 53 111
2253 59 113
2254 53 120
2255 69 110
2256 57 118
2257 65 113
2258 58 118
2259 171 228
2260 169 216
2261 161 219
2262 174 223
2263 164 218
2264 166 223
2265 160 220
2266 174 221
2267 161 219
2268 170 226
2269 160 215
2270 158 221
2271 174 227
2272 163 229
2273 171 219
2274 159 221
2275 161 226
2276 168 229
2277 173 220
2278 168 218
2279 165 221
2280 159 223
2281 168 218
2282 157 228
2283 165 218
2284 163 226
2285 167 230
2286 165 222
2287 156 216
2288 158 220
2289 35 214
2290 49 196
2291 49 206
2292 46 195
2293 34 204
2294 40 213
2295 34 203
2296 34 199
2297 39 213
2298 37 200
2299 36 195
2300 34 212
2301 44 208
2302 32 203
2303 47 205
2304 34 209
2305 34 206
2306 43 214
2307 38 202
2308 38 196
2309 44 197
2310 33 209
2311 34 198
2312 46 208
2313 45 202
2314 47 214
2315 45 197
2316 44 203
2317 49 195
2318 49 204
2319 118 87
2320 116 96
2321 120 87
2322 113 89
2323 111 91
2324 116 99
2325 119 87
2326 118 101
2327 117 100
2328 115 93
2329 118 101
2330 117 100
2331 106 104
2332 109 105
2333 107 92
2334 107 105
2335 117 101
2336 119 97
2337 118 97
2338 107 105
2339 108 87
2340 109 87
2341 110 95
2342 119 93
2343 116 101
2344 114 91
2345 117 95
2346 107 102
2347 110 105
2348 110 96
2349 264 152
2350 272 147
2351 272 150
2352 276 152
2353 269 145
2354 266 146
2355 274 148
2356 270 141
2357 274 150
2358 264 152
2359 267 148
2360 273 140
2361 268 149
2362 265 143
2363 271 142
2364 264 151
2365 273 148
2366 264 143
2367 266 140
2368 272 140
2369 270 142
2370 278 153
2371 273 142
2372 266 143
2373 270 152
2374 276 145
2375 277 145
2376 264 152
2377 264 153
2378 276 151
2379 71 269
2380 76 265
2381 83 265
2382 76 278
2383 83 267
2384 72 268
2385 78 274
2386 75 280
2387 77 273
2388 80 264
2389 86 267
2390 85 278
2391 85 268
2392 86 270
2393 75 267
2394 82 268
2395 80 270
2396 74 266
2397 73 269
2398 73 276
2399 81 264
2400 79 266
2401 80 266
2402 77 280
2403 78 277
2404 73 268
2405 71 278
2406 77 273
2407 71 277
2408 78 268
2409 217 84
2410 219 77
2411 223 86
2412 220 83
2413 220 76
2414 223 75
2415 218 75
2416 225 84
2417 223 84
2418 226 81
2419 226 84
2420 223 86
2421 226 84
2422 223 73
2423 218 82
2424 227 71
2425 230 84
2426 227 71
2427 220 72
2428 220 84
2429 215 76
2430 215 77
2431 225 75
2432 224 84
2433 230 74
2434 220 82
2435 225 73
2436 224 79
2437 222 82
2438 216 77
2439 218 41
2440 216 49
2441 220 45
2442 227 32
2443 229 46
2444 215 42
2445 224 43
2446 224 36
2447 222 47
2448 230 37
2449 224 46
2450 219 50
2451 219 43
2452 215 47
2453 217 49
2454 224 35
2455 226 49
2456 227 40
2457 217 50
2458 218 45
2459 219 43
2460 222 41
2461 216 43
2462 216 47
2463 218 46
2464 223 35
2465 229 42
2466 228 40
2467 215 43
2468 215 37
2469 269 169
2470 277 166
2471 279 164
2472 270 172
2473 264 171
2474 269 163
2475 279 159
2476 264 158
2477 272 160
2478 271 162
2479 268 174
2480 276 162
2481 266 174
2482 268 156
2483 264 168
2484 278 169
2485 272 168
2486 266 173
2487 275 156
2488 277 173
2489 264 173
2490 278 159
2491 275 156
2492 265 166
2493 273 162
2494 264 162
2495 279 167
2496 269 160
2497 274 171
2498 279 165
2499 129 251
2500 139 252
2501 124 257
2502 138 260
2503 127 262
2504 132 252
2505 138 258
2506 134 248
2507 135 251
2508 139 251
2509 136 253
2510 124 257
2511 124 259
2512 131 263
2513 129 261
2514 130 255
2515 137 258
2516 123 261
2517 132 260
2518 137 247
2519 134 258
2520 130 248
2521 134 251
2522 138 258
2523 136 259
2524 127 259
2525 137 254
2526 132 247
2527 136 258
2528 127 255
2529 265 228
2530 276 219
2531 279 215
2532 275 222
2533 277 230
2534 266 224
2535 267 215
2536 276 218
2537 277 219
2538 276 227
2539 279 230
2540 265 229
2541 271 216
2542 273 226
2543 267 222
2544 276 230
2545 280 229
2546 267 222
2547 269 230
2548 271 221
2549 265 219
2550 270 221
2551 268 220
2552 274 217
2553 270 216
2554 273 230
2555 278 217
2556 272 216
2557 280 230
2558 267 225
2559 233 280
2560 231 265
2561 237 276
2562 244 265
2563 236 264
2564 244 272
2565 231 273
2566 237 271
2567 240 279
2568 234 272
2569 240 267
2570 237 269
2571 242 277
2572 234 273
2573 234 276
2574 238 278
2575 235 278
2576 234 278
2577 236 268
2578 231 276
2579 239 266
2580 246 272
2581 238 277
2582 245 273
2583 239 277
2584 244 265
2585 235 277
2586 240 273
2587 243 270
2588 231 267
2589 132 42
2590 123 34
2591 127 44
2592 134 37
2593 122 33
2594 138 33
2595 139 39
2596 133 33
2597 125 44
2598 130 41
2599 121 34
2600 136 42
2601 122 47
2602 123 43
2603 132 42
2604 124 36
2605 121 42
2606 128 32
2607 138 45
2608 127 40
2609 127 39
2610 133 44
2611 133 47
2612 127 33
2613 128 43
2614 128 34
2615 132 32
2616 127 32
2617 131 39
2618 139 40
2619 229 108
2620 216 116
2621 227 113
2622 226 107
2623 228 120
2624 223 115
2625 224 110
2626 224 118
2627 221 106
2628 219 119
2629 222 108
2630 223 120
2631 220 111
2632 228 113
2633 218 114
2634 224 115
2635 229 111
2636 224 113
2637 227 113
2638 217 111
2639 226 120
2640 227 113
2641 215 110
2642 225 107
2643 222 107
2644 217 111
2645 228 106
2646 224 119
2647 226 119
2648 224 106
2649 124 0
2650 135 6
2651 137 1
2652 139 7
2653 133 7
2654 138 6
2655 127 9
2656 124 9
2657 122 4
2658 133 9
2659 135 8
2660 132 0
2661 123 7
2662 122 4
2663 126 0
2664 126 1
2665 135 2
2666 133 6
2667 138 10
2668 127 9
2669 123 8
2670 131 1
2671 134 8
2672 136 2
2673 135 2
2674 131 10
2675 135 2
2676 136 4
2677 127 8
2678 133 63
2679 137 60
2680 131 62
2681 126 61
2682 131 67
2683 128 58
2684 123 69
2685 138 68
2686 138 62
2687 127 60
2688 125 59
2689 128 56
2690 137 58
2691 121 58
2692 125 62
2693 121 63
2694 131 61
2695 137 56
2696 136 51
2697 131 66
2698 137 52
2699 137 65
2700 126 66
2701 129 66
2702 130 67
2703 128 62
2704 121 53
2705 127 59
2706 135 65
2707 133 64
2708 54 11
2709 62 11
2710 60 0
2711 60 1
2712 52 1
2713 60 11
2714 69 10
2715 65 3
2716 51 8
2717 63 1
2718 62 2
2719 63 0
2720 66 7
2721 67 9
2722 66 11
2723 61 3
2724 64 10
2725 67 4
2726 57 5
2727 57 3
2728 52 7
2729 66 7
2730 51 1
2731 61 2
2732 62 4
2733 62 3
2734 57 6
2735 61 3
2736 54 0
2737 212 66
2738 197 53
2739 199 63
2740 198 56
2741 206 65
2742 214 54
2743 207 65
2744 211 58
2745 214 65
2746 204 66
2747 214 53
2748 198 51
2749 210 59
2750 195 63
2751 214 60
2752 213 64
2753 197 60
2754 205 55
2755 201 65
2756 212 54
2757 195 67
2758 197 60
2759 203 65
2760 196 53
2761 197 61
2762 199 56
2763 207 52
2764 200 54
2765 203 69
2766 212 61
2767 77 2
2768 78 8
2769 80 8
2770 78 5
2771 75 6
2772 74 5
2773 85 2
2774 76 0
2775 82 5
2776 73 7
2777 77 10
2778 82 8
2779 74 7
2780 77 1
2781 72 7
2782 79 2
2783 83 7
2784 73 1
2785 75 1
2786 77 0
2787 81 7
2788 86 3
2789 74 11
2790 74 1
2791 85 11
2792 81 7
2793 84 5
2794 75 5
2795 82 2
2796 185 13
2797 188 20
2798 183 31
2799 185 13
2800 180 26
2801 189 17
2802 176 14
2803 184 22
2804 191 28
2805 185 22
2806 178 14
2807 184 16
2808 179 22
2809 181 23
2810 175 31
2811 190 14
2812 177 15
2813 188 19
2814 176 15
2815 176 17
2816 192 29
2817 185 14
2818 184 21
2819 188 13
2820 190 16
2821 179 19
2822 183 21
2823 189 27
2824 183 20
2825 194 24
2826 105 169
2827 103 159
2828 89 166
2829 105 170
2830 105 163
2831 94 167
2832 93 164
2833 104 160
2834 99 174
2835 93 168
2836 90 158
2837 88 161
2838 100 159
2839 100 170
2840 101 167
2841 95 172
2842 105 166
2843 89 162
2844 93 171
2845 91 163
2846 96 165
2847 98 158
2848 88 169
2849 94 159
2850 94 165
2851 94 169
2852 102 171
2853 102 156
2854 96 166
2855 94 164
2856 229 134
2857 223 131
2858 226 131
2859 218 132
2860 218 130
2861 222 121
2862 218 139
2863 221 124
2864 228 125
2865 220 128
2866 222 126
2867 227 127
2868 215 128
2869 216 126
2870 230 132
2871 226 133
2872 220 133
2873 222 122
2874 221 122
2875 227 128
2876 218 136
2877 227 131
2878 215 137
2879 224 130
2880 215 138
2881 230 121
2882 224 121
2883 220 127
2884 218 122
2885 227 130
2886 270 84
2887 270 83
2888 267 86
2889 273 83
2890 275 79
2891 265 76
2892 275 80
2893 273 84
2894 277 86
2895 278 83
2896 265 74
2897 265 85
2898 280 76
2899 269 75
2900 280 81
2901 275 81
2902 280 82
2903 277 70
2904 268 74
2905 270 84
2906 280 81
2907 278 78
2908 280 74
2909 267 83
2910 273 72
2911 267 80
2912 279 84
2913 272 74
2914 269 72
2915 270 71
2916 22 231
2917 23 236
2918 22 233
2919 21 238
2920 13 238
2921 29 240
2922 16 243
2923 31 237
2924 22 241
2925 14 246
2926 21 234
2927 23 239
2928 30 232
2929 14 246
2930 24 239
2931 21 241
2932 27 236
2933 28 239
2934 31 243
2935 21 243
2936 30 236
2937 14 237
2938 30 238
2939 24 241
2940 13 243
2941 28 231
2942 28 232
2943 22 238
2944 22 246
2945 19 240
