221 242 10 2870
0 7
1 7
2 8
3 6
4 7
5 10
6 7
7 8
8 6
9 9
10 10
11 6
12 4
13 3
14 3
15 3
16 3
17 6
18 4
19 3
20 3
21 5
22 3
23 3
24 4
25 3
26 3
27 4
28 4
29 5
30 3
31 4
32 3
33 3
34 3
35 5
36 4
37 3
38 3
39 4
40 3
41 3
42 3
43 3
44 3
45 3
46 4
47 3
48 4
49 3
50 3
51 3
52 4
53 3
54 3
55 3
56 5
57 3
58 3
59 3
60 4
61 4
62 4
63 3
64 3
65 3
66 3
67 5
68 3
69 3
70 3
71 3
72 3
73 3
74 6
75 3
76 6
77 3
78 3
79 3
80 3
81 5
82 3
83 4
84 4
85 4
86 3
87 4
88 3
89 3
90 4
91 5
92 3
93 3
94 3
95 3
96 3
97 3
98 3
99 6
100 3
101 3
102 3
103 3
104 4
105 5
106 3
107 3
108 3
109 3
110 3
111 3
112 3
113 3
114 4
115 3
116 3
117 3
118 6
119 3
120 4
121 3
122 3
123 3
124 3
125 3
126 4
127 3
128 3
129 3
130 3
131 4
132 5
133 3
134 3
135 3
136 3
137 4
138 3
139 3
140 3
141 3
142 4
143 4
144 3
145 5
146 3
147 3
148 4
149 3
150 3
151 4
152 3
153 4
154 3
155 3
156 3
157 3
158 3
159 5
160 3
161 3
162 3
163 3
164 4
165 3
166 4
167 3
168 3
169 3
170 4
171 4
172 4
173 3
174 3
175 3
176 3
177 5
178 5
179 3
180 3
181 4
182 4
183 3
184 3
185 3
186 3
187 3
188 4
189 3
190 5
191 4
192 3
193 3
194 3
195 3
196 4
197 4
198 3
199 3
200 3
201 3
202 4
203 3
204 3
205 3
206 5
207 4
208 3
209 4
210 3
211 5
212 4
213 3
214 3
215 3
216 3
217 3
218 3
219 4
220 3
0 0 1
1 0 2
2 0 5
3 0 6
4 0 9
5 1 2
6 1 4
7 1 5
8 1 7
9 1 11
10 1 136
11 2 4
12 2 5
13 2 7
14 2 8
15 2 9
16 2 10
17 3 4
18 3 5
19 3 6
20 3 9
21 3 10
22 4 6
23 4 7
24 4 9
25 4 12
26 5 8
27 5 9
28 5 10
29 5 11
30 5 206
31 6 8
32 6 11
33 6 28
34 6 186
35 7 8
36 7 9
37 7 10
38 8 99
39 9 170
40 10 64
41 10 82
42 10 118
43 10 153
44 11 48
45 12 21
46 13 23
47 14 21
48 15 20
49 15 19
50 16 25
51 17 21
52 17 25
53 17 26
54 17 27
55 18 19
56 18 23
57 22 27
58 23 24
59 24 26
60 28 30
61 28 46
62 29 37
63 29 42
64 29 31
65 31 47
66 32 34
67 32 35
68 33 39
69 33 34
70 35 43
71 35 47
72 36 45
73 36 42
74 37 41
75 38 43
76 39 46
77 40 45
78 44 47
79 48 61
80 49 50
81 50 52
82 51 56
83 52 57
84 52 61
85 52 62
86 53 59
87 53 56
88 53 60
89 54 61
90 55 56
91 56 58
92 56 62
93 60 63
94 64 68
95 65 71
96 66 74
97 67 79
98 67 80
99 67 76
100 68 76
101 69 73
102 69 74
103 70 81
104 71 75
105 72 74
106 72 76
107 74 75
108 75 78
109 76 81
110 77 81
111 82 96
112 83 89
113 83 98
114 84 87
115 84 85
116 85 90
117 86 92
118 86 93
119 87 96
120 88 93
121 88 94
122 89 90
123 91 94
124 91 97
125 91 95
126 95 98
127 99 101
128 99 115
129 99 105
130 100 112
131 100 115
132 102 109
133 103 113
134 103 110
135 103 106
136 104 109
137 104 108
138 105 106
139 105 117
140 107 117
141 108 114
142 110 116
143 111 117
144 114 116
145 118 119
146 118 131
147 118 129
148 119 124
149 120 127
150 120 133
151 120 132
152 121 134
153 121 135
154 122 130
155 122 126
156 123 132
157 125 132
158 126 131
159 128 132
160 128 134
161 129 134
162 136 144
163 136 139
164 137 138
165 137 147
166 138 140
167 138 142
168 139 143
169 140 148
170 141 144
171 142 150
172 143 148
173 145 149
174 145 151
175 145 152
176 146 148
177 147 151
178 153 159
179 153 163
180 153 164
181 154 157
182 155 167
183 155 160
184 156 159
185 157 162
186 157 159
187 158 162
188 160 169
189 161 168
190 164 167
191 165 166
192 166 167
193 168 169
194 170 178
195 170 184
196 170 172
197 171 180
198 171 177
199 172 179
200 173 181
201 174 177
202 175 182
203 175 185
204 176 178
205 177 178
206 179 183
207 181 182
208 183 185
209 186 196
210 186 201
211 187 193
212 187 188
213 188 195
214 188 197
215 189 196
216 190 197
217 190 200
218 190 191
219 191 199
220 191 198
221 192 202
222 192 204
223 192 201
224 194 202
225 196 203
226 198 201
227 198 205
228 206 216
229 206 212
230 207 208
231 207 215
232 207 212
233 207 220
234 208 209
235 208 213
236 209 210
237 211 214
238 211 217
239 211 220
240 218 219
241 219 220
0 86 87
1 83 92
2 89 95
3 96 98
4 82 91
5 90 98
6 84 98
7 82 84
8 85 98
9 90 94
10 98 84
11 92 88
12 92 85
13 97 87
14 88 92
15 90 92
16 86 85
17 95 92
18 83 91
19 89 94
20 182 125
21 180 130
22 178 118
23 170 134
24 183 134
25 179 130
26 173 129
27 173 123
28 174 129
29 173 129
30 176 124
31 182 130
32 181 134
33 182 135
34 175 122
35 171 123
36 183 123
37 182 129
38 182 135
39 183 133
40 182 127
41 184 129
42 181 122
43 185 124
44 178 133
45 171 118
46 185 120
47 185 135
48 183 134
49 174 129
50 214 90
51 207 87
52 207 84
53 211 97
54 215 83
55 213 84
56 215 96
57 217 87
58 217 86
59 218 91
60 217 93
61 213 90
62 219 95
63 206 91
64 212 92
65 206 93
66 219 95
67 208 82
68 220 93
69 212 88
70 206 90
71 209 97
72 215 87
73 215 90
74 211 88
75 211 86
76 207 95
77 213 95
78 219 89
79 208 92
80 195 41
81 205 46
82 199 46
83 197 34
84 199 31
85 196 36
86 191 45
87 198 42
88 187 39
89 199 37
90 198 38
91 194 40
92 190 36
93 196 39
94 199 36
95 195 44
96 203 35
97 186 44
98 199 41
99 199 35
100 203 32
101 191 28
102 195 39
103 196 46
104 204 43
105 203 47
106 191 35
107 188 42
108 197 33
109 197 41
110 75 215
111 80 206
112 64 212
113 69 214
114 77 208
115 80 217
116 79 211
117 65 208
118 78 209
119 76 209
120 81 217
121 79 211
122 64 210
123 67 210
124 74 213
125 76 220
126 65 207
127 79 213
128 65 219
129 66 214
130 70 215
131 75 210
132 65 211
133 65 207
134 76 213
135 72 209
136 70 218
137 73 208
138 66 219
139 66 206
140 88 153
141 95 158
142 87 155
143 93 168
144 86 166
145 88 168
146 90 161
147 88 166
148 91 160
149 91 153
150 84 165
151 85 167
152 89 166
153 91 164
154 93 169
155 84 169
156 93 162
157 84 167
158 91 160
159 88 157
160 98 155
161 95 155
162 95 157
163 86 155
164 93 158
165 96 162
166 89 167
167 93 166
168 90 156
169 96 156
170 182 103
171 170 107
172 176 100
173 184 111
174 176 117
175 178 105
176 178 110
177 185 103
178 177 115
179 183 103
180 182 111
181 170 100
182 179 111
183 178 100
184 179 109
185 179 103
186 177 112
187 181 100
188 184 102
189 178 99
190 176 111
191 172 106
192 180 99
193 181 104
194 171 108
195 170 107
196 177 114
197 176 103
198 185 110
199 183 112
200 200 193
201 194 205
202 199 200
203 205 189
204 205 194
205 194 200
206 187 202
207 200 195
208 202 198
209 189 198
210 203 200
211 187 201
212 205 188
213 194 193
214 186 195
215 186 194
216 191 189
217 204 190
218 188 201
219 186 187
220 188 204
221 204 189
222 150 147
223 137 146
224 150 141
225 139 147
226 136 150
227 139 138
228 152 143
229 145 148
230 143 149
231 149 142
232 145 143
233 146 149
234 145 148
235 138 136
236 152 147
237 152 143
238 144 147
239 199 6
240 196 2
241 191 2
242 195 2
243 187 11
244 203 4
245 193 0
246 203 1
247 196 2
248 195 0
249 190 4
250 187 0
251 205 7
252 201 10
253 205 3
254 192 9
255 200 9
256 187 3
257 201 3
258 200 6
259 196 2
260 193 11
261 187 11
262 187 10
263 190 7
264 192 6
265 201 5
266 202 4
267 198 5
268 196 5
269 76 166
270 70 166
271 75 155
272 71 161
273 77 155
274 79 154
275 74 160
276 64 167
277 69 169
278 74 169
279 69 153
280 78 167
281 65 169
282 76 154
283 67 168
284 65 163
285 73 169
286 73 165
287 76 154
288 78 166
289 80 162
290 73 158
291 77 161
292 72 156
293 71 168
294 71 164
295 64 163
296 73 158
297 67 161
298 64 156
299 11 81
300 5 70
301 8 78
302 5 80
303 5 65
304 2 80
305 10 65
306 10 79
307 0 69
308 8 79
309 3 70
310 0 74
311 2 68
312 0 69
313 10 74
314 9 75
315 8 75
316 10 81
317 8 69
318 5 78
319 9 64
320 1 76
321 4 67
322 7 74
323 3 77
324 4 76
325 6 80
326 10 77
327 2 69
328 11 80
329 149 36
330 140 47
331 149 42
332 149 41
333 145 31
334 149 35
335 141 30
336 149 38
337 138 45
338 150 43
339 145 31
340 149 47
341 137 38
342 141 37
343 149 41
344 137 38
345 149 40
346 139 34
347 146 42
348 138 44
349 136 45
350 137 47
351 152 37
352 148 45
353 137 36
354 147 35
355 148 43
356 146 35
357 149 31
358 148 30
359 155 57
360 169 53
361 153 58
362 156 51
363 162 60
364 158 55
365 161 62
366 166 53
367 161 52
368 163 51
369 160 53
370 167 52
371 161 50
372 153 51
373 156 60
374 154 50
375 155 61
376 153 59
377 163 49
378 163 50
379 169 51
380 154 55
381 161 49
382 163 52
383 158 56
384 155 57
385 169 62
386 156 62
387 161 52
388 158 51
389 214 183
390 215 180
391 215 175
392 208 181
393 210 174
394 210 185
395 220 171
396 220 177
397 215 184
398 206 180
399 212 173
400 217 181
401 216 182
402 212 176
403 216 185
404 210 179
405 208 180
406 215 173
407 208 174
408 214 175
409 210 175
410 206 181
411 215 180
412 206 174
413 209 174
414 210 184
415 216 175
416 211 171
417 206 175
418 216 170
419 211 14
420 216 22
421 211 20
422 213 17
423 219 14
424 210 19
425 218 13
426 206 19
427 217 13
428 217 15
429 211 21
430 216 14
431 211 26
432 212 15
433 215 18
434 209 25
435 219 23
436 219 12
437 211 12
438 213 19
439 209 23
440 207 24
441 213 15
442 217 22
443 211 27
444 206 14
445 219 20
446 208 14
447 215 14
448 213 26
449 157 47
450 153 39
451 153 31
452 156 44
453 169 28
454 162 38
455 162 39
456 158 39
457 167 36
458 155 42
459 154 46
460 157 40
461 155 31
462 156 34
463 157 30
464 157 39
465 169 31
466 160 44
467 160 28
468 160 42
469 156 35
470 169 43
471 160 47
472 163 36
473 167 35
474 168 32
475 158 41
476 168 45
477 164 30
478 169 31
479 11 217
480 6 212
481 6 216
482 11 208
483 7 217
484 6 212
485 1 207
486 8 211
487 11 214
488 11 212
489 1 220
490 6 210
491 4 210
492 9 210
493 7 211
494 10 220
495 10 208
496 7 206
497 9 216
498 10 211
499 7 216
500 6 213
501 8 218
502 0 216
503 6 210
504 0 216
505 6 220
506 4 212
507 1 213
508 11 214
509 14 19
510 13 25
511 22 12
512 12 18
513 14 27
514 16 13
515 25 19
516 15 21
517 20 14
518 27 15
519 16 21
520 14 18
521 23 20
522 21 23
523 25 13
524 19 13
525 21 23
526 27 12
527 15 14
528 36 215
529 47 220
530 33 215
531 44 212
532 36 220
533 43 214
534 47 220
535 28 209
536 32 206
537 44 208
538 32 220
539 31 208
540 34 206
541 32 207
542 28 211
543 33 218
544 33 220
545 31 213
546 40 213
547 43 220
548 34 206
549 45 212
550 31 213
551 28 213
552 36 217
553 38 209
554 42 210
555 30 216
556 30 208
557 37 217
558 113 51
559 110 61
560 112 57
561 107 51
562 106 57
563 111 63
564 109 62
565 104 49
566 117 60
567 117 55
568 102 57
569 111 55
570 99 50
571 102 61
572 116 61
573 107 60
574 109 50
575 104 52
576 101 63
577 110 58
578 101 57
579 101 53
580 110 61
581 111 48
582 101 62
583 105 58
584 110 59
585 104 51
586 101 53
587 108 58
588 5 126
589 0 128
590 9 135
591 10 127
592 4 134
593 7 134
594 4 123
595 3 124
596 9 126
597 3 120
598 11 134
599 9 122
600 10 135
601 8 130
602 5 127
603 9 123
604 8 119
605 9 124
606 0 126
607 4 122
608 2 124
609 1 121
610 1 124
611 4 119
612 4 133
613 8 119
614 11 134
615 8 129
616 9 129
617 4 119
618 148 47
619 146 35
620 149 34
621 149 29
622 149 45
623 152 33
624 142 47
625 140 43
626 150 35
627 149 37
628 141 44
629 138 42
630 140 46
631 151 36
632 151 35
633 145 45
634 149 47
635 137 32
636 137 44
637 140 40
638 136 28
639 144 40
640 152 44
641 146 47
642 149 30
643 145 39
644 141 47
645 146 42
646 141 40
647 150 34
648 130 105
649 127 115
650 123 117
651 129 102
652 125 103
653 119 116
654 135 112
655 135 113
656 131 101
657 127 109
658 121 104
659 125 115
660 123 106
661 128 110
662 124 115
663 120 107
664 119 103
665 134 111
666 131 115
667 121 104
668 120 114
669 121 110
670 126 101
671 130 102
672 118 102
673 122 99
674 124 104
675 134 110
676 135 115
677 120 99
678 189 76
679 195 79
680 196 68
681 197 69
682 194 77
683 188 81
684 201 68
685 205 77
686 198 65
687 205 77
688 191 78
689 196 74
690 195 66
691 187 64
692 193 77
693 201 71
694 195 79
695 188 67
696 199 66
697 190 77
698 191 80
699 196 75
700 192 70
701 191 73
702 201 64
703 198 69
704 200 76
705 189 71
706 190 71
707 195 81
708 96 209
709 94 217
710 87 220
711 88 209
712 90 217
713 97 209
714 83 217
715 89 208
716 84 207
717 95 218
718 82 215
719 88 218
720 90 210
721 95 211
722 97 219
723 90 217
724 94 209
725 83 213
726 92 207
727 97 209
728 96 212
729 86 214
730 89 217
731 86 214
732 98 214
733 96 215
734 94 213
735 93 217
736 97 215
737 93 217
738 50 113
739 48 112
740 57 115
741 53 101
742 61 102
743 60 108
744 61 112
745 63 109
746 59 109
747 62 100
748 56 112
749 59 113
750 63 112
751 62 112
752 60 103
753 58 112
754 48 100
755 53 116
756 48 112
757 57 102
758 53 114
759 57 105
760 56 106
761 52 104
762 52 117
763 60 101
764 58 116
765 59 113
766 52 111
767 58 117
768 185 53
769 172 63
770 177 52
771 170 55
772 175 56
773 185 60
774 171 57
775 173 51
776 185 55
777 185 63
778 181 55
779 184 57
780 179 50
781 170 57
782 171 55
783 175 53
784 183 49
785 178 54
786 171 53
787 183 57
788 184 50
789 173 62
790 180 55
791 175 49
792 176 53
793 171 57
794 171 51
795 176 56
796 182 53
797 177 61
798 63 54
799 62 49
800 62 60
801 61 49
802 51 63
803 56 54
804 59 50
805 62 60
806 63 49
807 56 50
808 49 56
809 55 50
810 54 51
811 51 63
812 207 151
813 217 148
814 207 146
815 207 146
816 212 138
817 206 151
818 218 140
819 217 137
820 219 142
821 208 144
822 211 149
823 212 143
824 211 145
825 208 151
826 214 143
827 209 151
828 209 150
829 210 146
830 206 142
831 219 147
832 212 149
833 211 136
834 208 138
835 208 145
836 211 142
837 219 140
838 218 147
839 219 140
840 212 147
841 213 137
842 62 139
843 62 150
844 60 148
845 57 141
846 57 151
847 51 149
848 51 151
849 60 136
850 48 140
851 58 142
852 48 149
853 50 137
854 58 151
855 59 140
856 48 137
857 58 150
858 57 143
859 50 140
860 54 143
861 57 137
862 62 138
863 54 144
864 58 143
865 59 150
866 62 147
867 54 149
868 53 137
869 59 148
870 51 144
871 61 152
872 57 94
873 50 92
874 51 96
875 60 98
876 61 82
877 57 84
878 57 95
879 53 85
880 57 97
881 61 97
882 56 82
883 56 88
884 51 98
885 59 90
886 61 92
887 48 87
888 49 83
889 49 91
890 53 86
891 58 84
892 61 93
893 51 90
894 52 90
895 55 90
896 50 84
897 51 91
898 49 91
899 49 93
900 51 98
901 57 91
902 32 28
903 47 42
904 42 40
905 41 32
906 37 40
907 38 31
908 32 40
909 33 38
910 47 42
911 33 37
912 33 30
913 36 35
914 46 41
915 46 44
916 40 41
917 36 31
918 46 37
919 34 40
920 32 45
921 45 41
922 28 33
923 35 36
924 38 36
925 147 39
926 139 34
927 148 39
928 138 33
929 151 46
930 137 37
931 143 42
932 143 30
933 152 32
934 147 38
935 151 30
936 145 39
937 151 34
938 148 37
939 137 34
940 148 35
941 141 31
942 143 28
943 150 30
944 152 33
945 147 28
946 143 40
947 150 30
948 138 39
949 136 41
950 139 34
951 137 35
952 151 30
953 147 32
954 146 35
955 2 43
956 7 30
957 9 39
958 4 44
959 5 47
960 2 43
961 7 43
962 7 42
963 9 33
964 8 35
965 7 45
966 3 29
967 6 44
968 4 45
969 5 37
970 1 37
971 6 32
972 11 39
973 0 46
974 8 43
975 9 34
976 2 45
977 6 36
978 11 41
979 0 35
980 10 33
981 11 44
982 145 156
983 138 163
984 138 163
985 142 164
986 149 166
987 138 153
988 146 169
989 144 160
990 148 160
991 138 154
992 150 154
993 145 162
994 137 155
995 150 163
996 148 163
997 145 153
998 151 164
999 151 165
1000 140 164
1001 149 163
1002 146 160
1003 151 165
1004 139 166
1005 141 162
1006 149 159
1007 138 159
1008 148 163
1009 152 159
1010 150 165
1011 145 166
1012 207 75
1013 207 70
1014 220 74
1015 220 68
1016 218 79
1017 220 73
1018 214 81
1019 220 80
1020 219 66
1021 213 80
1022 211 77
1023 207 77
1024 214 76
1025 212 77
1026 219 65
1027 214 80
1028 213 77
1029 206 73
1030 214 78
1031 215 66
1032 220 69
1033 219 67
1034 216 67
1035 218 70
1036 220 73
1037 216 70
1038 214 68
1039 220 65
1040 207 66
1041 218 76
1042 138 101
1043 146 105
1044 139 102
1045 137 115
1046 137 110
1047 143 106
1048 145 101
1049 147 99
1050 148 116
1051 150 106
1052 138 114
1053 145 116
1054 143 112
1055 141 102
1056 143 101
1057 140 108
1058 138 108
1059 152 115
1060 149 107
1061 149 104
1062 141 102
1063 148 117
1064 139 117
1065 136 99
1066 138 111
1067 150 105
1068 146 113
1069 138 103
1070 149 105
1071 139 116
1072 217 210
1073 210 211
1074 218 212
1075 219 206
1076 210 216
1077 217 212
1078 217 206
1079 218 212
1080 211 216
1081 218 211
1082 211 206
1083 214 216
1084 216 214
1085 215 216
1086 123 9
1087 130 0
1088 120 8
1089 119 1
1090 118 9
1091 126 1
1092 132 1
1093 134 5
1094 118 4
1095 122 2
1096 126 3
1097 128 2
1098 132 10
1099 129 8
1100 123 3
1101 125 6
1102 118 11
1103 122 7
1104 130 10
1105 135 8
1106 133 9
1107 122 10
1108 129 9
1109 134 3
1110 128 0
1111 123 8
1112 127 4
1113 125 10
1114 135 6
1115 132 4
1116 164 147
1117 154 150
1118 161 143
1119 168 146
1120 154 141
1121 160 139
1122 168 141
1123 153 140
1124 154 151
1125 155 138
1126 164 145
1127 163 149
1128 164 141
1129 164 149
1130 153 151
1131 154 141
1132 158 145
1133 163 151
1134 164 141
1135 154 150
1136 167 144
1137 169 143
1138 154 142
1139 161 147
1140 156 139
1141 165 143
1142 159 136
1143 168 149
1144 169 148
1145 160 137
1146 31 88
1147 44 90
1148 39 90
1149 36 98
1150 33 98
1151 30 93
1152 35 95
1153 39 85
1154 44 89
1155 35 93
1156 46 96
1157 37 90
1158 46 82
1159 33 85
1160 32 83
1161 34 85
1162 42 92
1163 42 94
1164 34 90
1165 34 94
1166 28 93
1167 40 98
1168 38 84
1169 43 98
1170 31 89
1171 31 94
1172 29 85
1173 32 85
1174 32 87
1175 28 88
1176 61 91
1177 62 86
1178 57 88
1179 62 87
1180 61 93
1181 52 95
1182 58 96
1183 61 93
1184 51 98
1185 50 90
1186 52 86
1187 57 91
1188 50 97
1189 48 88
1190 63 87
1191 57 88
1192 61 92
1193 63 96
1194 56 86
1195 51 90
1196 58 96
1197 62 91
1198 56 93
1199 55 87
1200 58 95
1201 54 82
1202 56 95
1203 54 91
1204 58 89
1205 59 85
1206 0 64
1207 1 64
1208 10 72
1209 8 81
1210 10 69
1211 3 66
1212 10 79
1213 1 69
1214 3 68
1215 1 77
1216 3 70
1217 1 78
1218 4 80
1219 8 79
1220 3 75
1221 6 80
1222 3 65
1223 1 81
1224 10 79
1225 0 68
1226 0 69
1227 5 77
1228 4 70
1229 6 71
1230 2 71
1231 0 76
1232 6 74
1233 4 64
1234 5 65
1235 3 71
1236 215 32
1237 214 31
1238 210 38
1239 211 43
1240 219 35
1241 206 41
1242 207 44
1243 212 37
1244 212 47
1245 206 28
1246 220 41
1247 218 29
1248 211 40
1249 210 32
1250 215 34
1251 216 35
1252 210 31
1253 219 32
1254 220 33
1255 216 36
1256 215 47
1257 211 44
1258 214 30
1259 220 32
1260 208 33
1261 214 37
1262 209 33
1263 219 42
1264 209 31
1265 208 47
1266 158 116
1267 169 115
1268 165 105
1269 167 111
1270 164 105
1271 160 112
1272 155 107
1273 163 105
1274 167 115
1275 153 109
1276 155 100
1277 164 114
1278 158 117
1279 158 117
1280 156 106
1281 163 109
1282 166 103
1283 160 112
1284 167 112
1285 156 112
1286 156 99
1287 161 103
1288 157 99
1289 168 110
1290 168 111
1291 154 102
1292 162 105
1293 155 110
1294 169 107
1295 159 104
1296 193 164
1297 196 153
1298 192 169
1299 199 164
1300 201 165
1301 187 168
1302 191 168
1303 193 167
1304 199 160
1305 201 154
1306 187 162
1307 193 166
1308 194 167
1309 190 160
1310 199 157
1311 191 154
1312 194 155
1313 188 160
1314 191 165
1315 203 167
1316 190 156
1317 199 169
1318 190 168
1319 200 153
1320 203 164
1321 195 168
1322 198 160
1323 192 154
1324 204 163
1325 195 160
1326 164 9
1327 161 1
1328 160 1
1329 157 0
1330 153 1
1331 162 2
1332 164 6
1333 159 8
1334 155 0
1335 158 9
1336 153 11
1337 154 4
1338 168 9
1339 155 8
1340 155 5
1341 157 7
1342 154 8
1343 158 11
1344 154 9
1345 164 0
1346 163 4
1347 166 7
1348 154 8
1349 166 7
1350 158 2
1351 162 2
1352 162 4
1353 4 16
1354 11 22
1355 0 22
1356 3 21
1357 11 21
1358 3 14
1359 1 15
1360 11 22
1361 3 17
1362 4 27
1363 8 24
1364 8 27
1365 10 23
1366 0 24
1367 4 19
1368 9 23
1369 2 18
1370 11 22
1371 0 12
1372 8 17
1373 6 20
1374 1 22
1375 11 22
1376 7 25
1377 0 24
1378 3 18
1379 1 27
1380 109 131
1381 101 124
1382 100 120
1383 116 127
1384 111 128
1385 113 133
1386 110 132
1387 102 131
1388 110 121
1389 101 132
1390 111 125
1391 108 125
1392 114 124
1393 104 128
1394 113 123
1395 116 120
1396 111 124
1397 109 133
1398 108 119
1399 111 120
1400 112 133
1401 115 124
1402 107 123
1403 111 123
1404 111 121
1405 111 123
1406 113 124
1407 117 125
1408 114 131
1409 100 128
1410 206 61
1411 213 49
1412 210 49
1413 208 49
1414 212 54
1415 206 49
1416 206 50
1417 210 60
1418 211 49
1419 210 55
1420 215 54
1421 217 48
1422 212 55
1423 219 49
1424 206 62
1425 207 52
1426 214 48
1427 220 52
1428 213 49
1429 207 60
1430 213 57
1431 216 56
1432 216 58
1433 207 56
1434 210 56
1435 214 51
1436 208 61
1437 211 52
1438 216 51
1439 219 54
1440 203 102
1441 193 117
1442 189 106
1443 190 108
1444 193 114
1445 193 117
1446 188 115
1447 189 108
1448 202 108
1449 191 103
1450 192 110
1451 199 113
1452 187 107
1453 190 99
1454 194 105
1455 190 101
1456 204 102
1457 202 111
1458 203 108
1459 203 100
1460 188 106
1461 195 107
1462 189 115
1463 186 114
1464 197 108
1465 205 101
1466 188 109
1467 197 117
1468 187 112
1469 204 111
1470 111 54
1471 107 52
1472 99 53
1473 109 57
1474 100 52
1475 111 63
1476 102 61
1477 101 54
1478 100 62
1479 111 50
1480 105 54
1481 108 55
1482 110 51
1483 103 54
1484 114 59
1485 107 61
1486 100 57
1487 114 50
1488 108 51
1489 110 49
1490 107 61
1491 103 49
1492 116 57
1493 102 60
1494 102 57
1495 113 51
1496 109 58
1497 113 62
1498 103 62
1499 116 60
1500 52 208
1501 63 210
1502 57 210
1503 59 220
1504 49 207
1505 56 217
1506 56 214
1507 62 211
1508 48 213
1509 50 215
1510 57 219
1511 55 207
1512 63 209
1513 55 217
1514 57 209
1515 50 220
1516 57 218
1517 55 215
1518 63 220
1519 49 206
1520 50 211
1521 52 214
1522 63 217
1523 54 213
1524 63 213
1525 60 206
1526 63 220
1527 57 214
1528 63 210
1529 49 213
1530 155 196
1531 157 197
1532 163 199
1533 163 190
1534 163 186
1535 164 198
1536 161 198
1537 166 196
1538 156 196
1539 164 204
1540 167 190
1541 155 204
1542 157 195
1543 169 188
1544 161 193
1545 153 187
1546 162 203
1547 158 190
1548 161 200
1549 160 190
1550 159 189
1551 168 205
1552 160 188
1553 161 201
1554 162 189
1555 159 199
1556 166 200
1557 166 203
1558 161 189
1559 165 197
1560 106 193
1561 116 194
1562 108 200
1563 111 199
1564 111 202
1565 99 203
1566 117 187
1567 106 186
1568 106 191
1569 104 190
1570 108 205
1571 106 194
1572 103 190
1573 102 203
1574 112 200
1575 103 192
1576 106 188
1577 101 202
1578 112 186
1579 115 200
1580 111 200
1581 112 186
1582 101 205
1583 105 190
1584 101 201
1585 100 189
1586 111 186
1587 110 187
1588 112 189
1589 99 203
1590 156 158
1591 157 161
1592 163 165
1593 155 158
1594 162 169
1595 167 161
1596 160 157
1597 168 155
1598 166 168
1599 168 154
1600 164 169
1601 161 157
1602 164 156
1603 160 162
1604 154 164
1605 161 167
1606 88 181
1607 88 176
1608 94 178
1609 83 179
1610 86 185
1611 84 176
1612 84 179
1613 85 175
1614 87 180
1615 83 181
1616 97 175
1617 83 177
1618 97 174
1619 86 182
1620 85 180
1621 83 184
1622 96 176
1623 83 185
1624 92 174
1625 94 182
1626 86 184
1627 92 175
1628 92 178
1629 97 174
1630 91 177
1631 87 182
1632 94 180
1633 98 181
1634 88 170
1635 84 178
1636 125 117
1637 134 115
1638 133 113
1639 132 103
1640 135 106
1641 122 101
1642 130 102
1643 127 113
1644 129 116
1645 121 111
1646 134 113
1647 129 109
1648 123 105
1649 120 114
1650 123 115
1651 132 115
1652 128 101
1653 124 117
1654 120 103
1655 125 100
1656 118 112
1657 123 104
1658 121 100
1659 126 100
1660 133 115
1661 130 104
1662 128 102
1663 132 110
1664 119 116
1665 121 101
1666 88 196
1667 88 187
1668 83 188
1669 84 194
1670 84 193
1671 85 189
1672 89 195
1673 86 203
1674 90 200
1675 94 203
1676 94 193
1677 98 187
1678 92 196
1679 84 187
1680 85 188
1681 96 200
1682 88 189
1683 93 198
1684 82 196
1685 97 187
1686 86 205
1687 86 205
1688 83 203
1689 83 198
1690 85 189
1691 88 196
1692 98 200
1693 97 186
1694 83 192
1695 87 191
1696 69 171
1697 66 182
1698 73 181
1699 72 184
1700 73 176
1701 71 182
1702 67 177
1703 71 174
1704 78 183
1705 71 172
1706 65 172
1707 72 177
1708 81 176
1709 75 170
1710 71 172
1711 64 176
1712 80 177
1713 80 173
1714 70 174
1715 64 170
1716 67 172
1717 79 172
1718 64 185
1719 76 175
1720 64 184
1721 69 172
1722 64 177
1723 76 176
1724 67 177
1725 77 173
1726 178 185
1727 183 178
1728 182 176
1729 184 174
1730 180 174
1731 178 180
1732 174 176
1733 180 178
1734 180 176
1735 182 178
1736 182 178
1737 184 173
1738 182 171
1739 179 174
1740 183 177
1741 183 176
1742 178 180
1743 177 175
1744 176 171
1745 182 184
1746 24 110
1747 21 116
1748 12 109
1749 20 99
1750 23 105
1751 16 104
1752 13 100
1753 12 109
1754 20 110
1755 13 116
1756 23 113
1757 17 109
1758 16 110
1759 26 108
1760 16 104
1761 19 113
1762 21 109
1763 24 103
1764 26 102
1765 16 112
1766 24 109
1767 23 116
1768 21 102
1769 21 116
1770 25 105
1771 23 114
1772 24 107
1773 17 105
1774 24 104
1775 15 110
1776 63 140
1777 50 140
1778 58 138
1779 61 148
1780 60 137
1781 53 139
1782 57 148
1783 50 149
1784 51 144
1785 63 140
1786 54 146
1787 55 147
1788 50 143
1789 63 141
1790 49 148
1791 62 149
1792 52 147
1793 58 148
1794 61 150
1795 61 152
1796 61 141
1797 58 139
1798 59 141
1799 49 149
1800 56 152
1801 49 145
1802 48 150
1803 50 151
1804 51 136
1805 57 144
1806 166 147
1807 161 140
1808 165 146
1809 168 136
1810 160 138
1811 168 145
1812 166 145
1813 167 148
1814 169 137
1815 169 145
1816 168 148
1817 164 139
1818 161 149
1819 167 141
1820 153 138
1821 162 148
1822 163 142
1823 168 138
1824 164 146
1825 167 142
1826 164 138
1827 154 147
1828 164 146
1829 159 141
1830 160 145
1831 168 142
1832 154 138
1833 167 150
1834 167 142
1835 169 152
1836 94 203
1837 91 200
1838 88 186
1839 97 196
1840 92 202
1841 84 193
1842 87 188
1843 97 199
1844 95 194
1845 98 197
1846 87 201
1847 92 192
1848 97 186
1849 92 198
1850 86 205
1851 83 203
1852 93 191
1853 86 188
1854 86 186
1855 94 194
1856 98 199
1857 87 192
1858 92 205
1859 83 196
1860 86 193
1861 96 190
1862 92 187
1863 95 203
1864 84 201
1865 90 205
1866 159 62
1867 160 50
1868 155 59
1869 165 59
1870 158 56
1871 154 50
1872 161 53
1873 163 50
1874 161 53
1875 159 60
1876 161 56
1877 162 50
1878 158 55
1879 167 48
1880 158 58
1881 162 60
1882 159 58
1883 153 62
1884 153 51
1885 157 51
1886 153 49
1887 167 57
1888 163 61
1889 162 51
1890 162 53
1891 154 61
1892 165 51
1893 168 58
1894 154 51
1895 168 55
1896 3 92
1897 8 86
1898 4 90
1899 5 88
1900 6 92
1901 5 85
1902 1 98
1903 10 97
1904 4 91
1905 4 92
1906 4 83
1907 2 88
1908 4 82
1909 1 98
1910 6 89
1911 11 96
1912 5 94
1913 5 95
1914 7 90
1915 8 82
1916 2 91
1917 2 83
1918 5 95
1919 0 87
1920 2 97
1921 4 97
1922 4 86
1923 6 88
1924 9 86
1925 56 196
1926 60 201
1927 54 189
1928 53 193
1929 63 186
1930 49 186
1931 60 202
1932 49 196
1933 58 190
1934 61 190
1935 58 195
1936 48 204
1937 58 188
1938 53 205
1939 49 201
1940 59 191
1941 54 192
1942 58 192
1943 51 193
1944 49 200
1945 54 199
1946 49 200
1947 58 186
1948 61 187
1949 56 200
1950 56 200
1951 58 196
1952 54 199
1953 52 201
1954 48 201
1955 2 172
1956 3 176
1957 8 180
1958 9 171
1959 10 178
1960 11 183
1961 3 173
1962 9 177
1963 5 173
1964 7 171
1965 2 176
1966 6 181
1967 0 176
1968 3 183
1969 9 180
1970 7 180
1971 5 179
1972 7 173
1973 5 178
1974 7 177
1975 5 175
1976 6 181
1977 8 174
1978 4 172
1979 7 178
1980 1 184
1981 10 185
1982 6 177
1983 10 184
1984 2 173
1985 3 17
1986 9 18
1987 0 21
1988 5 12
1989 8 25
1990 8 13
1991 6 24
1992 0 12
1993 7 15
1994 9 25
1995 11 26
1996 5 18
1997 0 22
1998 10 14
1999 1 22
2000 6 16
2001 9 22
2002 6 26
2003 3 21
2004 4 25
2005 6 16
2006 8 25
2007 9 21
2008 7 27
2009 3 15
2010 5 24
2011 1 19
2012 0 19
2013 71 102
2014 77 107
2015 71 105
2016 68 104
2017 78 101
2018 76 117
2019 71 99
2020 76 108
2021 68 113
2022 69 99
2023 81 103
2024 74 117
2025 64 102
2026 70 113
2027 73 99
2028 67 109
2029 69 102
2030 77 103
2031 72 116
2032 73 109
2033 81 115
2034 66 116
2035 75 108
2036 77 111
2037 65 114
2038 72 113
2039 73 110
2040 76 109
2041 75 112
2042 81 101
2043 113 80
2044 111 67
2045 106 64
2046 116 64
2047 102 76
2048 100 67
2049 103 65
2050 99 64
2051 103 74
2052 112 78
2053 116 73
2054 99 70
2055 107 81
2056 111 69
2057 100 75
2058 111 79
2059 113 81
2060 99 75
2061 107 68
2062 114 65
2063 102 74
2064 102 75
2065 111 69
2066 109 71
2067 99 78
2068 111 80
2069 111 65
2070 102 75
2071 107 74
2072 104 78
2073 65 9
2074 70 0
2075 77 8
2076 74 8
2077 81 1
2078 80 3
2079 74 4
2080 80 2
2081 73 10
2082 66 6
2083 66 7
2084 64 8
2085 80 4
2086 81 6
2087 73 0
2088 70 9
2089 77 1
2090 75 8
2091 64 11
2092 74 1
2093 70 11
2094 70 10
2095 68 5
2096 79 8
2097 80 3
2098 68 2
2099 79 0
2100 137 196
2101 146 186
2102 139 190
2103 139 200
2104 149 204
2105 140 205
2106 150 193
2107 136 201
2108 144 188
2109 142 186
2110 147 193
2111 152 198
2112 144 195
2113 136 191
2114 143 198
2115 147 200
2116 145 192
2117 136 195
2118 143 187
2119 146 204
2120 146 205
2121 147 189
2122 141 198
2123 149 205
2124 151 189
2125 137 193
2126 148 194
2127 145 189
2128 148 203
2129 152 197
2130 167 3
2131 153 0
2132 156 0
2133 166 2
2134 163 0
2135 166 0
2136 165 4
2137 166 1
2138 165 10
2139 166 6
2140 155 8
2141 166 0
2142 160 10
2143 159 6
2144 154 3
2145 156 0
2146 157 9
2147 164 4
2148 168 4
2149 160 1
2150 164 8
2151 153 8
2152 161 10
2153 165 4
2154 162 11
2155 169 3
2156 163 6
2157 155 9
2158 169 9
2159 121 69
2160 123 64
2161 121 72
2162 122 67
2163 132 71
2164 134 71
2165 125 64
2166 122 71
2167 132 70
2168 121 73
2169 134 80
2170 118 71
2171 130 66
2172 118 65
2173 123 80
2174 128 67
2175 132 70
2176 123 64
2177 120 78
2178 131 74
2179 134 71
2180 122 67
2181 125 80
2182 135 76
2183 126 71
2184 124 67
2185 135 66
2186 134 71
2187 128 67
2188 128 71
2189 75 217
2190 78 208
2191 66 216
2192 68 213
2193 70 211
2194 70 219
2195 76 215
2196 71 206
2197 69 212
2198 78 216
2199 64 216
2200 64 217
2201 71 214
2202 77 212
2203 81 208
2204 80 208
2205 66 216
2206 76 218
2207 64 206
2208 75 208
2209 75 220
2210 77 220
2211 67 212
2212 81 215
2213 72 212
2214 73 211
2215 64 206
2216 68 207
2217 66 208
2218 75 210
2219 122 206
2220 127 209
2221 126 210
2222 132 216
2223 122 208
2224 120 216
2225 127 209
2226 129 217
2227 134 212
2228 123 217
2229 121 211
2230 119 219
2231 123 207
2232 135 219
2233 131 217
2234 130 214
2235 124 214
2236 127 206
2237 133 219
2238 119 216
2239 130 207
2240 135 219
2241 121 210
2242 120 219
2243 122 215
2244 121 220
2245 123 218
2246 128 219
2247 132 219
2248 123 216
2249 29 193
2250 39 196
2251 29 188
2252 34 200
2253 31 195
2254 47 188
2255 38 202
2256 47 191
2257 38 198
2258 32 190
2259 33 187
2260 33 201
2261 29 193
2262 34 193
2263 39 199
2264 43 200
2265 43 197
2266 45 198
2267 32 197
2268 43 204
2269 43 199
2270 41 197
2271 33 201
2272 47 199
2273 40 192
2274 42 204
2275 37 192
2276 36 196
2277 43 188
2278 42 195
2279 60 177
2280 51 178
2281 51 181
2282 55 170
2283 54 183
2284 52 183
2285 49 176
2286 53 185
2287 57 179
2288 50 176
2289 63 178
2290 51 177
2291 57 175
2292 55 181
2293 60 184
2294 54 175
2295 54 175
2296 61 172
2297 59 173
2298 61 175
2299 62 178
2300 50 177
2301 52 178
2302 60 181
2303 60 174
2304 54 172
2305 58 178
2306 49 181
2307 61 172
2308 54 178
2309 179 197
2310 181 200
2311 177 204
2312 185 199
2313 185 193
2314 180 205
2315 178 186
2316 174 197
2317 175 200
2318 172 187
2319 175 188
2320 185 193
2321 170 200
2322 184 200
2323 173 196
2324 179 198
2325 170 195
2326 174 198
2327 170 186
2328 170 203
2329 170 204
2330 172 186
2331 184 200
2332 175 189
2333 170 194
2334 182 200
2335 171 203
2336 176 190
2337 176 203
2338 177 190
2339 216 157
2340 220 156
2341 213 161
2342 217 164
2343 214 169
2344 220 165
2345 206 163
2346 211 154
2347 220 156
2348 216 165
2349 217 165
2350 219 163
2351 218 168
2352 220 158
2353 218 158
2354 216 156
2355 216 155
2356 211 162
2357 218 165
2358 209 168
2359 215 163
2360 212 167
2361 216 155
2362 211 161
2363 219 165
2364 220 163
2365 213 161
2366 210 158
2367 208 169
2368 217 159
2369 4 46
2370 0 38
2371 6 37
2372 7 29
2373 4 29
2374 4 46
2375 9 45
2376 1 28
2377 10 43
2378 3 36
2379 7 46
2380 10 35
2381 9 31
2382 9 46
2383 10 29
2384 10 39
2385 8 29
2386 9 39
2387 1 43
2388 4 47
2389 7 43
2390 9 47
2391 11 46
2392 10 37
2393 3 41
2394 10 42
2395 11 43
2396 7 41
2397 49 176
2398 50 170
2399 52 181
2400 53 177
2401 55 175
2402 56 177
2403 53 179
2404 55 180
2405 56 182
2406 54 184
2407 52 171
2408 58 185
2409 53 182
2410 54 181
2411 56 180
2412 49 173
2413 57 176
2414 54 184
2415 50 182
2416 62 182
2417 60 170
2418 55 181
2419 54 174
2420 62 175
2421 62 180
2422 49 182
2423 54 184
2424 57 178
2425 56 178
2426 49 180
2427 177 209
2428 173 215
2429 178 213
2430 181 215
2431 182 213
2432 179 215
2433 184 206
2434 185 217
2435 181 210
2436 176 219
2437 170 210
2438 171 211
2439 179 213
2440 172 207
2441 178 208
2442 181 211
2443 184 219
2444 182 219
2445 170 213
2446 184 210
2447 177 219
2448 178 214
2449 173 217
2450 178 217
2451 181 216
2452 185 219
2453 180 211
2454 173 208
2455 177 219
2456 180 219
2457 40 20
2458 42 16
2459 40 16
2460 30 21
2461 41 15
2462 41 12
2463 33 16
2464 46 16
2465 43 21
2466 28 23
2467 28 19
2468 42 13
2469 29 22
2470 42 19
2471 28 26
2472 37 26
2473 41 14
2474 35 22
2475 31 19
2476 31 24
2477 38 27
2478 43 27
2479 32 22
2480 37 22
2481 38 21
2482 32 18
2483 40 19
2484 29 27
2485 30 12
2486 32 20
2487 49 93
2488 62 88
2489 49 90
2490 51 93
2491 63 87
2492 52 84
2493 60 91
2494 51 98
2495 60 98
2496 55 96
2497 62 93
2498 61 87
2499 53 90
2500 53 95
2501 57 92
2502 52 85
2503 60 84
2504 60 90
2505 58 84
2506 59 84
2507 54 84
2508 59 91
2509 60 91
2510 57 88
2511 51 96
2512 52 87
2513 51 92
2514 62 97
2515 57 97
2516 52 82
2517 59 137
2518 62 139
2519 55 150
2520 53 151
2521 62 148
2522 56 138
2523 52 143
2524 55 137
2525 61 142
2526 61 141
2527 54 136
2528 52 148
2529 59 146
2530 57 146
2531 62 149
2532 60 147
2533 51 149
2534 55 140
2535 55 137
2536 63 138
2537 51 139
2538 54 139
2539 51 138
2540 51 141
2541 59 151
2542 63 147
2543 51 142
2544 57 140
2545 63 140
2546 54 136
2547 212 122
2548 211 129
2549 217 127
2550 216 128
2551 212 132
2552 212 130
2553 210 132
2554 209 119
2555 209 134
2556 211 129
2557 211 123
2558 209 135
2559 212 123
2560 208 132
2561 209 125
2562 211 130
2563 211 127
2564 211 129
2565 213 130
2566 218 134
2567 216 121
2568 217 134
2569 208 120
2570 211 127
2571 217 129
2572 212 119
2573 214 135
2574 209 120
2575 207 135
2576 207 130
2577 162 134
2578 158 125
2579 157 132
2580 165 126
2581 153 128
2582 160 135
2583 160 127
2584 165 122
2585 161 129
2586 158 118
2587 164 133
2588 162 131
2589 166 120
2590 158 129
2591 153 126
2592 161 132
2593 167 134
2594 153 121
2595 154 128
2596 157 128
2597 157 127
2598 157 133
2599 153 119
2600 169 119
2601 167 118
2602 158 126
2603 154 129
2604 164 133
2605 168 135
2606 159 130
2607 133 125
2608 130 132
2609 130 135
2610 133 119
2611 122 124
2612 125 127
2613 132 130
2614 129 126
2615 133 134
2616 125 126
2617 127 119
2618 132 121
2619 135 124
2620 121 133
2621 123 131
2622 121 131
2623 134 126
2624 135 125
2625 130 125
2626 124 133
2627 129 122
2628 122 134
2629 124 128
2630 54 29
2631 52 30
2632 58 30
2633 61 41
2634 51 42
2635 49 33
2636 51 31
2637 63 47
2638 63 30
2639 60 35
2640 55 35
2641 48 28
2642 57 34
2643 48 41
2644 48 47
2645 53 45
2646 63 30
2647 59 37
2648 54 34
2649 56 37
2650 54 28
2651 59 40
2652 63 29
2653 51 42
2654 50 40
2655 57 41
2656 61 46
2657 51 42
2658 58 38
2659 56 34
2660 135 139
2661 129 147
2662 131 136
2663 123 147
2664 129 142
2665 119 147
2666 135 143
2667 125 147
2668 132 136
2669 130 152
2670 133 144
2671 123 136
2672 125 149
2673 122 141
2674 119 144
2675 120 137
2676 119 147
2677 131 147
2678 125 142
2679 127 146
2680 130 148
2681 120 148
2682 120 146
2683 134 136
2684 122 143
2685 128 146
2686 123 138
2687 130 139
2688 119 138
2689 134 150
2690 116 9
2691 105 7
2692 109 2
2693 108 5
2694 107 11
2695 113 1
2696 107 6
2697 114 8
2698 105 1
2699 110 7
2700 106 4
2701 106 8
2702 113 6
2703 107 7
2704 112 2
2705 110 10
2706 106 7
2707 104 3
2708 100 10
2709 109 9
2710 114 7
2711 106 2
2712 109 6
2713 101 11
2714 113 7
2715 99 4
2716 111 10
2717 109 10
2718 102 4
2719 116 1
2720 90 52
2721 97 57
2722 84 52
2723 93 49
2724 89 59
2725 85 54
2726 84 58
2727 82 48
2728 83 61
2729 83 54
2730 87 61
2731 95 56
2732 94 49
2733 89 52
2734 84 63
2735 98 51
2736 85 48
2737 90 50
2738 83 61
2739 98 60
2740 86 55
2741 85 59
2742 86 63
2743 87 49
2744 98 56
2745 86 56
2746 84 63
2747 96 52
2748 89 53
2749 82 49
2750 217 140
2751 215 151
2752 212 140
2753 214 147
2754 207 141
2755 220 138
2756 212 141
2757 218 151
2758 209 142
2759 220 137
2760 216 137
2761 214 149
2762 209 138
2763 213 144
2764 211 148
2765 220 138
2766 217 151
2767 212 146
2768 206 137
2769 207 148
2770 212 150
2771 206 140
2772 220 152
2773 213 140
2774 206 144
2775 213 144
2776 216 150
2777 218 146
2778 207 145
2779 206 144
2780 207 42
2781 208 37
2782 215 30
2783 220 33
2784 209 34
2785 209 46
2786 206 47
2787 209 45
2788 207 33
2789 214 41
2790 213 32
2791 208 47
2792 220 41
2793 208 41
2794 213 29
2795 206 41
2796 206 29
2797 209 46
2798 219 30
2799 211 35
2800 206 38
2801 206 45
2802 210 37
2803 215 38
2804 209 37
2805 217 46
2806 213 31
2807 216 28
2808 206 43
2809 211 40
2810 127 72
2811 123 81
2812 133 77
2813 124 75
2814 125 78
2815 134 70
2816 133 69
2817 123 71
2818 121 66
2819 123 68
2820 122 79
2821 118 74
2822 133 79
2823 126 80
2824 118 79
2825 125 80
2826 133 66
2827 123 73
2828 121 78
2829 118 65
2830 121 64
2831 121 77
2832 120 72
2833 133 81
2834 124 73
2835 132 79
2836 134 72
2837 119 71
2838 120 66
2839 128 71
2840 143 158
2841 142 168
2842 148 154
2843 145 153
2844 148 157
2845 141 165
2846 152 164
2847 151 165
2848 144 167
2849 152 164
2850 144 155
2851 143 153
2852 137 169
2853 147 167
2854 147 160
2855 136 162
2856 144 164
2857 141 168
2858 148 158
2859 138 153
2860 146 158
2861 136 162
2862 146 154
2863 150 167
2864 137 166
2865 144 164
2866 148 157
2867 136 162
2868 151 158
2869 137 158
