231 246 10 2921
0 3
1 8
2 8
3 6
4 8
5 7
6 4
7 9
8 8
9 5
10 5
11 7
12 4
13 3
14 3
15 3
16 5
17 3
18 3
19 4
20 3
21 4
22 3
23 3
24 4
25 6
26 3
27 5
28 4
29 4
30 3
31 3
32 3
33 3
34 3
35 3
36 3
37 6
38 3
39 4
40 3
41 3
42 4
43 5
44 5
45 3
46 5
47 4
48 3
49 3
50 3
51 3
52 4
53 5
54 3
55 3
56 4
57 3
58 3
59 3
60 3
61 3
62 3
63 3
64 4
65 4
66 4
67 6
68 4
69 3
70 4
71 3
72 3
73 3
74 5
75 3
76 3
77 3
78 3
79 3
80 3
81 3
82 3
83 3
84 3
85 3
86 6
87 3
88 3
89 3
90 3
91 4
92 3
93 3
94 3
95 3
96 3
97 3
98 3
99 3
100 3
101 4
102 3
103 3
104 3
105 4
106 4
107 4
108 6
109 5
110 4
111 3
112 3
113 4
114 5
115 4
116 4
117 3
118 5
119 3
120 3
121 5
122 4
123 3
124 4
125 4
126 3
127 3
128 3
129 3
130 3
131 3
132 3
133 6
134 3
135 3
136 3
137 3
138 6
139 3
140 3
141 3
142 3
143 3
144 3
145 3
146 3
147 3
148 3
149 3
150 4
151 3
152 3
153 3
154 4
155 3
156 4
157 3
158 3
159 4
160 3
161 3
162 4
163 3
164 3
165 3
166 3
167 3
168 3
169 4
170 3
171 3
172 3
173 3
174 4
175 3
176 3
177 5
178 3
179 3
180 4
181 3
182 3
183 3
184 3
185 3
186 3
187 3
188 3
189 3
190 4
191 4
192 3
193 3
194 3
195 5
196 4
197 3
198 4
199 3
200 3
201 5
202 3
203 3
204 3
205 3
206 3
207 3
208 5
209 5
210 3
211 3
212 3
213 3
214 3
215 5
216 3
217 6
218 3
219 4
220 3
221 3
222 3
223 3
224 3
225 3
226 3
227 3
228 3
229 3
230 3
0 0 8
1 0 9
2 0 10
3 1 2
4 1 3
5 1 4
6 1 5
7 1 8
8 1 27
9 1 180
10 2 4
11 2 5
12 2 7
13 2 8
14 2 116
15 2 164
16 3 7
17 3 8
18 3 11
19 3 64
20 4 7
21 4 8
22 4 12
23 4 215
24 5 7
25 5 10
26 5 11
27 5 44
28 5 133
29 6 8
30 6 10
31 6 11
32 6 84
33 7 9
34 7 10
35 7 11
36 7 101
37 7 200
38 9 11
39 10 149
40 12 13
41 13 21
42 14 15
43 15 25
44 16 20
45 16 22
46 16 24
47 17 26
48 18 21
49 19 23
50 19 25
51 19 26
52 21 25
53 24 25
54 27 31
55 27 38
56 28 34
57 28 42
58 29 38
59 29 42
60 30 39
61 32 40
62 33 37
63 35 43
64 36 37
65 37 40
66 37 41
67 37 42
68 37 43
69 39 43
70 44 46
71 44 56
72 45 52
73 46 50
74 46 57
75 47 51
76 47 62
77 48 55
78 49 63
79 51 55
80 51 60
81 52 59
82 53 58
83 53 61
84 53 57
85 54 60
86 56 63
87 59 60
88 61 62
89 64 80
90 64 65
91 65 78
92 66 69
93 66 78
94 67 71
95 67 68
96 67 72
97 67 76
98 68 73
99 68 81
100 70 77
101 70 72
102 74 78
103 74 75
104 74 83
105 75 76
106 77 82
107 79 83
108 84 98
109 84 100
110 85 92
111 86 87
112 86 90
113 86 91
114 86 95
115 86 96
116 88 94
117 89 93
118 89 91
119 91 94
120 92 96
121 92 100
122 95 97
123 96 99
124 101 109
125 102 110
126 103 108
127 104 108
128 105 113
129 105 109
130 106 112
131 106 108
132 107 109
133 107 115
134 108 113
135 110 114
136 111 114
137 114 115
138 116 117
139 116 121
140 117 119
141 118 126
142 118 124
143 118 127
144 120 122
145 120 130
146 120 131
147 121 127
148 121 132
149 122 128
150 123 124
151 124 125
152 125 129
153 125 131
154 133 141
155 133 135
156 133 142
157 133 138
158 134 138
159 135 139
160 135 144
161 136 142
162 137 147
163 138 143
164 138 148
165 140 145
166 142 146
167 145 147
168 145 148
169 149 162
170 150 157
171 150 158
172 150 162
173 150 159
174 151 156
175 152 155
176 153 159
177 153 163
178 154 156
179 154 160
180 154 161
181 154 163
182 155 157
183 164 178
184 165 171
185 165 174
186 166 177
187 166 179
188 167 177
189 168 173
190 168 176
191 169 170
192 169 174
193 172 173
194 174 177
195 175 176
196 175 177
197 176 178
198 180 197
199 180 191
200 181 184
201 182 187
202 182 199
203 183 196
204 183 198
205 184 190
206 184 191
207 185 194
208 185 193
209 186 196
210 187 191
211 188 190
212 189 195
213 190 195
214 190 198
215 192 196
216 193 195
217 200 202
218 201 210
219 201 209
220 201 213
221 202 207
222 203 208
223 204 209
224 205 212
225 206 211
226 207 209
227 208 212
228 208 209
229 211 214
230 213 214
231 215 218
232 215 229
233 215 217
234 216 220
235 216 225
236 217 225
237 217 226
238 217 230
239 219 221
240 219 228
241 219 226
242 221 227
243 222 224
244 222 227
245 223 229
0 50 20
1 57 23
2 58 16
3 51 24
4 55 15
5 50 15
6 57 18
7 50 16
8 49 13
9 50 26
10 49 22
11 44 22
12 57 23
13 49 14
14 53 16
15 52 26
16 61 23
17 62 16
18 57 22
19 51 23
20 45 12
21 62 22
22 58 22
23 51 22
24 45 25
25 57 21
26 45 17
27 57 20
28 60 16
29 63 19
30 53 42
31 47 43
32 59 27
33 55 30
34 63 43
35 49 32
36 55 39
37 53 41
38 50 36
39 50 28
40 51 40
41 61 40
42 55 29
43 54 28
44 57 38
45 60 36
46 55 29
47 45 37
48 62 27
49 60 39
50 57 36
51 49 38
52 59 32
53 45 37
54 51 36
55 55 35
56 59 35
57 63 27
58 57 27
59 63 32
60 1 50
61 0 63
62 11 54
63 11 46
64 6 59
65 2 62
66 3 45
67 7 48
68 6 46
69 8 59
70 2 49
71 6 61
72 5 47
73 2 56
74 10 60
75 9 49
76 11 54
77 1 61
78 10 60
79 7 56
80 7 49
81 3 62
82 6 57
83 0 62
84 0 56
85 2 57
86 3 63
87 0 47
88 2 55
89 215 143
90 227 144
91 215 140
92 225 143
93 215 145
94 227 140
95 225 137
96 224 147
97 215 147
98 219 135
99 227 134
100 219 142
101 217 133
102 215 140
103 223 138
104 218 137
105 226 143
106 216 142
107 221 146
108 217 135
109 220 146
110 216 147
111 215 138
112 226 144
113 222 137
114 215 146
115 222 140
116 229 134
117 219 140
118 216 142
119 157 177
120 153 174
121 151 175
122 152 168
123 157 168
124 150 178
125 153 168
126 160 176
127 151 169
128 163 169
129 149 176
130 158 168
131 156 175
132 159 166
133 161 167
134 157 171
135 158 176
136 159 164
137 156 172
138 162 177
139 157 172
140 151 174
141 152 168
142 152 168
143 156 170
144 153 177
145 154 174
146 153 170
147 154 170
148 157 173
149 171 69
150 164 64
151 174 81
152 176 64
153 169 69
154 173 79
155 167 79
156 179 83
157 169 66
158 179 77
159 165 83
160 165 75
161 170 75
162 167 68
163 179 78
164 176 81
165 166 66
166 168 73
167 178 73
168 169 81
169 168 73
170 175 83
171 178 70
172 176 71
173 179 80
174 179 78
175 166 77
176 171 71
177 175 76
178 174 67
179 73 215
180 80 221
181 83 218
182 66 228
183 64 218
184 77 226
185 64 218
186 75 218
187 80 230
188 75 226
189 69 226
190 64 220
191 72 225
192 77 221
193 68 229
194 64 221
195 79 225
196 77 220
197 65 223
198 83 230
199 70 218
200 71 224
201 66 223
202 78 223
203 74 221
204 68 216
205 76 216
206 67 225
207 71 216
208 79 230
209 74 42
210 75 29
211 77 34
212 70 30
213 76 34
214 83 37
215 81 27
216 76 30
217 80 39
218 76 37
219 69 42
220 83 43
221 80 43
222 68 30
223 64 40
224 83 39
225 78 38
226 72 40
227 83 32
228 76 32
229 71 27
230 78 33
231 65 27
232 68 33
233 69 29
234 77 39
235 72 42
236 78 43
237 83 42
238 74 27
239 190 158
240 189 149
241 188 153
242 194 153
243 196 149
244 196 162
245 191 160
246 196 150
247 192 150
248 194 153
249 181 150
250 187 154
251 193 154
252 183 150
253 184 155
254 196 161
255 199 161
256 191 149
257 187 152
258 194 152
259 188 160
260 187 160
261 196 153
262 180 152
263 195 162
264 185 158
265 188 159
266 188 149
267 198 150
268 184 159
269 139 98
270 142 84
271 141 100
272 147 84
273 143 92
274 134 99
275 134 93
276 133 86
277 147 97
278 140 88
279 135 94
280 143 95
281 148 98
282 143 99
283 147 98
284 135 87
285 146 96
286 135 96
287 140 92
288 146 90
289 143 86
290 136 99
291 133 99
292 140 88
293 142 100
294 142 95
295 137 97
296 137 97
297 136 88
298 146 90
299 59 152
300 60 157
301 49 155
302 52 153
303 50 152
304 51 155
305 63 154
306 55 156
307 62 160
308 59 155
309 49 151
310 49 156
311 52 154
312 46 150
313 48 161
314 57 159
315 54 149
316 61 154
317 47 160
318 62 156
319 55 150
320 53 160
321 49 157
322 44 157
323 57 150
324 48 151
325 48 159
326 63 160
327 57 163
328 47 151
329 133 163
330 135 152
331 145 149
332 135 154
333 145 160
334 138 156
335 144 149
336 146 160
337 137 159
338 134 162
339 145 153
340 144 151
341 134 161
342 137 153
343 145 149
344 142 157
345 141 152
346 137 150
347 134 149
348 134 161
349 135 161
350 135 159
351 140 150
352 136 150
353 148 157
354 140 150
355 145 161
356 133 162
357 140 150
358 146 153
359 139 138
360 144 136
361 139 145
362 145 135
363 134 141
364 139 141
365 136 139
366 137 133
367 141 143
368 136 138
369 146 139
370 143 146
371 138 139
372 140 139
373 140 146
374 136 143
375 143 146
376 79 172
377 83 179
378 70 170
379 68 172
380 78 171
381 74 177
382 77 179
383 74 173
384 67 168
385 73 178
386 80 166
387 82 176
388 65 174
389 75 179
390 64 164
391 80 179
392 82 169
393 67 173
394 76 170
395 75 165
396 82 178
397 78 177
398 68 176
399 83 167
400 82 174
401 80 164
402 70 167
403 81 165
404 72 175
405 71 166
406 135 108
407 138 103
408 136 112
409 148 102
410 145 111
411 148 113
412 141 101
413 147 110
414 141 113
415 145 109
416 144 109
417 133 111
418 148 115
419 141 111
420 142 110
421 143 111
422 147 114
423 145 115
424 133 111
425 146 115
426 136 107
427 143 111
428 146 111
429 143 107
430 143 101
431 136 112
432 143 102
433 140 103
434 143 112
435 137 113
436 47 214
437 56 211
438 45 203
439 47 200
440 51 200
441 57 206
442 62 211
443 53 211
444 62 213
445 47 200
446 49 203
447 48 205
448 45 207
449 46 210
450 52 202
451 59 208
452 60 203
453 56 203
454 53 202
455 44 203
456 61 206
457 53 200
458 61 204
459 57 213
460 47 211
461 49 200
462 47 211
463 59 201
464 52 207
465 44 203
466 55 208
467 53 201
468 61 204
469 59 205
470 62 211
471 55 200
472 49 205
473 51 203
474 63 205
475 47 212
476 57 203
477 51 209
478 58 214
479 58 210
480 59 213
481 45 207
482 48 211
483 56 212
484 61 200
485 54 214
486 52 203
487 45 212
488 62 203
489 56 209
490 49 207
491 56 213
492 48 207
493 50 201
494 48 211
495 63 200
496 130 168
497 122 174
498 130 177
499 131 167
500 119 170
501 116 167
502 130 165
503 117 165
504 126 173
505 116 173
506 126 172
507 125 177
508 131 175
509 127 176
510 118 164
511 121 179
512 130 176
513 116 170
514 131 178
515 122 165
516 117 175
517 127 176
518 127 164
519 120 171
520 132 166
521 125 176
522 122 173
523 131 168
524 126 166
525 118 166
526 31 211
527 35 211
528 36 213
529 35 214
530 31 207
531 31 213
532 34 200
533 42 208
534 30 212
535 39 209
536 31 201
537 34 212
538 36 204
539 40 203
540 29 203
541 36 208
542 28 201
543 38 205
544 33 205
545 29 202
546 28 211
547 32 204
548 28 210
549 33 212
550 29 209
551 38 205
552 29 203
553 35 209
554 37 210
555 40 202
556 129 53
557 130 51
558 122 50
559 125 53
560 125 49
561 130 63
562 117 48
563 123 54
564 116 62
565 116 46
566 123 44
567 131 59
568 120 57
569 125 59
570 117 60
571 129 59
572 120 49
573 120 59
574 117 45
575 126 55
576 121 47
577 129 50
578 120 57
579 129 48
580 116 55
581 119 58
582 122 50
583 127 45
584 131 58
585 132 46
586 22 215
587 15 218
588 18 216
589 17 215
590 17 229
591 19 219
592 23 224
593 13 227
594 18 223
595 18 220
596 18 227
597 20 223
598 24 227
599 12 222
600 25 219
601 18 216
602 20 224
603 17 222
604 14 228
605 24 221
606 18 220
607 12 217
608 15 223
609 18 226
610 23 220
611 24 222
612 20 227
613 18 228
614 180 162
615 193 152
616 199 155
617 191 161
618 189 150
619 180 162
620 197 162
621 199 163
622 189 160
623 185 159
624 181 160
625 180 157
626 190 153
627 196 155
628 195 163
629 183 157
630 181 150
631 195 153
632 180 152
633 199 152
634 181 158
635 183 155
636 189 156
637 196 156
638 191 163
639 192 155
640 183 155
641 199 162
642 190 158
643 196 151
644 12 48
645 13 47
646 15 48
647 20 47
648 26 53
649 16 44
650 25 57
651 23 57
652 21 57
653 21 56
654 23 55
655 20 63
656 22 61
657 16 49
658 19 54
659 13 54
660 22 54
661 15 63
662 17 59
663 25 51
664 22 57
665 23 46
666 24 45
667 25 52
668 18 55
669 20 51
670 24 59
671 23 57
672 12 56
673 23 49
674 114 37
675 115 28
676 105 43
677 104 28
678 111 29
679 112 39
680 112 35
681 105 35
682 113 39
683 102 42
684 115 43
685 106 38
686 111 36
687 108 28
688 107 39
689 107 31
690 101 30
691 101 40
692 115 35
693 106 39
694 108 35
695 111 30
696 109 42
697 110 31
698 105 43
699 101 34
700 108 43
701 113 43
702 105 36
703 103 37
704 58 1
705 49 1
706 58 2
707 47 2
708 49 11
709 59 3
710 52 1
711 62 10
712 45 10
713 63 1
714 51 9
715 58 4
716 58 4
717 51 3
718 60 11
719 45 8
720 46 8
721 46 11
722 54 9
723 60 0
724 59 3
725 52 3
726 48 4
727 52 10
728 60 1
729 47 3
730 45 3
731 58 5
732 47 3
733 201 182
734 207 183
735 210 197
736 208 196
737 206 191
738 211 186
739 213 183
740 211 181
741 213 192
742 201 197
743 212 198
744 201 186
745 204 199
746 209 184
747 210 180
748 212 192
749 203 192
750 210 188
751 214 180
752 200 187
753 207 182
754 213 191
755 210 192
756 214 192
757 200 185
758 204 196
759 213 191
760 204 181
761 209 193
762 209 183
763 18 189
764 23 194
765 23 189
766 13 193
767 16 198
768 21 182
769 17 190
770 24 191
771 15 187
772 19 182
773 23 193
774 18 180
775 23 192
776 18 189
777 14 185
778 23 191
779 21 188
780 15 183
781 19 195
782 19 184
783 15 187
784 24 193
785 14 180
786 15 185
787 15 181
788 23 186
789 20 193
790 12 190
791 17 189
792 14 186
793 145 37
794 139 35
795 135 39
796 133 42
797 146 27
798 143 41
799 145 43
800 138 36
801 141 28
802 148 38
803 147 31
804 142 29
805 133 28
806 137 41
807 146 39
808 143 37
809 144 33
810 148 34
811 136 33
812 139 39
813 141 36
814 136 39
815 134 35
816 141 39
817 144 32
818 137 30
819 142 39
820 141 39
821 136 43
822 137 42
823 200 84
824 212 88
825 204 90
826 206 91
827 214 95
828 211 98
829 205 93
830 210 87
831 206 89
832 210 99
833 213 90
834 200 99
835 213 88
836 209 90
837 210 91
838 212 84
839 202 99
840 200 94
841 212 85
842 213 84
843 209 85
844 207 90
845 204 96
846 202 86
847 203 90
848 208 98
849 214 92
850 209 97
851 201 91
852 211 95
853 109 104
854 109 112
855 111 108
856 114 109
857 111 109
858 107 112
859 101 108
860 108 107
861 112 103
862 101 112
863 104 102
864 102 109
865 104 112
866 114 106
867 113 101
868 111 104
869 114 104
870 108 111
871 102 104
872 111 102
873 102 106
874 110 107
875 106 101
876 101 111
877 107 102
878 109 114
879 80 225
880 64 221
881 67 225
882 76 228
883 66 218
884 77 218
885 76 215
886 65 230
887 68 223
888 70 228
889 71 230
890 83 215
891 74 226
892 80 222
893 76 226
894 76 222
895 67 230
896 81 226
897 73 230
898 77 230
899 68 220
900 70 219
901 83 215
902 75 217
903 65 222
904 76 219
905 69 225
906 65 226
907 66 225
908 79 218
909 174 95
910 176 99
911 175 86
912 176 92
913 173 89
914 170 91
915 170 85
916 174 97
917 167 85
918 176 86
919 168 91
920 174 100
921 179 97
922 171 95
923 176 85
924 179 97
925 170 98
926 174 95
927 179 86
928 174 100
929 170 86
930 173 88
931 171 91
932 177 96
933 169 88
934 174 97
935 164 90
936 178 94
937 166 92
938 166 95
939 115 229
940 111 225
941 102 218
942 105 219
943 112 227
944 109 228
945 109 218
946 102 220
947 101 217
948 111 216
949 105 226
950 105 221
951 102 224
952 101 219
953 115 217
954 105 224
955 106 229
956 115 221
957 105 228
958 103 226
959 101 230
960 107 219
961 110 217
962 101 227
963 107 221
964 109 219
965 103 220
966 107 215
967 109 218
968 114 228
969 198 5
970 197 2
971 192 8
972 186 8
973 181 2
974 183 4
975 194 6
976 183 9
977 196 4
978 183 8
979 180 9
980 181 2
981 183 6
982 192 6
983 199 3
984 193 8
985 181 5
986 182 2
987 198 1
988 194 3
989 192 9
990 184 3
991 196 10
992 191 4
993 190 5
994 192 3
995 192 4
996 189 9
997 92 144
998 100 146
999 98 148
1000 100 134
1001 86 137
1002 88 147
1003 84 148
1004 95 140
1005 88 136
1006 93 145
1007 88 138
1008 92 148
1009 91 143
1010 92 147
1011 85 138
1012 88 147
1013 99 137
1014 91 148
1015 100 147
1016 97 135
1017 85 143
1018 97 136
1019 96 144
1020 94 137
1021 86 135
1022 94 141
1023 92 139
1024 92 143
1025 98 141
1026 90 134
1027 154 137
1028 156 138
1029 153 141
1030 159 138
1031 151 134
1032 152 143
1033 157 136
1034 157 137
1035 152 145
1036 158 136
1037 159 145
1038 154 146
1039 159 138
1040 154 134
1041 150 137
1042 159 137
1043 158 138
1044 158 144
1045 157 138
1046 156 133
1047 158 144
1048 162 138
1049 160 142
1050 151 137
1051 149 142
1052 157 146
1053 156 144
1054 150 135
1055 160 133
1056 163 133
1057 152 172
1058 152 166
1059 155 173
1060 155 165
1061 163 168
1062 162 168
1063 158 178
1064 157 177
1065 161 170
1066 157 170
1067 154 166
1068 160 175
1069 160 176
1070 149 176
1071 155 171
1072 156 177
1073 161 178
1074 154 179
1075 160 167
1076 163 179
1077 158 173
1078 161 178
1079 163 173
1080 157 178
1081 160 172
1082 152 166
1083 154 179
1084 151 166
1085 158 174
1086 162 172
1087 84 229
1088 90 215
1089 96 218
1090 93 218
1091 89 226
1092 89 221
1093 90 223
1094 90 223
1095 99 220
1096 84 221
1097 84 228
1098 89 218
1099 100 215
1100 100 227
1101 90 222
1102 86 221
1103 89 218
1104 89 215
1105 98 217
1106 87 226
1107 88 217
1108 87 230
1109 95 218
1110 96 216
1111 95 216
1112 85 230
1113 86 220
1114 94 218
1115 89 223
1116 84 216
1117 117 130
1118 132 119
1119 116 131
1120 132 131
1121 128 117
1122 119 131
1123 125 127
1124 129 127
1125 120 127
1126 123 126
1127 132 117
1128 123 122
1129 130 126
1130 131 123
1131 132 129
1132 128 116
1133 122 123
1134 126 130
1135 130 118
1136 130 132
1137 61 226
1138 45 221
1139 52 228
1140 61 215
1141 61 219
1142 59 217
1143 48 225
1144 56 225
1145 52 221
1146 50 223
1147 57 217
1148 57 227
1149 49 228
1150 48 218
1151 46 227
1152 62 228
1153 52 228
1154 53 218
1155 59 223
1156 59 216
1157 60 228
1158 48 218
1159 48 223
1160 59 230
1161 55 218
1162 61 229
1163 60 216
1164 55 216
1165 51 228
1166 46 226
1167 165 114
1168 177 101
1169 167 105
1170 172 114
1171 175 107
1172 174 109
1173 177 112
1174 179 107
1175 177 108
1176 172 104
1177 167 102
1178 174 107
1179 170 115
1180 173 104
1181 177 107
1182 166 111
1183 178 114
1184 167 107
1185 165 112
1186 177 108
1187 169 105
1188 177 105
1189 166 113
1190 177 104
1191 173 104
1192 175 103
1193 164 103
1194 167 111
1195 179 107
1196 176 109
1197 3 129
1198 7 124
1199 1 123
1200 6 132
1201 0 124
1202 5 129
1203 7 119
1204 1 122
1205 0 124
1206 0 129
1207 4 118
1208 8 130
1209 11 122
1210 0 124
1211 10 128
1212 6 132
1213 7 120
1214 9 122
1215 9 132
1216 3 130
1217 4 119
1218 2 125
1219 9 123
1220 10 126
1221 9 116
1222 2 129
1223 6 116
1224 6 132
1225 6 121
1226 8 91
1227 2 96
1228 11 91
1229 3 87
1230 1 92
1231 9 100
1232 3 95
1233 7 92
1234 2 99
1235 0 85
1236 9 95
1237 3 84
1238 1 87
1239 9 87
1240 9 89
1241 0 96
1242 5 88
1243 5 88
1244 7 89
1245 7 91
1246 3 91
1247 10 99
1248 3 100
1249 4 89
1250 4 92
1251 9 99
1252 3 87
1253 4 94
1254 6 91
1255 23 159
1256 24 153
1257 15 155
1258 24 161
1259 17 153
1260 20 157
1261 16 158
1262 22 154
1263 26 160
1264 25 153
1265 24 162
1266 15 152
1267 24 161
1268 20 163
1269 20 159
1270 25 161
1271 16 155
1272 15 161
1273 22 161
1274 18 159
1275 25 158
1276 19 155
1277 19 150
1278 22 161
1279 12 163
1280 24 154
1281 13 154
1282 20 153
1283 16 161
1284 24 153
1285 199 152
1286 196 159
1287 189 160
1288 187 153
1289 189 150
1290 182 154
1291 187 154
1292 193 154
1293 182 160
1294 198 161
1295 197 156
1296 190 155
1297 188 150
1298 196 149
1299 199 155
1300 184 150
1301 184 150
1302 194 156
1303 199 153
1304 187 156
1305 181 160
1306 187 160
1307 185 162
1308 196 155
1309 194 152
1310 188 150
1311 190 151
1312 191 159
1313 190 160
1314 189 159
1315 172 207
1316 173 202
1317 178 211
1318 172 212
1319 177 212
1320 178 211
1321 177 201
1322 165 214
1323 170 206
1324 165 214
1325 169 208
1326 165 214
1327 170 203
1328 164 211
1329 164 212
1330 165 214
1331 165 211
1332 172 202
1333 174 204
1334 178 203
1335 164 207
1336 166 213
1337 176 205
1338 178 209
1339 177 213
1340 172 209
1341 179 210
1342 176 211
1343 174 213
1344 171 208
1345 127 172
1346 129 179
1347 130 175
1348 116 175
1349 127 168
1350 125 169
1351 119 170
1352 124 179
1353 130 170
1354 121 173
1355 131 168
1356 122 168
1357 132 176
1358 122 169
1359 129 176
1360 121 170
1361 129 169
1362 131 167
1363 124 164
1364 119 169
1365 128 171
1366 121 178
1367 119 165
1368 130 164
1369 128 166
1370 127 164
1371 122 167
1372 127 164
1373 122 167
1374 117 179
1375 0 184
1376 5 199
1377 5 196
1378 5 190
1379 10 192
1380 9 193
1381 9 191
1382 0 195
1383 5 181
1384 4 188
1385 1 189
1386 3 184
1387 3 188
1388 4 185
1389 8 181
1390 4 195
1391 9 183
1392 2 199
1393 8 194
1394 4 198
1395 0 188
1396 5 193
1397 0 192
1398 6 188
1399 10 193
1400 5 188
1401 1 188
1402 5 184
1403 1 182
1404 1 188
1405 67 161
1406 68 152
1407 78 161
1408 83 153
1409 64 157
1410 81 161
1411 76 152
1412 71 160
1413 73 156
1414 83 153
1415 78 158
1416 74 152
1417 81 149
1418 65 161
1419 76 161
1420 79 149
1421 80 155
1422 83 154
1423 75 151
1424 75 159
1425 70 149
1426 70 163
1427 83 159
1428 74 149
1429 81 158
1430 72 158
1431 83 151
1432 64 157
1433 83 151
1434 64 161
1435 52 142
1436 58 136
1437 49 147
1438 44 145
1439 53 139
1440 54 148
1441 46 136
1442 54 142
1443 53 134
1444 53 144
1445 45 143
1446 56 147
1447 52 146
1448 60 135
1449 59 138
1450 48 136
1451 50 148
1452 62 140
1453 52 134
1454 52 140
1455 44 137
1456 62 133
1457 55 133
1458 52 136
1459 53 139
1460 60 133
1461 53 141
1462 47 134
1463 55 135
1464 45 134
1465 119 1
1466 125 11
1467 130 10
1468 127 8
1469 129 1
1470 122 8
1471 119 1
1472 130 2
1473 132 0
1474 121 4
1475 128 0
1476 130 5
1477 122 0
1478 124 6
1479 116 3
1480 124 5
1481 126 11
1482 127 4
1483 119 1
1484 122 10
1485 131 5
1486 119 10
1487 129 4
1488 132 4
1489 122 8
1490 124 6
1491 126 3
1492 127 0
1493 126 8
1494 119 4
1495 22 224
1496 17 226
1497 17 226
1498 23 223
1499 12 229
1500 22 222
1501 15 224
1502 14 218
1503 25 222
1504 17 224
1505 21 230
1506 22 228
1507 20 229
1508 16 229
1509 25 217
1510 17 227
1511 26 216
1512 26 218
1513 18 221
1514 23 228
1515 25 228
1516 25 219
1517 15 225
1518 22 229
1519 13 215
1520 20 224
1521 16 218
1522 21 223
1523 23 223
1524 15 217
1525 196 130
1526 192 118
1527 189 121
1528 188 127
1529 184 122
1530 192 117
1531 192 132
1532 188 129
1533 184 123
1534 184 131
1535 192 124
1536 192 129
1537 181 127
1538 185 127
1539 187 120
1540 193 131
1541 185 129
1542 182 121
1543 195 125
1544 192 117
1545 196 125
1546 183 128
1547 183 117
1548 196 124
1549 188 124
1550 191 121
1551 190 124
1552 181 125
1553 182 126
1554 182 131
1555 24 4
1556 14 10
1557 17 9
1558 21 5
1559 14 9
1560 18 2
1561 26 2
1562 13 3
1563 17 2
1564 13 0
1565 19 6
1566 25 4
1567 23 5
1568 26 11
1569 13 3
1570 17 5
1571 14 11
1572 12 10
1573 14 10
1574 14 3
1575 18 4
1576 15 8
1577 21 10
1578 21 11
1579 19 1
1580 15 7
1581 18 9
1582 15 6
1583 174 21
1584 172 12
1585 171 13
1586 168 15
1587 177 14
1588 178 16
1589 178 15
1590 165 23
1591 176 25
1592 173 14
1593 171 20
1594 169 23
1595 171 18
1596 172 25
1597 167 25
1598 178 15
1599 179 14
1600 178 15
1601 167 23
1602 164 25
1603 167 26
1604 174 23
1605 170 18
1606 174 25
1607 179 17
1608 165 15
1609 168 21
1610 166 16
1611 176 20
1612 174 20
1613 126 3
1614 128 0
1615 125 8
1616 120 2
1617 123 7
1618 124 6
1619 132 9
1620 132 2
1621 124 0
1622 126 5
1623 124 4
1624 118 4
1625 130 2
1626 130 11
1627 125 4
1628 125 0
1629 118 11
1630 118 4
1631 125 9
1632 119 11
1633 126 11
1634 126 8
1635 130 6
1636 122 9
1637 118 2
1638 126 3
1639 118 7
1640 131 5
1641 122 10
1642 176 147
1643 169 139
1644 170 143
1645 169 144
1646 167 146
1647 173 148
1648 171 145
1649 168 144
1650 164 140
1651 172 147
1652 179 138
1653 172 146
1654 169 141
1655 169 136
1656 176 148
1657 173 143
1658 179 133
1659 173 133
1660 164 148
1661 172 140
1662 165 148
1663 174 134
1664 174 136
1665 168 142
1666 171 139
1667 171 147
1668 164 134
1669 176 146
1670 175 148
1671 177 146
1672 118 70
1673 116 72
1674 118 71
1675 127 74
1676 127 83
1677 123 68
1678 126 71
1679 122 73
1680 119 83
1681 123 69
1682 125 66
1683 120 72
1684 125 69
1685 120 82
1686 132 73
1687 122 79
1688 126 83
1689 121 73
1690 129 81
1691 120 81
1692 116 70
1693 118 79
1694 116 74
1695 118 70
1696 121 72
1697 120 77
1698 132 82
1699 119 79
1700 120 69
1701 123 78
1702 104 80
1703 108 74
1704 107 66
1705 104 74
1706 104 73
1707 114 75
1708 107 64
1709 105 76
1710 113 83
1711 111 66
1712 115 64
1713 103 75
1714 113 70
1715 115 65
1716 102 67
1717 101 78
1718 102 74
1719 101 78
1720 106 68
1721 109 77
1722 113 73
1723 105 77
1724 104 78
1725 115 75
1726 105 77
1727 111 64
1728 105 68
1729 111 69
1730 107 82
1731 102 83
1732 228 124
1733 217 129
1734 219 128
1735 221 130
1736 224 130
1737 218 126
1738 222 124
1739 225 120
1740 220 126
1741 221 119
1742 219 130
1743 220 131
1744 218 117
1745 227 116
1746 228 120
1747 226 122
1748 229 130
1749 222 124
1750 226 120
1751 215 127
1752 227 121
1753 227 130
1754 222 127
1755 217 122
1756 219 132
1757 222 121
1758 218 128
1759 223 129
1760 221 123
1761 230 126
1762 36 71
1763 36 71
1764 37 69
1765 37 81
1766 42 66
1767 37 79
1768 36 78
1769 41 69
1770 38 72
1771 42 64
1772 40 72
1773 32 65
1774 35 67
1775 36 75
1776 40 79
1777 43 75
1778 38 64
1779 37 68
1780 38 79
1781 37 74
1782 33 81
1783 43 77
1784 40 66
1785 38 77
1786 35 72
1787 38 72
1788 39 83
1789 36 78
1790 40 80
1791 38 69
1792 109 230
1793 114 229
1794 108 223
1795 115 224
1796 101 228
1797 108 230
1798 109 227
1799 110 219
1800 111 230
1801 106 229
1802 101 226
1803 110 229
1804 108 219
1805 114 220
1806 110 225
1807 106 220
1808 107 215
1809 107 223
1810 112 222
1811 107 217
1812 112 217
1813 113 222
1814 113 216
1815 109 221
1816 105 219
1817 112 223
1818 110 222
1819 110 229
1820 106 219
1821 103 221
1822 143 1
1823 148 8
1824 140 4
1825 142 6
1826 133 4
1827 146 3
1828 142 6
1829 135 1
1830 136 0
1831 141 3
1832 146 8
1833 146 9
1834 145 9
1835 137 0
1836 137 10
1837 135 7
1838 136 8
1839 134 4
1840 137 3
1841 139 0
1842 147 5
1843 138 8
1844 133 8
1845 143 5
1846 134 1
1847 134 9
1848 145 9
1849 137 7
1850 49 11
1851 61 7
1852 57 6
1853 48 1
1854 53 4
1855 55 10
1856 51 4
1857 50 5
1858 48 8
1859 47 11
1860 58 2
1861 61 3
1862 57 6
1863 59 1
1864 46 8
1865 63 2
1866 60 9
1867 45 1
1868 62 4
1869 49 4
1870 48 2
1871 56 3
1872 49 10
1873 55 1
1874 59 2
1875 45 9
1876 45 1
1877 97 207
1878 87 213
1879 86 202
1880 84 202
1881 89 209
1882 88 214
1883 87 204
1884 89 205
1885 91 200
1886 87 210
1887 94 205
1888 93 203
1889 87 206
1890 93 213
1891 97 201
1892 95 213
1893 95 200
1894 89 214
1895 86 207
1896 100 206
1897 96 201
1898 90 214
1899 84 208
1900 94 210
1901 91 201
1902 97 212
1903 92 205
1904 85 201
1905 98 213
1906 99 214
1907 9 113
1908 3 111
1909 5 105
1910 1 109
1911 2 109
1912 9 111
1913 3 106
1914 8 103
1915 1 102
1916 10 114
1917 5 113
1918 11 109
1919 2 112
1920 4 111
1921 3 105
1922 2 115
1923 4 112
1924 0 106
1925 5 109
1926 4 102
1927 6 101
1928 2 110
1929 9 114
1930 2 107
1931 11 109
1932 7 113
1933 6 101
1934 10 108
1935 227 188
1936 224 196
1937 225 182
1938 222 197
1939 216 183
1940 225 186
1941 222 184
1942 223 187
1943 228 194
1944 219 181
1945 216 196
1946 218 190
1947 221 185
1948 224 188
1949 222 195
1950 217 194
1951 223 183
1952 228 187
1953 217 194
1954 220 191
1955 217 186
1956 222 185
1957 221 181
1958 222 189
1959 222 197
1960 219 191
1961 215 191
1962 228 185
1963 225 194
1964 225 190
1965 194 103
1966 199 105
1967 196 113
1968 180 102
1969 181 106
1970 186 112
1971 188 115
1972 185 105
1973 182 106
1974 180 113
1975 184 101
1976 196 103
1977 188 107
1978 198 106
1979 186 103
1980 189 107
1981 197 115
1982 199 102
1983 194 109
1984 188 101
1985 198 103
1986 189 111
1987 195 101
1988 194 111
1989 185 108
1990 198 104
1991 193 105
1992 186 107
1993 187 103
1994 189 104
1995 2 52
1996 9 57
1997 5 61
1998 10 45
1999 0 57
2000 7 63
2001 10 54
2002 4 47
2003 1 49
2004 6 49
2005 0 58
2006 7 61
2007 0 48
2008 7 62
2009 9 47
2010 4 53
2011 6 58
2012 4 60
2013 0 59
2014 4 51
2015 0 63
2016 9 53
2017 10 60
2018 6 54
2019 5 51
2020 7 57
2021 11 59
2022 9 60
2023 90 151
2024 85 154
2025 95 152
2026 85 159
2027 93 161
2028 94 151
2029 85 154
2030 87 158
2031 87 158
2032 90 163
2033 95 150
2034 86 162
2035 86 153
2036 85 154
2037 96 154
2038 86 163
2039 96 154
2040 85 150
2041 92 157
2042 91 155
2043 90 161
2044 88 159
2045 87 157
2046 98 162
2047 90 150
2048 98 163
2049 99 150
2050 93 154
2051 99 154
2052 92 158
2053 214 200
2054 206 213
2055 200 210
2056 201 202
2057 211 202
2058 213 206
2059 212 214
2060 211 202
2061 203 202
2062 212 200
2063 213 200
2064 213 206
2065 212 200
2066 204 213
2067 205 207
2068 206 209
2069 208 200
2070 205 200
2071 208 213
2072 212 211
2073 210 214
2074 208 213
2075 129 48
2076 120 55
2077 120 58
2078 127 55
2079 116 50
2080 119 49
2081 116 52
2082 119 47
2083 116 52
2084 118 61
2085 125 53
2086 118 57
2087 122 52
2088 126 51
2089 120 53
2090 129 46
2091 119 44
2092 130 52
2093 125 48
2094 130 49
2095 116 59
2096 123 56
2097 118 51
2098 119 63
2099 126 60
2100 130 56
2101 123 59
2102 117 62
2103 130 46
2104 122 63
2105 227 198
2106 217 190
2107 227 193
2108 229 182
2109 226 190
2110 218 180
2111 224 185
2112 221 193
2113 221 185
2114 224 180
2115 219 195
2116 223 197
2117 219 195
2118 218 193
2119 228 190
2120 225 189
2121 216 192
2122 216 198
2123 230 191
2124 227 182
2125 221 180
2126 216 195
2127 217 182
2128 217 191
2129 230 194
2130 218 184
2131 228 186
2132 215 198
2133 227 188
2134 228 184
2135 80 109
2136 65 109
2137 80 106
2138 76 102
2139 69 101
2140 72 112
2141 82 103
2142 67 113
2143 64 107
2144 77 114
2145 71 102
2146 68 110
2147 66 107
2148 66 111
2149 65 109
2150 77 111
2151 73 107
2152 69 104
2153 79 105
2154 72 109
2155 83 103
2156 67 114
2157 69 105
2158 78 115
2159 80 114
2160 65 112
2161 81 109
2162 66 107
2163 76 101
2164 80 111
2165 18 192
2166 21 187
2167 17 187
2168 16 195
2169 18 183
2170 13 198
2171 25 196
2172 19 199
2173 25 186
2174 16 183
2175 14 186
2176 17 199
2177 20 189
2178 25 186
2179 13 182
2180 12 190
2181 18 186
2182 20 190
2183 22 187
2184 22 192
2185 14 185
2186 20 198
2187 22 188
2188 19 194
2189 20 189
2190 20 197
2191 15 183
2192 23 192
2193 18 187
2194 24 182
2195 80 6
2196 70 2
2197 81 7
2198 74 6
2199 64 10
2200 68 9
2201 72 4
2202 76 10
2203 78 3
2204 77 3
2205 73 9
2206 82 6
2207 66 0
2208 83 9
2209 81 11
2210 78 10
2211 77 2
2212 78 7
2213 80 5
2214 76 5
2215 73 4
2216 71 1
2217 81 6
2218 73 6
2219 78 6
2220 76 8
2221 82 8
2222 83 5
2223 128 61
2224 121 50
2225 118 53
2226 130 58
2227 132 60
2228 117 49
2229 130 45
2230 126 57
2231 132 48
2232 127 59
2233 129 61
2234 125 59
2235 129 46
2236 132 55
2237 132 54
2238 120 47
2239 129 53
2240 126 48
2241 129 44
2242 116 46
2243 118 44
2244 132 57
2245 131 52
2246 123 49
2247 117 56
2248 128 50
2249 123 54
2250 128 62
2251 116 55
2252 119 57
2253 0 223
2254 10 228
2255 11 219
2256 2 229
2257 3 215
2258 5 227
2259 8 221
2260 6 215
2261 1 219
2262 7 222
2263 6 230
2264 4 225
2265 9 230
2266 1 227
2267 2 228
2268 6 218
2269 10 217
2270 8 224
2271 3 229
2272 6 221
2273 0 218
2274 1 225
2275 3 229
2276 7 218
2277 10 226
2278 6 220
2279 5 224
2280 2 218
2281 6 228
2282 170 86
2283 174 93
2284 177 85
2285 177 94
2286 170 98
2287 170 98
2288 177 97
2289 176 88
2290 177 91
2291 178 98
2292 174 96
2293 166 95
2294 176 85
2295 169 85
2296 169 100
2297 169 86
2298 171 98
2299 164 96
2300 175 99
2301 172 91
2302 166 87
2303 168 85
2304 165 90
2305 171 96
2306 176 93
2307 176 100
2308 168 93
2309 176 87
2310 164 88
2311 164 96
2312 13 207
2313 23 208
2314 15 209
2315 20 202
2316 20 211
2317 26 200
2318 16 201
2319 18 213
2320 14 210
2321 12 202
2322 21 206
2323 23 210
2324 12 214
2325 17 204
2326 24 211
2327 16 203
2328 26 202
2329 26 206
2330 25 204
2331 14 203
2332 20 214
2333 19 211
2334 26 204
2335 24 212
2336 21 210
2337 23 213
2338 26 214
2339 24 207
2340 23 214
2341 12 202
2342 77 168
2343 79 175
2344 68 169
2345 82 177
2346 69 164
2347 75 178
2348 80 178
2349 76 172
2350 80 178
2351 79 166
2352 76 176
2353 77 166
2354 64 172
2355 65 172
2356 72 172
2357 65 170
2358 76 177
2359 75 171
2360 75 175
2361 77 176
2362 80 177
2363 66 165
2364 68 164
2365 77 173
2366 83 179
2367 70 170
2368 65 168
2369 76 177
2370 67 173
2371 65 174
2372 159 226
2373 163 226
2374 154 222
2375 157 224
2376 154 229
2377 153 220
2378 159 224
2379 151 220
2380 158 227
2381 149 225
2382 157 218
2383 156 220
2384 150 228
2385 163 230
2386 153 217
2387 162 220
2388 158 224
2389 157 222
2390 154 229
2391 151 217
2392 162 215
2393 150 224
2394 149 226
2395 154 226
2396 163 221
2397 149 219
2398 151 227
2399 150 217
2400 152 218
2401 158 224
2402 1 148
2403 7 135
2404 11 148
2405 6 147
2406 3 138
2407 0 144
2408 9 133
2409 4 136
2410 4 144
2411 0 144
2412 0 140
2413 11 137
2414 4 145
2415 0 141
2416 3 135
2417 3 141
2418 5 134
2419 9 134
2420 11 148
2421 3 140
2422 6 135
2423 11 141
2424 9 146
2425 8 136
2426 2 137
2427 6 136
2428 9 135
2429 6 145
2430 10 137
2431 5 147
2432 10 128
2433 0 128
2434 0 132
2435 11 125
2436 9 119
2437 11 124
2438 6 128
2439 10 120
2440 3 121
2441 2 130
2442 8 119
2443 3 122
2444 7 125
2445 6 125
2446 9 125
2447 11 124
2448 6 130
2449 3 131
2450 11 129
2451 7 122
2452 7 127
2453 8 124
2454 3 122
2455 7 126
2456 4 124
2457 5 130
2458 0 130
2459 5 119
2460 8 129
2461 10 122
2462 225 103
2463 217 111
2464 227 104
2465 229 109
2466 226 115
2467 226 115
2468 226 107
2469 222 104
2470 230 113
2471 224 113
2472 218 108
2473 220 114
2474 223 115
2475 216 110
2476 220 111
2477 226 108
2478 218 113
2479 226 107
2480 216 104
2481 226 103
2482 219 108
2483 230 110
2484 230 104
2485 219 102
2486 220 103
2487 219 107
2488 227 112
2489 230 111
2490 215 102
2491 220 101
2492 21 62
2493 17 54
2494 15 50
2495 17 59
2496 13 62
2497 18 45
2498 18 52
2499 16 50
2500 19 50
2501 13 51
2502 16 63
2503 16 44
2504 26 48
2505 17 44
2506 15 48
2507 24 55
2508 20 53
2509 15 61
2510 26 53
2511 25 61
2512 22 50
2513 18 59
2514 15 51
2515 18 46
2516 14 61
2517 13 56
2518 24 58
2519 20 57
2520 17 63
2521 20 55
2522 32 226
2523 33 224
2524 32 228
2525 30 228
2526 29 220
2527 29 222
2528 32 225
2529 39 229
2530 42 216
2531 34 216
2532 39 228
2533 36 217
2534 41 215
2535 38 220
2536 43 227
2537 27 221
2538 39 227
2539 34 222
2540 38 226
2541 36 228
2542 30 228
2543 27 217
2544 41 227
2545 38 227
2546 30 229
2547 32 218
2548 38 221
2549 32 230
2550 28 223
2551 33 219
2552 135 52
2553 147 44
2554 145 62
2555 141 49
2556 148 60
2557 147 60
2558 136 51
2559 143 49
2560 139 60
2561 134 45
2562 143 45
2563 148 57
2564 144 52
2565 138 49
2566 141 63
2567 141 46
2568 141 49
2569 137 44
2570 146 62
2571 145 51
2572 135 48
2573 135 44
2574 135 60
2575 142 51
2576 144 50
2577 141 55
2578 142 45
2579 142 46
2580 142 61
2581 141 63
2582 156 26
2583 162 20
2584 156 15
2585 151 18
2586 153 21
2587 155 21
2588 150 25
2589 162 25
2590 152 19
2591 156 25
2592 149 14
2593 151 17
2594 160 23
2595 161 16
2596 158 19
2597 162 16
2598 162 26
2599 150 12
2600 155 16
2601 159 14
2602 151 26
2603 155 23
2604 149 18
2605 158 21
2606 163 26
2607 159 13
2608 154 19
2609 150 19
2610 158 14
2611 155 22
2612 160 152
2613 155 151
2614 151 160
2615 149 155
2616 149 151
2617 152 162
2618 149 159
2619 154 155
2620 163 158
2621 160 155
2622 163 149
2623 159 149
2624 149 163
2625 161 159
2626 152 153
2627 155 149
2628 161 150
2629 155 159
2630 162 156
2631 153 152
2632 113 35
2633 101 29
2634 109 34
2635 106 37
2636 112 31
2637 103 29
2638 115 39
2639 108 39
2640 109 39
2641 114 30
2642 114 40
2643 113 37
2644 114 27
2645 112 28
2646 106 32
2647 103 38
2648 115 31
2649 108 36
2650 104 33
2651 109 38
2652 105 31
2653 105 40
2654 110 31
2655 108 35
2656 103 40
2657 102 41
2658 106 41
2659 115 30
2660 107 32
2661 110 42
2662 74 140
2663 78 135
2664 72 144
2665 77 144
2666 70 136
2667 80 138
2668 68 134
2669 69 134
2670 80 134
2671 69 144
2672 72 135
2673 72 139
2674 70 144
2675 77 133
2676 78 145
2677 75 146
2678 65 139
2679 73 139
2680 68 138
2681 68 134
2682 82 147
2683 70 142
2684 82 147
2685 82 138
2686 66 142
2687 72 137
2688 81 135
2689 82 136
2690 67 133
2691 77 133
2692 179 223
2693 165 216
2694 171 221
2695 175 217
2696 177 217
2697 169 229
2698 172 228
2699 179 219
2700 176 222
2701 176 226
2702 169 218
2703 173 220
2704 165 227
2705 164 217
2706 178 219
2707 176 220
2708 172 222
2709 172 230
2710 179 222
2711 177 221
2712 168 218
2713 166 222
2714 166 226
2715 178 222
2716 167 225
2717 170 227
2718 167 218
2719 170 223
2720 166 230
2721 164 224
2722 130 223
2723 128 229
2724 122 224
2725 117 230
2726 130 228
2727 130 221
2728 123 229
2729 125 215
2730 129 229
2731 122 218
2732 117 228
2733 117 221
2734 122 229
2735 132 225
2736 122 220
2737 128 229
2738 118 222
2739 130 215
2740 129 216
2741 123 230
2742 118 224
2743 121 218
2744 122 219
2745 130 217
2746 117 217
2747 131 224
2748 122 216
2749 127 228
2750 129 226
2751 123 222
2752 112 149
2753 110 155
2754 102 156
2755 108 163
2756 112 159
2757 111 160
2758 106 158
2759 110 158
2760 105 149
2761 115 153
2762 102 149
2763 103 157
2764 102 151
2765 111 152
2766 110 151
2767 115 161
2768 115 158
2769 101 150
2770 106 159
2771 104 158
2772 113 155
2773 110 153
2774 109 156
2775 102 156
2776 109 157
2777 110 154
2778 113 161
2779 115 161
2780 111 163
2781 104 152
2782 63 85
2783 61 90
2784 52 91
2785 46 85
2786 51 88
2787 55 87
2788 58 96
2789 45 89
2790 50 94
2791 58 85
2792 57 90
2793 53 90
2794 60 86
2795 50 100
2796 47 98
2797 58 92
2798 44 94
2799 53 92
2800 59 87
2801 49 89
2802 44 92
2803 59 91
2804 50 85
2805 44 90
2806 55 89
2807 62 87
2808 59 100
2809 47 95
2810 48 88
2811 46 94
2812 195 20
2813 185 17
2814 182 19
2815 188 17
2816 197 20
2817 199 17
2818 198 25
2819 193 20
2820 188 12
2821 182 12
2822 189 21
2823 198 20
2824 195 24
2825 192 22
2826 181 14
2827 189 14
2828 190 12
2829 189 23
2830 199 21
2831 194 12
2832 183 26
2833 193 25
2834 197 25
2835 189 16
2836 192 15
2837 196 26
2838 195 13
2839 197 13
2840 198 17
2841 180 24
2842 103 100
2843 103 94
2844 107 99
2845 109 85
2846 105 93
2847 101 93
2848 110 86
2849 108 93
2850 110 99
2851 103 93
2852 102 94
2853 102 99
2854 108 97
2855 106 100
2856 102 98
2857 103 86
2858 105 99
2859 109 95
2860 102 89
2861 114 85
2862 102 90
2863 111 87
2864 103 88
2865 112 97
2866 111 84
2867 115 99
2868 109 96
2869 107 87
2870 111 89
2871 111 92
2872 175 142
2873 171 136
2874 176 133
2875 178 142
2876 169 144
2877 176 147
2878 179 138
2879 165 137
2880 177 142
2881 173 147
2882 179 139
2883 176 133
2884 170 144
2885 174 134
2886 178 142
2887 167 138
2888 177 139
2889 179 137
2890 172 138
2891 171 148
2892 165 146
2893 173 147
2894 174 138
2895 176 143
2896 172 136
2897 174 147
2898 174 147
2899 168 146
2900 177 148
2901 168 139
2902 224 223
2903 222 220
2904 230 229
2905 228 217
2906 218 216
2907 230 229
2908 215 228
2909 221 218
2910 223 230
2911 216 223
2912 222 215
2913 220 229
2914 224 218
2915 223 227
2916 216 226
2917 223 227
2918 228 217
2919 221 216
2920 230 221
