269 296 10 2929
0 10
1 11
2 6
3 12
4 7
5 6
6 8
7 9
8 11
9 7
10 9
11 9
12 4
13 3
14 4
15 3
16 4
17 3
18 3
19 3
20 3
21 5
22 4
23 3
24 3
25 5
26 3
27 3
28 3
29 3
30 3
31 3
32 4
33 3
34 3
35 3
36 4
37 8
38 3
39 3
40 3
41 3
42 3
43 3
44 4
45 4
46 3
47 3
48 3
49 3
50 4
51 3
52 3
53 3
54 4
55 3
56 3
57 3
58 4
59 3
60 3
61 4
62 3
63 5
64 3
65 4
66 3
67 3
68 3
69 4
70 3
71 6
72 5
73 3
74 4
75 3
76 3
77 3
78 4
79 3
80 4
81 3
82 3
83 3
84 5
85 3
86 3
87 3
88 3
89 3
90 4
91 5
92 3
93 3
94 3
95 4
96 3
97 3
98 5
99 4
100 4
101 5
102 3
103 4
104 3
105 3
106 3
107 3
108 3
109 4
110 3
111 5
112 4
113 3
114 3
115 3
116 4
117 3
118 3
119 3
120 3
121 3
122 3
123 3
124 3
125 3
126 4
127 4
128 3
129 3
130 3
131 4
132 3
133 3
134 3
135 3
136 3
137 4
138 3
139 5
140 4
141 3
142 3
143 3
144 5
145 4
146 3
147 3
148 3
149 3
150 3
151 5
152 3
153 5
154 4
155 3
156 4
157 3
158 3
159 3
160 3
161 3
162 3
163 4
164 3
165 3
166 3
167 3
168 4
169 5
170 3
171 3
172 3
173 3
174 4
175 3
176 4
177 5
178 3
179 4
180 3
181 4
182 3
183 3
184 3
185 3
186 3
187 3
188 5
189 3
190 3
191 4
192 3
193 3
194 6
195 4
196 3
197 3
198 3
199 3
200 4
201 3
202 3
203 4
204 5
205 3
206 3
207 3
208 3
209 3
210 4
211 3
212 3
213 3
214 3
215 3
216 3
217 3
218 3
219 4
220 4
221 4
222 4
223 3
224 4
225 3
226 3
227 3
228 4
229 3
230 3
231 3
232 3
233 4
234 4
235 3
236 3
237 3
238 4
239 3
240 4
241 5
242 3
243 4
244 3
245 3
246 3
247 3
248 3
249 3
250 3
251 3
252 4
253 3
254 5
255 3
256 3
257 3
258 3
259 3
260 4
261 4
262 3
263 3
264 3
265 3
266 3
267 3
268 3
0 0 1
1 0 3
2 0 4
3 0 7
4 0 8
5 0 9
6 0 112
7 0 151
8 1 2
9 1 3
10 1 4
11 1 5
12 1 7
13 1 8
14 1 9
15 1 10
16 1 27
17 2 5
18 2 6
19 2 9
20 2 10
21 2 11
22 3 4
23 3 5
24 3 7
25 3 8
26 3 10
27 3 11
28 3 204
29 3 239
30 4 6
31 4 10
32 4 11
33 4 45
34 5 7
35 5 8
36 5 10
37 6 7
38 6 8
39 6 9
40 6 11
41 6 96
42 7 10
43 7 12
44 7 188
45 7 220
46 8 10
47 8 11
48 8 60
49 8 78
50 9 11
51 9 131
52 10 169
53 11 254
54 12 23
55 13 15
56 13 25
57 14 21
58 14 26
59 16 22
60 16 26
61 17 21
62 18 22
63 19 21
64 20 22
65 21 23
66 21 25
67 24 25
68 27 35
69 27 30
70 28 37
71 29 30
72 30 32
73 31 37
74 32 38
75 33 37
76 34 37
77 34 42
78 34 44
79 36 40
80 36 41
81 36 37
82 37 39
83 38 41
84 43 44
85 45 57
86 45 59
87 46 49
88 46 56
89 46 59
90 47 58
91 48 49
92 49 55
93 50 51
94 50 52
95 51 54
96 52 57
97 53 56
98 54 58
99 60 64
100 60 63
101 61 69
102 61 77
103 62 65
104 63 71
105 63 69
106 65 68
107 65 72
108 66 67
109 67 72
110 68 75
111 70 71
112 71 73
113 71 72
114 74 76
115 74 77
116 78 94
117 79 95
118 80 90
119 80 91
120 81 87
121 81 93
122 81 94
123 82 91
124 83 88
125 84 85
126 84 92
127 84 93
128 86 95
129 88 90
130 89 90
131 91 95
132 94 95
133 96 106
134 97 109
135 97 103
136 98 107
137 98 100
138 98 111
139 99 105
140 99 111
141 100 101
142 100 110
143 101 102
144 101 103
145 103 104
146 106 111
147 108 109
148 112 126
149 112 125
150 113 128
151 113 116
152 114 121
153 115 129
154 115 127
155 116 117
156 117 125
157 117 130
158 118 126
159 119 121
160 119 127
161 120 123
162 120 126
163 122 124
164 122 125
165 126 127
166 131 146
167 132 133
168 133 134
169 134 149
170 135 139
171 136 144
172 137 143
173 137 147
174 137 149
175 138 148
176 138 149
177 138 140
178 139 146
179 139 140
180 139 145
181 140 141
182 142 145
183 142 144
184 144 150
185 151 159
186 151 154
187 152 167
188 153 156
189 153 165
190 153 168
191 154 157
192 155 168
193 156 162
194 157 164
195 157 165
196 158 160
197 159 160
198 161 163
199 163 168
200 164 167
201 166 168
202 169 185
203 169 177
204 170 182
205 171 177
206 172 174
207 172 175
208 173 180
209 173 185
210 174 178
211 175 179
212 175 187
213 176 184
214 176 183
215 177 179
216 178 181
217 179 182
218 181 183
219 184 186
220 188 191
221 188 194
222 189 197
223 190 195
224 191 201
225 192 199
226 193 203
227 194 196
228 194 200
229 194 195
230 195 198
231 195 203
232 196 199
233 197 203
234 200 202
235 204 207
236 204 218
237 205 214
238 205 207
239 206 216
240 206 219
241 207 213
242 208 219
243 209 210
244 209 217
245 210 211
246 210 218
247 212 214
248 215 217
249 217 219
250 220 229
251 220 238
252 221 231
253 221 225
254 222 226
255 222 237
256 222 234
257 223 233
258 224 227
259 224 230
260 225 228
261 226 232
262 227 233
263 228 238
264 230 235
265 231 236
266 231 234
267 235 237
268 239 243
269 240 249
270 240 241
271 241 245
272 241 243
273 242 249
274 243 253
275 244 247
276 244 250
277 246 252
278 247 251
279 248 251
280 250 252
281 252 253
282 254 259
283 254 261
284 255 257
285 256 263
286 257 261
287 258 261
288 258 268
289 259 260
290 260 264
291 262 265
292 262 268
293 263 267
294 264 266
295 267 268
0 208 33
1 206 40
2 212 34
3 205 33
4 205 37
5 210 32
6 210 28
7 216 28
8 207 31
9 204 43
10 213 31
11 217 41
12 207 42
13 219 38
14 206 44
15 214 40
16 219 28
17 219 28
18 218 37
19 205 43
20 207 27
21 213 34
22 218 41
23 211 31
24 208 39
25 212 29
26 212 35
27 207 44
28 208 32
29 212 44
30 43 122
31 33 120
32 27 124
33 38 127
34 29 118
35 27 121
36 31 113
37 28 115
38 41 114
39 28 125
40 35 127
41 32 122
42 42 116
43 27 112
44 33 114
45 32 127
46 31 117
47 41 116
48 33 120
49 34 112
50 40 130
51 28 128
52 43 116
53 29 120
54 35 128
55 38 130
56 34 120
57 30 125
58 39 120
59 33 115
60 94 203
61 85 201
62 90 202
63 79 202
64 80 198
65 90 191
66 88 188
67 91 194
68 80 189
69 91 199
70 95 197
71 79 196
72 91 203
73 86 188
74 91 189
75 93 198
76 91 202
77 92 191
78 87 189
79 90 201
80 90 203
81 93 192
82 92 192
83 95 198
84 79 190
85 80 190
86 79 198
87 81 191
88 90 191
89 88 193
90 167 166
91 168 159
92 167 166
93 162 151
94 167 166
95 153 158
96 154 153
97 152 160
98 167 159
99 164 158
100 159 164
101 166 164
102 166 164
103 162 152
104 163 167
105 163 158
106 154 156
107 163 164
108 162 161
109 156 151
110 163 156
111 159 166
112 151 165
113 106 267
114 99 261
115 104 254
116 96 261
117 109 261
118 99 255
119 111 268
120 109 257
121 101 259
122 100 267
123 109 261
124 103 256
125 108 268
126 108 262
127 107 266
128 99 259
129 109 259
130 105 257
131 101 266
132 108 257
133 99 268
134 108 260
135 110 262
136 104 268
137 107 267
138 96 262
139 99 261
140 108 255
141 106 256
142 106 258
143 247 153
144 239 167
145 239 152
146 242 154
147 249 153
148 246 154
149 241 158
150 241 168
151 241 168
152 250 155
153 249 156
154 240 155
155 240 151
156 245 163
157 243 160
158 239 153
159 244 165
160 247 166
161 253 168
162 244 157
163 242 157
164 246 154
165 248 164
166 253 163
167 250 165
168 248 162
169 239 154
170 249 162
171 240 157
172 253 162
173 178 255
174 177 265
175 172 257
176 182 267
177 187 259
178 171 261
179 187 267
180 185 261
181 169 265
182 187 265
183 173 260
184 184 268
185 183 256
186 172 263
187 179 254
188 177 254
189 187 265
190 183 265
191 173 261
192 186 260
193 187 255
194 179 264
195 181 268
196 172 257
197 173 262
198 184 265
199 175 267
200 185 260
201 171 256
202 176 264
203 64 133
204 72 142
205 74 140
206 64 136
207 77 140
208 77 134
209 64 136
210 60 145
211 66 134
212 62 132
213 69 147
214 60 142
215 67 139
216 76 133
217 63 150
218 66 145
219 73 135
220 62 136
221 71 135
222 62 135
223 72 131
224 64 150
225 65 139
226 66 145
227 60 148
228 60 136
229 61 146
230 60 140
231 76 142
232 72 146
233 251 12
234 252 22
235 252 22
236 244 21
237 239 25
238 251 26
239 248 24
240 244 24
241 244 22
242 240 25
243 240 20
244 242 12
245 251 24
246 240 24
247 242 16
248 248 15
249 252 22
250 249 18
251 252 15
252 251 21
253 245 12
254 246 14
255 242 13
256 251 14
257 244 13
258 248 18
259 250 26
260 245 19
261 249 20
262 244 22
263 30 117
264 29 120
265 43 125
266 43 124
267 39 130
268 42 117
269 38 120
270 30 112
271 43 127
272 34 126
273 41 116
274 30 117
275 39 125
276 41 120
277 30 117
278 40 125
279 36 126
280 44 114
281 33 128
282 28 124
283 29 128
284 37 130
285 28 124
286 44 114
287 39 115
288 41 120
289 39 118
290 34 113
291 44 130
292 28 121
293 20 94
294 18 86
295 13 85
296 20 85
297 16 89
298 24 88
299 12 88
300 26 95
301 24 83
302 18 82
303 20 82
304 23 84
305 23 90
306 12 84
307 24 82
308 14 91
309 17 90
310 19 93
311 13 91
312 17 78
313 26 78
314 24 82
315 23 87
316 17 91
317 17 79
318 23 85
319 23 83
320 23 83
321 13 82
322 15 95
323 68 133
324 61 136
325 62 147
326 71 137
327 66 137
328 61 149
329 75 140
330 70 132
331 68 133
332 70 147
333 60 132
334 62 134
335 64 134
336 76 137
337 64 138
338 60 139
339 64 150
340 72 144
341 68 131
342 64 138
343 69 147
344 67 133
345 68 149
346 74 148
347 70 142
348 61 140
349 77 145
350 63 146
351 65 145
352 69 140
353 164 6
354 168 7
355 164 6
356 152 8
357 161 0
358 154 4
359 165 11
360 163 3
361 165 3
362 156 10
363 161 8
364 156 5
365 166 6
366 168 5
367 155 10
368 161 0
369 166 6
370 167 2
371 167 0
372 154 5
373 167 6
374 155 6
375 158 8
376 158 5
377 156 9
378 168 9
379 163 7
380 155 8
381 162 1
382 9 107
383 2 102
384 4 101
385 3 102
386 6 109
387 4 100
388 2 97
389 0 110
390 3 102
391 10 109
392 11 99
393 9 107
394 9 104
395 0 104
396 2 107
397 5 107
398 6 111
399 6 109
400 9 101
401 3 108
402 4 100
403 3 106
404 7 100
405 4 98
406 4 108
407 11 109
408 1 98
409 2 107
410 243 27
411 250 27
412 243 37
413 249 38
414 253 33
415 251 29
416 240 34
417 249 27
418 247 28
419 240 44
420 245 29
421 253 37
422 245 33
423 243 38
424 252 31
425 252 40
426 244 41
427 249 36
428 240 35
429 239 28
430 249 29
431 250 39
432 247 43
433 242 28
434 241 39
435 240 37
436 245 31
437 244 43
438 245 29
439 243 43
440 152 248
441 152 240
442 166 249
443 158 243
444 152 248
445 168 253
446 167 240
447 161 239
448 157 253
449 161 241
450 156 242
451 166 250
452 157 246
453 153 252
454 166 247
455 166 241
456 154 241
457 153 249
458 156 247
459 151 250
460 156 239
461 159 241
462 163 253
463 156 244
464 153 249
465 166 241
466 163 253
467 156 247
468 153 251
469 154 246
470 200 234
471 190 227
472 190 225
473 194 225
474 193 233
475 192 234
476 198 225
477 196 230
478 201 236
479 201 236
480 202 226
481 199 234
482 188 225
483 201 225
484 191 225
485 198 236
486 191 223
487 192 221
488 188 235
489 195 220
490 193 222
491 195 230
492 203 228
493 198 226
494 193 227
495 191 221
496 197 229
497 192 221
498 201 226
499 203 227
500 47 95
501 57 83
502 58 79
503 54 85
504 59 83
505 56 83
506 46 81
507 50 94
508 58 86
509 57 84
510 58 90
511 52 82
512 57 79
513 55 93
514 45 94
515 45 83
516 57 87
517 58 87
518 49 81
519 57 83
520 49 93
521 56 85
522 54 92
523 51 92
524 53 90
525 48 93
526 48 90
527 59 91
528 54 85
529 51 92
530 250 194
531 243 188
532 249 198
533 253 188
534 246 194
535 243 192
536 241 199
537 245 193
538 242 193
539 246 189
540 244 190
541 250 190
542 239 200
543 240 188
544 243 188
545 249 189
546 246 202
547 245 198
548 251 199
549 249 195
550 244 193
551 249 201
552 253 195
553 250 194
554 252 195
555 241 199
556 248 202
557 242 203
558 248 192
559 241 188
560 192 22
561 190 26
562 193 21
563 200 22
564 197 20
565 188 19
566 200 20
567 201 22
568 195 13
569 199 13
570 196 16
571 191 18
572 193 22
573 193 18
574 200 22
575 202 12
576 197 15
577 200 21
578 200 24
579 199 14
580 198 16
581 201 20
582 195 24
583 199 12
584 200 19
585 194 24
586 192 14
587 197 23
588 195 21
589 191 20
590 10 182
591 9 187
592 9 173
593 11 184
594 7 186
595 11 185
596 8 178
597 2 170
598 7 179
599 11 171
600 10 172
601 9 169
602 1 183
603 2 173
604 6 182
605 11 178
606 6 176
607 9 187
608 11 178
609 1 170
610 1 170
611 7 181
612 1 176
613 11 178
614 1 178
615 4 176
616 8 170
617 156 260
618 156 261
619 158 256
620 154 257
621 155 254
622 152 268
623 167 258
624 153 258
625 165 256
626 167 257
627 167 254
628 159 264
629 166 264
630 165 260
631 157 258
632 157 261
633 163 267
634 159 268
635 160 264
636 166 266
637 151 260
638 152 262
639 162 263
640 151 260
641 159 265
642 152 261
643 159 258
644 160 265
645 167 267
646 168 267
647 100 91
648 103 82
649 108 88
650 100 91
651 110 79
652 109 95
653 101 86
654 104 81
655 108 92
656 105 92
657 102 86
658 110 93
659 104 81
660 96 94
661 108 84
662 101 92
663 98 83
664 105 88
665 96 84
666 100 95
667 105 89
668 99 81
669 98 84
670 107 84
671 111 83
672 97 89
673 100 87
674 108 78
675 105 84
676 106 83
677 224 113
678 236 127
679 232 118
680 220 112
681 227 129
682 221 119
683 236 121
684 235 114
685 233 130
686 225 119
687 235 129
688 228 126
689 225 118
690 227 124
691 236 123
692 222 127
693 236 127
694 229 123
695 226 118
696 237 130
697 224 114
698 231 123
699 235 129
700 227 119
701 220 120
702 238 129
703 227 127
704 220 117
705 236 129
706 231 119
707 197 118
708 195 124
709 196 114
710 199 124
711 195 118
712 198 112
713 201 130
714 203 130
715 192 118
716 191 113
717 193 115
718 191 114
719 190 121
720 191 115
721 189 113
722 193 126
723 195 116
724 196 129
725 202 116
726 199 115
727 196 117
728 202 122
729 197 126
730 201 130
731 191 125
732 200 125
733 198 115
734 194 130
735 196 125
736 202 113
737 3 247
738 4 248
739 3 246
740 6 241
741 0 240
742 5 247
743 0 246
744 2 247
745 0 248
746 7 248
747 3 248
748 7 241
749 7 246
750 7 241
751 7 247
752 6 239
753 5 242
754 9 252
755 8 246
756 11 246
757 8 243
758 9 241
759 0 241
760 0 247
761 6 251
762 4 244
763 4 245
764 7 247
765 11 253
766 123 3
767 122 1
768 120 10
769 127 8
770 125 11
771 118 9
772 117 4
773 123 7
774 117 4
775 126 11
776 129 1
777 121 0
778 123 9
779 112 2
780 120 10
781 121 4
782 117 1
783 115 3
784 113 2
785 128 0
786 123 11
787 130 7
788 113 9
789 114 10
790 127 8
791 116 3
792 114 8
793 128 6
794 117 2
795 90 20
796 83 23
797 86 13
798 87 22
799 92 19
800 89 20
801 83 12
802 85 15
803 82 13
804 80 16
805 85 13
806 79 25
807 83 22
808 83 26
809 78 18
810 91 14
811 88 14
812 85 19
813 84 20
814 86 16
815 93 21
816 85 18
817 79 19
818 78 25
819 93 18
820 82 16
821 81 24
822 93 19
823 95 12
824 80 15
825 242 111
826 241 108
827 244 100
828 241 106
829 241 101
830 239 101
831 239 102
832 245 107
833 249 98
834 246 104
835 253 98
836 246 105
837 251 103
838 250 107
839 253 97
840 252 97
841 248 108
842 250 107
843 247 99
844 246 110
845 253 104
846 243 100
847 249 102
848 239 106
849 251 108
850 242 100
851 247 106
852 253 102
853 253 106
854 248 98
855 213 94
856 208 89
857 206 79
858 209 78
859 216 86
860 214 80
861 204 92
862 206 95
863 212 82
864 209 83
865 205 85
866 218 84
867 219 78
868 219 85
869 215 79
870 216 81
871 207 87
872 212 90
873 212 91
874 213 90
875 209 88
876 208 80
877 208 93
878 209 84
879 217 95
880 207 83
881 207 94
882 217 90
883 214 92
884 210 80
885 6 162
886 3 164
887 7 159
888 11 164
889 11 157
890 2 155
891 10 157
892 5 168
893 5 168
894 10 154
895 10 158
896 7 155
897 9 157
898 4 163
899 8 152
900 1 154
901 6 156
902 3 163
903 1 165
904 9 167
905 1 157
906 4 168
907 11 153
908 0 168
909 5 155
910 4 153
911 9 153
912 4 168
913 7 153
914 11 161
915 32 55
916 34 46
917 31 55
918 32 52
919 41 49
920 37 46
921 34 54
922 28 57
923 34 45
924 39 50
925 38 50
926 41 59
927 27 52
928 33 55
929 44 52
930 34 52
931 31 49
932 42 59
933 44 54
934 38 52
935 37 52
936 33 46
937 44 49
938 29 55
939 29 56
940 33 55
941 34 51
942 37 57
943 39 56
944 43 50
945 75 21
946 76 20
947 64 14
948 77 20
949 73 26
950 71 18
951 69 15
952 63 21
953 61 15
954 77 24
955 75 21
956 70 13
957 60 25
958 61 24
959 70 21
960 65 14
961 74 17
962 74 13
963 66 13
964 71 16
965 74 17
966 60 25
967 61 13
968 64 22
969 76 14
970 67 19
971 73 26
972 65 12
973 76 16
974 63 13
975 101 235
976 97 228
977 103 223
978 101 227
979 96 237
980 105 227
981 96 222
982 111 224
983 109 221
984 105 237
985 102 231
986 98 229
987 102 229
988 99 226
989 109 225
990 108 227
991 103 237
992 109 220
993 109 223
994 102 223
995 100 228
996 107 221
997 106 234
998 107 238
999 102 220
1000 98 228
1001 103 230
1002 104 222
1003 102 233
1004 111 233
1005 254 90
1006 267 95
1007 254 92
1008 261 94
1009 258 86
1010 261 89
1011 263 86
1012 261 83
1013 268 88
1014 262 93
1015 257 91
1016 265 80
1017 259 93
1018 268 93
1019 265 92
1020 262 93
1021 256 87
1022 255 87
1023 264 93
1024 254 80
1025 265 80
1026 263 91
1027 256 83
1028 265 82
1029 259 87
1030 259 93
1031 260 92
1032 259 84
1033 263 82
1034 264 82
1035 60 166
1036 67 163
1037 77 157
1038 66 155
1039 62 161
1040 75 159
1041 61 168
1042 65 161
1043 73 165
1044 76 155
1045 62 154
1046 63 166
1047 73 153
1048 76 155
1049 64 151
1050 61 163
1051 76 165
1052 71 153
1053 61 163
1054 71 163
1055 60 165
1056 74 154
1057 70 155
1058 69 160
1059 74 162
1060 71 155
1061 75 159
1062 74 159
1063 63 163
1064 74 159
1065 63 167
1066 60 156
1067 64 154
1068 64 154
1069 73 154
1070 61 165
1071 69 153
1072 77 167
1073 61 168
1074 65 157
1075 66 163
1076 66 168
1077 76 168
1078 61 157
1079 75 151
1080 61 160
1081 77 162
1082 75 158
1083 63 166
1084 67 157
1085 75 166
1086 64 161
1087 76 155
1088 63 152
1089 64 166
1090 74 166
1091 76 154
1092 76 156
1093 60 157
1094 68 156
1095 66 109
1096 66 99
1097 60 100
1098 69 96
1099 73 108
1100 61 96
1101 68 103
1102 73 106
1103 71 111
1104 73 97
1105 74 110
1106 68 105
1107 62 106
1108 74 104
1109 68 98
1110 67 102
1111 60 109
1112 70 110
1113 67 106
1114 72 97
1115 63 101
1116 64 105
1117 60 97
1118 75 102
1119 64 102
1120 65 98
1121 70 108
1122 65 96
1123 67 104
1124 71 105
1125 143 158
1126 133 160
1127 143 162
1128 144 163
1129 132 158
1130 138 159
1131 145 165
1132 144 162
1133 147 156
1134 133 156
1135 133 157
1136 142 168
1137 141 156
1138 150 163
1139 139 163
1140 147 152
1141 141 159
1142 150 157
1143 140 168
1144 150 160
1145 139 151
1146 149 162
1147 135 163
1148 147 154
1149 145 160
1150 131 157
1151 139 154
1152 131 164
1153 137 152
1154 139 152
1155 88 190
1156 84 190
1157 91 198
1158 90 198
1159 89 199
1160 82 202
1161 78 189
1162 83 203
1163 86 201
1164 80 200
1165 85 203
1166 78 203
1167 82 203
1168 93 201
1169 79 193
1170 89 199
1171 79 199
1172 85 203
1173 84 194
1174 82 202
1175 79 191
1176 84 202
1177 87 190
1178 89 188
1179 78 200
1180 94 200
1181 83 190
1182 78 200
1183 93 190
1184 78 192
1185 242 258
1186 253 254
1187 253 258
1188 240 257
1189 240 254
1190 251 261
1191 250 267
1192 246 260
1193 243 258
1194 241 260
1195 244 258
1196 239 267
1197 239 267
1198 244 263
1199 247 255
1200 246 255
1201 243 268
1202 243 257
1203 245 265
1204 250 265
1205 247 267
1206 250 255
1207 250 260
1208 251 263
1209 242 254
1210 248 263
1211 249 265
1212 240 260
1213 245 266
1214 251 264
1215 256 244
1216 258 240
1217 256 239
1218 255 252
1219 254 248
1220 267 241
1221 264 244
1222 265 253
1223 259 246
1224 263 246
1225 266 253
1226 266 245
1227 254 243
1228 264 246
1229 267 242
1230 263 244
1231 266 250
1232 266 251
1233 268 251
1234 261 246
1235 266 239
1236 259 241
1237 268 242
1238 264 242
1239 255 250
1240 265 243
1241 262 251
1242 261 248
1243 262 250
1244 268 240
1245 199 180
1246 189 176
1247 197 173
1248 194 177
1249 189 172
1250 189 173
1251 199 169
1252 189 173
1253 191 172
1254 201 173
1255 190 183
1256 189 177
1257 189 172
1258 190 181
1259 195 171
1260 196 185
1261 188 172
1262 189 175
1263 192 174
1264 203 171
1265 197 183
1266 200 178
1267 194 182
1268 192 186
1269 197 176
1270 197 187
1271 203 177
1272 195 179
1273 196 171
1274 192 174
1275 234 71
1276 222 68
1277 225 71
1278 225 69
1279 234 61
1280 220 70
1281 235 76
1282 232 71
1283 231 68
1284 222 67
1285 228 66
1286 230 60
1287 233 60
1288 238 72
1289 235 67
1290 223 65
1291 235 63
1292 221 69
1293 220 65
1294 230 69
1295 220 66
1296 220 72
1297 234 65
1298 229 67
1299 235 71
1300 225 76
1301 236 68
1302 232 60
1303 238 72
1304 234 60
1305 219 77
1306 215 70
1307 216 71
1308 218 61
1309 210 63
1310 219 68
1311 212 70
1312 204 69
1313 216 62
1314 207 62
1315 213 77
1316 208 64
1317 210 73
1318 218 74
1319 212 69
1320 218 75
1321 210 74
1322 212 69
1323 210 69
1324 206 77
1325 219 77
1326 219 76
1327 216 65
1328 205 73
1329 206 63
1330 205 77
1331 210 72
1332 206 60
1333 211 68
1334 216 60
1335 86 74
1336 87 63
1337 79 77
1338 91 61
1339 95 71
1340 86 61
1341 95 62
1342 82 76
1343 85 73
1344 83 77
1345 92 65
1346 95 62
1347 81 73
1348 84 76
1349 91 68
1350 84 64
1351 93 70
1352 83 62
1353 94 75
1354 90 74
1355 90 62
1356 87 66
1357 80 64
1358 80 73
1359 93 62
1360 81 76
1361 92 67
1362 79 73
1363 81 64
1364 93 62
1365 79 120
1366 78 130
1367 95 123
1368 82 115
1369 95 124
1370 91 122
1371 86 130
1372 90 115
1373 78 122
1374 87 128
1375 95 125
1376 91 115
1377 85 126
1378 84 120
1379 81 122
1380 93 122
1381 86 124
1382 79 127
1383 93 127
1384 79 130
1385 78 118
1386 95 122
1387 93 114
1388 83 128
1389 83 123
1390 81 122
1391 78 127
1392 93 123
1393 87 128
1394 93 129
1395 194 47
1396 203 56
1397 200 53
1398 193 52
1399 190 51
1400 201 55
1401 198 45
1402 189 50
1403 192 46
1404 192 54
1405 193 54
1406 194 50
1407 191 45
1408 198 53
1409 201 52
1410 190 46
1411 198 55
1412 190 57
1413 195 55
1414 197 54
1415 197 56
1416 198 48
1417 194 58
1418 201 45
1419 195 57
1420 188 59
1421 192 47
1422 194 45
1423 203 57
1424 199 59
1425 163 145
1426 151 141
1427 165 131
1428 160 148
1429 164 138
1430 165 131
1431 160 131
1432 156 137
1433 161 138
1434 162 150
1435 152 133
1436 151 144
1437 163 134
1438 159 148
1439 161 150
1440 151 148
1441 165 149
1442 157 138
1443 158 146
1444 160 144
1445 152 140
1446 158 134
1447 158 135
1448 162 141
1449 166 139
1450 159 131
1451 152 142
1452 159 138
1453 162 142
1454 162 137
1455 117 26
1456 124 21
1457 121 26
1458 124 12
1459 120 17
1460 125 24
1461 117 17
1462 121 16
1463 123 14
1464 130 19
1465 127 25
1466 124 18
1467 122 14
1468 124 22
1469 126 21
1470 112 25
1471 121 12
1472 118 19
1473 119 15
1474 114 25
1475 117 19
1476 128 18
1477 121 23
1478 115 12
1479 125 14
1480 126 26
1481 120 17
1482 116 18
1483 126 18
1484 126 19
1485 64 157
1486 76 158
1487 69 158
1488 62 167
1489 66 153
1490 62 158
1491 62 166
1492 75 160
1493 69 159
1494 71 159
1495 69 160
1496 61 159
1497 68 156
1498 62 167
1499 61 158
1500 72 153
1501 69 159
1502 76 156
1503 61 168
1504 69 156
1505 68 154
1506 64 158
1507 65 154
1508 65 157
1509 64 154
1510 65 151
1511 66 167
1512 62 162
1513 63 159
1514 73 161
1515 107 31
1516 99 37
1517 110 41
1518 111 39
1519 108 42
1520 100 41
1521 99 36
1522 109 35
1523 99 34
1524 100 38
1525 97 38
1526 107 42
1527 102 35
1528 101 40
1529 101 43
1530 111 32
1531 102 38
1532 107 37
1533 99 33
1534 97 42
1535 104 29
1536 104 39
1537 96 44
1538 98 44
1539 96 42
1540 106 29
1541 104 43
1542 96 39
1543 103 30
1544 103 39
1545 134 217
1546 147 208
1547 145 217
1548 133 213
1549 139 218
1550 146 205
1551 139 219
1552 147 218
1553 143 209
1554 135 216
1555 134 219
1556 138 207
1557 146 219
1558 145 218
1559 133 205
1560 140 214
1561 138 211
1562 134 217
1563 147 205
1564 145 217
1565 140 207
1566 135 218
1567 133 211
1568 145 213
1569 135 209
1570 133 206
1571 136 205
1572 139 205
1573 131 205
1574 135 205
1575 29 61
1576 38 62
1577 31 71
1578 30 71
1579 44 76
1580 41 75
1581 38 63
1582 39 67
1583 44 60
1584 38 62
1585 40 63
1586 27 62
1587 43 63
1588 43 77
1589 27 66
1590 36 61
1591 30 66
1592 29 60
1593 27 71
1594 38 64
1595 35 61
1596 30 64
1597 32 74
1598 35 71
1599 38 73
1600 27 73
1601 41 63
1602 44 60
1603 37 71
1604 34 76
1605 79 92
1606 82 88
1607 93 88
1608 92 87
1609 92 95
1610 83 92
1611 93 95
1612 86 80
1613 84 86
1614 82 89
1615 90 92
1616 81 82
1617 78 90
1618 87 82
1619 95 88
1620 88 92
1621 89 94
1622 82 94
1623 87 78
1624 89 95
1625 88 94
1626 81 82
1627 79 92
1628 80 92
1629 140 255
1630 150 267
1631 135 255
1632 142 263
1633 132 266
1634 148 262
1635 132 256
1636 141 256
1637 134 256
1638 139 265
1639 150 257
1640 149 263
1641 131 254
1642 139 265
1643 150 257
1644 149 263
1645 150 258
1646 134 265
1647 149 259
1648 131 259
1649 134 263
1650 137 260
1651 148 268
1652 150 263
1653 140 254
1654 150 265
1655 148 258
1656 149 267
1657 136 261
1658 145 264
1659 150 135
1660 143 135
1661 131 136
1662 135 148
1663 136 148
1664 138 142
1665 148 131
1666 137 144
1667 141 146
1668 149 136
1669 135 138
1670 132 138
1671 146 133
1672 136 147
1673 139 137
1674 135 137
1675 138 135
1676 134 144
1677 134 139
1678 142 140
1679 140 147
1680 22 71
1681 22 63
1682 18 77
1683 26 63
1684 20 72
1685 19 62
1686 15 63
1687 12 70
1688 18 75
1689 14 76
1690 26 65
1691 15 64
1692 16 71
1693 13 72
1694 18 70
1695 17 76
1696 12 66
1697 24 64
1698 15 66
1699 14 62
1700 21 70
1701 25 75
1702 20 73
1703 23 75
1704 24 62
1705 19 72
1706 25 76
1707 26 71
1708 18 74
1709 24 75
1710 95 3
1711 79 3
1712 90 0
1713 88 11
1714 84 4
1715 85 1
1716 82 5
1717 95 6
1718 81 7
1719 88 0
1720 79 4
1721 95 11
1722 83 11
1723 91 7
1724 94 5
1725 79 6
1726 90 8
1727 84 10
1728 90 6
1729 79 6
1730 80 6
1731 87 4
1732 90 1
1733 83 5
1734 90 2
1735 91 6
1736 93 4
1737 95 6
1738 80 7
1739 220 119
1740 229 112
1741 229 124
1742 220 121
1743 232 125
1744 233 123
1745 225 125
1746 225 113
1747 228 123
1748 228 112
1749 233 114
1750 226 113
1751 223 117
1752 223 112
1753 236 123
1754 237 127
1755 229 125
1756 235 127
1757 223 126
1758 232 130
1759 225 123
1760 220 113
1761 227 121
1762 236 124
1763 225 124
1764 230 125
1765 238 117
1766 229 130
1767 231 127
1768 228 115
1769 237 97
1770 229 100
1771 237 101
1772 232 104
1773 227 98
1774 230 106
1775 228 98
1776 224 100
1777 232 109
1778 225 102
1779 236 104
1780 221 96
1781 221 111
1782 236 104
1783 226 100
1784 232 104
1785 220 99
1786 225 96
1787 224 110
1788 224 103
1789 221 105
1790 232 106
1791 229 102
1792 231 99
1793 222 105
1794 230 104
1795 234 111
1796 220 100
1797 228 111
1798 237 110
1799 107 265
1800 107 268
1801 106 256
1802 103 268
1803 99 260
1804 101 265
1805 105 260
1806 110 262
1807 110 265
1808 102 254
1809 108 261
1810 99 265
1811 96 268
1812 102 263
1813 107 256
1814 111 267
1815 106 255
1816 105 263
1817 106 263
1818 111 264
1819 111 263
1820 103 258
1821 108 259
1822 105 268
1823 109 264
1824 103 256
1825 109 259
1826 97 261
1827 97 265
1828 102 266
1829 194 266
1830 203 262
1831 200 260
1832 190 258
1833 188 268
1834 193 256
1835 203 264
1836 194 259
1837 194 258
1838 195 266
1839 197 267
1840 192 254
1841 198 265
1842 197 254
1843 203 256
1844 188 258
1845 194 266
1846 199 255
1847 201 262
1848 198 267
1849 203 259
1850 193 260
1851 203 266
1852 198 254
1853 196 254
1854 190 258
1855 203 257
1856 194 254
1857 203 262
1858 191 263
1859 124 204
1860 127 217
1861 127 213
1862 115 210
1863 122 217
1864 124 211
1865 124 211
1866 114 208
1867 116 204
1868 123 211
1869 129 211
1870 127 206
1871 129 216
1872 123 207
1873 114 213
1874 129 210
1875 122 205
1876 129 207
1877 118 205
1878 123 218
1879 128 211
1880 119 218
1881 128 204
1882 128 211
1883 116 217
1884 118 210
1885 115 209
1886 124 204
1887 114 219
1888 122 216
1889 199 139
1890 195 149
1891 194 139
1892 201 138
1893 202 143
1894 203 134
1895 189 136
1896 198 144
1897 200 135
1898 199 143
1899 189 132
1900 200 133
1901 189 132
1902 197 145
1903 201 134
1904 193 131
1905 199 132
1906 191 137
1907 189 147
1908 200 143
1909 193 139
1910 195 144
1911 195 148
1912 190 146
1913 189 141
1914 191 148
1915 189 137
1916 200 135
1917 203 145
1918 198 146
1919 17 74
1920 18 72
1921 22 77
1922 12 63
1923 16 77
1924 18 70
1925 22 65
1926 26 61
1927 15 73
1928 12 65
1929 24 77
1930 25 60
1931 25 77
1932 15 70
1933 12 67
1934 23 71
1935 12 75
1936 18 66
1937 24 64
1938 13 60
1939 18 67
1940 20 72
1941 13 60
1942 21 74
1943 14 63
1944 14 63
1945 12 71
1946 22 71
1947 20 64
1948 13 73
1949 116 109
1950 119 103
1951 120 108
1952 120 104
1953 115 100
1954 122 101
1955 113 103
1956 126 102
1957 125 99
1958 126 109
1959 129 101
1960 127 111
1961 127 105
1962 117 106
1963 127 105
1964 127 106
1965 129 102
1966 113 97
1967 116 106
1968 128 100
1969 120 101
1970 119 108
1971 118 108
1972 115 97
1973 125 111
1974 116 103
1975 127 100
1976 125 108
1977 126 100
1978 121 111
1979 18 26
1980 17 24
1981 15 22
1982 22 23
1983 15 12
1984 24 12
1985 26 23
1986 22 17
1987 16 13
1988 20 24
1989 18 23
1990 14 15
1991 23 26
1992 16 12
1993 15 24
1994 26 17
1995 18 19
1996 23 13
1997 21 18
1998 12 17
1999 12 22
2000 196 112
2001 199 124
2002 195 120
2003 190 120
2004 190 124
2005 196 116
2006 194 116
2007 202 129
2008 192 121
2009 193 128
2010 192 118
2011 190 127
2012 200 112
2013 199 128
2014 188 127
2015 189 115
2016 190 124
2017 195 126
2018 199 123
2019 191 112
2020 196 116
2021 199 116
2022 199 114
2023 200 113
2024 196 114
2025 198 113
2026 193 123
2027 198 118
2028 189 115
2029 189 124
2030 203 178
2031 192 172
2032 188 181
2033 192 178
2034 195 181
2035 199 183
2036 202 173
2037 191 170
2038 200 185
2039 188 186
2040 198 173
2041 200 182
2042 194 173
2043 202 185
2044 194 183
2045 193 187
2046 196 174
2047 193 180
2048 197 170
2049 196 186
2050 200 185
2051 199 172
2052 191 170
2053 191 185
2054 199 186
2055 190 178
2056 194 179
2057 189 178
2058 194 184
2059 198 171
2060 52 107
2061 51 110
2062 57 99
2063 59 108
2064 59 108
2065 53 101
2066 45 107
2067 53 100
2068 58 105
2069 55 105
2070 49 108
2071 55 96
2072 50 106
2073 50 107
2074 49 107
2075 46 105
2076 51 96
2077 55 103
2078 47 100
2079 49 110
2080 50 108
2081 52 108
2082 48 106
2083 53 105
2084 48 97
2085 45 101
2086 49 97
2087 55 104
2088 48 103
2089 52 110
2090 18 247
2091 16 244
2092 25 248
2093 24 245
2094 15 250
2095 25 251
2096 16 239
2097 14 244
2098 20 246
2099 18 244
2100 19 251
2101 19 252
2102 22 251
2103 26 248
2104 14 241
2105 24 243
2106 12 242
2107 17 239
2108 14 241
2109 12 242
2110 26 244
2111 20 253
2112 16 251
2113 16 249
2114 18 250
2115 18 240
2116 14 246
2117 22 243
2118 18 252
2119 23 250
2120 33 95
2121 33 80
2122 41 94
2123 30 88
2124 43 80
2125 29 81
2126 35 85
2127 34 78
2128 35 85
2129 27 89
2130 34 85
2131 35 78
2132 40 93
2133 34 80
2134 44 90
2135 40 90
2136 36 86
2137 31 84
2138 39 84
2139 44 85
2140 35 91
2141 40 89
2142 40 90
2143 31 95
2144 42 92
2145 38 83
2146 31 82
2147 40 87
2148 36 88
2149 32 79
2150 189 169
2151 189 173
2152 192 169
2153 195 177
2154 188 174
2155 200 171
2156 197 184
2157 202 186
2158 196 173
2159 190 170
2160 201 177
2161 189 182
2162 190 185
2163 190 171
2164 190 187
2165 199 169
2166 202 186
2167 190 175
2168 190 186
2169 202 174
2170 197 178
2171 193 173
2172 192 180
2173 189 184
2174 194 174
2175 203 173
2176 197 186
2177 188 178
2178 193 186
2179 194 172
2180 179 173
2181 187 169
2182 183 185
2183 180 169
2184 172 182
2185 178 170
2186 179 183
2187 187 170
2188 182 184
2189 180 176
2190 182 178
2191 172 181
2192 186 179
2193 180 179
2194 172 180
2195 169 183
2196 169 184
2197 171 183
2198 179 186
2199 184 177
2200 181 185
2201 177 176
2202 174 169
2203 236 95
2204 221 83
2205 226 90
2206 227 79
2207 220 95
2208 229 87
2209 231 89
2210 233 84
2211 222 86
2212 231 94
2213 237 81
2214 236 83
2215 230 79
2216 231 88
2217 236 83
2218 238 89
2219 229 78
2220 227 84
2221 235 91
2222 230 79
2223 226 82
2224 234 94
2225 220 94
2226 228 78
2227 220 89
2228 225 95
2229 233 91
2230 234 80
2231 232 90
2232 236 87
2233 198 31
2234 197 42
2235 201 37
2236 199 36
2237 199 42
2238 190 38
2239 196 31
2240 203 28
2241 200 30
2242 202 28
2243 201 36
2244 189 28
2245 192 33
2246 189 36
2247 196 32
2248 199 40
2249 203 39
2250 197 33
2251 198 33
2252 202 28
2253 192 32
2254 200 32
2255 201 39
2256 193 39
2257 195 29
2258 196 40
2259 200 41
2260 198 40
2261 191 29
2262 194 30
2263 203 47
2264 200 48
2265 203 51
2266 198 59
2267 198 48
2268 188 50
2269 198 59
2270 191 54
2271 189 53
2272 202 57
2273 196 56
2274 188 52
2275 196 55
2276 199 47
2277 196 55
2278 196 59
2279 195 52
2280 197 59
2281 192 57
2282 203 54
2283 203 55
2284 199 45
2285 200 49
2286 197 46
2287 194 59
2288 200 53
2289 196 45
2290 201 59
2291 192 49
2292 200 46
2293 79 27
2294 93 30
2295 79 33
2296 80 27
2297 78 30
2298 95 30
2299 89 37
2300 95 35
2301 90 37
2302 86 35
2303 92 33
2304 92 27
2305 85 40
2306 90 38
2307 86 35
2308 90 41
2309 85 28
2310 93 40
2311 84 41
2312 85 33
2313 94 33
2314 92 34
2315 90 32
2316 86 28
2317 87 34
2318 85 30
2319 79 43
2320 95 29
2321 90 38
2322 80 38
2323 63 38
2324 69 43
2325 76 38
2326 65 37
2327 70 38
2328 76 30
2329 71 42
2330 73 41
2331 68 30
2332 65 36
2333 75 33
2334 63 40
2335 77 42
2336 66 35
2337 75 34
2338 74 29
2339 70 29
2340 71 36
2341 68 32
2342 63 38
2343 69 36
2344 71 37
2345 70 36
2346 73 40
2347 76 34
2348 61 43
2349 67 28
2350 73 36
2351 69 41
2352 65 40
2353 198 137
2354 189 131
2355 200 139
2356 190 145
2357 200 146
2358 192 148
2359 203 135
2360 200 136
2361 191 134
2362 202 150
2363 202 134
2364 192 135
2365 198 148
2366 195 135
2367 194 131
2368 197 136
2369 195 133
2370 202 135
2371 196 146
2372 195 131
2373 192 144
2374 199 137
2375 199 140
2376 190 140
2377 203 142
2378 201 136
2379 198 141
2380 201 134
2381 195 143
2382 190 147
2383 74 10
2384 75 10
2385 74 11
2386 77 7
2387 66 6
2388 77 2
2389 64 6
2390 67 6
2391 67 8
2392 63 10
2393 69 9
2394 61 7
2395 65 4
2396 76 3
2397 71 7
2398 71 0
2399 77 3
2400 69 10
2401 69 2
2402 61 10
2403 65 4
2404 72 3
2405 74 7
2406 70 6
2407 69 4
2408 76 5
2409 72 1
2410 74 7
2411 61 8
2412 63 5
2413 207 73
2414 206 61
2415 213 76
2416 211 73
2417 211 64
2418 219 75
2419 210 64
2420 206 71
2421 205 77
2422 217 75
2423 205 68
2424 208 77
2425 210 72
2426 211 68
2427 211 76
2428 212 77
2429 216 74
2430 208 69
2431 209 76
2432 211 65
2433 209 74
2434 208 75
2435 216 63
2436 216 74
2437 214 62
2438 216 60
2439 204 76
2440 217 64
2441 209 66
2442 216 72
2443 242 65
2444 253 70
2445 253 61
2446 253 70
2447 249 65
2448 242 69
2449 253 71
2450 244 66
2451 242 69
2452 243 77
2453 246 73
2454 246 65
2455 253 63
2456 251 75
2457 247 68
2458 239 72
2459 242 60
2460 244 71
2461 241 75
2462 247 75
2463 244 66
2464 253 74
2465 253 75
2466 253 61
2467 249 77
2468 251 72
2469 245 64
2470 248 62
2471 246 69
2472 245 61
2473 147 150
2474 131 145
2475 149 132
2476 140 150
2477 140 142
2478 149 131
2479 142 141
2480 132 131
2481 150 134
2482 133 143
2483 131 138
2484 149 132
2485 143 131
2486 139 137
2487 147 139
2488 132 142
2489 131 140
2490 142 133
2491 131 133
2492 141 131
2493 132 135
2494 131 133
2495 258 49
2496 267 48
2497 264 53
2498 268 49
2499 268 46
2500 262 47
2501 256 52
2502 265 50
2503 268 57
2504 265 45
2505 263 51
2506 264 53
2507 259 57
2508 262 55
2509 255 55
2510 256 57
2511 265 55
2512 263 45
2513 267 57
2514 263 46
2515 263 56
2516 255 54
2517 266 58
2518 260 54
2519 263 52
2520 257 47
2521 267 59
2522 267 47
2523 255 46
2524 259 56
2525 72 204
2526 68 219
2527 68 209
2528 62 206
2529 71 218
2530 77 205
2531 63 204
2532 61 215
2533 68 206
2534 62 209
2535 71 210
2536 70 207
2537 65 219
2538 67 215
2539 67 209
2540 76 209
2541 62 215
2542 69 207
2543 60 217
2544 72 205
2545 77 207
2546 74 208
2547 73 212
2548 75 206
2549 65 217
2550 74 204
2551 70 205
2552 75 204
2553 60 216
2554 73 216
2555 178 62
2556 187 70
2557 187 67
2558 187 75
2559 177 60
2560 169 68
2561 170 64
2562 183 65
2563 181 69
2564 170 61
2565 177 61
2566 172 63
2567 182 76
2568 169 68
2569 174 72
2570 173 73
2571 185 70
2572 170 65
2573 186 68
2574 187 76
2575 177 70
2576 173 64
2577 187 76
2578 171 75
2579 185 73
2580 175 73
2581 169 60
2582 171 68
2583 186 70
2584 174 72
2585 30 37
2586 40 30
2587 29 44
2588 42 35
2589 40 42
2590 40 44
2591 29 37
2592 42 28
2593 30 28
2594 32 28
2595 35 41
2596 29 28
2597 41 27
2598 34 29
2599 41 29
2600 29 43
2601 41 35
2602 27 36
2603 254 68
2604 262 68
2605 266 71
2606 261 74
2607 260 72
2608 256 65
2609 266 60
2610 259 74
2611 264 61
2612 267 63
2613 261 67
2614 254 65
2615 264 62
2616 263 68
2617 262 66
2618 263 68
2619 262 75
2620 261 77
2621 259 66
2622 254 74
2623 264 60
2624 258 75
2625 263 64
2626 262 65
2627 254 66
2628 258 66
2629 258 71
2630 255 76
2631 254 69
2632 258 72
2633 97 56
2634 102 58
2635 106 54
2636 102 46
2637 101 46
2638 110 49
2639 111 47
2640 105 56
2641 101 49
2642 98 54
2643 106 46
2644 104 59
2645 98 58
2646 110 55
2647 108 46
2648 108 57
2649 103 45
2650 109 45
2651 104 51
2652 105 46
2653 111 51
2654 97 58
2655 100 45
2656 111 46
2657 111 53
2658 111 48
2659 97 54
2660 106 51
2661 100 48
2662 110 49
2663 192 263
2664 188 262
2665 191 260
2666 190 266
2667 196 259
2668 190 259
2669 196 263
2670 194 266
2671 203 261
2672 191 268
2673 188 259
2674 203 261
2675 189 267
2676 202 258
2677 195 261
2678 192 255
2679 190 255
2680 191 262
2681 203 266
2682 194 261
2683 188 261
2684 200 268
2685 201 267
2686 192 258
2687 190 266
2688 201 258
2689 201 257
2690 203 257
2691 201 265
2692 203 267
2693 9 159
2694 5 153
2695 11 151
2696 2 162
2697 2 151
2698 9 152
2699 2 153
2700 11 151
2701 5 158
2702 4 164
2703 9 154
2704 5 155
2705 5 152
2706 3 153
2707 0 165
2708 3 162
2709 9 162
2710 6 159
2711 11 157
2712 11 158
2713 9 154
2714 5 166
2715 11 158
2716 10 166
2717 1 155
2718 0 161
2719 0 168
2720 93 47
2721 79 51
2722 89 54
2723 81 57
2724 89 49
2725 95 45
2726 82 49
2727 93 49
2728 94 48
2729 91 58
2730 95 45
2731 83 47
2732 80 49
2733 78 53
2734 80 56
2735 86 54
2736 92 51
2737 90 48
2738 87 46
2739 83 54
2740 80 45
2741 90 51
2742 93 46
2743 78 51
2744 93 47
2745 90 47
2746 90 48
2747 81 51
2748 95 59
2749 93 59
2750 89 132
2751 95 136
2752 83 145
2753 79 133
2754 83 140
2755 93 149
2756 89 149
2757 80 147
2758 89 132
2759 83 131
2760 93 135
2761 79 142
2762 85 146
2763 84 138
2764 89 138
2765 81 142
2766 83 139
2767 87 134
2768 87 147
2769 95 132
2770 91 150
2771 91 138
2772 78 141
2773 78 145
2774 90 149
2775 94 150
2776 95 149
2777 94 142
2778 87 132
2779 80 136
2780 121 214
2781 121 219
2782 113 215
2783 128 216
2784 130 218
2785 114 209
2786 125 218
2787 123 204
2788 123 206
2789 130 206
2790 126 217
2791 119 213
2792 130 211
2793 122 217
2794 129 218
2795 119 216
2796 130 209
2797 124 215
2798 112 206
2799 114 209
2800 113 218
2801 113 210
2802 128 210
2803 119 209
2804 113 219
2805 122 213
2806 115 217
2807 121 218
2808 130 211
2809 113 216
2810 231 198
2811 221 195
2812 235 201
2813 229 195
2814 237 202
2815 228 200
2816 237 201
2817 223 201
2818 233 197
2819 233 197
2820 228 195
2821 222 202
2822 237 199
2823 224 198
2824 220 190
2825 229 190
2826 220 189
2827 222 196
2828 229 202
2829 228 189
2830 235 197
2831 237 188
2832 234 190
2833 234 200
2834 232 197
2835 231 198
2836 235 199
2837 227 196
2838 233 196
2839 222 191
2840 95 146
2841 91 133
2842 79 135
2843 88 137
2844 89 134
2845 91 143
2846 92 135
2847 91 137
2848 81 131
2849 90 135
2850 79 141
2851 79 149
2852 84 142
2853 93 149
2854 82 146
2855 80 146
2856 91 149
2857 85 148
2858 82 140
2859 79 140
2860 83 144
2861 89 140
2862 81 136
2863 93 132
2864 95 141
2865 82 150
2866 93 138
2867 94 135
2868 88 143
2869 83 148
2870 239 73
2871 244 70
2872 242 63
2873 247 77
2874 245 61
2875 251 68
2876 242 60
2877 251 63
2878 251 68
2879 248 62
2880 244 67
2881 242 75
2882 252 62
2883 251 65
2884 252 75
2885 253 69
2886 246 72
2887 248 76
2888 248 69
2889 252 73
2890 243 60
2891 252 68
2892 243 62
2893 240 71
2894 243 72
2895 242 60
2896 244 60
2897 252 73
2898 244 74
2899 242 76
2900 1 251
2901 11 240
2902 6 246
2903 4 241
2904 2 244
2905 1 245
2906 11 241
2907 6 240
2908 8 244
2909 1 240
2910 6 244
2911 0 250
2912 7 253
2913 4 242
2914 9 251
2915 3 247
2916 11 252
2917 0 246
2918 3 246
2919 2 242
2920 10 249
2921 5 244
2922 2 251
2923 8 249
2924 10 247
2925 10 252
2926 1 242
2927 9 241
2928 2 243
