268 289 10 2935
0 10
1 8
2 4
3 8
4 8
5 8
6 6
7 6
8 11
9 10
10 5
11 10
12 5
13 7
14 4
15 3
16 3
17 3
18 3
19 3
20 4
21 3
22 3
23 3
24 3
25 4
26 3
27 3
28 4
29 3
30 4
31 3
32 6
33 3
34 3
35 5
36 3
37 3
38 3
39 3
40 5
41 3
42 3
43 3
44 3
45 4
46 3
47 3
48 3
49 3
50 3
51 3
52 6
53 4
54 3
55 6
56 3
57 3
58 3
59 3
60 3
61 3
62 3
63 3
64 3
65 4
66 3
67 4
68 3
69 4
70 3
71 3
72 4
73 3
74 4
75 4
76 3
77 3
78 3
79 3
80 4
81 3
82 4
83 4
84 3
85 3
86 3
87 3
88 5
89 7
90 3
91 3
92 4
93 3
94 3
95 3
96 4
97 3
98 3
99 3
100 3
101 4
102 3
103 3
104 4
105 3
106 4
107 3
108 4
109 4
110 3
111 4
112 3
113 6
114 3
115 4
116 3
117 3
118 4
119 3
120 3
121 4
122 3
123 4
124 3
125 3
126 4
127 4
128 3
129 3
130 3
131 3
132 3
133 3
134 3
135 3
136 3
137 3
138 3
139 3
140 6
141 3
142 3
143 4
144 3
145 3
146 3
147 3
148 4
149 3
150 3
151 3
152 3
153 3
154 3
155 3
156 3
157 5
158 3
159 3
160 3
161 3
162 3
163 4
164 3
165 4
166 3
167 4
168 3
169 3
170 3
171 6
172 3
173 3
174 4
175 3
176 4
177 4
178 3
179 3
180 3
181 4
182 4
183 3
184 6
185 3
186 3
187 3
188 5
189 3
190 3
191 3
192 3
193 3
194 3
195 3
196 6
197 3
198 3
199 3
200 3
201 3
202 3
203 3
204 5
205 3
206 3
207 3
208 5
209 5
210 3
211 3
212 4
213 3
214 8
215 4
216 3
217 3
218 3
219 3
220 3
221 3
222 3
223 3
224 3
225 3
226 3
227 4
228 4
229 3
230 3
231 3
232 3
233 3
234 3
235 3
236 3
237 3
238 3
239 3
240 7
241 3
242 4
243 3
244 3
245 3
246 3
247 4
248 4
249 3
250 3
251 3
252 4
253 3
254 3
255 3
256 3
257 4
258 4
259 3
260 3
261 3
262 3
263 3
264 6
265 3
266 3
267 4
0 0 2
1 0 3
2 0 4
3 0 8
4 0 9
5 0 10
6 0 11
7 0 52
8 0 194
9 1 3
10 1 4
11 1 5
12 1 6
13 1 7
14 1 8
15 1 10
16 1 11
17 2 4
18 2 8
19 2 9
20 3 4
21 3 8
22 3 9
23 3 212
24 4 6
25 4 9
26 4 106
27 5 6
28 5 7
29 5 8
30 5 10
31 5 11
32 5 248
33 6 11
34 6 158
35 7 9
36 7 69
37 8 9
38 8 126
39 8 175
40 8 228
41 9 10
42 9 11
43 10 143
44 11 12
45 11 32
46 11 89
47 12 21
48 12 13
49 13 15
50 13 17
51 13 25
52 13 29
53 14 24
54 14 28
55 14 23
56 16 21
57 18 20
58 19 30
59 20 24
60 22 25
61 23 31
62 26 29
63 26 28
64 27 30
65 27 28
66 32 36
67 32 50
68 32 51
69 33 40
70 34 42
71 34 40
72 34 50
73 35 37
74 35 48
75 35 47
76 36 41
77 37 44
78 38 51
79 39 46
80 40 43
81 40 46
82 45 47
83 45 49
84 46 49
85 52 53
86 52 62
87 52 59
88 53 61
89 54 67
90 54 63
91 55 60
92 55 66
93 55 63
94 55 56
95 56 58
96 57 67
97 58 62
98 59 65
99 64 66
100 65 68
101 69 80
102 70 87
103 71 81
104 72 83
105 72 74
106 73 76
107 73 75
108 74 77
109 74 85
110 74 86
111 75 83
112 78 87
113 78 82
114 79 88
115 80 81
116 80 85
117 82 83
118 84 88
119 86 88
120 89 93
121 89 100
122 89 102
123 89 94
124 89 96
125 90 96
126 91 103
127 92 99
128 92 97
129 94 98
130 95 104
131 96 105
132 97 98
133 99 101
134 101 103
135 101 104
136 106 113
137 107 108
138 107 121
139 108 115
140 109 116
141 109 122
142 109 119
143 109 125
144 110 122
145 111 117
146 111 116
147 112 113
148 113 114
149 113 115
150 115 123
151 118 121
152 118 124
153 118 119
154 120 123
155 126 134
156 126 140
157 127 129
158 127 142
159 128 142
160 129 140
161 130 138
162 130 139
163 130 135
164 131 136
165 132 135
166 132 140
167 133 134
168 135 137
169 136 140
170 140 141
171 143 155
172 143 149
173 144 153
174 144 155
175 145 151
176 145 157
177 146 149
178 146 157
179 147 152
180 147 154
181 148 150
182 148 154
183 148 153
184 156 157
185 158 168
186 158 174
187 159 172
188 160 165
189 161 167
190 162 165
191 163 169
192 163 164
193 164 166
194 164 171
195 165 171
196 167 170
197 167 173
198 169 172
199 171 173
200 171 174
201 175 193
202 176 181
203 176 188
204 177 188
205 177 184
206 178 181
207 179 187
208 179 193
209 180 182
210 180 188
211 181 191
212 182 185
213 183 184
214 183 187
215 184 190
216 184 192
217 185 189
218 186 187
219 194 208
220 195 209
221 196 198
222 196 201
223 196 203
224 196 210
225 197 202
226 197 203
227 199 209
228 200 208
229 204 205
230 204 208
231 204 207
232 205 206
233 207 209
234 208 210
235 209 211
236 212 215
237 212 214
238 213 214
239 214 216
240 214 224
241 214 226
242 214 217
243 215 220
244 216 218
245 217 221
246 219 223
247 220 223
248 221 222
249 222 227
250 225 227
251 228 239
252 229 243
253 230 231
254 231 240
255 232 243
256 233 243
257 233 236
258 233 240
259 234 242
260 234 244
261 235 240
262 236 245
263 237 240
264 238 246
265 238 242
266 239 240
267 239 247
268 240 241
269 244 247
270 248 255
271 248 252
272 249 258
273 249 264
274 250 264
275 251 254
276 251 257
277 251 252
278 252 261
279 252 267
280 253 258
281 255 263
282 256 258
283 257 264
284 259 264
285 260 263
286 261 262
287 262 265
288 266 267
0 235 132
1 230 134
2 245 127
3 244 137
4 239 136
5 233 141
6 246 132
7 230 130
8 238 128
9 239 130
10 241 140
11 229 127
12 234 130
13 240 135
14 232 126
15 232 139
16 229 128
17 241 128
18 230 136
19 242 133
20 239 131
21 232 138
22 235 131
23 243 139
24 236 127
25 242 130
26 230 131
27 234 137
28 236 139
29 238 136
30 195 2
31 211 4
32 208 4
33 206 1
34 211 5
35 198 7
36 206 0
37 196 10
38 207 5
39 210 1
40 197 0
41 203 2
42 208 9
43 210 8
44 201 6
45 196 3
46 205 3
47 195 9
48 206 2
49 201 4
50 207 8
51 210 0
52 201 10
53 208 7
54 201 0
55 209 11
56 211 3
57 91 231
58 96 231
59 90 247
60 91 232
61 98 232
62 93 246
63 98 246
64 104 247
65 93 228
66 90 232
67 93 228
68 101 246
69 98 235
70 104 244
71 105 234
72 89 242
73 104 243
74 93 229
75 96 236
76 89 239
77 101 240
78 95 239
79 102 232
80 101 230
81 100 236
82 98 235
83 95 240
84 97 237
85 100 243
86 98 240
87 148 217
88 153 216
89 147 216
90 155 223
91 144 214
92 149 222
93 144 212
94 156 221
95 155 223
96 157 223
97 156 224
98 151 225
99 144 218
100 148 225
101 143 225
102 155 212
103 154 219
104 144 212
105 151 223
106 144 219
107 146 223
108 144 226
109 148 223
110 154 217
111 149 213
112 144 214
113 156 215
114 153 218
115 152 220
116 148 226
117 42 4
118 36 1
119 35 6
120 49 3
121 51 6
122 42 2
123 40 8
124 43 11
125 49 4
126 51 1
127 51 9
128 47 5
129 36 1
130 49 4
131 46 2
132 42 5
133 34 5
134 39 8
135 44 10
136 42 9
137 32 3
138 42 5
139 47 3
140 36 0
141 36 0
142 43 2
143 39 3
144 32 8
145 47 5
146 75 189
147 71 181
148 79 186
149 79 177
150 78 178
151 87 175
152 75 187
153 71 189
154 87 190
155 87 176
156 87 189
157 87 179
158 79 178
159 81 185
160 80 186
161 86 182
162 79 176
163 85 183
164 79 188
165 85 192
166 82 180
167 73 186
168 75 189
169 81 185
170 75 177
171 72 192
172 83 188
173 84 177
174 73 185
175 82 177
176 149 217
177 148 214
178 148 212
179 148 214
180 149 214
181 153 216
182 155 220
183 154 218
184 148 222
185 152 215
186 144 213
187 150 212
188 144 216
189 156 222
190 147 224
191 150 215
192 153 224
193 144 226
194 151 226
195 146 224
196 144 213
197 151 212
198 147 212
199 146 224
200 153 219
201 147 223
202 144 220
203 149 219
204 145 215
205 145 218
206 2 133
207 5 134
208 3 142
209 1 140
210 1 135
211 3 137
212 1 134
213 9 127
214 4 137
215 0 133
216 5 131
217 11 138
218 3 134
219 5 140
220 3 127
221 9 135
222 7 130
223 3 131
224 2 140
225 5 134
226 0 127
227 2 128
228 1 131
229 4 130
230 5 129
231 9 141
232 0 139
233 10 127
234 1 128
235 130 14
236 140 12
237 141 13
238 128 15
239 126 25
240 127 19
241 128 18
242 136 15
243 127 26
244 126 31
245 140 25
246 126 25
247 137 27
248 127 17
249 133 26
250 130 15
251 133 18
252 137 24
253 142 23
254 129 13
255 142 17
256 127 14
257 131 24
258 136 29
259 136 23
260 140 24
261 129 26
262 129 31
263 137 23
264 133 21
265 217 0
266 214 4
267 226 1
268 223 8
269 225 5
270 217 2
271 224 11
272 225 2
273 220 9
274 219 8
275 221 9
276 225 5
277 217 6
278 217 0
279 217 2
280 213 4
281 226 6
282 220 0
283 225 5
284 219 2
285 226 3
286 227 6
287 217 9
288 223 6
289 213 4
290 222 9
291 222 7
292 215 2
293 219 0
294 225 6
295 241 16
296 243 31
297 247 14
298 241 14
299 246 31
300 234 30
301 240 31
302 244 13
303 239 23
304 240 12
305 237 24
306 239 31
307 230 27
308 237 16
309 229 14
310 247 24
311 246 28
312 238 14
313 238 23
314 240 24
315 239 14
316 235 26
317 236 30
318 239 29
319 245 12
320 234 26
321 237 22
322 243 25
323 236 23
324 242 28
325 241 153
326 242 155
327 231 155
328 244 151
329 231 153
330 239 144
331 236 151
332 239 146
333 230 146
334 230 155
335 234 154
336 229 150
337 239 144
338 242 154
339 240 151
340 247 150
341 237 157
342 229 149
343 247 150
344 244 150
345 237 153
346 245 149
347 234 143
348 231 146
349 241 157
350 238 150
351 246 151
352 240 150
353 234 154
354 241 150
355 35 116
356 36 121
357 49 107
358 38 108
359 39 122
360 44 111
361 50 115
362 36 120
363 40 107
364 44 116
365 32 110
366 44 115
367 41 115
368 36 111
369 33 124
370 47 124
371 49 108
372 43 119
373 35 122
374 36 118
375 33 111
376 48 117
377 45 124
378 41 106
379 50 118
380 44 106
381 37 123
382 45 124
383 36 114
384 43 115
385 224 36
386 225 47
387 215 35
388 216 37
389 222 51
390 220 37
391 220 33
392 214 36
393 223 48
394 223 32
395 215 38
396 222 41
397 226 47
398 226 42
399 213 49
400 213 49
401 221 44
402 223 45
403 216 46
404 221 48
405 224 37
406 223 46
407 213 46
408 222 33
409 226 38
410 213 33
411 225 48
412 214 51
413 220 46
414 213 32
415 68 228
416 55 235
417 58 237
418 64 236
419 62 233
420 57 229
421 55 243
422 62 232
423 55 235
424 59 247
425 65 229
426 55 234
427 66 237
428 67 241
429 60 243
430 57 238
431 53 246
432 65 240
433 66 234
434 62 228
435 59 239
436 59 243
437 52 233
438 56 240
439 55 240
440 54 237
441 68 245
442 54 239
443 64 241
444 56 247
445 145 173
446 155 167
447 157 158
448 146 173
449 146 162
450 157 172
451 154 158
452 145 162
453 144 171
454 144 173
455 147 168
456 153 161
457 152 168
458 147 166
459 147 165
460 145 164
461 150 161
462 146 165
463 154 162
464 150 172
465 146 166
466 156 166
467 156 172
468 153 167
469 151 174
470 144 173
471 154 162
472 145 172
473 143 159
474 153 174
475 80 252
476 83 263
477 70 259
478 86 265
479 82 249
480 77 267
481 79 262
482 84 266
483 75 249
484 88 258
485 78 263
486 73 264
487 75 255
488 74 259
489 78 254
490 88 255
491 71 264
492 72 254
493 84 264
494 81 251
495 84 256
496 73 253
497 75 251
498 76 256
499 69 262
500 81 250
501 78 265
502 88 261
503 74 258
504 83 266
505 139 128
506 137 127
507 140 142
508 126 137
509 141 133
510 128 140
511 128 129
512 131 138
513 131 133
514 139 128
515 126 127
516 141 127
517 142 133
518 138 128
519 141 128
520 136 142
521 133 138
522 135 142
523 134 142
524 137 129
525 133 129
526 139 127
527 228 78
528 232 88
529 234 86
530 240 74
531 245 76
532 230 69
533 237 87
534 241 87
535 232 69
536 238 87
537 244 83
538 239 73
539 233 85
540 228 87
541 228 84
542 228 71
543 243 81
544 235 79
545 235 82
546 234 73
547 247 74
548 242 79
549 238 78
550 230 71
551 236 69
552 238 81
553 237 74
554 234 82
555 246 74
556 241 79
557 220 69
558 213 69
559 223 82
560 226 77
561 215 77
562 212 76
563 212 83
564 226 70
565 219 83
566 225 82
567 217 88
568 212 88
569 222 77
570 212 88
571 212 87
572 224 87
573 223 71
574 227 72
575 219 70
576 212 84
577 227 88
578 217 76
579 213 78
580 225 73
581 222 80
582 214 69
583 224 83
584 217 75
585 221 84
586 218 77
587 204 256
588 194 266
589 201 263
590 194 252
591 201 258
592 211 255
593 204 248
594 208 266
595 206 253
596 199 253
597 196 258
598 206 250
599 205 265
600 205 258
601 211 249
602 201 248
603 206 265
604 198 264
605 210 253
606 201 254
607 199 249
608 194 260
609 210 251
610 211 256
611 210 265
612 195 254
613 197 264
614 200 258
615 207 258
616 211 256
617 162 217
618 174 212
619 164 219
620 172 217
621 173 225
622 172 212
623 158 224
624 161 224
625 167 218
626 174 217
627 173 223
628 159 226
629 160 226
630 171 220
631 162 218
632 170 221
633 159 224
634 171 224
635 159 212
636 161 215
637 161 226
638 164 221
639 172 221
640 167 220
641 170 215
642 173 215
643 164 227
644 170 226
645 164 223
646 174 223
647 8 230
648 8 233
649 1 247
650 0 247
651 2 231
652 0 240
653 8 247
654 9 239
655 8 232
656 3 240
657 0 237
658 3 243
659 8 230
660 6 245
661 1 235
662 9 237
663 8 244
664 5 236
665 4 237
666 9 238
667 11 236
668 3 236
669 6 235
670 3 244
671 0 240
672 3 246
673 0 238
674 11 235
675 1 234
676 124 91
677 112 100
678 111 102
679 124 100
680 119 92
681 124 93
682 111 105
683 106 92
684 118 101
685 124 94
686 106 92
687 124 94
688 115 103
689 111 100
690 111 104
691 120 90
692 112 92
693 124 104
694 124 105
695 120 91
696 118 93
697 113 105
698 124 101
699 108 104
700 115 94
701 119 90
702 123 100
703 123 92
704 109 100
705 110 93
706 224 22
707 217 27
708 222 15
709 227 26
710 215 26
711 215 31
712 212 30
713 227 12
714 225 20
715 222 28
716 222 15
717 223 21
718 216 25
719 220 24
720 226 23
721 226 31
722 226 28
723 216 15
724 223 17
725 227 16
726 222 12
727 226 15
728 226 16
729 214 24
730 215 27
731 227 30
732 222 20
733 218 22
734 216 21
735 214 13
736 94 116
737 100 124
738 102 114
739 91 120
740 101 106
741 103 114
742 89 109
743 93 108
744 101 125
745 91 118
746 101 124
747 104 116
748 102 114
749 90 125
750 103 107
751 94 121
752 96 115
753 98 124
754 98 121
755 97 109
756 94 122
757 93 107
758 90 115
759 93 115
760 96 123
761 90 108
762 96 120
763 96 116
764 99 115
765 95 119
766 194 197
767 194 196
768 197 194
769 205 195
770 197 210
771 202 201
772 203 206
773 209 203
774 203 199
775 203 209
776 197 211
777 207 201
778 204 202
779 208 203
780 211 210
781 197 194
782 205 209
783 199 206
784 194 205
785 200 197
786 204 203
787 199 210
788 204 203
789 209 196
790 29 153
791 31 153
792 12 143
793 15 156
794 22 152
795 18 146
796 27 155
797 20 156
798 17 146
799 25 147
800 17 144
801 27 148
802 28 143
803 16 148
804 22 144
805 20 149
806 27 156
807 30 145
808 12 151
809 14 147
810 31 151
811 20 144
812 18 144
813 22 150
814 31 157
815 14 148
816 25 152
817 28 147
818 14 143
819 28 150
820 30 104
821 25 97
822 26 89
823 23 104
824 13 92
825 12 100
826 24 96
827 23 89
828 27 98
829 18 91
830 15 103
831 15 104
832 16 104
833 27 104
834 25 94
835 19 101
836 31 95
837 12 99
838 25 102
839 30 94
840 27 91
841 31 90
842 13 102
843 30 93
844 21 91
845 16 104
846 14 94
847 30 91
848 19 104
849 28 100
850 223 57
851 222 68
852 222 54
853 212 63
854 212 55
855 218 58
856 212 53
857 218 66
858 221 57
859 226 57
860 214 67
861 219 64
862 224 67
863 222 57
864 225 67
865 214 63
866 212 53
867 213 56
868 226 59
869 219 62
870 224 54
871 219 64
872 214 61
873 226 67
874 223 52
875 224 63
876 217 57
877 216 61
878 217 58
879 223 55
880 244 175
881 244 176
882 233 192
883 231 179
884 244 184
885 237 175
886 231 184
887 237 181
888 232 176
889 233 181
890 230 182
891 242 191
892 237 190
893 239 179
894 232 178
895 246 185
896 246 184
897 243 186
898 232 185
899 242 182
900 245 186
901 232 190
902 240 192
903 243 190
904 230 184
905 240 178
906 235 190
907 245 177
908 234 189
909 246 185
910 160 101
911 167 95
912 169 89
913 167 91
914 169 104
915 163 100
916 164 102
917 158 105
918 168 103
919 162 92
920 170 104
921 160 97
922 158 97
923 171 102
924 170 96
925 171 92
926 171 102
927 169 95
928 172 92
929 168 92
930 165 102
931 171 91
932 165 105
933 166 103
934 173 93
935 169 90
936 166 92
937 166 104
938 165 92
939 160 99
940 143 176
941 157 179
942 154 182
943 154 185
944 157 180
945 151 178
946 146 184
947 156 186
948 148 181
949 157 186
950 147 185
951 148 178
952 155 192
953 152 178
954 149 193
955 149 176
956 154 183
957 152 189
958 151 183
959 150 185
960 154 185
961 147 193
962 155 177
963 152 186
964 154 178
965 148 175
966 143 192
967 156 181
968 145 192
969 146 181
970 167 156
971 166 144
972 173 154
973 172 149
974 174 145
975 160 152
976 168 150
977 174 155
978 159 153
979 168 153
980 170 143
981 159 153
982 172 154
983 171 148
984 169 157
985 170 148
986 167 146
987 163 151
988 164 145
989 165 152
990 158 152
991 167 154
992 158 156
993 160 157
994 168 148
995 162 152
996 169 146
997 166 143
998 161 153
999 169 156
1000 34 122
1001 47 115
1002 33 113
1003 34 109
1004 39 121
1005 34 120
1006 44 116
1007 41 123
1008 43 124
1009 51 109
1010 49 123
1011 39 119
1012 42 123
1013 34 123
1014 44 109
1015 39 122
1016 34 114
1017 36 107
1018 42 107
1019 37 111
1020 51 116
1021 51 109
1022 47 114
1023 37 113
1024 43 106
1025 33 122
1026 33 112
1027 48 125
1028 50 113
1029 36 117
1030 19 162
1031 26 161
1032 23 172
1033 22 161
1034 19 161
1035 21 166
1036 13 161
1037 29 172
1038 24 160
1039 20 163
1040 31 174
1041 25 158
1042 17 168
1043 15 166
1044 17 171
1045 23 159
1046 18 172
1047 22 168
1048 21 158
1049 23 169
1050 30 168
1051 12 160
1052 21 158
1053 16 160
1054 27 164
1055 24 161
1056 21 159
1057 12 158
1058 19 168
1059 25 164
1060 34 192
1061 48 185
1062 42 177
1063 35 190
1064 41 183
1065 40 178
1066 50 180
1067 39 178
1068 49 187
1069 44 180
1070 42 181
1071 38 182
1072 32 186
1073 32 192
1074 47 192
1075 47 188
1076 40 180
1077 48 182
1078 43 179
1079 43 186
1080 47 185
1081 36 175
1082 45 181
1083 51 184
1084 32 184
1085 37 190
1086 51 185
1087 40 176
1088 48 177
1089 48 179
1090 190 83
1091 187 87
1092 193 76
1093 178 72
1094 177 69
1095 177 78
1096 178 84
1097 182 80
1098 184 77
1099 180 75
1100 179 71
1101 176 79
1102 189 76
1103 190 88
1104 177 80
1105 178 74
1106 177 69
1107 192 82
1108 191 74
1109 192 73
1110 175 72
1111 182 79
1112 179 84
1113 180 74
1114 184 88
1115 182 71
1116 186 82
1117 185 71
1118 175 88
1119 183 69
1120 140 78
1121 137 82
1122 140 71
1123 129 85
1124 130 80
1125 130 86
1126 137 79
1127 133 84
1128 133 77
1129 132 71
1130 135 86
1131 141 73
1132 142 74
1133 132 81
1134 131 76
1135 141 79
1136 132 87
1137 139 85
1138 137 69
1139 136 76
1140 136 83
1141 138 85
1142 142 84
1143 132 78
1144 141 80
1145 133 82
1146 126 69
1147 141 84
1148 126 74
1149 128 77
1150 135 65
1151 132 52
1152 129 53
1153 142 61
1154 129 58
1155 136 60
1156 136 60
1157 139 58
1158 128 56
1159 128 54
1160 141 62
1161 129 62
1162 127 52
1163 140 59
1164 130 53
1165 142 62
1166 141 52
1167 135 58
1168 132 60
1169 131 67
1170 140 67
1171 135 61
1172 136 61
1173 136 58
1174 127 58
1175 127 64
1176 140 52
1177 128 56
1178 137 61
1179 127 53
1180 93 245
1181 91 239
1182 90 243
1183 104 231
1184 102 245
1185 97 243
1186 91 241
1187 96 235
1188 89 245
1189 89 236
1190 99 230
1191 92 245
1192 102 247
1193 99 239
1194 102 244
1195 91 241
1196 91 243
1197 105 231
1198 97 245
1199 92 228
1200 97 232
1201 93 243
1202 102 239
1203 89 243
1204 97 242
1205 91 236
1206 95 235
1207 99 242
1208 94 246
1209 103 244
1210 264 161
1211 253 159
1212 267 160
1213 256 158
1214 256 158
1215 252 164
1216 249 173
1217 251 166
1218 250 170
1219 266 163
1220 249 158
1221 254 162
1222 253 162
1223 255 158
1224 255 162
1225 249 160
1226 262 163
1227 267 161
1228 267 160
1229 248 164
1230 264 169
1231 252 161
1232 267 163
1233 253 171
1234 263 167
1235 257 171
1236 259 162
1237 261 164
1238 248 164
1239 263 165
1240 110 222
1241 112 224
1242 109 224
1243 125 215
1244 108 215
1245 119 212
1246 109 220
1247 106 215
1248 118 225
1249 121 217
1250 118 213
1251 110 224
1252 113 221
1253 110 215
1254 116 225
1255 108 217
1256 110 216
1257 106 225
1258 120 227
1259 116 227
1260 120 227
1261 111 227
1262 119 218
1263 123 219
1264 108 225
1265 124 218
1266 113 221
1267 125 215
1268 115 217
1269 108 212
1270 84 131
1271 69 127
1272 88 137
1273 86 136
1274 70 139
1275 75 137
1276 85 135
1277 72 128
1278 73 134
1279 85 128
1280 69 129
1281 81 126
1282 71 142
1283 81 138
1284 79 140
1285 73 139
1286 85 131
1287 86 138
1288 69 137
1289 71 131
1290 77 141
1291 84 131
1292 80 141
1293 81 129
1294 73 139
1295 80 142
1296 79 126
1297 83 135
1298 86 127
1299 70 138
1300 101 75
1301 104 75
1302 95 88
1303 90 70
1304 102 71
1305 91 79
1306 99 82
1307 92 69
1308 105 75
1309 105 72
1310 89 84
1311 94 85
1312 95 78
1313 96 84
1314 102 86
1315 97 72
1316 100 81
1317 104 83
1318 95 70
1319 102 69
1320 93 83
1321 97 75
1322 102 83
1323 103 83
1324 105 83
1325 105 74
1326 104 73
1327 91 76
1328 100 70
1329 91 74
1330 208 212
1331 205 222
1332 194 225
1333 196 220
1334 195 223
1335 196 221
1336 197 220
1337 199 216
1338 196 222
1339 210 214
1340 201 212
1341 206 224
1342 200 216
1343 194 223
1344 199 217
1345 200 225
1346 196 223
1347 198 217
1348 196 222
1349 197 224
1350 196 223
1351 208 220
1352 206 214
1353 203 222
1354 208 226
1355 209 220
1356 196 217
1357 210 217
1358 209 224
1359 196 226
1360 212 184
1361 221 188
1362 226 193
1363 215 180
1364 221 181
1365 220 191
1366 213 181
1367 223 191
1368 226 177
1369 216 181
1370 218 176
1371 217 179
1372 217 180
1373 224 185
1374 227 186
1375 222 187
1376 214 189
1377 224 181
1378 214 175
1379 218 177
1380 221 191
1381 227 187
1382 222 181
1383 214 186
1384 217 180
1385 225 191
1386 217 180
1387 214 176
1388 216 187
1389 224 190
1390 151 79
1391 143 87
1392 148 69
1393 151 83
1394 154 80
1395 152 85
1396 153 71
1397 148 85
1398 152 73
1399 149 69
1400 144 88
1401 153 80
1402 154 72
1403 155 76
1404 153 88
1405 153 74
1406 150 80
1407 146 73
1408 147 76
1409 145 87
1410 151 86
1411 150 87
1412 155 70
1413 146 79
1414 147 73
1415 147 72
1416 146 77
1417 145 83
1418 150 82
1419 154 84
1420 147 4
1421 156 10
1422 154 8
1423 153 3
1424 144 11
1425 145 6
1426 155 6
1427 156 6
1428 147 8
1429 149 8
1430 154 9
1431 154 10
1432 152 7
1433 144 2
1434 150 7
1435 157 6
1436 148 9
1437 152 8
1438 145 2
1439 149 5
1440 147 7
1441 156 3
1442 152 10
1443 152 3
1444 156 10
1445 153 11
1446 154 11
1447 145 7
1448 147 11
1449 6 95
1450 11 99
1451 4 96
1452 5 91
1453 2 98
1454 7 96
1455 8 95
1456 5 101
1457 3 101
1458 3 92
1459 1 93
1460 3 94
1461 1 100
1462 7 96
1463 8 93
1464 11 90
1465 5 103
1466 1 94
1467 8 103
1468 0 101
1469 2 100
1470 9 98
1471 7 93
1472 11 99
1473 0 98
1474 6 101
1475 0 103
1476 82 127
1477 83 126
1478 87 132
1479 78 128
1480 83 138
1481 88 128
1482 88 138
1483 82 127
1484 76 129
1485 72 126
1486 78 141
1487 74 134
1488 76 133
1489 74 130
1490 74 134
1491 85 135
1492 85 134
1493 76 142
1494 86 138
1495 84 136
1496 88 138
1497 73 130
1498 84 135
1499 80 128
1500 74 126
1501 71 133
1502 75 135
1503 84 132
1504 83 141
1505 74 131
1506 78 168
1507 80 158
1508 74 172
1509 80 172
1510 69 160
1511 72 158
1512 87 162
1513 70 162
1514 72 160
1515 79 168
1516 84 170
1517 87 162
1518 81 174
1519 81 164
1520 70 167
1521 69 172
1522 78 164
1523 72 168
1524 69 161
1525 79 167
1526 71 167
1527 75 169
1528 69 162
1529 81 168
1530 74 167
1531 87 158
1532 81 172
1533 69 161
1534 81 163
1535 71 173
1536 41 125
1537 34 118
1538 43 113
1539 40 106
1540 36 112
1541 33 106
1542 47 123
1543 46 120
1544 40 115
1545 41 116
1546 40 106
1547 51 106
1548 51 118
1549 42 111
1550 45 120
1551 40 106
1552 43 123
1553 49 117
1554 49 107
1555 47 117
1556 50 125
1557 32 124
1558 39 123
1559 34 112
1560 43 111
1561 48 106
1562 51 109
1563 35 114
1564 49 106
1565 47 106
1566 208 59
1567 197 56
1568 209 64
1569 196 67
1570 195 59
1571 196 57
1572 198 58
1573 196 61
1574 209 56
1575 207 60
1576 198 52
1577 205 55
1578 194 59
1579 201 61
1580 204 54
1581 209 65
1582 194 62
1583 207 56
1584 198 58
1585 207 64
1586 204 56
1587 210 67
1588 194 54
1589 203 52
1590 202 64
1591 201 52
1592 205 67
1593 200 55
1594 198 63
1595 201 66
1596 52 76
1597 53 87
1598 58 84
1599 55 71
1600 61 70
1601 64 80
1602 63 81
1603 59 85
1604 54 77
1605 59 70
1606 59 80
1607 65 81
1608 63 72
1609 55 78
1610 56 70
1611 63 70
1612 55 88
1613 61 73
1614 55 86
1615 53 87
1616 65 86
1617 56 86
1618 64 87
1619 53 71
1620 68 74
1621 64 80
1622 62 82
1623 58 74
1624 55 79
1625 68 78
1626 104 234
1627 90 238
1628 105 244
1629 101 243
1630 94 230
1631 94 241
1632 94 241
1633 98 237
1634 89 232
1635 99 236
1636 91 232
1637 100 241
1638 103 230
1639 100 241
1640 103 243
1641 89 232
1642 94 233
1643 97 233
1644 91 229
1645 89 236
1646 89 242
1647 91 228
1648 105 241
1649 96 244
1650 104 233
1651 102 245
1652 93 229
1653 91 229
1654 89 244
1655 97 237
1656 31 76
1657 31 75
1658 17 78
1659 14 75
1660 19 86
1661 20 77
1662 15 82
1663 25 86
1664 22 70
1665 20 81
1666 27 74
1667 12 81
1668 17 81
1669 18 86
1670 25 78
1671 30 70
1672 31 69
1673 20 75
1674 22 71
1675 20 69
1676 26 84
1677 19 73
1678 23 76
1679 28 72
1680 19 70
1681 22 77
1682 22 81
1683 24 78
1684 14 79
1685 29 84
1686 60 67
1687 68 64
1688 63 61
1689 67 60
1690 62 60
1691 62 61
1692 52 55
1693 54 56
1694 65 67
1695 60 62
1696 52 54
1697 54 52
1698 59 54
1699 68 54
1700 53 58
1701 67 64
1702 60 67
1703 64 54
1704 54 59
1705 68 63
1706 115 219
1707 120 220
1708 117 212
1709 121 224
1710 111 221
1711 110 224
1712 107 212
1713 109 214
1714 108 218
1715 125 219
1716 116 215
1717 125 218
1718 124 219
1719 124 214
1720 119 214
1721 106 217
1722 116 224
1723 124 226
1724 106 220
1725 114 218
1726 114 215
1727 106 223
1728 124 219
1729 124 223
1730 122 222
1731 120 212
1732 116 218
1733 117 225
1734 117 216
1735 116 223
1736 25 10
1737 16 3
1738 24 3
1739 31 4
1740 26 7
1741 15 0
1742 31 7
1743 28 8
1744 29 11
1745 12 2
1746 23 4
1747 15 7
1748 22 2
1749 22 10
1750 24 3
1751 23 11
1752 16 3
1753 16 4
1754 17 7
1755 26 9
1756 24 11
1757 13 10
1758 17 11
1759 16 8
1760 15 4
1761 13 2
1762 28 7
1763 25 11
1764 93 2
1765 99 9
1766 94 0
1767 102 4
1768 101 2
1769 98 2
1770 98 5
1771 97 5
1772 97 3
1773 105 3
1774 98 0
1775 101 10
1776 100 1
1777 105 9
1778 94 3
1779 93 0
1780 99 10
1781 105 6
1782 93 2
1783 95 8
1784 101 5
1785 99 9
1786 103 11
1787 95 8
1788 90 1
1789 91 4
1790 99 8
1791 103 11
1792 94 2
1793 98 11
1794 148 230
1795 144 232
1796 148 229
1797 153 237
1798 152 234
1799 144 246
1800 146 233
1801 151 232
1802 149 231
1803 153 239
1804 152 236
1805 153 234
1806 145 242
1807 149 240
1808 153 235
1809 157 243
1810 144 229
1811 152 247
1812 148 237
1813 154 239
1814 151 229
1815 148 232
1816 145 240
1817 143 232
1818 147 235
1819 149 246
1820 151 229
1821 150 229
1822 149 244
1823 155 244
1824 142 231
1825 137 232
1826 133 229
1827 136 232
1828 139 246
1829 134 246
1830 135 240
1831 139 247
1832 138 235
1833 138 243
1834 129 232
1835 136 242
1836 140 247
1837 138 243
1838 140 237
1839 127 238
1840 127 246
1841 129 244
1842 133 229
1843 135 240
1844 127 244
1845 135 229
1846 129 240
1847 139 228
1848 132 235
1849 140 236
1850 128 242
1851 133 236
1852 140 237
1853 136 231
1854 138 82
1855 140 70
1856 141 80
1857 132 70
1858 142 70
1859 128 87
1860 139 85
1861 140 87
1862 127 70
1863 133 83
1864 134 75
1865 130 72
1866 132 88
1867 141 71
1868 139 85
1869 127 87
1870 128 76
1871 129 84
1872 128 75
1873 127 77
1874 133 69
1875 135 85
1876 142 82
1877 130 69
1878 140 86
1879 127 85
1880 136 72
1881 136 81
1882 138 85
1883 141 70
1884 40 141
1885 33 142
1886 38 131
1887 50 131
1888 32 142
1889 38 131
1890 46 132
1891 46 134
1892 40 130
1893 37 137
1894 38 128
1895 50 132
1896 35 128
1897 35 130
1898 47 131
1899 41 133
1900 48 131
1901 44 128
1902 38 132
1903 43 129
1904 51 133
1905 39 131
1906 46 136
1907 43 128
1908 44 128
1909 40 142
1910 36 127
1911 37 128
1912 49 135
1913 50 139
1914 226 247
1915 216 244
1916 221 238
1917 224 231
1918 217 243
1919 221 247
1920 221 245
1921 221 246
1922 220 246
1923 214 234
1924 220 241
1925 221 244
1926 212 244
1927 215 231
1928 213 241
1929 218 238
1930 220 241
1931 227 247
1932 214 244
1933 218 246
1934 213 231
1935 220 245
1936 223 230
1937 227 236
1938 212 244
1939 226 231
1940 226 231
1941 213 247
1942 223 243
1943 226 229
1944 119 5
1945 117 11
1946 116 11
1947 108 4
1948 118 4
1949 122 6
1950 124 9
1951 117 10
1952 108 4
1953 108 8
1954 120 4
1955 109 11
1956 122 3
1957 111 4
1958 113 11
1959 109 3
1960 122 0
1961 111 8
1962 124 11
1963 111 6
1964 106 8
1965 113 9
1966 115 2
1967 123 1
1968 107 6
1969 121 5
1970 122 0
1971 125 11
1972 109 1
1973 121 10
1974 41 154
1975 39 154
1976 47 152
1977 46 145
1978 46 155
1979 41 152
1980 49 155
1981 33 156
1982 35 155
1983 48 149
1984 43 150
1985 45 150
1986 38 144
1987 34 146
1988 44 152
1989 32 145
1990 47 144
1991 44 147
1992 50 155
1993 36 144
1994 35 148
1995 45 143
1996 34 157
1997 40 150
1998 40 156
1999 37 148
2000 36 150
2001 37 150
2002 43 151
2003 37 154
2004 84 204
2005 87 210
2006 79 194
2007 70 209
2008 83 194
2009 87 197
2010 77 209
2011 78 201
2012 82 210
2013 83 196
2014 86 209
2015 80 204
2016 75 195
2017 81 198
2018 77 197
2019 71 208
2020 88 200
2021 88 198
2022 73 202
2023 80 207
2024 84 198
2025 78 195
2026 82 207
2027 85 195
2028 78 200
2029 85 211
2030 73 199
2031 71 207
2032 75 208
2033 73 199
2034 148 48
2035 147 32
2036 150 35
2037 148 51
2038 153 44
2039 154 37
2040 151 45
2041 150 32
2042 147 50
2043 153 40
2044 148 40
2045 143 45
2046 154 48
2047 143 50
2048 147 34
2049 157 48
2050 150 32
2051 146 36
2052 153 42
2053 155 42
2054 146 43
2055 150 46
2056 144 40
2057 157 51
2058 147 36
2059 146 44
2060 153 43
2061 156 39
2062 144 44
2063 153 40
2064 217 261
2065 217 249
2066 216 266
2067 227 265
2068 222 255
2069 224 251
2070 216 259
2071 218 260
2072 218 265
2073 214 261
2074 214 256
2075 225 258
2076 221 258
2077 224 263
2078 219 248
2079 222 252
2080 220 260
2081 222 266
2082 217 254
2083 215 260
2084 219 257
2085 218 266
2086 224 261
2087 224 253
2088 218 265
2089 219 252
2090 214 259
2091 214 252
2092 223 250
2093 227 253
2094 19 176
2095 29 191
2096 20 178
2097 26 175
2098 20 177
2099 19 181
2100 18 186
2101 12 179
2102 31 184
2103 18 190
2104 16 184
2105 27 185
2106 23 185
2107 27 188
2108 18 182
2109 30 188
2110 20 187
2111 12 192
2112 21 182
2113 29 189
2114 19 187
2115 30 190
2116 28 183
2117 17 185
2118 28 191
2119 30 185
2120 20 187
2121 17 190
2122 24 190
2123 24 181
2124 175 99
2125 179 98
2126 176 102
2127 192 93
2128 192 102
2129 186 102
2130 179 93
2131 178 103
2132 179 93
2133 182 103
2134 179 93
2135 180 89
2136 190 100
2137 175 102
2138 193 103
2139 177 96
2140 181 105
2141 180 105
2142 176 89
2143 189 97
2144 193 101
2145 184 98
2146 176 100
2147 186 98
2148 190 92
2149 192 105
2150 175 94
2151 191 92
2152 185 101
2153 192 103
2154 221 177
2155 224 184
2156 214 180
2157 221 188
2158 220 190
2159 222 189
2160 227 189
2161 215 175
2162 224 175
2163 218 176
2164 216 193
2165 215 183
2166 219 188
2167 215 178
2168 219 192
2169 224 179
2170 215 192
2171 219 191
2172 218 181
2173 220 177
2174 224 189
2175 215 188
2176 220 192
2177 216 186
2178 223 184
2179 212 192
2180 220 193
2181 220 183
2182 225 180
2183 214 190
2184 59 66
2185 66 65
2186 62 64
2187 67 58
2188 67 61
2189 62 55
2190 65 56
2191 52 67
2192 63 65
2193 58 53
2194 61 64
2195 59 66
2196 62 66
2197 66 68
2198 64 54
2199 63 52
2200 4 43
2201 2 51
2202 7 42
2203 11 43
2204 2 40
2205 9 43
2206 11 46
2207 7 46
2208 8 39
2209 6 36
2210 10 48
2211 3 49
2212 1 37
2213 8 49
2214 9 37
2215 9 51
2216 9 39
2217 6 34
2218 7 47
2219 3 32
2220 7 46
2221 1 39
2222 6 44
2223 5 34
2224 7 40
2225 6 49
2226 6 43
2227 75 45
2228 73 44
2229 76 38
2230 73 37
2231 78 45
2232 70 38
2233 88 42
2234 82 41
2235 81 33
2236 74 47
2237 74 34
2238 76 36
2239 83 34
2240 87 41
2241 87 41
2242 76 32
2243 86 49
2244 69 51
2245 78 47
2246 69 46
2247 73 40
2248 72 38
2249 76 38
2250 77 43
2251 75 44
2252 76 44
2253 72 38
2254 73 44
2255 86 38
2256 81 40
2257 148 95
2258 147 105
2259 145 94
2260 143 97
2261 148 104
2262 143 89
2263 147 105
2264 146 93
2265 150 92
2266 145 100
2267 146 98
2268 144 102
2269 157 95
2270 155 101
2271 157 90
2272 153 102
2273 147 104
2274 144 90
2275 152 89
2276 154 97
2277 144 93
2278 144 89
2279 153 101
2280 144 91
2281 144 89
2282 150 105
2283 145 97
2284 145 104
2285 150 102
2286 146 90
2287 144 31
2288 146 19
2289 151 26
2290 150 30
2291 147 12
2292 151 20
2293 156 17
2294 157 16
2295 147 18
2296 145 18
2297 149 12
2298 144 30
2299 146 15
2300 152 18
2301 147 31
2302 146 21
2303 147 17
2304 150 21
2305 150 22
2306 157 16
2307 146 17
2308 149 12
2309 145 27
2310 155 15
2311 144 30
2312 154 29
2313 153 14
2314 152 25
2315 147 16
2316 155 16
2317 241 218
2318 246 214
2319 234 213
2320 243 222
2321 236 217
2322 230 220
2323 233 216
2324 231 215
2325 240 221
2326 240 227
2327 234 223
2328 229 226
2329 245 218
2330 243 218
2331 243 226
2332 243 214
2333 236 215
2334 246 220
2335 245 215
2336 234 219
2337 231 226
2338 246 222
2339 230 223
2340 235 226
2341 234 226
2342 244 213
2343 242 219
2344 234 214
2345 235 217
2346 230 221
2347 8 130
2348 5 128
2349 7 140
2350 11 135
2351 4 134
2352 6 127
2353 6 139
2354 9 134
2355 6 133
2356 0 134
2357 8 129
2358 3 131
2359 9 142
2360 7 133
2361 8 127
2362 6 141
2363 4 133
2364 6 135
2365 4 134
2366 4 132
2367 5 128
2368 3 131
2369 2 134
2370 7 131
2371 1 129
2372 0 138
2373 4 140
2374 0 133
2375 1 141
2376 6 128
2377 209 23
2378 210 16
2379 209 25
2380 211 20
2381 200 29
2382 200 14
2383 204 25
2384 196 26
2385 199 17
2386 208 25
2387 203 21
2388 196 22
2389 200 13
2390 201 25
2391 198 21
2392 207 27
2393 210 25
2394 198 14
2395 209 30
2396 202 17
2397 196 31
2398 199 30
2399 197 25
2400 209 20
2401 197 15
2402 206 20
2403 205 27
2404 197 26
2405 195 20
2406 203 17
2407 129 61
2408 137 58
2409 142 64
2410 126 65
2411 139 63
2412 127 60
2413 141 56
2414 133 52
2415 132 55
2416 131 55
2417 139 63
2418 132 55
2419 128 55
2420 142 68
2421 142 52
2422 134 52
2423 130 60
2424 126 63
2425 135 63
2426 131 61
2427 134 67
2428 142 64
2429 128 53
2430 128 59
2431 126 52
2432 130 62
2433 134 61
2434 136 66
2435 131 53
2436 138 56
2437 258 204
2438 248 209
2439 261 207
2440 260 199
2441 267 199
2442 263 200
2443 253 204
2444 267 201
2445 254 195
2446 252 208
2447 254 194
2448 251 205
2449 256 210
2450 258 200
2451 254 201
2452 255 203
2453 263 206
2454 252 196
2455 256 207
2456 248 197
2457 248 198
2458 267 211
2459 264 206
2460 251 209
2461 249 211
2462 252 207
2463 261 194
2464 253 199
2465 267 199
2466 259 197
2467 166 223
2468 166 214
2469 165 223
2470 173 213
2471 171 224
2472 165 219
2473 160 226
2474 170 212
2475 163 215
2476 164 215
2477 165 227
2478 173 218
2479 163 212
2480 168 225
2481 163 217
2482 170 212
2483 166 216
2484 160 217
2485 167 225
2486 170 224
2487 161 227
2488 161 219
2489 171 225
2490 167 227
2491 163 221
2492 168 225
2493 174 226
2494 158 212
2495 166 223
2496 173 215
2497 6 218
2498 1 217
2499 7 222
2500 8 227
2501 9 221
2502 10 213
2503 7 217
2504 10 220
2505 3 219
2506 1 216
2507 3 213
2508 3 226
2509 8 213
2510 8 223
2511 4 226
2512 3 213
2513 9 217
2514 9 221
2515 5 215
2516 0 222
2517 7 218
2518 6 224
2519 0 221
2520 10 224
2521 2 216
2522 11 221
2523 4 220
2524 9 213
2525 97 9
2526 95 7
2527 96 10
2528 94 7
2529 92 4
2530 100 8
2531 93 4
2532 90 2
2533 91 5
2534 104 0
2535 93 6
2536 97 5
2537 92 9
2538 89 3
2539 100 9
2540 92 8
2541 91 6
2542 92 8
2543 101 3
2544 101 4
2545 92 8
2546 98 1
2547 101 11
2548 92 2
2549 105 8
2550 94 2
2551 91 8
2552 226 263
2553 225 265
2554 216 264
2555 217 248
2556 217 261
2557 212 252
2558 218 255
2559 216 255
2560 226 253
2561 221 261
2562 218 257
2563 222 264
2564 221 262
2565 227 267
2566 221 256
2567 212 251
2568 223 263
2569 215 257
2570 223 253
2571 224 267
2572 227 251
2573 221 261
2574 214 258
2575 224 249
2576 222 263
2577 213 251
2578 213 254
2579 220 264
2580 222 255
2581 218 264
2582 136 255
2583 129 249
2584 136 249
2585 136 255
2586 133 259
2587 128 248
2588 142 253
2589 131 254
2590 131 264
2591 127 260
2592 131 257
2593 135 260
2594 129 264
2595 129 260
2596 130 264
2597 128 267
2598 131 256
2599 127 256
2600 129 261
2601 132 263
2602 133 251
2603 131 259
2604 137 249
2605 128 262
2606 127 267
2607 137 256
2608 142 257
2609 131 254
2610 140 248
2611 139 249
2612 169 257
2613 173 261
2614 166 256
2615 167 267
2616 166 249
2617 162 261
2618 162 257
2619 163 260
2620 164 250
2621 159 259
2622 170 255
2623 162 267
2624 165 259
2625 158 262
2626 166 267
2627 173 254
2628 163 259
2629 165 253
2630 174 263
2631 163 248
2632 160 250
2633 164 254
2634 163 248
2635 158 261
2636 172 263
2637 167 261
2638 168 253
2639 170 263
2640 170 253
2641 163 249
2642 200 59
2643 205 60
2644 211 63
2645 210 64
2646 198 58
2647 200 56
2648 198 61
2649 202 66
2650 200 58
2651 205 65
2652 202 62
2653 198 64
2654 202 62
2655 211 53
2656 207 64
2657 195 61
2658 209 61
2659 203 54
2660 194 65
2661 198 61
2662 197 62
2663 207 55
2664 203 68
2665 206 64
2666 203 63
2667 196 68
2668 200 54
2669 205 63
2670 205 64
2671 196 64
2672 140 86
2673 132 83
2674 131 73
2675 134 86
2676 130 86
2677 141 80
2678 132 74
2679 135 86
2680 133 80
2681 133 77
2682 129 73
2683 126 76
2684 128 81
2685 126 71
2686 132 75
2687 132 88
2688 133 72
2689 128 83
2690 141 71
2691 134 77
2692 140 70
2693 136 86
2694 138 81
2695 132 78
2696 133 81
2697 141 88
2698 142 69
2699 130 76
2700 132 73
2701 135 83
2702 92 165
2703 100 170
2704 96 164
2705 101 165
2706 103 172
2707 96 163
2708 100 164
2709 99 158
2710 96 173
2711 89 170
2712 93 164
2713 95 162
2714 103 169
2715 92 161
2716 92 174
2717 101 169
2718 93 169
2719 97 169
2720 104 163
2721 99 170
2722 102 168
2723 100 167
2724 89 167
2725 94 159
2726 104 163
2727 104 161
2728 97 158
2729 90 167
2730 105 168
2731 98 164
2732 131 0
2733 128 5
2734 128 3
2735 128 8
2736 130 10
2737 135 0
2738 130 11
2739 133 3
2740 141 1
2741 138 2
2742 131 6
2743 127 10
2744 127 10
2745 127 3
2746 140 9
2747 138 8
2748 136 0
2749 130 8
2750 141 7
2751 130 7
2752 136 4
2753 131 2
2754 132 8
2755 127 3
2756 138 11
2757 140 7
2758 130 11
2759 127 0
2760 98 246
2761 101 242
2762 89 241
2763 105 243
2764 102 230
2765 90 243
2766 94 233
2767 89 238
2768 90 237
2769 91 232
2770 89 247
2771 98 243
2772 92 233
2773 90 247
2774 99 228
2775 92 246
2776 97 243
2777 95 240
2778 103 239
2779 104 246
2780 99 247
2781 96 239
2782 94 244
2783 95 235
2784 105 236
2785 92 246
2786 105 230
2787 89 241
2788 95 235
2789 101 243
2790 24 21
2791 24 22
2792 19 20
2793 19 29
2794 25 31
2795 13 27
2796 22 17
2797 20 16
2798 20 29
2799 28 15
2800 18 25
2801 24 19
2802 15 27
2803 18 26
2804 21 27
2805 20 22
2806 15 31
2807 17 22
2808 17 31
2809 30 31
2810 30 24
2811 21 30
2812 27 20
2813 31 17
2814 25 24
2815 173 203
2816 171 201
2817 167 194
2818 170 203
2819 164 207
2820 167 202
2821 158 210
2822 163 198
2823 163 198
2824 161 210
2825 173 211
2826 158 208
2827 164 209
2828 160 211
2829 172 194
2830 159 206
2831 159 204
2832 165 208
2833 168 203
2834 169 198
2835 172 201
2836 166 207
2837 168 194
2838 161 205
2839 168 195
2840 174 196
2841 165 199
2842 172 198
2843 163 198
2844 162 206
2845 209 36
2846 211 32
2847 194 37
2848 211 34
2849 194 41
2850 197 48
2851 205 47
2852 202 35
2853 210 35
2854 198 36
2855 196 40
2856 199 51
2857 203 38
2858 196 33
2859 197 36
2860 209 47
2861 196 39
2862 201 33
2863 205 41
2864 211 48
2865 202 46
2866 205 43
2867 197 50
2868 194 49
2869 197 44
2870 197 46
2871 194 39
2872 200 49
2873 201 44
2874 203 42
2875 181 95
2876 175 102
2877 184 105
2878 190 92
2879 189 99
2880 180 90
2881 178 95
2882 181 94
2883 187 89
2884 180 99
2885 175 98
2886 190 100
2887 177 105
2888 175 93
2889 187 101
2890 184 99
2891 187 93
2892 186 97
2893 178 95
2894 191 100
2895 182 103
2896 189 91
2897 184 102
2898 179 92
2899 192 92
2900 175 103
2901 184 101
2902 191 99
2903 185 100
2904 180 94
2905 64 264
2906 52 253
2907 53 258
2908 63 252
2909 65 255
2910 55 255
2911 52 267
2912 52 266
2913 60 253
2914 60 264
2915 62 260
2916 57 264
2917 56 265
2918 60 252
2919 60 267
2920 59 259
2921 68 260
2922 54 266
2923 59 256
2924 67 265
2925 63 265
2926 53 259
2927 52 249
2928 67 255
2929 55 251
2930 53 265
2931 62 267
2932 60 250
2933 66 259
2934 52 267
