227 246 10 2921
0 6
1 6
2 11
3 7
4 6
5 8
6 7
7 9
8 7
9 4
10 5
11 9
12 4
13 3
14 4
15 3
16 4
17 3
18 4
19 3
20 5
21 3
22 4
23 4
24 3
25 5
26 3
27 3
28 3
29 3
30 3
31 3
32 3
33 3
34 4
35 4
36 3
37 3
38 4
39 5
40 3
41 3
42 4
43 3
44 3
45 3
46 6
47 3
48 5
49 3
50 4
51 3
52 4
53 5
54 3
55 3
56 3
57 5
58 3
59 4
60 3
61 5
62 3
63 4
64 4
65 3
66 3
67 3
68 4
69 4
70 3
71 3
72 3
73 4
74 3
75 3
76 3
77 3
78 3
79 4
80 3
81 3
82 3
83 3
84 7
85 3
86 4
87 3
88 3
89 3
90 4
91 4
92 4
93 3
94 3
95 3
96 5
97 3
98 4
99 3
100 3
101 3
102 3
103 3
104 4
105 7
106 5
107 3
108 3
109 3
110 4
111 3
112 3
113 5
114 3
115 3
116 4
117 4
118 3
119 3
120 3
121 5
122 3
123 4
124 4
125 3
126 3
127 4
128 4
129 3
130 3
131 3
132 5
133 4
134 3
135 3
136 3
137 3
138 3
139 6
140 3
141 3
142 3
143 4
144 4
145 3
146 3
147 4
148 3
149 3
150 3
151 3
152 4
153 3
154 4
155 3
156 3
157 3
158 3
159 3
160 4
161 3
162 3
163 3
164 4
165 5
166 3
167 4
168 4
169 4
170 5
171 3
172 4
173 3
174 4
175 3
176 3
177 3
178 5
179 3
180 3
181 3
182 3
183 5
184 3
185 6
186 3
187 5
188 4
189 3
190 3
191 3
192 3
193 3
194 4
195 4
196 3
197 4
198 3
199 3
200 5
201 4
202 3
203 3
204 3
205 3
206 3
207 3
208 3
209 3
210 3
211 3
212 4
213 3
214 4
215 4
216 3
217 4
218 4
219 4
220 3
221 3
222 3
223 3
224 3
225 4
226 4
0 0 2
1 0 4
2 0 5
3 0 6
4 0 11
5 1 2
6 1 5
7 1 6
8 1 8
9 1 11
10 2 4
11 2 6
12 2 7
13 2 8
14 2 9
15 2 11
16 2 113
17 3 5
18 3 7
19 3 8
20 3 9
21 3 11
22 3 31
23 3 63
24 4 5
25 4 7
26 4 11
27 4 178
28 5 6
29 5 7
30 5 143
31 6 11
32 6 97
33 7 9
34 7 10
35 7 12
36 7 78
37 7 158
38 8 194
39 8 212
40 9 10
41 10 11
42 11 47
43 11 128
44 12 14
45 12 25
46 12 17
47 13 25
48 14 19
49 15 20
50 16 27
51 16 28
52 16 23
53 17 21
54 17 30
55 18 26
56 18 24
57 18 21
58 20 23
59 20 22
60 22 25
61 24 29
62 31 44
63 31 34
64 32 42
65 33 35
66 33 38
67 34 46
68 35 41
69 36 39
70 37 46
71 38 44
72 39 40
73 39 43
74 42 46
75 43 44
76 45 46
77 47 48
78 48 58
79 48 52
80 49 59
81 50 59
82 50 61
83 51 61
84 52 55
85 52 62
86 53 54
87 53 56
88 53 59
89 57 60
90 57 61
91 57 58
92 63 71
93 63 64
94 64 65
95 64 69
96 66 70
97 66 68
98 66 67
99 67 76
100 68 69
101 69 73
102 72 76
103 72 77
104 73 75
105 74 76
106 78 92
107 79 80
108 79 95
109 81 84
110 81 96
111 82 90
112 82 94
113 83 94
114 84 85
115 84 88
116 84 91
117 84 94
118 86 93
119 86 91
120 87 90
121 89 96
122 92 93
123 95 96
124 97 98
125 98 106
126 99 110
127 99 105
128 100 105
129 101 103
130 101 110
131 102 104
132 102 112
133 104 111
134 105 106
135 105 109
136 105 107
137 106 108
138 107 111
139 113 120
140 113 116
141 114 119
142 114 117
143 115 118
144 115 124
145 115 127
146 116 121
147 116 124
148 117 123
149 121 125
150 121 122
151 122 126
152 123 127
153 128 139
154 129 130
155 129 141
156 129 132
157 131 133
158 132 135
159 132 136
160 132 139
161 133 140
162 133 141
163 134 138
164 137 139
165 138 139
166 139 142
167 143 148
168 143 154
169 144 150
170 144 147
171 145 146
172 145 149
173 147 148
174 149 152
175 149 157
176 150 153
177 151 156
178 151 153
179 152 155
180 154 157
181 158 176
182 158 173
183 159 173
184 159 168
185 160 162
186 160 161
187 161 172
188 163 167
189 164 169
190 164 177
191 165 166
192 165 167
193 165 174
194 168 170
195 169 171
196 169 174
197 169 170
198 170 172
199 170 175
200 178 189
201 178 185
202 178 183
203 179 192
204 180 185
205 181 185
206 182 188
207 182 193
208 183 184
209 183 193
210 185 187
211 186 191
212 187 191
213 187 192
214 188 190
215 194 209
216 194 197
217 195 203
218 195 200
219 195 206
220 195 208
221 196 202
222 196 205
223 197 208
224 197 201
225 198 206
226 199 203
227 200 204
228 200 205
229 201 207
230 201 211
231 207 210
232 212 218
233 212 225
234 213 215
235 214 216
236 214 219
237 214 225
238 215 218
239 217 220
240 217 218
241 219 223
242 221 226
243 222 225
244 224 225
245 224 226
0 152 226
1 145 226
2 153 222
3 147 222
4 148 221
5 155 225
6 153 218
7 147 221
8 157 221
9 144 217
10 143 223
11 146 221
12 143 219
13 145 216
14 150 219
15 151 213
16 148 215
17 144 213
18 144 224
19 148 218
20 152 225
21 144 212
22 153 224
23 143 223
24 146 213
25 143 215
26 152 224
27 145 212
28 157 220
29 153 219
30 116 154
31 124 150
32 123 157
33 124 152
34 126 154
35 115 150
36 120 152
37 123 143
38 117 145
39 123 143
40 117 156
41 124 153
42 121 151
43 123 147
44 120 143
45 120 155
46 122 147
47 127 149
48 117 157
49 117 157
50 120 145
51 115 147
52 114 150
53 125 152
54 120 155
55 118 157
56 122 147
57 120 149
58 114 145
59 126 155
60 66 162
61 72 177
62 71 159
63 75 171
64 69 168
65 76 167
66 66 165
67 69 177
68 66 159
69 64 163
70 73 166
71 65 168
72 75 170
73 63 171
74 73 169
75 70 162
76 70 171
77 71 173
78 74 160
79 65 169
80 76 173
81 66 177
82 70 162
83 67 174
84 75 158
85 76 177
86 63 158
87 67 170
88 77 167
89 69 172
90 202 50
91 204 50
92 194 58
93 211 53
94 200 59
95 197 51
96 194 56
97 202 58
98 201 62
99 198 61
100 202 60
101 210 61
102 204 49
103 197 59
104 204 48
105 207 47
106 207 53
107 208 53
108 204 51
109 206 56
110 209 57
111 202 48
112 200 62
113 204 52
114 201 49
115 208 57
116 201 53
117 207 50
118 195 54
119 196 55
120 73 200
121 64 209
122 67 198
123 63 202
124 75 194
125 69 200
126 70 204
127 77 207
128 71 211
129 76 194
130 63 211
131 74 194
132 71 196
133 64 202
134 68 201
135 70 199
136 63 200
137 77 200
138 76 200
139 71 197
140 65 202
141 67 202
142 74 208
143 72 208
144 64 198
145 73 196
146 73 202
147 69 198
148 73 208
149 63 198
150 1 77
151 10 72
152 8 66
153 11 64
154 3 73
155 8 64
156 7 72
157 3 69
158 6 76
159 11 65
160 10 64
161 10 64
162 4 69
163 11 75
164 5 66
165 8 72
166 10 76
167 4 73
168 4 72
169 2 67
170 8 66
171 4 72
172 5 76
173 0 69
174 7 64
175 6 72
176 11 71
177 11 71
178 2 70
179 199 54
180 201 51
181 206 47
182 208 47
183 199 54
184 203 48
185 207 50
186 199 61
187 206 57
188 195 51
189 210 52
190 206 53
191 208 49
192 197 58
193 209 58
194 206 62
195 209 55
196 200 54
197 210 54
198 199 51
199 202 57
200 198 54
201 207 53
202 198 62
203 199 56
204 209 47
205 205 47
206 205 54
207 194 47
208 198 57
209 203 1
210 201 11
211 207 0
212 200 0
213 198 3
214 197 6
215 210 3
216 199 6
217 200 8
218 207 2
219 196 7
220 200 7
221 205 2
222 205 10
223 203 3
224 203 8
225 204 10
226 195 5
227 196 3
228 202 7
229 206 9
230 211 11
231 204 1
232 196 5
233 203 1
234 196 7
235 198 9
236 208 11
237 203 11
238 157 57
239 156 61
240 151 49
241 153 56
242 151 55
243 149 59
244 146 52
245 152 58
246 145 52
247 156 57
248 146 62
249 153 61
250 152 53
251 146 60
252 143 54
253 152 58
254 157 53
255 151 48
256 152 54
257 157 55
258 147 51
259 144 56
260 143 59
261 147 62
262 147 59
263 155 61
264 154 47
265 145 50
266 152 56
267 150 57
268 7 191
269 9 185
270 2 191
271 4 193
272 4 186
273 7 188
274 7 179
275 9 187
276 8 192
277 5 193
278 3 184
279 10 193
280 8 181
281 6 180
282 6 189
283 11 181
284 4 180
285 6 192
286 10 186
287 11 189
288 7 191
289 10 193
290 4 192
291 2 189
292 7 188
293 4 192
294 117 27
295 117 24
296 117 23
297 118 23
298 125 20
299 124 12
300 120 14
301 126 26
302 116 26
303 115 19
304 124 18
305 118 23
306 120 25
307 121 14
308 116 29
309 116 28
310 113 30
311 121 21
312 113 29
313 113 21
314 124 22
315 119 26
316 122 18
317 119 28
318 122 29
319 116 17
320 115 20
321 118 18
322 117 13
323 123 28
324 96 23
325 81 21
326 78 19
327 95 27
328 81 16
329 85 19
330 90 30
331 81 23
332 96 25
333 84 18
334 89 25
335 83 22
336 83 26
337 84 13
338 96 17
339 93 23
340 81 20
341 82 18
342 80 12
343 92 18
344 84 15
345 91 16
346 84 21
347 83 25
348 84 24
349 96 26
350 93 28
351 92 16
352 86 16
353 205 180
354 210 186
355 206 186
356 211 179
357 206 181
358 198 189
359 211 187
360 199 189
361 208 187
362 201 181
363 205 189
364 199 191
365 209 178
366 202 193
367 196 189
368 210 186
369 196 186
370 211 179
371 194 190
372 201 180
373 208 180
374 198 188
375 194 186
376 194 183
377 198 186
378 201 190
379 203 192
380 195 186
381 200 184
382 194 178
383 7 84
384 3 92
385 0 82
386 3 96
387 2 84
388 6 87
389 10 89
390 6 78
391 0 81
392 2 83
393 11 87
394 11 89
395 9 82
396 1 86
397 2 90
398 3 87
399 10 94
400 0 85
401 11 92
402 3 81
403 4 79
404 5 82
405 7 80
406 7 84
407 2 91
408 9 89
409 4 91
410 0 91
411 7 91
412 0 83
413 142 17
414 132 25
415 139 27
416 135 12
417 133 17
418 137 23
419 138 24
420 140 20
421 135 22
422 136 22
423 131 22
424 137 26
425 141 23
426 131 28
427 142 19
428 130 12
429 133 13
430 139 12
431 135 19
432 132 19
433 141 24
434 139 25
435 136 21
436 140 17
437 136 18
438 135 20
439 130 15
440 140 15
441 136 17
442 137 21
443 206 80
444 194 95
445 197 86
446 196 87
447 204 84
448 202 84
449 198 81
450 201 82
451 206 92
452 200 88
453 202 86
454 207 86
455 195 89
456 208 87
457 195 82
458 208 80
459 209 80
460 197 84
461 198 93
462 199 93
463 201 86
464 203 94
465 202 89
466 203 87
467 196 92
468 197 94
469 203 80
470 211 93
471 195 87
472 202 80
473 71 225
474 67 213
475 63 220
476 70 221
477 70 226
478 64 226
479 77 216
480 68 212
481 71 213
482 66 218
483 69 218
484 63 224
485 73 217
486 70 224
487 69 219
488 69 225
489 74 213
490 65 222
491 63 223
492 67 219
493 66 226
494 67 218
495 70 220
496 66 212
497 76 214
498 64 223
499 65 212
500 77 221
501 76 216
502 66 223
503 105 6
504 106 6
505 103 3
506 106 5
507 101 2
508 102 3
509 101 0
510 109 5
511 103 0
512 110 11
513 102 7
514 105 4
515 98 8
516 111 7
517 112 8
518 106 2
519 99 10
520 101 3
521 100 3
522 112 11
523 111 1
524 109 10
525 110 10
526 102 3
527 109 6
528 99 10
529 102 9
530 104 10
531 5 113
532 11 116
533 7 122
534 5 124
535 10 121
536 0 118
537 11 120
538 9 114
539 4 127
540 0 124
541 8 116
542 9 118
543 6 123
544 9 122
545 11 115
546 1 118
547 4 122
548 6 117
549 2 117
550 10 120
551 7 115
552 10 114
553 9 125
554 5 115
555 8 125
556 6 116
557 7 126
558 11 125
559 9 120
560 122 12
561 114 16
562 126 19
563 115 20
564 118 19
565 118 18
566 122 29
567 122 18
568 122 29
569 116 17
570 116 15
571 127 21
572 121 19
573 117 19
574 113 20
575 125 13
576 125 15
577 114 12
578 113 22
579 121 19
580 124 18
581 121 24
582 125 27
583 127 12
584 124 28
585 123 15
586 116 17
587 125 30
588 118 30
589 121 27
590 92 182
591 84 183
592 79 183
593 85 193
594 93 188
595 81 178
596 82 189
597 83 181
598 85 181
599 96 180
600 87 191
601 92 192
602 92 186
603 92 190
604 83 186
605 91 191
606 96 183
607 87 182
608 89 183
609 85 187
610 85 188
611 80 187
612 86 179
613 94 188
614 96 183
615 94 184
616 96 189
617 78 180
618 90 181
619 83 180
620 215 78
621 226 84
622 226 81
623 213 83
624 214 90
625 220 82
626 212 85
627 223 88
628 223 93
629 221 93
630 222 95
631 224 86
632 226 89
633 213 87
634 224 88
635 212 88
636 213 83
637 216 82
638 220 95
639 226 91
640 216 81
641 220 83
642 217 88
643 223 91
644 218 93
645 225 80
646 213 95
647 214 85
648 222 83
649 214 84
650 135 42
651 136 34
652 133 39
653 139 31
654 142 45
655 131 33
656 140 37
657 138 46
658 140 38
659 139 31
660 135 45
661 133 34
662 136 35
663 131 38
664 134 36
665 140 43
666 128 31
667 138 34
668 130 34
669 133 41
670 131 34
671 136 38
672 140 34
673 137 34
674 136 34
675 141 44
676 132 35
677 133 44
678 141 46
679 129 42
680 151 42
681 155 46
682 152 44
683 146 45
684 155 46
685 151 36
686 146 40
687 145 46
688 146 35
689 148 40
690 144 35
691 147 39
692 151 39
693 153 37
694 152 45
695 143 38
696 150 44
697 156 34
698 146 45
699 145 35
700 152 43
701 144 46
702 147 36
703 149 37
704 144 39
705 151 40
706 152 37
707 156 44
708 144 40
709 143 42
710 138 89
711 133 92
712 134 80
713 137 89
714 132 92
715 134 95
716 135 85
717 129 78
718 140 85
719 137 84
720 142 91
721 135 90
722 142 81
723 140 94
724 141 85
725 142 83
726 130 92
727 142 93
728 134 95
729 128 89
730 130 96
731 141 90
732 134 91
733 128 78
734 139 81
735 132 79
736 141 87
737 128 81
738 141 92
739 139 86
740 53 220
741 60 221
742 50 219
743 62 219
744 48 224
745 49 220
746 56 222
747 62 221
748 48 221
749 52 218
750 49 219
751 53 225
752 53 221
753 57 221
754 57 225
755 51 215
756 59 223
757 56 224
758 59 218
759 53 212
760 48 214
761 54 224
762 49 218
763 59 225
764 62 225
765 58 217
766 47 226
767 52 224
768 61 214
769 55 219
770 203 67
771 205 68
772 211 68
773 210 74
774 211 77
775 207 74
776 198 66
777 208 75
778 201 64
779 204 64
780 209 76
781 197 76
782 209 70
783 211 67
784 201 63
785 200 75
786 203 66
787 195 73
788 199 74
789 201 65
790 198 72
791 201 69
792 209 63
793 202 68
794 199 75
795 210 68
796 204 63
797 202 70
798 206 73
799 208 73
800 63 221
801 65 225
802 72 215
803 64 215
804 70 221
805 72 212
806 64 221
807 74 217
808 63 221
809 67 225
810 75 217
811 71 218
812 70 216
813 73 220
814 68 213
815 75 219
816 69 216
817 72 218
818 65 219
819 75 224
820 69 213
821 66 213
822 74 221
823 74 212
824 74 226
825 66 218
826 77 220
827 73 222
828 65 222
829 76 225
830 65 126
831 69 123
832 67 122
833 70 116
834 73 121
835 64 127
836 74 120
837 68 125
838 63 120
839 74 117
840 67 125
841 77 123
842 76 126
843 75 124
844 76 116
845 76 113
846 63 125
847 71 124
848 77 126
849 65 117
850 77 119
851 68 119
852 77 120
853 69 122
854 63 126
855 70 120
856 63 127
857 69 116
858 64 124
859 74 116
860 186 71
861 188 75
862 187 67
863 181 75
864 178 74
865 179 63
866 190 66
867 190 76
868 188 67
869 184 66
870 186 69
871 181 75
872 192 68
873 189 68
874 185 66
875 192 67
876 182 76
877 181 68
878 188 76
879 178 66
880 179 75
881 188 71
882 180 64
883 184 66
884 183 77
885 181 69
886 189 64
887 186 68
888 186 67
889 179 63
890 163 99
891 176 97
892 176 100
893 161 104
894 159 108
895 176 112
896 167 100
897 163 101
898 162 105
899 170 98
900 173 107
901 175 101
902 177 106
903 175 99
904 163 108
905 169 100
906 172 97
907 165 105
908 164 105
909 166 109
910 170 109
911 158 111
912 171 108
913 163 106
914 176 104
915 170 108
916 162 100
917 160 104
918 177 109
919 165 110
920 38 94
921 43 93
922 40 94
923 42 87
924 42 91
925 45 79
926 34 87
927 46 83
928 34 87
929 43 83
930 40 90
931 46 94
932 34 83
933 38 89
934 41 96
935 32 89
936 45 84
937 34 88
938 40 84
939 36 91
940 39 84
941 32 95
942 42 84
943 37 79
944 43 86
945 41 89
946 37 96
947 40 90
948 40 88
949 31 89
950 184 224
951 180 216
952 188 223
953 189 217
954 187 215
955 178 218
956 190 221
957 182 225
958 190 214
959 179 215
960 181 212
961 179 225
962 189 213
963 185 212
964 181 216
965 193 214
966 191 225
967 189 215
968 191 213
969 186 215
970 185 224
971 188 213
972 182 226
973 187 214
974 190 216
975 183 225
976 186 219
977 191 226
978 179 214
979 188 213
980 35 160
981 40 168
982 42 177
983 43 174
984 32 168
985 35 176
986 31 172
987 39 161
988 37 169
989 33 176
990 45 162
991 46 167
992 31 168
993 42 166
994 39 167
995 45 167
996 42 175
997 35 174
998 45 167
999 45 166
1000 32 158
1001 42 170
1002 40 159
1003 46 163
1004 42 159
1005 32 174
1006 35 165
1007 34 159
1008 33 172
1009 43 170
1010 32 48
1011 45 60
1012 35 49
1013 43 62
1014 44 59
1015 35 47
1016 46 51
1017 33 50
1018 41 52
1019 37 55
1020 31 59
1021 38 50
1022 32 49
1023 43 49
1024 44 59
1025 37 55
1026 36 50
1027 31 57
1028 35 52
1029 34 59
1030 45 57
1031 40 56
1032 32 60
1033 34 57
1034 35 62
1035 42 52
1036 43 50
1037 42 48
1038 34 61
1039 35 60
1040 47 140
1041 61 136
1042 54 135
1043 58 132
1044 47 134
1045 57 141
1046 57 128
1047 59 140
1048 51 131
1049 57 136
1050 51 139
1051 58 135
1052 60 134
1053 57 138
1054 47 133
1055 54 128
1056 57 138
1057 55 142
1058 50 136
1059 58 135
1060 51 139
1061 60 133
1062 52 135
1063 60 140
1064 60 140
1065 55 130
1066 59 129
1067 47 136
1068 47 133
1069 56 135
1070 13 11
1071 16 2
1072 26 11
1073 25 2
1074 13 11
1075 22 10
1076 12 0
1077 27 10
1078 27 3
1079 19 1
1080 15 7
1081 19 2
1082 30 6
1083 21 2
1084 26 5
1085 12 0
1086 18 8
1087 22 1
1088 16 3
1089 14 9
1090 16 4
1091 22 6
1092 21 8
1093 17 10
1094 30 1
1095 16 9
1096 25 10
1097 30 7
1098 23 1
1099 25 6
1100 154 33
1101 154 33
1102 156 45
1103 152 34
1104 149 41
1105 157 41
1106 150 32
1107 153 46
1108 143 41
1109 145 36
1110 151 40
1111 153 35
1112 143 33
1113 151 37
1114 150 40
1115 157 31
1116 145 33
1117 144 39
1118 149 31
1119 148 43
1120 152 46
1121 147 38
1122 144 45
1123 151 43
1124 157 42
1125 143 36
1126 147 35
1127 145 34
1128 149 33
1129 155 40
1130 51 169
1131 55 165
1132 51 164
1133 60 160
1134 49 175
1135 54 162
1136 61 162
1137 59 175
1138 51 162
1139 54 162
1140 49 167
1141 49 161
1142 54 162
1143 52 175
1144 58 173
1145 47 173
1146 47 168
1147 53 177
1148 59 164
1149 61 173
1150 50 166
1151 59 162
1152 56 162
1153 54 158
1154 53 165
1155 55 167
1156 60 158
1157 51 172
1158 53 172
1159 56 176
1160 193 17
1161 187 15
1162 183 18
1163 183 17
1164 187 28
1165 184 29
1166 193 22
1167 189 22
1168 180 18
1169 188 27
1170 184 26
1171 187 24
1172 184 23
1173 186 30
1174 186 29
1175 187 23
1176 185 18
1177 189 28
1178 185 16
1179 186 23
1180 180 26
1181 185 23
1182 182 17
1183 185 23
1184 188 18
1185 190 20
1186 181 30
1187 186 26
1188 191 15
1189 179 15
1190 47 217
1191 58 224
1192 52 216
1193 51 223
1194 54 216
1195 54 223
1196 57 224
1197 57 213
1198 53 212
1199 62 213
1200 49 223
1201 51 225
1202 50 220
1203 56 223
1204 56 212
1205 60 224
1206 55 216
1207 54 221
1208 58 213
1209 60 218
1210 49 212
1211 50 220
1212 57 216
1213 61 225
1214 55 220
1215 62 222
1216 50 218
1217 62 220
1218 54 225
1219 56 223
1220 14 115
1221 21 117
1222 15 127
1223 29 118
1224 18 118
1225 14 122
1226 17 114
1227 28 116
1228 13 118
1229 16 125
1230 27 119
1231 22 125
1232 29 123
1233 29 115
1234 12 113
1235 16 120
1236 17 127
1237 14 116
1238 16 121
1239 21 118
1240 17 115
1241 16 123
1242 28 123
1243 29 120
1244 16 119
1245 12 120
1246 16 117
1247 20 118
1248 17 125
1249 16 114
1250 4 105
1251 5 99
1252 10 110
1253 9 112
1254 0 104
1255 9 105
1256 1 107
1257 7 97
1258 8 111
1259 9 99
1260 10 104
1261 0 99
1262 5 98
1263 2 110
1264 6 106
1265 7 105
1266 8 101
1267 5 106
1268 4 99
1269 9 98
1270 3 101
1271 6 111
1272 9 98
1273 0 100
1274 2 99
1275 3 106
1276 4 107
1277 68 36
1278 69 43
1279 66 46
1280 76 38
1281 71 33
1282 66 45
1283 66 34
1284 76 31
1285 65 46
1286 72 41
1287 71 41
1288 64 40
1289 66 37
1290 75 39
1291 72 40
1292 68 41
1293 71 33
1294 76 32
1295 67 32
1296 73 32
1297 68 41
1298 63 45
1299 75 42
1300 73 33
1301 64 42
1302 71 41
1303 64 38
1304 71 38
1305 76 35
1306 72 43
1307 60 69
1308 50 63
1309 60 68
1310 62 64
1311 51 68
1312 52 63
1313 61 64
1314 48 69
1315 49 72
1316 55 67
1317 47 71
1318 55 63
1319 47 76
1320 62 66
1321 53 71
1322 51 64
1323 60 76
1324 51 70
1325 53 66
1326 56 67
1327 59 73
1328 60 66
1329 49 68
1330 51 74
1331 47 64
1332 52 67
1333 55 77
1334 52 67
1335 50 68
1336 60 66
1337 143 100
1338 154 98
1339 150 103
1340 149 101
1341 156 100
1342 145 97
1343 154 112
1344 144 98
1345 154 106
1346 152 106
1347 155 107
1348 149 101
1349 144 108
1350 150 112
1351 146 110
1352 151 99
1353 143 111
1354 149 100
1355 147 103
1356 144 104
1357 148 106
1358 151 100
1359 157 106
1360 155 99
1361 155 104
1362 150 110
1363 155 100
1364 156 104
1365 149 111
1366 147 112
1367 67 203
1368 74 208
1369 63 204
1370 73 203
1371 71 199
1372 70 208
1373 77 195
1374 77 200
1375 71 210
1376 70 208
1377 66 195
1378 75 198
1379 64 200
1380 76 208
1381 71 204
1382 72 210
1383 63 207
1384 75 199
1385 66 203
1386 64 206
1387 72 197
1388 64 205
1389 65 195
1390 67 210
1391 76 210
1392 70 207
1393 63 201
1394 65 210
1395 64 198
1396 67 200
1397 135 156
1398 141 150
1399 134 144
1400 132 153
1401 131 157
1402 139 157
1403 136 147
1404 140 150
1405 138 153
1406 130 156
1407 139 143
1408 131 144
1409 129 150
1410 142 149
1411 139 145
1412 142 148
1413 137 150
1414 139 145
1415 137 150
1416 130 154
1417 135 157
1418 133 156
1419 139 153
1420 131 152
1421 140 143
1422 137 152
1423 130 144
1424 129 143
1425 135 148
1426 131 145
1427 88 205
1428 94 206
1429 92 204
1430 86 203
1431 92 204
1432 79 202
1433 92 194
1434 86 206
1435 94 206
1436 89 206
1437 82 199
1438 82 202
1439 95 206
1440 90 203
1441 96 198
1442 90 203
1443 88 211
1444 89 211
1445 85 205
1446 86 204
1447 80 210
1448 92 205
1449 87 195
1450 79 201
1451 86 196
1452 94 209
1453 95 208
1454 82 200
1455 92 203
1456 89 207
1457 213 92
1458 225 79
1459 226 81
1460 222 82
1461 223 92
1462 223 96
1463 216 84
1464 213 79
1465 216 91
1466 216 83
1467 212 84
1468 221 87
1469 225 92
1470 223 84
1471 214 86
1472 220 85
1473 222 96
1474 212 82
1475 215 86
1476 217 85
1477 212 96
1478 214 88
1479 214 86
1480 226 90
1481 224 83
1482 215 94
1483 218 94
1484 219 89
1485 225 89
1486 213 90
1487 56 74
1488 57 66
1489 50 64
1490 61 63
1491 50 75
1492 55 70
1493 57 72
1494 59 63
1495 60 77
1496 51 73
1497 59 75
1498 62 64
1499 61 67
1500 55 65
1501 53 63
1502 49 74
1503 49 72
1504 58 69
1505 51 63
1506 59 75
1507 53 68
1508 58 74
1509 59 66
1510 51 76
1511 59 64
1512 49 77
1513 51 64
1514 61 72
1515 59 65
1516 61 68
1517 144 166
1518 152 164
1519 156 165
1520 146 165
1521 143 165
1522 157 159
1523 153 165
1524 149 175
1525 153 160
1526 146 172
1527 143 167
1528 150 174
1529 146 162
1530 154 163
1531 146 175
1532 149 168
1533 148 175
1534 143 165
1535 151 161
1536 153 161
1537 154 175
1538 153 172
1539 143 173
1540 150 175
1541 157 173
1542 145 170
1543 149 158
1544 151 161
1545 146 164
1546 152 161
1547 137 144
1548 135 154
1549 137 144
1550 138 156
1551 130 152
1552 142 143
1553 136 143
1554 139 147
1555 128 154
1556 134 154
1557 133 156
1558 131 143
1559 136 146
1560 130 156
1561 130 155
1562 134 156
1563 141 155
1564 133 145
1565 140 150
1566 137 145
1567 137 151
1568 136 153
1569 135 153
1570 128 157
1571 128 148
1572 135 155
1573 133 153
1574 133 148
1575 133 157
1576 137 144
1577 171 124
1578 167 117
1579 174 124
1580 177 118
1581 162 117
1582 173 120
1583 170 115
1584 171 114
1585 167 123
1586 171 113
1587 167 122
1588 158 117
1589 177 123
1590 175 116
1591 169 114
1592 167 119
1593 158 115
1594 160 119
1595 171 119
1596 167 119
1597 161 122
1598 163 116
1599 171 113
1600 170 121
1601 174 121
1602 164 121
1603 168 113
1604 170 118
1605 176 119
1606 171 120
1607 157 55
1608 145 61
1609 143 50
1610 146 57
1611 149 59
1612 150 55
1613 152 48
1614 147 62
1615 152 49
1616 153 47
1617 153 51
1618 156 51
1619 153 50
1620 147 47
1621 148 60
1622 144 57
1623 145 60
1624 146 57
1625 157 58
1626 153 59
1627 156 55
1628 148 54
1629 153 49
1630 144 53
1631 151 59
1632 150 52
1633 150 48
1634 154 52
1635 143 62
1636 147 52
1637 204 198
1638 211 208
1639 202 200
1640 196 199
1641 204 203
1642 198 204
1643 208 204
1644 195 196
1645 206 196
1646 201 199
1647 210 211
1648 196 194
1649 194 210
1650 205 211
1651 206 197
1652 210 204
1653 200 209
1654 209 207
1655 202 209
1656 209 203
1657 209 201
1658 8 188
1659 2 179
1660 5 190
1661 8 189
1662 1 179
1663 3 189
1664 3 182
1665 1 188
1666 6 182
1667 4 184
1668 3 183
1669 0 188
1670 7 185
1671 8 187
1672 6 193
1673 8 188
1674 4 181
1675 5 191
1676 9 185
1677 10 181
1678 9 189
1679 5 191
1680 7 188
1681 11 187
1682 10 191
1683 0 190
1684 1 182
1685 8 192
1686 103 202
1687 110 199
1688 101 208
1689 110 196
1690 112 195
1691 112 207
1692 97 205
1693 112 201
1694 109 202
1695 98 210
1696 99 210
1697 112 206
1698 112 211
1699 97 207
1700 109 207
1701 103 198
1702 112 195
1703 100 208
1704 111 206
1705 111 200
1706 108 196
1707 109 195
1708 97 199
1709 111 194
1710 97 196
1711 106 210
1712 108 207
1713 106 197
1714 107 204
1715 100 194
1716 43 192
1717 40 181
1718 36 180
1719 31 186
1720 41 181
1721 39 180
1722 45 187
1723 35 192
1724 42 179
1725 44 186
1726 31 186
1727 44 178
1728 35 193
1729 31 180
1730 32 193
1731 40 181
1732 36 179
1733 40 190
1734 42 190
1735 31 189
1736 31 179
1737 33 181
1738 40 186
1739 45 193
1740 31 188
1741 32 182
1742 37 178
1743 41 183
1744 39 184
1745 35 189
1746 183 109
1747 183 103
1748 186 100
1749 192 101
1750 180 106
1751 181 102
1752 185 111
1753 187 97
1754 185 107
1755 188 111
1756 182 108
1757 190 109
1758 179 111
1759 180 110
1760 178 110
1761 186 108
1762 179 97
1763 189 104
1764 183 103
1765 190 104
1766 187 99
1767 189 105
1768 184 100
1769 187 105
1770 191 99
1771 181 110
1772 193 107
1773 183 104
1774 180 110
1775 180 104
1776 26 127
1777 15 125
1778 13 114
1779 30 122
1780 28 127
1781 14 127
1782 27 115
1783 12 125
1784 28 117
1785 26 114
1786 20 127
1787 23 118
1788 24 125
1789 15 121
1790 23 123
1791 24 126
1792 30 114
1793 29 120
1794 30 119
1795 12 122
1796 25 118
1797 30 121
1798 29 114
1799 13 117
1800 29 120
1801 17 126
1802 16 120
1803 23 120
1804 14 125
1805 18 119
1806 132 202
1807 128 201
1808 130 195
1809 134 203
1810 130 201
1811 130 201
1812 136 195
1813 133 202
1814 134 209
1815 139 200
1816 142 199
1817 130 203
1818 128 197
1819 131 209
1820 135 208
1821 142 195
1822 129 202
1823 131 207
1824 139 197
1825 135 196
1826 136 200
1827 135 204
1828 132 196
1829 133 207
1830 141 211
1831 141 201
1832 142 195
1833 130 210
1834 137 201
1835 132 211
1836 197 93
1837 195 84
1838 197 91
1839 211 79
1840 200 85
1841 206 79
1842 199 90
1843 200 78
1844 210 85
1845 207 82
1846 210 91
1847 201 90
1848 208 84
1849 202 78
1850 204 87
1851 210 78
1852 203 83
1853 194 82
1854 200 93
1855 197 89
1856 210 94
1857 197 86
1858 201 85
1859 208 79
1860 197 86
1861 196 89
1862 203 89
1863 200 85
1864 206 88
1865 201 84
1866 151 16
1867 144 27
1868 147 13
1869 147 12
1870 154 26
1871 143 25
1872 149 24
1873 152 14
1874 153 16
1875 154 30
1876 156 18
1877 143 20
1878 145 14
1879 155 19
1880 147 27
1881 144 22
1882 150 15
1883 148 30
1884 157 22
1885 153 29
1886 154 13
1887 153 13
1888 157 26
1889 153 20
1890 153 26
1891 148 16
1892 146 21
1893 148 21
1894 152 15
1895 150 23
1896 109 124
1897 112 113
1898 98 120
1899 100 120
1900 101 120
1901 109 117
1902 103 125
1903 105 115
1904 111 113
1905 102 120
1906 108 116
1907 100 118
1908 99 115
1909 101 126
1910 98 116
1911 107 121
1912 100 118
1913 105 118
1914 110 115
1915 110 119
1916 102 114
1917 106 125
1918 103 124
1919 101 125
1920 104 122
1921 104 115
1922 103 119
1923 102 114
1924 107 127
1925 99 126
1926 170 104
1927 161 103
1928 160 98
1929 162 104
1930 164 103
1931 160 102
1932 173 99
1933 158 109
1934 163 108
1935 167 111
1936 173 100
1937 175 112
1938 174 107
1939 166 105
1940 165 112
1941 166 98
1942 169 110
1943 175 111
1944 167 112
1945 159 100
1946 165 103
1947 172 104
1948 161 103
1949 161 110
1950 162 103
1951 162 107
1952 162 112
1953 166 99
1954 167 98
1955 169 112
1956 70 136
1957 72 136
1958 65 134
1959 66 132
1960 70 128
1961 71 142
1962 72 131
1963 75 141
1964 72 140
1965 69 140
1966 74 140
1967 65 137
1968 76 138
1969 69 140
1970 64 136
1971 70 141
1972 64 141
1973 63 128
1974 71 140
1975 70 135
1976 64 137
1977 74 134
1978 65 135
1979 64 142
1980 69 130
1981 71 135
1982 77 141
1983 73 133
1984 65 142
1985 65 142
1986 130 138
1987 142 140
1988 132 133
1989 134 132
1990 134 129
1991 138 133
1992 131 138
1993 136 134
1994 142 130
1995 131 132
1996 138 141
1997 128 130
1998 131 137
1999 128 140
2000 142 141
2001 132 133
2002 135 140
2003 128 134
2004 127 48
2005 117 49
2006 127 57
2007 116 54
2008 126 54
2009 121 55
2010 119 50
2011 117 61
2012 115 50
2013 126 55
2014 113 47
2015 120 58
2016 127 52
2017 121 60
2018 127 61
2019 125 47
2020 114 57
2021 125 49
2022 120 49
2023 125 49
2024 120 51
2025 122 62
2026 125 55
2027 120 50
2028 122 50
2029 119 51
2030 127 48
2031 120 61
2032 120 52
2033 115 50
2034 134 1
2035 130 2
2036 133 1
2037 137 2
2038 133 4
2039 136 7
2040 138 2
2041 137 1
2042 137 8
2043 133 6
2044 142 1
2045 133 9
2046 132 4
2047 134 8
2048 141 11
2049 142 7
2050 132 10
2051 141 10
2052 133 8
2053 130 0
2054 134 4
2055 135 6
2056 142 6
2057 142 6
2058 134 7
2059 142 7
2060 134 1
2061 129 1
2062 137 3
2063 131 3
2064 214 91
2065 212 95
2066 217 85
2067 214 83
2068 218 96
2069 221 90
2070 225 91
2071 223 80
2072 215 92
2073 216 90
2074 218 85
2075 218 86
2076 223 82
2077 212 96
2078 219 92
2079 221 83
2080 221 84
2081 213 85
2082 212 94
2083 219 93
2084 221 95
2085 226 85
2086 218 78
2087 226 93
2088 226 89
2089 216 89
2090 221 81
2091 226 83
2092 222 94
2093 220 88
2094 87 194
2095 85 194
2096 93 208
2097 86 200
2098 84 201
2099 90 211
2100 95 207
2101 96 205
2102 88 209
2103 85 199
2104 80 203
2105 87 196
2106 79 198
2107 89 197
2108 93 207
2109 94 211
2110 89 211
2111 93 197
2112 96 210
2113 88 209
2114 86 194
2115 81 200
2116 81 202
2117 92 201
2118 96 208
2119 90 206
2120 90 208
2121 84 201
2122 84 211
2123 91 198
2124 180 170
2125 184 175
2126 181 177
2127 191 160
2128 180 168
2129 189 175
2130 190 162
2131 189 170
2132 180 170
2133 179 177
2134 184 166
2135 192 171
2136 184 159
2137 190 174
2138 193 172
2139 185 169
2140 189 166
2141 184 172
2142 180 171
2143 182 163
2144 181 163
2145 182 171
2146 184 171
2147 183 170
2148 185 168
2149 188 167
2150 192 172
2151 191 172
2152 186 174
2153 180 168
2154 107 208
2155 99 199
2156 107 209
2157 98 199
2158 105 194
2159 109 194
2160 103 197
2161 107 199
2162 98 207
2163 106 200
2164 102 196
2165 102 205
2166 101 209
2167 97 197
2168 111 194
2169 108 210
2170 101 205
2171 101 208
2172 99 195
2173 102 208
2174 105 199
2175 106 197
2176 100 198
2177 105 199
2178 97 209
2179 104 210
2180 101 197
2181 101 194
2182 100 197
2183 99 204
2184 152 110
2185 156 99
2186 144 110
2187 144 98
2188 156 111
2189 156 104
2190 147 102
2191 151 109
2192 150 107
2193 154 112
2194 150 110
2195 148 97
2196 149 98
2197 145 112
2198 146 109
2199 155 104
2200 148 99
2201 145 112
2202 154 101
2203 143 100
2204 145 106
2205 155 107
2206 148 107
2207 151 98
2208 153 97
2209 153 110
2210 152 98
2211 151 110
2212 146 101
2213 152 98
2214 17 37
2215 18 45
2216 12 41
2217 17 45
2218 19 39
2219 18 42
2220 16 40
2221 26 40
2222 16 42
2223 14 46
2224 17 46
2225 30 42
2226 26 36
2227 19 42
2228 22 33
2229 25 45
2230 23 41
2231 12 40
2232 30 46
2233 29 37
2234 23 36
2235 27 45
2236 30 46
2237 12 33
2238 17 33
2239 27 32
2240 12 34
2241 25 35
2242 20 46
2243 18 33
2244 153 147
2245 146 150
2246 155 146
2247 146 144
2248 156 157
2249 143 156
2250 154 152
2251 143 145
2252 148 153
2253 152 154
2254 152 144
2255 148 149
2256 149 151
2257 151 154
2258 145 143
2259 148 156
2260 153 145
2261 148 153
2262 154 146
2263 156 146
2264 149 153
2265 93 203
2266 94 204
2267 84 197
2268 86 203
2269 81 207
2270 92 195
2271 96 204
2272 92 198
2273 90 208
2274 88 206
2275 92 194
2276 95 201
2277 87 206
2278 93 211
2279 87 196
2280 87 199
2281 90 194
2282 83 205
2283 89 202
2284 93 199
2285 80 204
2286 88 209
2287 88 210
2288 85 198
2289 91 211
2290 93 207
2291 81 198
2292 87 205
2293 91 196
2294 79 196
2295 132 145
2296 128 146
2297 130 152
2298 129 146
2299 137 157
2300 137 150
2301 136 157
2302 134 155
2303 130 149
2304 131 152
2305 140 157
2306 140 156
2307 129 151
2308 133 152
2309 137 144
2310 142 147
2311 136 149
2312 135 147
2313 142 147
2314 137 144
2315 132 150
2316 133 146
2317 131 144
2318 134 147
2319 140 153
2320 136 152
2321 142 143
2322 128 144
2323 130 154
2324 133 144
2325 141 145
2326 140 148
2327 135 146
2328 133 151
2329 140 152
2330 134 150
2331 131 151
2332 137 157
2333 136 145
2334 128 143
2335 134 150
2336 136 155
2337 131 155
2338 134 146
2339 134 144
2340 131 143
2341 134 144
2342 139 152
2343 132 146
2344 135 154
2345 136 156
2346 132 149
2347 131 149
2348 133 143
2349 132 157
2350 131 153
2351 135 147
2352 129 154
2353 141 156
2354 138 152
2355 178 53
2356 185 52
2357 185 51
2358 179 58
2359 189 59
2360 188 58
2361 193 53
2362 189 55
2363 181 48
2364 180 58
2365 186 48
2366 183 62
2367 193 48
2368 192 56
2369 191 60
2370 192 58
2371 190 62
2372 186 50
2373 186 56
2374 189 54
2375 178 56
2376 183 60
2377 181 52
2378 189 48
2379 182 49
2380 193 52
2381 190 55
2382 181 49
2383 190 55
2384 183 48
2385 112 108
2386 102 101
2387 101 104
2388 97 112
2389 110 100
2390 98 99
2391 100 108
2392 97 104
2393 103 106
2394 99 102
2395 108 104
2396 110 102
2397 99 111
2398 101 98
2399 104 97
2400 106 110
2401 100 108
2402 103 100
2403 111 101
2404 106 112
2405 102 106
2406 47 184
2407 60 190
2408 56 184
2409 53 180
2410 54 180
2411 54 180
2412 54 191
2413 62 185
2414 53 182
2415 60 178
2416 57 188
2417 56 191
2418 47 189
2419 60 179
2420 59 192
2421 55 180
2422 53 180
2423 55 180
2424 58 193
2425 52 178
2426 61 189
2427 47 189
2428 47 188
2429 55 187
2430 55 185
2431 53 179
2432 51 192
2433 55 186
2434 53 189
2435 47 193
2436 7 129
2437 5 137
2438 9 137
2439 1 141
2440 2 141
2441 8 138
2442 6 136
2443 6 134
2444 7 133
2445 9 137
2446 8 141
2447 7 132
2448 3 135
2449 4 142
2450 1 131
2451 11 134
2452 7 138
2453 5 140
2454 0 131
2455 8 132
2456 10 136
2457 2 130
2458 9 138
2459 10 139
2460 2 133
2461 4 133
2462 151 155
2463 144 151
2464 154 147
2465 149 150
2466 147 149
2467 143 155
2468 147 151
2469 143 152
2470 156 155
2471 146 150
2472 153 155
2473 155 157
2474 144 151
2475 153 157
2476 155 157
2477 157 150
2478 155 150
2479 134 105
2480 136 110
2481 134 109
2482 129 104
2483 140 102
2484 137 101
2485 138 103
2486 136 111
2487 131 106
2488 135 112
2489 136 112
2490 136 111
2491 133 100
2492 131 107
2493 132 99
2494 138 100
2495 131 112
2496 132 106
2497 133 107
2498 141 109
2499 138 104
2500 136 104
2501 132 104
2502 138 110
2503 137 110
2504 128 107
2505 135 99
2506 136 112
2507 142 102
2508 139 102
2509 226 179
2510 218 190
2511 214 186
2512 222 187
2513 219 180
2514 221 190
2515 225 190
2516 219 192
2517 222 192
2518 225 193
2519 218 181
2520 217 193
2521 215 186
2522 220 183
2523 212 179
2524 219 187
2525 218 186
2526 212 191
2527 224 187
2528 224 187
2529 224 182
2530 224 181
2531 225 179
2532 214 190
2533 226 178
2534 215 186
2535 218 191
2536 214 188
2537 219 178
2538 224 181
2539 146 194
2540 151 205
2541 148 194
2542 145 210
2543 148 202
2544 145 206
2545 156 208
2546 144 203
2547 144 202
2548 148 200
2549 153 200
2550 149 205
2551 150 200
2552 156 197
2553 149 197
2554 151 209
2555 157 197
2556 154 208
2557 151 208
2558 157 211
2559 150 210
2560 145 203
2561 154 203
2562 156 199
2563 147 203
2564 149 204
2565 151 209
2566 151 201
2567 145 206
2568 146 205
2569 177 108
2570 173 108
2571 172 104
2572 167 103
2573 177 102
2574 165 107
2575 172 109
2576 169 105
2577 161 98
2578 167 110
2579 163 105
2580 172 108
2581 162 109
2582 165 111
2583 172 97
2584 165 105
2585 167 110
2586 172 109
2587 162 99
2588 164 105
2589 161 103
2590 165 106
2591 160 103
2592 169 104
2593 158 104
2594 165 105
2595 165 105
2596 166 100
2597 173 104
2598 164 108
2599 194 84
2600 211 79
2601 197 85
2602 206 92
2603 208 84
2604 198 95
2605 204 79
2606 208 96
2607 202 94
2608 205 93
2609 205 79
2610 204 94
2611 199 86
2612 208 88
2613 208 96
2614 202 92
2615 205 93
2616 211 80
2617 211 86
2618 197 91
2619 210 91
2620 194 95
2621 196 96
2622 199 88
2623 198 79
2624 197 91
2625 204 78
2626 204 91
2627 208 90
2628 209 84
2629 148 91
2630 154 86
2631 145 95
2632 153 85
2633 155 89
2634 153 82
2635 143 79
2636 150 84
2637 143 95
2638 156 79
2639 152 93
2640 151 86
2641 156 89
2642 144 92
2643 153 94
2644 149 94
2645 151 94
2646 148 91
2647 154 82
2648 145 80
2649 156 81
2650 151 95
2651 147 79
2652 149 82
2653 146 93
2654 145 89
2655 144 90
2656 150 90
2657 152 93
2658 157 92
2659 86 15
2660 79 19
2661 85 23
2662 93 17
2663 91 15
2664 84 14
2665 93 30
2666 78 29
2667 79 27
2668 90 27
2669 87 18
2670 84 14
2671 92 22
2672 94 26
2673 86 27
2674 81 19
2675 87 27
2676 82 22
2677 85 14
2678 96 20
2679 94 18
2680 88 26
2681 83 27
2682 96 23
2683 94 29
2684 94 18
2685 86 15
2686 92 14
2687 86 23
2688 111 201
2689 104 198
2690 98 203
2691 100 196
2692 112 200
2693 104 208
2694 100 200
2695 111 209
2696 104 210
2697 106 198
2698 97 209
2699 105 197
2700 109 210
2701 100 204
2702 105 208
2703 105 194
2704 102 194
2705 106 200
2706 97 204
2707 112 206
2708 107 198
2709 105 209
2710 112 199
2711 100 202
2712 98 194
2713 108 206
2714 98 201
2715 103 208
2716 106 207
2717 100 200
2718 87 32
2719 90 35
2720 80 42
2721 87 34
2722 91 40
2723 95 35
2724 88 31
2725 78 39
2726 80 31
2727 96 34
2728 79 42
2729 82 38
2730 91 36
2731 87 39
2732 78 39
2733 88 40
2734 84 40
2735 88 44
2736 81 31
2737 84 32
2738 88 36
2739 93 44
2740 96 31
2741 78 42
2742 82 43
2743 80 39
2744 84 32
2745 93 45
2746 87 46
2747 80 33
2748 172 13
2749 170 16
2750 164 23
2751 160 24
2752 174 21
2753 170 22
2754 173 16
2755 173 16
2756 166 13
2757 175 23
2758 172 14
2759 162 23
2760 177 27
2761 164 25
2762 162 25
2763 175 28
2764 159 28
2765 166 28
2766 163 13
2767 166 17
2768 176 20
2769 161 27
2770 162 20
2771 159 27
2772 168 19
2773 168 18
2774 169 20
2775 177 17
2776 173 20
2777 170 25
2778 179 9
2779 192 10
2780 182 2
2781 189 3
2782 192 11
2783 181 4
2784 192 6
2785 180 8
2786 181 0
2787 187 6
2788 183 9
2789 191 8
2790 186 8
2791 179 0
2792 179 1
2793 181 2
2794 183 8
2795 185 3
2796 189 1
2797 186 3
2798 189 0
2799 182 4
2800 182 6
2801 182 7
2802 193 7
2803 189 7
2804 186 9
2805 188 3
2806 178 10
2807 153 128
2808 157 142
2809 145 131
2810 151 139
2811 150 140
2812 157 138
2813 148 140
2814 148 130
2815 145 132
2816 144 134
2817 148 140
2818 144 128
2819 146 132
2820 151 134
2821 157 135
2822 157 128
2823 145 131
2824 149 140
2825 154 141
2826 156 137
2827 148 138
2828 150 131
2829 145 142
2830 152 132
2831 143 128
2832 143 133
2833 150 138
2834 144 129
2835 156 136
2836 152 133
2837 173 174
2838 163 169
2839 165 158
2840 175 160
2841 177 158
2842 160 177
2843 158 172
2844 163 174
2845 158 172
2846 164 165
2847 163 168
2848 161 164
2849 173 175
2850 177 160
2851 176 159
2852 158 170
2853 176 168
2854 170 162
2855 169 162
2856 174 160
2857 170 173
2858 175 167
2859 172 159
2860 164 161
2861 128 161
2862 133 164
2863 130 161
2864 140 176
2865 128 173
2866 131 170
2867 135 170
2868 131 173
2869 135 167
2870 133 161
2871 130 167
2872 131 176
2873 137 171
2874 135 174
2875 130 167
2876 133 171
2877 136 168
2878 129 168
2879 132 176
2880 132 177
2881 132 169
2882 137 159
2883 131 172
2884 130 158
2885 135 160
2886 131 167
2887 132 159
2888 135 165
2889 130 176
2890 130 174
2891 35 69
2892 37 73
2893 44 68
2894 43 63
2895 35 71
2896 40 71
2897 44 74
2898 45 63
2899 45 66
2900 42 72
2901 40 77
2902 44 69
2903 35 72
2904 42 66
2905 39 63
2906 36 66
2907 41 77
2908 42 71
2909 38 63
2910 36 75
2911 37 71
2912 46 77
2913 46 64
2914 32 68
2915 44 74
2916 39 66
2917 41 63
2918 45 70
2919 35 72
2920 45 75
