284 304 10 2960
0 9
1 9
2 9
3 5
4 7
5 9
6 8
7 9
8 6
9 6
10 8
11 7
12 3
13 3
14 3
15 3
16 5
17 3
18 3
19 3
20 3
21 3
22 3
23 3
24 4
25 3
26 4
27 3
28 5
29 3
30 3
31 3
32 4
33 4
34 3
35 3
36 4
37 5
38 5
39 4
40 4
41 5
42 3
43 4
44 3
45 3
46 3
47 3
48 3
49 4
50 3
51 3
52 3
53 3
54 3
55 3
56 3
57 3
58 5
59 3
60 3
61 3
62 5
63 3
64 3
65 5
66 3
67 3
68 3
69 3
70 3
71 3
72 4
73 4
74 3
75 3
76 3
77 5
78 3
79 3
80 3
81 5
82 3
83 5
84 3
85 4
86 3
87 3
88 3
89 3
90 3
91 3
92 3
93 3
94 4
95 4
96 5
97 4
98 5
99 5
100 3
101 4
102 4
103 3
104 3
105 3
106 5
107 3
108 3
109 3
110 3
111 3
112 3
113 3
114 4
115 3
116 3
117 4
118 3
119 3
120 4
121 4
122 3
123 3
124 3
125 4
126 3
127 5
128 3
129 4
130 3
131 3
132 3
133 4
134 4
135 4
136 3
137 3
138 3
139 4
140 3
141 3
142 3
143 3
144 3
145 3
146 3
147 4
148 5
149 3
150 5
151 4
152 4
153 3
154 3
155 3
156 3
157 4
158 3
159 4
160 3
161 3
162 3
163 3
164 3
165 3
166 3
167 3
168 4
169 5
170 3
171 3
172 3
173 5
174 4
175 3
176 3
177 3
178 6
179 3
180 3
181 4
182 3
183 3
184 3
185 4
186 3
187 3
188 3
189 5
190 3
191 5
192 3
193 3
194 3
195 3
196 7
197 5
198 3
199 3
200 3
201 3
202 3
203 3
204 5
205 4
206 4
207 3
208 3
209 3
210 5
211 3
212 3
213 3
214 4
215 3
216 3
217 3
218 3
219 5
220 3
221 3
222 3
223 3
224 3
225 4
226 4
227 3
228 5
229 3
230 6
231 3
232 4
233 5
234 3
235 3
236 4
237 4
238 3
239 3
240 3
241 3
242 3
243 3
244 3
245 3
246 4
247 3
248 3
249 5
250 3
251 3
252 3
253 5
254 3
255 3
256 3
257 3
258 4
259 3
260 3
261 5
262 3
263 5
264 3
265 4
266 6
267 3
268 3
269 3
270 3
271 3
272 4
273 3
274 5
275 3
276 3
277 3
278 4
279 3
280 3
281 5
282 4
283 3
0 0 1
1 0 2
2 0 4
3 0 7
4 0 8
5 0 10
6 0 11
7 1 2
8 1 5
9 1 6
10 1 7
11 1 121
12 1 196
13 2 3
14 2 4
15 2 6
16 2 7
17 2 8
18 2 10
19 2 229
20 3 4
21 3 6
22 3 9
23 4 5
24 4 82
25 5 6
26 5 30
27 5 47
28 5 176
29 5 266
30 6 7
31 6 8
32 6 11
33 6 213
34 7 9
35 7 10
36 7 12
37 7 101
38 7 158
39 8 10
40 8 11
41 9 10
42 9 11
43 9 63
44 10 11
45 11 139
46 11 247
47 12 27
48 12 28
49 13 16
50 13 24
51 14 26
52 14 19
53 15 28
54 16 23
55 16 25
56 17 19
57 18 23
58 19 29
59 20 28
60 21 24
61 21 26
62 22 24
63 26 28
64 30 38
65 31 32
66 32 35
67 32 39
68 33 37
69 33 36
70 34 41
71 34 46
72 36 41
73 37 42
74 37 38
75 37 45
76 38 40
77 39 43
78 40 43
79 41 44
80 47 50
81 48 49
82 49 54
83 49 55
84 50 57
85 51 58
86 52 56
87 52 58
88 53 55
89 53 62
90 57 58
91 58 59
92 58 62
93 60 62
94 61 62
95 63 65
96 64 72
97 65 74
98 65 77
99 65 70
100 66 72
101 67 80
102 67 76
103 68 78
104 69 73
105 70 76
106 71 78
107 71 77
108 72 81
109 73 79
110 73 81
111 75 77
112 76 81
113 82 91
114 82 99
115 83 87
116 83 90
117 83 98
118 83 94
119 84 85
120 85 94
121 85 100
122 86 91
123 88 99
124 89 98
125 92 96
126 93 95
127 94 97
128 95 96
129 96 98
130 97 99
131 101 117
132 101 108
133 101 111
134 102 107
135 102 106
136 102 108
137 103 111
138 103 113
139 104 109
140 105 111
141 106 116
142 106 112
143 109 117
144 110 120
145 112 118
146 113 120
147 114 119
148 114 120
149 115 118
150 121 131
151 121 125
152 122 133
153 122 134
154 123 125
155 124 133
156 125 136
157 126 137
158 126 127
159 127 128
160 127 135
161 127 129
162 127 138
163 129 134
164 129 136
165 130 135
166 132 135
167 139 145
168 139 148
169 140 154
170 140 157
171 141 142
172 141 156
173 143 150
174 143 146
175 144 150
176 146 155
177 147 151
178 147 154
179 148 152
180 148 150
181 149 150
182 151 153
183 152 156
184 155 157
185 158 164
186 159 164
187 159 170
188 159 171
189 159 173
190 160 163
191 161 169
192 162 173
193 163 164
194 165 168
195 166 169
196 167 173
197 167 175
198 168 175
199 169 174
200 171 172
201 172 174
202 176 185
203 177 181
204 178 180
205 178 186
206 178 182
207 178 192
208 178 181
209 178 195
210 179 183
211 181 194
212 182 189
213 183 189
214 184 185
215 185 191
216 187 195
217 188 194
218 189 191
219 190 191
220 193 194
221 196 201
222 196 209
223 196 205
224 196 197
225 197 204
226 197 212
227 198 207
228 198 204
229 199 204
230 200 210
231 202 210
232 202 206
233 203 205
234 205 206
235 206 208
236 210 211
237 213 218
238 214 216
239 214 227
240 214 228
241 215 223
242 216 222
243 217 223
244 217 219
245 218 219
246 218 226
247 219 224
248 220 228
249 221 228
250 225 226
251 225 228
252 229 246
253 230 238
254 230 243
255 230 245
256 230 237
257 231 234
258 231 242
259 232 241
260 232 244
261 232 233
262 233 236
263 233 239
264 234 235
265 236 237
266 237 240
267 239 246
268 242 244
269 247 257
270 247 258
271 248 261
272 249 263
273 249 259
274 249 262
275 250 252
276 251 261
277 252 265
278 253 256
279 253 261
280 253 263
281 254 262
282 255 263
283 258 264
284 258 259
285 260 265
286 262 265
287 266 267
288 266 268
289 266 272
290 269 281
291 270 277
292 271 272
293 271 275
294 273 277
295 273 281
296 274 279
297 274 276
298 274 283
299 275 280
300 276 282
301 278 280
302 278 282
303 281 283
0 281 121
1 280 138
2 267 126
3 269 134
4 281 136
5 278 133
6 270 124
7 270 136
8 269 130
9 283 128
10 277 138
11 277 128
12 274 123
13 271 138
14 270 131
15 275 125
16 273 125
17 275 126
18 282 121
19 268 123
20 282 124
21 283 138
22 275 121
23 274 129
24 281 124
25 283 130
26 276 133
27 270 129
28 274 132
29 272 124
30 118 35
31 104 36
32 102 38
33 108 30
34 106 36
35 120 37
36 109 43
37 102 40
38 113 46
39 101 36
40 105 33
41 113 32
42 102 30
43 119 41
44 101 38
45 106 45
46 103 33
47 119 41
48 111 36
49 101 39
50 117 38
51 116 42
52 108 32
53 105 46
54 104 30
55 114 36
56 103 40
57 104 31
58 105 34
59 120 31
60 194 239
61 187 237
62 179 244
63 179 243
64 192 238
65 177 230
66 193 237
67 178 245
68 181 240
69 189 244
70 177 236
71 190 242
72 194 240
73 187 240
74 190 233
75 186 232
76 186 232
77 186 240
78 192 238
79 177 245
80 188 243
81 180 237
82 194 237
83 189 229
84 191 236
85 185 245
86 191 232
87 186 240
88 177 230
89 177 244
90 142 92
91 146 91
92 139 91
93 142 96
94 154 98
95 147 86
96 152 91
97 148 96
98 146 90
99 152 90
100 155 97
101 152 99
102 145 94
103 156 96
104 139 90
105 145 88
106 152 89
107 150 84
108 147 95
109 148 82
110 145 97
111 147 94
112 139 94
113 149 96
114 150 82
115 146 89
116 148 92
117 141 94
118 146 82
119 146 91
120 199 251
121 203 256
122 211 253
123 205 264
124 196 252
125 203 250
126 211 262
127 206 256
128 211 262
129 210 265
130 208 260
131 212 265
132 212 255
133 210 248
134 206 253
135 207 264
136 204 252
137 204 255
138 211 260
139 199 264
140 198 251
141 197 263
142 197 260
143 200 256
144 199 250
145 196 259
146 210 264
147 206 259
148 211 250
149 209 263
150 241 125
151 245 128
152 242 126
153 229 124
154 237 136
155 231 126
156 244 123
157 236 134
158 230 138
159 235 129
160 235 125
161 233 123
162 229 135
163 238 121
164 244 134
165 231 136
166 243 129
167 229 134
168 229 129
169 236 132
170 232 138
171 230 136
172 241 122
173 237 135
174 242 123
175 233 135
176 233 128
177 237 136
178 239 123
179 243 123
180 145 233
181 146 243
182 154 237
183 142 231
184 145 242
185 148 243
186 146 240
187 141 232
188 147 233
189 156 231
190 140 242
191 152 243
192 156 235
193 150 234
194 144 244
195 147 242
196 141 238
197 152 230
198 139 236
199 142 237
200 152 246
201 147 231
202 145 243
203 150 232
204 151 233
205 152 232
206 151 243
207 150 240
208 151 232
209 150 245
210 92 248
211 82 260
212 87 262
213 91 260
214 85 262
215 86 261
216 87 261
217 95 262
218 93 255
219 94 259
220 88 250
221 94 248
222 85 255
223 94 260
224 96 251
225 95 252
226 84 254
227 94 258
228 91 253
229 83 256
230 93 264
231 82 259
232 100 259
233 92 260
234 87 253
235 89 252
236 98 257
237 91 258
238 83 250
239 100 262
240 208 273
241 204 273
242 210 275
243 201 275
244 201 281
245 203 280
246 202 274
247 203 266
248 207 275
249 204 270
250 199 276
251 199 281
252 206 277
253 208 275
254 207 277
255 210 281
256 202 274
257 202 268
258 200 276
259 198 272
260 202 282
261 210 268
262 211 266
263 203 277
264 205 283
265 208 275
266 211 269
267 210 275
268 201 267
269 210 269
270 178 205
271 187 207
272 179 202
273 195 212
274 178 207
275 195 196
276 190 209
277 195 204
278 188 201
279 186 210
280 186 208
281 190 205
282 182 199
283 193 212
284 180 210
285 193 209
286 190 206
287 178 210
288 182 202
289 176 207
290 186 199
291 192 205
292 187 210
293 187 208
294 179 206
295 178 198
296 186 201
297 177 209
298 191 200
299 195 211
300 143 200
301 143 206
302 156 204
303 148 208
304 140 209
305 156 198
306 142 197
307 155 210
308 152 205
309 149 200
310 154 202
311 140 199
312 153 211
313 142 209
314 140 203
315 145 208
316 149 196
317 155 210
318 141 196
319 156 197
320 146 199
321 147 204
322 148 212
323 143 207
324 142 208
325 141 198
326 147 205
327 157 198
328 139 201
329 146 212
330 96 44
331 85 41
332 85 39
333 97 45
334 87 35
335 82 34
336 100 41
337 94 30
338 93 43
339 87 36
340 87 40
341 87 40
342 94 30
343 97 45
344 99 45
345 84 34
346 83 34
347 82 36
348 87 35
349 90 45
350 90 46
351 84 46
352 91 36
353 85 34
354 82 32
355 87 46
356 88 44
357 82 33
358 100 35
359 93 39
360 67 2
361 70 3
362 72 10
363 69 2
364 81 5
365 73 1
366 68 0
367 69 9
368 63 4
369 81 4
370 77 6
371 76 2
372 79 0
373 71 0
374 71 3
375 81 10
376 80 8
377 81 2
378 77 3
379 68 11
380 78 4
381 64 1
382 78 1
383 72 2
384 64 0
385 77 2
386 74 4
387 79 0
388 80 8
389 258 62
390 248 54
391 264 56
392 255 48
393 253 62
394 251 57
395 255 47
396 254 52
397 258 58
398 255 51
399 252 56
400 256 53
401 249 48
402 248 48
403 260 48
404 264 47
405 257 57
406 261 49
407 247 55
408 264 54
409 256 58
410 260 55
411 251 62
412 247 61
413 253 56
414 252 50
415 265 61
416 255 60
417 265 59
418 253 47
419 246 64
420 240 65
421 237 78
422 232 80
423 236 79
424 240 70
425 243 71
426 244 71
427 237 71
428 245 75
429 237 67
430 237 80
431 237 73
432 230 70
433 230 80
434 244 71
435 236 75
436 237 80
437 243 79
438 246 67
439 239 76
440 239 67
441 241 66
442 241 79
443 244 80
444 242 73
445 236 68
446 229 74
447 245 78
448 246 67
449 15 19
450 15 17
451 23 12
452 20 18
453 22 23
454 14 12
455 15 29
456 25 19
457 23 29
458 22 28
459 24 28
460 29 18
461 28 18
462 22 12
463 22 17
464 20 14
465 22 23
466 29 28
467 15 17
468 25 20
469 17 27
470 3 258
471 1 249
472 9 264
473 0 259
474 8 252
475 9 252
476 0 263
477 8 252
478 11 248
479 9 257
480 1 265
481 7 248
482 9 258
483 4 249
484 9 254
485 10 262
486 0 248
487 10 256
488 9 249
489 7 254
490 6 256
491 0 255
492 10 256
493 7 249
494 10 264
495 7 262
496 4 265
497 211 254
498 210 261
499 205 247
500 202 258
501 206 255
502 209 264
503 204 265
504 203 265
505 212 265
506 209 263
507 197 265
508 205 252
509 203 258
510 198 262
511 212 251
512 207 260
513 205 263
514 200 252
515 207 251
516 205 252
517 211 253
518 201 260
519 211 247
520 208 259
521 200 248
522 212 251
523 197 264
524 210 253
525 196 265
526 198 251
527 111 65
528 110 71
529 107 69
530 110 65
531 117 79
532 101 66
533 106 77
534 115 78
535 116 77
536 118 81
537 111 73
538 106 81
539 103 79
540 101 78
541 102 77
542 109 72
543 110 81
544 114 74
545 115 64
546 120 70
547 101 77
548 101 73
549 119 69
550 114 74
551 113 71
552 102 68
553 114 65
554 118 68
555 115 76
556 103 69
557 104 84
558 110 91
559 120 99
560 113 94
561 113 86
562 106 87
563 120 87
564 106 82
565 102 87
566 120 96
567 102 99
568 109 84
569 101 99
570 105 97
571 117 93
572 106 84
573 117 96
574 109 100
575 105 93
576 107 90
577 109 93
578 113 99
579 105 94
580 105 91
581 102 97
582 107 95
583 102 90
584 115 97
585 118 94
586 105 83
587 184 267
588 188 266
589 180 275
590 182 277
591 182 269
592 189 273
593 187 279
594 189 282
595 191 277
596 180 281
597 177 274
598 192 268
599 191 268
600 189 279
601 184 275
602 194 266
603 190 266
604 189 267
605 194 274
606 177 283
607 176 269
608 182 278
609 176 268
610 195 281
611 177 276
612 181 271
613 177 280
614 180 279
615 194 283
616 181 276
617 107 12
618 113 29
619 104 18
620 115 16
621 104 13
622 105 20
623 107 21
624 115 26
625 113 13
626 115 16
627 110 27
628 103 24
629 120 25
630 102 22
631 111 25
632 120 14
633 106 14
634 103 25
635 113 18
636 119 28
637 107 16
638 114 26
639 120 13
640 106 18
641 107 17
642 115 27
643 118 13
644 103 21
645 102 14
646 120 21
647 209 128
648 208 132
649 201 138
650 199 124
651 212 136
652 203 124
653 201 124
654 206 135
655 206 138
656 210 132
657 197 125
658 196 126
659 211 124
660 200 127
661 210 130
662 210 131
663 196 127
664 199 137
665 204 135
666 205 132
667 210 124
668 206 136
669 198 123
670 207 138
671 200 123
672 210 138
673 204 137
674 203 136
675 212 121
676 209 130
677 34 7
678 44 6
679 33 3
680 31 1
681 38 1
682 35 9
683 38 0
684 30 0
685 43 4
686 35 5
687 34 10
688 34 8
689 37 11
690 37 1
691 41 1
692 37 9
693 35 6
694 33 11
695 31 0
696 41 5
697 37 7
698 42 3
699 46 2
700 42 9
701 39 5
702 46 1
703 38 4
704 35 10
705 43 7
706 30 8
707 196 61
708 208 57
709 207 62
710 203 51
711 209 55
712 203 62
713 208 62
714 201 51
715 204 51
716 210 48
717 203 50
718 204 53
719 201 57
720 196 50
721 209 56
722 212 49
723 202 49
724 201 60
725 196 52
726 207 59
727 196 57
728 199 51
729 197 61
730 206 51
731 201 59
732 211 60
733 201 59
734 204 52
735 196 48
736 202 47
737 183 243
738 180 244
739 185 245
740 176 231
741 176 230
742 177 230
743 189 243
744 191 234
745 193 231
746 177 234
747 194 234
748 183 236
749 187 233
750 182 232
751 181 241
752 185 233
753 185 236
754 177 239
755 187 231
756 180 237
757 177 239
758 186 244
759 179 233
760 180 244
761 192 234
762 190 243
763 179 231
764 181 240
765 184 235
766 186 234
767 60 217
768 49 220
769 51 225
770 62 214
771 56 213
772 49 214
773 54 214
774 57 226
775 49 221
776 53 221
777 62 214
778 59 223
779 50 223
780 52 222
781 48 224
782 54 223
783 54 214
784 50 227
785 58 226
786 50 225
787 58 226
788 53 216
789 61 222
790 49 221
791 51 218
792 55 224
793 52 227
794 56 225
795 47 225
796 59 215
797 138 255
798 121 258
799 123 248
800 134 254
801 124 248
802 125 265
803 133 252
804 132 259
805 133 257
806 137 258
807 135 263
808 134 256
809 133 257
810 128 250
811 123 264
812 123 247
813 134 256
814 124 248
815 128 253
816 132 265
817 134 254
818 124 250
819 138 254
820 133 249
821 121 248
822 132 264
823 132 265
824 134 259
825 121 255
826 131 249
827 60 186
828 54 181
829 53 190
830 60 179
831 47 191
832 49 191
833 51 186
834 47 179
835 59 188
836 50 188
837 57 195
838 50 190
839 51 192
840 51 184
841 48 190
842 61 181
843 58 192
844 49 190
845 57 183
846 60 186
847 60 194
848 53 184
849 49 176
850 48 193
851 50 187
852 48 182
853 52 186
854 59 189
855 51 194
856 51 180
857 63 268
858 63 277
859 72 273
860 67 282
861 66 282
862 66 277
863 74 276
864 71 280
865 64 266
866 74 273
867 77 267
868 63 266
869 70 281
870 66 270
871 69 267
872 69 271
873 68 276
874 69 277
875 68 274
876 69 283
877 74 268
878 75 271
879 70 266
880 76 277
881 72 268
882 76 269
883 74 273
884 67 279
885 69 273
886 74 276
887 268 96
888 276 95
889 280 90
890 276 86
891 277 84
892 273 82
893 272 83
894 283 96
895 280 86
896 274 91
897 280 94
898 283 94
899 278 82
900 283 91
901 270 98
902 267 92
903 275 99
904 272 97
905 280 95
906 273 95
907 276 86
908 268 86
909 283 99
910 274 84
911 275 84
912 267 86
913 282 93
914 282 88
915 266 98
916 282 86
917 0 87
918 11 95
919 8 91
920 3 89
921 7 88
922 7 95
923 2 100
924 11 84
925 5 100
926 6 91
927 5 87
928 8 89
929 3 99
930 7 93
931 10 94
932 8 91
933 9 83
934 2 84
935 8 99
936 2 88
937 0 94
938 9 95
939 0 96
940 1 94
941 3 96
942 7 84
943 10 88
944 6 98
945 7 88
946 176 156
947 194 141
948 185 142
949 191 155
950 188 154
951 195 155
952 192 157
953 189 157
954 192 153
955 186 143
956 191 139
957 184 156
958 176 142
959 193 142
960 180 140
961 177 152
962 194 141
963 192 155
964 193 144
965 186 144
966 192 142
967 176 152
968 184 156
969 188 157
970 184 146
971 191 156
972 180 145
973 180 148
974 193 142
975 182 148
976 93 110
977 96 112
978 84 107
979 86 115
980 85 113
981 96 116
982 83 114
983 86 117
984 96 106
985 95 110
986 89 113
987 95 107
988 93 103
989 98 113
990 89 112
991 92 116
992 82 113
993 91 110
994 94 114
995 95 104
996 100 104
997 87 113
998 84 106
999 98 110
1000 100 115
1001 90 114
1002 88 107
1003 94 109
1004 97 108
1005 83 103
1006 198 94
1007 205 86
1008 202 91
1009 212 86
1010 212 82
1011 197 89
1012 209 90
1013 198 84
1014 212 87
1015 209 95
1016 199 87
1017 207 89
1018 199 99
1019 199 94
1020 212 83
1021 196 97
1022 210 90
1023 203 82
1024 202 87
1025 206 86
1026 198 87
1027 201 88
1028 205 92
1029 212 83
1030 207 84
1031 211 95
1032 202 98
1033 209 87
1034 203 94
1035 205 98
1036 219 263
1037 213 262
1038 215 249
1039 218 259
1040 223 258
1041 213 249
1042 224 253
1043 214 264
1044 226 260
1045 222 262
1046 221 248
1047 217 255
1048 222 253
1049 224 253
1050 219 262
1051 223 265
1052 227 254
1053 213 252
1054 218 262
1055 213 257
1056 221 259
1057 216 252
1058 218 254
1059 225 250
1060 213 260
1061 225 263
1062 222 257
1063 227 261
1064 225 254
1065 228 249
1066 261 80
1067 257 63
1068 264 67
1069 265 76
1070 250 66
1071 254 75
1072 256 64
1073 251 81
1074 262 79
1075 251 66
1076 265 73
1077 265 74
1078 255 65
1079 263 71
1080 255 74
1081 265 81
1082 248 73
1083 265 72
1084 251 69
1085 249 72
1086 258 65
1087 260 67
1088 262 81
1089 250 71
1090 260 65
1091 262 73
1092 252 74
1093 251 72
1094 248 78
1095 260 69
1096 204 146
1097 199 147
1098 199 148
1099 198 150
1100 212 142
1101 207 150
1102 202 143
1103 196 146
1104 212 148
1105 206 146
1106 204 143
1107 212 147
1108 198 151
1109 201 147
1110 207 143
1111 212 148
1112 199 149
1113 212 152
1114 196 152
1115 199 149
1116 207 154
1117 212 146
1118 210 140
1119 203 152
1120 203 155
1121 203 148
1122 200 142
1123 212 156
1124 200 156
1125 205 152
1126 127 271
1127 133 271
1128 135 282
1129 131 283
1130 131 266
1131 122 269
1132 132 273
1133 125 277
1134 122 280
1135 126 278
1136 138 266
1137 125 282
1138 127 266
1139 135 270
1140 133 278
1141 124 277
1142 133 269
1143 129 275
1144 125 275
1145 123 279
1146 123 266
1147 135 272
1148 127 268
1149 122 278
1150 125 283
1151 121 270
1152 133 267
1153 134 283
1154 132 270
1155 130 269
1156 42 149
1157 40 155
1158 35 157
1159 46 139
1160 39 156
1161 46 140
1162 31 151
1163 44 156
1164 36 156
1165 31 151
1166 46 155
1167 38 148
1168 36 148
1169 35 146
1170 46 150
1171 46 153
1172 44 150
1173 31 155
1174 35 142
1175 43 143
1176 30 148
1177 35 143
1178 31 155
1179 35 143
1180 37 154
1181 38 144
1182 36 155
1183 37 156
1184 41 140
1185 34 156
1186 52 235
1187 58 230
1188 47 242
1189 49 236
1190 61 243
1191 51 236
1192 55 243
1193 59 235
1194 54 245
1195 53 245
1196 57 241
1197 56 246
1198 56 231
1199 54 239
1200 48 243
1201 48 246
1202 58 246
1203 54 245
1204 57 238
1205 59 238
1206 50 229
1207 62 234
1208 55 229
1209 51 232
1210 62 245
1211 47 241
1212 50 238
1213 53 229
1214 51 243
1215 60 232
1216 19 30
1217 25 31
1218 28 42
1219 28 30
1220 29 32
1221 18 44
1222 22 35
1223 13 38
1224 29 43
1225 28 42
1226 15 39
1227 21 42
1228 18 44
1229 20 40
1230 17 46
1231 15 40
1232 24 32
1233 22 31
1234 28 42
1235 12 31
1236 29 34
1237 21 37
1238 17 45
1239 16 30
1240 22 44
1241 21 41
1242 25 45
1243 14 33
1244 29 43
1245 29 31
1246 90 279
1247 83 271
1248 87 280
1249 87 272
1250 99 281
1251 92 274
1252 92 278
1253 87 268
1254 99 280
1255 97 273
1256 94 269
1257 89 269
1258 92 266
1259 87 279
1260 85 271
1261 93 268
1262 97 271
1263 94 283
1264 100 276
1265 99 281
1266 96 273
1267 98 268
1268 91 275
1269 83 269
1270 85 273
1271 91 283
1272 92 270
1273 90 278
1274 98 276
1275 100 270
1276 24 160
1277 28 166
1278 29 161
1279 21 174
1280 14 164
1281 20 168
1282 29 174
1283 13 172
1284 18 165
1285 17 170
1286 25 166
1287 14 162
1288 21 161
1289 19 173
1290 28 174
1291 24 167
1292 25 171
1293 15 171
1294 12 163
1295 19 165
1296 23 168
1297 17 166
1298 18 173
1299 22 174
1300 29 159
1301 20 175
1302 16 159
1303 13 173
1304 28 173
1305 14 173
1306 274 2
1307 276 8
1308 276 3
1309 272 7
1310 269 11
1311 280 2
1312 276 1
1313 277 0
1314 267 6
1315 283 3
1316 277 0
1317 278 9
1318 271 6
1319 268 8
1320 272 11
1321 270 0
1322 282 3
1323 278 7
1324 279 2
1325 275 4
1326 275 2
1327 271 1
1328 266 7
1329 271 6
1330 277 4
1331 278 11
1332 278 0
1333 272 8
1334 283 10
1335 274 4
1336 129 131
1337 134 131
1338 125 126
1339 123 131
1340 121 138
1341 133 125
1342 122 136
1343 132 121
1344 135 125
1345 135 133
1346 132 121
1347 135 136
1348 124 137
1349 129 130
1350 131 126
1351 131 134
1352 125 134
1353 129 132
1354 122 132
1355 123 124
1356 132 129
1357 138 137
1358 133 137
1359 178 272
1360 188 283
1361 191 267
1362 190 281
1363 193 280
1364 191 274
1365 193 274
1366 189 279
1367 182 270
1368 191 279
1369 194 271
1370 181 268
1371 188 278
1372 178 266
1373 179 278
1374 191 270
1375 184 280
1376 187 275
1377 188 275
1378 186 273
1379 177 277
1380 195 279
1381 179 267
1382 194 268
1383 194 277
1384 191 275
1385 195 277
1386 180 280
1387 188 271
1388 178 268
1389 168 239
1390 160 240
1391 164 233
1392 164 242
1393 163 231
1394 160 241
1395 159 243
1396 172 232
1397 164 240
1398 166 237
1399 170 241
1400 170 238
1401 169 240
1402 165 237
1403 174 245
1404 161 236
1405 159 231
1406 174 245
1407 169 237
1408 163 235
1409 171 235
1410 167 242
1411 171 235
1412 175 229
1413 158 245
1414 164 246
1415 172 233
1416 167 239
1417 173 244
1418 162 237
1419 45 3
1420 33 10
1421 31 9
1422 39 6
1423 37 3
1424 38 3
1425 37 3
1426 38 1
1427 45 9
1428 35 2
1429 40 6
1430 37 4
1431 46 1
1432 37 5
1433 42 10
1434 36 0
1435 41 6
1436 37 11
1437 39 5
1438 44 0
1439 45 3
1440 36 1
1441 42 7
1442 43 9
1443 41 4
1444 42 1
1445 46 2
1446 36 4
1447 46 2
1448 36 9
1449 115 50
1450 110 54
1451 115 53
1452 119 54
1453 120 52
1454 114 54
1455 108 52
1456 110 54
1457 106 58
1458 102 55
1459 113 62
1460 118 58
1461 109 57
1462 105 54
1463 110 52
1464 112 48
1465 106 54
1466 117 47
1467 117 51
1468 107 62
1469 120 60
1470 103 60
1471 106 53
1472 116 56
1473 105 57
1474 118 49
1475 110 59
1476 106 49
1477 105 53
1478 103 52
1479 200 76
1480 209 81
1481 203 63
1482 206 66
1483 207 79
1484 204 69
1485 207 67
1486 204 71
1487 199 68
1488 205 64
1489 209 67
1490 200 76
1491 196 64
1492 198 80
1493 212 67
1494 205 69
1495 201 72
1496 204 67
1497 211 74
1498 212 63
1499 201 66
1500 209 77
1501 197 66
1502 198 76
1503 198 68
1504 203 75
1505 205 80
1506 211 65
1507 200 63
1508 196 68
1509 32 180
1510 41 182
1511 43 184
1512 33 183
1513 38 178
1514 32 177
1515 44 179
1516 39 185
1517 39 184
1518 33 193
1519 36 188
1520 45 194
1521 35 194
1522 31 184
1523 34 176
1524 36 176
1525 45 194
1526 34 193
1527 32 185
1528 37 187
1529 30 186
1530 30 190
1531 46 185
1532 35 190
1533 38 192
1534 45 185
1535 34 192
1536 45 191
1537 38 178
1538 36 195
1539 193 215
1540 178 224
1541 191 215
1542 181 214
1543 180 224
1544 181 214
1545 187 227
1546 195 213
1547 195 215
1548 183 219
1549 192 216
1550 192 227
1551 189 221
1552 190 214
1553 188 222
1554 195 226
1555 193 224
1556 178 213
1557 191 223
1558 192 228
1559 188 225
1560 191 224
1561 189 226
1562 185 216
1563 186 213
1564 186 217
1565 177 224
1566 189 222
1567 176 223
1568 186 224
1569 208 225
1570 196 224
1571 198 216
1572 198 228
1573 199 219
1574 200 226
1575 206 219
1576 208 213
1577 205 218
1578 197 228
1579 201 219
1580 205 214
1581 197 216
1582 202 215
1583 199 219
1584 212 217
1585 204 216
1586 203 213
1587 196 221
1588 199 223
1589 209 217
1590 208 218
1591 203 216
1592 201 213
1593 211 226
1594 209 217
1595 201 214
1596 206 222
1597 197 218
1598 201 217
1599 0 175
1600 1 159
1601 4 175
1602 7 160
1603 9 169
1604 7 168
1605 1 170
1606 7 175
1607 2 168
1608 8 173
1609 10 170
1610 6 165
1611 4 170
1612 6 174
1613 11 160
1614 3 169
1615 0 172
1616 9 167
1617 2 159
1618 5 164
1619 1 167
1620 5 173
1621 0 170
1622 1 165
1623 1 172
1624 7 171
1625 176 125
1626 177 125
1627 193 136
1628 176 125
1629 182 134
1630 188 134
1631 195 124
1632 188 126
1633 178 133
1634 188 125
1635 193 129
1636 177 121
1637 178 136
1638 188 121
1639 176 127
1640 190 132
1641 180 134
1642 182 138
1643 176 136
1644 177 138
1645 182 127
1646 184 128
1647 185 121
1648 193 126
1649 179 122
1650 186 122
1651 181 125
1652 193 126
1653 195 125
1654 180 130
1655 246 34
1656 237 36
1657 232 37
1658 242 31
1659 240 39
1660 230 40
1661 233 44
1662 240 39
1663 232 31
1664 238 39
1665 237 42
1666 232 43
1667 241 45
1668 242 39
1669 244 32
1670 246 31
1671 246 42
1672 238 31
1673 236 35
1674 239 36
1675 230 43
1676 236 38
1677 230 30
1678 229 35
1679 231 42
1680 237 36
1681 229 41
1682 234 44
1683 235 45
1684 242 45
1685 52 79
1686 58 63
1687 60 81
1688 54 71
1689 62 79
1690 52 76
1691 47 80
1692 56 69
1693 49 75
1694 52 71
1695 53 68
1696 53 81
1697 47 64
1698 51 78
1699 50 75
1700 51 71
1701 52 74
1702 61 75
1703 47 74
1704 56 69
1705 57 78
1706 49 81
1707 48 77
1708 56 70
1709 53 71
1710 56 66
1711 59 63
1712 47 67
1713 50 76
1714 49 72
1715 65 141
1716 80 150
1717 74 156
1718 70 142
1719 75 141
1720 69 152
1721 64 147
1722 68 156
1723 70 142
1724 63 141
1725 75 155
1726 78 150
1727 68 155
1728 74 156
1729 73 145
1730 76 151
1731 74 148
1732 66 144
1733 70 156
1734 64 144
1735 73 142
1736 74 146
1737 69 156
1738 65 148
1739 75 144
1740 71 141
1741 81 155
1742 64 152
1743 77 147
1744 79 144
1745 267 58
1746 269 50
1747 277 58
1748 282 59
1749 272 55
1750 283 56
1751 278 50
1752 283 47
1753 274 58
1754 267 57
1755 283 60
1756 280 58
1757 281 62
1758 276 52
1759 269 53
1760 280 50
1761 271 51
1762 266 57
1763 278 50
1764 279 55
1765 281 58
1766 273 57
1767 266 57
1768 279 52
1769 274 50
1770 278 50
1771 281 62
1772 279 50
1773 267 60
1774 270 57
1775 95 24
1776 82 24
1777 99 14
1778 92 14
1779 83 23
1780 98 23
1781 99 17
1782 97 22
1783 94 15
1784 82 14
1785 90 19
1786 83 12
1787 83 28
1788 94 21
1789 85 26
1790 83 26
1791 95 23
1792 89 25
1793 85 26
1794 89 13
1795 94 28
1796 87 13
1797 88 16
1798 85 18
1799 100 21
1800 87 15
1801 82 18
1802 98 24
1803 100 28
1804 99 19
1805 188 258
1806 176 252
1807 189 250
1808 180 263
1809 177 263
1810 188 254
1811 185 259
1812 178 248
1813 185 254
1814 187 251
1815 195 259
1816 189 263
1817 191 251
1818 195 252
1819 177 251
1820 190 251
1821 183 254
1822 186 259
1823 181 252
1824 193 259
1825 193 253
1826 183 257
1827 194 247
1828 182 260
1829 188 263
1830 179 249
1831 181 265
1832 177 261
1833 182 253
1834 192 258
1835 177 170
1836 194 170
1837 180 163
1838 180 169
1839 187 166
1840 194 162
1841 187 172
1842 192 172
1843 184 162
1844 188 160
1845 183 162
1846 186 174
1847 183 166
1848 184 166
1849 184 173
1850 189 160
1851 185 158
1852 187 161
1853 182 161
1854 192 161
1855 180 160
1856 181 159
1857 181 171
1858 194 162
1859 190 158
1860 180 173
1861 186 159
1862 177 165
1863 195 159
1864 195 173
1865 177 76
1866 188 71
1867 185 69
1868 182 68
1869 182 80
1870 195 80
1871 176 68
1872 193 77
1873 182 80
1874 184 72
1875 177 73
1876 187 64
1877 193 75
1878 182 80
1879 178 76
1880 192 78
1881 176 65
1882 178 80
1883 188 77
1884 195 68
1885 188 63
1886 185 80
1887 181 68
1888 188 78
1889 194 70
1890 176 78
1891 194 66
1892 193 78
1893 185 69
1894 193 77
1895 101 59
1896 104 62
1897 114 58
1898 103 59
1899 101 49
1900 117 60
1901 107 52
1902 111 47
1903 102 59
1904 114 53
1905 115 51
1906 104 51
1907 101 57
1908 110 58
1909 117 50
1910 101 53
1911 120 58
1912 101 56
1913 118 52
1914 118 59
1915 116 54
1916 104 57
1917 108 51
1918 102 53
1919 115 61
1920 103 54
1921 117 47
1922 106 47
1923 119 56
1924 115 56
1925 252 2
1926 262 11
1927 252 9
1928 250 11
1929 265 4
1930 248 8
1931 249 7
1932 264 2
1933 251 11
1934 252 9
1935 257 8
1936 263 7
1937 261 4
1938 250 9
1939 251 6
1940 249 1
1941 265 6
1942 264 0
1943 253 10
1944 249 1
1945 265 9
1946 252 6
1947 257 9
1948 253 4
1949 256 1
1950 265 6
1951 253 1
1952 259 2
1953 261 2
1954 260 0
1955 243 154
1956 232 145
1957 229 142
1958 231 142
1959 244 151
1960 236 155
1961 239 153
1962 242 146
1963 238 154
1964 234 156
1965 244 140
1966 244 141
1967 245 146
1968 237 152
1969 234 142
1970 229 145
1971 239 145
1972 233 149
1973 243 152
1974 234 157
1975 242 153
1976 241 155
1977 239 157
1978 243 143
1979 242 150
1980 237 147
1981 232 152
1982 233 139
1983 246 145
1984 246 146
1985 15 154
1986 29 151
1987 29 149
1988 27 156
1989 15 154
1990 21 143
1991 18 149
1992 13 143
1993 28 152
1994 15 155
1995 13 155
1996 12 154
1997 24 148
1998 28 142
1999 29 153
2000 19 153
2001 22 141
2002 27 154
2003 13 157
2004 17 148
2005 15 153
2006 12 140
2007 25 145
2008 29 150
2009 19 148
2010 12 147
2011 29 156
2012 15 142
2013 28 151
2014 24 151
2015 3 84
2016 0 84
2017 1 86
2018 0 89
2019 10 89
2020 9 90
2021 6 98
2022 3 86
2023 1 94
2024 5 89
2025 0 99
2026 7 94
2027 8 98
2028 9 87
2029 3 89
2030 8 86
2031 2 87
2032 2 84
2033 1 82
2034 9 91
2035 5 98
2036 10 93
2037 3 86
2038 9 85
2039 2 86
2040 6 100
2041 0 91
2042 2 87
2043 10 83
2044 232 48
2045 239 50
2046 241 55
2047 233 57
2048 239 50
2049 244 55
2050 244 50
2051 229 51
2052 246 47
2053 235 59
2054 245 58
2055 232 55
2056 241 52
2057 242 48
2058 231 50
2059 243 61
2060 239 55
2061 233 47
2062 234 51
2063 246 60
2064 229 57
2065 241 54
2066 240 54
2067 245 54
2068 237 52
2069 229 61
2070 232 59
2071 230 48
2072 236 53
2073 239 50
2074 177 17
2075 184 25
2076 182 18
2077 186 26
2078 177 21
2079 179 19
2080 193 15
2081 184 23
2082 183 22
2083 194 22
2084 191 23
2085 177 22
2086 179 16
2087 186 19
2088 180 25
2089 193 20
2090 188 27
2091 183 27
2092 190 21
2093 194 22
2094 195 20
2095 190 22
2096 193 29
2097 185 18
2098 182 18
2099 189 29
2100 180 17
2101 190 29
2102 191 26
2103 195 14
2104 84 52
2105 91 57
2106 95 57
2107 85 58
2108 100 51
2109 98 55
2110 93 58
2111 85 50
2112 84 59
2113 83 56
2114 98 55
2115 98 57
2116 83 60
2117 90 48
2118 87 58
2119 95 59
2120 95 57
2121 94 52
2122 98 52
2123 92 58
2124 92 52
2125 100 60
2126 88 50
2127 89 62
2128 92 60
2129 86 51
2130 96 54
2131 82 60
2132 82 55
2133 99 50
2134 232 168
2135 242 163
2136 243 160
2137 233 159
2138 231 175
2139 242 171
2140 238 174
2141 244 166
2142 242 170
2143 238 169
2144 241 164
2145 235 171
2146 246 158
2147 244 172
2148 231 174
2149 229 169
2150 245 158
2151 245 168
2152 234 162
2153 243 174
2154 234 166
2155 236 171
2156 242 166
2157 241 171
2158 229 160
2159 246 159
2160 239 172
2161 233 175
2162 241 168
2163 232 173
2164 154 149
2165 141 154
2166 146 142
2167 149 154
2168 147 146
2169 151 150
2170 146 140
2171 147 148
2172 144 145
2173 142 152
2174 147 145
2175 155 154
2176 152 153
2177 144 147
2178 140 149
2179 157 142
2180 151 142
2181 146 154
2182 155 141
2183 269 47
2184 268 47
2185 269 47
2186 270 51
2187 274 62
2188 269 57
2189 268 51
2190 272 52
2191 276 61
2192 273 55
2193 267 57
2194 283 55
2195 273 52
2196 280 53
2197 273 51
2198 277 61
2199 282 54
2200 269 52
2201 281 54
2202 279 49
2203 280 58
2204 281 49
2205 270 57
2206 278 61
2207 267 60
2208 277 50
2209 283 55
2210 278 51
2211 278 51
2212 278 55
2213 119 234
2214 105 236
2215 108 241
2216 105 238
2217 120 237
2218 114 238
2219 104 233
2220 110 232
2221 111 232
2222 120 239
2223 114 229
2224 107 239
2225 109 236
2226 120 237
2227 108 241
2228 109 242
2229 105 246
2230 117 231
2231 105 229
2232 107 244
2233 112 241
2234 107 246
2235 120 245
2236 104 240
2237 110 240
2238 102 238
2239 110 238
2240 117 244
2241 106 244
2242 105 231
2243 217 63
2244 221 77
2245 213 76
2246 213 67
2247 225 75
2248 217 70
2249 226 71
2250 218 68
2251 214 66
2252 223 64
2253 218 66
2254 225 78
2255 216 76
2256 225 75
2257 225 73
2258 219 80
2259 225 63
2260 213 67
2261 220 69
2262 225 81
2263 216 73
2264 216 65
2265 214 80
2266 219 68
2267 222 73
2268 215 63
2269 213 73
2270 219 68
2271 228 65
2272 218 73
2273 39 24
2274 30 18
2275 33 19
2276 45 15
2277 33 22
2278 31 27
2279 41 28
2280 36 16
2281 43 26
2282 37 14
2283 34 25
2284 30 23
2285 41 27
2286 33 28
2287 46 28
2288 33 21
2289 39 24
2290 46 29
2291 37 14
2292 40 24
2293 33 22
2294 37 24
2295 43 16
2296 30 15
2297 37 21
2298 32 20
2299 36 18
2300 44 29
2301 38 29
2302 33 17
2303 56 158
2304 53 171
2305 52 161
2306 57 171
2307 51 171
2308 51 158
2309 48 166
2310 48 159
2311 52 164
2312 51 158
2313 47 166
2314 56 162
2315 58 172
2316 50 170
2317 58 167
2318 50 161
2319 48 167
2320 60 168
2321 58 158
2322 48 162
2323 50 160
2324 62 163
2325 51 159
2326 49 174
2327 49 175
2328 52 163
2329 55 163
2330 50 172
2331 54 161
2332 50 160
2333 249 148
2334 247 141
2335 258 147
2336 251 140
2337 261 144
2338 259 148
2339 265 148
2340 254 144
2341 256 151
2342 261 139
2343 265 141
2344 250 151
2345 260 152
2346 265 151
2347 256 151
2348 251 141
2349 253 140
2350 248 144
2351 250 153
2352 263 148
2353 249 153
2354 252 154
2355 256 151
2356 252 150
2357 259 148
2358 248 152
2359 262 142
2360 249 150
2361 249 142
2362 248 148
2363 119 129
2364 111 138
2365 108 138
2366 103 132
2367 111 138
2368 117 130
2369 120 133
2370 110 136
2371 111 123
2372 109 137
2373 115 122
2374 110 136
2375 103 126
2376 114 138
2377 101 134
2378 104 138
2379 114 136
2380 106 128
2381 106 134
2382 103 121
2383 119 129
2384 105 133
2385 109 127
2386 106 128
2387 102 132
2388 117 123
2389 102 134
2390 115 130
2391 112 124
2392 116 129
2393 31 103
2394 42 120
2395 31 106
2396 30 115
2397 46 115
2398 30 109
2399 40 120
2400 34 118
2401 42 110
2402 37 104
2403 35 102
2404 45 117
2405 37 110
2406 38 110
2407 30 119
2408 40 102
2409 41 115
2410 41 107
2411 41 104
2412 37 105
2413 32 118
2414 34 105
2415 44 118
2416 45 107
2417 35 113
2418 41 101
2419 34 104
2420 45 115
2421 42 116
2422 32 112
2423 237 153
2424 231 156
2425 234 139
2426 233 154
2427 241 141
2428 243 142
2429 237 157
2430 233 148
2431 235 149
2432 243 155
2433 237 141
2434 241 154
2435 243 155
2436 234 149
2437 234 148
2438 236 144
2439 242 149
2440 240 149
2441 236 152
2442 229 153
2443 241 146
2444 245 146
2445 246 142
2446 237 157
2447 240 141
2448 242 146
2449 233 156
2450 245 139
2451 234 151
2452 238 150
2453 203 247
2454 207 262
2455 203 265
2456 205 254
2457 202 256
2458 196 250
2459 211 250
2460 210 252
2461 209 263
2462 196 247
2463 208 265
2464 204 247
2465 208 264
2466 198 249
2467 208 255
2468 202 265
2469 211 248
2470 200 251
2471 197 252
2472 204 255
2473 207 261
2474 200 259
2475 204 250
2476 206 258
2477 201 257
2478 205 252
2479 199 255
2480 206 253
2481 203 259
2482 198 251
2483 36 264
2484 37 249
2485 37 258
2486 44 249
2487 30 265
2488 31 256
2489 40 247
2490 31 251
2491 30 260
2492 35 257
2493 41 264
2494 45 247
2495 44 252
2496 37 253
2497 41 261
2498 36 247
2499 36 258
2500 34 262
2501 31 256
2502 40 252
2503 46 257
2504 31 255
2505 31 254
2506 42 253
2507 43 261
2508 36 262
2509 36 252
2510 37 258
2511 38 256
2512 32 250
2513 8 215
2514 8 214
2515 9 221
2516 3 221
2517 5 226
2518 5 222
2519 5 228
2520 1 222
2521 10 228
2522 0 226
2523 6 214
2524 7 227
2525 2 214
2526 8 214
2527 5 214
2528 1 216
2529 6 226
2530 0 219
2531 11 228
2532 2 220
2533 3 218
2534 11 227
2535 6 223
2536 11 224
2537 3 227
2538 4 217
2539 2 217
2540 6 216
2541 7 226
2542 2 224
2543 60 283
2544 55 269
2545 54 280
2546 58 270
2547 62 283
2548 53 267
2549 48 275
2550 55 271
2551 60 276
2552 54 282
2553 56 278
2554 51 276
2555 58 274
2556 53 266
2557 49 270
2558 54 274
2559 56 267
2560 58 281
2561 62 270
2562 51 267
2563 62 277
2564 59 275
2565 57 282
2566 58 278
2567 51 266
2568 52 275
2569 61 279
2570 54 282
2571 54 273
2572 53 266
2573 18 101
2574 21 111
2575 27 119
2576 14 109
2577 17 115
2578 15 113
2579 28 111
2580 19 111
2581 23 114
2582 26 120
2583 25 108
2584 23 118
2585 25 118
2586 27 103
2587 23 116
2588 26 110
2589 15 119
2590 26 111
2591 18 106
2592 29 107
2593 26 110
2594 27 116
2595 12 104
2596 13 105
2597 22 102
2598 14 105
2599 18 101
2600 29 106
2601 29 102
2602 21 120
2603 251 166
2604 253 173
2605 261 171
2606 248 158
2607 255 172
2608 262 161
2609 252 163
2610 251 159
2611 247 158
2612 259 159
2613 252 158
2614 265 172
2615 265 158
2616 251 173
2617 263 161
2618 257 164
2619 254 169
2620 252 168
2621 261 167
2622 256 175
2623 258 158
2624 265 159
2625 256 172
2626 250 170
2627 258 167
2628 259 175
2629 253 165
2630 261 163
2631 263 175
2632 262 162
2633 145 4
2634 145 8
2635 149 8
2636 142 2
2637 147 0
2638 152 1
2639 153 1
2640 144 1
2641 152 0
2642 152 5
2643 152 4
2644 143 1
2645 144 10
2646 152 4
2647 139 7
2648 152 11
2649 145 7
2650 141 2
2651 152 8
2652 151 7
2653 153 9
2654 146 8
2655 148 4
2656 142 11
2657 149 9
2658 152 7
2659 143 0
2660 147 10
2661 145 6
2662 155 6
2663 36 25
2664 31 24
2665 41 21
2666 34 17
2667 39 12
2668 34 19
2669 44 13
2670 30 12
2671 32 14
2672 34 19
2673 39 13
2674 40 17
2675 34 20
2676 39 23
2677 35 16
2678 30 22
2679 40 20
2680 31 22
2681 38 21
2682 33 20
2683 30 29
2684 39 29
2685 39 23
2686 37 20
2687 34 15
2688 45 17
2689 36 16
2690 44 13
2691 41 17
2692 43 16
2693 133 225
2694 125 225
2695 122 215
2696 126 223
2697 133 224
2698 126 227
2699 127 220
2700 122 225
2701 121 228
2702 136 214
2703 133 226
2704 137 214
2705 135 226
2706 123 213
2707 137 217
2708 133 225
2709 137 216
2710 126 213
2711 136 219
2712 121 227
2713 122 218
2714 134 214
2715 132 226
2716 124 219
2717 123 222
2718 138 220
2719 126 226
2720 137 226
2721 135 219
2722 126 221
2723 254 9
2724 254 8
2725 250 6
2726 264 4
2727 265 4
2728 256 2
2729 251 1
2730 264 0
2731 260 2
2732 250 1
2733 257 0
2734 264 11
2735 260 11
2736 248 0
2737 258 9
2738 260 8
2739 263 11
2740 251 11
2741 252 1
2742 252 1
2743 263 2
2744 252 9
2745 259 5
2746 251 1
2747 250 5
2748 257 6
2749 253 1
2750 264 8
2751 57 242
2752 61 230
2753 57 236
2754 59 236
2755 48 246
2756 59 244
2757 53 238
2758 53 236
2759 53 240
2760 48 239
2761 62 241
2762 56 239
2763 48 230
2764 52 231
2765 54 229
2766 61 242
2767 47 238
2768 55 242
2769 57 245
2770 55 230
2771 50 234
2772 49 242
2773 50 229
2774 47 238
2775 49 244
2776 58 246
2777 48 232
2778 61 240
2779 49 242
2780 54 237
2781 122 240
2782 136 239
2783 131 242
2784 134 238
2785 123 236
2786 121 240
2787 129 237
2788 129 245
2789 129 238
2790 129 236
2791 137 241
2792 136 239
2793 125 230
2794 125 232
2795 132 245
2796 127 237
2797 135 238
2798 130 243
2799 122 239
2800 127 239
2801 133 245
2802 129 230
2803 130 235
2804 127 243
2805 121 230
2806 122 235
2807 132 231
2808 125 246
2809 130 237
2810 134 235
2811 0 63
2812 8 73
2813 1 67
2814 4 74
2815 8 64
2816 8 68
2817 4 69
2818 5 67
2819 7 65
2820 5 79
2821 3 77
2822 0 69
2823 8 81
2824 7 78
2825 2 68
2826 1 75
2827 6 70
2828 1 72
2829 2 74
2830 7 80
2831 10 64
2832 8 78
2833 2 79
2834 6 79
2835 10 79
2836 0 69
2837 11 65
2838 2 66
2839 8 79
2840 252 14
2841 263 25
2842 251 12
2843 256 24
2844 259 23
2845 255 16
2846 247 23
2847 261 17
2848 250 23
2849 260 21
2850 259 20
2851 260 22
2852 262 22
2853 260 19
2854 265 29
2855 262 15
2856 247 25
2857 264 25
2858 252 16
2859 253 28
2860 264 21
2861 253 19
2862 252 28
2863 261 13
2864 252 15
2865 255 17
2866 249 14
2867 249 18
2868 259 21
2869 252 19
2870 146 191
2871 139 179
2872 155 188
2873 141 189
2874 144 178
2875 151 176
2876 142 192
2877 154 184
2878 150 177
2879 139 185
2880 150 183
2881 147 185
2882 142 185
2883 155 186
2884 156 180
2885 150 185
2886 151 193
2887 144 180
2888 155 179
2889 139 179
2890 150 177
2891 150 189
2892 155 176
2893 146 182
2894 154 179
2895 149 188
2896 148 189
2897 145 193
2898 148 187
2899 141 195
2900 16 256
2901 12 252
2902 29 248
2903 22 254
2904 13 261
2905 23 254
2906 17 265
2907 21 254
2908 25 254
2909 22 249
2910 22 264
2911 15 255
2912 16 265
2913 23 252
2914 19 257
2915 18 264
2916 17 264
2917 12 247
2918 17 263
2919 23 262
2920 19 259
2921 21 251
2922 26 249
2923 14 247
2924 21 251
2925 16 265
2926 23 251
2927 27 265
2928 24 256
2929 22 251
2930 115 219
2931 119 225
2932 101 219
2933 103 218
2934 111 214
2935 101 218
2936 113 217
2937 118 216
2938 106 222
2939 113 227
2940 106 220
2941 111 215
2942 110 216
2943 120 218
2944 110 226
2945 114 219
2946 109 214
2947 108 224
2948 105 214
2949 111 226
2950 116 221
2951 110 223
2952 119 222
2953 115 220
2954 102 219
2955 120 213
2956 114 221
2957 120 213
2958 102 220
2959 104 223
