250 265 10 2906
0 8
1 7
2 4
3 6
4 5
5 7
6 5
7 9
8 8
9 5
10 8
11 8
12 6
13 4
14 3
15 3
16 3
17 4
18 3
19 3
20 3
21 5
22 3
23 3
24 5
25 4
26 3
27 4
28 4
29 3
30 3
31 3
32 3
33 3
34 3
35 3
36 3
37 3
38 3
39 3
40 5
41 4
42 4
43 3
44 3
45 4
46 3
47 4
48 3
49 3
50 3
51 3
52 5
53 3
54 5
55 4
56 3
57 3
58 3
59 3
60 4
61 6
62 3
63 4
64 3
65 3
66 3
67 4
68 3
69 3
70 3
71 3
72 4
73 4
74 3
75 3
76 3
77 3
78 4
79 3
80 3
81 3
82 3
83 3
84 3
85 5
86 3
87 3
88 3
89 3
90 3
91 3
92 3
93 5
94 4
95 3
96 3
97 3
98 3
99 4
100 5
101 3
102 3
103 3
104 3
105 4
106 4
107 3
108 3
109 4
110 3
111 3
112 3
113 3
114 4
115 3
116 3
117 3
118 3
119 3
120 3
121 3
122 3
123 3
124 3
125 4
126 4
127 3
128 5
129 3
130 5
131 4
132 3
133 3
134 4
135 3
136 3
137 4
138 3
139 3
140 4
141 3
142 3
143 5
144 3
145 3
146 5
147 3
148 3
149 3
150 3
151 4
152 3
153 5
154 3
155 4
156 3
157 3
158 3
159 3
160 3
161 4
162 3
163 4
164 3
165 3
166 4
167 3
168 3
169 3
170 3
171 3
172 3
173 3
174 5
175 3
176 3
177 3
178 3
179 3
180 3
181 4
182 5
183 4
184 3
185 4
186 4
187 4
188 3
189 4
190 3
191 3
192 4
193 3
194 3
195 3
196 6
197 3
198 3
199 3
200 4
201 3
202 3
203 3
204 3
205 4
206 3
207 3
208 3
209 4
210 3
211 3
212 3
213 3
214 5
215 7
216 4
217 3
218 3
219 3
220 3
221 3
222 3
223 5
224 3
225 3
226 5
227 4
228 3
229 4
230 3
231 3
232 4
233 3
234 3
235 3
236 3
237 3
238 3
239 5
240 4
241 3
242 5
243 3
244 3
245 5
246 3
247 3
248 3
249 3
0 0 3
1 0 5
2 0 7
3 0 11
4 0 61
5 0 233
6 1 3
7 1 5
8 1 6
9 1 7
10 1 10
11 1 12
12 2 5
13 2 7
14 2 97
15 3 7
16 3 8
17 3 10
18 3 161
19 4 5
20 4 10
21 4 130
22 5 10
23 5 11
24 5 146
25 6 8
26 6 9
27 6 11
28 6 77
29 7 8
30 7 10
31 7 11
32 8 9
33 8 10
34 8 114
35 8 196
36 9 10
37 9 27
38 10 42
39 11 180
40 11 215
41 12 15
42 12 22
43 12 24
44 13 18
45 13 25
46 14 21
47 14 17
48 16 24
49 17 19
50 17 26
51 20 21
52 21 23
53 23 25
54 24 25
55 27 32
56 27 35
57 27 41
58 28 33
59 28 31
60 29 40
61 30 40
62 31 41
63 33 36
64 34 40
65 34 41
66 35 39
67 37 38
68 38 39
69 42 54
70 42 48
71 43 48
72 44 54
73 45 46
74 45 59
75 46 50
76 47 59
77 47 54
78 48 55
79 49 57
80 49 59
81 51 57
82 52 56
83 52 58
84 52 54
85 53 60
86 55 60
87 61 70
88 61 75
89 61 69
90 62 63
91 62 74
92 63 67
93 64 69
94 64 73
95 65 75
96 66 68
97 66 72
98 66 67
99 70 74
100 71 72
101 73 76
102 77 95
103 78 79
104 78 83
105 78 89
106 78 85
107 80 84
108 81 94
109 82 85
110 84 90
111 84 93
112 85 92
113 85 96
114 86 87
115 87 93
116 88 95
117 88 90
118 89 94
119 91 93
120 92 93
121 97 102
122 98 105
123 99 108
124 99 112
125 100 103
126 100 111
127 100 112
128 100 113
129 101 110
130 102 103
131 104 106
132 105 107
133 106 109
134 107 109
135 107 112
136 108 110
137 114 124
138 115 121
139 116 126
140 116 122
141 117 127
142 118 124
143 118 120
144 119 125
145 120 121
146 121 126
147 122 127
148 122 128
149 123 128
150 124 125
151 128 129
152 130 142
153 130 140
154 131 133
155 131 135
156 131 141
157 131 132
158 132 134
159 134 138
160 136 137
161 137 143
162 138 143
163 139 142
164 140 143
165 140 145
166 142 144
167 146 147
168 146 155
169 147 158
170 148 155
171 149 151
172 150 155
173 151 158
174 152 157
175 152 160
176 153 154
177 153 155
178 153 160
179 156 159
180 156 158
181 161 176
182 161 162
183 162 168
184 163 173
185 163 170
186 163 169
187 164 165
188 165 166
189 166 167
190 166 170
191 168 174
192 169 179
193 170 174
194 171 179
195 172 175
196 172 174
197 174 178
198 177 178
199 180 184
200 181 191
201 181 186
202 182 189
203 182 184
204 182 185
205 183 188
206 183 187
207 184 187
208 185 195
209 186 189
210 187 192
211 189 193
212 190 192
213 192 194
214 196 199
215 196 203
216 196 212
217 196 214
218 197 213
219 197 205
220 198 212
221 200 201
222 200 205
223 201 211
224 202 204
225 202 210
226 202 214
227 205 209
228 206 207
229 206 211
230 208 210
231 209 214
232 215 218
233 215 224
234 215 225
235 215 227
236 215 232
237 216 228
238 216 225
239 217 224
240 219 229
241 220 226
242 221 223
243 222 228
244 223 231
245 223 232
246 226 229
247 226 230
248 226 227
249 233 237
250 233 248
251 234 241
252 235 239
253 236 245
254 237 246
255 238 241
256 239 244
257 239 245
258 239 246
259 240 241
260 240 242
261 242 248
262 242 249
263 243 244
264 245 247
0 116 11
1 121 5
2 119 9
3 115 5
4 122 2
5 124 3
6 115 4
7 128 5
8 123 10
9 115 9
10 120 5
11 124 0
12 116 7
13 119 2
14 116 11
15 120 6
16 115 0
17 122 11
18 115 7
19 117 7
20 119 1
21 114 0
22 118 2
23 114 5
24 124 1
25 115 5
26 115 8
27 125 6
28 7 193
29 5 184
30 7 192
31 0 189
32 2 187
33 3 190
34 2 180
35 2 192
36 1 181
37 10 185
38 5 182
39 0 186
40 3 191
41 7 195
42 11 183
43 1 193
44 2 195
45 5 182
46 2 192
47 10 185
48 3 186
49 6 182
50 11 186
51 11 191
52 5 195
53 2 195
54 1 191
55 8 190
56 4 186
57 2 75
58 7 71
59 7 67
60 8 63
61 2 68
62 0 74
63 4 74
64 6 74
65 3 67
66 7 72
67 3 70
68 6 62
69 3 73
70 4 63
71 2 76
72 1 70
73 3 64
74 9 64
75 11 74
76 11 71
77 8 67
78 11 74
79 1 68
80 7 71
81 0 68
82 5 69
83 10 74
84 6 72
85 2 66
86 119 10
87 115 7
88 128 7
89 121 9
90 115 8
91 127 8
92 125 0
93 125 7
94 119 1
95 125 4
96 129 3
97 116 0
98 122 10
99 114 0
100 124 3
101 120 2
102 128 10
103 127 10
104 124 0
105 129 3
106 117 6
107 117 7
108 117 0
109 124 4
110 122 1
111 125 2
112 120 10
113 129 1
114 127 2
115 116 9
116 120 5
117 126 1
118 123 3
119 122 0
120 123 11
121 116 0
122 129 5
123 119 1
124 129 4
125 126 5
126 120 11
127 122 7
128 128 11
129 115 9
130 116 7
131 117 5
132 123 10
133 128 2
134 128 10
135 126 9
136 118 0
137 125 10
138 121 6
139 116 0
140 116 5
141 116 8
142 120 8
143 119 5
144 128 4
145 117 151
146 114 147
147 122 151
148 124 153
149 119 148
150 115 147
151 114 146
152 114 154
153 122 153
154 120 155
155 116 154
156 122 153
157 122 158
158 121 158
159 120 148
160 116 159
161 116 160
162 116 160
163 116 153
164 116 153
165 127 160
166 114 158
167 121 155
168 124 150
169 125 146
170 118 150
171 117 148
172 116 147
173 123 159
174 122 148
175 245 61
176 242 72
177 249 63
178 248 76
179 237 65
180 241 68
181 242 62
182 234 67
183 236 69
184 244 63
185 236 74
186 237 65
187 247 72
188 239 73
189 241 74
190 239 74
191 245 65
192 244 66
193 243 66
194 236 64
195 243 66
196 239 74
197 233 68
198 248 61
199 236 71
200 241 62
201 239 75
202 246 70
203 249 62
204 235 76
205 85 23
206 83 23
207 92 13
208 87 18
209 93 26
210 82 23
211 93 18
212 84 25
213 81 14
214 84 23
215 90 23
216 86 21
217 92 18
218 91 14
219 91 23
220 93 25
221 88 25
222 80 23
223 90 16
224 84 19
225 90 24
226 77 23
227 83 24
228 79 24
229 88 25
230 92 25
231 82 13
232 78 21
233 86 25
234 93 15
235 39 206
236 38 196
237 31 198
238 41 196
239 32 201
240 32 204
241 30 209
242 29 211
243 34 199
244 37 211
245 40 196
246 37 205
247 40 213
248 28 201
249 31 204
250 32 201
251 27 208
252 41 199
253 36 205
254 33 212
255 30 214
256 39 205
257 35 208
258 28 212
259 28 207
260 28 198
261 29 201
262 41 211
263 31 202
264 37 214
265 189 107
266 187 101
267 184 97
268 185 113
269 193 107
270 194 112
271 183 113
272 180 112
273 193 100
274 194 98
275 190 103
276 182 101
277 187 113
278 192 106
279 183 110
280 185 104
281 189 105
282 182 100
283 191 107
284 187 107
285 187 97
286 184 107
287 194 99
288 189 107
289 193 102
290 190 109
291 183 112
292 195 105
293 184 102
294 186 97
295 133 54
296 130 56
297 131 57
298 143 59
299 145 42
300 140 46
301 132 52
302 138 58
303 131 49
304 143 60
305 135 46
306 143 46
307 145 49
308 143 51
309 139 56
310 138 46
311 139 58
312 142 59
313 140 53
314 141 45
315 140 48
316 135 53
317 133 43
318 130 45
319 134 45
320 140 51
321 139 47
322 134 43
323 136 55
324 142 47
325 4 132
326 7 142
327 11 140
328 5 138
329 0 140
330 9 139
331 5 144
332 0 139
333 0 132
334 2 142
335 4 143
336 6 138
337 9 139
338 1 135
339 9 143
340 7 130
341 4 143
342 1 142
343 2 134
344 10 136
345 10 144
346 0 130
347 0 135
348 4 136
349 9 132
350 1 143
351 10 131
352 1 144
353 1 141
354 100 79
355 99 95
356 104 94
357 113 83
358 105 87
359 108 85
360 98 93
361 112 89
362 105 94
363 99 92
364 101 90
365 97 78
366 97 92
367 110 80
368 111 82
369 99 96
370 105 94
371 112 91
372 98 89
373 109 81
374 113 82
375 98 80
376 102 90
377 109 82
378 100 92
379 103 86
380 104 86
381 111 91
382 100 88
383 110 89
384 149 24
385 150 15
386 159 18
387 159 20
388 157 18
389 148 25
390 152 17
391 148 14
392 152 25
393 153 22
394 149 20
395 155 23
396 159 20
397 158 21
398 156 15
399 159 26
400 149 18
401 148 25
402 147 14
403 159 24
404 156 17
405 160 18
406 159 12
407 156 17
408 150 24
409 150 17
410 153 22
411 148 19
412 149 22
413 147 17
414 144 178
415 135 163
416 139 178
417 142 171
418 130 171
419 138 173
420 143 166
421 137 168
422 140 172
423 136 172
424 137 162
425 142 163
426 141 169
427 130 166
428 136 167
429 134 162
430 133 164
431 141 174
432 136 169
433 140 177
434 142 161
435 139 161
436 140 169
437 142 168
438 145 176
439 133 175
440 142 174
441 130 178
442 140 165
443 143 162
444 129 46
445 128 55
446 124 47
447 120 45
448 125 54
449 125 55
450 127 53
451 127 43
452 123 46
453 123 46
454 123 50
455 115 55
456 126 45
457 122 42
458 117 56
459 114 54
460 120 44
461 123 43
462 123 51
463 126 48
464 114 51
465 115 54
466 127 57
467 122 46
468 126 42
469 116 56
470 129 52
471 114 59
472 120 59
473 125 52
474 31 235
475 35 242
476 35 246
477 30 247
478 29 244
479 31 234
480 35 243
481 40 235
482 38 235
483 41 236
484 33 247
485 30 240
486 38 239
487 38 235
488 38 247
489 40 249
490 31 245
491 28 238
492 30 248
493 40 243
494 30 233
495 29 244
496 33 237
497 40 245
498 28 238
499 27 244
500 27 246
501 32 245
502 33 239
503 28 245
504 91 197
505 81 213
506 81 201
507 86 199
508 93 200
509 89 213
510 91 208
511 94 202
512 80 201
513 96 202
514 84 203
515 86 199
516 88 199
517 87 202
518 90 201
519 88 201
520 81 202
521 77 203
522 78 214
523 89 205
524 77 196
525 78 214
526 78 200
527 95 201
528 95 214
529 77 205
530 84 198
531 94 214
532 81 196
533 79 211
534 106 230
535 99 224
536 111 223
537 107 219
538 106 231
539 101 223
540 98 219
541 109 219
542 101 223
543 98 232
544 105 231
545 109 217
546 100 223
547 99 225
548 101 228
549 106 220
550 101 222
551 109 232
552 108 221
553 102 218
554 107 232
555 99 227
556 112 225
557 113 220
558 100 218
559 101 229
560 100 227
561 105 230
562 104 223
563 106 229
564 17 77
565 21 85
566 22 86
567 16 79
568 23 81
569 24 78
570 22 93
571 24 88
572 20 83
573 15 90
574 19 79
575 13 95
576 25 82
577 25 78
578 15 94
579 13 83
580 13 80
581 21 77
582 25 85
583 12 79
584 16 77
585 23 78
586 23 86
587 25 85
588 20 79
589 13 93
590 26 81
591 23 85
592 21 91
593 17 96
594 14 185
595 13 183
596 20 187
597 19 180
598 14 186
599 19 191
600 21 184
601 22 183
602 23 184
603 23 187
604 17 180
605 26 195
606 25 190
607 18 185
608 19 194
609 26 188
610 14 192
611 23 187
612 16 187
613 26 193
614 18 189
615 14 189
616 18 184
617 20 187
618 24 190
619 14 194
620 13 183
621 12 181
622 21 180
623 16 190
624 180 4
625 184 9
626 180 1
627 186 3
628 191 11
629 194 3
630 191 5
631 183 1
632 181 2
633 194 3
634 195 2
635 192 0
636 195 7
637 182 5
638 185 6
639 183 4
640 187 3
641 193 3
642 195 10
643 193 7
644 192 9
645 195 0
646 191 1
647 193 2
648 192 11
649 181 3
650 195 10
651 195 0
652 183 2
653 211 0
654 212 6
655 206 3
656 198 8
657 203 11
658 197 7
659 200 8
660 206 9
661 203 2
662 209 2
663 208 4
664 201 0
665 204 3
666 197 5
667 202 0
668 206 1
669 200 7
670 208 6
671 212 9
672 213 8
673 200 5
674 202 0
675 212 2
676 212 6
677 197 2
678 213 8
679 230 24
680 220 15
681 229 20
682 232 22
683 223 21
684 221 20
685 222 17
686 224 17
687 222 26
688 229 19
689 228 26
690 230 25
691 227 24
692 221 21
693 222 26
694 231 21
695 228 21
696 232 20
697 223 20
698 232 12
699 231 15
700 229 17
701 219 12
702 217 19
703 227 20
704 231 12
705 218 16
706 219 20
707 223 26
708 228 20
709 193 129
710 184 117
711 189 120
712 186 127
713 182 121
714 187 123
715 187 121
716 193 120
717 192 116
718 186 115
719 180 115
720 193 125
721 191 121
722 181 129
723 181 126
724 192 128
725 185 118
726 192 115
727 190 123
728 184 124
729 192 114
730 191 127
731 194 129
732 193 119
733 186 128
734 180 124
735 182 120
736 189 123
737 185 122
738 189 128
739 46 123
740 55 125
741 60 119
742 56 127
743 55 119
744 46 114
745 50 117
746 51 129
747 47 120
748 51 119
749 53 121
750 50 125
751 55 116
752 53 119
753 59 114
754 58 114
755 49 116
756 46 129
757 44 129
758 58 122
759 53 128
760 48 129
761 48 115
762 46 128
763 49 115
764 43 122
765 60 126
766 48 118
767 50 129
768 42 121
769 198 191
770 211 183
771 210 191
772 214 195
773 210 184
774 211 188
775 200 192
776 201 191
777 203 194
778 210 195
779 201 191
780 203 189
781 200 184
782 197 185
783 199 194
784 213 182
785 199 191
786 214 189
787 199 186
788 197 194
789 198 192
790 208 182
791 211 192
792 209 180
793 197 195
794 208 182
795 198 190
796 203 180
797 203 193
798 211 188
799 11 17
800 4 20
801 9 15
802 2 17
803 10 23
804 1 19
805 8 26
806 5 18
807 10 26
808 5 19
809 7 14
810 11 16
811 11 20
812 8 26
813 9 21
814 3 16
815 9 15
816 6 22
817 8 17
818 10 15
819 10 24
820 10 15
821 3 22
822 10 14
823 1 13
824 10 13
825 11 148
826 5 159
827 6 156
828 6 160
829 7 160
830 10 160
831 0 152
832 8 151
833 10 160
834 1 149
835 10 154
836 11 147
837 3 156
838 9 150
839 1 153
840 11 158
841 10 151
842 11 147
843 3 154
844 8 150
845 8 153
846 5 150
847 4 150
848 8 157
849 2 157
850 2 153
851 9 148
852 5 148
853 10 149
854 195 32
855 194 37
856 184 33
857 186 38
858 183 37
859 181 28
860 190 37
861 191 27
862 180 30
863 183 28
864 188 27
865 187 35
866 184 32
867 183 27
868 185 32
869 185 35
870 180 35
871 183 35
872 185 41
873 189 39
874 189 39
875 185 33
876 181 35
877 188 31
878 193 27
879 188 27
880 193 30
881 191 35
882 181 33
883 194 27
884 162 171
885 171 167
886 163 176
887 177 172
888 162 179
889 166 172
890 169 175
891 171 166
892 174 176
893 168 167
894 173 166
895 176 170
896 177 167
897 176 167
898 163 168
899 165 168
900 165 176
901 171 178
902 169 167
903 165 161
904 214 152
905 207 152
906 206 158
907 214 160
908 211 154
909 201 152
910 197 149
911 214 148
912 209 160
913 204 158
914 207 160
915 200 158
916 207 149
917 204 155
918 206 152
919 209 153
920 205 148
921 214 160
922 200 160
923 206 147
924 209 160
925 214 149
926 196 148
927 213 160
928 200 156
929 205 157
930 208 160
931 204 158
932 205 147
933 208 158
934 60 192
935 50 189
936 45 188
937 58 195
938 59 193
939 58 182
940 43 195
941 44 188
942 50 190
943 48 193
944 42 191
945 50 181
946 42 195
947 60 191
948 50 184
949 57 195
950 51 192
951 53 195
952 59 182
953 49 193
954 56 180
955 59 185
956 43 184
957 44 182
958 49 183
959 59 181
960 59 194
961 44 195
962 47 193
963 55 192
964 216 7
965 229 1
966 222 6
967 226 2
968 217 9
969 218 3
970 216 10
971 221 6
972 216 7
973 222 1
974 216 11
975 216 10
976 222 5
977 220 7
978 215 2
979 223 11
980 222 4
981 232 10
982 219 9
983 225 7
984 218 9
985 224 3
986 218 10
987 220 0
988 222 3
989 229 4
990 219 8
991 216 9
992 242 46
993 233 54
994 240 54
995 237 43
996 242 48
997 235 46
998 233 58
999 248 47
1000 240 59
1001 249 51
1002 235 43
1003 248 45
1004 244 52
1005 233 59
1006 243 58
1007 247 52
1008 236 44
1009 238 50
1010 241 60
1011 249 45
1012 240 43
1013 246 43
1014 247 55
1015 243 42
1016 238 57
1017 246 43
1018 242 53
1019 239 58
1020 239 44
1021 243 59
1022 77 194
1023 79 191
1024 84 184
1025 92 186
1026 82 182
1027 90 185
1028 92 194
1029 90 183
1030 82 188
1031 86 188
1032 78 189
1033 78 194
1034 81 185
1035 92 186
1036 88 181
1037 84 190
1038 87 180
1039 79 193
1040 83 180
1041 91 181
1042 84 186
1043 80 191
1044 91 185
1045 84 185
1046 77 184
1047 92 186
1048 92 194
1049 85 190
1050 78 191
1051 95 180
1052 155 169
1053 157 178
1054 150 164
1055 160 177
1056 150 166
1057 158 162
1058 156 170
1059 153 168
1060 160 165
1061 150 171
1062 146 168
1063 159 176
1064 159 175
1065 149 168
1066 150 164
1067 147 166
1068 159 170
1069 155 178
1070 160 177
1071 159 173
1072 147 175
1073 149 169
1074 156 163
1075 159 168
1076 150 166
1077 160 166
1078 150 174
1079 148 175
1080 152 174
1081 151 171
1082 41 231
1083 29 226
1084 29 220
1085 27 230
1086 40 231
1087 32 216
1088 35 229
1089 38 218
1090 39 229
1091 34 223
1092 36 219
1093 35 217
1094 38 219
1095 36 219
1096 30 228
1097 28 217
1098 39 222
1099 41 231
1100 36 223
1101 40 216
1102 35 219
1103 31 218
1104 33 219
1105 37 224
1106 27 228
1107 40 218
1108 29 232
1109 27 228
1110 33 221
1111 30 219
1112 124 56
1113 117 52
1114 114 54
1115 127 47
1116 120 51
1117 117 44
1118 125 51
1119 116 54
1120 114 50
1121 122 53
1122 127 46
1123 120 46
1124 122 58
1125 126 44
1126 121 49
1127 119 53
1128 119 53
1129 120 46
1130 127 47
1131 114 59
1132 116 54
1133 127 48
1134 127 56
1135 119 56
1136 123 54
1137 129 50
1138 115 51
1139 117 44
1140 123 58
1141 121 58
1142 5 21
1143 7 13
1144 1 21
1145 1 25
1146 8 23
1147 8 21
1148 10 16
1149 5 25
1150 0 19
1151 11 26
1152 6 21
1153 9 20
1154 6 21
1155 3 18
1156 7 14
1157 6 21
1158 9 23
1159 6 15
1160 8 22
1161 8 20
1162 1 25
1163 8 19
1164 2 22
1165 7 17
1166 11 15
1167 9 23
1168 11 15
1169 10 20
1170 6 23
1171 204 9
1172 199 6
1173 202 8
1174 207 1
1175 214 7
1176 211 2
1177 206 7
1178 212 9
1179 205 2
1180 211 6
1181 198 7
1182 214 5
1183 214 5
1184 211 10
1185 213 7
1186 204 10
1187 203 5
1188 201 1
1189 202 5
1190 208 5
1191 197 11
1192 211 3
1193 213 1
1194 197 1
1195 214 6
1196 212 0
1197 207 1
1198 196 4
1199 236 34
1200 234 32
1201 240 33
1202 236 41
1203 234 34
1204 244 32
1205 248 37
1206 247 33
1207 235 37
1208 236 30
1209 233 27
1210 247 29
1211 239 39
1212 233 34
1213 235 31
1214 237 34
1215 240 37
1216 235 35
1217 235 34
1218 238 38
1219 237 35
1220 243 28
1221 239 31
1222 242 31
1223 245 38
1224 243 38
1225 235 37
1226 238 32
1227 249 32
1228 246 36
1229 60 37
1230 60 32
1231 59 41
1232 48 40
1233 53 40
1234 51 28
1235 48 34
1236 49 30
1237 59 41
1238 46 30
1239 60 35
1240 49 39
1241 49 32
1242 51 39
1243 57 34
1244 59 37
1245 50 28
1246 46 41
1247 43 30
1248 59 35
1249 49 36
1250 58 32
1251 55 32
1252 58 35
1253 59 27
1254 50 30
1255 45 30
1256 60 40
1257 47 34
1258 47 39
1259 221 61
1260 229 73
1261 226 67
1262 222 76
1263 220 76
1264 217 69
1265 226 61
1266 227 65
1267 219 65
1268 232 67
1269 225 76
1270 216 69
1271 225 64
1272 225 73
1273 220 69
1274 224 73
1275 222 66
1276 222 62
1277 222 72
1278 219 61
1279 216 61
1280 224 74
1281 215 70
1282 225 68
1283 222 69
1284 220 61
1285 219 62
1286 217 67
1287 223 70
1288 226 70
1289 159 226
1290 153 224
1291 152 220
1292 146 228
1293 156 224
1294 160 220
1295 154 230
1296 151 222
1297 155 228
1298 158 227
1299 148 216
1300 160 223
1301 149 216
1302 153 226
1303 156 217
1304 157 215
1305 155 227
1306 150 227
1307 150 231
1308 160 231
1309 150 219
1310 150 220
1311 147 224
1312 158 232
1313 159 229
1314 157 223
1315 151 223
1316 156 218
1317 150 232
1318 150 228
1319 30 228
1320 41 216
1321 27 221
1322 40 231
1323 30 220
1324 34 230
1325 40 227
1326 29 231
1327 28 230
1328 35 218
1329 30 227
1330 33 226
1331 32 215
1332 30 231
1333 39 223
1334 28 225
1335 35 219
1336 35 225
1337 35 228
1338 40 229
1339 28 230
1340 39 223
1341 29 219
1342 39 217
1343 28 224
1344 35 226
1345 41 228
1346 32 225
1347 36 217
1348 41 216
1349 6 136
1350 8 136
1351 9 135
1352 7 136
1353 0 133
1354 9 135
1355 5 137
1356 8 142
1357 10 136
1358 3 135
1359 7 143
1360 3 135
1361 10 136
1362 10 132
1363 5 133
1364 5 136
1365 0 135
1366 7 135
1367 11 133
1368 5 140
1369 0 142
1370 1 139
1371 7 140
1372 7 138
1373 5 132
1374 3 137
1375 3 134
1376 2 135
1377 7 134
1378 7 132
1379 137 222
1380 137 230
1381 136 230
1382 134 221
1383 136 215
1384 138 231
1385 132 230
1386 139 231
1387 130 217
1388 142 223
1389 135 227
1390 144 232
1391 137 226
1392 140 215
1393 144 219
1394 141 231
1395 145 222
1396 133 226
1397 143 224
1398 140 232
1399 134 218
1400 134 220
1401 131 220
1402 139 215
1403 138 226
1404 144 222
1405 141 218
1406 133 228
1407 143 228
1408 138 222
1409 159 78
1410 155 86
1411 153 93
1412 151 92
1413 151 91
1414 155 92
1415 146 77
1416 154 82
1417 148 80
1418 156 89
1419 149 95
1420 157 83
1421 157 81
1422 153 80
1423 156 92
1424 146 90
1425 148 94
1426 146 80
1427 155 77
1428 146 94
1429 153 77
1430 160 81
1431 151 84
1432 159 83
1433 146 87
1434 151 93
1435 156 86
1436 151 95
1437 150 90
1438 151 79
1439 43 132
1440 60 136
1441 59 133
1442 44 143
1443 45 142
1444 60 135
1445 55 140
1446 59 142
1447 50 130
1448 56 134
1449 58 138
1450 49 134
1451 48 139
1452 53 145
1453 59 141
1454 50 130
1455 47 132
1456 52 142
1457 55 141
1458 42 145
1459 60 139
1460 45 132
1461 60 138
1462 52 133
1463 45 138
1464 55 141
1465 55 142
1466 51 133
1467 43 132
1468 51 143
1469 239 11
1470 249 10
1471 241 6
1472 248 8
1473 245 6
1474 242 3
1475 249 0
1476 239 5
1477 238 10
1478 233 8
1479 248 9
1480 241 4
1481 241 4
1482 241 8
1483 236 3
1484 235 6
1485 237 6
1486 234 1
1487 241 1
1488 249 9
1489 243 4
1490 248 8
1491 237 7
1492 241 6
1493 242 7
1494 240 9
1495 236 1
1496 238 11
1497 246 6
1498 84 79
1499 77 79
1500 82 81
1501 91 81
1502 96 81
1503 88 94
1504 86 96
1505 90 86
1506 94 79
1507 81 79
1508 86 80
1509 86 88
1510 79 81
1511 96 77
1512 84 82
1513 83 93
1514 94 80
1515 82 88
1516 94 84
1517 91 96
1518 80 88
1519 146 55
1520 148 43
1521 159 52
1522 151 60
1523 150 59
1524 150 51
1525 153 45
1526 150 51
1527 150 56
1528 156 59
1529 146 53
1530 155 48
1531 151 57
1532 154 42
1533 152 42
1534 156 57
1535 158 44
1536 156 55
1537 147 50
1538 148 59
1539 153 52
1540 157 52
1541 150 47
1542 159 46
1543 147 56
1544 149 55
1545 155 54
1546 155 49
1547 158 55
1548 157 47
1549 125 167
1550 126 172
1551 125 167
1552 119 168
1553 127 179
1554 119 165
1555 126 173
1556 125 165
1557 115 161
1558 116 177
1559 118 173
1560 119 164
1561 123 167
1562 122 167
1563 120 168
1564 127 171
1565 128 167
1566 129 166
1567 126 176
1568 119 170
1569 127 177
1570 116 178
1571 118 179
1572 124 169
1573 121 166
1574 129 161
1575 121 173
1576 116 175
1577 120 176
1578 115 175
1579 86 116
1580 81 121
1581 91 119
1582 82 118
1583 93 129
1584 78 124
1585 81 127
1586 86 121
1587 91 121
1588 86 125
1589 92 116
1590 81 114
1591 83 119
1592 91 117
1593 81 126
1594 92 116
1595 79 118
1596 83 128
1597 96 124
1598 96 127
1599 90 121
1600 80 127
1601 95 118
1602 84 126
1603 93 114
1604 96 121
1605 92 119
1606 80 126
1607 80 129
1608 95 122
1609 88 181
1610 88 190
1611 79 187
1612 85 189
1613 77 187
1614 82 181
1615 92 189
1616 94 194
1617 90 190
1618 92 188
1619 85 192
1620 84 185
1621 80 189
1622 80 184
1623 87 185
1624 80 182
1625 79 188
1626 87 190
1627 84 186
1628 93 190
1629 84 185
1630 77 193
1631 79 191
1632 84 183
1633 78 190
1634 94 186
1635 81 190
1636 95 191
1637 96 180
1638 91 187
1639 195 190
1640 185 193
1641 184 193
1642 185 180
1643 180 192
1644 182 188
1645 190 193
1646 191 183
1647 181 180
1648 194 182
1649 188 192
1650 186 185
1651 189 188
1652 191 183
1653 191 184
1654 102 131
1655 113 142
1656 109 130
1657 110 142
1658 112 139
1659 99 140
1660 109 143
1661 103 134
1662 97 144
1663 112 145
1664 108 143
1665 113 142
1666 106 143
1667 100 144
1668 107 136
1669 111 131
1670 110 145
1671 99 138
1672 111 137
1673 101 136
1674 108 142
1675 105 130
1676 97 133
1677 100 137
1678 102 137
1679 102 138
1680 113 130
1681 103 132
1682 109 134
1683 97 130
1684 4 32
1685 10 39
1686 11 40
1687 1 41
1688 9 34
1689 4 40
1690 0 36
1691 7 34
1692 3 38
1693 5 27
1694 10 34
1695 8 32
1696 1 33
1697 2 27
1698 4 36
1699 7 41
1700 1 41
1701 1 30
1702 2 40
1703 2 28
1704 10 29
1705 4 29
1706 2 41
1707 3 27
1708 4 38
1709 3 27
1710 0 32
1711 2 28
1712 146 224
1713 151 230
1714 149 221
1715 147 219
1716 146 223
1717 159 216
1718 157 218
1719 151 226
1720 157 228
1721 159 225
1722 157 215
1723 150 224
1724 159 225
1725 155 227
1726 159 230
1727 150 221
1728 154 229
1729 154 229
1730 146 226
1731 154 221
1732 155 227
1733 149 217
1734 148 216
1735 152 227
1736 147 224
1737 154 215
1738 148 225
1739 156 217
1740 152 219
1741 158 219
1742 113 1
1743 110 9
1744 104 5
1745 99 6
1746 107 1
1747 98 1
1748 98 11
1749 107 4
1750 103 11
1751 102 5
1752 97 6
1753 111 5
1754 100 9
1755 105 0
1756 100 9
1757 97 9
1758 113 10
1759 105 5
1760 106 10
1761 110 5
1762 110 5
1763 103 2
1764 105 8
1765 104 2
1766 111 10
1767 113 6
1768 100 7
1769 105 8
1770 104 6
1771 116 131
1772 115 143
1773 128 135
1774 122 138
1775 126 136
1776 118 134
1777 120 139
1778 122 130
1779 128 136
1780 120 132
1781 115 130
1782 128 131
1783 122 132
1784 128 139
1785 124 145
1786 124 136
1787 126 144
1788 129 139
1789 114 141
1790 124 130
1791 119 133
1792 114 135
1793 119 145
1794 127 134
1795 122 140
1796 119 137
1797 128 143
1798 129 139
1799 114 140
1800 127 143
1801 242 172
1802 235 179
1803 246 179
1804 233 176
1805 246 171
1806 235 162
1807 237 175
1808 242 176
1809 237 166
1810 233 169
1811 239 174
1812 238 164
1813 244 176
1814 249 167
1815 244 166
1816 241 174
1817 247 163
1818 240 165
1819 244 162
1820 248 163
1821 233 167
1822 235 162
1823 248 165
1824 245 164
1825 248 175
1826 239 177
1827 248 171
1828 244 172
1829 246 164
1830 237 164
1831 125 142
1832 119 137
1833 128 144
1834 126 131
1835 125 142
1836 128 141
1837 118 136
1838 122 137
1839 127 133
1840 117 143
1841 120 143
1842 129 136
1843 120 140
1844 114 136
1845 128 142
1846 122 144
1847 121 131
1848 123 130
1849 118 136
1850 116 141
1851 119 131
1852 129 133
1853 121 139
1854 120 144
1855 126 135
1856 127 139
1857 128 130
1858 123 140
1859 128 145
1860 125 141
1861 122 54
1862 123 42
1863 120 60
1864 114 56
1865 126 51
1866 127 42
1867 121 57
1868 120 52
1869 123 45
1870 127 59
1871 127 48
1872 120 48
1873 125 51
1874 120 58
1875 127 47
1876 129 57
1877 117 51
1878 117 43
1879 124 49
1880 119 57
1881 114 53
1882 126 43
1883 115 54
1884 118 60
1885 120 60
1886 125 53
1887 116 53
1888 114 53
1889 115 48
1890 115 51
1891 191 139
1892 190 137
1893 195 133
1894 191 135
1895 183 142
1896 194 135
1897 187 133
1898 181 140
1899 187 130
1900 182 137
1901 188 134
1902 185 133
1903 187 143
1904 180 134
1905 191 141
1906 190 137
1907 191 138
1908 185 133
1909 195 132
1910 193 137
1911 180 140
1912 189 134
1913 181 134
1914 185 139
1915 184 141
1916 193 137
1917 194 133
1918 187 135
1919 187 144
1920 189 139
1921 53 239
1922 60 238
1923 50 242
1924 47 238
1925 59 236
1926 49 245
1927 58 248
1928 60 249
1929 46 233
1930 53 246
1931 49 246
1932 54 243
1933 42 247
1934 42 240
1935 58 236
1936 59 238
1937 53 233
1938 45 240
1939 42 248
1940 55 246
1941 55 243
1942 55 236
1943 60 233
1944 55 248
1945 56 245
1946 60 248
1947 56 245
1948 51 239
1949 45 245
1950 56 238
1951 10 222
1952 8 231
1953 1 218
1954 4 216
1955 0 229
1956 2 228
1957 6 222
1958 0 218
1959 1 222
1960 1 223
1961 9 219
1962 4 227
1963 5 221
1964 9 222
1965 10 221
1966 9 221
1967 4 231
1968 10 228
1969 4 220
1970 8 226
1971 3 219
1972 4 231
1973 4 220
1974 2 221
1975 2 222
1976 0 226
1977 1 229
1978 5 231
1979 174 130
1980 177 138
1981 175 139
1982 176 145
1983 163 143
1984 172 139
1985 169 130
1986 179 136
1987 168 143
1988 168 145
1989 168 137
1990 168 145
1991 164 141
1992 179 137
1993 163 144
1994 169 134
1995 162 139
1996 162 131
1997 161 131
1998 170 139
1999 167 139
2000 166 133
2001 163 132
2002 173 142
2003 167 140
2004 172 135
2005 165 143
2006 168 131
2007 167 131
2008 162 138
2009 96 8
2010 95 10
2011 88 7
2012 92 1
2013 89 11
2014 91 7
2015 82 3
2016 78 0
2017 95 1
2018 93 10
2019 83 9
2020 83 10
2021 90 7
2022 95 8
2023 89 11
2024 90 10
2025 92 8
2026 87 7
2027 92 9
2028 81 6
2029 81 4
2030 77 7
2031 83 3
2032 83 8
2033 79 1
2034 81 11
2035 78 1
2036 78 11
2037 90 8
2038 215 171
2039 219 167
2040 226 177
2041 224 173
2042 222 178
2043 218 178
2044 222 179
2045 223 177
2046 218 171
2047 217 163
2048 216 169
2049 231 174
2050 225 168
2051 224 174
2052 232 162
2053 218 176
2054 229 175
2055 218 174
2056 229 179
2057 232 171
2058 218 165
2059 216 175
2060 223 165
2061 230 168
2062 226 173
2063 228 176
2064 232 172
2065 222 163
2066 225 163
2067 227 175
2068 24 27
2069 23 29
2070 12 30
2071 12 29
2072 13 33
2073 18 39
2074 24 35
2075 18 27
2076 19 35
2077 26 40
2078 18 40
2079 26 33
2080 13 34
2081 12 29
2082 22 36
2083 17 39
2084 24 32
2085 26 40
2086 26 36
2087 13 33
2088 19 37
2089 12 28
2090 21 31
2091 12 33
2092 18 32
2093 15 41
2094 21 41
2095 22 29
2096 12 29
2097 21 36
2098 132 32
2099 138 38
2100 140 41
2101 142 36
2102 143 32
2103 132 36
2104 132 41
2105 137 39
2106 136 40
2107 139 30
2108 131 36
2109 141 33
2110 130 33
2111 140 34
2112 143 38
2113 144 39
2114 144 27
2115 143 32
2116 138 33
2117 130 28
2118 144 31
2119 139 28
2120 136 38
2121 139 37
2122 136 34
2123 131 35
2124 138 37
2125 143 35
2126 143 39
2127 138 33
2128 33 80
2129 33 78
2130 36 96
2131 32 91
2132 31 91
2133 29 79
2134 35 93
2135 34 94
2136 30 94
2137 39 90
2138 28 88
2139 39 83
2140 37 79
2141 41 90
2142 29 86
2143 37 96
2144 40 83
2145 35 86
2146 27 84
2147 27 94
2148 40 82
2149 39 96
2150 32 84
2151 31 88
2152 35 94
2153 29 80
2154 29 93
2155 38 79
2156 37 85
2157 37 85
2158 181 248
2159 195 233
2160 186 242
2161 195 248
2162 183 249
2163 188 234
2164 186 245
2165 184 239
2166 184 241
2167 183 239
2168 195 235
2169 186 246
2170 192 242
2171 195 248
2172 181 247
2173 185 249
2174 185 242
2175 195 244
2176 180 239
2177 187 243
2178 186 244
2179 195 240
2180 181 236
2181 191 238
2182 180 242
2183 190 240
2184 182 243
2185 188 239
2186 188 248
2187 186 236
2188 114 142
2189 124 134
2190 126 141
2191 129 140
2192 128 135
2193 117 135
2194 122 134
2195 126 133
2196 116 139
2197 121 138
2198 127 136
2199 122 143
2200 126 134
2201 114 139
2202 116 132
2203 116 145
2204 114 132
2205 128 136
2206 119 143
2207 119 137
2208 119 132
2209 119 141
2210 114 141
2211 118 143
2212 119 144
2213 126 136
2214 117 138
2215 120 137
2216 124 142
2217 123 143
2218 40 139
2219 38 141
2220 27 135
2221 40 142
2222 30 134
2223 36 138
2224 40 144
2225 30 145
2226 37 143
2227 27 136
2228 27 144
2229 38 139
2230 31 136
2231 39 135
2232 33 140
2233 30 145
2234 41 131
2235 39 132
2236 36 143
2237 27 130
2238 33 138
2239 32 138
2240 33 145
2241 28 132
2242 29 145
2243 39 131
2244 40 136
2245 30 145
2246 30 144
2247 41 138
2248 193 190
2249 195 180
2250 183 193
2251 192 182
2252 181 180
2253 194 189
2254 186 195
2255 181 183
2256 186 185
2257 185 193
2258 181 188
2259 190 191
2260 185 194
2261 192 180
2262 190 188
2263 185 194
2264 195 184
2265 236 202
2266 238 202
2267 238 201
2268 246 204
2269 242 197
2270 241 204
2271 242 204
2272 241 214
2273 240 201
2274 243 196
2275 243 206
2276 242 202
2277 242 197
2278 233 204
2279 246 207
2280 238 206
2281 233 206
2282 237 207
2283 241 205
2284 236 196
2285 242 201
2286 245 206
2287 242 201
2288 244 208
2289 248 197
2290 245 213
2291 249 204
2292 245 211
2293 243 206
2294 235 212
2295 144 100
2296 141 113
2297 140 97
2298 133 101
2299 139 105
2300 133 103
2301 131 97
2302 131 100
2303 142 109
2304 141 98
2305 133 111
2306 141 111
2307 131 113
2308 136 100
2309 139 104
2310 132 101
2311 143 112
2312 139 112
2313 142 97
2314 142 106
2315 143 103
2316 145 101
2317 144 106
2318 138 112
2319 135 107
2320 136 99
2321 140 99
2322 138 99
2323 143 110
2324 132 107
2325 203 18
2326 205 19
2327 207 15
2328 212 14
2329 201 12
2330 201 21
2331 197 20
2332 197 22
2333 198 26
2334 207 22
2335 197 26
2336 209 18
2337 211 26
2338 198 21
2339 204 24
2340 213 12
2341 202 17
2342 204 20
2343 213 22
2344 210 16
2345 211 16
2346 206 14
2347 210 16
2348 201 21
2349 209 22
2350 204 17
2351 196 23
2352 213 20
2353 206 12
2354 209 18
2355 234 235
2356 236 244
2357 238 245
2358 248 244
2359 244 237
2360 247 243
2361 243 245
2362 233 245
2363 241 237
2364 245 248
2365 235 243
2366 243 233
2367 243 246
2368 237 247
2369 249 245
2370 245 242
2371 238 237
2372 234 237
2373 233 234
2374 236 238
2375 236 241
2376 244 248
2377 244 240
2378 132 215
2379 137 222
2380 135 228
2381 132 221
2382 134 221
2383 136 218
2384 133 224
2385 133 224
2386 130 216
2387 145 226
2388 141 225
2389 143 220
2390 133 218
2391 143 224
2392 138 225
2393 140 230
2394 132 215
2395 135 230
2396 136 216
2397 131 223
2398 136 215
2399 130 227
2400 143 217
2401 136 219
2402 134 215
2403 140 228
2404 139 218
2405 142 230
2406 142 217
2407 134 222
2408 182 128
2409 193 115
2410 194 128
2411 195 121
2412 185 116
2413 195 118
2414 183 123
2415 180 116
2416 188 114
2417 182 116
2418 180 118
2419 187 117
2420 187 121
2421 191 114
2422 191 115
2423 189 124
2424 189 121
2425 181 129
2426 190 122
2427 194 123
2428 181 127
2429 182 128
2430 180 116
2431 181 126
2432 188 116
2433 187 123
2434 186 116
2435 193 115
2436 182 128
2437 187 121
2438 159 61
2439 159 62
2440 150 62
2441 159 67
2442 159 66
2443 147 66
2444 150 64
2445 156 72
2446 149 74
2447 153 64
2448 146 63
2449 156 69
2450 153 69
2451 158 68
2452 147 69
2453 146 74
2454 146 61
2455 154 61
2456 152 73
2457 153 61
2458 156 76
2459 150 70
2460 156 63
2461 156 69
2462 150 72
2463 156 71
2464 148 67
2465 160 62
2466 146 64
2467 147 69
2468 45 89
2469 58 95
2470 42 87
2471 44 95
2472 58 91
2473 58 80
2474 47 82
2475 60 88
2476 59 88
2477 52 96
2478 47 82
2479 58 95
2480 42 94
2481 45 87
2482 58 95
2483 54 79
2484 59 81
2485 49 91
2486 58 84
2487 43 94
2488 50 78
2489 44 85
2490 55 93
2491 55 93
2492 56 92
2493 42 92
2494 51 79
2495 46 78
2496 45 84
2497 51 96
2498 227 40
2499 226 39
2500 227 31
2501 229 27
2502 223 39
2503 217 35
2504 215 35
2505 232 27
2506 229 35
2507 216 37
2508 223 41
2509 226 36
2510 216 31
2511 228 30
2512 232 41
2513 230 32
2514 230 30
2515 226 38
2516 229 28
2517 222 38
2518 227 41
2519 229 37
2520 230 28
2521 217 36
2522 223 32
2523 230 30
2524 229 34
2525 232 32
2526 222 28
2527 222 27
2528 34 141
2529 29 136
2530 27 141
2531 39 145
2532 30 130
2533 28 142
2534 35 144
2535 38 145
2536 39 137
2537 39 136
2538 31 145
2539 37 131
2540 27 145
2541 32 134
2542 32 142
2543 28 132
2544 38 132
2545 38 143
2546 37 142
2547 38 138
2548 41 141
2549 38 134
2550 35 142
2551 41 131
2552 32 138
2553 27 134
2554 38 139
2555 37 134
2556 40 137
2557 31 145
2558 92 148
2559 95 155
2560 95 160
2561 77 155
2562 92 156
2563 84 149
2564 80 156
2565 95 151
2566 79 148
2567 81 156
2568 77 150
2569 81 157
2570 92 157
2571 92 157
2572 78 157
2573 94 147
2574 96 154
2575 88 155
2576 88 159
2577 85 146
2578 82 147
2579 95 155
2580 80 152
2581 93 152
2582 80 157
2583 85 153
2584 84 154
2585 87 158
2586 96 147
2587 94 149
2588 77 84
2589 83 77
2590 82 83
2591 79 91
2592 91 86
2593 86 90
2594 95 94
2595 78 93
2596 89 82
2597 82 84
2598 82 88
2599 88 85
2600 89 80
2601 90 82
2602 81 92
2603 86 92
2604 96 84
2605 82 89
2606 91 86
2607 61 174
2608 73 170
2609 63 162
2610 72 174
2611 69 163
2612 74 177
2613 72 174
2614 63 161
2615 66 177
2616 70 178
2617 64 179
2618 76 164
2619 63 171
2620 66 169
2621 73 171
2622 76 172
2623 72 171
2624 65 168
2625 61 161
2626 64 172
2627 61 179
2628 69 177
2629 74 175
2630 69 163
2631 67 166
2632 70 166
2633 67 170
2634 70 170
2635 71 165
2636 74 171
2637 184 172
2638 188 175
2639 188 177
2640 181 173
2641 195 171
2642 182 175
2643 183 170
2644 194 164
2645 182 170
2646 194 168
2647 192 165
2648 185 171
2649 194 172
2650 180 161
2651 188 178
2652 195 178
2653 194 171
2654 189 173
2655 180 167
2656 188 179
2657 188 169
2658 188 170
2659 182 169
2660 189 161
2661 186 178
2662 194 170
2663 193 168
2664 195 170
2665 181 163
2666 180 179
2667 100 18
2668 107 19
2669 101 14
2670 111 13
2671 99 19
2672 111 22
2673 97 14
2674 112 12
2675 108 18
2676 107 18
2677 99 22
2678 112 19
2679 111 25
2680 112 20
2681 104 15
2682 113 14
2683 109 18
2684 111 19
2685 109 20
2686 97 26
2687 108 16
2688 99 19
2689 105 24
2690 106 22
2691 105 14
2692 102 21
2693 112 17
2694 105 17
2695 105 21
2696 106 18
2697 89 14
2698 77 26
2699 90 21
2700 77 13
2701 82 19
2702 84 17
2703 83 20
2704 88 22
2705 87 20
2706 77 13
2707 87 14
2708 96 12
2709 87 14
2710 87 17
2711 83 16
2712 83 18
2713 77 22
2714 87 12
2715 77 20
2716 95 18
2717 83 15
2718 87 26
2719 81 26
2720 96 16
2721 90 22
2722 92 12
2723 95 23
2724 80 13
2725 86 23
2726 86 15
2727 224 23
2728 228 22
2729 217 13
2730 231 12
2731 226 21
2732 216 16
2733 232 15
2734 227 24
2735 216 15
2736 221 15
2737 220 20
2738 215 13
2739 230 12
2740 231 17
2741 218 15
2742 230 21
2743 232 25
2744 232 15
2745 222 12
2746 231 16
2747 226 25
2748 223 14
2749 220 25
2750 219 13
2751 215 21
2752 218 17
2753 217 12
2754 216 15
2755 232 16
2756 221 20
2757 234 88
2758 233 85
2759 244 88
2760 249 96
2761 233 77
2762 244 79
2763 238 82
2764 237 85
2765 245 93
2766 233 87
2767 237 86
2768 242 94
2769 236 89
2770 240 90
2771 233 82
2772 249 95
2773 235 83
2774 233 94
2775 233 90
2776 238 90
2777 241 91
2778 238 85
2779 248 89
2780 245 82
2781 249 91
2782 240 78
2783 247 89
2784 249 82
2785 245 82
2786 246 90
2787 96 159
2788 78 154
2789 87 147
2790 94 149
2791 82 152
2792 89 152
2793 96 148
2794 77 155
2795 96 156
2796 94 154
2797 84 159
2798 85 154
2799 82 160
2800 84 147
2801 79 148
2802 79 158
2803 84 147
2804 94 153
2805 78 154
2806 79 148
2807 86 147
2808 83 156
2809 83 150
2810 83 153
2811 88 156
2812 93 158
2813 77 158
2814 82 154
2815 96 160
2816 81 152
2817 2 115
2818 0 114
2819 9 116
2820 2 129
2821 7 127
2822 11 127
2823 9 116
2824 3 129
2825 6 123
2826 10 123
2827 6 124
2828 5 118
2829 5 115
2830 8 115
2831 3 119
2832 3 116
2833 7 128
2834 4 119
2835 4 128
2836 7 127
2837 0 120
2838 2 115
2839 8 118
2840 11 124
2841 8 126
2842 5 125
2843 5 116
2844 6 116
2845 0 115
2846 21 33
2847 22 28
2848 16 38
2849 23 39
2850 17 28
2851 23 27
2852 23 41
2853 19 30
2854 15 40
2855 23 34
2856 15 27
2857 19 41
2858 13 29
2859 21 31
2860 26 27
2861 12 40
2862 13 37
2863 23 35
2864 20 40
2865 19 30
2866 26 30
2867 24 33
2868 17 30
2869 24 35
2870 21 32
2871 25 29
2872 16 32
2873 23 41
2874 20 34
2875 25 38
2876 195 178
2877 183 167
2878 192 163
2879 193 168
2880 185 177
2881 186 172
2882 192 161
2883 195 164
2884 188 167
2885 194 177
2886 188 178
2887 189 166
2888 194 169
2889 187 164
2890 180 177
2891 182 164
2892 182 167
2893 195 177
2894 180 176
2895 187 172
2896 180 161
2897 183 163
2898 190 162
2899 188 168
2900 184 168
2901 183 175
2902 184 174
2903 186 173
2904 192 162
2905 183 179
