235 258 10 2892
0 9
1 10
2 8
3 8
4 5
5 8
6 5
7 6
8 8
9 9
10 8
11 8
12 3
13 4
14 3
15 3
16 3
17 3
18 3
19 3
20 4
21 3
22 3
23 3
24 3
25 3
26 4
27 6
28 3
29 3
30 3
31 3
32 5
33 3
34 3
35 4
36 3
37 3
38 3
39 3
40 3
41 3
42 3
43 3
44 6
45 4
46 3
47 3
48 3
49 3
50 3
51 3
52 3
53 4
54 3
55 3
56 4
57 3
58 7
59 4
60 5
61 5
62 3
63 5
64 3
65 4
66 3
67 4
68 3
69 3
70 3
71 4
72 3
73 3
74 3
75 3
76 3
77 3
78 4
79 3
80 3
81 3
82 4
83 3
84 3
85 3
86 4
87 3
88 3
89 3
90 3
91 5
92 3
93 4
94 3
95 3
96 3
97 4
98 3
99 3
100 5
101 3
102 3
103 5
104 4
105 3
106 3
107 3
108 4
109 3
110 3
111 5
112 3
113 4
114 4
115 3
116 3
117 5
118 5
119 3
120 3
121 3
122 3
123 3
124 3
125 4
126 4
127 3
128 3
129 5
130 3
131 3
132 3
133 3
134 4
135 5
136 3
137 3
138 3
139 3
140 3
141 3
142 4
143 4
144 3
145 4
146 4
147 5
148 5
149 3
150 4
151 3
152 3
153 6
154 3
155 4
156 4
157 3
158 3
159 4
160 3
161 3
162 3
163 3
164 3
165 3
166 3
167 3
168 4
169 4
170 3
171 5
172 3
173 3
174 3
175 4
176 3
177 3
178 3
179 3
180 3
181 3
182 3
183 5
184 5
185 4
186 3
187 3
188 3
189 3
190 3
191 3
192 3
193 3
194 3
195 3
196 4
197 3
198 3
199 3
200 3
201 3
202 4
203 3
204 3
205 5
206 3
207 3
208 4
209 4
210 3
211 3
212 3
213 4
214 3
215 3
216 3
217 3
218 3
219 4
220 3
221 4
222 3
223 5
224 3
225 3
226 3
227 4
228 3
229 3
230 4
231 3
232 3
233 3
234 3
0 0 4
1 0 8
2 0 10
3 0 11
4 0 27
5 0 148
6 0 184
7 1 2
8 1 5
9 1 6
10 1 8
11 1 9
12 1 11
13 1 199
14 1 219
15 2 3
16 2 4
17 2 5
18 2 9
19 2 11
20 2 78
21 2 113
22 3 5
23 3 7
24 3 9
25 3 10
26 3 11
27 3 168
28 4 7
29 4 9
30 4 11
31 5 6
32 5 7
33 5 8
34 5 9
35 5 60
36 6 7
37 6 8
38 6 10
39 7 8
40 7 11
41 8 10
42 8 11
43 9 12
44 9 45
45 10 11
46 10 98
47 10 129
48 12 23
49 13 18
50 13 22
51 14 23
52 14 15
53 14 22
54 15 20
55 16 17
56 17 25
57 17 20
58 19 26
59 21 24
60 21 26
61 22 26
62 27 36
63 27 42
64 27 31
65 27 35
66 28 44
67 29 44
68 30 37
69 31 32
70 31 33
71 32 34
72 32 37
73 33 43
74 35 40
75 38 44
76 39 43
77 40 44
78 41 42
79 45 51
80 46 54
81 47 48
82 48 59
83 49 53
84 50 58
85 51 53
86 52 53
87 53 58
88 54 58
89 55 56
90 56 58
91 57 58
92 57 59
93 60 63
94 60 65
95 61 73
96 61 75
97 61 67
98 62 76
99 63 72
100 63 74
101 64 68
102 65 75
103 66 70
104 66 75
105 67 69
106 67 77
107 68 71
108 69 71
109 74 76
110 78 87
111 78 90
112 79 91
113 80 92
114 81 92
115 81 86
116 82 86
117 82 88
118 82 91
119 82 97
120 83 97
121 84 93
122 85 86
123 88 95
124 89 94
125 90 93
126 90 91
127 93 96
128 94 96
129 98 99
130 99 102
131 100 101
132 100 102
133 100 107
134 103 105
135 103 108
136 103 112
137 104 110
138 104 112
139 106 110
140 107 111
141 108 111
142 109 111
143 113 118
144 114 126
145 114 128
146 115 126
147 116 117
148 117 119
149 117 121
150 117 127
151 117 126
152 118 120
153 118 124
154 118 126
155 122 127
156 123 125
157 125 128
158 129 136
159 129 134
160 130 139
161 130 133
162 131 133
163 131 147
164 132 145
165 133 134
166 135 141
167 135 142
168 135 136
169 136 146
170 137 140
171 137 146
172 138 147
173 142 145
174 143 144
175 143 147
176 148 152
177 148 160
178 148 155
179 149 158
180 149 153
181 150 159
182 150 167
183 151 165
184 151 160
185 152 164
186 153 161
187 153 162
188 153 156
189 154 155
190 154 159
191 155 157
192 155 166
193 156 157
194 163 167
195 168 171
196 168 183
197 169 177
198 169 178
199 170 182
200 170 183
201 171 172
202 171 180
203 171 181
204 172 173
205 172 179
206 174 175
207 175 183
208 176 183
209 178 180
210 184 187
211 184 196
212 185 196
213 185 198
214 186 192
215 186 194
216 187 194
217 188 195
218 188 194
219 189 197
220 190 197
221 191 193
222 193 196
223 197 198
224 199 212
225 199 205
226 200 212
227 201 216
228 201 210
229 201 203
230 202 211
231 202 206
232 203 213
233 204 215
234 204 208
235 205 214
236 205 210
237 206 208
238 207 208
239 208 209
240 209 216
241 212 217
242 213 218
243 219 229
244 219 231
245 220 233
246 221 223
247 221 234
248 222 226
249 223 232
250 223 233
251 224 227
252 225 234
253 226 229
254 227 228
255 228 230
256 230 231
257 230 233
0 130 31
1 141 41
2 140 31
3 129 28
4 135 43
5 146 32
6 141 31
7 129 32
8 138 29
9 132 33
10 138 40
11 147 31
12 129 27
13 147 31
14 129 40
15 140 38
16 139 41
17 133 33
18 140 35
19 146 29
20 147 40
21 143 34
22 138 37
23 144 31
24 136 35
25 134 27
26 142 37
27 136 32
28 145 44
29 142 40
30 115 26
31 128 24
32 127 22
33 115 13
34 128 16
35 118 17
36 117 23
37 116 13
38 117 14
39 122 23
40 117 23
41 116 16
42 122 18
43 116 23
44 118 22
45 120 26
46 124 25
47 122 21
48 123 14
49 118 19
50 128 25
51 116 17
52 120 24
53 122 13
54 116 13
55 120 25
56 120 23
57 120 24
58 125 22
59 118 24
60 2 29
61 11 44
62 3 33
63 0 40
64 3 29
65 3 31
66 2 36
67 11 32
68 6 33
69 10 29
70 3 32
71 5 44
72 6 34
73 0 41
74 9 43
75 9 40
76 2 40
77 0 30
78 1 30
79 5 39
80 5 34
81 7 37
82 8 42
83 0 34
84 4 39
85 7 40
86 10 34
87 11 28
88 97 204
89 82 206
90 87 204
91 81 203
92 85 202
93 88 208
94 96 204
95 92 201
96 84 210
97 82 206
98 92 200
99 80 216
100 85 203
101 83 216
102 78 213
103 96 209
104 93 200
105 91 206
106 92 200
107 78 215
108 92 208
109 97 215
110 92 217
111 81 216
112 88 216
113 83 206
114 97 207
115 86 202
116 94 214
117 97 206
118 10 190
119 6 185
120 2 191
121 3 198
122 5 185
123 10 192
124 5 195
125 1 189
126 2 191
127 4 185
128 1 186
129 5 190
130 3 190
131 10 192
132 3 197
133 10 193
134 7 186
135 9 194
136 2 198
137 1 184
138 4 191
139 4 197
140 11 192
141 4 194
142 1 193
143 9 184
144 11 198
145 1 194
146 6 194
147 28 210
148 32 204
149 30 216
150 38 217
151 35 213
152 34 199
153 38 211
154 37 217
155 38 216
156 39 218
157 38 216
158 32 218
159 34 199
160 36 209
161 32 216
162 36 202
163 34 200
164 39 200
165 28 204
166 37 207
167 32 204
168 38 208
169 42 211
170 36 210
171 33 210
172 35 213
173 32 209
174 43 208
175 41 211
176 27 212
177 215 127
178 213 123
179 214 121
180 203 116
181 205 114
182 213 115
183 201 115
184 209 119
185 201 121
186 214 121
187 208 120
188 203 123
189 207 121
190 203 119
191 218 125
192 210 115
193 213 122
194 204 123
195 201 126
196 218 125
197 206 128
198 199 124
199 218 120
200 208 127
201 203 124
202 205 125
203 212 119
204 216 121
205 211 120
206 212 121
207 49 127
208 47 119
209 53 119
210 59 122
211 55 123
212 46 124
213 52 117
214 56 117
215 49 115
216 55 125
217 59 125
218 55 128
219 45 121
220 54 116
221 55 127
222 51 114
223 47 116
224 59 114
225 58 120
226 47 116
227 53 119
228 55 125
229 53 114
230 50 127
231 56 120
232 45 115
233 58 124
234 45 115
235 47 121
236 57 120
237 10 25
238 0 18
239 4 13
240 7 13
241 3 16
242 1 15
243 5 13
244 3 16
245 8 17
246 10 21
247 8 13
248 2 23
249 7 17
250 3 25
251 7 22
252 7 16
253 3 24
254 0 21
255 3 23
256 3 18
257 5 14
258 7 12
259 11 18
260 7 12
261 3 17
262 4 14
263 2 16
264 5 22
265 9 26
266 0 25
267 190 176
268 192 177
269 187 171
270 192 178
271 195 179
272 189 172
273 186 177
274 198 182
275 197 170
276 191 175
277 193 173
278 196 170
279 197 181
280 186 179
281 187 171
282 195 172
283 190 177
284 193 176
285 186 170
286 190 181
287 193 180
288 186 168
289 197 169
290 187 173
291 190 170
292 188 173
293 191 174
294 194 172
295 198 175
296 198 171
297 155 76
298 156 70
299 167 67
300 150 65
301 163 65
302 154 77
303 163 76
304 167 60
305 151 77
306 167 74
307 166 69
308 152 73
309 151 69
310 150 69
311 149 60
312 155 75
313 152 64
314 159 62
315 160 74
316 149 76
317 166 60
318 149 76
319 162 73
320 151 70
321 152 72
322 164 63
323 154 66
324 165 66
325 155 77
326 154 74
327 109 140
328 110 142
329 102 137
330 109 138
331 111 145
332 98 138
333 101 145
334 104 146
335 108 138
336 103 136
337 106 142
338 110 147
339 110 138
340 111 134
341 104 136
342 101 147
343 103 142
344 98 130
345 102 130
346 103 129
347 103 143
348 105 143
349 105 135
350 105 146
351 108 137
352 105 130
353 112 133
354 100 147
355 99 136
356 168 192
357 183 186
358 171 185
359 171 186
360 175 190
361 168 194
362 168 197
363 171 189
364 171 194
365 180 198
366 172 198
367 172 188
368 174 195
369 168 195
370 179 196
371 168 186
372 177 197
373 180 195
374 174 197
375 174 187
376 172 187
377 183 187
378 179 186
379 182 189
380 170 190
381 170 184
382 173 188
383 172 193
384 177 185
385 183 184
386 229 157
387 232 161
388 220 156
389 224 158
390 234 155
391 229 148
392 223 161
393 221 165
394 227 167
395 224 166
396 232 158
397 232 161
398 234 165
399 219 163
400 227 157
401 227 153
402 219 164
403 228 162
404 229 166
405 232 150
406 229 160
407 230 158
408 226 163
409 224 151
410 228 166
411 232 160
412 225 150
413 227 165
414 227 155
415 228 167
416 210 145
417 216 145
418 208 137
419 201 137
420 212 139
421 209 129
422 205 141
423 206 130
424 200 146
425 216 134
426 206 147
427 207 142
428 201 135
429 202 133
430 209 134
431 205 143
432 215 139
433 200 131
434 217 132
435 218 134
436 202 132
437 200 135
438 210 135
439 200 130
440 205 131
441 201 135
442 202 144
443 212 136
444 214 135
445 205 136
446 82 92
447 85 91
448 80 96
449 80 88
450 84 80
451 86 95
452 86 95
453 92 83
454 79 97
455 95 85
456 88 83
457 89 97
458 89 82
459 91 94
460 91 83
461 81 87
462 94 78
463 87 93
464 94 212
465 96 212
466 94 200
467 88 199
468 92 216
469 94 202
470 86 204
471 80 208
472 87 215
473 90 208
474 78 217
475 96 214
476 95 213
477 91 212
478 95 202
479 86 217
480 79 209
481 92 201
482 97 204
483 90 209
484 97 200
485 91 207
486 85 204
487 90 216
488 90 202
489 83 201
490 96 217
491 80 200
492 88 212
493 83 201
494 139 147
495 146 145
496 145 134
497 141 145
498 138 141
499 139 132
500 135 130
501 134 145
502 142 137
503 136 139
504 129 138
505 132 144
506 136 131
507 136 133
508 141 147
509 136 147
510 138 146
511 136 130
512 145 146
513 93 187
514 92 196
515 80 191
516 85 195
517 83 189
518 97 188
519 78 186
520 87 185
521 85 189
522 83 185
523 92 193
524 91 185
525 81 195
526 83 189
527 85 195
528 88 189
529 86 192
530 88 190
531 79 196
532 85 186
533 96 191
534 87 194
535 78 193
536 93 184
537 85 187
538 79 191
539 86 188
540 81 197
541 82 185
542 88 186
543 123 140
544 120 140
545 114 147
546 119 134
547 123 135
548 123 133
549 124 130
550 121 139
551 128 147
552 124 144
553 126 138
554 125 131
555 113 141
556 127 146
557 114 140
558 119 133
559 126 129
560 113 130
561 128 137
562 125 142
563 126 132
564 120 130
565 117 141
566 128 132
567 113 139
568 120 130
569 124 141
570 120 139
571 117 147
572 116 145
573 192 25
574 197 16
575 191 16
576 188 25
577 188 21
578 195 25
579 194 21
580 197 25
581 187 17
582 193 19
583 197 26
584 188 22
585 188 19
586 187 24
587 195 25
588 187 13
589 187 14
590 188 25
591 190 20
592 198 23
593 197 24
594 185 13
595 185 23
596 184 24
597 198 14
598 192 19
599 194 14
600 190 13
601 187 19
602 198 14
603 163 141
604 163 136
605 159 130
606 151 146
607 157 145
608 161 132
609 160 141
610 166 144
611 167 141
612 151 138
613 165 129
614 152 134
615 160 133
616 159 143
617 160 139
618 151 139
619 151 137
620 161 141
621 152 136
622 164 131
623 148 140
624 167 145
625 164 131
626 153 130
627 165 134
628 158 142
629 162 138
630 163 147
631 161 138
632 159 139
633 34 226
634 31 229
635 29 223
636 27 226
637 41 223
638 35 231
639 43 228
640 32 221
641 44 228
642 33 222
643 30 232
644 41 220
645 44 226
646 36 232
647 27 220
648 27 234
649 38 223
650 32 227
651 40 223
652 40 231
653 35 228
654 30 223
655 33 220
656 27 221
657 42 225
658 28 229
659 35 234
660 34 232
661 38 229
662 33 222
663 141 148
664 134 158
665 142 158
666 142 161
667 146 159
668 136 155
669 142 160
670 129 155
671 131 149
672 147 155
673 136 167
674 146 150
675 129 167
676 144 159
677 136 148
678 137 148
679 132 165
680 130 153
681 144 156
682 136 156
683 131 162
684 140 154
685 145 160
686 133 165
687 144 151
688 147 161
689 131 150
690 143 167
691 147 153
692 132 158
693 12 188
694 12 187
695 22 198
696 25 194
697 26 195
698 17 192
699 14 197
700 21 197
701 14 184
702 12 192
703 12 193
704 13 195
705 21 195
706 24 186
707 18 195
708 17 186
709 21 190
710 23 184
711 20 192
712 25 191
713 21 192
714 15 198
715 19 187
716 25 190
717 25 187
718 12 188
719 20 191
720 20 198
721 22 185
722 21 192
723 41 36
724 33 41
725 39 27
726 42 34
727 27 44
728 39 35
729 43 37
730 40 36
731 41 43
732 30 33
733 44 42
734 33 44
735 43 30
736 41 30
737 39 42
738 44 34
739 40 34
740 35 33
741 32 43
742 39 29
743 44 33
744 42 29
745 118 123
746 113 127
747 113 122
748 113 114
749 122 121
750 125 119
751 128 119
752 125 126
753 119 120
754 115 122
755 115 120
756 119 123
757 125 124
758 124 116
759 125 126
760 124 121
761 179 7
762 178 1
763 170 9
764 171 7
765 177 11
766 180 11
767 183 7
768 171 9
769 175 10
770 178 4
771 169 0
772 180 9
773 172 6
774 171 5
775 178 9
776 182 10
777 180 7
778 181 11
779 179 9
780 181 1
781 176 0
782 170 11
783 170 8
784 175 11
785 177 9
786 174 7
787 179 2
788 168 1
789 171 7
790 175 4
791 117 16
792 115 24
793 123 19
794 122 25
795 121 21
796 114 21
797 127 26
798 116 13
799 128 23
800 114 24
801 114 14
802 113 25
803 114 19
804 116 12
805 113 23
806 126 21
807 122 13
808 124 12
809 125 22
810 114 18
811 120 26
812 123 23
813 126 20
814 119 17
815 127 13
816 117 17
817 117 19
818 128 14
819 121 12
820 114 22
821 7 59
822 7 59
823 0 47
824 2 49
825 8 45
826 0 53
827 9 53
828 4 59
829 10 51
830 6 48
831 5 57
832 1 56
833 1 52
834 3 51
835 2 57
836 3 47
837 5 49
838 8 51
839 5 59
840 4 49
841 4 59
842 3 58
843 0 49
844 0 56
845 1 53
846 2 57
847 6 57
848 8 49
849 7 46
850 169 109
851 178 100
852 171 107
853 172 104
854 176 101
855 168 101
856 178 112
857 173 102
858 183 100
859 168 98
860 177 110
861 178 101
862 181 111
863 179 102
864 177 107
865 175 107
866 175 98
867 171 105
868 173 100
869 173 112
870 183 112
871 175 110
872 180 104
873 176 103
874 175 111
875 168 104
876 182 105
877 169 99
878 177 107
879 182 106
880 147 109
881 135 111
882 134 101
883 138 106
884 135 98
885 136 112
886 132 108
887 147 99
888 135 111
889 134 108
890 134 106
891 130 109
892 141 98
893 140 111
894 141 100
895 143 111
896 133 107
897 146 107
898 134 99
899 135 102
900 131 108
901 142 99
902 142 108
903 138 112
904 143 105
905 139 106
906 141 98
907 134 109
908 146 99
909 97 19
910 86 25
911 84 17
912 79 15
913 92 22
914 83 21
915 89 26
916 93 12
917 87 18
918 92 22
919 79 20
920 94 13
921 80 12
922 88 14
923 78 21
924 88 21
925 84 18
926 87 24
927 90 21
928 79 20
929 85 12
930 95 23
931 94 17
932 89 13
933 82 23
934 94 22
935 94 13
936 81 26
937 94 23
938 95 16
939 121 226
940 113 229
941 120 230
942 127 230
943 126 222
944 127 220
945 120 219
946 115 219
947 118 220
948 126 229
949 123 220
950 128 223
951 125 232
952 120 224
953 127 233
954 113 229
955 126 223
956 121 230
957 120 224
958 114 229
959 117 227
960 120 234
961 124 221
962 118 224
963 124 225
964 127 227
965 118 227
966 126 229
967 114 232
968 123 226
969 132 62
970 133 68
971 134 65
972 147 63
973 131 66
974 134 61
975 132 63
976 140 77
977 133 74
978 147 72
979 130 73
980 129 64
981 145 76
982 144 74
983 146 72
984 131 77
985 142 64
986 133 68
987 142 75
988 142 70
989 147 75
990 131 72
991 133 65
992 141 66
993 131 63
994 129 70
995 135 71
996 143 67
997 139 72
998 138 70
999 185 65
1000 198 76
1001 196 68
1002 197 72
1003 184 64
1004 197 60
1005 197 67
1006 196 64
1007 189 74
1008 195 60
1009 191 73
1010 190 70
1011 192 73
1012 196 63
1013 197 65
1014 186 76
1015 188 60
1016 189 68
1017 198 77
1018 191 68
1019 188 72
1020 190 73
1021 190 69
1022 184 77
1023 189 63
1024 194 65
1025 197 67
1026 191 67
1027 195 66
1028 188 69
1029 11 152
1030 8 163
1031 8 154
1032 11 150
1033 5 155
1034 3 161
1035 9 164
1036 3 166
1037 1 149
1038 11 153
1039 1 149
1040 5 160
1041 4 163
1042 6 160
1043 10 164
1044 7 158
1045 7 159
1046 1 148
1047 0 162
1048 10 160
1049 2 153
1050 11 149
1051 10 165
1052 1 150
1053 5 163
1054 7 151
1055 8 155
1056 3 165
1057 4 167
1058 231 59
1059 231 56
1060 222 53
1061 219 54
1062 232 53
1063 228 51
1064 231 53
1065 232 45
1066 234 47
1067 224 59
1068 220 46
1069 223 52
1070 219 59
1071 221 47
1072 224 48
1073 231 50
1074 225 54
1075 221 49
1076 226 56
1077 230 53
1078 233 51
1079 223 52
1080 224 57
1081 229 51
1082 232 55
1083 219 47
1084 231 47
1085 222 59
1086 223 49
1087 219 49
1088 202 225
1089 218 222
1090 200 230
1091 214 223
1092 209 234
1093 199 232
1094 214 220
1095 207 221
1096 212 220
1097 218 227
1098 214 234
1099 210 225
1100 217 220
1101 201 229
1102 209 228
1103 201 219
1104 207 234
1105 210 230
1106 207 232
1107 204 220
1108 208 224
1109 215 231
1110 217 234
1111 212 222
1112 214 221
1113 213 230
1114 202 229
1115 202 232
1116 205 227
1117 205 219
1118 105 119
1119 99 120
1120 109 122
1121 105 124
1122 110 115
1123 109 114
1124 102 127
1125 101 118
1126 102 116
1127 106 119
1128 109 124
1129 98 114
1130 110 125
1131 105 122
1132 112 125
1133 99 113
1134 111 127
1135 101 117
1136 102 124
1137 112 127
1138 105 117
1139 98 118
1140 98 118
1141 106 118
1142 110 115
1143 105 122
1144 99 118
1145 103 123
1146 104 113
1147 98 118
1148 179 189
1149 181 191
1150 181 198
1151 168 194
1152 170 192
1153 178 184
1154 172 185
1155 180 197
1156 171 197
1157 175 198
1158 171 191
1159 168 197
1160 174 187
1161 175 185
1162 180 195
1163 172 191
1164 177 194
1165 183 194
1166 179 188
1167 181 194
1168 175 184
1169 178 198
1170 179 193
1171 174 193
1172 170 198
1173 171 190
1174 169 184
1175 182 191
1176 179 196
1177 183 191
1178 31 76
1179 30 73
1180 42 62
1181 33 61
1182 37 60
1183 30 65
1184 31 60
1185 33 66
1186 32 69
1187 41 63
1188 33 61
1189 30 73
1190 31 64
1191 34 60
1192 28 74
1193 38 62
1194 32 60
1195 28 76
1196 35 62
1197 39 76
1198 30 68
1199 38 72
1200 28 71
1201 34 68
1202 27 77
1203 36 74
1204 41 63
1205 28 68
1206 40 61
1207 35 65
1208 233 85
1209 226 94
1210 226 86
1211 220 87
1212 224 81
1213 219 91
1214 233 92
1215 229 80
1216 228 80
1217 224 81
1218 222 95
1219 233 86
1220 220 90
1221 231 89
1222 225 87
1223 229 82
1224 226 89
1225 228 93
1226 221 81
1227 224 80
1228 234 80
1229 232 97
1230 222 97
1231 224 94
1232 229 93
1233 226 93
1234 233 79
1235 232 84
1236 220 89
1237 232 79
1238 213 129
1239 212 130
1240 204 145
1241 212 129
1242 203 139
1243 218 142
1244 214 140
1245 206 143
1246 216 135
1247 210 139
1248 213 143
1249 199 138
1250 209 147
1251 201 143
1252 200 145
1253 210 131
1254 200 131
1255 208 139
1256 217 145
1257 217 133
1258 206 133
1259 214 129
1260 207 140
1261 200 139
1262 209 140
1263 208 135
1264 199 139
1265 200 141
1266 216 129
1267 218 141
1268 184 201
1269 187 208
1270 190 202
1271 189 206
1272 189 217
1273 194 210
1274 197 215
1275 190 206
1276 195 212
1277 198 210
1278 189 205
1279 193 211
1280 197 201
1281 189 203
1282 193 204
1283 188 217
1284 198 209
1285 198 212
1286 195 207
1287 184 201
1288 192 211
1289 198 216
1290 193 214
1291 184 210
1292 193 207
1293 186 207
1294 196 200
1295 186 217
1296 188 203
1297 193 205
1298 123 113
1299 119 113
1300 121 123
1301 123 114
1302 119 118
1303 122 124
1304 113 121
1305 114 127
1306 124 125
1307 127 124
1308 120 119
1309 117 123
1310 120 127
1311 120 115
1312 115 124
1313 123 124
1314 123 113
1315 122 116
1316 128 120
1317 117 124
1318 123 115
1319 31 210
1320 30 203
1321 41 208
1322 41 213
1323 41 215
1324 39 202
1325 44 200
1326 44 205
1327 31 212
1328 41 213
1329 39 208
1330 39 210
1331 33 203
1332 36 202
1333 42 205
1334 40 203
1335 27 207
1336 43 212
1337 43 207
1338 44 211
1339 43 202
1340 34 206
1341 35 210
1342 32 207
1343 44 216
1344 42 201
1345 38 214
1346 44 211
1347 39 212
1348 39 209
1349 217 206
1350 212 215
1351 207 214
1352 207 202
1353 204 213
1354 214 218
1355 206 205
1356 216 206
1357 213 202
1358 210 211
1359 203 211
1360 199 209
1361 210 204
1362 199 215
1363 209 200
1364 210 218
1365 209 213
1366 208 200
1367 214 211
1368 215 218
1369 209 217
1370 199 202
1371 204 199
1372 169 165
1373 182 151
1374 174 167
1375 170 167
1376 179 166
1377 176 154
1378 171 154
1379 172 149
1380 183 157
1381 173 159
1382 179 161
1383 178 165
1384 176 158
1385 170 156
1386 170 165
1387 177 165
1388 168 165
1389 181 162
1390 180 148
1391 180 160
1392 168 167
1393 183 154
1394 175 150
1395 181 148
1396 183 166
1397 182 160
1398 177 162
1399 174 163
1400 179 161
1401 174 164
1402 137 210
1403 146 212
1404 138 214
1405 136 218
1406 131 207
1407 136 201
1408 146 215
1409 143 199
1410 146 212
1411 130 206
1412 133 206
1413 142 214
1414 135 218
1415 136 217
1416 143 209
1417 139 202
1418 139 212
1419 134 209
1420 141 213
1421 146 210
1422 140 202
1423 134 206
1424 145 208
1425 145 207
1426 136 202
1427 130 208
1428 140 203
1429 131 209
1430 136 211
1431 129 209
1432 4 202
1433 5 207
1434 11 213
1435 3 215
1436 3 200
1437 3 202
1438 9 201
1439 5 200
1440 10 201
1441 2 200
1442 10 203
1443 9 202
1444 8 202
1445 6 206
1446 10 201
1447 8 201
1448 0 203
1449 3 208
1450 11 209
1451 11 210
1452 5 217
1453 8 218
1454 11 202
1455 10 203
1456 11 202
1457 5 208
1458 10 208
1459 0 207
1460 215 44
1461 206 39
1462 215 42
1463 214 32
1464 212 36
1465 214 34
1466 218 41
1467 211 38
1468 199 28
1469 215 31
1470 215 34
1471 200 30
1472 206 30
1473 212 36
1474 216 39
1475 201 35
1476 216 33
1477 212 35
1478 205 38
1479 211 31
1480 203 42
1481 202 41
1482 211 28
1483 218 38
1484 207 33
1485 199 43
1486 200 36
1487 216 33
1488 212 31
1489 200 38
1490 222 75
1491 223 64
1492 234 60
1493 223 70
1494 227 68
1495 227 73
1496 233 73
1497 222 75
1498 220 76
1499 230 63
1500 226 77
1501 219 70
1502 227 74
1503 230 75
1504 224 74
1505 223 68
1506 234 77
1507 233 60
1508 234 72
1509 230 66
1510 224 70
1511 227 65
1512 231 62
1513 233 75
1514 232 74
1515 227 68
1516 226 61
1517 234 63
1518 232 74
1519 221 74
1520 78 215
1521 79 211
1522 97 211
1523 90 200
1524 78 211
1525 83 214
1526 79 207
1527 81 211
1528 81 204
1529 82 205
1530 78 204
1531 91 211
1532 85 218
1533 95 206
1534 97 211
1535 85 209
1536 83 204
1537 84 205
1538 92 203
1539 82 210
1540 97 206
1541 88 211
1542 79 207
1543 90 205
1544 93 202
1545 87 215
1546 86 218
1547 91 217
1548 89 212
1549 80 202
1550 142 214
1551 135 207
1552 139 218
1553 144 200
1554 140 213
1555 139 211
1556 139 211
1557 141 205
1558 147 208
1559 139 211
1560 142 200
1561 139 204
1562 146 218
1563 135 213
1564 139 207
1565 140 205
1566 130 201
1567 147 215
1568 135 201
1569 142 216
1570 142 208
1571 143 204
1572 138 208
1573 135 216
1574 135 207
1575 137 201
1576 143 209
1577 144 205
1578 134 218
1579 146 206
1580 169 8
1581 180 0
1582 174 3
1583 170 9
1584 177 9
1585 172 1
1586 183 6
1587 169 6
1588 173 3
1589 181 7
1590 171 4
1591 177 5
1592 179 5
1593 171 1
1594 169 5
1595 180 10
1596 174 4
1597 180 6
1598 172 11
1599 171 4
1600 176 6
1601 179 6
1602 182 3
1603 175 0
1604 174 9
1605 155 53
1606 165 48
1607 149 50
1608 166 57
1609 152 57
1610 160 48
1611 156 50
1612 164 58
1613 161 53
1614 163 56
1615 166 48
1616 163 53
1617 163 45
1618 153 55
1619 157 54
1620 153 47
1621 155 57
1622 153 50
1623 164 50
1624 153 46
1625 162 53
1626 152 48
1627 160 56
1628 157 54
1629 154 52
1630 161 47
1631 152 55
1632 155 51
1633 156 46
1634 150 59
1635 38 33
1636 40 36
1637 40 34
1638 44 33
1639 34 30
1640 38 30
1641 34 42
1642 34 29
1643 28 34
1644 43 34
1645 37 41
1646 29 34
1647 38 31
1648 28 42
1649 36 32
1650 41 31
1651 29 30
1652 36 41
1653 41 31
1654 27 29
1655 39 40
1656 39 35
1657 43 28
1658 41 36
1659 177 53
1660 169 46
1661 168 54
1662 171 52
1663 178 50
1664 168 54
1665 177 55
1666 172 45
1667 172 45
1668 173 57
1669 168 56
1670 176 51
1671 179 51
1672 181 50
1673 176 49
1674 179 47
1675 178 59
1676 178 56
1677 172 52
1678 177 53
1679 171 54
1680 170 50
1681 178 58
1682 171 47
1683 176 52
1684 175 52
1685 169 53
1686 172 45
1687 181 46
1688 179 56
1689 45 219
1690 54 232
1691 45 225
1692 46 233
1693 46 231
1694 59 223
1695 55 220
1696 53 232
1697 55 231
1698 56 229
1699 57 227
1700 48 227
1701 53 222
1702 48 222
1703 45 233
1704 56 227
1705 46 226
1706 55 225
1707 51 227
1708 46 220
1709 59 220
1710 49 220
1711 51 226
1712 59 221
1713 50 230
1714 52 222
1715 52 220
1716 45 233
1717 56 223
1718 54 230
1719 83 105
1720 95 100
1721 86 102
1722 80 99
1723 94 109
1724 91 109
1725 96 105
1726 81 98
1727 80 104
1728 93 101
1729 95 104
1730 80 107
1731 91 106
1732 81 109
1733 86 101
1734 84 102
1735 86 101
1736 90 105
1737 92 106
1738 86 106
1739 81 109
1740 86 107
1741 83 102
1742 96 106
1743 80 112
1744 83 102
1745 86 109
1746 80 108
1747 81 112
1748 78 103
1749 26 229
1750 23 225
1751 18 232
1752 24 223
1753 12 223
1754 17 232
1755 26 231
1756 21 231
1757 21 227
1758 22 231
1759 13 220
1760 17 231
1761 26 227
1762 25 233
1763 19 225
1764 21 234
1765 20 223
1766 22 227
1767 24 233
1768 16 228
1769 18 222
1770 25 223
1771 16 231
1772 26 227
1773 18 232
1774 12 220
1775 12 233
1776 14 229
1777 20 220
1778 15 223
1779 68 173
1780 69 177
1781 67 173
1782 66 181
1783 71 178
1784 61 170
1785 71 179
1786 71 173
1787 76 182
1788 67 181
1789 68 169
1790 64 174
1791 73 180
1792 77 181
1793 61 181
1794 76 174
1795 69 176
1796 77 175
1797 69 170
1798 62 173
1799 64 175
1800 77 180
1801 73 181
1802 65 169
1803 60 171
1804 64 179
1805 73 170
1806 60 178
1807 63 168
1808 77 172
1809 234 142
1810 234 143
1811 228 137
1812 228 137
1813 222 146
1814 228 129
1815 225 143
1816 224 138
1817 232 143
1818 221 136
1819 234 143
1820 229 137
1821 228 138
1822 222 130
1823 229 133
1824 220 131
1825 229 140
1826 234 143
1827 230 138
1828 223 130
1829 222 144
1830 234 146
1831 234 134
1832 229 133
1833 233 132
1834 228 140
1835 226 144
1836 233 144
1837 220 135
1838 227 145
1839 208 108
1840 214 102
1841 206 109
1842 218 111
1843 213 101
1844 199 110
1845 213 106
1846 206 98
1847 202 106
1848 201 99
1849 214 99
1850 200 105
1851 214 100
1852 205 99
1853 209 107
1854 204 110
1855 214 102
1856 207 100
1857 204 110
1858 210 110
1859 211 104
1860 207 108
1861 200 103
1862 204 106
1863 216 111
1864 215 111
1865 200 108
1866 208 108
1867 204 111
1868 212 106
1869 181 198
1870 179 192
1871 181 185
1872 175 189
1873 175 197
1874 176 193
1875 177 184
1876 175 189
1877 182 197
1878 177 190
1879 169 187
1880 175 185
1881 181 195
1882 172 190
1883 181 195
1884 175 189
1885 179 184
1886 171 184
1887 174 188
1888 170 184
1889 172 188
1890 173 198
1891 173 196
1892 183 198
1893 179 186
1894 173 190
1895 175 188
1896 174 186
1897 175 190
1898 170 191
1899 224 215
1900 226 212
1901 224 202
1902 229 206
1903 222 205
1904 219 215
1905 224 207
1906 232 211
1907 231 206
1908 228 205
1909 226 216
1910 222 200
1911 225 209
1912 230 213
1913 234 209
1914 232 199
1915 229 199
1916 230 217
1917 225 211
1918 231 217
1919 223 213
1920 227 204
1921 219 209
1922 229 209
1923 223 206
1924 227 216
1925 220 200
1926 230 207
1927 221 211
1928 220 210
1929 95 196
1930 93 186
1931 85 190
1932 88 188
1933 78 184
1934 85 197
1935 80 196
1936 82 198
1937 78 189
1938 93 186
1939 80 194
1940 88 188
1941 86 197
1942 95 188
1943 78 186
1944 89 194
1945 91 188
1946 80 190
1947 82 184
1948 93 198
1949 82 192
1950 87 195
1951 95 190
1952 84 189
1953 84 184
1954 92 195
1955 81 187
1956 87 197
1957 96 193
1958 90 195
1959 202 17
1960 214 17
1961 213 22
1962 213 26
1963 203 19
1964 212 12
1965 210 12
1966 205 24
1967 207 18
1968 218 25
1969 207 22
1970 211 15
1971 209 14
1972 217 23
1973 218 18
1974 212 13
1975 218 22
1976 215 12
1977 210 19
1978 203 16
1979 218 23
1980 213 17
1981 216 23
1982 217 15
1983 200 26
1984 200 23
1985 203 12
1986 200 15
1987 201 17
1988 205 16
1989 190 75
1990 187 72
1991 198 66
1992 196 62
1993 193 74
1994 189 60
1995 196 67
1996 184 74
1997 190 68
1998 198 77
1999 197 60
2000 192 76
2001 192 76
2002 198 61
2003 193 62
2004 197 72
2005 195 64
2006 184 75
2007 197 62
2008 196 67
2009 186 75
2010 194 67
2011 189 60
2012 195 72
2013 191 72
2014 188 76
2015 187 65
2016 187 72
2017 198 66
2018 188 70
2019 216 99
2020 201 100
2021 209 111
2022 202 105
2023 218 102
2024 210 103
2025 216 106
2026 212 110
2027 212 111
2028 208 102
2029 208 108
2030 206 106
2031 204 112
2032 206 109
2033 212 101
2034 212 101
2035 199 105
2036 218 109
2037 209 107
2038 217 108
2039 203 101
2040 207 101
2041 217 104
2042 209 99
2043 218 108
2044 200 106
2045 205 111
2046 202 109
2047 210 105
2048 207 101
2049 180 2
2050 173 5
2051 178 11
2052 182 6
2053 178 9
2054 170 4
2055 180 2
2056 170 6
2057 182 7
2058 169 0
2059 181 0
2060 178 5
2061 177 4
2062 177 6
2063 183 6
2064 182 3
2065 172 4
2066 172 8
2067 176 1
2068 182 10
2069 181 3
2070 169 1
2071 169 11
2072 179 3
2073 174 1
2074 175 3
2075 179 2
2076 128 87
2077 118 96
2078 127 90
2079 127 84
2080 127 90
2081 121 82
2082 123 92
2083 123 88
2084 121 89
2085 126 96
2086 126 95
2087 121 92
2088 123 84
2089 121 84
2090 121 96
2091 127 84
2092 122 87
2093 128 79
2094 117 86
2095 128 95
2096 119 87
2097 122 93
2098 114 83
2099 125 96
2100 116 84
2101 116 87
2102 122 85
2103 116 83
2104 113 86
2105 124 62
2106 124 74
2107 125 77
2108 120 64
2109 116 71
2110 120 71
2111 125 65
2112 115 77
2113 115 75
2114 120 65
2115 126 74
2116 120 69
2117 120 75
2118 115 64
2119 127 73
2120 121 65
2121 114 72
2122 119 64
2123 119 70
2124 121 66
2125 126 75
2126 118 62
2127 126 77
2128 124 66
2129 126 60
2130 116 72
2131 126 62
2132 118 73
2133 113 69
2134 120 69
2135 22 134
2136 24 133
2137 22 132
2138 16 136
2139 13 134
2140 23 132
2141 17 138
2142 13 130
2143 17 144
2144 14 146
2145 24 138
2146 15 137
2147 16 136
2148 22 132
2149 18 145
2150 13 134
2151 25 142
2152 19 134
2153 22 130
2154 13 133
2155 15 146
2156 26 132
2157 16 137
2158 17 141
2159 19 144
2160 16 144
2161 24 145
2162 22 146
2163 16 138
2164 23 144
2165 217 25
2166 201 20
2167 203 23
2168 211 12
2169 216 16
2170 210 12
2171 218 14
2172 215 21
2173 211 19
2174 213 23
2175 212 12
2176 201 16
2177 209 14
2178 209 21
2179 210 16
2180 215 13
2181 213 12
2182 218 12
2183 212 12
2184 206 24
2185 210 15
2186 212 21
2187 201 15
2188 205 13
2189 206 20
2190 209 19
2191 212 16
2192 201 14
2193 211 26
2194 217 16
2195 119 56
2196 114 57
2197 115 57
2198 124 45
2199 123 54
2200 124 46
2201 116 54
2202 116 45
2203 118 54
2204 115 58
2205 127 54
2206 116 53
2207 123 57
2208 124 46
2209 115 57
2210 122 57
2211 125 53
2212 122 55
2213 120 49
2214 125 46
2215 113 58
2216 127 45
2217 113 53
2218 123 58
2219 115 48
2220 118 59
2221 116 57
2222 116 50
2223 121 54
2224 122 56
2225 57 121
2226 47 122
2227 46 117
2228 53 123
2229 49 126
2230 50 127
2231 58 120
2232 57 121
2233 55 116
2234 54 124
2235 46 120
2236 47 117
2237 51 120
2238 47 116
2239 46 118
2240 52 113
2241 47 124
2242 49 117
2243 57 118
2244 56 126
2245 58 116
2246 59 117
2247 54 124
2248 55 118
2249 50 127
2250 59 119
2251 58 114
2252 46 115
2253 48 127
2254 59 124
2255 221 215
2256 228 215
2257 228 212
2258 220 218
2259 219 216
2260 221 204
2261 221 212
2262 227 203
2263 225 200
2264 234 200
2265 222 209
2266 231 213
2267 222 215
2268 228 212
2269 222 205
2270 232 212
2271 220 217
2272 220 215
2273 230 213
2274 219 208
2275 227 205
2276 232 215
2277 224 210
2278 220 205
2279 220 209
2280 228 216
2281 220 210
2282 228 210
2283 227 207
2284 220 217
2285 91 203
2286 96 204
2287 82 213
2288 85 203
2289 85 199
2290 94 213
2291 79 201
2292 94 215
2293 91 205
2294 89 218
2295 85 204
2296 79 213
2297 90 215
2298 90 204
2299 97 201
2300 95 215
2301 83 217
2302 81 199
2303 85 201
2304 86 214
2305 80 210
2306 88 213
2307 81 214
2308 96 212
2309 83 215
2310 89 212
2311 91 211
2312 96 212
2313 82 205
2314 83 209
2315 39 127
2316 44 127
2317 41 122
2318 37 128
2319 35 126
2320 34 128
2321 44 117
2322 36 123
2323 32 115
2324 34 128
2325 36 117
2326 32 127
2327 41 126
2328 28 119
2329 44 123
2330 40 128
2331 27 118
2332 39 123
2333 40 114
2334 33 116
2335 38 120
2336 31 113
2337 41 118
2338 34 125
2339 30 128
2340 31 118
2341 33 124
2342 42 125
2343 40 114
2344 30 122
2345 131 220
2346 143 231
2347 144 233
2348 140 219
2349 141 228
2350 140 224
2351 131 231
2352 136 229
2353 138 223
2354 129 231
2355 137 220
2356 143 230
2357 129 228
2358 146 232
2359 144 219
2360 140 224
2361 139 234
2362 138 230
2363 147 231
2364 147 231
2365 139 224
2366 140 219
2367 144 231
2368 143 219
2369 140 228
2370 133 228
2371 142 225
2372 134 227
2373 133 229
2374 142 223
2375 39 207
2376 40 218
2377 31 200
2378 39 209
2379 42 203
2380 35 218
2381 39 213
2382 40 205
2383 40 206
2384 34 200
2385 40 202
2386 31 208
2387 42 201
2388 38 199
2389 40 210
2390 40 212
2391 27 212
2392 33 199
2393 44 212
2394 31 213
2395 33 206
2396 31 207
2397 28 200
2398 43 216
2399 38 204
2400 34 201
2401 32 213
2402 42 214
2403 37 212
2404 40 213
2405 234 47
2406 221 50
2407 233 55
2408 226 51
2409 234 58
2410 223 56
2411 226 55
2412 232 46
2413 220 54
2414 234 46
2415 221 50
2416 222 47
2417 226 46
2418 220 48
2419 222 45
2420 231 48
2421 232 54
2422 226 50
2423 234 46
2424 232 53
2425 233 56
2426 230 56
2427 228 56
2428 223 47
2429 221 49
2430 220 57
2431 224 52
2432 219 57
2433 231 53
2434 224 50
2435 195 92
2436 189 87
2437 196 78
2438 188 82
2439 197 79
2440 187 80
2441 197 94
2442 195 88
2443 190 96
2444 185 80
2445 185 90
2446 195 80
2447 184 96
2448 191 82
2449 186 88
2450 188 79
2451 191 81
2452 196 89
2453 194 90
2454 196 89
2455 188 88
2456 198 91
2457 197 92
2458 190 85
2459 185 95
2460 196 78
2461 192 82
2462 197 84
2463 194 93
2464 195 96
2465 177 33
2466 168 37
2467 176 35
2468 181 42
2469 168 40
2470 183 38
2471 177 29
2472 179 30
2473 181 35
2474 174 41
2475 178 28
2476 183 29
2477 183 40
2478 168 32
2479 173 43
2480 168 38
2481 177 38
2482 171 27
2483 171 42
2484 174 32
2485 175 40
2486 173 27
2487 176 37
2488 183 42
2489 175 29
2490 174 32
2491 175 42
2492 182 40
2493 173 36
2494 173 43
2495 117 1
2496 126 5
2497 116 1
2498 119 5
2499 117 6
2500 119 11
2501 122 6
2502 115 7
2503 120 1
2504 127 8
2505 123 8
2506 118 7
2507 125 11
2508 117 10
2509 114 0
2510 128 9
2511 118 4
2512 115 9
2513 119 9
2514 126 5
2515 115 4
2516 116 1
2517 120 10
2518 126 7
2519 122 11
2520 121 10
2521 119 7
2522 114 10
2523 8 92
2524 8 78
2525 8 95
2526 4 93
2527 10 91
2528 10 93
2529 5 88
2530 4 93
2531 1 80
2532 7 94
2533 2 82
2534 4 97
2535 7 92
2536 2 92
2537 11 83
2538 0 89
2539 3 80
2540 10 97
2541 5 85
2542 0 86
2543 8 83
2544 6 94
2545 5 97
2546 6 87
2547 10 80
2548 4 96
2549 10 92
2550 6 90
2551 63 158
2552 76 148
2553 61 156
2554 71 159
2555 68 163
2556 70 166
2557 73 160
2558 74 155
2559 70 159
2560 74 163
2561 62 161
2562 69 167
2563 60 165
2564 62 151
2565 76 156
2566 60 148
2567 77 166
2568 62 148
2569 75 162
2570 64 148
2571 73 148
2572 68 153
2573 60 166
2574 76 150
2575 70 159
2576 73 159
2577 64 150
2578 76 167
2579 69 153
2580 71 149
2581 198 220
2582 188 221
2583 194 223
2584 189 222
2585 191 226
2586 187 223
2587 188 228
2588 190 223
2589 190 225
2590 189 229
2591 185 232
2592 184 224
2593 196 226
2594 191 228
2595 188 219
2596 186 219
2597 195 226
2598 198 220
2599 185 220
2600 188 227
2601 198 226
2602 190 232
2603 186 220
2604 195 220
2605 185 230
2606 198 224
2607 196 232
2608 197 231
2609 189 230
2610 188 233
2611 26 180
2612 20 172
2613 21 172
2614 16 180
2615 20 171
2616 18 169
2617 26 182
2618 14 183
2619 19 174
2620 26 179
2621 15 176
2622 18 176
2623 22 182
2624 15 175
2625 14 182
2626 19 173
2627 15 169
2628 22 179
2629 21 171
2630 21 175
2631 13 172
2632 12 174
2633 24 168
2634 24 183
2635 18 173
2636 15 172
2637 23 175
2638 21 172
2639 19 168
2640 21 176
2641 195 131
2642 188 137
2643 187 144
2644 191 139
2645 191 131
2646 190 133
2647 194 146
2648 186 135
2649 188 147
2650 197 140
2651 196 143
2652 195 135
2653 195 133
2654 194 131
2655 188 134
2656 184 142
2657 188 141
2658 192 139
2659 184 136
2660 195 141
2661 194 134
2662 193 130
2663 187 137
2664 190 141
2665 192 135
2666 195 144
2667 196 144
2668 185 133
2669 192 129
2670 195 132
2671 45 57
2672 46 47
2673 48 52
2674 55 53
2675 47 51
2676 47 45
2677 59 50
2678 50 47
2679 45 57
2680 49 56
2681 55 46
2682 55 52
2683 46 45
2684 51 59
2685 45 56
2686 53 47
2687 50 59
2688 45 56
2689 46 52
2690 49 56
2691 44 154
2692 28 161
2693 40 150
2694 44 149
2695 29 155
2696 43 156
2697 27 153
2698 39 154
2699 39 152
2700 33 159
2701 40 166
2702 31 153
2703 28 159
2704 33 157
2705 32 148
2706 36 152
2707 30 155
2708 41 151
2709 31 159
2710 42 150
2711 39 165
2712 35 165
2713 29 165
2714 28 164
2715 36 149
2716 28 161
2717 30 150
2718 35 155
2719 27 163
2720 36 156
2721 48 108
2722 59 103
2723 54 112
2724 45 105
2725 51 98
2726 52 101
2727 53 112
2728 58 108
2729 59 98
2730 48 106
2731 56 103
2732 53 103
2733 46 98
2734 55 108
2735 51 102
2736 56 101
2737 55 109
2738 54 104
2739 47 108
2740 51 108
2741 57 110
2742 50 98
2743 48 98
2744 56 103
2745 55 106
2746 57 99
2747 59 102
2748 45 102
2749 57 108
2750 49 106
2751 134 26
2752 142 14
2753 147 12
2754 139 16
2755 137 23
2756 139 26
2757 143 12
2758 131 19
2759 143 18
2760 132 26
2761 135 12
2762 129 20
2763 139 13
2764 136 16
2765 130 12
2766 138 13
2767 147 17
2768 146 17
2769 130 17
2770 130 24
2771 137 20
2772 144 16
2773 129 17
2774 131 19
2775 132 19
2776 132 26
2777 130 25
2778 141 17
2779 141 15
2780 144 13
2781 139 46
2782 147 50
2783 145 50
2784 143 46
2785 138 56
2786 143 54
2787 145 55
2788 142 58
2789 142 50
2790 144 52
2791 144 54
2792 146 51
2793 136 48
2794 142 45
2795 129 51
2796 136 56
2797 138 54
2798 136 59
2799 129 56
2800 134 51
2801 130 54
2802 139 57
2803 144 53
2804 143 59
2805 140 54
2806 136 49
2807 132 54
2808 134 59
2809 143 48
2810 130 59
2811 195 112
2812 186 100
2813 197 101
2814 194 98
2815 193 111
2816 190 111
2817 198 98
2818 196 112
2819 198 107
2820 193 98
2821 197 109
2822 187 106
2823 193 105
2824 189 112
2825 196 103
2826 187 110
2827 186 105
2828 197 103
2829 184 100
2830 190 99
2831 194 100
2832 188 112
2833 188 108
2834 195 109
2835 192 99
2836 197 102
2837 196 99
2838 196 100
2839 186 111
2840 191 108
2841 174 168
2842 174 181
2843 169 179
2844 174 171
2845 173 169
2846 172 175
2847 172 182
2848 169 179
2849 180 175
2850 181 179
2851 177 172
2852 171 177
2853 178 175
2854 177 183
2855 177 182
2856 180 183
2857 168 178
2858 174 182
2859 175 178
2860 177 175
2861 179 183
2862 124 15
2863 128 20
2864 128 21
2865 117 22
2866 116 26
2867 119 20
2868 121 24
2869 113 19
2870 116 12
2871 116 23
2872 124 12
2873 124 15
2874 121 25
2875 117 19
2876 117 15
2877 125 19
2878 128 14
2879 118 15
2880 119 16
2881 124 14
2882 117 17
2883 115 18
2884 122 15
2885 126 22
2886 121 19
2887 117 24
2888 115 19
2889 119 19
2890 123 26
2891 121 18
