226 242 10 2874
0 5
1 6
2 8
3 9
4 6
5 5
6 8
7 8
8 6
9 8
10 6
11 4
12 5
13 3
14 3
15 3
16 3
17 3
18 3
19 4
20 5
21 3
22 3
23 3
24 4
25 3
26 4
27 3
28 3
29 5
30 4
31 3
32 4
33 5
34 3
35 3
36 3
37 3
38 3
39 3
40 4
41 3
42 3
43 3
44 4
45 3
46 4
47 3
48 5
49 4
50 4
51 3
52 3
53 3
54 5
55 3
56 3
57 4
58 3
59 3
60 3
61 3
62 3
63 3
64 3
65 3
66 4
67 3
68 3
69 3
70 3
71 3
72 3
73 4
74 3
75 4
76 3
77 3
78 4
79 3
80 3
81 4
82 3
83 3
84 3
85 3
86 3
87 3
88 4
89 4
90 5
91 3
92 3
93 4
94 3
95 3
96 3
97 3
98 3
99 4
100 3
101 3
102 3
103 3
104 3
105 4
106 5
107 3
108 3
109 3
110 3
111 3
112 3
113 3
114 3
115 3
116 3
117 4
118 3
119 3
120 3
121 3
122 4
123 3
124 3
125 3
126 3
127 3
128 3
129 3
130 3
131 4
132 3
133 4
134 4
135 3
136 3
137 3
138 3
139 4
140 3
141 4
142 3
143 3
144 5
145 3
146 3
147 4
148 3
149 3
150 4
151 6
152 3
153 4
154 3
155 3
156 3
157 4
158 3
159 3
160 6
161 3
162 3
163 3
164 3
165 4
166 4
167 5
168 4
169 3
170 4
171 3
172 3
173 3
174 3
175 3
176 4
177 4
178 3
179 3
180 3
181 6
182 3
183 3
184 3
185 3
186 3
187 3
188 3
189 3
190 3
191 3
192 3
193 3
194 3
195 3
196 4
197 3
198 6
199 3
200 3
201 4
202 3
203 3
204 3
205 3
206 4
207 4
208 4
209 3
210 3
211 3
212 3
213 4
214 3
215 3
216 3
217 4
218 4
219 3
220 3
221 4
222 6
223 3
224 3
225 4
0 0 2
1 0 8
2 0 9
3 1 3
4 1 4
5 1 5
6 1 9
7 1 30
8 2 4
9 2 7
10 2 8
11 2 9
12 2 10
13 2 11
14 2 172
15 3 4
16 3 5
17 3 7
18 3 9
19 3 10
20 3 101
21 3 153
22 4 12
23 5 6
24 5 8
25 5 10
26 6 9
27 6 10
28 6 46
29 6 64
30 6 207
31 7 8
32 7 9
33 7 10
34 7 11
35 8 11
36 8 117
37 9 135
38 9 188
39 11 81
40 12 28
41 12 26
42 13 18
43 13 17
44 14 29
45 15 17
46 16 28
47 17 20
48 18 23
49 18 27
50 19 21
51 19 24
52 20 22
53 20 25
54 21 25
55 24 29
56 26 29
57 30 37
58 31 33
59 32 40
60 32 35
61 33 37
62 33 35
63 33 44
64 34 36
65 34 35
66 38 42
67 39 41
68 39 40
69 40 42
70 43 45
71 44 45
72 46 47
73 46 57
74 48 59
75 48 62
76 48 58
77 49 50
78 49 54
79 50 61
80 51 60
81 51 54
82 51 63
83 52 56
84 52 54
85 53 57
86 54 57
87 55 62
88 58 61
89 64 69
90 65 80
91 66 67
92 66 76
93 66 75
94 67 72
95 68 78
96 69 70
97 70 78
98 71 77
99 73 78
100 73 80
101 74 79
102 74 77
103 75 78
104 76 77
105 81 94
106 81 91
107 82 89
108 82 83
109 83 97
110 84 86
111 85 88
112 86 95
113 87 99
114 88 93
115 89 95
116 89 93
117 90 91
118 90 98
119 90 93
120 92 97
121 95 96
122 97 100
123 99 100
124 101 115
125 102 111
126 103 111
127 103 105
128 104 115
129 104 106
130 105 109
131 105 112
132 105 115
133 106 108
134 106 114
135 107 108
136 110 116
137 112 113
138 114 116
139 117 123
140 117 130
141 118 134
142 119 133
143 120 127
144 120 133
145 120 128
146 121 130
147 121 128
148 121 134
149 122 132
150 122 126
151 124 125
152 125 131
153 126 130
154 128 129
155 131 132
156 135 139
157 136 147
158 137 151
159 138 151
160 138 147
161 139 149
162 139 150
163 140 148
164 141 144
165 141 151
166 142 144
167 143 151
168 144 150
169 145 147
170 145 152
171 146 151
172 148 152
173 153 166
174 154 160
175 155 157
176 156 160
177 157 164
178 157 160
179 158 164
180 159 160
181 160 168
182 161 167
183 162 165
184 163 164
185 165 167
186 166 168
187 166 170
188 167 170
189 169 171
190 170 171
191 172 174
192 172 176
193 173 177
194 174 179
195 175 184
196 175 178
197 176 181
198 177 181
199 178 181
200 179 180
201 181 186
202 181 185
203 182 183
204 183 185
205 183 187
206 188 200
207 189 204
208 190 194
209 190 198
210 190 201
211 191 200
212 191 196
213 192 194
214 193 201
215 195 198
216 196 204
217 196 198
218 197 202
219 197 199
220 198 199
221 201 206
222 203 205
223 203 206
224 207 208
225 207 222
226 208 211
227 208 218
228 209 224
229 209 218
230 210 216
231 210 217
232 211 214
233 212 222
234 213 215
235 213 225
236 215 221
237 217 225
238 218 223
239 219 220
240 219 222
241 221 222
0 209 160
1 216 171
2 222 154
3 218 160
4 213 166
5 219 166
6 211 171
7 215 171
8 224 164
9 212 159
10 208 156
11 222 160
12 221 167
13 209 161
14 215 169
15 213 166
16 209 171
17 215 169
18 210 165
19 223 153
20 211 153
21 209 163
22 219 153
23 208 166
24 214 163
25 209 154
26 217 155
27 219 167
28 213 165
29 222 166
30 160 224
31 156 222
32 161 211
33 166 214
34 154 207
35 159 225
36 169 215
37 157 225
38 160 207
39 168 223
40 168 212
41 170 217
42 162 209
43 169 218
44 165 211
45 160 221
46 162 211
47 165 222
48 170 217
49 158 217
50 165 209
51 159 224
52 169 225
53 156 223
54 163 214
55 159 222
56 154 221
57 165 223
58 167 212
59 166 224
60 19 16
61 26 25
62 25 26
63 25 29
64 13 28
65 19 12
66 23 29
67 26 18
68 14 16
69 19 13
70 15 27
71 26 17
72 29 15
73 27 21
74 15 19
75 29 22
76 23 20
77 28 14
78 22 15
79 39 14
80 45 13
81 33 28
82 39 20
83 35 16
84 44 29
85 41 22
86 30 16
87 45 29
88 38 26
89 43 23
90 43 17
91 31 12
92 32 13
93 35 17
94 41 12
95 30 22
96 42 17
97 38 12
98 32 24
99 37 14
100 42 18
101 31 17
102 35 12
103 30 15
104 36 19
105 45 20
106 43 28
107 38 27
108 40 29
109 185 208
110 185 212
111 173 210
112 174 219
113 186 209
114 182 211
115 182 222
116 182 208
117 176 216
118 181 219
119 184 208
120 187 219
121 173 225
122 182 218
123 180 221
124 184 218
125 180 217
126 175 222
127 174 212
128 181 214
129 186 222
130 180 211
131 179 220
132 173 210
133 180 225
134 183 211
135 175 209
136 183 215
137 186 210
138 179 225
139 18 214
140 16 208
141 13 219
142 22 209
143 27 219
144 12 214
145 14 207
146 25 219
147 26 208
148 20 212
149 19 218
150 18 214
151 12 211
152 25 214
153 24 221
154 27 212
155 19 208
156 22 218
157 27 210
158 24 220
159 24 214
160 19 214
161 15 222
162 27 225
163 12 207
164 28 224
165 21 214
166 25 225
167 19 210
168 17 209
169 220 91
170 214 97
171 209 84
172 207 92
173 208 82
174 220 96
175 213 90
176 216 91
177 223 98
178 220 99
179 215 87
180 220 94
181 214 90
182 224 91
183 216 92
184 211 95
185 207 100
186 214 98
187 214 92
188 215 93
189 210 95
190 225 94
191 210 91
192 214 88
193 222 91
194 215 85
195 216 84
196 213 90
197 224 94
198 220 88
199 202 71
200 195 70
201 190 72
202 195 67
203 199 69
204 190 72
205 197 76
206 190 64
207 188 77
208 191 79
209 197 66
210 190 76
211 195 79
212 201 66
213 191 70
214 188 66
215 205 69
216 200 75
217 199 72
218 205 70
219 201 79
220 205 64
221 193 68
222 205 64
223 191 71
224 190 76
225 198 70
226 204 71
227 190 65
228 203 75
229 98 22
230 84 27
231 95 12
232 85 13
233 86 18
234 100 23
235 97 28
236 83 18
237 95 18
238 99 25
239 84 26
240 92 16
241 85 16
242 93 29
243 86 13
244 84 18
245 90 26
246 93 17
247 91 25
248 90 15
249 87 23
250 83 14
251 91 16
252 89 21
253 91 18
254 85 15
255 90 16
256 91 29
257 98 25
258 96 12
259 125 88
260 125 83
261 123 99
262 125 88
263 120 88
264 127 89
265 134 88
266 118 83
267 125 89
268 133 96
269 123 91
270 129 81
271 132 97
272 117 93
273 126 85
274 130 92
275 119 98
276 118 96
277 130 81
278 118 87
279 126 83
280 117 94
281 118 83
282 122 92
283 126 95
284 132 83
285 117 83
286 131 93
287 129 84
288 134 99
289 49 14
290 58 28
291 52 17
292 56 20
293 50 23
294 49 18
295 54 23
296 62 24
297 55 16
298 58 25
299 53 28
300 47 14
301 63 18
302 57 21
303 61 17
304 63 24
305 55 29
306 47 17
307 51 29
308 49 28
309 52 21
310 62 25
311 56 15
312 51 28
313 54 15
314 54 22
315 49 21
316 48 12
317 51 13
318 52 19
319 115 50
320 106 61
321 112 57
322 107 48
323 102 56
324 111 59
325 101 55
326 109 53
327 111 47
328 115 61
329 111 48
330 104 60
331 104 53
332 110 52
333 106 59
334 115 46
335 112 51
336 109 57
337 113 49
338 109 53
339 110 55
340 106 58
341 112 62
342 104 61
343 108 56
344 107 60
345 102 57
346 101 49
347 107 58
348 115 48
349 219 76
350 219 64
351 211 72
352 221 77
353 220 66
354 223 76
355 218 74
356 211 78
357 208 73
358 215 76
359 211 66
360 224 71
361 216 69
362 219 77
363 225 79
364 222 69
365 225 68
366 213 77
367 214 71
368 223 70
369 223 79
370 221 80
371 217 76
372 215 76
373 211 72
374 215 74
375 221 76
376 219 78
377 211 69
378 209 65
379 212 34
380 218 30
381 209 38
382 218 33
383 208 43
384 225 44
385 220 32
386 210 41
387 219 33
388 211 44
389 210 42
390 218 42
391 216 31
392 210 31
393 209 33
394 225 36
395 221 40
396 208 43
397 209 33
398 225 44
399 208 32
400 224 41
401 208 41
402 209 36
403 210 39
404 207 34
405 218 45
406 213 38
407 219 39
408 223 41
409 30 79
410 40 77
411 31 76
412 41 68
413 37 79
414 32 73
415 31 73
416 38 73
417 32 71
418 43 66
419 32 74
420 39 65
421 31 79
422 44 71
423 42 77
424 35 73
425 31 67
426 30 69
427 32 71
428 31 77
429 39 69
430 31 65
431 40 68
432 42 73
433 33 76
434 38 72
435 41 67
436 38 72
437 33 69
438 37 74
439 71 145
440 68 139
441 71 147
442 75 142
443 70 137
444 78 150
445 64 149
446 69 139
447 74 146
448 80 143
449 80 136
450 72 149
451 65 148
452 80 141
453 70 137
454 72 148
455 78 144
456 80 141
457 70 135
458 69 136
459 74 152
460 76 150
461 75 150
462 75 137
463 79 145
464 77 144
465 78 146
466 77 136
467 77 141
468 75 142
469 30 20
470 33 26
471 32 19
472 38 24
473 30 16
474 40 26
475 40 20
476 36 21
477 37 20
478 38 26
479 33 20
480 37 19
481 41 29
482 34 29
483 35 23
484 38 24
485 36 19
486 44 24
487 42 24
488 40 14
489 33 23
490 38 25
491 41 15
492 40 21
493 45 29
494 31 23
495 41 21
496 36 20
497 36 12
498 42 16
499 172 141
500 180 135
501 180 137
502 178 137
503 178 142
504 175 152
505 175 150
506 179 137
507 181 148
508 181 139
509 187 151
510 183 150
511 175 150
512 175 137
513 173 142
514 186 140
515 180 147
516 174 140
517 175 141
518 177 151
519 186 140
520 178 139
521 183 144
522 175 136
523 181 142
524 176 148
525 183 141
526 175 152
527 187 152
528 182 138
529 123 7
530 127 2
531 129 4
532 121 4
533 120 7
534 134 11
535 126 4
536 120 1
537 122 11
538 119 0
539 119 5
540 121 2
541 119 8
542 130 0
543 119 7
544 121 1
545 133 0
546 134 10
547 134 7
548 119 4
549 123 11
550 134 6
551 132 9
552 132 8
553 129 1
554 120 0
555 120 9
556 124 7
557 105 189
558 116 190
559 110 205
560 108 199
561 110 193
562 107 197
563 105 204
564 102 200
565 113 191
566 111 191
567 107 192
568 108 193
569 105 201
570 109 206
571 101 193
572 109 190
573 110 205
574 103 191
575 114 200
576 104 205
577 106 199
578 106 196
579 102 202
580 110 202
581 111 201
582 105 201
583 103 201
584 108 193
585 114 197
586 108 190
587 150 117
588 151 128
589 146 126
590 140 121
591 137 121
592 135 125
593 142 125
594 152 117
595 138 119
596 143 129
597 142 130
598 148 130
599 145 134
600 137 130
601 143 122
602 151 134
603 147 118
604 142 117
605 145 122
606 150 125
607 150 131
608 148 121
609 142 122
610 151 129
611 148 134
612 137 120
613 149 129
614 141 128
615 137 119
616 145 131
617 179 23
618 183 26
619 178 18
620 179 22
621 173 17
622 177 21
623 183 15
624 174 22
625 184 29
626 185 19
627 182 20
628 183 24
629 183 29
630 185 18
631 183 14
632 183 13
633 172 22
634 172 23
635 185 29
636 175 20
637 173 15
638 175 29
639 184 22
640 181 23
641 172 22
642 175 22
643 172 23
644 177 21
645 177 22
646 181 26
647 187 120
648 187 128
649 180 118
650 183 124
651 173 119
652 181 124
653 187 128
654 182 121
655 176 133
656 187 119
657 186 133
658 179 131
659 173 120
660 185 125
661 181 127
662 185 117
663 172 124
664 178 126
665 184 119
666 184 119
667 176 129
668 181 122
669 172 125
670 172 132
671 179 125
672 173 124
673 181 124
674 178 125
675 183 132
676 177 118
677 137 149
678 141 140
679 143 152
680 143 142
681 140 141
682 138 149
683 152 136
684 139 145
685 140 135
686 148 151
687 145 135
688 150 147
689 145 151
690 141 140
691 137 139
692 137 139
693 146 140
694 142 139
695 141 136
696 149 152
697 90 16
698 90 24
699 91 21
700 91 29
701 98 14
702 95 18
703 93 22
704 82 22
705 94 26
706 99 23
707 95 12
708 94 20
709 88 29
710 89 24
711 84 24
712 81 28
713 100 29
714 81 13
715 93 14
716 90 16
717 98 20
718 83 19
719 86 24
720 94 20
721 90 16
722 92 19
723 92 23
724 95 14
725 85 17
726 99 28
727 59 41
728 61 45
729 63 35
730 52 39
731 54 40
732 60 31
733 58 36
734 52 38
735 51 30
736 47 38
737 58 38
738 62 34
739 54 31
740 60 45
741 62 42
742 48 35
743 58 42
744 63 30
745 46 41
746 54 35
747 61 38
748 48 30
749 49 38
750 50 45
751 53 39
752 49 36
753 60 37
754 50 39
755 48 35
756 49 39
757 145 149
758 141 135
759 152 143
760 148 136
761 148 144
762 143 136
763 141 145
764 139 152
765 142 135
766 135 148
767 151 135
768 136 150
769 151 145
770 135 141
771 147 148
772 147 146
773 140 135
774 142 147
775 142 143
776 99 164
777 84 157
778 98 171
779 89 165
780 81 160
781 82 170
782 95 153
783 91 168
784 81 155
785 98 161
786 86 154
787 82 154
788 90 166
789 94 164
790 86 159
791 89 165
792 83 162
793 97 161
794 99 162
795 96 158
796 84 169
797 100 155
798 92 165
799 84 170
800 90 167
801 87 161
802 87 164
803 88 161
804 84 170
805 81 161
806 174 136
807 180 137
808 180 135
809 182 140
810 185 150
811 176 137
812 181 136
813 181 135
814 185 143
815 185 147
816 181 135
817 176 150
818 184 140
819 178 148
820 182 147
821 186 151
822 180 146
823 182 136
824 181 149
825 175 143
826 177 150
827 183 137
828 187 152
829 175 145
830 184 136
831 179 148
832 180 140
833 182 147
834 175 149
835 178 141
836 98 189
837 83 192
838 99 189
839 86 191
840 87 188
841 87 202
842 90 198
843 91 205
844 83 195
845 83 188
846 83 199
847 94 204
848 85 189
849 96 193
850 81 203
851 85 188
852 92 189
853 91 204
854 98 194
855 98 201
856 90 200
857 96 198
858 86 196
859 84 203
860 89 193
861 82 203
862 95 195
863 100 189
864 85 199
865 90 190
866 8 178
867 7 183
868 9 181
869 4 180
870 4 182
871 9 182
872 11 183
873 5 172
874 5 187
875 3 179
876 1 181
877 0 174
878 9 184
879 1 176
880 3 173
881 3 179
882 9 175
883 3 174
884 9 186
885 11 180
886 0 174
887 1 185
888 7 182
889 3 181
890 8 180
891 0 179
892 6 186
893 7 178
894 0 184
895 0 183
896 30 0
897 40 4
898 30 10
899 44 3
900 38 5
901 35 3
902 38 9
903 41 4
904 40 7
905 40 4
906 40 7
907 35 2
908 30 7
909 37 2
910 43 3
911 37 5
912 38 6
913 37 6
914 45 3
915 44 2
916 37 5
917 38 4
918 36 5
919 37 6
920 43 10
921 40 5
922 36 11
923 42 5
924 32 0
925 45 0
926 73 151
927 68 145
928 75 150
929 68 145
930 80 145
931 77 138
932 65 151
933 69 135
934 74 152
935 72 144
936 74 148
937 69 135
938 73 145
939 78 151
940 77 140
941 73 136
942 71 135
943 70 151
944 70 144
945 77 148
946 79 138
947 72 135
948 67 142
949 69 150
950 72 136
951 75 147
952 64 144
953 64 144
954 76 146
955 78 148
956 163 4
957 169 8
958 158 1
959 166 10
960 166 11
961 161 9
962 156 6
963 163 11
964 158 11
965 171 7
966 169 2
967 159 9
968 162 5
969 162 8
970 159 10
971 164 11
972 159 9
973 167 9
974 170 7
975 171 2
976 169 11
977 155 5
978 158 11
979 166 1
980 162 8
981 171 0
982 158 0
983 158 1
984 202 49
985 192 50
986 197 62
987 206 50
988 196 46
989 197 63
990 198 46
991 206 49
992 192 47
993 194 49
994 192 63
995 203 51
996 205 56
997 192 59
998 202 51
999 198 53
1000 195 49
1001 203 60
1002 197 62
1003 205 58
1004 198 58
1005 193 47
1006 199 56
1007 205 47
1008 202 48
1009 189 59
1010 199 52
1011 196 57
1012 205 61
1013 200 53
1014 175 112
1015 172 109
1016 181 110
1017 175 107
1018 179 105
1019 186 104
1020 183 107
1021 177 110
1022 173 104
1023 176 104
1024 177 110
1025 173 105
1026 176 115
1027 175 114
1028 183 102
1029 175 101
1030 176 113
1031 175 112
1032 184 110
1033 182 109
1034 180 113
1035 175 105
1036 178 106
1037 173 111
1038 185 106
1039 185 113
1040 181 105
1041 172 105
1042 185 115
1043 181 105
1044 39 221
1045 42 209
1046 42 225
1047 42 217
1048 31 215
1049 31 220
1050 32 207
1051 32 207
1052 38 212
1053 31 217
1054 39 221
1055 36 209
1056 36 215
1057 30 213
1058 45 218
1059 34 215
1060 33 208
1061 42 207
1062 30 213
1063 34 212
1064 37 212
1065 35 215
1066 35 210
1067 30 217
1068 34 221
1069 42 207
1070 35 221
1071 43 207
1072 39 218
1073 30 223
1074 134 211
1075 125 221
1076 117 222
1077 134 224
1078 129 208
1079 130 216
1080 134 217
1081 130 221
1082 123 209
1083 123 209
1084 134 224
1085 123 211
1086 119 211
1087 121 213
1088 130 212
1089 125 212
1090 125 222
1091 127 221
1092 125 215
1093 134 222
1094 125 215
1095 122 224
1096 121 215
1097 128 222
1098 124 222
1099 128 212
1100 117 212
1101 132 220
1102 125 219
1103 128 217
1104 78 222
1105 78 207
1106 79 215
1107 71 215
1108 69 210
1109 65 212
1110 70 212
1111 77 221
1112 75 220
1113 67 216
1114 70 213
1115 72 222
1116 68 217
1117 80 210
1118 66 207
1119 69 210
1120 72 212
1121 66 209
1122 66 210
1123 72 218
1124 74 217
1125 79 222
1126 73 216
1127 75 207
1128 79 213
1129 78 222
1130 70 213
1131 72 212
1132 79 219
1133 68 219
1134 197 68
1135 196 73
1136 193 68
1137 204 73
1138 201 71
1139 192 68
1140 203 76
1141 200 71
1142 189 75
1143 192 71
1144 190 64
1145 191 70
1146 198 68
1147 198 77
1148 201 75
1149 200 73
1150 204 77
1151 206 79
1152 198 66
1153 191 69
1154 190 75
1155 200 68
1156 205 67
1157 194 74
1158 204 71
1159 194 77
1160 202 73
1161 195 66
1162 204 65
1163 204 69
1164 152 2
1165 148 2
1166 151 6
1167 139 11
1168 147 7
1169 135 5
1170 147 2
1171 139 0
1172 135 8
1173 143 7
1174 135 10
1175 149 4
1176 148 10
1177 138 11
1178 141 4
1179 145 1
1180 147 11
1181 145 2
1182 135 11
1183 141 5
1184 148 11
1185 145 7
1186 150 7
1187 151 11
1188 152 2
1189 150 10
1190 152 1
1191 138 6
1192 138 1
1193 137 9
1194 110 141
1195 115 148
1196 112 150
1197 101 150
1198 104 138
1199 101 144
1200 102 150
1201 107 148
1202 109 142
1203 105 149
1204 107 150
1205 102 148
1206 114 142
1207 116 138
1208 114 138
1209 107 140
1210 110 140
1211 109 144
1212 112 148
1213 114 145
1214 110 140
1215 109 142
1216 110 147
1217 105 147
1218 104 137
1219 116 140
1220 112 149
1221 115 149
1222 114 146
1223 101 141
1224 66 133
1225 70 128
1226 65 134
1227 79 127
1228 74 132
1229 80 124
1230 74 120
1231 78 129
1232 71 117
1233 64 133
1234 68 131
1235 64 118
1236 70 134
1237 64 122
1238 67 132
1239 72 123
1240 74 130
1241 69 121
1242 76 118
1243 67 131
1244 77 121
1245 74 121
1246 77 132
1247 64 129
1248 80 119
1249 70 124
1250 67 119
1251 68 123
1252 64 134
1253 76 128
1254 113 139
1255 105 136
1256 115 135
1257 116 137
1258 113 152
1259 102 142
1260 116 135
1261 109 137
1262 113 149
1263 113 137
1264 111 143
1265 107 147
1266 113 145
1267 107 140
1268 113 135
1269 112 145
1270 110 140
1271 110 152
1272 101 142
1273 111 137
1274 114 137
1275 104 138
1276 103 137
1277 103 146
1278 110 150
1279 108 152
1280 104 142
1281 106 152
1282 101 147
1283 112 147
1284 22 4
1285 15 11
1286 23 3
1287 21 5
1288 13 0
1289 27 4
1290 23 11
1291 19 3
1292 26 5
1293 27 6
1294 20 2
1295 14 7
1296 25 7
1297 17 5
1298 22 11
1299 26 9
1300 22 11
1301 14 2
1302 20 1
1303 21 5
1304 21 8
1305 23 9
1306 19 9
1307 27 1
1308 12 11
1309 20 3
1310 29 5
1311 16 7
1312 27 10
1313 34 14
1314 36 17
1315 33 28
1316 34 13
1317 44 29
1318 45 27
1319 38 16
1320 32 14
1321 35 16
1322 37 17
1323 40 16
1324 32 28
1325 35 19
1326 45 12
1327 37 22
1328 34 18
1329 33 13
1330 40 26
1331 32 12
1332 34 28
1333 45 26
1334 42 28
1335 43 29
1336 41 18
1337 33 16
1338 32 25
1339 40 20
1340 34 18
1341 33 13
1342 42 25
1343 192 129
1344 205 130
1345 188 134
1346 193 129
1347 203 121
1348 201 133
1349 199 126
1350 204 119
1351 199 130
1352 194 122
1353 190 128
1354 188 117
1355 205 128
1356 205 123
1357 203 122
1358 193 132
1359 188 130
1360 196 133
1361 201 133
1362 206 125
1363 200 119
1364 202 126
1365 204 120
1366 197 129
1367 190 131
1368 189 131
1369 188 121
1370 202 127
1371 201 134
1372 202 133
1373 139 3
1374 140 4
1375 149 3
1376 152 8
1377 152 8
1378 136 1
1379 150 0
1380 140 2
1381 150 9
1382 150 1
1383 142 9
1384 139 7
1385 141 8
1386 151 4
1387 149 2
1388 139 1
1389 138 5
1390 141 6
1391 144 10
1392 139 7
1393 135 8
1394 152 1
1395 138 11
1396 142 4
1397 151 1
1398 135 8
1399 141 7
1400 138 3
1401 142 11
1402 139 1
1403 126 79
1404 125 77
1405 119 77
1406 117 76
1407 118 72
1408 130 67
1409 122 64
1410 123 66
1411 133 71
1412 131 65
1413 117 70
1414 134 74
1415 121 65
1416 120 65
1417 120 69
1418 134 64
1419 133 80
1420 133 72
1421 132 75
1422 128 74
1423 127 65
1424 132 77
1425 125 65
1426 132 80
1427 120 77
1428 128 74
1429 130 73
1430 130 68
1431 125 72
1432 132 73
1433 53 165
1434 48 161
1435 49 162
1436 56 162
1437 59 155
1438 59 160
1439 49 153
1440 52 170
1441 61 161
1442 62 170
1443 59 163
1444 58 157
1445 55 158
1446 63 156
1447 49 162
1448 52 166
1449 46 162
1450 55 171
1451 47 171
1452 59 158
1453 63 166
1454 53 171
1455 50 158
1456 59 168
1457 63 166
1458 61 154
1459 53 157
1460 61 154
1461 51 158
1462 57 162
1463 119 37
1464 130 32
1465 129 31
1466 131 44
1467 134 36
1468 134 33
1469 123 32
1470 127 34
1471 133 31
1472 129 43
1473 130 41
1474 123 35
1475 127 43
1476 120 34
1477 118 36
1478 126 34
1479 132 31
1480 125 34
1481 118 41
1482 129 43
1483 117 32
1484 120 37
1485 119 34
1486 125 40
1487 130 42
1488 117 41
1489 128 44
1490 122 31
1491 134 39
1492 132 36
1493 89 78
1494 86 73
1495 95 69
1496 96 78
1497 84 64
1498 84 76
1499 83 75
1500 91 66
1501 93 70
1502 90 70
1503 93 70
1504 87 65
1505 89 80
1506 84 75
1507 98 78
1508 93 74
1509 94 73
1510 92 74
1511 89 70
1512 97 74
1513 81 66
1514 81 71
1515 98 76
1516 91 66
1517 88 76
1518 99 72
1519 85 75
1520 81 73
1521 94 78
1522 89 77
1523 36 218
1524 38 210
1525 31 210
1526 45 213
1527 44 218
1528 32 220
1529 37 210
1530 38 225
1531 30 224
1532 41 221
1533 34 208
1534 44 208
1535 32 211
1536 30 212
1537 45 225
1538 44 218
1539 44 210
1540 34 210
1541 42 211
1542 42 218
1543 45 211
1544 38 219
1545 44 210
1546 39 207
1547 37 223
1548 45 218
1549 35 223
1550 41 222
1551 30 210
1552 38 214
1553 161 173
1554 157 172
1555 164 179
1556 153 184
1557 169 173
1558 162 180
1559 163 179
1560 170 181
1561 169 180
1562 165 186
1563 161 179
1564 168 173
1565 156 177
1566 166 174
1567 157 174
1568 165 182
1569 153 177
1570 169 179
1571 161 179
1572 163 177
1573 166 173
1574 168 185
1575 153 177
1576 154 178
1577 153 184
1578 170 187
1579 165 181
1580 155 177
1581 154 172
1582 171 181
1583 73 44
1584 79 34
1585 64 31
1586 73 45
1587 69 39
1588 69 33
1589 67 36
1590 73 44
1591 79 40
1592 66 40
1593 76 38
1594 79 44
1595 64 43
1596 67 38
1597 68 36
1598 74 40
1599 67 45
1600 64 38
1601 69 36
1602 65 45
1603 78 39
1604 74 45
1605 71 45
1606 80 44
1607 76 36
1608 75 44
1609 75 37
1610 68 39
1611 69 34
1612 75 44
1613 184 177
1614 186 175
1615 174 186
1616 179 176
1617 173 172
1618 185 175
1619 183 179
1620 176 184
1621 179 177
1622 172 184
1623 182 186
1624 183 174
1625 179 181
1626 176 173
1627 180 186
1628 91 44
1629 82 30
1630 98 36
1631 95 32
1632 82 42
1633 90 41
1634 98 30
1635 91 30
1636 99 44
1637 100 37
1638 98 39
1639 88 36
1640 94 38
1641 91 31
1642 88 30
1643 95 37
1644 84 32
1645 88 40
1646 84 38
1647 95 38
1648 83 37
1649 85 37
1650 100 45
1651 84 42
1652 98 41
1653 98 40
1654 91 34
1655 83 40
1656 84 37
1657 94 38
1658 92 89
1659 81 86
1660 82 91
1661 97 86
1662 81 89
1663 83 86
1664 89 87
1665 92 90
1666 94 99
1667 98 94
1668 94 96
1669 92 87
1670 83 98
1671 91 99
1672 95 92
1673 87 83
1674 83 95
1675 9 118
1676 6 126
1677 5 128
1678 6 130
1679 8 127
1680 6 130
1681 0 129
1682 8 124
1683 2 131
1684 11 129
1685 8 134
1686 6 123
1687 10 127
1688 9 126
1689 7 127
1690 8 127
1691 6 134
1692 5 131
1693 10 121
1694 2 127
1695 2 121
1696 6 129
1697 4 117
1698 2 125
1699 7 122
1700 7 127
1701 5 132
1702 0 132
1703 7 125
1704 11 126
1705 186 42
1706 176 42
1707 176 35
1708 182 30
1709 173 45
1710 173 43
1711 174 35
1712 184 39
1713 181 37
1714 184 31
1715 186 34
1716 176 43
1717 184 31
1718 185 45
1719 180 34
1720 186 45
1721 180 33
1722 180 32
1723 175 40
1724 176 31
1725 172 45
1726 181 36
1727 180 35
1728 175 37
1729 173 34
1730 184 30
1731 181 38
1732 184 33
1733 182 43
1734 181 31
1735 61 70
1736 62 71
1737 59 65
1738 56 71
1739 54 75
1740 52 80
1741 61 79
1742 46 75
1743 51 66
1744 63 80
1745 58 79
1746 48 70
1747 57 65
1748 58 66
1749 53 72
1750 53 74
1751 47 78
1752 58 70
1753 52 67
1754 57 67
1755 54 77
1756 60 69
1757 48 65
1758 62 76
1759 63 67
1760 61 75
1761 58 73
1762 57 69
1763 62 70
1764 50 78
1765 192 86
1766 189 89
1767 197 85
1768 192 91
1769 202 89
1770 205 90
1771 200 82
1772 203 86
1773 200 100
1774 204 90
1775 191 96
1776 198 96
1777 197 98
1778 204 85
1779 198 99
1780 188 81
1781 206 99
1782 200 90
1783 201 84
1784 204 98
1785 202 89
1786 193 100
1787 191 87
1788 192 88
1789 199 94
1790 195 81
1791 190 93
1792 203 95
1793 195 82
1794 200 83
1795 82 15
1796 97 19
1797 82 22
1798 96 28
1799 86 23
1800 83 23
1801 81 23
1802 82 23
1803 90 17
1804 95 19
1805 95 14
1806 95 20
1807 92 25
1808 100 19
1809 86 17
1810 99 19
1811 88 18
1812 82 27
1813 100 28
1814 85 17
1815 98 12
1816 92 12
1817 90 22
1818 91 24
1819 99 20
1820 100 13
1821 88 22
1822 84 29
1823 91 20
1824 89 26
1825 85 180
1826 96 180
1827 92 185
1828 89 174
1829 100 179
1830 85 172
1831 81 172
1832 94 187
1833 91 180
1834 100 177
1835 98 176
1836 89 179
1837 83 179
1838 100 172
1839 95 178
1840 100 173
1841 88 184
1842 100 184
1843 88 177
1844 100 185
1845 99 182
1846 94 174
1847 84 184
1848 83 181
1849 83 172
1850 86 173
1851 100 187
1852 81 173
1853 81 174
1854 89 177
1855 17 29
1856 19 17
1857 14 12
1858 23 21
1859 12 23
1860 21 26
1861 17 16
1862 19 18
1863 21 26
1864 19 18
1865 23 22
1866 29 15
1867 22 24
1868 25 27
1869 12 21
1870 13 12
1871 21 27
1872 101 23
1873 104 16
1874 115 28
1875 101 16
1876 105 14
1877 116 21
1878 104 13
1879 112 21
1880 107 13
1881 110 17
1882 101 12
1883 108 22
1884 107 22
1885 109 18
1886 101 22
1887 116 24
1888 105 17
1889 108 19
1890 116 18
1891 109 24
1892 111 28
1893 113 19
1894 103 24
1895 112 23
1896 111 21
1897 109 22
1898 102 17
1899 105 13
1900 109 28
1901 103 26
1902 95 66
1903 87 72
1904 85 72
1905 92 66
1906 95 64
1907 92 70
1908 90 66
1909 81 64
1910 83 80
1911 87 78
1912 94 66
1913 89 64
1914 89 64
1915 97 70
1916 93 76
1917 81 72
1918 96 65
1919 98 79
1920 82 80
1921 99 80
1922 88 67
1923 82 67
1924 95 68
1925 91 71
1926 84 71
1927 92 78
1928 81 78
1929 85 80
1930 92 76
1931 92 64
1932 222 50
1933 210 51
1934 223 57
1935 209 46
1936 219 46
1937 212 48
1938 223 56
1939 224 46
1940 208 59
1941 215 51
1942 224 46
1943 223 48
1944 216 61
1945 214 47
1946 215 49
1947 223 48
1948 208 62
1949 225 54
1950 207 47
1951 225 56
1952 217 59
1953 207 61
1954 219 54
1955 219 46
1956 218 50
1957 213 62
1958 223 53
1959 214 47
1960 215 48
1961 223 61
1962 79 53
1963 64 48
1964 67 46
1965 73 61
1966 66 58
1967 70 51
1968 64 48
1969 71 46
1970 73 49
1971 78 57
1972 70 50
1973 80 58
1974 67 57
1975 64 51
1976 65 56
1977 69 56
1978 67 59
1979 75 63
1980 72 63
1981 66 61
1982 76 56
1983 65 50
1984 74 54
1985 65 60
1986 72 60
1987 67 57
1988 79 54
1989 74 54
1990 72 47
1991 70 53
1992 38 114
1993 37 107
1994 43 106
1995 35 106
1996 40 111
1997 39 110
1998 31 112
1999 33 108
2000 38 113
2001 32 110
2002 34 112
2003 42 106
2004 39 108
2005 38 102
2006 37 103
2007 32 106
2008 39 115
2009 42 104
2010 44 115
2011 42 105
2012 43 111
2013 45 108
2014 32 104
2015 44 109
2016 31 109
2017 44 105
2018 44 112
2019 38 106
2020 41 103
2021 41 109
2022 186 32
2023 172 34
2024 181 32
2025 184 42
2026 175 33
2027 183 36
2028 173 40
2029 180 37
2030 174 31
2031 180 38
2032 174 44
2033 177 32
2034 181 43
2035 180 40
2036 187 41
2037 179 37
2038 187 33
2039 177 31
2040 179 37
2041 181 40
2042 175 36
2043 186 34
2044 187 42
2045 177 44
2046 184 41
2047 186 38
2048 179 31
2049 182 39
2050 172 37
2051 180 41
2052 22 145
2053 23 143
2054 21 149
2055 19 143
2056 23 135
2057 28 148
2058 25 143
2059 22 135
2060 15 151
2061 16 147
2062 24 135
2063 27 148
2064 12 147
2065 13 144
2066 19 135
2067 23 140
2068 27 142
2069 12 142
2070 16 150
2071 15 136
2072 20 152
2073 15 141
2074 27 148
2075 12 146
2076 23 147
2077 29 152
2078 13 139
2079 25 137
2080 23 137
2081 23 139
2082 200 220
2083 194 219
2084 192 209
2085 200 225
2086 193 214
2087 203 220
2088 205 222
2089 204 212
2090 204 216
2091 191 218
2092 203 220
2093 195 210
2094 194 217
2095 191 210
2096 191 210
2097 195 215
2098 205 224
2099 204 223
2100 202 220
2101 199 223
2102 206 221
2103 190 222
2104 191 214
2105 202 223
2106 188 224
2107 198 213
2108 203 224
2109 203 216
2110 206 212
2111 188 213
2112 78 156
2113 64 163
2114 64 159
2115 80 153
2116 73 163
2117 70 159
2118 72 153
2119 79 167
2120 76 154
2121 79 159
2122 70 156
2123 64 153
2124 72 159
2125 74 167
2126 64 171
2127 75 161
2128 78 157
2129 73 162
2130 65 166
2131 76 156
2132 76 163
2133 73 163
2134 74 158
2135 68 159
2136 71 166
2137 75 165
2138 65 168
2139 74 165
2140 73 154
2141 76 159
2142 163 30
2143 168 40
2144 171 38
2145 165 45
2146 168 39
2147 163 34
2148 169 34
2149 154 38
2150 162 32
2151 156 37
2152 169 30
2153 167 40
2154 171 41
2155 170 41
2156 153 33
2157 154 44
2158 169 42
2159 162 38
2160 171 35
2161 164 44
2162 162 34
2163 168 31
2164 161 34
2165 163 44
2166 160 41
2167 157 43
2168 163 36
2169 157 32
2170 171 40
2171 153 36
2172 199 6
2173 199 11
2174 199 8
2175 200 5
2176 195 0
2177 192 5
2178 204 10
2179 198 6
2180 196 6
2181 197 0
2182 192 2
2183 197 4
2184 203 3
2185 195 3
2186 189 3
2187 200 5
2188 203 3
2189 198 6
2190 197 10
2191 199 5
2192 206 7
2193 195 6
2194 195 3
2195 206 9
2196 196 7
2197 197 3
2198 200 3
2199 189 1
2200 202 1
2201 217 51
2202 223 53
2203 211 59
2204 211 53
2205 213 60
2206 221 47
2207 222 52
2208 223 60
2209 213 59
2210 207 51
2211 207 60
2212 223 56
2213 218 48
2214 218 54
2215 213 56
2216 213 62
2217 224 54
2218 221 49
2219 210 49
2220 217 52
2221 215 50
2222 211 61
2223 219 47
2224 208 59
2225 224 47
2226 220 55
2227 225 58
2228 211 53
2229 221 50
2230 213 61
2231 91 145
2232 83 146
2233 90 143
2234 87 143
2235 86 146
2236 95 149
2237 98 136
2238 84 141
2239 95 147
2240 82 151
2241 83 147
2242 93 151
2243 88 147
2244 100 148
2245 95 144
2246 89 151
2247 90 150
2248 87 145
2249 81 149
2250 90 138
2251 96 146
2252 99 145
2253 95 147
2254 88 152
2255 100 137
2256 91 136
2257 86 139
2258 92 136
2259 81 143
2260 90 151
2261 50 209
2262 47 210
2263 55 225
2264 59 222
2265 58 223
2266 54 210
2267 52 225
2268 57 208
2269 59 212
2270 61 211
2271 53 225
2272 46 220
2273 62 218
2274 51 208
2275 57 222
2276 63 220
2277 54 222
2278 55 219
2279 46 210
2280 62 218
2281 58 215
2282 53 217
2283 60 216
2284 59 220
2285 63 219
2286 60 221
2287 62 213
2288 50 220
2289 63 207
2290 54 211
2291 78 100
2292 77 93
2293 77 93
2294 80 96
2295 69 89
2296 71 95
2297 70 98
2298 77 98
2299 77 96
2300 74 97
2301 64 97
2302 78 85
2303 80 94
2304 68 96
2305 70 88
2306 77 86
2307 80 98
2308 64 93
2309 76 98
2310 69 96
2311 77 82
2312 66 89
2313 68 88
2314 71 95
2315 71 100
2316 69 86
2317 74 99
2318 77 89
2319 64 92
2320 79 91
2321 80 118
2322 71 131
2323 74 123
2324 66 134
2325 70 118
2326 65 121
2327 72 130
2328 69 117
2329 80 119
2330 79 130
2331 76 133
2332 70 128
2333 72 130
2334 72 124
2335 79 124
2336 64 128
2337 68 122
2338 66 132
2339 79 134
2340 78 132
2341 64 132
2342 71 122
2343 68 117
2344 69 122
2345 68 120
2346 64 131
2347 65 119
2348 68 121
2349 65 118
2350 75 129
2351 162 104
2352 156 112
2353 163 105
2354 157 101
2355 170 105
2356 171 114
2357 162 104
2358 162 104
2359 160 112
2360 158 108
2361 157 112
2362 166 105
2363 161 104
2364 155 111
2365 159 108
2366 169 101
2367 156 110
2368 168 114
2369 164 113
2370 166 108
2371 153 107
2372 167 105
2373 154 116
2374 161 104
2375 165 105
2376 165 109
2377 153 114
2378 167 107
2379 170 113
2380 161 112
2381 83 188
2382 87 199
2383 82 199
2384 81 190
2385 96 195
2386 81 201
2387 91 205
2388 98 188
2389 84 200
2390 85 193
2391 85 192
2392 85 191
2393 95 188
2394 87 206
2395 97 199
2396 98 200
2397 87 197
2398 82 190
2399 100 196
2400 82 202
2401 96 191
2402 87 193
2403 82 205
2404 86 200
2405 83 200
2406 82 196
2407 85 196
2408 81 199
2409 87 198
2410 93 191
2411 8 107
2412 6 106
2413 6 115
2414 1 111
2415 11 108
2416 9 102
2417 10 103
2418 2 115
2419 6 102
2420 5 106
2421 11 109
2422 7 113
2423 9 102
2424 0 111
2425 10 109
2426 5 104
2427 0 113
2428 3 103
2429 6 108
2430 1 106
2431 5 115
2432 5 107
2433 4 112
2434 10 113
2435 0 115
2436 8 102
2437 10 111
2438 5 104
2439 0 115
2440 187 50
2441 177 52
2442 172 47
2443 187 46
2444 175 53
2445 187 63
2446 180 50
2447 185 52
2448 176 52
2449 175 50
2450 183 47
2451 181 55
2452 184 46
2453 172 54
2454 173 60
2455 183 59
2456 186 48
2457 177 53
2458 172 61
2459 182 63
2460 187 48
2461 181 63
2462 175 63
2463 178 56
2464 180 63
2465 173 63
2466 183 61
2467 177 47
2468 185 53
2469 174 63
2470 208 44
2471 210 42
2472 221 32
2473 210 38
2474 211 31
2475 210 37
2476 215 40
2477 209 39
2478 209 44
2479 213 31
2480 220 42
2481 207 36
2482 209 34
2483 218 36
2484 215 44
2485 221 42
2486 217 31
2487 222 41
2488 213 33
2489 207 36
2490 216 34
2491 223 30
2492 215 35
2493 217 36
2494 210 41
2495 210 45
2496 211 44
2497 213 31
2498 210 41
2499 222 30
2500 2 149
2501 8 147
2502 1 146
2503 3 145
2504 4 136
2505 11 152
2506 2 148
2507 9 151
2508 2 143
2509 7 141
2510 10 147
2511 7 150
2512 11 142
2513 2 139
2514 7 151
2515 5 149
2516 11 142
2517 5 140
2518 7 142
2519 5 145
2520 7 147
2521 9 146
2522 8 147
2523 2 137
2524 7 147
2525 0 149
2526 2 142
2527 4 141
2528 2 140
2529 9 142
2530 112 121
2531 115 123
2532 111 124
2533 108 130
2534 102 122
2535 114 123
2536 103 131
2537 108 131
2538 116 125
2539 102 119
2540 108 118
2541 110 119
2542 106 118
2543 107 126
2544 109 132
2545 116 122
2546 105 131
2547 113 127
2548 108 131
2549 103 121
2550 101 125
2551 115 117
2552 114 125
2553 116 133
2554 113 126
2555 101 124
2556 106 122
2557 110 121
2558 114 119
2559 111 120
2560 182 87
2561 174 84
2562 183 99
2563 176 100
2564 178 98
2565 182 83
2566 180 92
2567 173 86
2568 172 87
2569 183 96
2570 182 89
2571 172 94
2572 181 83
2573 180 94
2574 177 82
2575 187 94
2576 177 94
2577 183 85
2578 183 85
2579 186 98
2580 173 86
2581 185 82
2582 182 90
2583 181 88
2584 178 85
2585 183 87
2586 180 94
2587 176 99
2588 176 89
2589 179 82
2590 67 95
2591 66 84
2592 71 83
2593 73 100
2594 68 99
2595 70 84
2596 79 82
2597 72 90
2598 69 95
2599 72 100
2600 65 97
2601 73 97
2602 79 90
2603 74 87
2604 65 90
2605 72 90
2606 72 93
2607 76 89
2608 77 84
2609 76 83
2610 74 84
2611 78 97
2612 72 82
2613 75 98
2614 78 81
2615 77 100
2616 65 87
2617 73 81
2618 66 90
2619 79 83
2620 217 222
2621 216 220
2622 224 223
2623 212 218
2624 211 212
2625 215 211
2626 220 209
2627 215 211
2628 216 222
2629 210 208
2630 225 219
2631 220 214
2632 216 209
2633 216 213
2634 222 214
2635 224 219
2636 214 225
2637 223 210
2638 223 221
2639 221 224
2640 220 217
2641 215 210
2642 207 217
2643 220 211
2644 185 180
2645 184 172
2646 182 184
2647 185 184
2648 175 180
2649 187 172
2650 180 185
2651 175 187
2652 181 180
2653 184 176
2654 185 179
2655 180 172
2656 179 176
2657 181 187
2658 186 172
2659 175 185
2660 184 183
2661 187 180
2662 172 173
2663 178 172
2664 213 201
2665 212 198
2666 217 197
2667 214 193
2668 214 188
2669 218 196
2670 216 206
2671 209 195
2672 223 195
2673 223 206
2674 221 190
2675 214 203
2676 224 202
2677 214 190
2678 224 202
2679 222 203
2680 208 198
2681 216 205
2682 210 194
2683 215 190
2684 217 197
2685 223 205
2686 212 197
2687 212 193
2688 223 205
2689 207 196
2690 210 203
2691 219 191
2692 209 200
2693 212 192
2694 209 94
2695 212 83
2696 222 98
2697 223 97
2698 212 83
2699 220 88
2700 222 85
2701 223 92
2702 218 98
2703 212 83
2704 225 92
2705 210 89
2706 211 95
2707 210 86
2708 216 86
2709 218 82
2710 218 89
2711 225 93
2712 224 87
2713 214 99
2714 216 86
2715 210 99
2716 215 90
2717 209 83
2718 214 94
2719 221 94
2720 208 95
2721 207 87
2722 216 94
2723 218 95
2724 47 91
2725 54 95
2726 53 98
2727 53 95
2728 50 86
2729 52 89
2730 58 81
2731 54 98
2732 58 92
2733 56 85
2734 49 94
2735 49 86
2736 54 82
2737 61 97
2738 51 93
2739 47 84
2740 50 91
2741 60 97
2742 57 98
2743 54 83
2744 55 96
2745 50 96
2746 51 100
2747 48 88
2748 53 93
2749 55 83
2750 51 92
2751 63 91
2752 58 94
2753 61 81
2754 44 9
2755 37 7
2756 31 11
2757 38 4
2758 30 2
2759 34 8
2760 31 8
2761 34 7
2762 45 5
2763 37 10
2764 45 0
2765 30 6
2766 44 5
2767 34 0
2768 45 0
2769 40 6
2770 41 2
2771 31 5
2772 45 5
2773 45 6
2774 42 7
2775 42 10
2776 44 0
2777 41 3
2778 40 1
2779 42 4
2780 36 2
2781 32 2
2782 40 6
2783 37 5
2784 161 182
2785 170 182
2786 159 186
2787 162 179
2788 162 172
2789 167 179
2790 164 176
2791 167 176
2792 159 173
2793 160 175
2794 155 174
2795 167 184
2796 165 173
2797 159 182
2798 165 177
2799 159 185
2800 168 184
2801 158 182
2802 157 177
2803 170 172
2804 156 177
2805 169 172
2806 166 178
2807 171 178
2808 165 177
2809 155 179
2810 164 179
2811 171 179
2812 162 185
2813 169 187
2814 45 190
2815 38 202
2816 33 201
2817 37 193
2818 39 190
2819 44 199
2820 33 192
2821 31 203
2822 39 202
2823 34 203
2824 38 197
2825 40 195
2826 32 196
2827 42 200
2828 41 188
2829 33 193
2830 38 206
2831 36 195
2832 43 204
2833 45 205
2834 38 202
2835 34 200
2836 31 196
2837 33 192
2838 41 202
2839 35 197
2840 44 191
2841 34 194
2842 31 197
2843 32 201
2844 37 183
2845 33 172
2846 35 185
2847 45 183
2848 30 182
2849 37 180
2850 44 185
2851 39 183
2852 38 184
2853 32 177
2854 37 183
2855 37 181
2856 33 173
2857 42 182
2858 43 181
2859 38 175
2860 42 181
2861 31 187
2862 44 172
2863 33 177
2864 45 187
2865 35 181
2866 44 179
2867 30 172
2868 36 182
2869 45 179
2870 44 180
2871 32 178
2872 37 178
2873 36 178
