224 240 10 2915
0 9
1 7
2 5
3 6
4 8
5 6
6 11
7 8
8 7
9 5
10 5
11 7
12 4
13 3
14 5
15 3
16 3
17 4
18 3
19 3
20 4
21 3
22 3
23 3
24 4
25 3
26 5
27 3
28 3
29 3
30 3
31 3
32 3
33 3
34 4
35 4
36 3
37 3
38 4
39 3
40 3
41 4
42 3
43 3
44 3
45 3
46 4
47 5
48 3
49 3
50 3
51 3
52 3
53 3
54 3
55 4
56 3
57 3
58 3
59 3
60 5
61 4
62 5
63 3
64 3
65 3
66 3
67 4
68 3
69 3
70 3
71 3
72 3
73 3
74 3
75 3
76 3
77 4
78 5
79 3
80 5
81 3
82 5
83 6
84 3
85 3
86 5
87 3
88 3
89 3
90 3
91 3
92 3
93 4
94 5
95 3
96 3
97 3
98 3
99 3
100 3
101 3
102 4
103 3
104 3
105 3
106 5
107 3
108 3
109 3
110 5
111 3
112 3
113 3
114 4
115 3
116 3
117 4
118 3
119 3
120 3
121 4
122 3
123 4
124 3
125 3
126 4
127 4
128 3
129 4
130 4
131 3
132 4
133 3
134 3
135 3
136 3
137 3
138 3
139 3
140 3
141 5
142 3
143 3
144 4
145 3
146 5
147 3
148 3
149 3
150 3
151 3
152 3
153 3
154 3
155 4
156 3
157 3
158 3
159 5
160 4
161 3
162 3
163 3
164 5
165 3
166 3
167 3
168 4
169 4
170 3
171 5
172 3
173 3
174 3
175 4
176 4
177 3
178 4
179 3
180 3
181 3
182 3
183 3
184 3
185 3
186 3
187 4
188 3
189 3
190 5
191 3
192 3
193 3
194 4
195 3
196 3
197 3
198 3
199 5
200 4
201 3
202 3
203 3
204 3
205 4
206 3
207 5
208 3
209 3
210 3
211 3
212 4
213 3
214 5
215 3
216 4
217 3
218 3
219 3
220 3
221 5
222 3
223 6
0 0 2
1 0 3
2 0 5
3 0 6
4 0 7
5 0 11
6 0 169
7 1 4
8 1 6
9 1 8
10 1 45
11 1 99
12 2 4
13 2 7
14 2 8
15 2 11
16 3 8
17 3 9
18 3 10
19 4 5
20 4 9
21 4 10
22 4 11
23 4 154
24 4 187
25 5 6
26 5 9
27 5 64
28 6 7
29 6 8
30 6 9
31 6 11
32 6 12
33 6 134
34 7 11
35 7 118
36 7 207
37 8 83
38 9 11
39 10 30
40 12 24
41 13 15
42 14 21
43 14 23
44 14 19
45 15 18
46 16 26
47 17 19
48 17 24
49 17 25
50 18 23
51 20 26
52 20 29
53 22 25
54 22 26
55 24 28
56 27 29
57 30 34
58 31 40
59 31 38
60 32 38
61 33 41
62 34 37
63 34 44
64 35 36
65 35 37
66 37 41
67 38 42
68 39 43
69 39 40
70 42 44
71 45 55
72 46 53
73 46 47
74 47 48
75 47 52
76 47 60
77 49 59
78 50 51
79 50 62
80 51 59
81 54 55
82 54 60
83 55 57
84 55 62
85 56 60
86 56 63
87 58 61
88 61 62
89 64 70
90 65 78
91 66 78
92 67 68
93 67 72
94 68 78
95 69 75
96 69 77
97 70 74
98 71 76
99 71 82
100 72 80
101 73 78
102 74 82
103 77 80
104 77 82
105 79 82
106 80 81
107 83 89
108 83 86
109 83 88
110 84 94
111 84 97
112 84 91
113 85 94
114 86 96
115 86 91
116 87 93
117 88 90
118 90 98
119 91 92
120 93 94
121 94 95
122 99 117
123 100 101
124 100 104
125 100 107
126 102 110
127 102 115
128 103 105
129 104 109
130 105 106
131 106 115
132 106 117
133 107 114
134 108 111
135 108 110
136 110 113
137 110 114
138 112 117
139 116 117
140 118 128
141 119 121
142 119 120
143 120 133
144 121 126
145 122 124
146 123 131
147 123 129
148 124 132
149 125 132
150 125 129
151 126 130
152 127 128
153 127 129
154 129 130
155 134 152
156 135 141
157 135 148
158 136 144
159 136 153
160 137 147
161 137 146
162 138 149
163 138 144
164 139 146
165 140 148
166 140 149
167 141 145
168 141 150
169 142 146
170 142 145
171 143 144
172 150 151
173 152 153
174 154 155
175 155 159
176 156 164
177 157 159
178 158 163
179 158 168
180 159 164
181 160 165
182 160 168
183 161 162
184 161 168
185 164 166
186 164 165
187 166 167
188 169 175
189 170 178
190 171 179
191 171 176
192 171 186
193 172 178
194 173 184
195 173 182
196 174 185
197 174 184
198 175 176
199 176 183
200 177 178
201 178 179
202 180 182
203 180 183
204 181 184
205 187 200
206 188 190
207 188 196
208 189 204
209 190 200
210 190 192
211 191 194
212 192 204
213 193 199
214 194 198
215 195 196
216 195 198
217 197 205
218 198 199
219 199 205
220 201 203
221 201 205
222 201 206
223 202 205
224 207 221
225 207 214
226 208 215
227 208 212
228 208 223
229 209 218
230 210 214
231 211 220
232 211 221
233 212 214
234 213 223
235 216 222
236 216 219
237 217 223
238 218 223
239 219 221
0 125 122
1 131 130
2 130 133
3 133 128
4 122 127
5 132 131
6 118 124
7 132 123
8 125 128
9 131 125
10 124 120
11 121 129
12 132 123
13 131 118
14 121 125
15 133 126
16 126 127
17 131 119
18 124 126
19 168 164
20 157 160
21 159 160
22 156 162
23 162 165
24 154 162
25 154 162
26 168 155
27 163 166
28 167 165
29 155 158
30 165 163
31 158 159
32 160 156
33 154 156
34 163 164
35 159 162
36 156 155
37 162 163
38 157 167
39 159 167
40 125 116
41 119 110
42 120 106
43 126 115
44 127 107
45 131 112
46 126 109
47 125 112
48 128 100
49 130 102
50 122 99
51 130 109
52 118 117
53 132 100
54 125 106
55 132 111
56 126 115
57 119 113
58 132 113
59 133 114
60 133 105
61 130 100
62 133 117
63 122 109
64 133 111
65 133 107
66 128 100
67 124 105
68 126 106
69 124 114
70 185 46
71 170 53
72 177 45
73 172 54
74 169 56
75 178 53
76 178 55
77 174 54
78 175 55
79 180 46
80 170 58
81 182 51
82 180 60
83 177 54
84 181 63
85 182 58
86 169 46
87 171 60
88 181 50
89 179 54
90 174 46
91 186 48
92 171 52
93 175 57
94 184 56
95 169 51
96 175 62
97 175 48
98 180 45
99 179 50
100 185 153
101 186 149
102 184 146
103 177 148
104 171 153
105 177 140
106 177 135
107 186 135
108 169 146
109 180 150
110 178 152
111 175 138
112 175 138
113 169 148
114 184 147
115 186 136
116 176 138
117 176 142
118 173 147
119 171 149
120 183 144
121 185 134
122 183 151
123 178 153
124 175 138
125 185 151
126 176 145
127 186 147
128 182 141
129 179 150
130 61 71
131 59 80
132 48 67
133 45 74
134 57 82
135 58 80
136 48 71
137 48 65
138 62 72
139 47 81
140 46 69
141 56 79
142 50 65
143 48 69
144 60 68
145 53 73
146 60 68
147 55 73
148 51 65
149 46 67
150 63 69
151 61 69
152 46 77
153 47 76
154 54 76
155 51 68
156 63 77
157 53 80
158 52 67
159 55 72
160 194 2
161 192 0
162 199 8
163 203 10
164 191 0
165 197 11
166 189 7
167 196 10
168 201 11
169 192 1
170 193 6
171 189 1
172 206 1
173 193 2
174 204 8
175 196 5
176 199 11
177 202 2
178 196 7
179 199 6
180 190 11
181 206 7
182 205 8
183 189 6
184 193 7
185 193 4
186 190 1
187 193 2
188 187 7
189 92 42
190 89 30
191 90 34
192 94 39
193 86 31
194 95 34
195 84 40
196 88 36
197 92 35
198 89 40
199 83 44
200 88 33
201 83 30
202 94 32
203 96 35
204 97 41
205 83 35
206 98 41
207 86 40
208 87 41
209 97 34
210 83 33
211 89 33
212 83 38
213 92 36
214 98 33
215 93 39
216 92 41
217 84 32
218 83 37
219 198 120
220 188 133
221 199 124
222 193 129
223 205 122
224 206 128
225 191 119
226 188 126
227 198 133
228 201 133
229 191 130
230 192 127
231 204 121
232 187 121
233 199 124
234 201 125
235 189 120
236 188 129
237 193 122
238 189 126
239 200 125
240 198 132
241 194 128
242 187 124
243 203 121
244 205 131
245 195 122
246 193 131
247 204 132
248 200 124
249 214 20
250 209 19
251 217 17
252 215 29
253 217 28
254 222 16
255 218 21
256 222 20
257 208 24
258 222 19
259 217 23
260 218 27
261 216 21
262 212 20
263 221 24
264 209 25
265 220 14
266 211 22
267 210 28
268 211 14
269 215 27
270 216 19
271 217 27
272 219 25
273 213 12
274 209 19
275 220 25
276 216 14
277 219 26
278 214 15
279 112 104
280 115 108
281 107 115
282 103 113
283 103 99
284 103 99
285 99 100
286 112 102
287 100 112
288 103 111
289 114 105
290 103 112
291 102 99
292 99 111
293 116 104
294 102 117
295 99 100
296 103 117
297 99 111
298 102 104
299 147 55
300 143 49
301 152 56
302 151 61
303 137 46
304 147 62
305 147 51
306 139 52
307 143 61
308 148 47
309 144 50
310 151 53
311 152 63
312 137 63
313 153 47
314 134 45
315 144 51
316 136 47
317 143 52
318 139 52
319 139 57
320 147 60
321 151 58
322 136 58
323 137 45
324 141 47
325 147 56
326 150 53
327 152 58
328 136 60
329 154 51
330 168 46
331 157 60
332 154 53
333 154 49
334 157 49
335 163 61
336 161 52
337 164 58
338 161 47
339 168 50
340 159 47
341 165 50
342 160 57
343 160 61
344 161 54
345 160 60
346 168 63
347 163 58
348 157 51
349 165 59
350 157 56
351 160 52
352 161 62
353 164 62
354 160 51
355 156 55
356 154 56
357 158 48
358 166 53
359 129 51
360 122 62
361 125 49
362 121 50
363 129 53
364 125 55
365 125 50
366 119 55
367 118 48
368 130 48
369 126 45
370 128 59
371 123 47
372 131 52
373 118 49
374 128 61
375 119 48
376 124 47
377 125 56
378 119 56
379 131 62
380 127 48
381 123 47
382 125 61
383 119 59
384 126 47
385 131 50
386 118 48
387 118 55
388 133 60
389 169 161
390 186 163
391 171 161
392 185 162
393 184 154
394 183 159
395 178 157
396 172 166
397 174 167
398 177 154
399 183 168
400 172 168
401 173 161
402 179 154
403 175 156
404 174 154
405 177 160
406 173 162
407 175 155
408 176 167
409 177 167
410 176 156
411 173 161
412 184 161
413 185 158
414 177 157
415 181 163
416 177 156
417 177 165
418 180 160
419 124 8
420 127 4
421 122 2
422 124 1
423 125 6
424 119 0
425 118 1
426 126 4
427 125 0
428 127 5
429 128 2
430 130 7
431 122 11
432 131 3
433 124 11
434 124 7
435 123 1
436 118 4
437 131 3
438 122 11
439 124 3
440 125 0
441 133 6
442 132 11
443 120 6
444 129 2
445 120 4
446 129 2
447 129 6
448 134 96
449 137 93
450 144 87
451 144 96
452 148 92
453 135 94
454 134 83
455 139 84
456 148 95
457 144 96
458 136 93
459 148 83
460 152 92
461 145 95
462 145 87
463 146 95
464 140 93
465 140 85
466 153 93
467 150 93
468 139 92
469 136 93
470 152 87
471 142 85
472 142 96
473 148 87
474 151 96
475 148 98
476 136 97
477 140 94
478 219 118
479 220 132
480 213 129
481 221 120
482 221 133
483 215 130
484 209 121
485 221 128
486 220 125
487 208 121
488 218 132
489 220 120
490 221 122
491 217 125
492 208 128
493 220 130
494 208 118
495 215 118
496 207 125
497 211 123
498 215 121
499 223 122
500 221 123
501 213 129
502 215 121
503 220 125
504 207 127
505 212 119
506 217 133
507 212 133
508 45 2
509 46 4
510 55 11
511 49 3
512 45 7
513 47 2
514 60 0
515 54 6
516 45 2
517 54 8
518 48 2
519 57 0
520 59 6
521 62 10
522 63 7
523 54 4
524 57 9
525 48 2
526 58 4
527 47 6
528 59 5
529 61 0
530 61 10
531 57 10
532 63 11
533 54 6
534 50 0
535 45 11
536 58 1
537 162 80
538 159 72
539 167 64
540 154 67
541 156 79
542 167 79
543 164 74
544 164 66
545 158 74
546 168 71
547 157 68
548 162 66
549 165 79
550 165 76
551 157 82
552 168 65
553 158 73
554 156 77
555 168 79
556 159 70
557 155 68
558 161 64
559 158 72
560 161 80
561 162 77
562 158 73
563 166 80
564 161 64
565 167 65
566 167 69
567 96 129
568 95 122
569 95 119
570 89 120
571 98 129
572 83 121
573 84 133
574 83 132
575 84 125
576 88 127
577 98 118
578 86 132
579 83 129
580 91 125
581 97 122
582 98 128
583 83 132
584 94 131
585 98 119
586 84 133
587 89 128
588 91 122
589 91 121
590 93 132
591 90 129
592 90 121
593 94 120
594 90 124
595 88 130
596 98 119
597 171 96
598 178 85
599 186 95
600 170 83
601 185 97
602 171 87
603 172 98
604 178 90
605 181 88
606 185 91
607 183 98
608 182 87
609 184 97
610 183 94
611 181 84
612 179 95
613 181 92
614 179 83
615 179 85
616 171 94
617 169 88
618 173 97
619 176 86
620 176 96
621 180 95
622 169 90
623 177 90
624 185 97
625 180 91
626 178 92
627 60 156
628 45 165
629 47 154
630 63 159
631 51 154
632 61 165
633 51 168
634 45 168
635 60 154
636 47 160
637 63 164
638 50 157
639 54 158
640 54 167
641 62 164
642 49 166
643 61 164
644 62 162
645 53 161
646 54 166
647 61 161
648 56 160
649 57 157
650 58 159
651 53 164
652 45 160
653 59 163
654 63 155
655 62 156
656 58 156
657 61 107
658 51 115
659 54 115
660 52 116
661 58 102
662 48 108
663 47 107
664 52 104
665 58 111
666 54 114
667 53 112
668 53 109
669 46 116
670 59 107
671 56 104
672 61 100
673 58 109
674 61 102
675 59 100
676 58 109
677 52 102
678 55 116
679 46 103
680 51 114
681 51 99
682 54 109
683 52 108
684 56 109
685 47 109
686 63 100
687 49 75
688 56 69
689 53 71
690 61 75
691 53 70
692 59 66
693 53 64
694 58 66
695 63 77
696 60 71
697 51 77
698 50 77
699 57 82
700 61 72
701 51 78
702 57 82
703 52 76
704 58 82
705 47 72
706 50 75
707 48 72
708 53 75
709 61 68
710 60 77
711 49 73
712 51 70
713 45 69
714 45 65
715 48 74
716 62 70
717 141 178
718 139 183
719 136 173
720 144 180
721 144 178
722 153 175
723 147 179
724 139 184
725 150 178
726 141 174
727 143 185
728 144 180
729 134 184
730 143 186
731 141 172
732 150 180
733 143 170
734 138 182
735 142 170
736 140 185
737 143 178
738 140 170
739 150 177
740 150 180
741 147 173
742 145 184
743 152 181
744 153 181
745 144 173
746 153 180
747 10 6
748 7 10
749 114 78
750 109 72
751 110 78
752 102 69
753 107 80
754 99 73
755 110 81
756 116 73
757 107 65
758 106 74
759 100 74
760 115 70
761 114 78
762 109 78
763 114 74
764 109 76
765 99 77
766 104 64
767 112 78
768 111 82
769 113 64
770 102 66
771 117 81
772 105 75
773 102 82
774 106 67
775 99 65
776 114 74
777 103 79
778 107 68
779 139 107
780 151 106
781 144 100
782 152 105
783 146 99
784 138 108
785 138 104
786 144 113
787 152 99
788 147 103
789 149 112
790 148 116
791 144 112
792 148 111
793 135 109
794 145 107
795 138 100
796 138 102
797 136 99
798 143 102
799 153 108
800 148 115
801 149 99
802 146 107
803 145 103
804 136 110
805 140 106
806 134 116
807 135 104
808 152 114
809 44 212
810 42 220
811 34 217
812 44 215
813 30 213
814 39 208
815 31 215
816 31 217
817 38 221
818 38 212
819 32 209
820 33 221
821 32 213
822 37 219
823 39 222
824 38 222
825 35 216
826 30 215
827 42 212
828 43 211
829 34 223
830 44 213
831 31 212
832 34 219
833 43 213
834 34 210
835 39 218
836 39 219
837 44 217
838 32 213
839 143 68
840 153 70
841 147 73
842 140 69
843 146 81
844 136 73
845 134 70
846 147 66
847 153 72
848 137 70
849 137 71
850 134 73
851 147 65
852 139 81
853 152 71
854 150 68
855 134 69
856 138 67
857 150 79
858 136 73
859 145 77
860 134 73
861 138 79
862 145 65
863 148 80
864 135 66
865 153 80
866 138 64
867 135 67
868 142 66
869 186 164
870 175 163
871 185 166
872 170 155
873 182 156
874 170 156
875 183 165
876 186 164
877 176 157
878 179 168
879 181 159
880 169 166
881 178 166
882 179 160
883 186 162
884 175 159
885 183 166
886 176 156
887 179 163
888 176 156
889 184 162
890 177 161
891 175 161
892 177 163
893 174 159
894 171 158
895 171 162
896 179 163
897 172 154
898 180 155
899 167 197
900 166 199
901 154 205
902 158 205
903 159 193
904 159 201
905 164 200
906 160 198
907 160 187
908 159 192
909 158 199
910 156 193
911 166 189
912 157 193
913 163 189
914 154 194
915 168 197
916 159 199
917 168 200
918 163 191
919 158 195
920 160 203
921 166 205
922 168 196
923 154 200
924 154 189
925 167 205
926 156 197
927 161 187
928 158 193
929 133 0
930 119 2
931 129 11
932 125 10
933 128 11
934 122 5
935 133 2
936 124 4
937 128 0
938 119 4
939 128 1
940 127 9
941 128 6
942 122 7
943 129 10
944 120 3
945 120 10
946 128 8
947 123 10
948 119 2
949 127 2
950 121 9
951 127 8
952 125 6
953 129 5
954 132 1
955 131 9
956 127 4
957 122 89
958 127 85
959 131 97
960 132 98
961 121 92
962 119 84
963 122 83
964 122 86
965 125 88
966 124 98
967 118 89
968 125 97
969 127 87
970 132 87
971 122 95
972 129 94
973 120 83
974 127 83
975 119 93
976 131 84
977 120 93
978 128 89
979 133 86
980 129 85
981 124 90
982 122 90
983 120 89
984 127 83
985 127 89
986 121 85
987 20 98
988 26 84
989 25 87
990 28 92
991 13 83
992 21 87
993 17 84
994 21 88
995 20 93
996 24 94
997 13 84
998 27 84
999 15 85
1000 28 84
1001 19 86
1002 14 88
1003 13 84
1004 18 96
1005 21 88
1006 23 98
1007 13 88
1008 18 98
1009 24 89
1010 16 98
1011 15 94
1012 28 83
1013 29 94
1014 20 97
1015 28 89
1016 27 88
1017 40 150
1018 43 140
1019 44 140
1020 42 149
1021 40 136
1022 42 135
1023 37 144
1024 44 152
1025 42 139
1026 32 152
1027 32 144
1028 44 153
1029 37 135
1030 32 152
1031 40 150
1032 36 149
1033 30 142
1034 31 145
1035 34 137
1036 41 138
1037 38 143
1038 35 151
1039 38 138
1040 44 143
1041 43 144
1042 34 151
1043 32 135
1044 34 135
1045 36 153
1046 36 135
1047 200 141
1048 189 134
1049 196 135
1050 204 148
1051 203 147
1052 190 147
1053 201 138
1054 189 143
1055 190 146
1056 192 146
1057 202 140
1058 206 137
1059 202 135
1060 192 147
1061 195 140
1062 195 148
1063 194 136
1064 201 144
1065 204 139
1066 205 137
1067 197 142
1068 199 134
1069 195 139
1070 191 140
1071 198 145
1072 187 153
1073 199 138
1074 206 140
1075 189 149
1076 190 150
1077 210 9
1078 215 10
1079 213 3
1080 212 1
1081 217 3
1082 218 1
1083 210 8
1084 215 5
1085 213 5
1086 223 6
1087 222 9
1088 215 2
1089 209 10
1090 208 4
1091 214 0
1092 214 3
1093 213 5
1094 207 5
1095 212 5
1096 211 0
1097 213 11
1098 214 10
1099 209 3
1100 221 8
1101 210 6
1102 213 9
1103 211 8
1104 222 3
1105 102 156
1106 102 168
1107 108 163
1108 103 160
1109 104 168
1110 115 155
1111 107 154
1112 113 163
1113 111 164
1114 113 155
1115 108 156
1116 105 157
1117 99 154
1118 117 155
1119 109 167
1120 101 164
1121 100 161
1122 114 156
1123 110 160
1124 117 165
1125 111 159
1126 109 163
1127 116 157
1128 109 161
1129 110 167
1130 115 166
1131 99 158
1132 101 154
1133 103 155
1134 115 157
1135 93 99
1136 95 107
1137 94 113
1138 95 100
1139 91 113
1140 96 100
1141 95 101
1142 89 114
1143 88 114
1144 91 115
1145 98 101
1146 93 112
1147 85 113
1148 87 102
1149 95 112
1150 84 111
1151 85 108
1152 89 112
1153 96 111
1154 98 108
1155 98 111
1156 84 115
1157 87 101
1158 89 117
1159 83 110
1160 93 117
1161 83 111
1162 95 105
1163 88 105
1164 90 112
1165 118 21
1166 129 27
1167 128 26
1168 125 24
1169 123 26
1170 122 19
1171 121 23
1172 131 18
1173 119 14
1174 126 22
1175 129 25
1176 122 16
1177 126 24
1178 129 20
1179 130 23
1180 119 26
1181 122 20
1182 125 26
1183 127 15
1184 126 12
1185 124 26
1186 130 29
1187 129 25
1188 129 29
1189 118 12
1190 124 28
1191 125 14
1192 129 19
1193 129 26
1194 129 19
1195 97 118
1196 85 131
1197 91 118
1198 97 128
1199 90 118
1200 86 133
1201 89 132
1202 91 126
1203 89 124
1204 86 130
1205 92 127
1206 87 133
1207 93 118
1208 90 129
1209 90 127
1210 84 132
1211 88 127
1212 92 125
1213 91 128
1214 92 120
1215 85 133
1216 96 126
1217 91 129
1218 85 126
1219 89 131
1220 96 132
1221 88 123
1222 87 121
1223 90 122
1224 87 120
1225 77 98
1226 77 88
1227 81 88
1228 69 94
1229 72 94
1230 81 88
1231 68 91
1232 81 94
1233 80 84
1234 73 90
1235 80 90
1236 68 92
1237 79 91
1238 73 85
1239 80 90
1240 78 83
1241 65 90
1242 67 92
1243 70 98
1244 72 95
1245 72 97
1246 65 89
1247 67 93
1248 74 88
1249 77 93
1250 76 91
1251 82 91
1252 71 85
1253 78 86
1254 81 87
1255 87 102
1256 85 111
1257 92 115
1258 86 100
1259 90 113
1260 96 115
1261 86 106
1262 96 117
1263 83 110
1264 90 111
1265 91 111
1266 85 101
1267 97 105
1268 96 107
1269 83 115
1270 85 113
1271 87 108
1272 95 108
1273 85 105
1274 84 107
1275 84 114
1276 84 108
1277 88 109
1278 89 108
1279 86 106
1280 90 111
1281 84 108
1282 93 104
1283 90 99
1284 90 113
1285 221 57
1286 215 52
1287 215 52
1288 223 45
1289 217 59
1290 215 54
1291 216 58
1292 221 52
1293 210 57
1294 218 49
1295 212 50
1296 213 45
1297 223 63
1298 211 53
1299 222 54
1300 214 60
1301 219 45
1302 216 62
1303 215 46
1304 216 53
1305 209 58
1306 212 59
1307 211 55
1308 220 58
1309 216 47
1310 221 62
1311 219 62
1312 216 53
1313 209 47
1314 211 58
1315 62 35
1316 46 36
1317 63 33
1318 50 37
1319 53 34
1320 50 37
1321 51 34
1322 51 35
1323 52 35
1324 54 32
1325 47 37
1326 46 37
1327 49 42
1328 52 37
1329 53 40
1330 49 42
1331 51 35
1332 62 30
1333 61 39
1334 48 37
1335 62 40
1336 57 39
1337 62 44
1338 48 30
1339 61 32
1340 47 32
1341 53 40
1342 61 38
1343 53 37
1344 55 43
1345 125 96
1346 132 91
1347 128 96
1348 122 87
1349 124 84
1350 128 97
1351 133 90
1352 121 86
1353 129 90
1354 122 85
1355 121 86
1356 130 87
1357 130 89
1358 129 90
1359 121 93
1360 121 90
1361 127 93
1362 131 93
1363 122 90
1364 132 90
1365 126 97
1366 127 91
1367 133 94
1368 119 88
1369 127 88
1370 118 93
1371 127 96
1372 120 88
1373 126 97
1374 120 91
1375 92 191
1376 87 205
1377 98 195
1378 88 196
1379 96 192
1380 90 200
1381 95 188
1382 98 206
1383 96 191
1384 86 188
1385 92 203
1386 98 202
1387 88 205
1388 93 203
1389 88 189
1390 97 206
1391 89 190
1392 86 189
1393 86 193
1394 83 195
1395 95 205
1396 86 199
1397 88 203
1398 88 197
1399 86 202
1400 97 195
1401 85 187
1402 93 203
1403 91 187
1404 95 192
1405 68 84
1406 71 96
1407 73 94
1408 72 97
1409 78 94
1410 68 95
1411 66 91
1412 78 97
1413 64 83
1414 68 87
1415 74 83
1416 80 95
1417 69 95
1418 81 91
1419 82 93
1420 71 95
1421 81 83
1422 82 83
1423 82 85
1424 65 84
1425 80 93
1426 67 86
1427 73 91
1428 74 95
1429 70 95
1430 81 86
1431 70 85
1432 65 92
1433 76 93
1434 70 87
1435 124 152
1436 133 143
1437 123 136
1438 127 153
1439 128 135
1440 118 145
1441 131 150
1442 129 144
1443 129 145
1444 125 144
1445 129 148
1446 119 146
1447 122 135
1448 119 142
1449 120 151
1450 131 139
1451 118 150
1452 120 143
1453 125 140
1454 123 145
1455 131 147
1456 126 144
1457 120 149
1458 131 139
1459 124 135
1460 122 140
1461 131 138
1462 130 149
1463 132 147
1464 121 143
1465 139 185
1466 142 177
1467 148 174
1468 153 182
1469 139 174
1470 145 179
1471 137 176
1472 140 172
1473 137 170
1474 147 180
1475 147 178
1476 139 176
1477 150 182
1478 145 185
1479 150 176
1480 146 169
1481 148 174
1482 150 181
1483 134 186
1484 138 171
1485 142 178
1486 138 186
1487 144 185
1488 141 176
1489 135 185
1490 140 186
1491 153 177
1492 151 179
1493 142 170
1494 147 173
1495 133 132
1496 130 119
1497 130 119
1498 125 119
1499 131 126
1500 133 118
1501 118 120
1502 122 120
1503 120 118
1504 132 123
1505 119 128
1506 120 125
1507 131 124
1508 124 126
1509 124 119
1510 128 122
1511 118 131
1512 132 121
1513 80 100
1514 69 109
1515 67 111
1516 76 107
1517 75 113
1518 78 117
1519 80 105
1520 68 109
1521 69 105
1522 69 112
1523 73 102
1524 79 100
1525 78 107
1526 68 105
1527 76 108
1528 69 113
1529 72 109
1530 66 114
1531 68 115
1532 64 100
1533 64 110
1534 72 99
1535 74 102
1536 67 109
1537 76 113
1538 65 116
1539 67 104
1540 73 110
1541 78 106
1542 79 101
1543 175 6
1544 185 9
1545 180 11
1546 185 2
1547 178 11
1548 173 3
1549 179 8
1550 182 7
1551 173 5
1552 176 11
1553 178 0
1554 176 4
1555 186 11
1556 180 6
1557 176 3
1558 178 3
1559 175 11
1560 177 7
1561 185 11
1562 170 1
1563 178 4
1564 173 0
1565 179 9
1566 178 11
1567 176 9
1568 182 9
1569 170 5
1570 178 6
1571 99 160
1572 109 159
1573 102 168
1574 107 167
1575 105 161
1576 104 164
1577 106 160
1578 105 154
1579 116 165
1580 117 164
1581 105 165
1582 113 155
1583 104 154
1584 99 159
1585 102 163
1586 107 156
1587 115 155
1588 100 167
1589 112 158
1590 112 157
1591 102 156
1592 105 163
1593 100 159
1594 102 159
1595 114 162
1596 113 157
1597 100 158
1598 115 160
1599 102 154
1600 103 165
1601 34 118
1602 40 120
1603 34 120
1604 37 125
1605 44 124
1606 42 124
1607 36 122
1608 42 128
1609 40 126
1610 30 133
1611 40 124
1612 37 130
1613 31 128
1614 36 133
1615 39 119
1616 37 124
1617 32 119
1618 34 118
1619 42 133
1620 36 122
1621 43 130
1622 36 124
1623 42 122
1624 35 119
1625 31 124
1626 40 126
1627 43 124
1628 33 132
1629 31 133
1630 30 128
1631 213 92
1632 217 98
1633 207 97
1634 211 89
1635 218 85
1636 217 94
1637 213 84
1638 209 90
1639 211 83
1640 214 98
1641 215 90
1642 209 97
1643 212 84
1644 208 94
1645 216 95
1646 207 91
1647 217 93
1648 208 98
1649 220 84
1650 215 97
1651 222 96
1652 210 97
1653 212 86
1654 211 89
1655 218 94
1656 210 98
1657 219 90
1658 218 92
1659 214 95
1660 209 88
1661 51 142
1662 62 138
1663 55 140
1664 56 140
1665 46 140
1666 48 139
1667 58 153
1668 53 152
1669 53 143
1670 59 142
1671 61 139
1672 55 140
1673 56 137
1674 57 138
1675 50 147
1676 56 147
1677 48 145
1678 60 151
1679 53 146
1680 51 144
1681 55 148
1682 60 138
1683 46 150
1684 48 149
1685 55 141
1686 58 134
1687 53 138
1688 55 151
1689 46 143
1690 62 145
1691 147 96
1692 136 98
1693 141 94
1694 138 83
1695 149 86
1696 138 85
1697 137 96
1698 137 87
1699 134 83
1700 142 90
1701 136 93
1702 150 97
1703 147 92
1704 142 83
1705 146 91
1706 136 94
1707 138 84
1708 142 92
1709 140 83
1710 138 95
1711 139 94
1712 151 84
1713 142 95
1714 146 84
1715 144 91
1716 152 90
1717 142 92
1718 143 87
1719 135 83
1720 147 93
1721 82 156
1722 79 165
1723 65 157
1724 76 154
1725 79 158
1726 77 157
1727 74 156
1728 78 166
1729 71 161
1730 79 160
1731 68 158
1732 70 166
1733 68 154
1734 74 166
1735 78 154
1736 78 161
1737 76 167
1738 79 165
1739 70 157
1740 79 166
1741 64 160
1742 68 164
1743 72 156
1744 73 158
1745 69 166
1746 75 162
1747 71 161
1748 74 168
1749 66 154
1750 72 168
1751 215 86
1752 211 92
1753 220 95
1754 222 89
1755 207 97
1756 211 98
1757 212 88
1758 217 97
1759 218 90
1760 213 84
1761 212 96
1762 217 93
1763 210 95
1764 221 83
1765 207 85
1766 207 95
1767 217 85
1768 214 92
1769 223 91
1770 213 86
1771 209 86
1772 213 92
1773 223 97
1774 213 93
1775 220 86
1776 207 83
1777 209 86
1778 217 86
1779 216 93
1780 207 96
1781 5 42
1782 1 40
1783 4 38
1784 9 36
1785 10 39
1786 2 39
1787 6 44
1788 5 32
1789 0 39
1790 8 34
1791 2 42
1792 2 36
1793 4 40
1794 6 42
1795 2 43
1796 2 42
1797 9 35
1798 6 35
1799 0 33
1800 8 39
1801 3 37
1802 5 35
1803 8 36
1804 3 32
1805 7 33
1806 4 36
1807 3 44
1808 3 34
1809 7 32
1810 3 40
1811 77 105
1812 79 108
1813 74 113
1814 68 110
1815 66 103
1816 79 114
1817 78 110
1818 72 107
1819 69 104
1820 68 106
1821 66 117
1822 72 108
1823 82 110
1824 73 116
1825 67 114
1826 78 107
1827 82 110
1828 76 115
1829 65 109
1830 77 110
1831 65 110
1832 74 114
1833 74 103
1834 77 115
1835 74 113
1836 65 111
1837 81 111
1838 69 112
1839 73 103
1840 67 100
1841 161 31
1842 157 32
1843 162 43
1844 165 43
1845 154 42
1846 160 36
1847 159 40
1848 163 37
1849 164 31
1850 156 44
1851 156 32
1852 160 42
1853 156 30
1854 162 37
1855 156 41
1856 158 42
1857 161 40
1858 165 44
1859 158 43
1860 164 42
1861 163 38
1862 154 31
1863 165 33
1864 157 44
1865 161 37
1866 162 34
1867 156 37
1868 156 43
1869 164 30
1870 160 40
1871 46 165
1872 50 167
1873 55 157
1874 54 167
1875 45 158
1876 55 164
1877 48 164
1878 60 168
1879 58 167
1880 53 165
1881 46 166
1882 52 165
1883 58 156
1884 54 166
1885 53 164
1886 56 164
1887 59 167
1888 52 158
1889 50 154
1890 62 167
1891 46 165
1892 48 167
1893 58 163
1894 53 155
1895 63 155
1896 54 159
1897 53 164
1898 53 160
1899 57 162
1900 55 162
1901 183 38
1902 172 39
1903 169 37
1904 177 32
1905 177 36
1906 175 40
1907 178 43
1908 183 39
1909 181 41
1910 170 42
1911 176 34
1912 169 41
1913 172 41
1914 174 36
1915 179 42
1916 177 40
1917 170 38
1918 173 39
1919 179 31
1920 183 44
1921 180 40
1922 178 42
1923 174 41
1924 172 33
1925 182 36
1926 175 38
1927 179 30
1928 170 42
1929 185 37
1930 186 35
1931 165 72
1932 163 81
1933 158 75
1934 164 71
1935 165 77
1936 157 76
1937 163 64
1938 165 74
1939 163 82
1940 162 77
1941 162 76
1942 157 68
1943 160 66
1944 168 80
1945 157 71
1946 168 82
1947 155 68
1948 167 77
1949 167 73
1950 168 76
1951 155 67
1952 165 67
1953 163 65
1954 158 70
1955 157 64
1956 161 70
1957 164 72
1958 165 79
1959 163 73
1960 168 73
1961 44 111
1962 41 101
1963 36 101
1964 34 107
1965 44 115
1966 30 111
1967 39 110
1968 36 107
1969 42 103
1970 41 108
1971 38 116
1972 32 110
1973 44 102
1974 43 102
1975 39 117
1976 30 115
1977 31 108
1978 38 107
1979 44 107
1980 42 101
1981 43 104
1982 41 116
1983 33 115
1984 42 117
1985 32 99
1986 44 113
1987 39 105
1988 30 114
1989 38 107
1990 32 110
1991 142 33
1992 143 34
1993 146 32
1994 139 44
1995 145 42
1996 138 39
1997 145 43
1998 134 44
1999 147 43
2000 142 41
2001 147 31
2002 138 34
2003 140 31
2004 146 33
2005 136 38
2006 152 43
2007 138 35
2008 147 36
2009 134 33
2010 143 34
2011 142 31
2012 146 42
2013 153 37
2014 135 37
2015 135 31
2016 153 35
2017 152 44
2018 152 43
2019 152 36
2020 147 40
2021 146 53
2022 137 45
2023 145 55
2024 151 55
2025 136 52
2026 149 55
2027 148 58
2028 151 46
2029 143 57
2030 135 53
2031 140 48
2032 134 53
2033 148 55
2034 134 55
2035 153 47
2036 151 46
2037 143 63
2038 144 49
2039 144 56
2040 151 61
2041 140 48
2042 149 51
2043 153 49
2044 147 53
2045 137 57
2046 136 57
2047 136 59
2048 152 56
2049 150 53
2050 137 61
2051 83 60
2052 94 46
2053 96 60
2054 91 52
2055 98 47
2056 95 60
2057 98 63
2058 89 63
2059 93 46
2060 95 50
2061 84 53
2062 86 53
2063 86 58
2064 84 55
2065 95 60
2066 89 61
2067 94 45
2068 87 45
2069 85 62
2070 88 53
2071 91 53
2072 98 54
2073 98 47
2074 91 59
2075 93 46
2076 84 57
2077 97 60
2078 93 57
2079 92 45
2080 98 45
2081 20 168
2082 13 161
2083 22 167
2084 21 160
2085 27 155
2086 26 166
2087 24 159
2088 17 160
2089 23 162
2090 23 157
2091 28 157
2092 12 159
2093 28 167
2094 12 164
2095 17 168
2096 21 159
2097 17 168
2098 29 157
2099 22 165
2100 14 165
2101 24 162
2102 19 156
2103 15 168
2104 20 160
2105 25 159
2106 13 168
2107 22 156
2108 24 168
2109 22 158
2110 12 167
2111 153 6
2112 136 5
2113 145 7
2114 143 6
2115 135 7
2116 142 0
2117 136 2
2118 140 1
2119 152 5
2120 149 1
2121 137 0
2122 136 4
2123 138 5
2124 141 11
2125 135 10
2126 139 11
2127 137 7
2128 145 7
2129 142 2
2130 145 6
2131 141 0
2132 145 1
2133 147 4
2134 144 7
2135 144 2
2136 136 6
2137 148 5
2138 147 8
2139 148 9
2140 34 130
2141 44 122
2142 42 125
2143 32 130
2144 36 123
2145 43 129
2146 31 118
2147 36 123
2148 43 121
2149 42 122
2150 40 123
2151 43 126
2152 33 121
2153 37 130
2154 40 129
2155 38 118
2156 41 131
2157 30 123
2158 42 127
2159 35 123
2160 37 130
2161 31 133
2162 30 132
2163 38 125
2164 30 129
2165 42 120
2166 38 128
2167 41 124
2168 33 130
2169 30 126
2170 62 42
2171 59 38
2172 56 40
2173 51 37
2174 53 30
2175 56 32
2176 53 33
2177 54 43
2178 57 33
2179 48 31
2180 63 37
2181 53 30
2182 62 39
2183 48 41
2184 57 34
2185 61 44
2186 59 35
2187 60 32
2188 55 38
2189 59 37
2190 63 30
2191 47 44
2192 55 43
2193 62 33
2194 61 33
2195 55 39
2196 61 32
2197 63 38
2198 53 43
2199 58 34
2200 109 148
2201 105 147
2202 116 146
2203 107 143
2204 101 145
2205 106 153
2206 100 149
2207 106 153
2208 111 152
2209 105 134
2210 104 135
2211 100 150
2212 102 142
2213 101 138
2214 112 134
2215 112 136
2216 114 137
2217 107 134
2218 110 147
2219 113 141
2220 106 151
2221 109 151
2222 112 145
2223 117 147
2224 112 134
2225 99 147
2226 103 143
2227 103 139
2228 109 145
2229 110 153
2230 30 90
2231 44 88
2232 35 90
2233 39 98
2234 33 96
2235 43 98
2236 42 87
2237 30 91
2238 36 98
2239 33 94
2240 37 86
2241 41 95
2242 35 88
2243 34 98
2244 39 83
2245 44 89
2246 31 90
2247 41 90
2248 34 90
2249 37 87
2250 35 98
2251 35 98
2252 31 89
2253 37 88
2254 30 88
2255 30 84
2256 40 98
2257 30 96
2258 42 95
2259 38 88
2260 79 131
2261 80 126
2262 67 126
2263 69 130
2264 75 125
2265 81 118
2266 67 131
2267 76 132
2268 72 124
2269 73 124
2270 71 129
2271 78 127
2272 80 128
2273 67 121
2274 73 122
2275 64 119
2276 75 125
2277 78 121
2278 78 127
2279 76 123
2280 66 131
2281 67 133
2282 80 133
2283 82 122
2284 74 132
2285 72 131
2286 75 118
2287 80 125
2288 73 130
2289 74 124
2290 54 201
2291 60 203
2292 45 204
2293 49 205
2294 57 189
2295 45 205
2296 62 197
2297 57 193
2298 60 192
2299 56 194
2300 59 202
2301 51 200
2302 61 193
2303 61 188
2304 58 187
2305 61 202
2306 45 193
2307 54 193
2308 50 202
2309 54 189
2310 54 201
2311 50 198
2312 59 196
2313 56 189
2314 48 206
2315 57 196
2316 62 188
2317 55 191
2318 49 194
2319 50 199
2320 87 7
2321 84 10
2322 85 4
2323 88 9
2324 95 0
2325 92 8
2326 87 0
2327 84 1
2328 96 5
2329 95 4
2330 89 11
2331 84 5
2332 92 4
2333 92 0
2334 84 8
2335 95 2
2336 86 3
2337 88 1
2338 95 6
2339 90 9
2340 91 8
2341 93 5
2342 93 0
2343 90 1
2344 85 7
2345 84 3
2346 86 9
2347 93 2
2348 86 1
2349 65 83
2350 65 87
2351 81 83
2352 81 96
2353 70 87
2354 70 94
2355 68 84
2356 73 93
2357 71 93
2358 76 91
2359 66 91
2360 69 97
2361 64 88
2362 78 85
2363 81 86
2364 70 93
2365 82 92
2366 77 89
2367 64 90
2368 79 96
2369 82 98
2370 81 98
2371 77 83
2372 77 90
2373 82 97
2374 65 83
2375 74 98
2376 66 93
2377 64 90
2378 67 85
2379 185 47
2380 186 51
2381 178 54
2382 173 62
2383 175 46
2384 175 57
2385 183 56
2386 182 48
2387 185 62
2388 171 59
2389 176 60
2390 173 50
2391 185 45
2392 173 55
2393 183 47
2394 171 55
2395 174 49
2396 175 56
2397 186 54
2398 180 52
2399 177 47
2400 171 62
2401 170 61
2402 175 54
2403 183 56
2404 173 46
2405 175 57
2406 181 50
2407 180 50
2408 169 57
2409 1 192
2410 3 189
2411 8 199
2412 3 187
2413 4 193
2414 7 205
2415 11 201
2416 3 198
2417 1 190
2418 4 190
2419 10 194
2420 3 201
2421 10 196
2422 7 190
2423 11 196
2424 4 202
2425 9 199
2426 6 197
2427 2 196
2428 11 193
2429 6 193
2430 4 197
2431 2 188
2432 11 190
2433 9 198
2434 7 193
2435 2 205
2436 4 193
2437 11 196
2438 2 201
2439 91 154
2440 91 161
2441 92 164
2442 98 166
2443 90 154
2444 91 163
2445 97 159
2446 94 165
2447 94 162
2448 89 165
2449 85 168
2450 98 160
2451 86 168
2452 91 163
2453 84 164
2454 87 160
2455 98 163
2456 95 157
2457 92 163
2458 83 160
2459 90 163
2460 95 155
2461 90 159
2462 88 164
2463 84 163
2464 89 161
2465 92 161
2466 88 165
2467 94 165
2468 97 157
2469 5 157
2470 0 159
2471 0 155
2472 1 161
2473 1 163
2474 8 162
2475 0 160
2476 1 161
2477 1 155
2478 6 164
2479 0 157
2480 6 154
2481 2 156
2482 4 160
2483 1 165
2484 0 164
2485 11 164
2486 7 155
2487 7 168
2488 2 166
2489 0 163
2490 11 166
2491 8 160
2492 11 159
2493 5 161
2494 8 157
2495 11 163
2496 2 158
2497 0 167
2498 33 182
2499 35 172
2500 38 180
2501 34 183
2502 32 181
2503 44 172
2504 31 172
2505 31 185
2506 41 186
2507 41 175
2508 40 181
2509 32 185
2510 44 172
2511 32 181
2512 36 186
2513 44 175
2514 37 176
2515 42 179
2516 36 171
2517 30 173
2518 39 185
2519 36 180
2520 30 181
2521 34 172
2522 38 171
2523 32 177
2524 43 176
2525 31 186
2526 40 176
2527 41 174
2528 173 144
2529 177 148
2530 186 139
2531 170 136
2532 185 148
2533 175 140
2534 179 147
2535 172 141
2536 186 147
2537 181 144
2538 169 153
2539 179 134
2540 173 134
2541 184 139
2542 180 151
2543 185 140
2544 172 152
2545 176 140
2546 176 140
2547 170 151
2548 181 143
2549 177 137
2550 173 153
2551 185 140
2552 178 149
2553 186 141
2554 184 143
2555 175 148
2556 170 137
2557 183 139
2558 66 127
2559 71 129
2560 74 130
2561 71 131
2562 71 126
2563 81 128
2564 76 127
2565 77 128
2566 67 132
2567 65 125
2568 68 126
2569 73 128
2570 73 122
2571 66 119
2572 78 130
2573 70 132
2574 69 131
2575 68 132
2576 75 126
2577 75 123
2578 67 125
2579 82 124
2580 68 127
2581 69 130
2582 65 128
2583 64 119
2584 66 118
2585 67 127
2586 71 124
2587 74 118
2588 19 206
2589 23 205
2590 13 203
2591 19 205
2592 20 191
2593 15 204
2594 12 200
2595 14 200
2596 28 193
2597 17 191
2598 20 192
2599 17 201
2600 25 187
2601 28 197
2602 13 198
2603 12 205
2604 17 195
2605 28 196
2606 27 200
2607 12 195
2608 12 196
2609 16 203
2610 22 203
2611 13 203
2612 12 198
2613 14 206
2614 21 190
2615 15 195
2616 25 194
2617 20 196
2618 185 27
2619 186 29
2620 171 16
2621 175 21
2622 185 20
2623 174 18
2624 171 16
2625 185 14
2626 170 27
2627 180 13
2628 176 17
2629 174 20
2630 174 22
2631 180 27
2632 178 18
2633 177 23
2634 174 15
2635 175 23
2636 176 27
2637 173 23
2638 179 25
2639 178 15
2640 184 22
2641 182 28
2642 185 28
2643 178 29
2644 176 28
2645 173 29
2646 184 14
2647 178 19
2648 34 146
2649 34 144
2650 44 148
2651 36 143
2652 35 135
2653 41 147
2654 31 148
2655 38 141
2656 32 144
2657 41 153
2658 44 148
2659 34 136
2660 40 153
2661 37 150
2662 41 134
2663 35 149
2664 40 135
2665 34 148
2666 32 141
2667 39 149
2668 32 142
2669 44 153
2670 42 142
2671 30 145
2672 32 141
2673 42 138
2674 30 148
2675 32 141
2676 31 149
2677 37 144
2678 79 199
2679 82 204
2680 74 188
2681 65 202
2682 70 187
2683 80 198
2684 64 194
2685 70 194
2686 70 205
2687 76 205
2688 68 192
2689 81 189
2690 72 203
2691 82 191
2692 76 195
2693 79 198
2694 64 195
2695 81 190
2696 70 198
2697 70 200
2698 77 198
2699 70 195
2700 66 206
2701 74 201
2702 73 197
2703 82 193
2704 79 196
2705 77 195
2706 68 200
2707 76 200
2708 143 49
2709 135 57
2710 144 52
2711 144 48
2712 148 58
2713 150 61
2714 141 58
2715 137 58
2716 143 57
2717 144 49
2718 153 57
2719 144 50
2720 139 49
2721 144 49
2722 138 54
2723 148 53
2724 147 46
2725 136 59
2726 153 57
2727 142 54
2728 148 49
2729 144 60
2730 134 45
2731 150 49
2732 137 47
2733 134 58
2734 151 49
2735 135 54
2736 138 52
2737 145 45
2738 178 3
2739 186 8
2740 170 8
2741 181 8
2742 181 1
2743 174 0
2744 174 4
2745 181 9
2746 170 10
2747 181 2
2748 186 1
2749 178 8
2750 171 7
2751 176 1
2752 173 6
2753 183 2
2754 177 6
2755 185 9
2756 183 1
2757 181 0
2758 179 7
2759 170 9
2760 183 11
2761 173 2
2762 180 0
2763 182 0
2764 181 0
2765 171 7
2766 199 30
2767 204 41
2768 199 30
2769 205 43
2770 192 34
2771 194 39
2772 204 41
2773 205 36
2774 198 40
2775 189 39
2776 193 35
2777 203 33
2778 203 37
2779 189 32
2780 188 40
2781 191 40
2782 199 37
2783 193 32
2784 187 40
2785 197 41
2786 188 37
2787 196 34
2788 193 38
2789 195 40
2790 203 37
2791 191 33
2792 204 36
2793 204 44
2794 197 37
2795 197 30
2796 197 118
2797 197 130
2798 193 133
2799 196 122
2800 189 123
2801 201 125
2802 202 133
2803 196 129
2804 197 125
2805 190 118
2806 197 122
2807 206 124
2808 198 132
2809 199 122
2810 201 123
2811 206 126
2812 205 124
2813 202 124
2814 194 118
2815 197 124
2816 199 133
2817 202 131
2818 191 131
2819 205 125
2820 204 120
2821 201 124
2822 194 133
2823 198 130
2824 191 122
2825 203 120
2826 0 188
2827 10 197
2828 1 202
2829 8 195
2830 5 189
2831 4 201
2832 1 190
2833 4 201
2834 7 205
2835 3 203
2836 7 198
2837 1 191
2838 2 194
2839 4 193
2840 5 188
2841 4 190
2842 8 197
2843 5 206
2844 5 189
2845 2 192
2846 2 197
2847 5 199
2848 10 189
2849 8 198
2850 0 191
2851 6 200
2852 10 193
2853 9 188
2854 7 192
2855 147 9
2856 141 9
2857 143 2
2858 145 5
2859 141 10
2860 140 2
2861 135 3
2862 136 10
2863 150 10
2864 150 6
2865 145 3
2866 152 0
2867 136 3
2868 153 7
2869 138 7
2870 138 7
2871 138 9
2872 140 9
2873 143 2
2874 146 7
2875 142 2
2876 145 10
2877 141 8
2878 139 8
2879 137 0
2880 137 5
2881 149 11
2882 142 3
2883 142 8
2884 143 7
2885 126 79
2886 119 80
2887 121 70
2888 118 81
2889 127 79
2890 122 72
2891 132 81
2892 121 69
2893 132 79
2894 124 70
2895 124 82
2896 126 72
2897 132 74
2898 119 67
2899 132 76
2900 118 69
2901 128 68
2902 126 80
2903 118 65
2904 131 79
2905 126 66
2906 127 72
2907 128 73
2908 125 82
2909 121 65
2910 123 80
2911 120 65
2912 130 78
2913 130 82
2914 121 77
