225 240 10 2879
0 8
1 10
2 5
3 6
4 8
5 5
6 3
7 7
8 7
9 5
10 10
11 6
12 3
13 3
14 3
15 3
16 3
17 5
18 3
19 3
20 5
21 4
22 3
23 3
24 4
25 4
26 4
27 3
28 4
29 3
30 3
31 3
32 6
33 3
34 3
35 3
36 3
37 3
38 4
39 3
40 3
41 4
42 3
43 4
44 4
45 3
46 3
47 3
48 3
49 3
50 3
51 3
52 3
53 3
54 5
55 3
56 4
57 3
58 3
59 3
60 3
61 3
62 4
63 4
64 5
65 3
66 4
67 3
68 4
69 4
70 3
71 3
72 3
73 4
74 5
75 3
76 3
77 3
78 4
79 3
80 3
81 3
82 4
83 3
84 3
85 3
86 4
87 4
88 3
89 3
90 3
91 3
92 3
93 3
94 3
95 3
96 5
97 3
98 3
99 3
100 3
101 3
102 3
103 3
104 3
105 3
106 3
107 3
108 6
109 3
110 4
111 3
112 3
113 3
114 4
115 3
116 3
117 4
118 3
119 3
120 4
121 3
122 3
123 3
124 3
125 3
126 3
127 4
128 3
129 5
130 5
131 3
132 3
133 6
134 6
135 3
136 3
137 4
138 3
139 4
140 5
141 3
142 4
143 3
144 3
145 4
146 3
147 3
148 3
149 3
150 3
151 3
152 3
153 5
154 3
155 3
156 3
157 4
158 3
159 4
160 3
161 3
162 3
163 3
164 3
165 4
166 6
167 6
168 4
169 3
170 3
171 3
172 3
173 3
174 3
175 3
176 3
177 3
178 3
179 5
180 3
181 3
182 5
183 3
184 4
185 3
186 3
187 3
188 3
189 3
190 3
191 6
192 3
193 3
194 3
195 3
196 4
197 3
198 4
199 4
200 3
201 4
202 3
203 3
204 3
205 6
206 3
207 4
208 4
209 3
210 3
211 3
212 3
213 3
214 3
215 4
216 3
217 3
218 3
219 5
220 3
221 3
222 3
223 3
224 3
0 0 1
1 0 5
2 0 8
3 0 9
4 0 10
5 0 11
6 1 4
7 1 6
8 1 7
9 1 8
10 1 10
11 1 11
12 1 12
13 1 136
14 1 205
15 2 4
16 2 7
17 2 8
18 2 32
19 2 69
20 3 4
21 3 7
22 3 10
23 3 117
24 4 7
25 4 8
26 4 10
27 4 173
28 5 9
29 5 10
30 5 11
31 7 11
32 7 51
33 7 188
34 8 9
35 8 10
36 10 87
37 10 102
38 10 156
39 12 25
40 12 24
41 13 20
42 14 15
43 15 30
44 15 26
45 16 17
46 17 18
47 17 26
48 17 20
49 19 21
50 20 28
51 21 28
52 22 23
53 23 26
54 24 28
55 25 27
56 28 31
57 29 30
58 32 46
59 32 43
60 32 48
61 33 42
62 34 38
63 34 41
64 35 37
65 35 38
66 36 39
67 37 47
68 39 49
69 40 41
70 41 43
71 42 44
72 43 45
73 44 49
74 44 45
75 48 50
76 51 54
77 52 56
78 52 68
79 53 67
80 53 54
81 54 62
82 55 64
83 55 63
84 55 68
85 56 62
86 57 64
87 58 64
88 59 62
89 60 66
90 61 64
91 62 66
92 63 65
93 69 86
94 70 81
95 70 74
96 71 86
97 72 84
98 72 78
99 73 76
100 73 82
101 74 75
102 74 86
103 76 79
104 77 84
105 78 80
106 79 80
107 82 85
108 82 83
109 83 86
110 87 89
111 87 94
112 88 89
113 89 93
114 90 94
115 90 101
116 91 98
117 91 96
118 92 100
119 92 97
120 94 96
121 95 97
122 95 99
123 96 99
124 102 108
125 102 111
126 103 112
127 103 116
128 104 111
129 105 108
130 106 114
131 107 115
132 107 116
133 108 109
134 108 114
135 109 110
136 110 113
137 111 112
138 117 133
139 118 130
140 119 126
141 120 131
142 120 134
143 120 129
144 121 134
145 122 133
146 123 135
147 124 127
148 124 135
149 125 134
150 126 127
151 127 129
152 128 133
153 129 130
154 130 133
155 132 134
156 136 139
157 137 151
158 137 142
159 137 154
160 137 145
161 138 143
162 139 140
163 140 146
164 140 153
165 141 153
166 141 145
167 142 152
168 143 149
169 144 147
170 144 145
171 144 155
172 145 150
173 148 153
174 149 150
175 156 160
176 157 168
177 157 167
178 158 159
179 159 167
180 160 168
181 161 167
182 162 164
183 163 166
184 164 166
185 165 169
186 165 171
187 166 170
188 166 167
189 167 171
190 171 172
191 173 179
192 174 186
193 174 178
194 175 184
195 176 183
196 176 182
197 177 185
198 177 187
199 178 181
200 179 182
201 179 187
202 180 183
203 181 182
204 182 184
205 188 191
206 189 194
207 190 196
208 191 192
209 191 193
210 191 198
211 194 196
212 195 201
213 195 202
214 196 197
215 196 202
216 198 201
217 199 202
218 199 204
219 200 201
220 203 204
221 205 212
222 205 215
223 205 220
224 205 210
225 206 222
226 207 216
227 207 215
228 208 219
229 208 217
230 209 214
231 209 213
232 210 223
233 210 219
234 211 213
235 211 222
236 213 218
237 217 224
238 219 221
239 219 222
0 199 187
1 191 177
2 204 177
3 201 185
4 189 182
5 203 183
6 190 185
7 203 177
8 197 180
9 204 173
10 188 186
11 203 186
12 198 179
13 201 179
14 204 173
15 196 185
16 191 181
17 194 178
18 200 186
19 198 173
20 198 178
21 203 179
22 197 179
23 193 177
24 193 173
25 194 173
26 199 174
27 193 176
28 197 178
29 189 184
30 108 63
31 109 64
32 110 64
33 110 56
34 111 63
35 113 64
36 108 60
37 109 63
38 105 68
39 116 59
40 115 52
41 106 64
42 102 58
43 106 60
44 106 58
45 108 53
46 115 65
47 108 59
48 114 63
49 113 53
50 105 62
51 113 57
52 114 52
53 111 66
54 114 59
55 115 68
56 103 66
57 111 53
58 114 62
59 112 54
60 176 121
61 186 125
62 176 117
63 178 120
64 182 119
65 185 127
66 182 123
67 173 122
68 182 126
69 185 128
70 187 131
71 178 135
72 185 128
73 173 121
74 181 133
75 181 126
76 186 122
77 175 130
78 184 130
79 176 119
80 176 127
81 177 120
82 175 127
83 185 117
84 180 126
85 178 131
86 184 119
87 178 127
88 179 134
89 182 123
90 118 56
91 121 54
92 120 65
93 133 64
94 117 59
95 121 57
96 117 58
97 127 56
98 124 62
99 120 66
100 117 61
101 119 68
102 131 59
103 125 59
104 128 58
105 129 60
106 118 62
107 130 60
108 134 63
109 127 65
110 123 67
111 132 51
112 130 64
113 117 57
114 119 65
115 131 57
116 133 58
117 119 66
118 130 67
119 130 52
120 191 126
121 198 118
122 193 125
123 198 126
124 192 133
125 190 126
126 195 129
127 195 126
128 191 125
129 194 125
130 192 130
131 191 132
132 188 117
133 201 131
134 192 122
135 189 130
136 188 124
137 188 119
138 196 130
139 190 127
140 190 118
141 190 134
142 204 120
143 200 132
144 204 125
145 198 134
146 204 132
147 189 124
148 199 128
149 191 131
150 83 58
151 83 61
152 70 54
153 80 54
154 84 51
155 82 60
156 77 58
157 83 66
158 79 65
159 85 64
160 78 54
161 81 67
162 86 52
163 77 56
164 73 52
165 69 62
166 85 68
167 79 51
168 81 51
169 83 68
170 71 68
171 77 68
172 78 52
173 70 63
174 73 51
175 80 67
176 72 63
177 76 57
178 79 64
179 79 59
180 163 26
181 164 27
182 159 24
183 171 21
184 156 26
185 162 22
186 163 25
187 171 28
188 167 20
189 157 14
190 160 13
191 171 17
192 158 19
193 166 20
194 172 18
195 168 28
196 172 23
197 165 12
198 172 29
199 169 14
200 162 21
201 165 22
202 170 14
203 162 20
204 169 16
205 172 16
206 158 21
207 166 16
208 172 26
209 172 21
210 48 0
211 39 0
212 39 4
213 33 1
214 35 2
215 37 0
216 50 2
217 43 9
218 48 5
219 38 0
220 46 5
221 42 2
222 40 9
223 36 7
224 41 11
225 41 5
226 42 6
227 49 10
228 37 8
229 36 3
230 48 5
231 45 9
232 42 1
233 36 0
234 34 5
235 48 10
236 42 11
237 40 2
238 176 188
239 181 195
240 176 194
241 174 196
242 174 192
243 175 197
244 183 200
245 181 200
246 177 188
247 179 195
248 178 204
249 184 188
250 186 203
251 177 191
252 187 201
253 183 200
254 176 199
255 178 204
256 178 189
257 186 191
258 183 198
259 174 200
260 178 198
261 187 188
262 187 203
263 178 204
264 175 188
265 173 203
266 178 203
267 174 190
268 113 10
269 109 0
270 109 1
271 105 10
272 111 7
273 112 6
274 105 2
275 108 9
276 106 3
277 109 1
278 115 7
279 116 10
280 110 7
281 103 0
282 110 2
283 104 10
284 113 4
285 104 4
286 104 4
287 108 11
288 114 8
289 115 4
290 114 1
291 115 8
292 109 5
293 116 10
294 103 5
295 116 5
296 108 9
297 120 20
298 128 20
299 132 19
300 126 23
301 122 13
302 121 24
303 118 24
304 119 25
305 133 30
306 125 24
307 127 30
308 133 17
309 119 19
310 126 28
311 123 15
312 131 14
313 127 30
314 119 19
315 134 29
316 125 31
317 134 20
318 120 20
319 125 28
320 119 15
321 125 22
322 128 18
323 121 26
324 133 31
325 117 20
326 129 14
327 191 158
328 190 165
329 191 159
330 189 167
331 202 159
332 204 163
333 188 172
334 203 161
335 189 171
336 193 169
337 197 156
338 204 157
339 190 164
340 204 171
341 202 162
342 189 161
343 200 163
344 197 158
345 202 159
346 199 156
347 195 168
348 189 163
349 188 163
350 200 159
351 193 157
352 196 164
353 188 166
354 198 166
355 196 162
356 198 165
357 111 7
358 104 1
359 111 11
360 108 1
361 115 0
362 102 6
363 115 10
364 102 11
365 107 8
366 104 4
367 112 1
368 112 7
369 107 1
370 103 4
371 113 10
372 116 4
373 111 7
374 105 9
375 110 6
376 105 11
377 102 9
378 103 2
379 108 2
380 102 2
381 115 8
382 116 3
383 103 0
384 115 10
385 187 65
386 176 54
387 177 65
388 183 67
389 177 51
390 182 68
391 176 67
392 187 52
393 178 68
394 184 55
395 184 56
396 179 51
397 176 66
398 187 67
399 181 62
400 180 68
401 174 51
402 182 65
403 177 57
404 173 66
405 183 57
406 187 53
407 175 57
408 183 52
409 173 51
410 182 63
411 175 63
412 180 64
413 174 58
414 179 52
415 4 73
416 10 81
417 7 86
418 6 75
419 11 74
420 4 70
421 3 76
422 7 82
423 7 78
424 8 84
425 10 79
426 10 75
427 9 74
428 9 72
429 3 85
430 9 85
431 2 78
432 3 77
433 3 82
434 8 82
435 3 75
436 7 83
437 6 82
438 0 74
439 6 77
440 11 85
441 8 76
442 53 91
443 58 89
444 60 98
445 55 100
446 63 87
447 64 87
448 60 94
449 66 101
450 52 94
451 53 93
452 62 91
453 68 98
454 58 89
455 68 101
456 53 87
457 53 99
458 54 96
459 63 90
460 67 91
461 68 101
462 57 96
463 52 97
464 60 96
465 68 95
466 56 101
467 64 98
468 54 88
469 53 90
470 60 98
471 57 101
472 107 170
473 110 164
474 111 170
475 110 167
476 109 170
477 107 166
478 104 157
479 114 171
480 116 162
481 113 164
482 113 161
483 112 157
484 105 160
485 109 157
486 104 163
487 111 169
488 114 160
489 111 160
490 107 157
491 105 165
492 112 156
493 111 167
494 108 161
495 109 162
496 109 171
497 111 157
498 115 157
499 105 161
500 102 165
501 112 161
502 216 117
503 210 132
504 214 117
505 219 126
506 221 122
507 210 133
508 215 133
509 222 126
510 223 119
511 208 131
512 205 120
513 214 135
514 212 133
515 207 134
516 213 131
517 206 120
518 207 129
519 221 132
520 220 127
521 223 127
522 215 122
523 208 131
524 222 125
525 209 119
526 220 117
527 214 128
528 214 124
529 215 120
530 219 134
531 206 134
532 133 146
533 126 149
534 132 147
535 118 141
536 121 151
537 133 149
538 121 140
539 123 155
540 132 137
541 122 154
542 121 145
543 133 155
544 131 147
545 126 146
546 127 151
547 132 151
548 130 144
549 117 143
550 135 138
551 117 138
552 131 143
553 134 144
554 124 155
555 118 154
556 124 143
557 127 146
558 134 144
559 126 145
560 131 148
561 133 154
562 10 218
563 1 219
564 0 219
565 2 213
566 2 207
567 6 224
568 11 213
569 10 220
570 6 215
571 1 224
572 4 207
573 7 209
574 9 205
575 3 220
576 6 212
577 9 223
578 10 222
579 9 214
580 0 214
581 5 207
582 11 222
583 8 221
584 3 221
585 2 209
586 0 215
587 11 224
588 6 206
589 31 220
590 21 209
591 12 209
592 12 220
593 31 217
594 19 207
595 12 223
596 13 212
597 16 218
598 14 207
599 24 211
600 19 222
601 29 207
602 27 222
603 23 212
604 15 213
605 12 217
606 12 223
607 26 209
608 25 214
609 15 209
610 15 214
611 16 217
612 21 208
613 22 217
614 16 207
615 26 212
616 18 217
617 12 221
618 21 216
619 53 108
620 53 105
621 51 113
622 51 112
623 55 108
624 63 114
625 57 106
626 54 102
627 57 111
628 64 114
629 61 108
630 51 112
631 58 107
632 51 114
633 67 110
634 54 103
635 64 108
636 60 115
637 57 107
638 57 108
639 64 102
640 60 111
641 55 105
642 51 111
643 58 105
644 66 103
645 64 112
646 66 108
647 59 116
648 53 102
649 168 191
650 167 190
651 171 196
652 157 188
653 171 199
654 166 197
655 169 204
656 167 194
657 159 197
658 160 197
659 167 197
660 169 190
661 172 200
662 170 194
663 166 194
664 159 197
665 169 197
666 167 203
667 161 203
668 159 190
669 159 189
670 168 188
671 160 195
672 158 198
673 164 188
674 169 188
675 156 200
676 167 202
677 167 195
678 170 200
679 181 171
680 178 156
681 179 161
682 187 171
683 179 163
684 186 157
685 179 167
686 174 167
687 174 162
688 179 168
689 173 167
690 177 161
691 184 159
692 175 164
693 182 156
694 173 165
695 178 160
696 174 161
697 179 168
698 179 170
699 178 164
700 186 167
701 177 167
702 185 158
703 180 157
704 177 170
705 173 163
706 178 162
707 180 164
708 182 171
709 72 98
710 84 95
711 78 90
712 83 90
713 78 87
714 78 96
715 74 94
716 77 101
717 78 87
718 73 91
719 79 87
720 69 95
721 76 95
722 74 95
723 77 101
724 77 93
725 76 88
726 78 99
727 81 90
728 76 97
729 86 98
730 81 99
731 86 88
732 79 100
733 74 97
734 86 91
735 69 98
736 79 100
737 74 100
738 69 89
739 187 80
740 182 84
741 183 69
742 177 69
743 186 76
744 180 70
745 185 74
746 181 77
747 178 73
748 174 85
749 174 86
750 186 85
751 174 80
752 184 85
753 176 69
754 184 79
755 176 82
756 185 79
757 174 81
758 176 82
759 174 82
760 180 75
761 180 80
762 175 79
763 178 82
764 179 71
765 180 71
766 183 74
767 187 76
768 179 86
769 60 68
770 60 65
771 53 64
772 59 51
773 63 53
774 59 64
775 51 60
776 68 54
777 62 55
778 61 63
779 60 63
780 62 65
781 56 60
782 52 59
783 57 51
784 66 67
785 62 55
786 52 63
787 67 65
788 59 68
789 51 59
790 61 67
791 67 66
792 118 224
793 129 208
794 132 220
795 119 212
796 123 221
797 125 219
798 120 205
799 132 223
800 118 217
801 125 212
802 127 209
803 125 220
804 135 213
805 130 221
806 119 207
807 129 208
808 135 219
809 127 216
810 135 211
811 128 215
812 119 221
813 134 214
814 128 214
815 128 221
816 133 214
817 118 205
818 134 220
819 131 207
820 127 212
821 123 208
822 5 80
823 0 73
824 5 79
825 5 82
826 3 76
827 2 79
828 3 69
829 11 77
830 5 73
831 9 70
832 4 80
833 7 74
834 5 74
835 11 76
836 3 83
837 8 83
838 9 79
839 10 84
840 2 78
841 0 72
842 3 73
843 0 82
844 1 78
845 8 85
846 6 70
847 1 85
848 0 77
849 11 72
850 8 84
851 5 86
852 86 176
853 70 183
854 80 180
855 70 176
856 74 180
857 69 187
858 75 181
859 86 181
860 81 179
861 71 175
862 78 186
863 71 181
864 79 175
865 78 181
866 83 174
867 77 182
868 80 176
869 75 175
870 73 184
871 83 178
872 71 173
873 81 179
874 78 182
875 77 174
876 77 180
877 69 177
878 69 174
879 83 182
880 84 177
881 74 183
882 18 176
883 18 176
884 20 184
885 28 173
886 26 185
887 31 177
888 14 176
889 21 174
890 22 174
891 29 176
892 15 184
893 28 180
894 13 173
895 29 178
896 25 182
897 23 178
898 18 178
899 30 178
900 14 187
901 27 175
902 17 176
903 19 187
904 15 183
905 17 178
906 22 177
907 18 174
908 23 178
909 14 178
910 26 181
911 30 185
912 67 32
913 53 44
914 62 45
915 57 47
916 68 39
917 55 46
918 59 37
919 58 38
920 60 40
921 51 42
922 66 42
923 53 43
924 66 48
925 61 38
926 57 37
927 57 43
928 53 36
929 61 50
930 56 40
931 63 49
932 62 33
933 68 39
934 66 41
935 64 47
936 59 44
937 64 50
938 63 43
939 63 41
940 58 38
941 62 41
942 89 114
943 94 116
944 94 105
945 95 114
946 100 108
947 89 107
948 99 107
949 87 114
950 92 110
951 87 104
952 87 109
953 90 113
954 87 115
955 101 113
956 101 103
957 93 108
958 87 108
959 89 110
960 94 115
961 93 104
962 90 109
963 96 114
964 95 116
965 101 115
966 88 106
967 97 111
968 96 107
969 99 102
970 96 104
971 92 115
972 25 5
973 27 3
974 18 10
975 21 9
976 24 3
977 17 3
978 26 7
979 21 3
980 16 10
981 17 6
982 15 1
983 13 9
984 24 4
985 13 7
986 15 7
987 18 4
988 21 11
989 14 2
990 31 1
991 17 2
992 19 4
993 31 0
994 15 10
995 15 9
996 14 2
997 15 0
998 28 8
999 14 6
1000 15 2
1001 21 1
1002 5 2
1003 3 9
1004 154 163
1005 140 166
1006 138 162
1007 146 162
1008 144 156
1009 136 156
1010 148 156
1011 136 159
1012 155 172
1013 153 165
1014 154 172
1015 150 156
1016 155 169
1017 142 166
1018 148 166
1019 147 172
1020 146 166
1021 137 158
1022 145 171
1023 150 163
1024 148 163
1025 151 159
1026 152 168
1027 142 164
1028 140 162
1029 147 162
1030 153 156
1031 154 164
1032 143 168
1033 155 166
1034 41 85
1035 32 70
1036 32 74
1037 43 75
1038 32 70
1039 37 69
1040 35 76
1041 35 77
1042 35 78
1043 41 81
1044 48 75
1045 38 74
1046 47 77
1047 45 78
1048 36 84
1049 35 77
1050 49 72
1051 41 71
1052 41 86
1053 36 84
1054 44 76
1055 50 84
1056 32 86
1057 43 79
1058 41 84
1059 34 77
1060 50 73
1061 37 72
1062 46 82
1063 50 74
1064 95 135
1065 97 125
1066 98 118
1067 93 127
1068 91 117
1069 87 119
1070 92 119
1071 91 134
1072 98 120
1073 99 123
1074 88 134
1075 95 121
1076 92 124
1077 100 123
1078 89 117
1079 91 133
1080 98 128
1081 98 120
1082 95 120
1083 97 127
1084 98 121
1085 95 133
1086 95 127
1087 87 123
1088 98 128
1089 91 125
1090 99 128
1091 94 134
1092 99 125
1093 101 117
1094 53 77
1095 57 83
1096 57 75
1097 58 69
1098 52 83
1099 62 74
1100 51 69
1101 59 81
1102 63 76
1103 64 74
1104 57 71
1105 54 84
1106 51 85
1107 59 74
1108 51 78
1109 62 80
1110 53 73
1111 67 73
1112 66 83
1113 61 82
1114 66 81
1115 68 77
1116 65 81
1117 65 79
1118 53 69
1119 65 76
1120 61 73
1121 59 72
1122 59 78
1123 53 77
1124 90 60
1125 94 58
1126 100 66
1127 90 56
1128 99 65
1129 96 68
1130 87 65
1131 87 64
1132 89 68
1133 98 55
1134 87 52
1135 99 65
1136 90 61
1137 100 51
1138 92 67
1139 91 59
1140 91 52
1141 88 66
1142 96 67
1143 101 68
1144 95 56
1145 92 62
1146 88 57
1147 93 59
1148 101 58
1149 91 61
1150 93 66
1151 90 67
1152 93 67
1153 94 59
1154 69 20
1155 76 12
1156 75 21
1157 75 26
1158 73 12
1159 77 13
1160 74 28
1161 82 31
1162 78 29
1163 73 18
1164 81 15
1165 79 12
1166 77 28
1167 85 30
1168 74 19
1169 84 15
1170 77 17
1171 78 27
1172 76 27
1173 84 20
1174 86 24
1175 81 14
1176 75 20
1177 80 18
1178 70 28
1179 75 27
1180 78 12
1181 77 25
1182 78 29
1183 84 23
1184 220 167
1185 219 168
1186 219 172
1187 221 157
1188 207 159
1189 218 168
1190 217 167
1191 223 170
1192 216 163
1193 207 165
1194 216 160
1195 208 163
1196 206 167
1197 220 159
1198 210 159
1199 209 159
1200 213 157
1201 206 163
1202 220 160
1203 209 171
1204 214 167
1205 224 172
1206 219 159
1207 214 167
1208 214 166
1209 209 170
1210 220 164
1211 207 166
1212 216 165
1213 220 168
1214 86 190
1215 79 203
1216 72 193
1217 75 191
1218 70 191
1219 80 191
1220 78 189
1221 80 195
1222 74 188
1223 78 198
1224 86 193
1225 82 193
1226 78 198
1227 75 192
1228 77 200
1229 69 202
1230 82 201
1231 70 203
1232 77 189
1233 83 192
1234 69 198
1235 78 196
1236 71 189
1237 82 203
1238 72 200
1239 70 198
1240 74 200
1241 72 199
1242 84 192
1243 70 189
1244 93 144
1245 87 151
1246 87 142
1247 92 155
1248 99 147
1249 97 150
1250 91 155
1251 99 139
1252 87 136
1253 88 142
1254 95 151
1255 98 140
1256 97 139
1257 87 140
1258 97 150
1259 96 155
1260 90 151
1261 93 136
1262 100 136
1263 88 144
1264 98 152
1265 89 143
1266 90 144
1267 96 148
1268 96 153
1269 97 152
1270 95 141
1271 101 152
1272 88 153
1273 100 137
1274 56 117
1275 68 126
1276 52 129
1277 52 124
1278 58 121
1279 51 117
1280 55 128
1281 57 127
1282 62 117
1283 65 123
1284 62 120
1285 64 129
1286 65 130
1287 51 125
1288 51 133
1289 61 125
1290 65 135
1291 59 130
1292 65 120
1293 63 128
1294 68 120
1295 60 129
1296 62 124
1297 53 131
1298 59 121
1299 51 118
1300 61 122
1301 60 118
1302 55 122
1303 56 117
1304 27 20
1305 12 19
1306 31 29
1307 13 24
1308 26 19
1309 22 30
1310 29 31
1311 19 26
1312 31 16
1313 29 23
1314 30 16
1315 25 13
1316 27 24
1317 13 15
1318 15 18
1319 16 15
1320 21 30
1321 27 19
1322 27 30
1323 12 29
1324 106 110
1325 115 109
1326 103 108
1327 102 106
1328 104 108
1329 107 111
1330 106 107
1331 112 107
1332 104 105
1333 110 111
1334 103 108
1335 107 110
1336 116 104
1337 109 115
1338 107 104
1339 104 103
1340 105 104
1341 108 116
1342 114 107
1343 110 111
1344 217 211
1345 209 224
1346 213 223
1347 216 222
1348 223 218
1349 217 220
1350 217 216
1351 210 206
1352 223 222
1353 212 208
1354 211 220
1355 221 216
1356 215 218
1357 208 211
1358 222 215
1359 215 222
1360 223 212
1361 223 218
1362 213 215
1363 208 211
1364 224 213
1365 215 208
1366 214 223
1367 217 216
1368 183 64
1369 184 66
1370 175 65
1371 176 61
1372 177 59
1373 176 65
1374 186 62
1375 173 68
1376 185 65
1377 182 60
1378 186 63
1379 176 55
1380 176 58
1381 185 63
1382 184 64
1383 186 63
1384 183 56
1385 183 52
1386 175 68
1387 174 61
1388 176 55
1389 180 65
1390 184 52
1391 178 58
1392 184 63
1393 187 51
1394 187 61
1395 181 52
1396 185 53
1397 181 59
1398 200 176
1399 199 184
1400 191 173
1401 199 174
1402 202 184
1403 190 181
1404 189 176
1405 197 176
1406 188 173
1407 198 174
1408 204 183
1409 194 174
1410 201 180
1411 204 175
1412 188 185
1413 200 179
1414 194 180
1415 204 185
1416 191 174
1417 198 180
1418 195 185
1419 204 174
1420 204 180
1421 196 187
1422 192 183
1423 201 184
1424 197 174
1425 197 179
1426 194 178
1427 202 187
1428 107 98
1429 102 91
1430 106 94
1431 103 101
1432 108 99
1433 107 88
1434 107 96
1435 110 93
1436 114 88
1437 104 88
1438 113 99
1439 103 87
1440 109 95
1441 111 94
1442 116 100
1443 107 94
1444 103 97
1445 102 100
1446 114 92
1447 102 89
1448 109 89
1449 104 100
1450 106 87
1451 110 91
1452 102 88
1453 111 95
1454 111 100
1455 109 94
1456 116 90
1457 160 130
1458 171 131
1459 162 122
1460 172 125
1461 160 123
1462 156 134
1463 168 123
1464 163 121
1465 165 128
1466 159 130
1467 159 125
1468 160 125
1469 158 129
1470 157 127
1471 169 131
1472 163 117
1473 161 121
1474 161 117
1475 168 127
1476 172 118
1477 166 123
1478 156 128
1479 159 125
1480 163 125
1481 159 120
1482 160 125
1483 168 119
1484 158 135
1485 160 120
1486 159 119
1487 25 71
1488 19 69
1489 28 82
1490 25 75
1491 29 85
1492 31 82
1493 26 71
1494 31 84
1495 22 84
1496 27 73
1497 14 74
1498 20 71
1499 23 70
1500 19 86
1501 26 74
1502 30 71
1503 24 81
1504 30 76
1505 14 82
1506 17 83
1507 16 77
1508 21 69
1509 27 81
1510 14 75
1511 29 71
1512 27 71
1513 31 75
1514 12 85
1515 12 84
1516 31 70
1517 45 70
1518 36 83
1519 47 74
1520 35 77
1521 46 71
1522 44 71
1523 44 83
1524 32 73
1525 45 85
1526 48 84
1527 44 73
1528 38 84
1529 49 86
1530 41 79
1531 44 85
1532 41 74
1533 33 85
1534 40 84
1535 47 75
1536 47 70
1537 47 80
1538 37 71
1539 40 77
1540 46 70
1541 45 71
1542 33 82
1543 37 80
1544 40 69
1545 42 80
1546 41 79
1547 154 86
1548 155 84
1549 144 71
1550 144 79
1551 139 78
1552 137 70
1553 144 82
1554 142 75
1555 141 74
1556 145 81
1557 146 80
1558 152 79
1559 140 81
1560 143 86
1561 140 83
1562 150 85
1563 151 72
1564 137 78
1565 147 70
1566 146 75
1567 139 81
1568 153 72
1569 146 77
1570 147 71
1571 151 72
1572 145 77
1573 148 71
1574 139 78
1575 143 70
1576 151 77
1577 205 60
1578 224 54
1579 215 63
1580 210 61
1581 208 62
1582 207 68
1583 208 58
1584 205 60
1585 214 51
1586 212 62
1587 214 64
1588 223 51
1589 213 67
1590 206 56
1591 220 55
1592 205 61
1593 216 66
1594 208 68
1595 207 66
1596 207 60
1597 208 65
1598 215 56
1599 218 58
1600 209 62
1601 224 66
1602 217 64
1603 205 59
1604 218 53
1605 206 68
1606 221 53
1607 125 204
1608 123 192
1609 132 202
1610 118 193
1611 131 197
1612 124 197
1613 123 189
1614 129 204
1615 128 204
1616 125 202
1617 118 196
1618 125 194
1619 119 204
1620 126 188
1621 119 201
1622 126 188
1623 131 200
1624 135 191
1625 123 188
1626 129 197
1627 129 192
1628 126 197
1629 128 192
1630 128 198
1631 133 204
1632 124 190
1633 132 194
1634 133 196
1635 126 202
1636 123 203
1637 91 69
1638 87 84
1639 90 73
1640 97 85
1641 96 80
1642 95 80
1643 90 71
1644 89 75
1645 91 81
1646 90 75
1647 97 73
1648 95 84
1649 93 69
1650 96 74
1651 95 86
1652 94 76
1653 93 76
1654 90 86
1655 88 83
1656 101 83
1657 97 78
1658 96 82
1659 98 78
1660 89 86
1661 99 82
1662 87 69
1663 99 79
1664 93 84
1665 99 75
1666 100 85
1667 216 116
1668 206 109
1669 214 109
1670 205 116
1671 208 102
1672 223 105
1673 218 106
1674 208 105
1675 219 102
1676 220 116
1677 205 113
1678 212 115
1679 215 109
1680 211 106
1681 221 113
1682 220 109
1683 216 110
1684 212 114
1685 217 104
1686 219 103
1687 221 104
1688 219 114
1689 217 116
1690 208 105
1691 206 115
1692 214 111
1693 218 102
1694 209 115
1695 222 104
1696 206 108
1697 166 10
1698 170 3
1699 168 5
1700 157 10
1701 163 9
1702 168 2
1703 160 4
1704 164 5
1705 159 9
1706 163 0
1707 162 0
1708 170 1
1709 161 1
1710 171 2
1711 166 4
1712 167 5
1713 163 3
1714 160 11
1715 161 9
1716 165 10
1717 171 10
1718 163 5
1719 168 6
1720 171 6
1721 159 8
1722 156 11
1723 169 9
1724 78 100
1725 82 93
1726 75 87
1727 78 94
1728 78 89
1729 69 91
1730 85 100
1731 86 89
1732 70 92
1733 84 96
1734 74 90
1735 81 101
1736 75 89
1737 75 101
1738 75 90
1739 80 96
1740 71 96
1741 69 93
1742 75 94
1743 74 87
1744 80 87
1745 75 94
1746 80 90
1747 81 91
1748 69 100
1749 70 89
1750 78 89
1751 85 95
1752 81 88
1753 72 89
1754 66 90
1755 53 97
1756 58 90
1757 54 101
1758 52 90
1759 59 99
1760 68 92
1761 66 96
1762 63 97
1763 58 95
1764 56 91
1765 59 101
1766 67 97
1767 64 92
1768 63 91
1769 67 89
1770 64 91
1771 54 95
1772 60 97
1773 68 96
1774 57 89
1775 66 101
1776 68 99
1777 68 97
1778 62 99
1779 51 98
1780 68 98
1781 53 94
1782 64 99
1783 58 96
1784 191 190
1785 204 189
1786 188 199
1787 203 189
1788 193 202
1789 190 191
1790 193 203
1791 190 204
1792 189 203
1793 201 197
1794 189 193
1795 191 196
1796 188 199
1797 192 202
1798 201 192
1799 198 189
1800 202 192
1801 200 196
1802 197 193
1803 196 203
1804 200 203
1805 145 114
1806 147 107
1807 145 110
1808 144 102
1809 152 102
1810 144 105
1811 138 112
1812 139 109
1813 145 114
1814 147 102
1815 148 110
1816 144 107
1817 142 115
1818 152 116
1819 139 115
1820 149 103
1821 153 109
1822 151 115
1823 149 105
1824 144 105
1825 147 110
1826 154 104
1827 136 107
1828 139 110
1829 150 114
1830 150 104
1831 151 111
1832 154 112
1833 142 104
1834 153 111
1835 61 67
1836 57 63
1837 54 58
1838 60 67
1839 62 63
1840 68 58
1841 66 63
1842 51 55
1843 60 53
1844 58 52
1845 58 62
1846 68 62
1847 61 66
1848 65 66
1849 52 51
1850 63 56
1851 63 67
1852 57 53
1853 56 55
1854 184 66
1855 179 68
1856 182 54
1857 183 60
1858 178 67
1859 181 58
1860 183 61
1861 175 63
1862 183 54
1863 182 54
1864 183 57
1865 185 65
1866 175 65
1867 185 52
1868 181 64
1869 178 59
1870 176 55
1871 186 66
1872 179 53
1873 175 54
1874 176 55
1875 178 58
1876 183 63
1877 176 51
1878 184 56
1879 182 64
1880 177 52
1881 183 67
1882 180 63
1883 181 54
1884 78 195
1885 84 198
1886 81 188
1887 83 199
1888 74 193
1889 71 204
1890 74 202
1891 70 195
1892 82 203
1893 70 198
1894 80 189
1895 81 194
1896 77 191
1897 73 196
1898 69 192
1899 73 190
1900 76 190
1901 74 196
1902 83 193
1903 78 192
1904 80 194
1905 85 194
1906 80 200
1907 69 188
1908 75 202
1909 78 190
1910 69 198
1911 70 202
1912 71 189
1913 86 189
1914 173 28
1915 180 24
1916 180 25
1917 181 18
1918 176 23
1919 187 18
1920 187 27
1921 182 28
1922 186 17
1923 175 28
1924 175 23
1925 182 30
1926 175 18
1927 178 12
1928 181 29
1929 179 17
1930 177 15
1931 180 22
1932 175 28
1933 185 17
1934 181 23
1935 185 16
1936 182 29
1937 179 15
1938 179 20
1939 173 31
1940 177 30
1941 173 20
1942 176 17
1943 186 22
1944 8 118
1945 5 124
1946 4 128
1947 4 118
1948 0 130
1949 11 134
1950 5 129
1951 11 120
1952 0 132
1953 4 129
1954 10 131
1955 10 120
1956 7 123
1957 11 124
1958 5 130
1959 7 133
1960 1 129
1961 10 132
1962 11 119
1963 0 132
1964 10 121
1965 10 135
1966 11 118
1967 3 123
1968 8 131
1969 8 126
1970 2 121
1971 9 129
1972 10 124
1973 1 131
1974 148 59
1975 150 52
1976 144 64
1977 137 57
1978 153 55
1979 143 60
1980 143 66
1981 153 67
1982 155 65
1983 155 61
1984 151 60
1985 136 53
1986 139 59
1987 154 57
1988 136 68
1989 153 60
1990 150 61
1991 147 53
1992 150 61
1993 143 64
1994 137 61
1995 152 61
1996 137 61
1997 152 61
1998 150 59
1999 144 65
2000 141 68
2001 140 67
2002 154 52
2003 142 59
2004 57 150
2005 58 145
2006 67 140
2007 64 138
2008 54 137
2009 56 155
2010 51 148
2011 51 137
2012 67 151
2013 58 139
2014 63 152
2015 67 137
2016 53 141
2017 67 155
2018 56 154
2019 63 139
2020 56 149
2021 66 143
2022 55 146
2023 63 140
2024 58 148
2025 51 142
2026 56 153
2027 65 138
2028 56 143
2029 55 144
2030 68 146
2031 57 151
2032 61 139
2033 56 138
2034 196 222
2035 191 216
2036 194 224
2037 201 223
2038 202 208
2039 198 211
2040 188 208
2041 202 214
2042 191 211
2043 193 216
2044 195 216
2045 204 207
2046 189 215
2047 200 212
2048 199 214
2049 201 213
2050 199 220
2051 200 218
2052 199 210
2053 189 220
2054 193 212
2055 203 221
2056 191 214
2057 194 215
2058 197 215
2059 199 214
2060 193 215
2061 192 206
2062 203 207
2063 202 222
2064 210 77
2065 220 70
2066 213 77
2067 212 79
2068 208 78
2069 214 74
2070 216 82
2071 219 85
2072 218 85
2073 218 82
2074 218 79
2075 213 72
2076 216 72
2077 212 83
2078 222 85
2079 221 75
2080 223 78
2081 217 76
2082 213 74
2083 221 86
2084 205 70
2085 217 72
2086 216 84
2087 207 76
2088 215 78
2089 208 77
2090 206 70
2091 212 74
2092 220 83
2093 217 69
2094 137 206
2095 148 211
2096 146 217
2097 144 210
2098 141 216
2099 142 207
2100 153 219
2101 140 205
2102 155 217
2103 151 217
2104 139 211
2105 149 222
2106 136 212
2107 147 215
2108 153 212
2109 148 217
2110 147 218
2111 149 222
2112 139 211
2113 141 219
2114 146 224
2115 138 215
2116 143 208
2117 146 219
2118 139 222
2119 136 220
2120 154 214
2121 146 209
2122 141 208
2123 167 147
2124 161 147
2125 166 143
2126 171 144
2127 161 152
2128 159 148
2129 169 152
2130 164 146
2131 167 147
2132 163 155
2133 166 147
2134 159 141
2135 158 152
2136 163 148
2137 161 149
2138 163 136
2139 162 154
2140 156 150
2141 156 145
2142 165 145
2143 166 150
2144 161 155
2145 158 146
2146 156 148
2147 165 144
2148 171 137
2149 166 136
2150 156 145
2151 164 149
2152 171 145
2153 189 150
2154 204 140
2155 191 138
2156 193 139
2157 203 136
2158 195 150
2159 194 141
2160 196 153
2161 191 141
2162 201 155
2163 204 146
2164 198 145
2165 199 142
2166 193 138
2167 194 147
2168 201 136
2169 201 143
2170 199 152
2171 192 153
2172 204 144
2173 188 141
2174 199 140
2175 203 154
2176 195 145
2177 202 152
2178 191 153
2179 188 153
2180 189 137
2181 199 150
2182 188 150
2183 0 148
2184 7 152
2185 0 147
2186 5 148
2187 7 144
2188 7 152
2189 9 137
2190 3 149
2191 11 145
2192 5 145
2193 4 144
2194 6 151
2195 5 149
2196 9 143
2197 2 146
2198 0 138
2199 5 145
2200 0 138
2201 2 136
2202 11 154
2203 5 139
2204 10 146
2205 5 154
2206 8 138
2207 2 139
2208 0 141
2209 7 146
2210 188 114
2211 197 105
2212 196 112
2213 189 104
2214 189 104
2215 198 108
2216 193 113
2217 195 103
2218 200 102
2219 199 112
2220 191 114
2221 202 106
2222 204 110
2223 193 107
2224 194 113
2225 203 111
2226 196 102
2227 193 114
2228 201 103
2229 200 116
2230 198 105
2231 192 111
2232 189 115
2233 204 106
2234 188 111
2235 200 113
2236 190 105
2237 200 109
2238 196 114
2239 194 106
2240 69 5
2241 85 0
2242 85 9
2243 80 4
2244 86 7
2245 84 2
2246 84 3
2247 77 3
2248 82 5
2249 80 2
2250 79 1
2251 82 10
2252 72 9
2253 79 7
2254 81 5
2255 77 7
2256 72 11
2257 80 2
2258 71 0
2259 74 11
2260 74 6
2261 84 1
2262 82 5
2263 70 11
2264 84 2
2265 72 7
2266 71 11
2267 84 0
2268 73 3
2269 82 5
2270 174 184
2271 186 179
2272 180 179
2273 183 173
2274 182 185
2275 178 180
2276 180 181
2277 185 173
2278 177 181
2279 178 179
2280 182 177
2281 177 176
2282 178 179
2283 186 181
2284 174 187
2285 183 185
2286 42 170
2287 40 167
2288 43 161
2289 43 165
2290 43 170
2291 44 159
2292 40 162
2293 38 159
2294 43 165
2295 41 168
2296 42 168
2297 50 164
2298 44 166
2299 39 157
2300 35 166
2301 47 168
2302 44 166
2303 43 172
2304 39 157
2305 38 168
2306 42 156
2307 45 158
2308 43 168
2309 36 170
2310 39 164
2311 50 168
2312 48 172
2313 41 166
2314 40 165
2315 41 157
2316 82 110
2317 73 108
2318 71 110
2319 75 108
2320 81 102
2321 84 115
2322 79 106
2323 86 103
2324 72 113
2325 82 115
2326 86 110
2327 69 115
2328 83 104
2329 79 115
2330 76 102
2331 83 109
2332 85 104
2333 69 113
2334 71 113
2335 76 109
2336 75 112
2337 72 110
2338 86 103
2339 69 108
2340 69 110
2341 74 110
2342 73 109
2343 81 114
2344 81 103
2345 72 113
2346 115 27
2347 107 31
2348 112 31
2349 110 14
2350 108 25
2351 113 19
2352 113 29
2353 115 20
2354 113 29
2355 110 19
2356 114 28
2357 113 24
2358 103 18
2359 113 27
2360 110 30
2361 114 29
2362 115 24
2363 115 28
2364 114 26
2365 116 22
2366 113 26
2367 113 23
2368 113 21
2369 108 29
2370 106 18
2371 114 20
2372 105 13
2373 116 23
2374 109 22
2375 102 15
2376 65 35
2377 53 33
2378 60 48
2379 62 49
2380 60 45
2381 64 44
2382 54 38
2383 67 49
2384 52 45
2385 67 48
2386 56 45
2387 57 40
2388 54 45
2389 57 35
2390 57 35
2391 61 48
2392 64 40
2393 56 37
2394 56 35
2395 54 50
2396 61 46
2397 68 36
2398 58 42
2399 61 39
2400 57 36
2401 54 45
2402 52 35
2403 52 50
2404 53 41
2405 58 39
2406 113 173
2407 110 187
2408 111 173
2409 116 182
2410 103 186
2411 116 182
2412 108 175
2413 103 178
2414 111 181
2415 102 180
2416 111 181
2417 111 184
2418 107 180
2419 109 174
2420 108 179
2421 113 173
2422 110 177
2423 114 174
2424 107 179
2425 112 185
2426 110 187
2427 102 174
2428 105 187
2429 115 186
2430 103 187
2431 109 186
2432 102 185
2433 103 180
2434 109 173
2435 102 184
2436 95 141
2437 95 151
2438 99 148
2439 94 143
2440 90 141
2441 90 143
2442 89 141
2443 88 148
2444 98 154
2445 94 136
2446 90 148
2447 100 138
2448 98 148
2449 97 151
2450 100 151
2451 87 140
2452 88 137
2453 94 154
2454 88 150
2455 93 144
2456 99 142
2457 95 141
2458 95 149
2459 92 150
2460 99 155
2461 89 142
2462 99 149
2463 97 145
2464 94 142
2465 100 153
2466 2 202
2467 7 194
2468 11 195
2469 3 193
2470 8 189
2471 6 199
2472 1 203
2473 1 193
2474 1 190
2475 0 204
2476 7 194
2477 9 203
2478 6 196
2479 2 203
2480 0 191
2481 0 202
2482 6 195
2483 8 196
2484 6 204
2485 1 193
2486 3 193
2487 8 200
2488 9 198
2489 9 204
2490 2 202
2491 8 204
2492 4 203
2493 11 189
2494 11 195
2495 18 11
2496 18 0
2497 14 6
2498 21 3
2499 25 7
2500 21 3
2501 23 0
2502 13 6
2503 18 0
2504 14 7
2505 25 3
2506 13 5
2507 16 10
2508 27 10
2509 30 7
2510 30 9
2511 29 9
2512 16 6
2513 20 0
2514 16 7
2515 13 4
2516 28 10
2517 29 10
2518 24 9
2519 15 7
2520 24 6
2521 15 4
2522 20 8
2523 20 9
2524 22 1
2525 175 34
2526 181 40
2527 173 43
2528 180 39
2529 184 35
2530 176 37
2531 178 44
2532 174 37
2533 180 33
2534 187 42
2535 174 42
2536 187 38
2537 180 45
2538 187 44
2539 179 37
2540 178 42
2541 173 45
2542 185 38
2543 185 35
2544 187 40
2545 187 36
2546 173 45
2547 183 48
2548 173 34
2549 179 43
2550 176 42
2551 177 36
2552 181 42
2553 173 33
2554 181 45
2555 108 80
2556 111 80
2557 110 76
2558 109 72
2559 109 78
2560 105 80
2561 107 81
2562 113 79
2563 110 84
2564 114 81
2565 106 76
2566 114 81
2567 103 77
2568 115 79
2569 114 82
2570 114 72
2571 102 82
2572 108 79
2573 105 80
2574 115 83
2575 116 73
2576 111 73
2577 107 73
2578 103 74
2579 112 75
2580 110 82
2581 110 85
2582 114 85
2583 116 70
2584 116 74
2585 155 169
2586 140 161
2587 143 162
2588 155 157
2589 148 168
2590 149 172
2591 145 160
2592 148 169
2593 150 166
2594 145 171
2595 144 159
2596 146 169
2597 152 167
2598 140 164
2599 138 168
2600 137 160
2601 138 165
2602 153 164
2603 145 168
2604 147 171
2605 148 171
2606 148 160
2607 153 157
2608 136 159
2609 155 160
2610 142 164
2611 149 172
2612 142 172
2613 137 162
2614 137 170
2615 192 8
2616 197 11
2617 197 6
2618 204 2
2619 189 4
2620 200 9
2621 195 9
2622 202 8
2623 196 4
2624 195 8
2625 200 7
2626 191 8
2627 192 1
2628 200 8
2629 202 2
2630 199 1
2631 190 6
2632 195 9
2633 202 8
2634 190 6
2635 190 7
2636 194 6
2637 192 9
2638 189 0
2639 190 3
2640 193 3
2641 200 4
2642 190 4
2643 196 8
2644 198 11
2645 5 90
2646 10 97
2647 4 101
2648 7 98
2649 11 93
2650 0 97
2651 11 93
2652 9 97
2653 4 90
2654 5 99
2655 9 100
2656 11 91
2657 8 93
2658 4 99
2659 6 97
2660 11 92
2661 9 97
2662 6 98
2663 4 88
2664 1 97
2665 7 95
2666 10 92
2667 1 96
2668 3 94
2669 5 96
2670 10 91
2671 0 99
2672 9 98
2673 2 98
2674 0 100
2675 203 85
2676 204 77
2677 189 69
2678 191 71
2679 197 73
2680 200 76
2681 202 75
2682 200 70
2683 194 85
2684 204 75
2685 193 70
2686 194 71
2687 193 81
2688 195 69
2689 191 73
2690 192 70
2691 200 76
2692 189 83
2693 190 84
2694 194 79
2695 198 84
2696 203 80
2697 190 84
2698 199 85
2699 193 69
2700 199 76
2701 194 86
2702 193 84
2703 200 69
2704 189 83
2705 98 182
2706 96 175
2707 97 183
2708 88 173
2709 94 173
2710 100 180
2711 87 186
2712 87 176
2713 98 187
2714 97 187
2715 93 178
2716 101 185
2717 100 179
2718 87 187
2719 97 184
2720 90 176
2721 101 181
2722 98 177
2723 98 181
2724 97 182
2725 98 178
2726 92 183
2727 93 175
2728 98 182
2729 98 180
2730 96 174
2731 97 180
2732 95 182
2733 93 174
2734 97 183
2735 119 174
2736 132 181
2737 125 181
2738 125 183
2739 133 183
2740 124 174
2741 134 181
2742 125 173
2743 118 182
2744 122 175
2745 119 175
2746 133 173
2747 128 176
2748 123 173
2749 121 185
2750 129 182
2751 120 185
2752 128 175
2753 128 182
2754 135 173
2755 122 178
2756 124 185
2757 124 183
2758 135 186
2759 129 178
2760 126 178
2761 131 179
2762 123 173
2763 132 178
2764 133 175
2765 42 140
2766 32 138
2767 35 140
2768 37 148
2769 49 145
2770 50 154
2771 35 153
2772 36 143
2773 47 153
2774 40 140
2775 43 149
2776 33 142
2777 44 141
2778 32 152
2779 46 136
2780 34 146
2781 34 146
2782 41 153
2783 49 138
2784 36 137
2785 35 140
2786 36 147
2787 34 150
2788 46 151
2789 39 140
2790 36 144
2791 34 154
2792 44 146
2793 50 139
2794 47 151
2795 97 113
2796 91 106
2797 98 113
2798 101 111
2799 97 103
2800 101 103
2801 88 102
2802 99 102
2803 88 113
2804 91 109
2805 101 116
2806 90 102
2807 90 105
2808 89 107
2809 88 102
2810 88 105
2811 99 113
2812 94 111
2813 101 108
2814 93 114
2815 91 115
2816 97 112
2817 101 106
2818 88 111
2819 91 107
2820 94 116
2821 95 116
2822 101 114
2823 94 115
2824 10 52
2825 2 56
2826 0 57
2827 7 60
2828 10 67
2829 3 58
2830 2 67
2831 3 56
2832 3 60
2833 1 63
2834 5 61
2835 3 61
2836 3 53
2837 9 52
2838 6 54
2839 1 61
2840 10 57
2841 9 51
2842 9 63
2843 8 59
2844 9 52
2845 7 59
2846 2 63
2847 10 62
2848 9 62
2849 5 55
2850 9 65
2851 11 60
2852 5 55
2853 223 206
2854 223 208
2855 219 216
2856 210 213
2857 210 218
2858 217 215
2859 213 215
2860 211 216
2861 208 209
2862 210 211
2863 206 212
2864 207 206
2865 216 221
2866 216 212
2867 224 214
2868 218 219
2869 206 207
2870 217 215
2871 211 217
2872 223 214
2873 216 209
2874 216 205
2875 216 224
2876 209 212
2877 213 215
2878 224 222
