278 295 10 2940
0 6
1 7
2 8
3 5
4 10
5 6
6 7
7 7
8 6
9 9
10 5
11 10
12 4
13 3
14 3
15 3
16 3
17 3
18 4
19 4
20 3
21 3
22 3
23 3
24 3
25 4
26 3
27 3
28 3
29 4
30 3
31 3
32 6
33 6
34 3
35 4
36 3
37 3
38 3
39 3
40 3
41 3
42 3
43 3
44 3
45 3
46 3
47 3
48 4
49 4
50 5
51 3
52 3
53 4
54 3
55 4
56 3
57 3
58 5
59 3
60 3
61 4
62 3
63 3
64 4
65 3
66 4
67 5
68 3
69 3
70 3
71 5
72 3
73 3
74 3
75 3
76 4
77 4
78 3
79 3
80 3
81 5
82 4
83 3
84 4
85 3
86 6
87 3
88 3
89 3
90 3
91 3
92 4
93 4
94 3
95 3
96 4
97 5
98 3
99 4
100 3
101 3
102 3
103 4
104 3
105 4
106 3
107 8
108 3
109 5
110 3
111 3
112 3
113 4
114 3
115 3
116 4
117 3
118 4
119 3
120 3
121 3
122 4
123 4
124 4
125 3
126 3
127 4
128 3
129 3
130 3
131 3
132 4
133 3
134 3
135 4
136 3
137 3
138 3
139 3
140 3
141 4
142 3
143 4
144 4
145 3
146 3
147 3
148 6
149 3
150 4
151 5
152 3
153 4
154 3
155 3
156 3
157 3
158 3
159 3
160 3
161 3
162 3
163 3
164 3
165 3
166 3
167 4
168 3
169 3
170 3
171 3
172 3
173 7
174 3
175 3
176 4
177 3
178 3
179 3
180 3
181 3
182 3
183 4
184 3
185 4
186 5
187 3
188 4
189 3
190 3
191 3
192 4
193 3
194 3
195 5
196 4
197 6
198 3
199 4
200 3
201 3
202 4
203 4
204 4
205 4
206 5
207 3
208 3
209 3
210 4
211 3
212 3
213 3
214 3
215 4
216 3
217 3
218 4
219 3
220 4
221 3
222 3
223 3
224 5
225 3
226 3
227 3
228 3
229 3
230 3
231 4
232 3
233 3
234 3
235 3
236 3
237 5
238 4
239 5
240 5
241 3
242 3
243 3
244 3
245 3
246 3
247 3
248 4
249 3
250 3
251 4
252 3
253 4
254 5
255 3
256 3
257 3
258 4
259 3
260 6
261 3
262 3
263 3
264 3
265 3
266 3
267 3
268 3
269 3
270 3
271 3
272 3
273 3
274 3
275 3
276 4
277 6
0 0 2
1 0 4
2 0 7
3 0 9
4 0 11
5 0 240
6 1 5
7 1 6
8 1 7
9 1 8
10 1 11
11 1 220
12 2 4
13 2 7
14 2 8
15 2 9
16 2 11
17 2 99
18 3 4
19 3 6
20 3 10
21 3 11
22 3 170
23 4 6
24 4 8
25 4 11
26 4 12
27 4 47
28 4 66
29 4 203
30 5 9
31 5 11
32 5 29
33 6 9
34 6 10
35 6 132
36 6 152
37 7 11
38 7 116
39 7 186
40 8 81
41 9 10
42 9 11
43 9 260
44 12 13
45 13 21
46 14 24
47 14 25
48 15 21
49 15 20
50 16 23
51 17 18
52 18 22
53 19 20
54 19 23
55 19 27
56 22 23
57 25 27
58 26 28
59 27 28
60 29 42
61 29 37
62 30 33
63 31 37
64 32 34
65 32 44
66 32 45
67 32 39
68 33 36
69 33 43
70 33 35
71 35 41
72 35 37
73 35 46
74 38 40
75 38 44
76 39 46
77 47 50
78 48 57
79 48 64
80 49 61
81 49 50
82 49 57
83 50 62
84 51 64
85 52 63
86 53 59
87 53 62
88 54 64
89 54 65
90 55 63
91 55 64
92 56 58
93 58 60
94 58 61
95 66 77
96 66 79
97 66 75
98 67 74
99 67 76
100 67 77
101 68 75
102 68 71
103 69 71
104 70 78
105 71 80
106 72 77
107 73 76
108 76 78
109 81 97
110 81 86
111 82 93
112 82 86
113 82 96
114 83 84
115 83 93
116 84 91
117 85 86
118 86 88
119 87 95
120 89 97
121 90 94
122 92 96
123 92 98
124 93 95
125 94 97
126 99 114
127 99 108
128 100 113
129 101 113
130 101 110
131 102 107
132 103 104
133 103 109
134 105 106
135 105 107
136 106 112
137 107 111
138 107 110
139 107 109
140 107 115
141 108 109
142 116 117
143 116 122
144 116 131
145 118 119
146 118 121
147 120 122
148 121 123
149 122 126
150 122 129
151 123 127
152 124 125
153 124 130
154 124 129
155 127 128
156 128 130
157 132 136
158 132 150
159 133 151
160 134 148
161 134 146
162 135 144
163 135 148
164 137 151
165 138 150
166 138 141
167 139 144
168 140 142
169 140 146
170 140 143
171 141 146
172 143 149
173 145 148
174 147 148
175 149 151
176 152 160
177 152 167
178 153 167
179 153 169
180 154 155
181 155 168
182 156 164
183 156 167
184 157 162
185 157 167
186 158 168
187 158 169
188 159 163
189 160 163
190 161 163
191 165 166
192 165 169
193 170 178
194 171 176
195 172 177
196 172 173
197 173 179
198 173 181
199 173 183
200 173 185
201 174 176
202 174 175
203 175 182
204 175 177
205 177 184
206 178 183
207 180 185
208 186 196
209 186 197
210 186 195
211 187 191
212 187 196
213 188 193
214 188 195
215 188 202
216 189 195
217 190 202
218 192 201
219 192 195
220 194 199
221 197 198
222 197 199
223 197 200
224 203 218
225 204 215
226 204 208
227 205 210
228 205 206
229 206 209
230 206 216
231 206 211
232 207 218
233 208 216
234 210 218
235 211 214
236 212 219
237 213 215
238 214 219
239 217 219
240 220 233
241 221 223
242 221 233
243 221 224
244 222 232
245 222 238
246 224 235
247 224 237
248 224 231
249 225 232
250 226 235
251 227 235
252 228 230
253 228 237
254 229 236
255 229 239
256 231 239
257 234 239
258 237 238
259 240 248
260 240 254
261 241 254
262 241 259
263 242 243
264 242 244
265 244 256
266 245 253
267 245 258
268 245 248
269 246 254
270 247 255
271 247 248
272 249 251
273 250 251
274 250 253
275 251 252
276 251 257
277 256 258
278 260 266
279 260 264
280 260 267
281 261 277
282 262 277
283 263 272
284 263 277
285 264 274
286 264 275
287 265 273
288 265 267
289 267 269
290 268 277
291 269 276
292 270 275
293 271 273
294 276 277
0 237 9
1 223 2
2 235 2
3 236 7
4 229 11
5 223 2
6 239 10
7 237 8
8 237 6
9 228 2
10 237 3
11 226 3
12 238 0
13 230 6
14 232 5
15 236 8
16 230 0
17 235 9
18 228 8
19 226 10
20 228 2
21 236 10
22 228 7
23 235 7
24 229 7
25 239 7
26 239 5
27 259 123
28 246 117
29 248 116
30 259 128
31 258 129
32 258 118
33 257 116
34 240 125
35 255 125
36 246 125
37 248 125
38 255 125
39 243 126
40 252 129
41 258 125
42 247 124
43 243 124
44 248 127
45 258 120
46 259 129
47 256 128
48 251 122
49 251 121
50 251 121
51 257 130
52 256 125
53 241 124
54 251 125
55 255 129
56 254 118
57 185 57
58 184 53
59 176 62
60 180 65
61 170 51
62 183 56
63 179 62
64 175 59
65 180 59
66 170 64
67 180 52
68 173 57
69 174 59
70 173 59
71 171 65
72 181 63
73 181 56
74 183 61
75 185 61
76 176 55
77 183 59
78 174 59
79 170 61
80 178 54
81 180 54
82 174 59
83 184 58
84 171 53
85 174 65
86 181 65
87 60 143
88 48 141
89 49 149
90 56 135
91 65 136
92 49 150
93 48 138
94 48 151
95 56 132
96 53 151
97 53 151
98 65 142
99 54 141
100 62 150
101 55 144
102 57 149
103 63 136
104 56 134
105 50 150
106 63 146
107 61 139
108 59 132
109 62 133
110 61 147
111 51 147
112 50 145
113 53 138
114 53 140
115 50 135
116 59 150
117 164 269
118 165 269
119 163 272
120 158 265
121 168 275
122 152 268
123 161 273
124 153 271
125 159 266
126 163 276
127 158 269
128 166 264
129 162 268
130 165 275
131 167 273
132 153 262
133 167 269
134 163 265
135 152 260
136 166 274
137 158 266
138 157 266
139 163 269
140 153 268
141 153 260
142 168 277
143 156 275
144 167 270
145 152 263
146 158 271
147 80 205
148 70 217
149 74 209
150 69 215
151 75 217
152 66 210
153 70 205
154 68 205
155 69 210
156 80 204
157 67 204
158 73 216
159 71 203
160 70 205
161 71 205
162 73 206
163 80 209
164 76 207
165 76 214
166 79 219
167 67 219
168 69 218
169 67 210
170 72 211
171 79 212
172 76 215
173 75 205
174 68 217
175 75 210
176 68 210
177 61 162
178 61 156
179 55 167
180 52 167
181 62 168
182 56 162
183 59 162
184 59 152
185 62 167
186 62 153
187 52 156
188 63 156
189 48 168
190 60 165
191 47 164
192 55 169
193 48 152
194 53 158
195 60 169
196 61 158
197 56 153
198 61 157
199 54 167
200 59 163
201 56 160
202 62 166
203 50 157
204 56 153
205 59 167
206 64 157
207 113 224
208 109 221
209 102 225
210 114 220
211 105 227
212 114 225
213 104 236
214 104 239
215 99 227
216 111 237
217 109 223
218 115 220
219 103 237
220 107 221
221 113 237
222 102 222
223 99 233
224 115 229
225 107 230
226 113 228
227 108 236
228 107 222
229 105 221
230 106 239
231 102 236
232 103 233
233 99 221
234 112 220
235 101 226
236 114 231
237 197 169
238 186 160
239 197 161
240 197 164
241 200 152
242 198 157
243 198 159
244 197 169
245 187 159
246 195 166
247 200 167
248 189 153
249 199 163
250 188 158
251 197 162
252 199 158
253 198 165
254 202 152
255 198 156
256 196 169
257 198 155
258 196 160
259 189 161
260 196 164
261 200 161
262 192 156
263 192 162
264 201 153
265 202 152
266 202 166
267 245 226
268 248 236
269 240 224
270 254 227
271 250 226
272 244 220
273 253 223
274 252 239
275 245 220
276 249 230
277 241 222
278 259 225
279 253 226
280 250 224
281 243 222
282 251 223
283 257 222
284 241 231
285 252 222
286 247 225
287 247 221
288 256 226
289 259 239
290 255 229
291 257 225
292 240 236
293 258 237
294 247 235
295 242 223
296 249 223
297 54 162
298 48 169
299 54 155
300 55 152
301 54 154
302 51 155
303 61 166
304 53 152
305 64 167
306 51 167
307 61 154
308 52 155
309 50 153
310 61 157
311 59 157
312 48 155
313 58 158
314 63 166
315 62 156
316 48 156
317 60 159
318 56 159
319 64 167
320 48 154
321 64 153
322 55 152
323 54 152
324 55 159
325 65 158
326 52 162
327 265 268
328 270 265
329 262 272
330 271 272
331 260 270
332 261 267
333 260 271
334 276 271
335 267 263
336 262 271
337 262 264
338 272 269
339 276 260
340 260 272
341 261 273
342 264 273
343 271 275
344 277 264
345 270 271
346 274 261
347 276 264
348 266 275
349 272 269
350 265 272
351 171 17
352 175 19
353 178 15
354 171 26
355 174 13
356 170 14
357 177 25
358 174 26
359 184 14
360 179 17
361 172 14
362 181 19
363 183 16
364 182 25
365 184 16
366 172 21
367 184 26
368 178 17
369 183 21
370 174 14
371 180 12
372 176 22
373 177 15
374 173 16
375 184 26
376 181 20
377 185 24
378 177 21
379 171 17
380 178 21
381 217 262
382 208 262
383 213 272
384 203 272
385 215 276
386 209 272
387 205 265
388 211 266
389 203 261
390 214 271
391 212 264
392 216 272
393 211 269
394 213 264
395 203 266
396 215 268
397 206 265
398 217 267
399 215 270
400 211 277
401 215 267
402 203 265
403 214 274
404 213 265
405 206 260
406 205 262
407 208 276
408 205 277
409 212 262
410 211 271
411 171 20
412 176 12
413 185 24
414 179 26
415 172 15
416 181 15
417 178 28
418 183 19
419 181 15
420 185 27
421 173 22
422 180 21
423 185 19
424 173 25
425 174 24
426 177 20
427 185 18
428 185 17
429 185 16
430 177 18
431 172 12
432 174 25
433 184 22
434 179 22
435 184 16
436 183 18
437 176 15
438 179 21
439 179 21
440 179 13
441 150 137
442 133 136
443 142 139
444 142 138
445 144 136
446 132 139
447 151 150
448 151 141
449 146 133
450 142 149
451 147 149
452 133 132
453 136 145
454 143 141
455 148 149
456 151 134
457 133 134
458 136 142
459 139 148
460 146 136
461 140 137
462 133 142
463 136 148
464 132 149
465 144 143
466 136 139
467 248 71
468 256 79
469 242 70
470 240 73
471 247 73
472 247 77
473 252 80
474 252 72
475 243 74
476 258 72
477 249 77
478 245 80
479 256 75
480 247 73
481 256 71
482 242 67
483 258 76
484 250 78
485 242 71
486 244 69
487 256 69
488 243 72
489 259 70
490 254 73
491 254 67
492 243 73
493 244 72
494 257 79
495 259 71
496 240 79
497 194 121
498 199 131
499 191 127
500 195 119
501 200 125
502 200 127
503 199 127
504 201 126
505 190 128
506 194 125
507 187 118
508 189 130
509 200 125
510 200 126
511 197 128
512 200 123
513 198 123
514 198 124
515 201 129
516 190 119
517 186 119
518 199 122
519 197 128
520 188 121
521 202 123
522 198 129
523 187 127
524 195 123
525 187 128
526 186 120
527 247 193
528 256 197
529 258 194
530 245 202
531 243 200
532 245 192
533 240 202
534 254 186
535 254 198
536 243 190
537 257 186
538 255 200
539 257 194
540 257 198
541 252 195
542 252 195
543 244 199
544 256 196
545 251 186
546 259 188
547 249 188
548 242 198
549 249 198
550 248 192
551 254 191
552 247 201
553 241 202
554 245 201
555 243 189
556 240 202
557 80 48
558 71 48
559 70 53
560 72 52
561 75 48
562 70 54
563 77 59
564 69 53
565 67 55
566 77 60
567 68 47
568 77 54
569 67 51
570 75 55
571 75 47
572 79 61
573 78 58
574 70 49
575 68 64
576 72 60
577 72 60
578 67 50
579 78 56
580 80 47
581 72 56
582 80 50
583 69 64
584 67 53
585 79 59
586 70 52
587 40 67
588 29 75
589 45 75
590 40 69
591 29 66
592 37 74
593 38 69
594 34 79
595 31 75
596 34 76
597 43 72
598 38 69
599 35 77
600 29 70
601 36 77
602 46 77
603 34 68
604 36 78
605 43 67
606 34 70
607 42 80
608 37 80
609 31 72
610 40 68
611 35 70
612 36 73
613 44 76
614 40 80
615 41 74
616 42 78
617 210 80
618 215 69
619 215 74
620 214 75
621 210 68
622 216 67
623 206 67
624 212 66
625 212 72
626 214 78
627 219 67
628 203 72
629 214 68
630 204 74
631 211 75
632 205 66
633 219 70
634 206 70
635 206 74
636 206 80
637 205 75
638 204 69
639 207 68
640 206 80
641 212 73
642 204 72
643 218 67
644 215 66
645 219 72
646 152 257
647 168 253
648 167 241
649 158 255
650 169 259
651 168 256
652 161 246
653 160 254
654 155 243
655 157 249
656 155 245
657 159 252
658 164 252
659 165 254
660 157 249
661 157 241
662 155 256
663 158 241
664 165 255
665 157 249
666 166 243
667 160 240
668 158 240
669 165 247
670 168 249
671 153 241
672 166 241
673 158 257
674 157 243
675 157 246
676 272 137
677 262 143
678 266 145
679 264 144
680 262 138
681 260 141
682 261 134
683 266 133
684 268 142
685 275 147
686 268 135
687 274 145
688 276 133
689 263 144
690 265 138
691 266 136
692 272 149
693 274 140
694 260 144
695 276 144
696 276 145
697 272 136
698 276 149
699 273 140
700 273 143
701 273 148
702 272 146
703 260 132
704 274 137
705 265 144
706 168 3
707 158 6
708 161 8
709 157 10
710 159 10
711 168 6
712 162 0
713 164 0
714 162 9
715 164 5
716 165 0
717 156 8
718 168 6
719 158 3
720 162 2
721 161 10
722 166 0
723 161 8
724 154 2
725 154 1
726 159 2
727 161 10
728 168 11
729 153 7
730 158 7
731 163 3
732 169 2
733 154 0
734 164 0
735 19 103
736 16 103
737 25 106
738 17 113
739 15 111
740 17 115
741 25 115
742 25 106
743 28 104
744 18 101
745 17 102
746 25 106
747 20 105
748 15 106
749 12 102
750 28 106
751 18 115
752 22 108
753 12 99
754 27 107
755 15 112
756 21 110
757 23 110
758 16 102
759 18 107
760 23 99
761 26 110
762 12 99
763 21 108
764 12 110
765 85 126
766 92 130
767 95 126
768 83 129
769 87 128
770 85 119
771 96 121
772 88 127
773 92 123
774 91 126
775 87 126
776 94 128
777 89 121
778 85 118
779 96 118
780 87 125
781 88 128
782 87 122
783 89 125
784 90 116
785 84 127
786 88 129
787 82 116
788 89 118
789 98 126
790 84 130
791 97 127
792 93 118
793 87 123
794 85 122
795 20 98
796 13 93
797 19 93
798 28 84
799 21 85
800 12 97
801 15 81
802 25 94
803 16 96
804 19 86
805 25 96
806 17 94
807 17 81
808 15 95
809 17 90
810 22 90
811 14 82
812 19 93
813 28 89
814 18 86
815 23 93
816 17 89
817 12 97
818 28 97
819 14 85
820 25 83
821 25 86
822 24 89
823 18 98
824 25 85
825 92 10
826 93 5
827 86 3
828 85 5
829 95 5
830 96 6
831 85 11
832 94 9
833 98 2
834 86 9
835 85 5
836 94 10
837 96 5
838 96 10
839 90 9
840 93 1
841 86 4
842 85 2
843 84 4
844 96 0
845 83 10
846 94 10
847 83 1
848 94 9
849 84 5
850 92 5
851 81 0
852 95 3
853 92 4
854 165 99
855 168 113
856 167 107
857 153 103
858 169 111
859 165 108
860 156 104
861 168 113
862 167 114
863 153 110
864 159 100
865 165 106
866 163 113
867 152 113
868 157 113
869 165 106
870 160 114
871 167 108
872 160 108
873 167 111
874 164 100
875 163 105
876 163 110
877 167 115
878 153 99
879 163 105
880 158 102
881 166 99
882 165 102
883 159 111
884 118 202
885 128 188
886 125 196
887 128 198
888 127 198
889 121 192
890 122 192
891 126 186
892 120 190
893 123 186
894 122 201
895 126 197
896 118 188
897 118 189
898 122 196
899 118 188
900 121 187
901 127 193
902 125 187
903 119 195
904 120 187
905 125 187
906 117 194
907 123 200
908 130 189
909 120 193
910 129 186
911 117 194
912 125 202
913 127 192
914 219 190
915 206 196
916 208 194
917 213 197
918 219 188
919 207 191
920 204 194
921 219 187
922 216 191
923 204 196
924 218 201
925 203 189
926 206 195
927 214 193
928 204 201
929 205 187
930 207 192
931 203 192
932 218 199
933 206 186
934 210 199
935 214 199
936 206 197
937 209 188
938 217 189
939 219 193
940 209 202
941 205 196
942 217 186
943 209 196
944 186 162
945 194 160
946 197 161
947 201 160
948 191 168
949 200 156
950 187 165
951 189 153
952 188 168
953 199 167
954 191 164
955 200 158
956 202 165
957 186 161
958 197 166
959 201 165
960 199 154
961 197 155
962 191 167
963 190 164
964 189 156
965 191 157
966 191 153
967 186 164
968 191 158
969 201 159
970 196 156
971 197 163
972 190 153
973 193 164
974 178 251
975 184 258
976 174 246
977 181 251
978 176 246
979 178 247
980 182 248
981 177 253
982 172 246
983 171 248
984 184 257
985 173 243
986 178 256
987 180 247
988 181 249
989 177 249
990 183 258
991 175 241
992 170 245
993 179 256
994 173 245
995 178 254
996 173 245
997 184 253
998 184 242
999 180 252
1000 183 254
1001 183 252
1002 174 241
1003 180 243
1004 239 80
1005 222 80
1006 236 73
1007 230 76
1008 222 69
1009 237 74
1010 225 70
1011 223 71
1012 223 74
1013 232 69
1014 239 79
1015 220 72
1016 223 68
1017 221 66
1018 231 66
1019 237 71
1020 239 67
1021 233 80
1022 230 78
1023 235 72
1024 222 69
1025 221 78
1026 225 80
1027 232 77
1028 230 69
1029 232 66
1030 227 76
1031 223 80
1032 231 67
1033 222 78
1034 8 123
1035 5 127
1036 7 129
1037 11 124
1038 8 131
1039 2 129
1040 9 116
1041 1 128
1042 9 120
1043 7 128
1044 5 118
1045 4 120
1046 4 117
1047 3 127
1048 11 124
1049 4 131
1050 11 123
1051 3 117
1052 6 120
1053 6 124
1054 10 124
1055 3 126
1056 6 129
1057 5 124
1058 0 129
1059 9 127
1060 7 125
1061 11 123
1062 6 118
1063 4 129
1064 64 152
1065 63 164
1066 50 165
1067 60 160
1068 51 169
1069 64 158
1070 49 165
1071 51 160
1072 48 168
1073 64 158
1074 62 164
1075 62 158
1076 56 157
1077 61 156
1078 58 169
1079 60 161
1080 56 166
1081 49 155
1082 64 165
1083 49 154
1084 54 159
1085 52 158
1086 50 165
1087 62 161
1088 57 166
1089 51 161
1090 61 156
1091 65 152
1092 61 155
1093 54 165
1094 17 240
1095 26 256
1096 21 240
1097 25 251
1098 24 244
1099 20 246
1100 28 255
1101 14 254
1102 24 251
1103 16 246
1104 23 241
1105 21 249
1106 19 252
1107 18 254
1108 14 250
1109 14 251
1110 21 244
1111 19 248
1112 23 259
1113 25 242
1114 12 251
1115 28 254
1116 24 240
1117 28 245
1118 28 257
1119 15 247
1120 23 255
1121 23 259
1122 19 253
1123 16 240
1124 211 50
1125 208 58
1126 204 47
1127 208 65
1128 211 51
1129 207 51
1130 207 59
1131 213 48
1132 209 57
1133 216 57
1134 206 48
1135 204 59
1136 218 52
1137 211 48
1138 214 49
1139 215 55
1140 215 62
1141 203 49
1142 217 56
1143 208 56
1144 209 63
1145 216 64
1146 205 49
1147 204 57
1148 207 55
1149 214 54
1150 203 55
1151 216 51
1152 210 47
1153 217 47
1154 238 202
1155 230 202
1156 232 194
1157 224 199
1158 235 201
1159 225 189
1160 228 194
1161 223 187
1162 227 202
1163 231 192
1164 239 194
1165 224 187
1166 225 191
1167 233 202
1168 227 192
1169 234 191
1170 228 202
1171 234 186
1172 224 191
1173 238 190
1174 220 196
1175 233 199
1176 232 186
1177 221 195
1178 235 196
1179 230 187
1180 228 192
1181 236 195
1182 228 189
1183 238 197
1184 100 188
1185 101 189
1186 112 191
1187 112 186
1188 110 187
1189 99 188
1190 100 194
1191 104 200
1192 104 187
1193 107 197
1194 102 199
1195 107 191
1196 113 186
1197 100 187
1198 104 188
1199 102 191
1200 100 199
1201 115 201
1202 111 195
1203 103 193
1204 99 193
1205 110 200
1206 101 198
1207 100 188
1208 112 194
1209 106 202
1210 108 188
1211 101 192
1212 103 197
1213 112 193
1214 275 77
1215 262 78
1216 269 78
1217 276 70
1218 260 76
1219 273 78
1220 276 67
1221 267 71
1222 266 78
1223 273 67
1224 267 71
1225 262 77
1226 260 66
1227 263 67
1228 277 73
1229 265 72
1230 261 77
1231 262 74
1232 271 70
1233 265 75
1234 274 72
1235 270 75
1236 276 77
1237 268 76
1238 276 69
1239 275 73
1240 264 80
1241 261 73
1242 268 75
1243 274 80
1244 97 161
1245 91 164
1246 86 154
1247 97 152
1248 89 158
1249 81 162
1250 92 162
1251 85 153
1252 95 152
1253 87 156
1254 98 163
1255 90 168
1256 92 160
1257 81 167
1258 85 163
1259 91 154
1260 83 154
1261 84 165
1262 86 154
1263 83 167
1264 97 166
1265 86 165
1266 91 155
1267 84 160
1268 95 154
1269 83 164
1270 91 157
1271 81 165
1272 88 157
1273 87 166
1274 211 252
1275 207 241
1276 214 248
1277 208 247
1278 212 253
1279 207 255
1280 205 257
1281 215 255
1282 214 258
1283 212 257
1284 213 253
1285 218 242
1286 208 247
1287 204 255
1288 218 246
1289 211 242
1290 213 255
1291 210 258
1292 217 246
1293 207 241
1294 217 251
1295 218 247
1296 211 242
1297 213 259
1298 213 259
1299 213 246
1300 207 250
1301 203 254
1302 210 248
1303 207 246
1304 78 146
1305 68 137
1306 76 140
1307 78 146
1308 66 134
1309 70 146
1310 74 146
1311 68 140
1312 71 137
1313 77 139
1314 77 137
1315 77 150
1316 66 150
1317 77 142
1318 76 142
1319 70 138
1320 72 143
1321 75 142
1322 74 147
1323 70 148
1324 76 137
1325 73 132
1326 72 141
1327 80 146
1328 74 142
1329 71 133
1330 75 148
1331 70 146
1332 70 144
1333 74 141
1334 52 108
1335 60 107
1336 50 103
1337 64 114
1338 49 110
1339 51 113
1340 60 105
1341 64 107
1342 47 108
1343 60 115
1344 58 110
1345 58 106
1346 58 109
1347 47 101
1348 52 101
1349 63 109
1350 47 110
1351 65 101
1352 49 111
1353 56 114
1354 52 105
1355 62 109
1356 56 115
1357 50 99
1358 61 106
1359 64 114
1360 49 106
1361 48 101
1362 50 99
1363 54 114
1364 82 114
1365 97 115
1366 91 114
1367 92 104
1368 81 100
1369 90 100
1370 91 111
1371 89 107
1372 85 104
1373 98 109
1374 85 102
1375 85 110
1376 85 105
1377 89 100
1378 82 105
1379 98 110
1380 94 113
1381 81 111
1382 90 112
1383 89 112
1384 86 106
1385 87 106
1386 90 107
1387 91 104
1388 91 113
1389 85 111
1390 97 108
1391 87 113
1392 82 113
1393 84 112
1394 173 95
1395 184 96
1396 172 84
1397 171 86
1398 178 83
1399 184 95
1400 173 95
1401 176 84
1402 185 83
1403 177 88
1404 170 83
1405 179 90
1406 182 94
1407 182 87
1408 173 96
1409 170 81
1410 175 92
1411 177 85
1412 172 97
1413 176 84
1414 183 86
1415 178 93
1416 178 93
1417 182 82
1418 183 96
1419 174 94
1420 180 91
1421 182 92
1422 182 96
1423 178 89
1424 106 42
1425 99 32
1426 115 36
1427 109 29
1428 109 31
1429 103 30
1430 112 36
1431 108 37
1432 115 31
1433 107 30
1434 113 36
1435 108 31
1436 107 30
1437 102 41
1438 107 32
1439 107 40
1440 103 39
1441 102 31
1442 110 36
1443 109 43
1444 105 39
1445 102 30
1446 105 32
1447 100 36
1448 109 43
1449 106 29
1450 101 41
1451 113 41
1452 107 45
1453 101 30
1454 76 121
1455 79 118
1456 76 116
1457 69 129
1458 68 124
1459 78 121
1460 75 126
1461 77 116
1462 66 117
1463 71 124
1464 78 120
1465 74 124
1466 75 122
1467 72 129
1468 79 125
1469 79 122
1470 80 119
1471 68 128
1472 80 117
1473 73 117
1474 73 120
1475 77 127
1476 70 116
1477 76 123
1478 66 126
1479 71 119
1480 80 128
1481 80 123
1482 79 129
1483 74 119
1484 254 40
1485 252 43
1486 258 41
1487 256 36
1488 243 36
1489 257 45
1490 254 29
1491 254 38
1492 249 30
1493 246 46
1494 253 30
1495 253 34
1496 240 42
1497 244 42
1498 247 44
1499 259 29
1500 258 31
1501 240 37
1502 245 45
1503 242 29
1504 248 38
1505 259 34
1506 258 32
1507 255 37
1508 255 39
1509 254 38
1510 258 37
1511 252 31
1512 249 36
1513 257 34
1514 85 98
1515 92 94
1516 85 92
1517 92 87
1518 84 88
1519 82 98
1520 92 95
1521 96 81
1522 89 95
1523 96 87
1524 96 85
1525 94 91
1526 98 89
1527 98 90
1528 92 83
1529 88 95
1530 82 94
1531 84 96
1532 95 85
1533 86 87
1534 254 264
1535 240 270
1536 240 271
1537 241 277
1538 246 262
1539 244 274
1540 254 274
1541 256 266
1542 255 274
1543 258 271
1544 246 277
1545 244 273
1546 253 266
1547 245 271
1548 249 264
1549 256 264
1550 255 263
1551 240 268
1552 248 266
1553 250 265
1554 252 267
1555 240 266
1556 247 263
1557 250 261
1558 258 270
1559 259 277
1560 257 266
1561 252 269
1562 257 265
1563 244 261
1564 47 214
1565 62 214
1566 52 206
1567 63 219
1568 55 203
1569 61 216
1570 48 216
1571 64 210
1572 65 213
1573 63 204
1574 53 210
1575 59 219
1576 51 205
1577 57 214
1578 53 216
1579 64 210
1580 58 217
1581 58 216
1582 52 218
1583 52 214
1584 57 215
1585 52 204
1586 62 204
1587 60 210
1588 57 219
1589 49 210
1590 61 206
1591 61 207
1592 51 207
1593 61 210
1594 37 269
1595 30 269
1596 38 272
1597 35 273
1598 30 262
1599 31 270
1600 39 264
1601 31 277
1602 31 261
1603 37 260
1604 46 271
1605 41 264
1606 44 277
1607 44 270
1608 32 262
1609 30 277
1610 39 270
1611 34 273
1612 33 270
1613 36 267
1614 38 268
1615 29 265
1616 43 262
1617 42 264
1618 33 277
1619 30 261
1620 42 274
1621 39 275
1622 34 264
1623 44 264
1624 48 137
1625 56 144
1626 50 151
1627 51 135
1628 64 142
1629 53 149
1630 48 148
1631 61 150
1632 48 144
1633 65 145
1634 54 133
1635 58 148
1636 48 145
1637 65 133
1638 48 133
1639 58 132
1640 56 146
1641 59 145
1642 48 134
1643 49 151
1644 58 146
1645 51 148
1646 49 146
1647 60 137
1648 62 151
1649 65 149
1650 65 147
1651 58 148
1652 49 149
1653 57 136
1654 188 143
1655 195 141
1656 202 134
1657 195 147
1658 188 137
1659 199 147
1660 202 138
1661 196 142
1662 202 132
1663 186 138
1664 187 137
1665 187 132
1666 190 150
1667 187 143
1668 192 136
1669 193 133
1670 192 143
1671 195 139
1672 188 151
1673 196 136
1674 191 150
1675 197 142
1676 187 136
1677 201 133
1678 190 150
1679 187 142
1680 191 147
1681 196 134
1682 191 149
1683 186 148
1684 14 154
1685 15 168
1686 12 152
1687 19 166
1688 28 163
1689 17 164
1690 18 152
1691 20 152
1692 28 156
1693 23 152
1694 27 167
1695 19 157
1696 28 168
1697 20 154
1698 17 162
1699 13 164
1700 15 152
1701 22 163
1702 24 166
1703 16 159
1704 15 155
1705 27 166
1706 28 164
1707 19 163
1708 25 168
1709 21 153
1710 14 153
1711 21 168
1712 24 164
1713 21 156
1714 188 41
1715 200 32
1716 198 38
1717 186 35
1718 190 44
1719 197 43
1720 195 32
1721 192 42
1722 195 36
1723 196 31
1724 196 33
1725 198 42
1726 195 32
1727 195 29
1728 196 44
1729 193 40
1730 192 31
1731 188 35
1732 187 34
1733 192 38
1734 187 44
1735 198 40
1736 192 41
1737 200 32
1738 196 46
1739 187 29
1740 187 35
1741 196 43
1742 196 36
1743 196 29
1744 117 169
1745 117 166
1746 129 154
1747 129 169
1748 125 158
1749 120 160
1750 128 153
1751 125 163
1752 123 166
1753 131 153
1754 128 166
1755 117 155
1756 117 162
1757 121 161
1758 121 160
1759 129 157
1760 126 152
1761 120 168
1762 119 165
1763 121 153
1764 128 166
1765 129 152
1766 120 158
1767 126 153
1768 121 162
1769 120 159
1770 124 159
1771 131 155
1772 126 157
1773 121 166
1774 77 6
1775 77 6
1776 73 5
1777 67 9
1778 78 6
1779 78 8
1780 70 2
1781 68 2
1782 70 6
1783 78 11
1784 69 0
1785 74 11
1786 79 0
1787 75 7
1788 66 7
1789 66 1
1790 77 7
1791 79 11
1792 70 7
1793 76 8
1794 79 5
1795 69 10
1796 74 1
1797 71 10
1798 72 7
1799 70 3
1800 162 91
1801 158 82
1802 165 97
1803 152 82
1804 152 92
1805 152 85
1806 163 90
1807 166 95
1808 162 97
1809 158 98
1810 157 97
1811 167 94
1812 153 97
1813 162 89
1814 157 98
1815 160 91
1816 153 95
1817 166 95
1818 169 93
1819 167 95
1820 169 95
1821 167 90
1822 154 98
1823 159 93
1824 167 88
1825 167 93
1826 159 90
1827 153 94
1828 165 95
1829 162 92
1830 192 129
1831 187 126
1832 196 123
1833 199 120
1834 187 118
1835 198 131
1836 195 124
1837 191 127
1838 191 120
1839 192 130
1840 194 118
1841 190 121
1842 190 130
1843 189 130
1844 202 127
1845 198 117
1846 191 117
1847 191 120
1848 189 127
1849 193 118
1850 197 122
1851 201 117
1852 192 129
1853 190 131
1854 191 119
1855 197 121
1856 199 120
1857 186 128
1858 191 116
1859 190 117
1860 120 9
1861 122 5
1862 119 4
1863 130 10
1864 119 6
1865 117 5
1866 118 4
1867 125 6
1868 125 4
1869 125 4
1870 127 6
1871 126 5
1872 130 2
1873 130 5
1874 119 10
1875 122 8
1876 122 8
1877 130 3
1878 126 5
1879 119 8
1880 128 5
1881 129 2
1882 130 5
1883 127 3
1884 126 3
1885 123 5
1886 117 6
1887 119 10
1888 129 2
1889 195 128
1890 193 129
1891 189 118
1892 194 128
1893 199 125
1894 194 120
1895 197 129
1896 186 129
1897 202 125
1898 197 128
1899 190 123
1900 199 116
1901 196 118
1902 191 116
1903 190 130
1904 199 131
1905 202 130
1906 202 122
1907 189 131
1908 197 128
1909 195 122
1910 200 116
1911 198 129
1912 189 119
1913 186 130
1914 202 123
1915 187 129
1916 192 125
1917 199 119
1918 190 117
1919 59 67
1920 49 69
1921 54 70
1922 48 77
1923 65 75
1924 50 66
1925 54 73
1926 64 74
1927 50 69
1928 54 68
1929 56 66
1930 58 78
1931 52 71
1932 50 68
1933 50 68
1934 62 72
1935 47 80
1936 51 74
1937 55 80
1938 52 68
1939 47 67
1940 58 66
1941 48 68
1942 65 78
1943 49 73
1944 55 70
1945 51 80
1946 57 78
1947 62 80
1948 57 70
1949 232 178
1950 235 181
1951 227 170
1952 230 176
1953 237 171
1954 231 173
1955 233 178
1956 227 171
1957 228 173
1958 223 175
1959 227 177
1960 236 180
1961 225 179
1962 230 181
1963 232 172
1964 222 174
1965 236 178
1966 226 181
1967 228 180
1968 226 172
1969 224 171
1970 233 172
1971 225 171
1972 234 170
1973 234 184
1974 239 184
1975 230 183
1976 222 182
1977 234 172
1978 227 174
1979 224 15
1980 233 19
1981 226 13
1982 230 21
1983 227 22
1984 239 14
1985 227 19
1986 223 12
1987 228 15
1988 237 25
1989 232 19
1990 228 25
1991 235 22
1992 233 22
1993 222 14
1994 220 14
1995 235 21
1996 230 22
1997 236 22
1998 234 16
1999 236 27
2000 232 17
2001 229 15
2002 227 14
2003 238 17
2004 233 17
2005 236 27
2006 227 16
2007 224 26
2008 225 13
2009 6 37
2010 8 37
2011 7 45
2012 0 29
2013 5 41
2014 0 31
2015 1 46
2016 3 32
2017 2 42
2018 4 43
2019 4 46
2020 8 45
2021 3 33
2022 4 38
2023 9 46
2024 2 33
2025 2 31
2026 9 39
2027 0 46
2028 8 39
2029 10 41
2030 11 37
2031 1 37
2032 0 38
2033 3 33
2034 2 33
2035 3 30
2036 9 45
2037 0 35
2038 105 264
2039 99 277
2040 108 274
2041 107 265
2042 114 262
2043 115 263
2044 111 277
2045 106 270
2046 109 264
2047 110 277
2048 108 260
2049 110 271
2050 109 277
2051 100 277
2052 111 272
2053 109 276
2054 102 273
2055 110 265
2056 110 275
2057 115 274
2058 100 274
2059 100 274
2060 114 269
2061 109 275
2062 115 267
2063 111 260
2064 113 272
2065 113 262
2066 100 264
2067 99 272
2068 111 148
2069 100 147
2070 114 149
2071 111 133
2072 100 143
2073 107 139
2074 108 142
2075 109 136
2076 113 138
2077 113 139
2078 115 139
2079 115 148
2080 115 147
2081 108 149
2082 113 145
2083 107 143
2084 99 134
2085 113 137
2086 109 140
2087 99 142
2088 99 142
2089 100 146
2090 111 137
2091 103 139
2092 103 139
2093 111 147
2094 100 144
2095 107 150
2096 106 147
2097 111 145
2098 242 62
2099 256 61
2100 244 53
2101 251 54
2102 253 59
2103 246 60
2104 254 65
2105 240 61
2106 247 47
2107 254 61
2108 257 61
2109 248 56
2110 246 48
2111 257 64
2112 244 64
2113 240 57
2114 254 62
2115 245 63
2116 257 49
2117 255 53
2118 257 61
2119 257 53
2120 259 64
2121 251 63
2122 244 49
2123 248 57
2124 259 63
2125 248 52
2126 255 57
2127 258 56
2128 90 79
2129 88 80
2130 91 71
2131 89 71
2132 81 75
2133 84 71
2134 87 80
2135 95 75
2136 85 74
2137 84 67
2138 82 80
2139 88 74
2140 97 78
2141 97 78
2142 83 71
2143 85 77
2144 82 70
2145 97 72
2146 96 71
2147 90 70
2148 91 79
2149 95 66
2150 86 78
2151 93 74
2152 82 71
2153 92 68
2154 93 77
2155 87 80
2156 86 75
2157 94 80
2158 125 202
2159 119 194
2160 130 193
2161 128 200
2162 124 193
2163 123 202
2164 126 194
2165 131 199
2166 116 193
2167 117 195
2168 126 187
2169 121 198
2170 122 194
2171 127 199
2172 121 202
2173 126 194
2174 121 193
2175 131 190
2176 129 198
2177 118 186
2178 126 197
2179 120 198
2180 126 193
2181 128 192
2182 120 196
2183 120 198
2184 122 190
2185 117 192
2186 124 200
2187 118 188
2188 222 9
2189 225 4
2190 228 7
2191 229 1
2192 236 0
2193 235 7
2194 224 11
2195 235 1
2196 235 3
2197 229 11
2198 236 10
2199 225 10
2200 231 6
2201 231 1
2202 230 9
2203 226 2
2204 227 6
2205 233 5
2206 235 3
2207 227 6
2208 230 8
2209 223 3
2210 227 11
2211 239 6
2212 221 11
2213 221 11
2214 229 6
2215 236 10
2216 237 3
2217 231 107
2218 231 111
2219 236 110
2220 237 99
2221 227 104
2222 223 106
2223 239 112
2224 227 110
2225 236 109
2226 232 109
2227 239 113
2228 234 102
2229 221 114
2230 222 103
2231 231 99
2232 227 101
2233 226 112
2234 225 112
2235 232 110
2236 233 110
2237 223 109
2238 236 105
2239 236 109
2240 239 104
2241 227 115
2242 236 107
2243 239 108
2244 238 113
2245 224 113
2246 224 105
2247 126 117
2248 131 126
2249 121 120
2250 119 126
2251 123 126
2252 128 116
2253 121 116
2254 125 120
2255 128 129
2256 117 129
2257 128 129
2258 123 120
2259 117 129
2260 130 120
2261 131 121
2262 131 130
2263 126 130
2264 126 123
2265 119 128
2266 128 116
2267 130 122
2268 121 130
2269 40 65
2270 32 57
2271 33 57
2272 43 47
2273 30 59
2274 43 59
2275 39 63
2276 40 53
2277 40 49
2278 34 57
2279 33 65
2280 40 64
2281 42 60
2282 30 62
2283 33 56
2284 31 60
2285 44 62
2286 31 52
2287 32 48
2288 43 55
2289 46 51
2290 40 57
2291 38 62
2292 30 50
2293 39 59
2294 31 58
2295 44 49
2296 43 47
2297 45 59
2298 37 48
2299 159 104
2300 161 113
2301 164 100
2302 161 105
2303 160 109
2304 160 113
2305 168 99
2306 157 99
2307 162 115
2308 168 104
2309 168 105
2310 162 111
2311 168 113
2312 162 111
2313 165 112
2314 156 102
2315 167 110
2316 169 114
2317 158 104
2318 164 113
2319 158 102
2320 162 106
2321 169 108
2322 165 102
2323 166 110
2324 154 104
2325 154 100
2326 167 108
2327 166 114
2328 162 107
2329 264 59
2330 270 58
2331 263 64
2332 261 60
2333 273 51
2334 266 64
2335 273 57
2336 276 65
2337 273 64
2338 272 52
2339 276 63
2340 262 59
2341 260 64
2342 261 56
2343 265 47
2344 277 50
2345 269 48
2346 267 52
2347 264 64
2348 272 65
2349 265 55
2350 273 62
2351 271 47
2352 275 63
2353 273 55
2354 270 47
2355 263 61
2356 277 51
2357 274 61
2358 266 54
2359 112 133
2360 100 139
2361 104 137
2362 103 147
2363 115 136
2364 104 133
2365 109 137
2366 107 151
2367 106 137
2368 113 150
2369 108 140
2370 112 140
2371 104 139
2372 105 141
2373 114 147
2374 105 150
2375 114 144
2376 110 142
2377 106 139
2378 110 138
2379 103 150
2380 106 145
2381 112 134
2382 100 138
2383 99 147
2384 104 132
2385 101 132
2386 113 151
2387 115 133
2388 114 133
2389 91 130
2390 98 120
2391 88 131
2392 84 119
2393 87 117
2394 89 127
2395 87 129
2396 98 123
2397 93 128
2398 84 120
2399 85 116
2400 90 127
2401 86 120
2402 86 118
2403 98 119
2404 87 126
2405 85 116
2406 88 125
2407 92 124
2408 86 123
2409 94 125
2410 85 131
2411 88 126
2412 90 123
2413 87 124
2414 86 120
2415 98 130
2416 82 123
2417 91 122
2418 90 129
2419 109 19
2420 113 15
2421 110 20
2422 115 18
2423 112 19
2424 102 14
2425 110 17
2426 114 23
2427 114 23
2428 103 14
2429 106 26
2430 100 23
2431 100 13
2432 103 16
2433 108 13
2434 105 23
2435 103 16
2436 107 19
2437 104 13
2438 115 24
2439 103 26
2440 102 15
2441 105 17
2442 107 14
2443 104 22
2444 109 22
2445 111 13
2446 100 18
2447 115 27
2448 108 20
2449 90 12
2450 84 18
2451 86 27
2452 81 13
2453 81 28
2454 91 28
2455 98 25
2456 91 19
2457 96 18
2458 83 26
2459 96 26
2460 82 17
2461 92 17
2462 88 15
2463 82 13
2464 90 12
2465 98 12
2466 89 20
2467 92 21
2468 89 12
2469 90 22
2470 89 18
2471 89 24
2472 85 12
2473 82 13
2474 82 20
2475 81 26
2476 95 16
2477 91 23
2478 84 28
2479 120 48
2480 117 51
2481 125 52
2482 121 57
2483 131 57
2484 119 48
2485 124 57
2486 123 65
2487 122 48
2488 126 65
2489 131 64
2490 131 63
2491 129 57
2492 116 48
2493 128 65
2494 128 64
2495 117 50
2496 125 49
2497 127 57
2498 119 55
2499 125 49
2500 126 54
2501 121 51
2502 128 63
2503 116 64
2504 118 60
2505 128 58
2506 126 50
2507 118 47
2508 121 56
2509 198 187
2510 186 190
2511 190 199
2512 197 202
2513 191 202
2514 197 193
2515 202 192
2516 198 190
2517 200 193
2518 201 197
2519 190 201
2520 190 196
2521 198 193
2522 202 197
2523 201 194
2524 202 200
2525 200 195
2526 191 198
2527 190 196
2528 200 190
2529 59 230
2530 51 224
2531 48 229
2532 52 238
2533 49 224
2534 56 224
2535 65 221
2536 50 227
2537 60 233
2538 59 234
2539 47 221
2540 50 238
2541 57 222
2542 49 235
2543 52 235
2544 63 236
2545 47 230
2546 61 230
2547 54 224
2548 58 233
2549 49 225
2550 47 232
2551 47 223
2552 51 239
2553 61 224
2554 51 234
2555 49 222
2556 56 228
2557 48 236
2558 51 227
2559 277 260
2560 274 271
2561 261 266
2562 267 277
2563 264 272
2564 275 268
2565 261 265
2566 269 275
2567 261 265
2568 270 272
2569 274 270
2570 274 261
2571 269 261
2572 274 268
2573 274 271
2574 267 270
2575 277 270
2576 267 272
2577 273 269
2578 277 260
2579 274 276
2580 266 262
2581 39 5
2582 36 7
2583 38 3
2584 44 6
2585 30 0
2586 41 1
2587 38 5
2588 38 1
2589 41 11
2590 29 7
2591 30 11
2592 42 3
2593 30 0
2594 46 4
2595 40 9
2596 42 10
2597 34 2
2598 44 5
2599 40 6
2600 39 1
2601 34 5
2602 32 10
2603 44 6
2604 45 2
2605 43 9
2606 40 9
2607 38 7
2608 31 3
2609 43 5
2610 268 186
2611 266 199
2612 277 194
2613 275 200
2614 265 200
2615 275 202
2616 268 187
2617 262 198
2618 261 193
2619 272 187
2620 277 186
2621 273 187
2622 277 200
2623 260 199
2624 274 196
2625 273 191
2626 268 194
2627 272 201
2628 273 198
2629 267 200
2630 265 189
2631 271 198
2632 271 202
2633 277 194
2634 264 186
2635 268 186
2636 261 193
2637 264 190
2638 264 186
2639 269 200
2640 162 143
2641 155 141
2642 161 147
2643 152 145
2644 163 142
2645 168 132
2646 153 140
2647 167 143
2648 165 149
2649 168 151
2650 158 148
2651 152 134
2652 157 149
2653 167 134
2654 158 144
2655 160 144
2656 169 143
2657 165 137
2658 154 144
2659 166 147
2660 158 136
2661 159 149
2662 167 134
2663 156 149
2664 167 136
2665 161 139
2666 152 142
2667 158 133
2668 160 142
2669 167 145
2670 188 100
2671 186 110
2672 196 114
2673 192 109
2674 187 109
2675 195 115
2676 193 111
2677 191 102
2678 199 113
2679 198 109
2680 200 103
2681 186 104
2682 189 105
2683 190 105
2684 190 100
2685 195 103
2686 191 111
2687 189 107
2688 190 105
2689 191 109
2690 186 99
2691 189 112
2692 202 113
2693 195 104
2694 191 102
2695 195 108
2696 195 108
2697 201 115
2698 198 107
2699 190 108
2700 20 141
2701 25 139
2702 15 147
2703 26 147
2704 17 140
2705 16 145
2706 13 132
2707 24 137
2708 21 151
2709 21 142
2710 13 137
2711 21 150
2712 17 139
2713 21 139
2714 27 139
2715 21 141
2716 28 149
2717 14 145
2718 28 149
2719 19 143
2720 13 150
2721 19 151
2722 17 139
2723 27 149
2724 23 133
2725 22 147
2726 16 133
2727 19 150
2728 13 136
2729 25 150
2730 207 32
2731 210 29
2732 214 43
2733 206 41
2734 214 43
2735 204 41
2736 219 32
2737 212 36
2738 213 42
2739 210 38
2740 212 42
2741 211 40
2742 217 46
2743 208 44
2744 213 30
2745 204 36
2746 214 35
2747 213 40
2748 209 42
2749 203 32
2750 219 38
2751 209 37
2752 211 30
2753 210 32
2754 215 40
2755 211 43
2756 212 40
2757 207 36
2758 215 45
2759 214 43
2760 158 62
2761 161 63
2762 160 60
2763 166 47
2764 165 53
2765 152 58
2766 154 48
2767 153 48
2768 162 58
2769 157 59
2770 153 51
2771 169 49
2772 155 48
2773 164 51
2774 153 54
2775 160 64
2776 165 60
2777 161 54
2778 166 56
2779 160 64
2780 155 56
2781 152 49
2782 169 51
2783 161 65
2784 152 59
2785 160 62
2786 157 65
2787 166 47
2788 158 57
2789 154 54
2790 44 59
2791 40 51
2792 29 50
2793 29 54
2794 41 48
2795 40 51
2796 39 54
2797 32 62
2798 29 62
2799 42 55
2800 45 49
2801 40 55
2802 29 47
2803 41 52
2804 41 64
2805 29 58
2806 39 47
2807 38 64
2808 41 56
2809 46 57
2810 40 56
2811 40 48
2812 44 58
2813 34 48
2814 44 47
2815 31 58
2816 46 54
2817 30 61
2818 37 49
2819 35 52
2820 38 63
2821 30 48
2822 39 64
2823 29 63
2824 42 65
2825 37 62
2826 40 57
2827 46 49
2828 44 65
2829 35 52
2830 34 51
2831 32 50
2832 31 48
2833 32 63
2834 36 47
2835 33 59
2836 43 54
2837 29 54
2838 29 57
2839 44 58
2840 36 58
2841 37 52
2842 32 49
2843 46 64
2844 36 60
2845 44 49
2846 30 50
2847 43 63
2848 46 47
2849 43 61
2850 253 72
2851 247 66
2852 254 67
2853 246 75
2854 244 74
2855 252 70
2856 245 71
2857 259 67
2858 249 74
2859 252 70
2860 257 74
2861 248 69
2862 255 71
2863 252 80
2864 247 70
2865 240 74
2866 257 80
2867 254 68
2868 252 76
2869 251 75
2870 245 71
2871 255 68
2872 257 76
2873 243 78
2874 256 69
2875 256 70
2876 257 70
2877 253 80
2878 256 71
2879 250 72
2880 263 139
2881 271 144
2882 271 133
2883 267 146
2884 264 143
2885 273 136
2886 267 138
2887 272 148
2888 272 138
2889 265 140
2890 266 136
2891 275 151
2892 270 143
2893 262 148
2894 267 133
2895 275 151
2896 267 135
2897 265 137
2898 260 139
2899 277 149
2900 261 138
2901 260 143
2902 268 150
2903 276 149
2904 276 151
2905 265 142
2906 272 145
2907 264 146
2908 261 149
2909 275 144
2910 250 76
2911 256 76
2912 256 68
2913 244 72
2914 257 70
2915 242 71
2916 258 67
2917 241 73
2918 241 71
2919 241 69
2920 258 79
2921 259 80
2922 252 67
2923 243 68
2924 257 70
2925 253 69
2926 244 76
2927 255 66
2928 258 74
2929 252 76
2930 258 75
2931 248 71
2932 259 67
2933 254 75
2934 241 74
2935 257 70
2936 258 78
2937 255 73
2938 253 79
2939 255 69
