257 281 10 2938
0 7
1 6
2 7
3 8
4 10
5 5
6 11
7 11
8 14
9 9
10 7
11 6
12 3
13 4
14 3
15 4
16 3
17 3
18 3
19 3
20 3
21 4
22 4
23 3
24 3
25 3
26 6
27 5
28 3
29 3
30 3
31 3
32 4
33 4
34 3
35 3
36 3
37 3
38 3
39 3
40 3
41 3
42 3
43 3
44 3
45 3
46 3
47 4
48 3
49 4
50 5
51 4
52 3
53 4
54 4
55 3
56 3
57 6
58 3
59 3
60 3
61 3
62 5
63 4
64 3
65 4
66 3
67 3
68 3
69 3
70 5
71 4
72 5
73 3
74 3
75 3
76 4
77 6
78 3
79 3
80 3
81 3
82 3
83 3
84 4
85 3
86 3
87 3
88 3
89 3
90 3
91 3
92 3
93 7
94 3
95 4
96 3
97 3
98 3
99 3
100 4
101 4
102 5
103 3
104 3
105 3
106 3
107 3
108 5
109 3
110 3
111 4
112 4
113 3
114 3
115 4
116 3
117 3
118 4
119 3
120 3
121 4
122 3
123 3
124 4
125 4
126 4
127 3
128 3
129 4
130 3
131 3
132 4
133 3
134 3
135 3
136 4
137 3
138 3
139 4
140 3
141 5
142 4
143 3
144 3
145 3
146 4
147 3
148 5
149 4
150 3
151 3
152 3
153 3
154 4
155 4
156 3
157 4
158 3
159 3
160 3
161 4
162 5
163 3
164 3
165 3
166 3
167 3
168 4
169 3
170 3
171 3
172 5
173 3
174 4
175 4
176 3
177 4
178 4
179 3
180 3
181 4
182 3
183 3
184 4
185 3
186 3
187 3
188 3
189 4
190 3
191 4
192 7
193 3
194 4
195 3
196 3
197 3
198 4
199 3
200 3
201 3
202 3
203 3
204 3
205 3
206 3
207 5
208 3
209 3
210 5
211 3
212 3
213 3
214 3
215 4
216 4
217 3
218 3
219 3
220 3
221 5
222 3
223 4
224 3
225 3
226 3
227 6
228 4
229 3
230 3
231 3
232 3
233 3
234 3
235 3
236 3
237 3
238 3
239 3
240 3
241 4
242 3
243 3
244 3
245 4
246 3
247 3
248 3
249 4
250 3
251 3
252 3
253 3
254 3
255 4
256 3
0 0 1
1 0 4
2 0 8
3 0 9
4 0 10
5 0 155
6 0 172
7 1 5
8 1 6
9 1 7
10 1 8
11 1 75
12 2 3
13 2 4
14 2 6
15 2 7
16 2 8
17 2 9
18 2 10
19 3 6
20 3 8
21 3 11
22 3 42
23 3 140
24 3 205
25 4 5
26 4 6
27 4 7
28 4 8
29 4 9
30 4 27
31 4 241
32 5 7
33 5 8
34 6 7
35 6 8
36 6 9
37 6 11
38 6 92
39 7 8
40 7 9
41 7 10
42 7 59
43 7 108
44 8 10
45 8 11
46 8 123
47 8 190
48 9 12
49 9 221
50 10 11
51 12 21
52 12 18
53 13 14
54 13 21
55 14 16
56 15 17
57 15 26
58 16 22
59 18 25
60 19 26
61 20 22
62 21 24
63 23 26
64 25 26
65 27 30
66 27 37
67 28 33
68 29 33
69 29 37
70 29 39
71 31 39
72 32 35
73 32 34
74 34 36
75 36 41
76 38 39
77 38 40
78 38 41
79 42 47
80 43 54
81 44 53
82 45 50
83 46 57
84 47 51
85 47 50
86 48 55
87 49 52
88 49 58
89 50 54
90 51 56
91 53 56
92 54 57
93 55 57
94 57 58
95 59 70
96 59 62
97 60 62
98 61 70
99 62 67
100 63 67
101 63 74
102 64 72
103 65 73
104 65 71
105 66 71
106 68 70
107 69 70
108 71 72
109 72 74
110 75 79
111 75 77
112 76 85
113 76 77
114 77 87
115 77 88
116 77 91
117 78 83
118 79 90
119 80 83
120 80 90
121 81 86
122 81 84
123 82 84
124 82 87
125 89 91
126 92 93
127 93 94
128 93 95
129 93 99
130 93 102
131 95 96
132 97 99
133 98 103
134 99 105
135 100 103
136 100 104
137 100 102
138 101 106
139 101 102
140 102 107
141 108 119
142 108 111
143 109 120
144 109 115
145 110 112
146 111 112
147 111 121
148 111 122
149 113 116
150 113 118
151 114 121
152 115 117
153 117 121
154 118 119
155 123 131
156 123 124
157 124 125
158 125 132
159 126 127
160 126 133
161 126 132
162 126 139
163 128 132
164 129 134
165 129 138
166 130 137
167 130 139
168 131 136
169 132 138
170 135 136
171 140 154
172 141 147
173 141 146
174 141 154
175 142 143
176 142 144
177 142 153
178 142 149
179 145 154
180 146 151
181 147 152
182 148 150
183 148 149
184 148 151
185 155 156
186 156 169
187 157 163
188 157 158
189 158 165
190 159 160
191 159 166
192 159 167
193 161 167
194 161 165
195 161 168
196 162 168
197 162 170
198 162 171
199 163 169
200 164 168
201 172 173
202 172 177
203 172 181
204 174 181
205 174 186
206 174 184
207 175 179
208 175 189
209 176 181
210 177 182
211 178 180
212 178 189
213 179 183
214 179 187
215 184 189
216 185 189
217 187 188
218 190 192
219 191 197
220 191 198
221 192 194
222 192 193
223 192 203
224 192 199
225 193 198
226 194 200
227 195 201
228 196 201
229 196 198
230 199 204
231 202 204
232 205 215
233 206 216
234 207 208
235 207 215
236 207 219
237 209 214
238 210 212
239 210 213
240 210 218
241 210 220
242 211 220
243 214 216
244 214 217
245 217 220
246 218 219
247 221 223
248 221 225
249 221 226
250 222 240
251 223 231
252 224 227
253 225 236
254 226 234
255 227 235
256 227 229
257 227 233
258 228 237
259 228 233
260 228 240
261 229 238
262 230 232
263 232 238
264 233 234
265 234 239
266 241 252
267 241 254
268 241 242
269 242 253
270 242 249
271 243 255
272 243 251
273 244 251
274 245 249
275 245 256
276 246 252
277 247 256
278 248 255
279 249 251
280 250 254
0 220 244
1 220 244
2 211 247
3 215 244
4 209 241
5 220 242
6 211 247
7 209 242
8 210 244
9 218 244
10 211 247
11 219 251
12 208 247
13 205 243
14 207 243
15 218 256
16 217 249
17 211 242
18 214 250
19 215 249
20 207 245
21 206 247
22 220 245
23 216 253
24 216 242
25 209 243
26 207 241
27 217 241
28 217 255
29 206 247
30 4 189
31 1 186
32 3 186
33 4 175
34 0 176
35 10 180
36 1 186
37 4 174
38 2 174
39 4 179
40 6 187
41 4 183
42 0 175
43 6 173
44 8 179
45 6 184
46 7 172
47 9 184
48 2 182
49 10 185
50 3 181
51 7 176
52 11 176
53 7 187
54 1 181
55 6 184
56 11 174
57 11 175
58 11 186
59 148 40
60 150 34
61 141 39
62 143 29
63 145 37
64 150 40
65 150 35
66 152 29
67 153 32
68 149 33
69 141 28
70 147 28
71 141 33
72 151 33
73 140 34
74 153 29
75 152 38
76 154 35
77 154 36
78 152 41
79 154 38
80 141 38
81 142 33
82 154 31
83 144 29
84 144 37
85 154 31
86 153 39
87 143 30
88 150 40
89 221 182
90 231 174
91 224 174
92 237 185
93 230 173
94 232 186
95 236 186
96 224 173
97 223 178
98 235 186
99 237 173
100 224 189
101 236 173
102 230 185
103 231 184
104 231 172
105 228 178
106 234 177
107 235 179
108 227 173
109 233 173
110 224 184
111 229 180
112 238 174
113 236 187
114 225 174
115 233 185
116 223 176
117 236 172
118 230 185
119 137 115
120 134 112
121 128 115
122 127 114
123 135 108
124 125 109
125 127 120
126 130 114
127 136 118
128 126 109
129 133 112
130 136 116
131 134 112
132 131 118
133 128 119
134 123 121
135 128 109
136 136 108
137 134 113
138 134 115
139 139 113
140 127 113
141 127 111
142 129 117
143 127 109
144 132 111
145 135 116
146 131 122
147 135 116
148 131 122
149 115 50
150 118 56
151 112 49
152 112 49
153 112 46
154 121 42
155 110 54
156 120 45
157 112 48
158 113 46
159 120 52
160 122 42
161 115 53
162 117 56
163 122 44
164 118 53
165 110 52
166 122 57
167 114 55
168 122 57
169 116 51
170 108 56
171 115 50
172 122 45
173 121 42
174 115 45
175 109 50
176 113 46
177 112 54
178 111 55
179 128 254
180 132 256
181 123 242
182 139 256
183 132 247
184 139 245
185 130 251
186 129 247
187 136 250
188 130 253
189 137 254
190 127 249
191 138 245
192 127 242
193 128 246
194 133 251
195 131 241
196 136 255
197 134 247
198 129 242
199 135 251
200 124 248
201 132 252
202 128 253
203 130 245
204 135 252
205 123 253
206 137 243
207 131 248
208 131 242
209 215 72
210 206 69
211 218 59
212 216 74
213 220 66
214 212 68
215 214 73
216 216 60
217 208 74
218 213 65
219 208 74
220 214 72
221 209 68
222 207 66
223 206 72
224 205 63
225 210 65
226 212 61
227 215 63
228 210 70
229 213 65
230 212 65
231 210 74
232 208 74
233 220 59
234 207 66
235 213 70
236 216 65
237 220 70
238 206 67
239 124 58
240 132 52
241 132 47
242 125 56
243 132 48
244 124 46
245 124 58
246 138 53
247 136 58
248 133 48
249 127 45
250 136 55
251 126 58
252 129 47
253 134 50
254 133 51
255 125 56
256 130 57
257 126 55
258 137 45
259 127 53
260 129 43
261 125 54
262 134 42
263 129 49
264 130 50
265 139 47
266 123 56
267 127 49
268 129 48
269 200 137
270 199 134
271 202 139
272 195 133
273 201 132
274 199 131
275 199 123
276 203 123
277 192 136
278 200 126
279 201 124
280 191 135
281 204 139
282 200 128
283 196 123
284 204 130
285 193 135
286 204 127
287 203 123
288 199 125
289 194 139
290 197 134
291 192 136
292 198 134
293 202 129
294 195 124
295 191 123
296 204 132
297 196 124
298 200 126
299 19 32
300 24 36
301 20 35
302 15 33
303 21 31
304 16 38
305 18 27
306 20 33
307 17 41
308 18 27
309 25 35
310 18 36
311 22 32
312 16 31
313 26 40
314 20 39
315 18 34
316 12 34
317 25 33
318 23 39
319 20 31
320 17 38
321 13 37
322 20 29
323 19 30
324 16 31
325 24 28
326 21 40
327 24 36
328 24 34
329 89 256
330 78 252
331 83 241
332 89 246
333 75 250
334 81 251
335 88 251
336 85 250
337 76 246
338 88 246
339 83 252
340 80 252
341 89 247
342 75 256
343 88 249
344 85 247
345 81 246
346 76 248
347 75 256
348 89 248
349 81 247
350 89 250
351 80 242
352 88 245
353 80 252
354 75 250
355 82 247
356 89 254
357 84 253
358 89 249
359 49 35
360 51 31
361 54 39
362 53 36
363 45 29
364 45 35
365 42 32
366 49 28
367 47 40
368 53 36
369 51 34
370 57 33
371 51 34
372 54 28
373 52 31
374 55 40
375 47 31
376 44 33
377 54 31
378 50 37
379 46 37
380 57 27
381 46 37
382 50 27
383 52 31
384 54 29
385 56 27
386 42 39
387 42 36
388 44 39
389 103 161
390 99 167
391 100 171
392 99 160
393 101 159
394 95 160
395 103 160
396 94 159
397 100 155
398 97 155
399 94 170
400 107 167
401 95 159
402 95 160
403 94 162
404 99 171
405 93 155
406 97 165
407 93 165
408 106 170
409 93 163
410 102 168
411 104 163
412 107 156
413 106 156
414 95 169
415 92 164
416 92 162
417 107 163
418 107 166
419 87 83
420 84 75
421 79 81
422 90 85
423 79 82
424 90 88
425 82 89
426 89 86
427 88 79
428 79 88
429 77 78
430 87 85
431 91 82
432 82 75
433 89 78
434 91 85
435 84 88
436 77 86
437 80 76
438 79 91
439 124 195
440 133 197
441 134 190
442 126 193
443 123 204
444 132 193
445 128 196
446 138 203
447 138 193
448 124 199
449 123 196
450 126 194
451 129 194
452 137 191
453 137 200
454 134 192
455 127 191
456 123 200
457 127 200
458 124 191
459 136 204
460 126 200
461 126 203
462 131 197
463 137 197
464 126 202
465 124 191
466 136 203
467 138 195
468 123 194
469 138 46
470 135 43
471 139 44
472 123 58
473 135 56
474 137 54
475 129 54
476 135 42
477 134 53
478 135 46
479 124 55
480 129 45
481 125 49
482 128 50
483 139 52
484 134 54
485 129 42
486 138 55
487 135 53
488 132 58
489 135 45
490 135 47
491 129 43
492 136 51
493 123 56
494 133 46
495 129 48
496 131 47
497 131 56
498 126 43
499 3 100
500 11 102
501 7 94
502 7 106
503 7 105
504 2 97
505 3 99
506 6 106
507 8 93
508 4 104
509 3 107
510 4 98
511 5 101
512 2 104
513 8 98
514 10 107
515 10 104
516 11 105
517 8 94
518 1 97
519 5 104
520 10 99
521 8 95
522 6 105
523 3 96
524 7 105
525 49 39
526 45 37
527 51 41
528 56 32
529 55 41
530 48 39
531 57 39
532 57 32
533 47 38
534 42 39
535 54 27
536 52 38
537 54 32
538 58 34
539 49 35
540 53 37
541 53 40
542 55 33
543 49 36
544 53 34
545 50 36
546 51 36
547 44 30
548 52 32
549 44 40
550 55 37
551 49 41
552 47 32
553 45 36
554 50 29
555 186 134
556 178 136
557 177 138
558 186 132
559 183 127
560 174 133
561 179 129
562 182 139
563 180 138
564 173 131
565 188 135
566 172 132
567 177 133
568 189 131
569 174 132
570 187 135
571 184 139
572 189 134
573 180 137
574 187 138
575 188 126
576 177 126
577 186 139
578 178 130
579 173 125
580 180 124
581 188 127
582 178 129
583 186 137
584 181 129
585 204 25
586 199 20
587 191 22
588 195 12
589 202 23
590 201 20
591 198 20
592 195 14
593 203 26
594 203 22
595 194 21
596 197 13
597 194 18
598 198 17
599 199 15
600 199 24
601 202 20
602 193 22
603 198 12
604 202 19
605 199 12
606 198 19
607 196 20
608 191 17
609 191 12
610 200 20
611 191 19
612 190 26
613 202 16
614 191 24
615 231 207
616 236 215
617 225 220
618 225 206
619 221 218
620 237 209
621 238 211
622 225 205
623 229 214
624 222 206
625 230 205
626 232 220
627 233 207
628 228 212
629 228 213
630 233 209
631 221 208
632 237 216
633 240 219
634 234 207
635 232 218
636 238 207
637 230 212
638 226 206
639 237 206
640 223 214
641 240 219
642 225 211
643 229 210
644 226 212
645 196 194
646 198 200
647 198 202
648 203 195
649 202 201
650 191 200
651 198 194
652 194 198
653 200 199
654 195 194
655 196 197
656 202 197
657 201 199
658 193 200
659 197 190
660 190 202
661 203 191
662 28 66
663 33 72
664 28 63
665 38 61
666 38 71
667 38 72
668 38 67
669 35 63
670 39 65
671 36 66
672 36 65
673 31 73
674 38 61
675 28 69
676 33 74
677 31 72
678 34 65
679 40 71
680 36 62
681 27 60
682 32 65
683 38 71
684 31 62
685 35 73
686 37 72
687 28 65
688 33 71
689 33 67
690 34 71
691 32 65
692 221 112
693 237 113
694 239 113
695 240 115
696 238 108
697 232 117
698 239 109
699 234 114
700 223 116
701 235 115
702 227 118
703 227 110
704 233 121
705 235 112
706 235 115
707 230 121
708 223 120
709 236 115
710 232 118
711 223 112
712 235 121
713 235 114
714 226 109
715 236 108
716 232 114
717 234 119
718 221 122
719 237 119
720 226 122
721 236 111
722 138 200
723 132 191
724 129 204
725 139 204
726 129 200
727 125 194
728 139 193
729 129 198
730 127 203
731 133 203
732 129 201
733 137 190
734 134 193
735 137 195
736 136 198
737 133 191
738 137 194
739 132 198
740 131 204
741 134 192
742 139 204
743 136 199
744 124 200
745 126 191
746 124 198
747 138 200
748 124 200
749 127 203
750 134 192
751 69 76
752 74 85
753 70 78
754 72 84
755 63 84
756 62 84
757 61 90
758 59 85
759 72 84
760 73 87
761 65 82
762 63 84
763 63 83
764 74 88
765 70 84
766 71 91
767 71 78
768 59 84
769 69 80
770 67 75
771 70 91
772 67 89
773 61 86
774 62 80
775 67 77
776 68 77
777 63 79
778 63 81
779 72 78
780 72 83
781 236 130
782 233 123
783 231 129
784 238 132
785 228 137
786 223 124
787 234 133
788 237 133
789 228 138
790 234 134
791 227 130
792 223 136
793 236 137
794 240 127
795 225 130
796 230 128
797 223 129
798 237 129
799 232 133
800 225 132
801 221 128
802 233 137
803 235 129
804 233 125
805 232 131
806 223 129
807 229 126
808 237 134
809 230 129
810 233 124
811 26 0
812 18 5
813 23 1
814 15 3
815 24 5
816 17 0
817 20 2
818 12 3
819 14 3
820 26 2
821 22 1
822 22 9
823 16 4
824 22 9
825 13 2
826 19 4
827 13 6
828 24 5
829 15 10
830 13 4
831 16 10
832 13 10
833 15 0
834 23 0
835 12 1
836 22 0
837 26 0
838 23 10
839 68 41
840 73 35
841 60 39
842 69 27
843 68 33
844 65 32
845 69 38
846 63 34
847 67 38
848 69 35
849 68 37
850 74 39
851 65 35
852 59 33
853 73 31
854 64 35
855 59 31
856 62 27
857 69 27
858 71 34
859 71 38
860 74 27
861 71 36
862 64 30
863 72 28
864 62 28
865 69 31
866 61 35
867 64 33
868 59 31
869 68 131
870 60 130
871 69 125
872 67 138
873 63 126
874 67 137
875 68 127
876 72 137
877 64 133
878 62 135
879 68 123
880 61 129
881 71 135
882 67 127
883 67 131
884 71 125
885 61 128
886 69 125
887 63 138
888 64 130
889 61 125
890 72 129
891 68 129
892 61 125
893 72 128
894 61 133
895 68 129
896 62 133
897 66 133
898 66 127
899 243 114
900 247 116
901 242 111
902 249 108
903 246 121
904 247 121
905 244 112
906 252 112
907 241 112
908 242 115
909 247 110
910 249 108
911 241 116
912 243 119
913 254 112
914 245 110
915 252 120
916 247 112
917 246 113
918 251 118
919 256 115
920 251 108
921 251 110
922 254 112
923 242 116
924 247 121
925 241 114
926 253 119
927 242 119
928 241 108
929 139 89
930 128 75
931 133 83
932 138 75
933 133 83
934 125 88
935 130 85
936 134 79
937 125 81
938 130 83
939 138 85
940 128 84
941 127 83
942 133 87
943 135 83
944 126 83
945 123 86
946 137 80
947 126 75
948 133 85
949 137 75
950 132 75
951 126 76
952 134 84
953 126 90
954 137 79
955 139 88
956 134 87
957 139 86
958 128 82
959 22 0
960 19 1
961 25 5
962 25 7
963 13 1
964 20 5
965 17 8
966 24 4
967 18 4
968 20 11
969 12 11
970 19 7
971 17 9
972 19 6
973 16 0
974 24 11
975 22 0
976 16 0
977 25 11
978 18 3
979 25 11
980 14 10
981 26 3
982 25 5
983 18 2
984 19 3
985 17 0
986 13 10
987 23 3
988 223 243
989 238 253
990 239 251
991 239 253
992 230 253
993 224 244
994 224 245
995 238 251
996 224 242
997 228 252
998 232 255
999 239 243
1000 235 254
1001 222 249
1002 239 254
1003 228 247
1004 224 247
1005 224 256
1006 222 246
1007 235 254
1008 233 249
1009 235 255
1010 221 243
1011 235 246
1012 229 249
1013 225 250
1014 236 242
1015 237 253
1016 222 250
1017 228 249
1018 3 194
1019 10 191
1020 4 201
1021 9 192
1022 4 197
1023 5 202
1024 7 194
1025 11 200
1026 0 202
1027 6 200
1028 9 200
1029 10 197
1030 11 197
1031 10 201
1032 6 194
1033 11 201
1034 9 199
1035 8 201
1036 3 203
1037 5 191
1038 0 203
1039 9 197
1040 1 202
1041 9 192
1042 10 194
1043 9 200
1044 1 202
1045 77 10
1046 84 9
1047 81 1
1048 87 0
1049 87 1
1050 84 11
1051 87 7
1052 79 2
1053 84 11
1054 77 10
1055 80 9
1056 85 10
1057 79 3
1058 88 4
1059 85 0
1060 91 7
1061 79 7
1062 84 0
1063 84 0
1064 89 8
1065 85 2
1066 85 8
1067 81 7
1068 90 9
1069 78 9
1070 76 5
1071 78 9
1072 79 10
1073 81 2
1074 35 127
1075 30 136
1076 37 136
1077 40 131
1078 31 123
1079 35 134
1080 40 125
1081 37 130
1082 34 133
1083 38 124
1084 40 131
1085 35 128
1086 35 132
1087 34 129
1088 38 136
1089 41 132
1090 38 130
1091 32 134
1092 36 134
1093 36 129
1094 41 131
1095 27 135
1096 27 124
1097 30 137
1098 41 132
1099 31 135
1100 30 137
1101 41 129
1102 38 137
1103 28 129
1104 202 250
1105 203 249
1106 200 241
1107 198 249
1108 201 249
1109 202 243
1110 195 253
1111 202 250
1112 204 242
1113 196 246
1114 204 253
1115 197 256
1116 202 252
1117 200 251
1118 198 250
1119 199 256
1120 203 249
1121 198 243
1122 197 250
1123 204 255
1124 204 253
1125 199 242
1126 192 241
1127 198 242
1128 191 252
1129 202 253
1130 202 252
1131 192 252
1132 201 249
1133 197 249
1134 104 223
1135 95 229
1136 97 239
1137 95 234
1138 98 223
1139 93 222
1140 95 235
1141 95 231
1142 92 225
1143 94 240
1144 101 223
1145 97 236
1146 107 227
1147 94 236
1148 101 234
1149 94 229
1150 99 223
1151 106 231
1152 100 238
1153 99 222
1154 105 237
1155 107 230
1156 102 223
1157 100 229
1158 101 239
1159 92 229
1160 96 230
1161 102 221
1162 100 232
1163 102 238
1164 247 246
1165 256 248
1166 251 253
1167 248 244
1168 250 245
1169 243 241
1170 245 254
1171 250 245
1172 255 242
1173 251 252
1174 248 251
1175 246 251
1176 252 247
1177 244 241
1178 249 254
1179 246 253
1180 250 242
1181 249 247
1182 246 242
1183 244 247
1184 241 245
1185 242 246
1186 104 151
1187 94 143
1188 101 150
1189 106 140
1190 101 144
1191 97 153
1192 97 143
1193 103 153
1194 95 153
1195 104 145
1196 107 143
1197 102 154
1198 104 147
1199 104 150
1200 101 153
1201 96 140
1202 105 146
1203 105 153
1204 102 146
1205 106 154
1206 95 151
1207 103 147
1208 100 154
1209 101 140
1210 103 153
1211 107 142
1212 99 140
1213 106 151
1214 101 153
1215 92 149
1216 155 135
1217 171 135
1218 163 123
1219 171 134
1220 161 139
1221 156 128
1222 158 130
1223 161 132
1224 161 126
1225 165 125
1226 167 139
1227 156 125
1228 165 127
1229 156 130
1230 165 132
1231 169 137
1232 161 129
1233 168 132
1234 168 125
1235 157 127
1236 165 134
1237 171 128
1238 169 125
1239 157 131
1240 162 130
1241 164 128
1242 158 123
1243 155 128
1244 168 130
1245 155 132
1246 217 8
1247 218 7
1248 213 2
1249 216 6
1250 210 5
1251 209 3
1252 217 1
1253 218 8
1254 208 6
1255 218 0
1256 208 8
1257 216 11
1258 212 3
1259 205 4
1260 216 6
1261 213 11
1262 212 11
1263 218 8
1264 216 10
1265 210 4
1266 206 10
1267 212 1
1268 212 3
1269 206 8
1270 216 4
1271 208 6
1272 216 11
1273 210 3
1274 214 2
1275 161 72
1276 158 68
1277 162 63
1278 167 67
1279 159 69
1280 165 59
1281 171 65
1282 164 61
1283 163 66
1284 155 72
1285 162 72
1286 166 73
1287 169 73
1288 160 67
1289 155 72
1290 164 60
1291 170 73
1292 159 68
1293 171 63
1294 155 69
1295 168 60
1296 165 64
1297 163 65
1298 168 62
1299 164 67
1300 160 63
1301 159 66
1302 165 65
1303 163 73
1304 169 72
1305 83 167
1306 78 170
1307 91 158
1308 87 164
1309 88 157
1310 86 169
1311 78 161
1312 81 158
1313 78 161
1314 90 156
1315 86 170
1316 86 162
1317 90 156
1318 83 167
1319 75 161
1320 82 162
1321 91 160
1322 84 168
1323 81 162
1324 90 157
1325 82 165
1326 78 159
1327 87 167
1328 84 162
1329 83 160
1330 85 162
1331 83 159
1332 75 169
1333 89 164
1334 86 165
1335 171 230
1336 156 223
1337 155 222
1338 171 227
1339 160 222
1340 163 230
1341 165 226
1342 155 239
1343 169 238
1344 164 223
1345 163 222
1346 156 233
1347 171 240
1348 160 236
1349 162 221
1350 164 222
1351 160 231
1352 171 223
1353 157 227
1354 167 230
1355 168 224
1356 171 238
1357 155 224
1358 171 222
1359 159 227
1360 164 223
1361 159 234
1362 171 223
1363 158 229
1364 167 236
1365 98 2
1366 94 7
1367 93 2
1368 102 0
1369 96 3
1370 107 5
1371 106 10
1372 98 1
1373 101 9
1374 98 11
1375 107 0
1376 96 0
1377 107 5
1378 92 10
1379 106 8
1380 101 1
1381 96 10
1382 104 4
1383 101 2
1384 93 8
1385 107 6
1386 93 3
1387 98 2
1388 104 7
1389 95 11
1390 96 2
1391 106 4
1392 103 9
1393 96 6
1394 106 5
1395 3 122
1396 0 113
1397 2 118
1398 9 119
1399 9 120
1400 3 115
1401 6 119
1402 9 118
1403 4 113
1404 8 115
1405 7 114
1406 0 119
1407 5 110
1408 7 117
1409 2 111
1410 1 113
1411 5 117
1412 8 111
1413 9 111
1414 3 121
1415 4 116
1416 3 120
1417 8 118
1418 4 117
1419 10 122
1420 6 111
1421 6 115
1422 9 115
1423 76 42
1424 86 52
1425 81 46
1426 80 54
1427 76 52
1428 82 48
1429 79 58
1430 88 46
1431 90 44
1432 82 51
1433 88 55
1434 87 54
1435 90 58
1436 86 54
1437 84 58
1438 78 45
1439 78 51
1440 84 48
1441 81 50
1442 76 51
1443 86 57
1444 75 51
1445 86 43
1446 88 58
1447 75 49
1448 91 48
1449 87 44
1450 80 46
1451 86 45
1452 84 48
1453 116 132
1454 109 139
1455 113 129
1456 121 123
1457 114 123
1458 122 133
1459 110 123
1460 122 131
1461 112 138
1462 114 130
1463 122 129
1464 111 126
1465 113 128
1466 109 126
1467 110 133
1468 109 129
1469 109 123
1470 120 134
1471 111 124
1472 116 126
1473 120 125
1474 120 123
1475 115 133
1476 122 139
1477 112 131
1478 114 133
1479 122 130
1480 121 126
1481 117 134
1482 114 126
1483 115 41
1484 115 38
1485 111 30
1486 115 41
1487 120 32
1488 121 33
1489 121 32
1490 119 36
1491 113 29
1492 115 37
1493 111 34
1494 122 28
1495 110 27
1496 110 39
1497 116 37
1498 116 41
1499 122 28
1500 116 41
1501 112 29
1502 114 41
1503 112 40
1504 109 31
1505 115 41
1506 117 31
1507 121 32
1508 109 38
1509 112 28
1510 116 37
1511 111 28
1512 111 40
1513 186 90
1514 176 81
1515 177 87
1516 178 84
1517 172 91
1518 189 90
1519 174 87
1520 175 78
1521 175 89
1522 182 85
1523 189 86
1524 189 76
1525 176 82
1526 178 81
1527 174 77
1528 175 87
1529 184 83
1530 179 75
1531 182 76
1532 177 81
1533 184 75
1534 189 85
1535 184 87
1536 187 85
1537 180 88
1538 189 78
1539 183 77
1540 172 84
1541 172 91
1542 184 82
1543 202 243
1544 190 246
1545 191 256
1546 194 241
1547 197 255
1548 203 251
1549 199 243
1550 196 254
1551 191 251
1552 194 251
1553 197 248
1554 200 245
1555 192 253
1556 195 249
1557 204 250
1558 199 246
1559 199 255
1560 202 249
1561 196 246
1562 191 253
1563 198 253
1564 198 255
1565 194 252
1566 194 255
1567 197 256
1568 195 256
1569 200 253
1570 198 255
1571 193 247
1572 201 245
1573 123 145
1574 128 154
1575 127 150
1576 128 147
1577 125 151
1578 127 140
1579 139 146
1580 127 141
1581 125 149
1582 130 143
1583 125 144
1584 130 144
1585 123 153
1586 139 152
1587 134 141
1588 133 148
1589 125 153
1590 132 150
1591 138 152
1592 138 148
1593 124 153
1594 130 148
1595 125 153
1596 135 144
1597 126 149
1598 137 141
1599 131 153
1600 131 143
1601 135 144
1602 129 145
1603 32 38
1604 28 32
1605 32 37
1606 41 28
1607 34 30
1608 31 27
1609 30 39
1610 31 35
1611 35 29
1612 41 28
1613 30 35
1614 38 37
1615 35 39
1616 33 35
1617 40 35
1618 36 39
1619 27 28
1620 34 27
1621 28 21
1622 28 12
1623 31 23
1624 28 13
1625 41 26
1626 32 14
1627 41 15
1628 30 15
1629 27 12
1630 40 26
1631 36 21
1632 37 21
1633 35 22
1634 29 26
1635 36 23
1636 36 22
1637 33 21
1638 38 23
1639 33 14
1640 34 16
1641 27 25
1642 37 17
1643 41 24
1644 32 16
1645 34 12
1646 37 14
1647 35 17
1648 41 13
1649 41 19
1650 32 14
1651 195 155
1652 202 158
1653 201 169
1654 200 161
1655 192 167
1656 192 171
1657 193 157
1658 190 165
1659 194 171
1660 201 156
1661 193 162
1662 191 169
1663 193 160
1664 193 168
1665 195 155
1666 191 156
1667 193 163
1668 204 157
1669 200 169
1670 199 159
1671 196 170
1672 201 156
1673 204 164
1674 190 164
1675 201 169
1676 200 160
1677 198 165
1678 200 157
1679 198 168
1680 193 162
1681 42 152
1682 48 147
1683 42 151
1684 53 144
1685 49 141
1686 55 154
1687 52 145
1688 52 151
1689 47 145
1690 53 147
1691 56 148
1692 53 146
1693 57 140
1694 52 146
1695 51 140
1696 57 145
1697 48 141
1698 44 154
1699 55 146
1700 56 146
1701 49 153
1702 45 150
1703 54 154
1704 46 144
1705 50 144
1706 48 149
1707 55 144
1708 56 143
1709 47 144
1710 50 141
1711 26 239
1712 18 229
1713 15 228
1714 20 232
1715 20 228
1716 25 236
1717 20 223
1718 16 227
1719 16 233
1720 23 233
1721 23 226
1722 17 228
1723 21 225
1724 15 221
1725 24 229
1726 26 229
1727 15 225
1728 19 221
1729 23 224
1730 26 232
1731 16 223
1732 12 236
1733 17 224
1734 14 240
1735 25 227
1736 20 226
1737 24 239
1738 19 236
1739 18 228
1740 90 10
1741 75 9
1742 75 2
1743 83 11
1744 91 7
1745 91 2
1746 83 6
1747 78 0
1748 85 5
1749 91 2
1750 80 5
1751 84 11
1752 91 6
1753 83 0
1754 89 8
1755 78 3
1756 76 1
1757 78 1
1758 80 10
1759 75 10
1760 87 6
1761 89 11
1762 84 1
1763 80 0
1764 76 11
1765 88 2
1766 75 4
1767 76 2
1768 78 5
1769 84 8
1770 24 196
1771 23 202
1772 25 201
1773 20 203
1774 15 190
1775 13 197
1776 19 199
1777 21 194
1778 18 199
1779 12 197
1780 24 190
1781 17 197
1782 17 190
1783 20 194
1784 22 196
1785 26 197
1786 26 191
1787 22 203
1788 15 194
1789 24 191
1790 13 194
1791 26 194
1792 25 192
1793 25 195
1794 20 194
1795 14 190
1796 25 204
1797 25 192
1798 25 197
1799 17 191
1800 241 212
1801 247 210
1802 250 217
1803 256 210
1804 251 208
1805 247 215
1806 255 220
1807 248 205
1808 251 218
1809 248 207
1810 251 211
1811 246 213
1812 250 207
1813 243 207
1814 252 215
1815 247 210
1816 243 209
1817 245 211
1818 245 208
1819 244 217
1820 256 220
1821 243 205
1822 243 207
1823 243 216
1824 243 208
1825 243 219
1826 249 208
1827 256 208
1828 244 209
1829 256 210
1830 190 158
1831 194 156
1832 203 167
1833 202 168
1834 196 170
1835 198 167
1836 192 161
1837 195 155
1838 192 165
1839 201 163
1840 198 162
1841 203 164
1842 199 164
1843 203 164
1844 198 157
1845 192 165
1846 193 160
1847 197 158
1848 192 169
1849 198 163
1850 200 167
1851 201 171
1852 190 160
1853 200 158
1854 204 159
1855 199 158
1856 194 171
1857 199 160
1858 196 159
1859 197 168
1860 250 199
1861 248 203
1862 249 203
1863 243 203
1864 241 199
1865 242 200
1866 254 202
1867 249 195
1868 256 197
1869 252 197
1870 245 194
1871 252 194
1872 253 201
1873 252 200
1874 255 200
1875 242 192
1876 242 191
1877 241 190
1878 251 204
1879 254 191
1880 244 201
1881 242 200
1882 248 202
1883 245 204
1884 251 193
1885 244 193
1886 255 196
1887 247 204
1888 250 197
1889 253 192
1890 170 104
1891 155 106
1892 163 97
1893 162 93
1894 159 95
1895 170 105
1896 159 99
1897 166 106
1898 163 103
1899 167 96
1900 165 92
1901 165 96
1902 164 101
1903 160 106
1904 169 106
1905 156 98
1906 165 103
1907 168 107
1908 160 92
1909 159 97
1910 165 102
1911 170 98
1912 170 101
1913 157 98
1914 160 97
1915 156 102
1916 162 97
1917 156 100
1918 166 104
1919 171 95
1920 110 168
1921 111 171
1922 109 170
1923 114 166
1924 109 161
1925 113 159
1926 114 161
1927 120 160
1928 115 156
1929 117 155
1930 119 156
1931 114 163
1932 108 155
1933 112 162
1934 120 166
1935 113 163
1936 108 169
1937 119 157
1938 108 171
1939 120 161
1940 114 164
1941 115 170
1942 118 158
1943 117 156
1944 120 164
1945 119 159
1946 115 165
1947 115 160
1948 112 164
1949 112 170
1950 142 11
1951 143 5
1952 142 2
1953 143 3
1954 150 5
1955 149 2
1956 141 4
1957 148 1
1958 154 7
1959 140 4
1960 150 6
1961 147 9
1962 153 8
1963 141 3
1964 142 2
1965 151 5
1966 145 2
1967 145 8
1968 148 11
1969 144 0
1970 150 6
1971 144 10
1972 150 4
1973 152 1
1974 140 7
1975 151 9
1976 151 2
1977 148 2
1978 142 11
1979 122 236
1980 118 237
1981 119 235
1982 118 234
1983 110 221
1984 121 221
1985 122 222
1986 109 233
1987 113 224
1988 117 230
1989 122 239
1990 115 232
1991 113 226
1992 112 231
1993 108 229
1994 113 239
1995 111 228
1996 108 232
1997 114 231
1998 114 228
1999 116 233
2000 117 239
2001 110 233
2002 109 225
2003 118 231
2004 110 221
2005 111 224
2006 119 234
2007 122 240
2008 111 222
2009 125 237
2010 129 225
2011 124 238
2012 138 237
2013 137 226
2014 133 233
2015 124 230
2016 127 234
2017 126 227
2018 126 227
2019 134 229
2020 133 240
2021 127 235
2022 136 232
2023 139 236
2024 135 232
2025 138 226
2026 135 229
2027 133 237
2028 130 225
2029 138 228
2030 128 222
2031 135 224
2032 139 233
2033 136 240
2034 137 234
2035 130 221
2036 139 221
2037 128 226
2038 138 229
2039 63 81
2040 69 89
2041 71 90
2042 65 83
2043 63 89
2044 59 81
2045 74 78
2046 63 78
2047 74 89
2048 64 84
2049 69 87
2050 67 88
2051 69 75
2052 70 80
2053 73 82
2054 66 88
2055 67 86
2056 63 76
2057 63 91
2058 68 79
2059 66 90
2060 71 87
2061 72 87
2062 60 90
2063 69 79
2064 62 82
2065 64 85
2066 74 75
2067 68 77
2068 73 86
2069 205 32
2070 215 41
2071 208 35
2072 208 35
2073 218 27
2074 214 32
2075 214 39
2076 220 31
2077 206 29
2078 208 40
2079 217 37
2080 217 33
2081 213 35
2082 214 37
2083 211 30
2084 218 34
2085 211 27
2086 213 32
2087 205 32
2088 207 37
2089 219 30
2090 212 34
2091 219 35
2092 209 33
2093 217 36
2094 208 39
2095 210 28
2096 208 37
2097 216 36
2098 216 35
2099 81 8
2100 86 7
2101 79 7
2102 85 4
2103 82 11
2104 79 7
2105 79 11
2106 79 0
2107 77 0
2108 79 6
2109 85 10
2110 91 4
2111 79 5
2112 89 5
2113 91 1
2114 81 3
2115 84 11
2116 91 6
2117 76 1
2118 87 0
2119 84 8
2120 76 11
2121 82 8
2122 90 11
2123 76 5
2124 90 3
2125 79 3
2126 90 11
2127 90 3
2128 77 3
2129 72 9
2130 67 1
2131 62 1
2132 65 11
2133 71 7
2134 64 7
2135 65 7
2136 63 1
2137 64 0
2138 63 9
2139 64 0
2140 67 6
2141 65 7
2142 66 2
2143 70 0
2144 63 7
2145 70 1
2146 63 0
2147 72 4
2148 71 4
2149 72 5
2150 65 3
2151 63 7
2152 74 2
2153 63 4
2154 74 0
2155 65 2
2156 74 8
2157 69 0
2158 202 93
2159 201 96
2160 192 100
2161 204 105
2162 197 100
2163 191 100
2164 199 100
2165 192 106
2166 203 107
2167 194 92
2168 200 105
2169 192 106
2170 194 97
2171 190 94
2172 204 92
2173 194 98
2174 192 94
2175 203 106
2176 201 94
2177 193 96
2178 198 102
2179 194 98
2180 197 100
2181 199 96
2182 195 101
2183 192 97
2184 193 92
2185 200 104
2186 192 102
2187 191 94
2188 20 222
2189 17 228
2190 26 234
2191 20 232
2192 23 221
2193 18 238
2194 12 233
2195 15 224
2196 26 228
2197 18 238
2198 23 231
2199 21 226
2200 15 228
2201 22 238
2202 19 230
2203 12 227
2204 24 231
2205 19 222
2206 17 225
2207 15 222
2208 23 237
2209 18 234
2210 12 240
2211 16 227
2212 14 223
2213 24 231
2214 24 233
2215 12 230
2216 14 235
2217 19 225
2218 142 16
2219 148 16
2220 143 16
2221 140 19
2222 152 26
2223 150 15
2224 149 20
2225 145 14
2226 144 13
2227 142 21
2228 141 16
2229 143 17
2230 149 17
2231 151 16
2232 154 19
2233 144 23
2234 144 26
2235 149 12
2236 151 23
2237 153 15
2238 143 12
2239 149 13
2240 149 17
2241 154 20
2242 141 21
2243 151 21
2244 141 15
2245 150 26
2246 149 13
2247 140 18
2248 119 127
2249 117 135
2250 117 137
2251 120 130
2252 112 123
2253 110 132
2254 116 123
2255 119 133
2256 122 139
2257 108 139
2258 109 139
2259 111 133
2260 118 127
2261 122 135
2262 118 123
2263 116 131
2264 111 138
2265 119 124
2266 115 137
2267 122 139
2268 108 138
2269 110 125
2270 119 127
2271 113 130
2272 117 135
2273 122 124
2274 108 132
2275 119 132
2276 120 133
2277 112 129
2278 246 127
2279 255 134
2280 252 125
2281 249 130
2282 246 126
2283 255 135
2284 251 139
2285 246 132
2286 247 131
2287 243 139
2288 244 128
2289 242 127
2290 241 129
2291 255 131
2292 244 137
2293 242 138
2294 246 125
2295 256 139
2296 248 132
2297 243 124
2298 245 125
2299 250 124
2300 241 138
2301 250 138
2302 245 135
2303 250 139
2304 250 131
2305 249 127
2306 249 137
2307 251 133
2308 247 119
2309 252 117
2310 249 109
2311 249 109
2312 251 119
2313 243 121
2314 241 121
2315 243 121
2316 253 115
2317 243 118
2318 256 111
2319 242 114
2320 251 110
2321 242 115
2322 255 116
2323 245 117
2324 250 119
2325 251 120
2326 251 115
2327 243 115
2328 252 114
2329 251 117
2330 246 112
2331 242 119
2332 246 114
2333 241 110
2334 251 119
2335 255 120
2336 241 118
2337 251 121
2338 253 117
2339 250 120
2340 243 115
2341 244 110
2342 245 121
2343 242 121
2344 248 111
2345 241 115
2346 247 109
2347 243 111
2348 247 113
2349 245 111
2350 253 112
2351 256 113
2352 242 110
2353 250 109
2354 253 111
2355 251 111
2356 251 111
2357 242 121
2358 246 121
2359 246 113
2360 250 119
2361 247 121
2362 251 109
2363 244 121
2364 256 108
2365 242 108
2366 255 114
2367 250 116
2368 108 229
2369 108 234
2370 122 224
2371 112 233
2372 120 234
2373 118 238
2374 111 231
2375 109 223
2376 113 226
2377 114 238
2378 114 232
2379 114 228
2380 109 237
2381 109 234
2382 113 240
2383 108 239
2384 111 224
2385 109 233
2386 116 226
2387 114 240
2388 109 236
2389 110 234
2390 112 231
2391 115 227
2392 110 240
2393 119 234
2394 110 236
2395 122 240
2396 111 232
2397 109 235
2398 206 148
2399 208 148
2400 215 142
2401 208 149
2402 215 142
2403 215 153
2404 208 154
2405 212 144
2406 206 148
2407 206 145
2408 215 146
2409 211 147
2410 216 153
2411 209 141
2412 211 144
2413 206 154
2414 220 149
2415 218 154
2416 207 147
2417 220 153
2418 212 151
2419 216 147
2420 206 152
2421 208 153
2422 210 145
2423 214 149
2424 212 152
2425 205 147
2426 205 148
2427 206 142
2428 82 32
2429 91 41
2430 77 41
2431 77 38
2432 84 41
2433 87 41
2434 90 32
2435 89 35
2436 88 32
2437 78 41
2438 89 32
2439 90 27
2440 85 28
2441 85 33
2442 81 28
2443 75 27
2444 90 31
2445 86 37
2446 76 30
2447 82 38
2448 81 36
2449 88 31
2450 91 35
2451 79 38
2452 81 32
2453 78 36
2454 82 30
2455 91 36
2456 84 30
2457 80 30
2458 237 57
2459 227 51
2460 225 45
2461 221 52
2462 232 52
2463 223 57
2464 235 48
2465 232 54
2466 238 42
2467 238 55
2468 225 51
2469 238 48
2470 240 57
2471 236 54
2472 224 53
2473 234 45
2474 226 43
2475 238 48
2476 223 45
2477 237 51
2478 230 58
2479 232 42
2480 238 49
2481 224 52
2482 221 47
2483 239 47
2484 226 52
2485 230 47
2486 231 56
2487 222 45
2488 174 241
2489 187 248
2490 186 256
2491 175 243
2492 173 246
2493 172 249
2494 186 248
2495 172 253
2496 175 247
2497 186 247
2498 173 253
2499 188 246
2500 175 242
2501 178 252
2502 180 254
2503 173 246
2504 174 249
2505 181 243
2506 179 246
2507 179 251
2508 186 250
2509 181 247
2510 188 250
2511 181 249
2512 189 254
2513 174 254
2514 178 249
2515 178 249
2516 183 242
2517 173 251
2518 202 211
2519 204 211
2520 201 215
2521 204 211
2522 190 211
2523 203 212
2524 190 209
2525 203 213
2526 197 217
2527 198 211
2528 202 218
2529 195 219
2530 191 212
2531 192 206
2532 203 219
2533 201 211
2534 190 214
2535 203 212
2536 201 205
2537 194 219
2538 199 212
2539 198 217
2540 199 216
2541 204 216
2542 200 212
2543 193 214
2544 199 205
2545 199 218
2546 192 216
2547 196 209
2548 248 159
2549 253 161
2550 248 163
2551 247 169
2552 248 160
2553 241 166
2554 247 167
2555 252 157
2556 244 168
2557 244 158
2558 256 170
2559 247 164
2560 256 168
2561 246 164
2562 244 157
2563 247 160
2564 243 162
2565 249 167
2566 243 167
2567 249 166
2568 241 155
2569 245 168
2570 253 169
2571 251 159
2572 241 160
2573 243 159
2574 245 167
2575 251 157
2576 250 163
2577 246 167
2578 38 116
2579 37 113
2580 32 109
2581 35 122
2582 30 108
2583 28 109
2584 41 118
2585 38 116
2586 32 109
2587 41 120
2588 33 120
2589 28 119
2590 34 108
2591 34 108
2592 34 108
2593 34 120
2594 28 110
2595 39 122
2596 29 121
2597 40 122
2598 27 119
2599 32 109
2600 39 116
2601 39 122
2602 30 118
2603 39 116
2604 31 113
2605 36 120
2606 27 114
2607 30 117
2608 45 117
2609 55 114
2610 51 108
2611 54 118
2612 57 117
2613 52 117
2614 51 117
2615 46 117
2616 49 119
2617 51 118
2618 55 112
2619 51 108
2620 44 117
2621 48 114
2622 57 119
2623 53 115
2624 57 120
2625 58 112
2626 55 121
2627 46 120
2628 53 120
2629 52 115
2630 55 108
2631 57 114
2632 45 122
2633 42 114
2634 42 110
2635 50 116
2636 53 111
2637 51 110
2638 220 201
2639 215 204
2640 212 203
2641 210 204
2642 207 204
2643 208 193
2644 217 199
2645 212 195
2646 217 204
2647 216 196
2648 220 192
2649 205 200
2650 215 197
2651 207 197
2652 209 204
2653 210 191
2654 217 203
2655 214 202
2656 206 191
2657 208 200
2658 217 203
2659 216 200
2660 220 200
2661 208 201
2662 216 193
2663 217 190
2664 218 196
2665 217 199
2666 211 193
2667 207 196
2668 229 56
2669 230 48
2670 232 42
2671 232 57
2672 234 49
2673 229 58
2674 223 54
2675 230 57
2676 232 54
2677 232 47
2678 234 57
2679 234 46
2680 224 57
2681 227 50
2682 222 52
2683 230 52
2684 237 48
2685 240 55
2686 240 51
2687 237 49
2688 232 56
2689 224 57
2690 227 58
2691 235 45
2692 231 58
2693 223 57
2694 235 58
2695 234 49
2696 231 56
2697 225 46
2698 13 150
2699 18 147
2700 17 149
2701 25 152
2702 14 151
2703 23 151
2704 18 152
2705 25 147
2706 19 143
2707 14 146
2708 20 154
2709 24 146
2710 18 151
2711 12 140
2712 19 147
2713 23 140
2714 26 151
2715 17 146
2716 17 143
2717 21 150
2718 12 142
2719 19 151
2720 20 147
2721 14 154
2722 22 144
2723 15 151
2724 25 142
2725 12 150
2726 12 146
2727 14 147
2728 218 232
2729 215 223
2730 206 233
2731 206 233
2732 212 221
2733 212 222
2734 210 236
2735 216 225
2736 205 236
2737 211 231
2738 211 238
2739 219 235
2740 205 225
2741 206 221
2742 207 224
2743 214 239
2744 208 226
2745 219 221
2746 209 226
2747 220 236
2748 214 233
2749 208 237
2750 220 239
2751 205 226
2752 210 222
2753 218 233
2754 207 234
2755 209 234
2756 219 235
2757 210 235
2758 135 97
2759 131 92
2760 125 96
2761 134 96
2762 134 93
2763 132 101
2764 139 98
2765 133 102
2766 130 98
2767 133 102
2768 125 96
2769 123 96
2770 139 94
2771 134 107
2772 126 98
2773 135 104
2774 136 98
2775 139 95
2776 125 98
2777 126 106
2778 136 96
2779 132 93
2780 135 96
2781 133 98
2782 132 92
2783 137 99
2784 135 106
2785 136 104
2786 138 104
2787 128 102
2788 241 129
2789 247 123
2790 248 139
2791 250 131
2792 255 126
2793 242 125
2794 253 138
2795 251 137
2796 245 130
2797 254 123
2798 241 123
2799 253 126
2800 253 135
2801 256 124
2802 256 135
2803 249 125
2804 254 126
2805 248 136
2806 245 134
2807 242 136
2808 252 124
2809 246 132
2810 254 134
2811 245 134
2812 256 131
2813 243 137
2814 245 123
2815 255 131
2816 254 137
2817 249 127
2818 127 152
2819 123 151
2820 135 149
2821 124 147
2822 133 148
2823 124 141
2824 134 153
2825 127 152
2826 139 150
2827 135 148
2828 128 141
2829 137 153
2830 123 149
2831 130 151
2832 126 146
2833 130 144
2834 133 147
2835 131 150
2836 125 145
2837 128 145
2838 125 140
2839 132 145
2840 138 149
2841 139 142
2842 124 143
2843 135 150
2844 137 142
2845 136 148
2846 126 152
2847 136 143
2848 111 227
2849 122 237
2850 115 226
2851 120 237
2852 117 237
2853 114 229
2854 111 222
2855 122 238
2856 112 235
2857 114 239
2858 109 223
2859 119 237
2860 115 238
2861 113 239
2862 122 236
2863 116 226
2864 114 229
2865 109 226
2866 109 240
2867 121 230
2868 112 233
2869 119 228
2870 111 227
2871 120 221
2872 109 231
2873 108 231
2874 110 233
2875 117 230
2876 110 230
2877 116 233
2878 242 181
2879 249 184
2880 255 188
2881 250 175
2882 246 181
2883 246 189
2884 253 188
2885 256 186
2886 255 177
2887 255 187
2888 253 174
2889 246 185
2890 247 186
2891 256 187
2892 251 172
2893 245 176
2894 251 178
2895 253 189
2896 255 182
2897 256 177
2898 249 186
2899 248 172
2900 244 172
2901 253 173
2902 252 182
2903 252 177
2904 247 188
2905 251 173
2906 249 182
2907 247 187
2908 201 77
2909 195 81
2910 197 76
2911 201 79
2912 201 75
2913 194 84
2914 204 80
2915 191 86
2916 202 85
2917 196 76
2918 200 78
2919 199 77
2920 198 79
2921 200 83
2922 203 80
2923 203 87
2924 193 89
2925 198 90
2926 202 90
2927 192 88
2928 203 77
2929 197 76
2930 195 86
2931 201 90
2932 204 85
2933 193 91
2934 197 83
2935 203 80
2936 199 85
2937 197 86
