263 282 10 2881
0 4
1 9
2 10
3 3
4 10
5 6
6 7
7 10
8 5
9 8
10 7
11 7
12 6
13 3
14 3
15 3
16 3
17 6
18 3
19 3
20 3
21 3
22 3
23 5
24 3
25 3
26 3
27 4
28 3
29 3
30 3
31 5
32 3
33 3
34 3
35 3
36 4
37 3
38 3
39 3
40 3
41 3
42 3
43 4
44 3
45 3
46 5
47 4
48 3
49 4
50 4
51 4
52 4
53 3
54 4
55 3
56 4
57 3
58 3
59 3
60 3
61 3
62 3
63 4
64 3
65 4
66 4
67 4
68 3
69 3
70 4
71 3
72 3
73 3
74 3
75 3
76 3
77 4
78 3
79 3
80 3
81 3
82 3
83 4
84 4
85 5
86 3
87 3
88 4
89 5
90 3
91 3
92 3
93 3
94 3
95 3
96 4
97 3
98 4
99 3
100 3
101 4
102 3
103 3
104 3
105 4
106 3
107 3
108 3
109 3
110 4
111 3
112 4
113 4
114 3
115 3
116 5
117 3
118 3
119 4
120 3
121 3
122 6
123 3
124 3
125 3
126 3
127 4
128 3
129 6
130 3
131 3
132 5
133 3
134 3
135 3
136 4
137 3
138 3
139 4
140 3
141 3
142 4
143 3
144 3
145 3
146 3
147 4
148 4
149 3
150 5
151 3
152 3
153 3
154 3
155 3
156 3
157 3
158 4
159 4
160 3
161 3
162 3
163 4
164 4
165 4
166 3
167 3
168 3
169 4
170 3
171 4
172 6
173 3
174 3
175 3
176 3
177 3
178 6
179 3
180 3
181 5
182 5
183 3
184 3
185 4
186 3
187 3
188 3
189 3
190 3
191 3
192 3
193 3
194 3
195 4
196 4
197 3
198 3
199 3
200 3
201 3
202 3
203 3
204 3
205 4
206 3
207 3
208 3
209 4
210 3
211 4
212 5
213 3
214 3
215 3
216 4
217 3
218 3
219 3
220 3
221 3
222 4
223 5
224 3
225 3
226 3
227 6
228 3
229 4
230 3
231 4
232 3
233 3
234 3
235 4
236 3
237 4
238 3
239 4
240 3
241 8
242 3
243 3
244 3
245 3
246 4
247 4
248 3
249 3
250 4
251 3
252 5
253 3
254 3
255 3
256 3
257 3
258 5
259 3
260 5
261 4
262 3
0 0 1
1 0 2
2 0 7
3 0 9
4 1 2
5 1 5
6 1 6
7 1 9
8 1 10
9 1 247
10 2 6
11 2 7
12 2 8
13 2 11
14 2 47
15 2 132
16 2 195
17 3 7
18 4 6
19 4 7
20 4 8
21 4 9
22 4 11
23 4 31
24 4 63
25 4 114
26 4 180
27 5 7
28 5 8
29 5 11
30 5 12
31 5 232
32 6 10
33 6 11
34 6 215
35 7 8
36 7 9
37 7 10
38 7 80
39 7 162
40 8 10
41 9 10
42 9 11
43 10 11
44 10 147
45 11 98
46 12 20
47 12 21
48 12 28
49 12 29
50 13 24
51 14 19
52 14 27
53 15 23
54 16 19
55 17 18
56 17 24
57 17 27
58 17 28
59 22 29
60 22 23
61 23 25
62 23 30
63 25 26
64 31 35
65 31 43
66 32 40
67 32 36
68 33 37
69 33 34
70 34 36
71 34 46
72 36 45
73 38 39
74 38 40
75 41 46
76 42 43
77 43 46
78 44 46
79 47 60
80 48 50
81 49 52
82 49 55
83 50 56
84 51 54
85 51 62
86 52 57
87 53 61
88 53 54
89 55 59
90 55 61
91 56 59
92 58 61
93 59 60
94 63 73
95 63 71
96 63 76
97 64 78
98 65 76
99 65 78
100 65 66
101 66 68
102 66 74
103 66 70
104 67 69
105 67 72
106 67 76
107 70 77
108 71 75
109 77 79
110 80 96
111 81 97
112 82 85
113 83 85
114 83 90
115 84 89
116 84 85
117 85 95
118 86 96
119 87 90
120 87 92
121 88 94
122 88 91
123 88 97
124 89 93
125 89 96
126 91 92
127 98 112
128 98 113
129 99 102
130 99 110
131 100 107
132 101 104
133 101 110
134 101 112
135 103 111
136 103 110
137 105 106
138 105 109
139 105 113
140 107 113
141 108 110
142 114 123
143 114 130
144 115 125
145 115 119
146 116 120
147 116 121
148 116 122
149 116 131
150 117 127
151 117 129
152 118 127
153 119 121
154 122 124
155 122 126
156 122 129
157 128 129
158 129 130
159 132 140
160 132 135
161 133 142
162 133 138
163 134 142
164 135 139
165 136 139
166 136 144
167 136 145
168 137 138
169 137 144
170 141 142
171 143 144
172 145 146
173 147 152
174 147 150
175 147 157
176 148 153
177 148 160
178 148 158
179 149 150
180 150 154
181 151 158
182 151 155
183 155 156
184 155 159
185 156 157
186 159 161
187 162 178
188 163 178
189 163 170
190 164 171
191 164 178
192 165 172
193 165 178
194 166 172
195 167 168
196 167 169
197 169 176
198 170 179
199 171 175
200 171 176
201 172 173
202 172 177
203 173 174
204 180 190
205 180 185
206 181 191
207 181 184
208 181 194
209 182 185
210 182 189
211 182 193
212 183 193
213 183 184
214 186 188
215 186 193
216 187 192
217 189 192
218 195 203
219 195 197
220 196 197
221 196 206
222 196 209
223 197 207
224 198 212
225 199 201
226 199 202
227 200 211
228 201 204
229 202 207
230 204 208
231 205 209
232 205 214
233 206 211
234 208 210
235 212 213
236 212 214
237 215 231
238 216 229
239 216 219
240 217 225
241 218 222
242 218 219
243 219 231
244 220 225
245 221 222
246 223 225
247 223 226
248 223 224
249 224 227
250 227 228
251 227 230
252 227 229
253 232 234
254 233 246
255 234 237
256 235 239
257 235 238
258 236 239
259 237 240
260 238 241
261 240 241
262 241 243
263 241 242
264 241 245
265 241 246
266 242 244
267 247 259
268 247 251
269 248 261
270 249 256
271 249 250
272 250 262
273 251 258
274 252 258
275 252 261
276 252 260
277 253 254
278 253 258
279 255 261
280 257 260
281 260 262
0 246 81
1 244 87
2 241 82
3 239 95
4 238 92
5 233 87
6 239 80
7 240 81
8 245 84
9 238 82
10 238 87
11 244 90
12 245 85
13 242 92
14 241 83
15 243 92
16 240 95
17 232 90
18 235 82
19 239 94
20 243 87
21 232 94
22 240 92
23 239 95
24 243 90
25 241 95
26 238 88
27 232 86
28 236 97
29 235 91
30 91 190
31 80 184
32 84 180
33 91 186
34 92 192
35 97 183
36 95 191
37 87 194
38 96 188
39 83 183
40 91 190
41 92 190
42 92 193
43 93 186
44 96 191
45 97 193
46 94 194
47 82 194
48 80 183
49 91 182
50 97 190
51 94 183
52 84 184
53 80 183
54 87 189
55 87 182
56 89 189
57 94 189
58 88 181
59 82 182
60 72 186
61 77 184
62 69 180
63 75 184
64 63 182
65 66 193
66 72 186
67 71 193
68 73 187
69 70 189
70 66 185
71 73 186
72 66 183
73 75 192
74 64 187
75 79 181
76 74 190
77 72 185
78 74 187
79 73 191
80 66 194
81 74 184
82 71 191
83 73 193
84 74 191
85 74 186
86 67 190
87 75 183
88 77 189
89 77 194
90 46 55
91 41 53
92 33 54
93 36 50
94 41 51
95 32 56
96 44 56
97 35 62
98 36 52
99 34 53
100 32 50
101 37 54
102 46 56
103 34 52
104 33 60
105 33 58
106 36 56
107 41 56
108 38 59
109 39 57
110 36 60
111 32 48
112 39 60
113 31 57
114 41 62
115 42 51
116 39 51
117 41 47
118 37 48
119 32 61
120 103 225
121 99 221
122 101 229
123 113 215
124 100 228
125 113 228
126 102 225
127 107 217
128 111 215
129 101 219
130 106 231
131 106 218
132 108 224
133 106 218
134 105 224
135 109 224
136 102 225
137 99 228
138 103 227
139 100 222
140 113 228
141 113 226
142 103 223
143 109 224
144 103 228
145 101 215
146 111 225
147 104 226
148 102 216
149 109 221
150 234 160
151 246 153
152 235 148
153 243 157
154 236 157
155 242 161
156 238 153
157 241 161
158 244 159
159 235 153
160 244 154
161 234 148
162 240 154
163 245 153
164 242 148
165 233 151
166 233 149
167 235 149
168 240 159
169 242 155
170 236 147
171 243 155
172 244 156
173 245 153
174 244 152
175 239 160
176 238 154
177 238 155
178 235 152
179 232 147
180 243 83
181 246 89
182 238 93
183 245 87
184 244 80
185 233 95
186 232 87
187 237 87
188 234 97
189 232 85
190 240 81
191 244 93
192 240 96
193 236 97
194 244 86
195 236 97
196 232 92
197 234 88
198 236 93
199 233 87
200 234 96
201 244 97
202 232 88
203 239 88
204 234 90
205 242 97
206 233 95
207 237 81
208 235 94
209 241 82
210 236 237
211 232 245
212 232 233
213 239 242
214 236 233
215 244 243
216 243 233
217 245 232
218 244 233
219 235 233
220 241 234
221 239 243
222 244 236
223 236 246
224 236 244
225 234 245
226 235 233
227 233 234
228 232 245
229 119 241
230 115 240
231 116 237
232 120 236
233 117 233
234 126 244
235 120 242
236 115 244
237 119 236
238 124 238
239 117 241
240 116 242
241 125 234
242 119 236
243 131 236
244 118 234
245 123 239
246 130 244
247 125 240
248 127 242
249 120 235
250 117 246
251 122 233
252 125 244
253 121 241
254 126 240
255 120 240
256 128 233
257 117 238
258 129 246
259 78 72
260 74 72
261 77 63
262 74 63
263 78 75
264 69 79
265 65 71
266 66 72
267 77 68
268 70 63
269 74 72
270 73 74
271 67 75
272 74 72
273 77 63
274 70 72
275 72 71
276 63 77
277 79 74
278 143 260
279 141 248
280 139 247
281 139 255
282 141 256
283 144 251
284 140 250
285 138 255
286 143 258
287 141 252
288 139 259
289 144 258
290 133 254
291 135 255
292 144 258
293 135 255
294 145 252
295 136 249
296 144 259
297 146 259
298 137 251
299 143 253
300 141 250
301 133 249
302 135 255
303 138 253
304 144 250
305 142 252
306 138 251
307 133 261
308 151 29
309 160 12
310 149 30
311 157 20
312 154 21
313 156 22
314 152 13
315 153 16
316 152 15
317 159 29
318 152 13
319 154 15
320 155 22
321 148 18
322 149 18
323 160 22
324 155 20
325 147 17
326 160 20
327 151 19
328 152 24
329 147 15
330 154 29
331 158 16
332 149 25
333 147 15
334 159 15
335 156 18
336 149 22
337 156 12
338 133 220
339 145 227
340 133 227
341 144 231
342 140 229
343 146 224
344 138 216
345 146 219
346 145 215
347 134 229
348 146 229
349 145 220
350 139 229
351 135 226
352 135 218
353 132 219
354 143 216
355 139 225
356 140 222
357 136 217
358 137 230
359 136 215
360 145 229
361 135 218
362 133 228
363 146 217
364 146 216
365 138 226
366 142 227
367 146 228
368 26 12
369 15 16
370 16 22
371 28 22
372 18 21
373 18 25
374 21 25
375 22 20
376 27 12
377 24 20
378 24 22
379 23 20
380 18 14
381 16 22
382 24 21
383 20 22
384 15 18
385 21 16
386 29 16
387 15 24
388 14 12
389 61 231
390 54 216
391 60 220
392 50 228
393 47 215
394 56 223
395 57 218
396 52 224
397 62 220
398 58 216
399 55 224
400 48 227
401 48 231
402 47 227
403 55 225
404 62 215
405 62 227
406 52 226
407 48 224
408 62 229
409 58 228
410 57 222
411 55 215
412 49 224
413 50 222
414 59 227
415 61 225
416 60 219
417 51 231
418 57 219
419 182 41
420 181 45
421 193 39
422 193 42
423 194 31
424 182 36
425 185 33
426 183 40
427 194 33
428 183 42
429 184 36
430 190 32
431 187 36
432 194 37
433 189 44
434 185 45
435 185 34
436 192 31
437 182 34
438 185 43
439 182 35
440 181 39
441 189 31
442 183 33
443 183 43
444 182 45
445 183 44
446 194 45
447 187 32
448 190 40
449 6 212
450 8 200
451 8 214
452 5 201
453 5 209
454 8 200
455 2 212
456 8 202
457 9 196
458 0 198
459 10 199
460 7 212
461 0 200
462 6 198
463 9 195
464 8 198
465 3 198
466 5 198
467 6 196
468 2 207
469 6 210
470 2 213
471 4 214
472 11 211
473 9 206
474 3 196
475 1 197
476 3 204
477 0 204
478 123 112
479 125 111
480 130 105
481 125 102
482 129 111
483 119 101
484 117 110
485 129 103
486 117 105
487 123 100
488 124 113
489 117 112
490 124 99
491 125 98
492 116 103
493 126 113
494 117 109
495 126 109
496 125 110
497 126 112
498 128 98
499 129 104
500 126 103
501 130 108
502 127 112
503 124 108
504 129 102
505 128 103
506 122 105
507 126 113
508 141 72
509 144 69
510 139 65
511 134 75
512 141 73
513 145 65
514 135 71
515 137 69
516 134 70
517 133 72
518 137 67
519 136 77
520 143 76
521 142 77
522 143 69
523 135 65
524 144 75
525 144 78
526 135 70
527 145 75
528 143 74
529 135 73
530 143 64
531 140 70
532 136 67
533 138 72
534 138 77
535 140 69
536 137 74
537 143 76
538 110 257
539 113 250
540 103 247
541 111 256
542 111 247
543 105 251
544 104 254
545 111 249
546 101 262
547 107 262
548 109 256
549 107 250
550 108 255
551 106 259
552 112 256
553 102 254
554 111 254
555 105 249
556 106 254
557 107 251
558 101 253
559 106 253
560 113 258
561 107 247
562 109 252
563 102 247
564 111 262
565 113 248
566 100 255
567 102 250
568 115 201
569 116 213
570 119 206
571 130 207
572 119 198
573 119 203
574 125 202
575 126 203
576 127 209
577 118 197
578 125 199
579 119 197
580 119 201
581 120 212
582 120 210
583 122 203
584 115 198
585 120 209
586 116 204
587 119 210
588 115 210
589 129 195
590 125 203
591 119 196
592 128 195
593 119 210
594 123 211
595 129 210
596 131 205
597 119 202
598 78 4
599 72 6
600 73 9
601 76 0
602 79 2
603 64 7
604 71 11
605 74 9
606 67 7
607 68 9
608 64 1
609 74 9
610 76 7
611 70 8
612 68 2
613 78 1
614 66 9
615 69 7
616 70 3
617 65 10
618 64 6
619 66 4
620 67 6
621 75 7
622 66 0
623 79 0
624 79 1
625 79 11
626 72 1
627 247 36
628 259 40
629 253 33
630 248 37
631 249 37
632 255 45
633 260 45
634 250 31
635 250 43
636 254 40
637 253 39
638 261 33
639 247 43
640 251 31
641 247 45
642 259 35
643 250 32
644 251 41
645 251 37
646 257 38
647 248 34
648 260 38
649 260 42
650 252 43
651 259 42
652 247 41
653 259 39
654 255 38
655 247 31
656 257 35
657 3 147
658 5 159
659 4 160
660 7 155
661 9 159
662 10 156
663 1 158
664 4 149
665 4 157
666 4 156
667 10 155
668 11 151
669 6 156
670 2 153
671 3 156
672 1 159
673 10 153
674 6 150
675 0 150
676 5 154
677 3 158
678 7 157
679 1 149
680 10 156
681 10 151
682 9 157
683 9 155
684 74 258
685 66 250
686 65 255
687 65 258
688 66 252
689 65 247
690 63 255
691 77 248
692 72 261
693 65 253
694 74 248
695 71 252
696 75 261
697 77 258
698 68 251
699 73 250
700 73 250
701 73 253
702 77 248
703 78 249
704 74 254
705 68 248
706 69 261
707 68 261
708 78 260
709 72 255
710 77 260
711 72 259
712 73 261
713 65 254
714 166 121
715 165 128
716 170 122
717 164 131
718 167 127
719 173 123
720 164 130
721 171 129
722 172 128
723 176 128
724 173 121
725 177 127
726 163 119
727 167 126
728 168 115
729 175 114
730 172 130
731 172 127
732 168 131
733 165 130
734 167 128
735 170 127
736 179 119
737 166 114
738 165 124
739 166 127
740 178 122
741 170 116
742 163 118
743 171 125
744 189 256
745 187 255
746 192 256
747 190 257
748 188 261
749 183 255
750 185 258
751 186 255
752 194 252
753 185 258
754 194 260
755 182 248
756 180 261
757 193 258
758 192 248
759 184 260
760 186 260
761 192 247
762 183 256
763 188 256
764 185 249
765 194 251
766 183 256
767 190 247
768 186 262
769 190 257
770 182 260
771 189 247
772 194 254
773 192 260
774 138 136
775 135 138
776 144 135
777 138 146
778 137 146
779 146 143
780 140 143
781 142 132
782 135 145
783 136 138
784 141 135
785 141 137
786 140 138
787 138 145
788 138 141
789 133 139
790 133 144
791 165 132
792 163 134
793 172 143
794 170 143
795 173 133
796 168 135
797 171 142
798 176 143
799 167 144
800 165 141
801 168 137
802 163 141
803 173 134
804 165 135
805 170 136
806 163 136
807 162 141
808 175 144
809 163 134
810 175 143
811 162 136
812 163 143
813 166 146
814 179 142
815 164 138
816 165 132
817 169 142
818 163 134
819 169 145
820 164 140
821 4 79
822 1 75
823 1 67
824 3 68
825 0 73
826 8 64
827 8 76
828 7 65
829 7 71
830 3 75
831 8 74
832 9 71
833 10 64
834 4 66
835 10 63
836 9 73
837 11 72
838 0 64
839 2 64
840 11 79
841 3 77
842 7 75
843 0 65
844 9 66
845 1 65
846 2 70
847 4 69
848 59 127
849 52 123
850 52 124
851 62 131
852 52 127
853 60 127
854 58 128
855 48 116
856 54 117
857 52 130
858 50 130
859 51 130
860 53 128
861 47 131
862 62 125
863 51 116
864 51 123
865 58 122
866 52 123
867 51 131
868 48 126
869 55 120
870 50 122
871 60 118
872 55 124
873 54 123
874 56 115
875 51 128
876 62 128
877 57 115
878 200 116
879 197 118
880 204 124
881 208 127
882 197 128
883 199 123
884 196 118
885 198 124
886 213 117
887 200 117
888 200 128
889 212 123
890 197 115
891 198 115
892 197 124
893 201 126
894 197 126
895 209 131
896 200 128
897 201 114
898 201 122
899 202 123
900 200 128
901 206 131
902 196 131
903 209 123
904 196 125
905 195 131
906 195 126
907 209 120
908 51 81
909 54 86
910 62 95
911 58 92
912 48 94
913 60 86
914 61 91
915 54 81
916 55 81
917 47 82
918 55 85
919 52 93
920 62 86
921 61 91
922 60 86
923 56 91
924 58 92
925 56 95
926 55 91
927 51 86
928 61 92
929 52 84
930 58 83
931 54 90
932 61 82
933 48 89
934 47 89
935 50 87
936 55 95
937 61 97
938 89 181
939 87 190
940 89 183
941 91 191
942 81 182
943 93 193
944 92 184
945 83 194
946 88 190
947 80 190
948 92 183
949 88 193
950 97 180
951 88 194
952 86 182
953 95 194
954 89 190
955 92 194
956 93 183
957 87 188
958 84 191
959 81 192
960 84 186
961 88 188
962 82 185
963 90 191
964 97 185
965 86 187
966 95 181
967 86 194
968 84 181
969 84 182
970 81 180
971 97 186
972 84 189
973 91 183
974 84 181
975 89 185
976 95 194
977 82 180
978 84 183
979 81 189
980 88 187
981 92 192
982 88 181
983 95 185
984 89 189
985 83 194
986 83 192
987 95 183
988 94 194
989 94 194
990 88 182
991 87 181
992 86 183
993 86 186
994 94 186
995 94 183
996 95 186
997 80 191
998 68 185
999 67 194
1000 65 193
1001 79 185
1002 69 192
1003 74 186
1004 63 181
1005 72 188
1006 72 181
1007 70 194
1008 79 184
1009 68 180
1010 65 191
1011 63 193
1012 69 188
1013 77 188
1014 74 184
1015 75 192
1016 72 193
1017 68 188
1018 76 186
1019 71 183
1020 74 183
1021 79 180
1022 66 191
1023 72 183
1024 77 192
1025 69 182
1026 78 187
1027 77 182
1028 219 121
1029 222 128
1030 231 129
1031 215 118
1032 225 129
1033 224 118
1034 228 129
1035 228 129
1036 221 125
1037 229 130
1038 226 115
1039 226 127
1040 228 130
1041 225 121
1042 224 121
1043 224 115
1044 217 130
1045 227 118
1046 221 116
1047 218 125
1048 231 129
1049 215 119
1050 220 118
1051 229 118
1052 227 116
1053 230 114
1054 229 126
1055 229 114
1056 217 117
1057 223 130
1058 238 5
1059 237 11
1060 244 2
1061 242 9
1062 245 1
1063 239 3
1064 233 5
1065 244 9
1066 244 7
1067 232 2
1068 234 9
1069 235 10
1070 234 2
1071 236 5
1072 245 11
1073 234 4
1074 241 4
1075 238 7
1076 245 5
1077 238 5
1078 237 7
1079 241 0
1080 236 8
1081 240 2
1082 240 7
1083 241 6
1084 242 6
1085 236 8
1086 233 2
1087 243 9
1088 1 53
1089 7 55
1090 11 48
1091 7 55
1092 7 50
1093 6 52
1094 7 53
1095 10 54
1096 8 56
1097 9 58
1098 9 53
1099 7 60
1100 8 48
1101 4 52
1102 1 49
1103 2 56
1104 3 55
1105 3 55
1106 3 55
1107 0 53
1108 8 49
1109 9 48
1110 10 53
1111 5 53
1112 6 56
1113 11 51
1114 176 79
1115 177 63
1116 166 77
1117 177 68
1118 165 73
1119 164 79
1120 166 79
1121 176 76
1122 168 64
1123 162 69
1124 176 78
1125 175 73
1126 171 74
1127 163 63
1128 174 65
1129 168 68
1130 166 77
1131 172 77
1132 166 64
1133 166 68
1134 168 72
1135 164 69
1136 177 77
1137 167 75
1138 166 75
1139 171 66
1140 171 69
1141 167 66
1142 166 70
1143 166 66
1144 79 247
1145 67 250
1146 65 247
1147 79 260
1148 75 256
1149 77 259
1150 70 258
1151 66 256
1152 63 247
1153 66 262
1154 68 250
1155 69 249
1156 70 247
1157 73 251
1158 63 248
1159 73 254
1160 70 253
1161 77 257
1162 75 253
1163 76 257
1164 72 257
1165 67 262
1166 65 250
1167 66 248
1168 71 250
1169 73 259
1170 68 259
1171 77 261
1172 78 254
1173 75 260
1174 140 149
1175 133 158
1176 140 153
1177 134 155
1178 146 153
1179 133 151
1180 142 159
1181 141 152
1182 145 148
1183 132 152
1184 132 157
1185 135 153
1186 141 148
1187 141 158
1188 141 157
1189 134 147
1190 142 155
1191 141 151
1192 143 150
1193 142 153
1194 138 152
1195 133 156
1196 140 155
1197 138 155
1198 140 155
1199 136 156
1200 133 153
1201 145 153
1202 143 154
1203 135 150
1204 59 202
1205 48 209
1206 61 199
1207 55 195
1208 47 212
1209 60 211
1210 62 212
1211 62 210
1212 62 214
1213 54 209
1214 48 203
1215 59 214
1216 54 197
1217 60 214
1218 51 211
1219 54 197
1220 61 207
1221 56 205
1222 60 197
1223 48 198
1224 53 200
1225 59 205
1226 58 204
1227 56 214
1228 55 202
1229 58 208
1230 57 199
1231 58 202
1232 58 195
1233 52 206
1234 172 36
1235 171 45
1236 163 33
1237 166 43
1238 174 40
1239 163 34
1240 164 46
1241 175 46
1242 177 36
1243 172 31
1244 172 39
1245 168 38
1246 162 41
1247 172 35
1248 177 31
1249 176 43
1250 171 39
1251 163 42
1252 170 40
1253 166 42
1254 178 39
1255 168 33
1256 172 39
1257 163 46
1258 169 37
1259 162 35
1260 177 38
1261 162 38
1262 169 39
1263 170 44
1264 6 66
1265 3 69
1266 8 74
1267 2 65
1268 2 63
1269 1 73
1270 6 69
1271 4 65
1272 6 76
1273 7 64
1274 2 75
1275 7 72
1276 8 72
1277 5 72
1278 3 66
1279 3 78
1280 7 77
1281 0 75
1282 11 75
1283 4 66
1284 10 72
1285 6 77
1286 5 74
1287 9 78
1288 0 74
1289 4 74
1290 0 79
1291 6 65
1292 10 73
1293 8 79
1294 11 50
1295 11 49
1296 3 51
1297 4 47
1298 2 62
1299 8 52
1300 10 54
1301 4 56
1302 8 53
1303 1 55
1304 5 52
1305 8 61
1306 3 56
1307 3 60
1308 7 62
1309 0 54
1310 7 60
1311 10 51
1312 9 52
1313 11 59
1314 0 57
1315 9 51
1316 1 61
1317 0 60
1318 11 55
1319 3 57
1320 3 58
1321 3 60
1322 10 50
1323 6 62
1324 136 238
1325 143 236
1326 138 243
1327 139 232
1328 138 240
1329 142 238
1330 138 234
1331 146 236
1332 145 242
1333 136 243
1334 140 232
1335 132 239
1336 138 237
1337 134 235
1338 146 245
1339 135 237
1340 133 241
1341 142 240
1342 137 237
1343 133 233
1344 144 245
1345 141 244
1346 141 238
1347 146 237
1348 133 237
1349 136 236
1350 140 244
1351 136 232
1352 137 236
1353 133 233
1354 67 89
1355 68 83
1356 65 91
1357 66 83
1358 66 91
1359 69 91
1360 64 97
1361 71 93
1362 69 87
1363 73 93
1364 72 88
1365 78 86
1366 65 90
1367 63 91
1368 69 93
1369 65 85
1370 65 97
1371 74 90
1372 73 86
1373 63 86
1374 66 93
1375 66 89
1376 77 90
1377 64 92
1378 69 95
1379 79 91
1380 68 97
1381 71 80
1382 66 89
1383 65 89
1384 21 246
1385 14 234
1386 13 237
1387 26 238
1388 27 246
1389 16 237
1390 17 239
1391 19 243
1392 27 239
1393 24 240
1394 15 242
1395 24 239
1396 21 235
1397 29 233
1398 17 242
1399 29 238
1400 24 245
1401 24 242
1402 26 238
1403 25 234
1404 27 246
1405 26 237
1406 30 241
1407 16 241
1408 14 235
1409 16 240
1410 15 244
1411 25 246
1412 22 235
1413 22 245
1414 31 224
1415 44 220
1416 46 227
1417 38 224
1418 44 219
1419 46 215
1420 37 222
1421 41 223
1422 40 222
1423 32 220
1424 41 215
1425 43 222
1426 44 220
1427 32 223
1428 42 222
1429 39 218
1430 42 221
1431 43 226
1432 34 226
1433 43 224
1434 36 231
1435 35 218
1436 36 222
1437 46 231
1438 31 219
1439 34 224
1440 40 217
1441 46 230
1442 46 216
1443 38 222
1444 2 59
1445 1 48
1446 8 52
1447 6 61
1448 6 50
1449 1 48
1450 7 52
1451 4 54
1452 8 53
1453 11 49
1454 10 56
1455 10 61
1456 11 54
1457 6 62
1458 10 59
1459 5 59
1460 11 54
1461 4 58
1462 11 51
1463 8 54
1464 5 61
1465 3 51
1466 5 50
1467 3 51
1468 3 60
1469 2 54
1470 4 52
1471 6 49
1472 3 55
1473 238 39
1474 243 43
1475 243 38
1476 234 33
1477 232 39
1478 246 35
1479 239 40
1480 240 46
1481 235 43
1482 234 35
1483 237 45
1484 241 33
1485 246 38
1486 233 46
1487 237 35
1488 240 40
1489 241 45
1490 242 31
1491 239 41
1492 236 38
1493 239 33
1494 238 43
1495 243 43
1496 236 36
1497 233 32
1498 236 39
1499 235 39
1500 240 45
1501 232 31
1502 240 37
1503 100 254
1504 101 256
1505 101 256
1506 111 258
1507 98 262
1508 102 252
1509 110 253
1510 112 254
1511 110 251
1512 106 250
1513 103 251
1514 100 255
1515 106 260
1516 100 250
1517 108 247
1518 103 253
1519 112 261
1520 113 262
1521 106 250
1522 112 259
1523 107 260
1524 110 258
1525 106 252
1526 107 258
1527 107 249
1528 103 257
1529 108 250
1530 105 260
1531 105 255
1532 101 260
1533 173 81
1534 174 96
1535 178 86
1536 169 85
1537 175 91
1538 177 89
1539 176 95
1540 165 96
1541 179 83
1542 173 90
1543 174 93
1544 175 86
1545 175 95
1546 177 94
1547 168 93
1548 167 90
1549 164 83
1550 166 81
1551 168 86
1552 170 86
1553 163 86
1554 173 82
1555 178 95
1556 165 87
1557 168 91
1558 174 88
1559 172 81
1560 166 96
1561 168 82
1562 170 89
1563 41 154
1564 41 155
1565 46 152
1566 35 148
1567 42 156
1568 34 159
1569 36 147
1570 32 150
1571 41 155
1572 41 159
1573 46 160
1574 46 159
1575 32 152
1576 39 156
1577 44 152
1578 42 157
1579 46 150
1580 36 151
1581 38 160
1582 34 149
1583 44 148
1584 37 156
1585 45 148
1586 36 154
1587 44 158
1588 31 159
1589 45 152
1590 31 147
1591 46 149
1592 41 151
1593 35 33
1594 33 38
1595 39 31
1596 35 38
1597 38 43
1598 40 31
1599 35 40
1600 41 37
1601 45 31
1602 38 35
1603 36 31
1604 42 45
1605 34 38
1606 44 45
1607 44 36
1608 39 46
1609 33 41
1610 35 33
1611 35 32
1612 35 38
1613 32 39
1614 40 31
1615 18 142
1616 19 135
1617 30 134
1618 25 135
1619 27 146
1620 27 142
1621 20 134
1622 28 146
1623 26 135
1624 23 135
1625 30 137
1626 18 132
1627 27 133
1628 18 135
1629 26 142
1630 27 145
1631 22 142
1632 23 132
1633 19 142
1634 18 142
1635 16 136
1636 22 143
1637 14 134
1638 16 132
1639 12 143
1640 15 132
1641 24 133
1642 18 145
1643 21 141
1644 24 140
1645 255 160
1646 257 161
1647 251 155
1648 247 154
1649 251 156
1650 256 159
1651 261 159
1652 255 153
1653 262 148
1654 248 147
1655 254 147
1656 250 156
1657 262 148
1658 247 161
1659 247 148
1660 256 149
1661 250 148
1662 261 150
1663 261 150
1664 253 149
1665 256 158
1666 253 159
1667 249 161
1668 258 158
1669 257 154
1670 258 148
1671 262 158
1672 252 152
1673 253 159
1674 259 154
1675 1 228
1676 3 225
1677 4 217
1678 5 229
1679 6 221
1680 8 217
1681 7 219
1682 11 221
1683 11 218
1684 10 217
1685 6 216
1686 2 222
1687 5 231
1688 5 218
1689 10 222
1690 7 226
1691 7 220
1692 0 223
1693 1 216
1694 5 219
1695 3 226
1696 3 216
1697 7 219
1698 8 223
1699 8 217
1700 10 229
1701 5 218
1702 8 217
1703 3 192
1704 4 187
1705 9 182
1706 5 191
1707 11 189
1708 6 184
1709 5 186
1710 10 187
1711 8 194
1712 0 180
1713 2 187
1714 10 187
1715 10 189
1716 4 189
1717 3 180
1718 11 182
1719 3 184
1720 8 186
1721 1 184
1722 4 188
1723 11 185
1724 1 194
1725 11 193
1726 6 191
1727 5 180
1728 7 188
1729 2 189
1730 1 187
1731 6 254
1732 0 260
1733 9 259
1734 7 260
1735 5 252
1736 9 248
1737 11 256
1738 7 249
1739 8 262
1740 6 257
1741 8 258
1742 9 262
1743 3 256
1744 5 248
1745 9 257
1746 2 252
1747 4 248
1748 9 260
1749 7 254
1750 1 253
1751 7 251
1752 8 251
1753 6 249
1754 7 250
1755 4 261
1756 2 260
1757 4 262
1758 7 255
1759 9 251
1760 15 200
1761 23 200
1762 24 213
1763 15 195
1764 20 213
1765 18 214
1766 19 201
1767 29 208
1768 20 196
1769 30 211
1770 30 203
1771 17 195
1772 18 208
1773 26 199
1774 28 213
1775 12 198
1776 24 195
1777 30 213
1778 17 204
1779 12 211
1780 28 206
1781 15 201
1782 21 213
1783 17 207
1784 18 211
1785 12 201
1786 24 202
1787 15 196
1788 16 212
1789 29 211
1790 48 108
1791 62 108
1792 52 98
1793 51 107
1794 61 107
1795 62 112
1796 58 109
1797 54 106
1798 53 100
1799 49 109
1800 59 101
1801 53 99
1802 55 98
1803 54 104
1804 56 105
1805 52 102
1806 57 105
1807 60 98
1808 47 103
1809 47 108
1810 60 106
1811 56 102
1812 54 110
1813 52 109
1814 60 101
1815 53 112
1816 59 104
1817 57 101
1818 56 98
1819 57 108
1820 186 87
1821 193 89
1822 184 89
1823 187 92
1824 193 93
1825 193 96
1826 186 96
1827 193 87
1828 193 96
1829 181 81
1830 194 82
1831 186 89
1832 191 95
1833 191 80
1834 180 90
1835 181 80
1836 191 97
1837 184 84
1838 191 88
1839 192 94
1840 189 91
1841 187 96
1842 181 97
1843 187 88
1844 180 91
1845 184 85
1846 189 88
1847 190 90
1848 185 82
1849 194 96
1850 136 157
1851 146 148
1852 136 160
1853 141 156
1854 145 151
1855 140 151
1856 138 152
1857 138 153
1858 136 153
1859 135 152
1860 142 158
1861 146 157
1862 144 149
1863 140 154
1864 132 149
1865 141 156
1866 138 154
1867 139 155
1868 135 150
1869 135 156
1870 145 147
1871 133 156
1872 134 158
1873 138 153
1874 145 152
1875 136 150
1876 143 149
1877 141 156
1878 144 149
1879 142 147
1880 138 166
1881 135 170
1882 146 176
1883 133 167
1884 138 165
1885 132 168
1886 134 169
1887 136 167
1888 146 172
1889 146 164
1890 142 172
1891 144 164
1892 134 162
1893 136 178
1894 140 176
1895 144 175
1896 141 170
1897 141 179
1898 136 168
1899 144 165
1900 138 165
1901 133 166
1902 142 172
1903 139 165
1904 141 164
1905 136 172
1906 137 166
1907 134 172
1908 139 173
1909 141 169
1910 188 232
1911 185 241
1912 187 232
1913 193 243
1914 183 245
1915 183 239
1916 186 242
1917 189 245
1918 182 243
1919 188 241
1920 186 234
1921 191 240
1922 192 239
1923 190 246
1924 188 236
1925 189 244
1926 188 245
1927 183 243
1928 194 232
1929 190 244
1930 180 239
1931 186 240
1932 187 236
1933 185 237
1934 190 244
1935 183 240
1936 192 238
1937 186 242
1938 188 244
1939 188 232
1940 40 104
1941 31 103
1942 45 104
1943 33 101
1944 41 113
1945 42 112
1946 36 104
1947 41 104
1948 46 106
1949 34 111
1950 32 103
1951 46 106
1952 37 108
1953 39 102
1954 44 112
1955 45 111
1956 37 110
1957 42 103
1958 38 99
1959 46 109
1960 33 101
1961 34 101
1962 43 100
1963 43 110
1964 46 100
1965 42 99
1966 36 110
1967 38 102
1968 33 98
1969 34 105
1970 67 142
1971 68 138
1972 71 141
1973 79 144
1974 74 137
1975 75 143
1976 72 144
1977 73 134
1978 76 140
1979 71 140
1980 66 140
1981 70 145
1982 63 134
1983 67 137
1984 78 141
1985 74 141
1986 64 137
1987 70 142
1988 70 138
1989 66 142
1990 76 139
1991 76 139
1992 73 139
1993 70 139
1994 69 138
1995 78 137
1996 70 141
1997 74 135
1998 74 146
1999 77 139
2000 22 148
2001 28 160
2002 30 147
2003 16 157
2004 28 154
2005 24 147
2006 17 157
2007 29 147
2008 24 155
2009 18 158
2010 19 153
2011 22 147
2012 26 156
2013 14 159
2014 26 161
2015 21 153
2016 15 158
2017 20 147
2018 17 149
2019 28 161
2020 20 150
2021 12 153
2022 26 161
2023 23 151
2024 26 154
2025 26 160
2026 23 150
2027 16 161
2028 30 155
2029 23 152
2030 187 68
2031 184 68
2032 183 68
2033 186 79
2034 192 65
2035 191 69
2036 184 78
2037 187 70
2038 181 69
2039 181 64
2040 185 72
2041 185 71
2042 188 72
2043 188 76
2044 193 76
2045 192 66
2046 193 69
2047 187 79
2048 189 65
2049 182 66
2050 193 73
2051 191 65
2052 191 78
2053 193 68
2054 190 64
2055 192 70
2056 192 72
2057 182 71
2058 184 74
2059 183 76
2060 72 181
2061 63 187
2062 77 185
2063 67 180
2064 76 187
2065 76 194
2066 74 186
2067 75 181
2068 65 186
2069 74 190
2070 74 192
2071 79 193
2072 76 194
2073 63 188
2074 75 194
2075 63 188
2076 64 185
2077 66 184
2078 74 192
2079 65 184
2080 65 193
2081 75 180
2082 78 192
2083 77 186
2084 64 193
2085 68 194
2086 78 192
2087 63 181
2088 76 185
2089 66 193
2090 4 124
2091 9 115
2092 4 119
2093 5 119
2094 3 114
2095 1 130
2096 3 125
2097 6 125
2098 7 115
2099 3 120
2100 4 120
2101 1 123
2102 5 130
2103 7 119
2104 7 121
2105 10 131
2106 11 124
2107 5 119
2108 6 126
2109 6 125
2110 5 118
2111 8 115
2112 11 130
2113 0 121
2114 3 130
2115 4 124
2116 3 125
2117 0 117
2118 6 115
2119 9 122
2120 196 120
2121 212 119
2122 196 127
2123 197 127
2124 214 123
2125 210 122
2126 211 115
2127 211 123
2128 211 124
2129 208 121
2130 208 119
2131 211 121
2132 214 130
2133 208 125
2134 212 125
2135 211 123
2136 197 114
2137 205 127
2138 204 120
2139 208 115
2140 195 122
2141 204 117
2142 198 114
2143 211 119
2144 199 115
2145 204 115
2146 198 122
2147 207 119
2148 208 128
2149 208 124
2150 175 64
2151 162 74
2152 171 63
2153 179 69
2154 179 75
2155 163 77
2156 167 66
2157 175 78
2158 165 78
2159 167 77
2160 172 73
2161 171 76
2162 172 71
2163 164 77
2164 162 78
2165 178 64
2166 164 66
2167 168 78
2168 167 78
2169 175 71
2170 169 63
2171 174 63
2172 166 66
2173 168 69
2174 167 68
2175 172 71
2176 167 64
2177 171 69
2178 174 68
2179 166 78
2180 19 67
2181 16 74
2182 25 63
2183 22 67
2184 23 79
2185 22 63
2186 24 73
2187 30 73
2188 23 71
2189 16 73
2190 28 65
2191 28 74
2192 24 78
2193 26 64
2194 16 74
2195 23 74
2196 29 74
2197 25 64
2198 20 65
2199 28 74
2200 14 77
2201 14 63
2202 27 71
2203 14 66
2204 27 67
2205 23 72
2206 17 65
2207 15 79
2208 15 75
2209 21 77
2210 183 177
2211 193 169
2212 188 172
2213 188 168
2214 190 179
2215 187 166
2216 191 162
2217 183 166
2218 192 171
2219 187 175
2220 189 177
2221 183 175
2222 188 163
2223 194 163
2224 194 179
2225 192 177
2226 189 172
2227 186 162
2228 183 177
2229 189 168
2230 189 162
2231 190 163
2232 191 176
2233 184 173
2234 180 162
2235 190 173
2236 185 170
2237 192 173
2238 190 177
2239 180 175
2240 193 259
2241 193 253
2242 183 252
2243 187 254
2244 186 247
2245 184 248
2246 193 256
2247 193 254
2248 190 247
2249 187 253
2250 181 262
2251 193 251
2252 190 254
2253 193 252
2254 190 247
2255 181 254
2256 185 260
2257 187 247
2258 181 260
2259 187 259
2260 192 251
2261 186 253
2262 180 259
2263 191 258
2264 193 254
2265 183 257
2266 190 261
2267 191 250
2268 192 256
2269 189 248
2270 123 79
2271 119 79
2272 129 71
2273 128 78
2274 125 71
2275 131 73
2276 115 70
2277 130 75
2278 128 79
2279 117 70
2280 115 75
2281 124 69
2282 117 63
2283 129 68
2284 114 78
2285 114 76
2286 117 68
2287 116 76
2288 127 78
2289 123 75
2290 119 69
2291 115 74
2292 130 73
2293 116 69
2294 125 65
2295 120 69
2296 120 69
2297 127 79
2298 117 78
2299 118 79
2300 99 105
2301 98 106
2302 106 102
2303 112 108
2304 103 104
2305 103 112
2306 110 107
2307 102 105
2308 101 109
2309 107 99
2310 107 102
2311 99 105
2312 113 110
2313 107 110
2314 109 112
2315 100 105
2316 105 103
2317 102 104
2318 100 102
2319 102 106
2320 197 245
2321 200 242
2322 199 244
2323 205 234
2324 198 236
2325 201 242
2326 211 241
2327 214 242
2328 201 240
2329 195 246
2330 205 246
2331 210 235
2332 213 234
2333 208 236
2334 201 237
2335 209 242
2336 203 244
2337 199 242
2338 205 233
2339 204 239
2340 212 233
2341 197 232
2342 206 246
2343 206 244
2344 213 241
2345 214 242
2346 198 240
2347 201 236
2348 197 246
2349 205 236
2350 29 108
2351 29 113
2352 12 98
2353 20 99
2354 23 109
2355 29 111
2356 19 105
2357 29 105
2358 20 99
2359 28 113
2360 13 104
2361 29 113
2362 26 112
2363 20 103
2364 17 98
2365 25 99
2366 12 105
2367 25 103
2368 19 98
2369 22 113
2370 26 107
2371 25 102
2372 21 100
2373 18 113
2374 30 109
2375 12 112
2376 23 104
2377 21 100
2378 12 106
2379 13 104
2380 238 141
2381 241 133
2382 236 132
2383 238 143
2384 241 144
2385 241 139
2386 238 142
2387 241 144
2388 233 139
2389 237 146
2390 242 134
2391 236 132
2392 234 139
2393 236 142
2394 238 138
2395 235 140
2396 236 145
2397 240 142
2398 243 139
2399 243 139
2400 245 141
2401 233 136
2402 239 132
2403 244 132
2404 243 133
2405 243 146
2406 232 144
2407 235 134
2408 234 137
2409 245 137
2410 242 3
2411 233 1
2412 236 1
2413 233 3
2414 246 2
2415 236 2
2416 237 3
2417 236 10
2418 243 7
2419 245 8
2420 235 6
2421 240 9
2422 241 4
2423 243 3
2424 244 1
2425 236 4
2426 237 3
2427 238 10
2428 233 5
2429 239 8
2430 241 0
2431 238 5
2432 236 7
2433 233 1
2434 239 5
2435 233 3
2436 242 0
2437 233 11
2438 233 2
2439 241 10
2440 229 118
2441 231 126
2442 219 131
2443 223 124
2444 221 118
2445 229 125
2446 222 120
2447 220 115
2448 230 121
2449 231 131
2450 219 124
2451 230 129
2452 224 121
2453 224 115
2454 227 114
2455 230 123
2456 215 131
2457 221 118
2458 219 117
2459 224 129
2460 228 114
2461 216 116
2462 231 116
2463 221 119
2464 225 130
2465 215 130
2466 229 116
2467 221 131
2468 231 118
2469 221 123
2470 103 11
2471 103 9
2472 101 5
2473 110 7
2474 104 5
2475 106 11
2476 99 7
2477 102 7
2478 113 8
2479 103 6
2480 112 5
2481 100 7
2482 107 10
2483 103 6
2484 112 4
2485 104 10
2486 109 5
2487 103 1
2488 109 8
2489 108 0
2490 99 5
2491 109 6
2492 102 8
2493 113 8
2494 106 1
2495 111 8
2496 98 8
2497 61 253
2498 51 259
2499 61 250
2500 55 254
2501 54 254
2502 57 253
2503 50 258
2504 52 260
2505 62 252
2506 52 254
2507 52 248
2508 62 261
2509 53 248
2510 50 247
2511 55 257
2512 61 252
2513 54 248
2514 55 259
2515 51 261
2516 57 258
2517 58 253
2518 58 248
2519 51 262
2520 58 257
2521 50 258
2522 47 259
2523 49 251
2524 47 255
2525 61 260
2526 53 256
2527 31 240
2528 36 235
2529 34 246
2530 39 245
2531 32 245
2532 32 239
2533 32 234
2534 34 246
2535 31 241
2536 38 233
2537 46 246
2538 39 235
2539 31 242
2540 36 241
2541 31 234
2542 45 242
2543 38 234
2544 39 236
2545 32 235
2546 44 244
2547 39 235
2548 45 238
2549 36 234
2550 33 245
2551 39 246
2552 33 233
2553 46 238
2554 40 233
2555 41 238
2556 39 242
2557 35 134
2558 33 133
2559 44 141
2560 44 133
2561 43 141
2562 46 146
2563 42 143
2564 31 144
2565 33 138
2566 45 137
2567 45 132
2568 39 137
2569 44 136
2570 46 132
2571 36 141
2572 44 144
2573 35 145
2574 42 144
2575 37 143
2576 46 145
2577 31 146
2578 39 138
2579 41 145
2580 35 136
2581 40 143
2582 46 132
2583 38 141
2584 40 142
2585 31 138
2586 33 137
2587 92 36
2588 84 46
2589 95 38
2590 89 43
2591 92 43
2592 84 45
2593 92 39
2594 88 39
2595 87 40
2596 85 31
2597 91 31
2598 96 38
2599 92 43
2600 87 43
2601 84 34
2602 83 38
2603 93 41
2604 85 39
2605 88 35
2606 93 31
2607 82 46
2608 88 40
2609 82 36
2610 92 33
2611 87 38
2612 89 37
2613 96 40
2614 90 42
2615 89 36
2616 97 37
2617 92 235
2618 93 236
2619 88 243
2620 89 242
2621 97 239
2622 97 242
2623 84 243
2624 81 241
2625 88 246
2626 94 241
2627 83 244
2628 80 242
2629 87 244
2630 82 246
2631 87 244
2632 93 246
2633 86 232
2634 89 244
2635 86 239
2636 84 236
2637 97 232
2638 89 246
2639 83 233
2640 94 240
2641 95 234
2642 81 239
2643 86 235
2644 93 235
2645 86 237
2646 92 246
2647 180 142
2648 187 142
2649 190 146
2650 183 135
2651 183 139
2652 190 135
2653 189 143
2654 183 137
2655 188 145
2656 188 138
2657 180 134
2658 181 143
2659 181 141
2660 190 138
2661 192 142
2662 192 133
2663 182 142
2664 191 142
2665 190 133
2666 194 132
2667 188 138
2668 187 143
2669 193 137
2670 185 142
2671 184 141
2672 181 140
2673 185 138
2674 180 144
2675 180 139
2676 185 142
2677 205 49
2678 214 50
2679 212 49
2680 200 50
2681 204 56
2682 205 54
2683 197 48
2684 204 48
2685 203 47
2686 198 50
2687 209 54
2688 209 60
2689 205 47
2690 213 58
2691 213 49
2692 198 57
2693 196 49
2694 199 48
2695 202 48
2696 198 61
2697 209 49
2698 205 60
2699 198 59
2700 197 55
2701 200 51
2702 197 62
2703 214 56
2704 210 62
2705 206 56
2706 69 103
2707 78 98
2708 74 110
2709 72 104
2710 76 98
2711 68 105
2712 71 109
2713 63 99
2714 76 109
2715 69 103
2716 78 101
2717 77 112
2718 73 101
2719 76 105
2720 71 103
2721 77 108
2722 67 105
2723 65 101
2724 72 111
2725 73 113
2726 64 112
2727 68 103
2728 72 103
2729 67 108
2730 77 103
2731 79 104
2732 67 113
2733 75 112
2734 68 112
2735 64 112
2736 146 195
2737 135 202
2738 140 198
2739 146 197
2740 136 200
2741 139 209
2742 135 212
2743 136 210
2744 143 202
2745 140 207
2746 139 198
2747 137 206
2748 132 200
2749 141 206
2750 141 195
2751 146 208
2752 146 214
2753 142 204
2754 136 197
2755 134 208
2756 138 209
2757 145 202
2758 144 199
2759 144 210
2760 136 204
2761 146 201
2762 133 204
2763 142 197
2764 132 198
2765 225 5
2766 224 1
2767 230 10
2768 219 4
2769 218 11
2770 218 11
2771 225 6
2772 220 6
2773 227 4
2774 217 8
2775 230 6
2776 218 11
2777 230 1
2778 230 7
2779 230 8
2780 229 5
2781 231 7
2782 216 9
2783 226 2
2784 226 0
2785 225 10
2786 229 10
2787 217 8
2788 230 0
2789 221 4
2790 230 1
2791 155 141
2792 160 141
2793 159 136
2794 155 144
2795 161 137
2796 159 132
2797 147 144
2798 154 136
2799 158 142
2800 158 137
2801 150 137
2802 153 142
2803 161 146
2804 147 134
2805 160 135
2806 158 143
2807 157 145
2808 156 135
2809 160 138
2810 158 138
2811 150 132
2812 147 142
2813 156 145
2814 149 144
2815 152 142
2816 148 146
2817 157 142
2818 148 133
2819 156 136
2820 161 142
2821 199 148
2822 209 151
2823 207 152
2824 198 152
2825 208 160
2826 209 155
2827 209 156
2828 201 156
2829 208 151
2830 205 152
2831 198 158
2832 196 161
2833 204 155
2834 210 158
2835 203 148
2836 195 160
2837 206 150
2838 195 147
2839 199 152
2840 197 159
2841 206 155
2842 200 156
2843 207 152
2844 201 151
2845 201 153
2846 206 148
2847 201 148
2848 211 155
2849 202 156
2850 195 152
2851 234 124
2852 245 130
2853 246 123
2854 237 127
2855 232 128
2856 238 123
2857 239 117
2858 237 118
2859 237 115
2860 237 124
2861 243 131
2862 246 125
2863 234 126
2864 241 128
2865 244 127
2866 242 114
2867 234 114
2868 246 114
2869 245 117
2870 233 124
2871 237 125
2872 241 114
2873 234 118
2874 245 120
2875 233 120
2876 234 130
2877 233 121
2878 241 128
2879 242 115
2880 245 124
