266 286 10 2963
0 8
1 6
2 10
3 5
4 6
5 7
6 8
7 8
8 7
9 6
10 9
11 11
12 5
13 4
14 3
15 3
16 3
17 3
18 3
19 4
20 4
21 5
22 3
23 4
24 3
25 3
26 3
27 3
28 3
29 3
30 4
31 7
32 4
33 3
34 3
35 3
36 3
37 3
38 3
39 3
40 3
41 3
42 4
43 3
44 5
45 3
46 4
47 4
48 3
49 3
50 3
51 3
52 3
53 4
54 5
55 5
56 3
57 3
58 3
59 3
60 5
61 3
62 5
63 3
64 3
65 3
66 3
67 3
68 3
69 5
70 3
71 5
72 4
73 3
74 3
75 3
76 3
77 3
78 3
79 3
80 3
81 4
82 3
83 3
84 4
85 4
86 3
87 3
88 4
89 3
90 3
91 4
92 3
93 3
94 3
95 3
96 3
97 4
98 3
99 8
100 3
101 3
102 3
103 3
104 3
105 5
106 3
107 3
108 3
109 3
110 3
111 3
112 3
113 3
114 4
115 4
116 4
117 3
118 4
119 3
120 3
121 3
122 3
123 3
124 3
125 3
126 3
127 3
128 4
129 6
130 3
131 3
132 3
133 5
134 3
135 3
136 3
137 4
138 3
139 3
140 4
141 4
142 3
143 3
144 3
145 3
146 3
147 3
148 3
149 3
150 4
151 3
152 9
153 3
154 3
155 3
156 3
157 4
158 3
159 3
160 3
161 3
162 3
163 3
164 3
165 3
166 3
167 3
168 3
169 3
170 3
171 4
172 3
173 3
174 3
175 3
176 5
177 3
178 3
179 3
180 3
181 6
182 3
183 3
184 4
185 3
186 4
187 4
188 3
189 3
190 3
191 5
192 4
193 3
194 5
195 4
196 4
197 3
198 3
199 4
200 3
201 4
202 4
203 3
204 3
205 4
206 3
207 3
208 5
209 3
210 4
211 3
212 4
213 5
214 3
215 4
216 3
217 4
218 4
219 4
220 3
221 5
222 3
223 5
224 4
225 3
226 3
227 5
228 3
229 3
230 6
231 5
232 3
233 3
234 4
235 3
236 3
237 3
238 4
239 3
240 3
241 3
242 4
243 4
244 4
245 3
246 3
247 3
248 5
249 3
250 4
251 3
252 3
253 4
254 4
255 3
256 3
257 5
258 4
259 3
260 3
261 3
262 5
263 3
264 4
265 3
0 0 2
1 0 3
2 0 7
3 0 8
4 0 9
5 0 11
6 0 76
7 0 152
8 1 2
9 1 4
10 1 7
11 1 11
12 1 210
13 2 5
14 2 6
15 2 9
16 2 10
17 2 27
18 2 172
19 3 4
20 3 6
21 3 11
22 4 6
23 4 10
24 4 133
25 4 247
26 5 6
27 5 8
28 5 9
29 5 10
30 5 11
31 5 94
32 6 7
33 6 8
34 6 9
35 6 11
36 7 10
37 7 12
38 7 114
39 8 11
40 8 46
41 9 11
42 10 11
43 10 192
44 10 227
45 11 61
46 12 18
47 12 25
48 12 21
49 13 21
50 13 23
51 14 23
52 15 22
53 15 24
54 15 19
55 16 25
56 17 20
57 19 26
58 20 21
59 23 26
60 27 35
61 27 31
62 28 44
63 29 37
64 30 36
65 30 34
66 30 33
67 31 40
68 31 41
69 31 43
70 31 32
71 31 45
72 32 44
73 33 42
74 34 38
75 37 38
76 39 42
77 42 44
78 46 54
79 46 60
80 47 55
81 47 54
82 48 55
83 49 59
84 49 53
85 50 54
86 51 55
87 52 56
88 52 60
89 53 60
90 57 59
91 58 60
92 61 62
93 62 68
94 62 73
95 63 69
96 64 70
97 65 69
98 66 67
99 66 75
100 69 71
101 70 71
102 70 74
103 71 73
104 72 74
105 72 75
106 76 81
107 76 85
108 77 87
109 78 84
110 79 81
111 80 89
112 80 91
113 81 82
114 81 86
115 82 88
116 83 90
117 83 84
118 84 88
119 85 87
120 85 93
121 86 91
122 91 92
123 94 111
124 94 110
125 95 99
126 96 106
127 96 97
128 97 98
129 97 99
130 97 113
131 99 107
132 99 101
133 99 105
134 99 112
135 100 110
136 100 105
137 101 109
138 102 104
139 103 105
140 104 113
141 108 109
142 114 116
143 114 127
144 115 119
145 115 128
146 116 124
147 117 122
148 118 126
149 118 128
150 120 127
151 120 125
152 121 125
153 122 129
154 123 128
155 125 132
156 126 129
157 127 128
158 129 130
159 129 131
160 133 147
161 133 141
162 133 137
163 134 140
164 135 142
165 136 142
166 136 140
167 137 140
168 138 139
169 139 144
170 140 145
171 141 143
172 141 146
173 141 150
174 144 148
175 144 149
176 145 151
177 149 150
178 152 161
179 152 154
180 152 167
181 152 168
182 152 158
183 152 153
184 153 157
185 153 155
186 154 164
187 155 171
188 156 170
189 157 165
190 158 162
191 159 169
192 160 166
193 160 167
194 162 169
195 163 165
196 170 171
197 172 186
198 173 187
199 173 181
200 174 179
201 175 181
202 176 182
203 176 186
204 176 190
205 177 188
206 177 191
207 178 181
208 179 187
209 180 185
210 180 181
211 181 191
212 182 183
213 184 189
214 184 191
215 187 190
216 192 208
217 193 196
218 194 197
219 194 201
220 194 195
221 195 209
222 196 206
223 197 207
224 198 205
225 199 205
226 199 203
227 200 205
228 201 204
229 202 206
230 202 208
231 203 204
232 205 208
233 210 215
234 210 211
235 211 221
236 212 221
237 212 225
238 212 226
239 213 219
240 213 217
241 213 224
242 214 223
243 215 224
244 216 218
245 217 223
246 218 221
247 219 220
248 222 223
249 227 229
250 227 243
251 227 231
252 227 230
253 228 231
254 230 237
255 230 245
256 230 246
257 231 236
258 231 239
259 231 244
260 232 236
261 233 238
262 234 235
263 234 243
264 238 246
265 239 241
266 240 242
267 242 244
268 247 258
269 248 258
270 248 259
271 248 254
272 249 251
273 249 255
274 249 265
275 250 253
276 250 257
277 252 263
278 253 264
279 254 260
280 254 257
281 256 263
282 256 262
283 257 265
284 261 262
285 262 264
0 48 22
1 58 23
2 50 22
3 57 23
4 50 26
5 57 23
6 47 19
7 56 18
8 48 19
9 56 23
10 54 16
11 51 24
12 53 18
13 57 13
14 58 15
15 49 16
16 48 25
17 50 13
18 47 12
19 57 16
20 54 20
21 46 25
22 59 22
23 53 13
24 49 12
25 54 23
26 54 12
27 51 26
28 52 23
29 52 17
30 12 31
31 13 44
32 22 38
33 14 31
34 17 27
35 16 38
36 16 28
37 21 39
38 21 40
39 14 29
40 18 43
41 19 40
42 12 32
43 17 41
44 23 42
45 14 28
46 26 45
47 15 27
48 13 45
49 15 45
50 23 29
51 17 30
52 25 28
53 18 33
54 21 37
55 24 29
56 14 29
57 25 33
58 18 32
59 21 31
60 7 75
61 11 72
62 9 75
63 0 70
64 9 72
65 5 67
66 1 69
67 9 66
68 6 65
69 7 73
70 5 66
71 2 69
72 4 74
73 2 74
74 9 64
75 8 69
76 4 69
77 4 69
78 8 73
79 6 73
80 4 69
81 11 65
82 5 67
83 5 74
84 7 61
85 7 68
86 11 72
87 11 67
88 0 75
89 4 69
90 71 75
91 74 66
92 73 66
93 61 67
94 75 63
95 62 63
96 71 66
97 62 65
98 67 63
99 66 61
100 63 62
101 62 75
102 66 73
103 74 66
104 69 72
105 64 66
106 73 64
107 72 61
108 64 75
109 64 73
110 61 74
111 61 75
112 61 74
113 82 153
114 86 158
115 76 163
116 79 154
117 87 167
118 85 166
119 93 160
120 84 170
121 92 168
122 84 169
123 76 164
124 88 155
125 90 168
126 86 165
127 87 171
128 82 159
129 89 156
130 84 167
131 92 171
132 85 167
133 84 165
134 81 167
135 89 171
136 80 169
137 90 165
138 87 160
139 86 152
140 92 164
141 90 153
142 90 160
143 233 207
144 237 203
145 241 205
146 233 192
147 245 203
148 239 197
149 238 199
150 239 209
151 231 208
152 243 193
153 232 192
154 238 204
155 240 207
156 241 205
157 241 206
158 235 209
159 243 203
160 237 208
161 238 194
162 238 197
163 237 195
164 242 202
165 227 208
166 238 193
167 237 205
168 237 204
169 244 194
170 234 197
171 244 203
172 233 207
173 71 124
174 70 128
175 75 116
176 73 123
177 69 114
178 69 114
179 68 114
180 62 117
181 72 115
182 73 120
183 68 123
184 71 132
185 67 126
186 65 130
187 68 126
188 74 115
189 71 128
190 61 122
191 68 114
192 71 127
193 73 116
194 64 124
195 69 127
196 73 130
197 67 116
198 69 120
199 67 114
200 62 131
201 72 127
202 65 122
203 219 19
204 211 18
205 220 22
206 222 24
207 213 23
208 225 20
209 222 25
210 213 18
211 215 19
212 219 16
213 220 20
214 222 22
215 211 23
216 218 24
217 225 21
218 220 17
219 217 16
220 213 14
221 210 20
222 224 26
223 225 12
224 212 22
225 211 22
226 210 16
227 217 21
228 220 21
229 219 16
230 219 12
231 213 12
232 212 23
233 63 189
234 63 177
235 73 180
236 69 188
237 63 175
238 68 190
239 65 190
240 61 175
241 71 172
242 68 178
243 67 183
244 62 187
245 65 181
246 70 184
247 67 177
248 74 191
249 72 190
250 67 189
251 73 186
252 62 173
253 70 181
254 74 172
255 68 182
256 73 177
257 73 185
258 65 187
259 71 183
260 62 187
261 64 183
262 75 176
263 94 234
264 105 235
265 105 234
266 95 235
267 98 243
268 100 238
269 105 243
270 110 227
271 107 245
272 95 240
273 96 244
274 107 233
275 99 233
276 104 239
277 104 231
278 107 237
279 94 233
280 94 235
281 108 234
282 111 245
283 113 227
284 103 246
285 111 232
286 112 229
287 107 230
288 101 232
289 111 232
290 94 228
291 103 231
292 109 238
293 57 7
294 49 11
295 55 2
296 50 8
297 48 10
298 49 6
299 58 0
300 54 6
301 51 0
302 48 10
303 52 3
304 58 4
305 54 10
306 51 8
307 51 9
308 55 5
309 49 1
310 52 8
311 53 0
312 58 2
313 50 1
314 55 1
315 58 10
316 53 0
317 50 6
318 56 3
319 57 11
320 52 5
321 60 9
322 48 3
323 142 41
324 148 31
325 142 36
326 137 31
327 142 30
328 137 40
329 145 32
330 142 32
331 133 41
332 145 42
333 135 44
334 145 27
335 136 41
336 150 36
337 138 41
338 150 44
339 142 33
340 147 43
341 145 41
342 143 31
343 144 30
344 133 43
345 138 38
346 138 31
347 143 29
348 139 39
349 137 35
350 139 40
351 138 44
352 140 32
353 125 1
354 132 6
355 121 9
356 115 7
357 126 8
358 124 2
359 120 4
360 119 7
361 116 11
362 130 6
363 120 4
364 121 6
365 116 4
366 124 4
367 126 5
368 117 3
369 129 8
370 119 5
371 132 11
372 119 7
373 125 6
374 130 10
375 128 11
376 124 6
377 130 2
378 119 4
379 128 3
380 116 1
381 132 10
382 126 9
383 185 255
384 184 256
385 184 255
386 188 251
387 173 262
388 173 250
389 191 253
390 180 257
391 187 264
392 189 254
393 177 264
394 176 251
395 175 253
396 189 254
397 185 256
398 185 262
399 189 256
400 173 252
401 184 252
402 174 255
403 172 262
404 182 256
405 178 255
406 178 258
407 172 258
408 185 259
409 184 263
410 174 259
411 185 255
412 179 249
413 57 151
414 60 151
415 59 135
416 50 151
417 55 148
418 50 137
419 54 146
420 52 144
421 55 137
422 52 139
423 56 148
424 56 149
425 57 150
426 52 145
427 53 150
428 57 133
429 57 139
430 46 146
431 59 140
432 51 148
433 59 145
434 46 137
435 47 136
436 52 139
437 57 151
438 51 151
439 48 134
440 60 151
441 46 139
442 51 144
443 21 52
444 17 49
445 17 50
446 26 49
447 22 60
448 23 58
449 15 59
450 15 55
451 20 60
452 23 56
453 20 54
454 14 52
455 14 60
456 18 51
457 25 56
458 25 53
459 13 48
460 16 48
461 14 50
462 12 48
463 19 49
464 26 55
465 14 56
466 22 50
467 25 49
468 24 60
469 13 60
470 23 56
471 14 48
472 21 49
473 127 55
474 122 48
475 124 60
476 132 50
477 130 55
478 121 60
479 120 49
480 129 49
481 132 51
482 114 51
483 116 53
484 132 50
485 119 50
486 128 51
487 122 57
488 115 55
489 118 56
490 114 54
491 115 53
492 130 49
493 124 49
494 124 47
495 117 54
496 132 47
497 125 53
498 129 53
499 116 56
500 124 57
501 117 54
502 114 46
503 165 104
504 153 106
505 156 110
506 160 100
507 166 111
508 169 98
509 170 109
510 171 96
511 153 94
512 154 98
513 156 105
514 153 109
515 167 95
516 154 102
517 157 109
518 156 109
519 162 94
520 159 106
521 154 109
522 155 103
523 160 105
524 160 111
525 152 104
526 159 97
527 162 113
528 169 98
529 171 98
530 158 101
531 161 106
532 155 94
533 56 226
534 53 224
535 52 226
536 47 223
537 50 216
538 50 220
539 48 210
540 58 221
541 52 215
542 57 222
543 59 224
544 50 213
545 53 217
546 57 226
547 58 218
548 48 223
549 55 210
550 55 210
551 48 213
552 50 220
553 47 218
554 49 218
555 54 219
556 56 225
557 58 225
558 46 210
559 51 221
560 55 224
561 56 212
562 58 225
563 219 101
564 220 105
565 223 96
566 217 100
567 226 105
568 221 94
569 218 99
570 224 109
571 211 95
572 218 96
573 220 113
574 218 95
575 213 106
576 226 97
577 226 107
578 216 109
579 214 103
580 211 111
581 224 109
582 214 105
583 226 103
584 217 95
585 219 96
586 211 99
587 222 96
588 218 107
589 213 105
590 219 105
591 226 97
592 211 110
593 145 68
594 133 63
595 149 73
596 145 66
597 139 75
598 140 65
599 149 64
600 141 71
601 149 64
602 138 67
603 139 75
604 145 69
605 138 69
606 137 61
607 146 68
608 136 69
609 133 71
610 148 72
611 142 73
612 145 72
613 137 75
614 143 63
615 143 62
616 150 61
617 136 67
618 136 73
619 146 62
620 146 68
621 139 69
622 150 66
623 41 157
624 43 159
625 28 164
626 34 166
627 41 158
628 41 163
629 27 159
630 42 171
631 27 155
632 32 163
633 35 154
634 41 154
635 37 160
636 31 165
637 33 167
638 37 157
639 33 163
640 31 161
641 44 154
642 28 168
643 34 160
644 34 163
645 27 170
646 45 160
647 33 162
648 38 161
649 33 157
650 40 171
651 30 163
652 38 158
653 235 120
654 240 114
655 241 127
656 236 117
657 239 130
658 237 119
659 227 124
660 244 127
661 235 125
662 230 127
663 245 125
664 227 115
665 241 121
666 236 130
667 242 130
668 235 123
669 246 124
670 232 125
671 234 121
672 230 126
673 242 121
674 242 131
675 229 126
676 233 119
677 235 114
678 237 126
679 241 117
680 235 114
681 239 129
682 241 124
683 14 208
684 18 195
685 22 205
686 26 196
687 12 193
688 21 200
689 19 198
690 12 202
691 12 199
692 25 192
693 14 203
694 20 194
695 16 203
696 26 203
697 21 201
698 14 198
699 18 198
700 21 202
701 17 206
702 25 192
703 20 207
704 22 196
705 24 195
706 23 206
707 15 205
708 21 209
709 15 201
710 25 192
711 15 208
712 22 194
713 133 248
714 148 251
715 150 256
716 139 250
717 145 264
718 149 252
719 144 260
720 146 251
721 141 263
722 145 259
723 133 253
724 144 263
725 148 253
726 145 257
727 142 257
728 134 260
729 141 247
730 149 264
731 150 264
732 143 250
733 149 252
734 141 255
735 150 263
736 137 257
737 143 261
738 135 265
739 137 261
740 147 257
741 142 261
742 139 261
743 143 235
744 134 228
745 140 238
746 135 239
747 134 231
748 142 244
749 150 243
750 147 231
751 138 236
752 144 235
753 144 246
754 141 238
755 145 232
756 146 239
757 141 236
758 149 230
759 136 242
760 151 229
761 151 237
762 139 242
763 137 244
764 139 236
765 147 246
766 135 231
767 144 239
768 146 245
769 140 227
770 138 244
771 140 245
772 134 237
773 247 136
774 254 135
775 264 136
776 250 133
777 261 149
778 252 145
779 259 142
780 255 150
781 252 149
782 255 148
783 259 139
784 263 135
785 259 143
786 251 136
787 264 144
788 261 150
789 250 135
790 262 135
791 253 133
792 258 140
793 262 146
794 262 138
795 254 143
796 253 148
797 260 149
798 249 142
799 250 150
800 263 150
801 264 144
802 256 133
803 126 3
804 122 5
805 131 5
806 129 6
807 127 0
808 116 3
809 115 7
810 116 11
811 132 4
812 126 3
813 125 6
814 119 10
815 120 0
816 131 7
817 128 0
818 126 3
819 127 0
820 127 8
821 118 10
822 132 8
823 128 0
824 128 7
825 120 2
826 124 4
827 129 2
828 130 11
829 123 9
830 126 10
831 117 10
832 238 231
833 229 245
834 240 239
835 244 238
836 234 228
837 230 241
838 234 241
839 243 236
840 231 246
841 235 231
842 237 244
843 231 235
844 232 234
845 235 230
846 240 239
847 235 231
848 229 235
849 235 246
850 237 234
851 232 237
852 75 86
853 68 93
854 68 82
855 64 76
856 69 92
857 71 83
858 66 89
859 66 86
860 64 90
861 75 80
862 66 85
863 70 82
864 71 91
865 63 82
866 70 91
867 70 77
868 66 84
869 67 86
870 74 88
871 62 83
872 73 88
873 69 77
874 61 86
875 75 83
876 67 90
877 71 82
878 62 76
879 65 91
880 75 89
881 66 85
882 105 145
883 107 135
884 95 138
885 98 146
886 106 134
887 94 145
888 109 149
889 112 142
890 109 148
891 113 141
892 94 143
893 111 136
894 101 144
895 113 148
896 104 137
897 108 150
898 109 148
899 111 142
900 95 151
901 100 139
902 95 149
903 113 146
904 101 134
905 104 141
906 103 147
907 97 144
908 105 137
909 95 149
910 97 136
911 103 143
912 52 159
913 47 168
914 52 168
915 49 158
916 49 163
917 53 160
918 51 155
919 47 160
920 58 155
921 50 159
922 54 155
923 55 158
924 58 168
925 46 166
926 47 169
927 58 154
928 51 159
929 59 165
930 59 154
931 57 159
932 54 159
933 57 160
934 58 162
935 52 169
936 53 158
937 59 168
938 58 170
939 48 152
940 53 169
941 53 158
942 212 58
943 223 54
944 216 49
945 215 57
946 225 55
947 225 47
948 215 47
949 212 48
950 214 53
951 215 55
952 226 47
953 223 49
954 223 57
955 220 52
956 219 52
957 220 58
958 211 57
959 221 53
960 212 57
961 219 60
962 215 49
963 214 54
964 213 60
965 215 57
966 210 49
967 224 51
968 220 56
969 212 54
970 225 47
971 222 48
972 32 115
973 39 123
974 34 119
975 32 124
976 41 117
977 33 118
978 38 130
979 36 122
980 41 132
981 42 132
982 30 128
983 38 116
984 28 127
985 41 128
986 30 119
987 44 127
988 28 123
989 42 116
990 30 119
991 29 129
992 40 123
993 29 117
994 33 114
995 31 132
996 34 126
997 31 125
998 45 120
999 44 127
1000 30 124
1001 39 118
1002 224 71
1003 210 71
1004 213 74
1005 224 74
1006 220 65
1007 222 71
1008 216 73
1009 218 69
1010 213 72
1011 225 72
1012 217 72
1013 224 68
1014 222 65
1015 211 64
1016 211 70
1017 220 64
1018 211 65
1019 223 71
1020 215 73
1021 215 73
1022 225 62
1023 216 63
1024 210 62
1025 220 71
1026 219 61
1027 219 61
1028 219 70
1029 213 75
1030 215 65
1031 214 68
1032 209 171
1033 207 165
1034 192 160
1035 198 156
1036 205 168
1037 199 165
1038 199 159
1039 209 160
1040 204 161
1041 199 166
1042 205 167
1043 199 154
1044 205 154
1045 197 164
1046 207 162
1047 200 159
1048 205 158
1049 197 166
1050 204 168
1051 199 163
1052 194 156
1053 205 171
1054 203 158
1055 202 164
1056 194 160
1057 200 171
1058 204 163
1059 208 154
1060 193 171
1061 204 160
1062 208 53
1063 209 46
1064 194 49
1065 209 48
1066 197 55
1067 205 49
1068 202 56
1069 193 59
1070 209 53
1071 198 54
1072 204 56
1073 193 52
1074 198 58
1075 206 58
1076 193 46
1077 196 57
1078 200 49
1079 195 48
1080 192 49
1081 204 59
1082 202 52
1083 196 50
1084 192 57
1085 200 55
1086 208 50
1087 209 49
1088 198 46
1089 206 60
1090 209 46
1091 209 51
1092 64 21
1093 64 14
1094 63 16
1095 70 21
1096 72 15
1097 70 20
1098 74 13
1099 61 19
1100 61 24
1101 61 26
1102 63 18
1103 74 18
1104 72 14
1105 67 17
1106 72 19
1107 69 19
1108 61 20
1109 70 24
1110 69 15
1111 71 20
1112 73 23
1113 66 18
1114 71 21
1115 71 21
1116 65 26
1117 61 17
1118 61 23
1119 70 19
1120 66 16
1121 70 16
1122 251 189
1123 257 178
1124 255 178
1125 265 186
1126 263 191
1127 260 181
1128 253 186
1129 247 186
1130 249 183
1131 262 178
1132 261 175
1133 263 174
1134 265 188
1135 248 190
1136 264 177
1137 261 174
1138 253 181
1139 256 184
1140 264 178
1141 249 181
1142 251 189
1143 249 181
1144 252 191
1145 257 176
1146 255 191
1147 251 184
1148 250 190
1149 252 179
1150 258 187
1151 247 183
1152 91 99
1153 77 107
1154 82 96
1155 77 107
1156 83 95
1157 84 96
1158 84 104
1159 80 106
1160 85 98
1161 77 99
1162 76 105
1163 83 98
1164 81 95
1165 92 98
1166 89 104
1167 89 111
1168 83 100
1169 81 108
1170 82 108
1171 87 100
1172 91 94
1173 91 106
1174 76 95
1175 81 110
1176 79 101
1177 91 97
1178 87 95
1179 79 97
1180 82 95
1181 93 110
1182 208 152
1183 194 160
1184 200 166
1185 208 155
1186 206 161
1187 207 161
1188 207 167
1189 201 170
1190 194 156
1191 204 165
1192 196 171
1193 205 163
1194 202 157
1195 201 166
1196 206 167
1197 204 165
1198 205 165
1199 194 167
1200 197 157
1201 204 157
1202 197 169
1203 203 168
1204 192 160
1205 208 156
1206 208 154
1207 196 162
1208 205 160
1209 197 163
1210 193 170
1211 199 162
1212 114 109
1213 117 95
1214 123 100
1215 114 94
1216 126 105
1217 124 99
1218 128 101
1219 121 96
1220 118 104
1221 115 101
1222 121 110
1223 126 100
1224 127 113
1225 122 110
1226 131 101
1227 116 99
1228 121 108
1229 129 101
1230 131 107
1231 122 99
1232 126 107
1233 126 99
1234 130 106
1235 115 96
1236 119 101
1237 128 111
1238 131 100
1239 116 100
1240 124 103
1241 118 100
1242 18 28
1243 16 44
1244 17 30
1245 26 39
1246 21 44
1247 26 35
1248 13 33
1249 24 30
1250 21 40
1251 13 34
1252 24 27
1253 17 42
1254 12 29
1255 13 30
1256 12 36
1257 23 38
1258 21 36
1259 15 37
1260 22 29
1261 20 30
1262 21 33
1263 18 30
1264 22 30
1265 20 32
1266 22 34
1267 23 34
1268 22 40
1269 25 32
1270 16 36
1271 24 31
1272 146 64
1273 134 65
1274 142 65
1275 135 74
1276 137 69
1277 134 63
1278 145 71
1279 143 63
1280 151 63
1281 147 70
1282 137 67
1283 151 73
1284 136 63
1285 141 74
1286 144 69
1287 134 73
1288 145 66
1289 141 75
1290 147 68
1291 148 71
1292 142 63
1293 151 64
1294 148 70
1295 150 71
1296 143 75
1297 137 74
1298 140 66
1299 141 63
1300 140 72
1301 141 63
1302 123 2
1303 123 3
1304 115 10
1305 128 8
1306 122 8
1307 127 1
1308 117 8
1309 125 3
1310 118 5
1311 123 8
1312 122 8
1313 114 9
1314 125 6
1315 130 9
1316 115 10
1317 125 2
1318 118 4
1319 124 9
1320 120 10
1321 124 10
1322 114 3
1323 118 6
1324 116 5
1325 126 10
1326 128 7
1327 120 4
1328 117 8
1329 115 4
1330 125 4
1331 127 4
1332 198 46
1333 201 53
1334 192 55
1335 203 46
1336 198 60
1337 192 52
1338 204 57
1339 208 58
1340 205 58
1341 196 60
1342 202 51
1343 195 58
1344 200 56
1345 194 56
1346 200 48
1347 195 52
1348 192 53
1349 198 46
1350 207 57
1351 202 56
1352 207 48
1353 209 55
1354 195 58
1355 197 50
1356 207 47
1357 193 58
1358 194 49
1359 201 47
1360 207 50
1361 197 58
1362 9 127
1363 7 125
1364 8 116
1365 3 116
1366 8 132
1367 4 124
1368 6 121
1369 9 124
1370 5 117
1371 5 127
1372 5 116
1373 4 124
1374 11 122
1375 0 119
1376 1 120
1377 5 124
1378 7 119
1379 9 124
1380 6 125
1381 10 125
1382 5 127
1383 10 122
1384 7 120
1385 0 120
1386 5 124
1387 11 117
1388 3 124
1389 11 132
1390 3 115
1391 164 153
1392 162 170
1393 164 169
1394 159 153
1395 171 164
1396 170 169
1397 166 161
1398 170 164
1399 159 166
1400 164 161
1401 167 171
1402 161 156
1403 167 165
1404 163 158
1405 170 167
1406 171 164
1407 170 168
1408 154 165
1409 164 162
1410 153 166
1411 157 158
1412 157 169
1413 156 168
1414 161 165
1415 35 181
1416 45 184
1417 33 175
1418 31 188
1419 45 173
1420 43 184
1421 39 188
1422 30 179
1423 41 175
1424 33 177
1425 40 174
1426 33 184
1427 34 186
1428 43 187
1429 30 184
1430 37 189
1431 36 172
1432 42 187
1433 36 186
1434 41 174
1435 28 191
1436 42 183
1437 42 173
1438 37 174
1439 44 178
1440 44 182
1441 33 173
1442 38 189
1443 30 177
1444 31 183
1445 140 108
1446 150 96
1447 140 105
1448 137 112
1449 140 112
1450 138 106
1451 134 105
1452 141 107
1453 139 99
1454 151 97
1455 133 109
1456 145 110
1457 137 96
1458 138 113
1459 146 96
1460 145 110
1461 140 94
1462 136 112
1463 151 113
1464 144 107
1465 151 95
1466 142 100
1467 145 108
1468 140 102
1469 149 109
1470 146 106
1471 134 109
1472 138 110
1473 150 96
1474 137 106
1475 55 259
1476 56 255
1477 51 249
1478 46 247
1479 58 250
1480 56 251
1481 49 259
1482 47 253
1483 50 251
1484 59 265
1485 58 257
1486 59 257
1487 58 260
1488 56 264
1489 57 259
1490 53 258
1491 55 259
1492 51 264
1493 46 252
1494 48 253
1495 55 253
1496 60 249
1497 50 265
1498 48 258
1499 48 251
1500 55 265
1501 51 251
1502 47 262
1503 48 247
1504 50 257
1505 119 235
1506 130 239
1507 129 231
1508 116 236
1509 117 243
1510 117 243
1511 127 243
1512 116 244
1513 129 239
1514 127 246
1515 130 246
1516 127 237
1517 124 241
1518 120 235
1519 127 242
1520 129 244
1521 128 246
1522 115 230
1523 128 241
1524 128 238
1525 128 239
1526 119 236
1527 132 229
1528 132 246
1529 128 229
1530 128 244
1531 120 230
1532 115 232
1533 121 228
1534 116 239
1535 57 10
1536 55 8
1537 51 10
1538 56 7
1539 50 4
1540 51 0
1541 55 11
1542 49 10
1543 52 3
1544 50 8
1545 60 0
1546 52 7
1547 50 2
1548 48 0
1549 53 6
1550 55 7
1551 51 3
1552 58 0
1553 60 0
1554 57 2
1555 54 1
1556 54 10
1557 53 11
1558 57 10
1559 58 1
1560 61 233
1561 64 232
1562 72 239
1563 62 236
1564 61 228
1565 67 239
1566 67 237
1567 67 240
1568 64 233
1569 63 231
1570 63 239
1571 65 232
1572 64 235
1573 70 240
1574 74 244
1575 73 238
1576 65 234
1577 71 233
1578 68 233
1579 73 244
1580 69 243
1581 71 245
1582 62 228
1583 65 238
1584 61 237
1585 75 231
1586 73 239
1587 70 230
1588 74 246
1589 66 227
1590 90 51
1591 78 47
1592 79 47
1593 92 60
1594 91 46
1595 93 50
1596 79 48
1597 89 47
1598 89 58
1599 82 59
1600 93 54
1601 92 55
1602 79 50
1603 78 59
1604 80 52
1605 89 52
1606 87 48
1607 76 57
1608 87 46
1609 77 57
1610 85 54
1611 76 47
1612 92 59
1613 80 47
1614 88 59
1615 81 60
1616 81 56
1617 86 53
1618 81 58
1619 83 60
1620 53 140
1621 56 139
1622 53 136
1623 56 150
1624 54 140
1625 48 136
1626 50 142
1627 58 140
1628 54 137
1629 48 140
1630 55 143
1631 51 145
1632 52 147
1633 54 140
1634 48 134
1635 52 145
1636 58 151
1637 56 138
1638 55 139
1639 60 143
1640 50 147
1641 58 139
1642 54 141
1643 46 150
1644 49 133
1645 49 148
1646 57 142
1647 55 141
1648 54 146
1649 54 137
1650 28 82
1651 30 84
1652 37 93
1653 34 90
1654 42 92
1655 42 89
1656 34 87
1657 32 93
1658 40 77
1659 29 76
1660 37 90
1661 39 93
1662 36 83
1663 27 81
1664 37 82
1665 31 76
1666 41 81
1667 43 78
1668 33 92
1669 27 77
1670 27 78
1671 43 87
1672 35 90
1673 44 86
1674 30 76
1675 31 78
1676 43 79
1677 36 77
1678 30 82
1679 30 76
1680 127 79
1681 130 79
1682 125 88
1683 120 87
1684 115 91
1685 127 93
1686 121 81
1687 114 78
1688 130 77
1689 116 76
1690 123 88
1691 116 86
1692 122 76
1693 122 81
1694 114 87
1695 132 84
1696 131 85
1697 132 85
1698 114 88
1699 131 81
1700 124 90
1701 116 83
1702 127 80
1703 123 78
1704 128 85
1705 128 86
1706 120 87
1707 128 89
1708 126 81
1709 123 84
1710 260 97
1711 255 113
1712 253 105
1713 265 104
1714 248 112
1715 258 99
1716 256 112
1717 255 95
1718 258 95
1719 248 101
1720 247 107
1721 253 95
1722 257 110
1723 260 109
1724 261 105
1725 247 103
1726 251 110
1727 257 104
1728 260 97
1729 262 99
1730 262 113
1731 253 102
1732 256 101
1733 253 101
1734 265 103
1735 259 100
1736 256 102
1737 248 100
1738 258 95
1739 261 99
1740 44 56
1741 35 46
1742 39 54
1743 27 48
1744 36 50
1745 41 59
1746 43 59
1747 45 60
1748 28 56
1749 43 60
1750 35 46
1751 40 60
1752 35 49
1753 43 51
1754 27 53
1755 40 50
1756 33 57
1757 28 46
1758 34 56
1759 28 60
1760 44 50
1761 28 58
1762 32 48
1763 40 54
1764 38 49
1765 45 54
1766 39 49
1767 41 57
1768 32 49
1769 28 59
1770 12 172
1771 13 187
1772 23 185
1773 12 182
1774 12 187
1775 21 184
1776 20 174
1777 15 179
1778 16 184
1779 22 178
1780 12 188
1781 23 179
1782 12 179
1783 16 180
1784 19 179
1785 15 189
1786 25 188
1787 15 177
1788 22 188
1789 20 190
1790 21 186
1791 26 186
1792 25 182
1793 13 174
1794 14 187
1795 19 182
1796 18 172
1797 20 186
1798 18 191
1799 22 191
1800 52 65
1801 48 67
1802 59 63
1803 54 61
1804 59 68
1805 52 69
1806 55 67
1807 51 75
1808 47 65
1809 56 62
1810 57 69
1811 48 63
1812 56 69
1813 60 75
1814 51 61
1815 49 73
1816 59 63
1817 54 69
1818 54 66
1819 50 75
1820 58 64
1821 60 65
1822 59 75
1823 52 71
1824 60 70
1825 58 64
1826 52 73
1827 53 64
1828 60 69
1829 56 61
1830 130 54
1831 122 51
1832 125 52
1833 120 53
1834 124 46
1835 120 53
1836 117 56
1837 114 58
1838 129 54
1839 118 55
1840 118 59
1841 120 54
1842 122 56
1843 115 52
1844 126 60
1845 129 60
1846 131 51
1847 118 46
1848 116 52
1849 129 55
1850 123 52
1851 129 60
1852 124 48
1853 119 49
1854 124 47
1855 123 49
1856 129 56
1857 124 51
1858 126 58
1859 124 59
1860 244 15
1861 233 19
1862 230 23
1863 237 22
1864 243 17
1865 230 20
1866 240 19
1867 232 26
1868 230 19
1869 228 21
1870 234 22
1871 229 12
1872 237 22
1873 243 14
1874 242 26
1875 232 21
1876 227 14
1877 231 18
1878 238 26
1879 234 12
1880 227 22
1881 239 15
1882 245 12
1883 234 13
1884 236 13
1885 227 19
1886 243 12
1887 242 24
1888 242 13
1889 230 17
1890 34 64
1891 29 68
1892 30 70
1893 39 72
1894 34 68
1895 44 64
1896 27 63
1897 38 69
1898 40 64
1899 30 62
1900 43 64
1901 34 62
1902 37 67
1903 37 69
1904 31 71
1905 27 66
1906 42 66
1907 35 65
1908 44 73
1909 45 61
1910 43 70
1911 40 63
1912 28 63
1913 31 66
1914 37 73
1915 39 69
1916 41 62
1917 44 64
1918 27 74
1919 40 68
1920 220 66
1921 220 67
1922 212 70
1923 211 74
1924 211 74
1925 222 71
1926 226 73
1927 216 73
1928 210 68
1929 212 64
1930 221 72
1931 226 67
1932 212 68
1933 211 66
1934 212 72
1935 217 65
1936 212 66
1937 221 71
1938 219 64
1939 212 67
1940 215 63
1941 212 63
1942 223 72
1943 217 64
1944 212 75
1945 226 62
1946 220 67
1947 210 62
1948 214 74
1949 217 64
1950 49 186
1951 48 187
1952 46 178
1953 47 172
1954 53 178
1955 54 189
1956 54 189
1957 54 181
1958 50 189
1959 47 187
1960 55 179
1961 47 188
1962 47 180
1963 53 174
1964 57 183
1965 54 174
1966 47 188
1967 49 189
1968 52 184
1969 58 187
1970 49 185
1971 47 178
1972 49 180
1973 56 178
1974 58 184
1975 46 191
1976 47 183
1977 54 179
1978 56 175
1979 53 180
1980 90 234
1981 79 246
1982 78 233
1983 90 234
1984 90 246
1985 91 238
1986 79 227
1987 84 227
1988 87 236
1989 89 239
1990 90 242
1991 93 244
1992 90 239
1993 82 235
1994 79 243
1995 84 241
1996 89 231
1997 86 235
1998 84 239
1999 93 237
2000 86 243
2001 81 239
2002 92 229
2003 91 232
2004 85 245
2005 76 230
2006 90 236
2007 84 228
2008 78 231
2009 92 228
2010 41 0
2011 38 11
2012 34 5
2013 32 6
2014 37 4
2015 38 4
2016 31 1
2017 31 11
2018 44 3
2019 33 0
2020 35 5
2021 35 6
2022 34 11
2023 39 1
2024 41 6
2025 43 4
2026 39 1
2027 36 3
2028 29 3
2029 29 5
2030 43 8
2031 36 0
2032 28 3
2033 42 9
2034 38 9
2035 34 11
2036 35 5
2037 38 8
2038 117 169
2039 126 171
2040 114 157
2041 131 170
2042 127 164
2043 126 159
2044 125 165
2045 123 163
2046 128 169
2047 130 153
2048 126 169
2049 125 168
2050 117 170
2051 117 170
2052 123 164
2053 116 163
2054 132 169
2055 116 171
2056 115 167
2057 130 154
2058 126 162
2059 125 165
2060 119 158
2061 124 159
2062 119 166
2063 123 164
2064 129 160
2065 123 156
2066 114 168
2067 124 163
2068 145 175
2069 134 174
2070 148 181
2071 142 181
2072 135 173
2073 134 174
2074 139 181
2075 140 177
2076 139 189
2077 146 185
2078 143 191
2079 146 186
2080 142 175
2081 145 184
2082 139 173
2083 146 183
2084 141 188
2085 136 182
2086 149 191
2087 147 172
2088 140 183
2089 143 173
2090 137 187
2091 147 189
2092 139 175
2093 140 172
2094 134 172
2095 136 186
2096 140 184
2097 148 185
2098 65 175
2099 73 177
2100 65 178
2101 63 181
2102 69 179
2103 72 182
2104 67 188
2105 62 188
2106 67 183
2107 67 187
2108 63 184
2109 69 190
2110 64 174
2111 62 172
2112 73 181
2113 72 184
2114 71 180
2115 68 183
2116 71 175
2117 63 190
2118 65 188
2119 63 175
2120 65 174
2121 69 190
2122 69 184
2123 66 190
2124 72 175
2125 69 183
2126 61 180
2127 74 181
2128 133 66
2129 150 74
2130 133 73
2131 133 66
2132 151 66
2133 138 65
2134 136 61
2135 146 70
2136 134 74
2137 138 62
2138 151 62
2139 139 72
2140 144 62
2141 146 72
2142 146 67
2143 145 69
2144 137 72
2145 135 64
2146 144 61
2147 143 73
2148 135 67
2149 146 68
2150 140 65
2151 145 67
2152 146 72
2153 144 73
2154 139 63
2155 138 63
2156 146 70
2157 137 62
2158 103 238
2159 102 230
2160 101 227
2161 111 229
2162 99 236
2163 96 229
2164 110 233
2165 113 227
2166 94 231
2167 100 238
2168 94 232
2169 96 242
2170 106 230
2171 103 234
2172 103 242
2173 96 246
2174 105 244
2175 107 229
2176 96 228
2177 108 230
2178 96 229
2179 107 239
2180 102 244
2181 95 233
2182 110 231
2183 101 246
2184 107 244
2185 95 228
2186 105 243
2187 94 237
2188 185 105
2189 184 110
2190 186 94
2191 178 96
2192 176 102
2193 190 101
2194 190 107
2195 186 94
2196 188 113
2197 187 109
2198 175 108
2199 175 99
2200 180 109
2201 186 95
2202 175 104
2203 175 111
2204 189 108
2205 180 106
2206 185 97
2207 189 107
2208 187 108
2209 182 103
2210 191 96
2211 177 103
2212 179 102
2213 188 104
2214 188 94
2215 179 111
2216 189 107
2217 178 112
2218 158 50
2219 169 59
2220 160 54
2221 164 54
2222 153 47
2223 169 51
2224 158 49
2225 156 51
2226 165 50
2227 160 57
2228 161 57
2229 166 59
2230 171 50
2231 167 47
2232 168 49
2233 158 46
2234 152 48
2235 156 46
2236 153 56
2237 159 50
2238 170 49
2239 168 49
2240 165 55
2241 159 60
2242 170 52
2243 155 51
2244 154 52
2245 155 46
2246 163 55
2247 163 54
2248 63 89
2249 75 81
2250 71 77
2251 72 92
2252 72 83
2253 64 80
2254 64 77
2255 74 82
2256 72 79
2257 68 88
2258 62 86
2259 62 77
2260 71 85
2261 75 81
2262 64 79
2263 62 86
2264 66 89
2265 74 85
2266 67 92
2267 66 78
2268 70 90
2269 61 92
2270 72 86
2271 66 93
2272 64 91
2273 65 77
2274 67 82
2275 70 81
2276 69 91
2277 61 90
2278 4 78
2279 5 82
2280 9 91
2281 4 87
2282 10 93
2283 9 92
2284 3 79
2285 2 83
2286 11 77
2287 1 84
2288 11 90
2289 7 93
2290 3 84
2291 3 88
2292 2 80
2293 3 92
2294 4 83
2295 6 89
2296 8 87
2297 0 91
2298 5 90
2299 5 93
2300 1 80
2301 7 80
2302 10 79
2303 6 77
2304 7 87
2305 3 77
2306 0 187
2307 11 182
2308 6 185
2309 6 182
2310 4 176
2311 3 191
2312 1 178
2313 4 173
2314 4 190
2315 4 187
2316 0 177
2317 11 182
2318 2 191
2319 0 173
2320 9 190
2321 5 186
2322 0 182
2323 8 182
2324 3 183
2325 7 187
2326 4 175
2327 11 180
2328 4 185
2329 11 179
2330 3 183
2331 11 179
2332 6 188
2333 3 181
2334 11 186
2335 7 186
2336 160 180
2337 152 184
2338 163 174
2339 163 179
2340 171 177
2341 160 185
2342 164 177
2343 165 188
2344 156 187
2345 154 185
2346 158 187
2347 159 181
2348 153 177
2349 158 172
2350 162 179
2351 160 179
2352 157 184
2353 160 186
2354 167 183
2355 152 185
2356 158 181
2357 158 180
2358 160 177
2359 169 181
2360 163 183
2361 154 173
2362 169 174
2363 167 183
2364 156 189
2365 155 178
2366 247 197
2367 263 207
2368 251 196
2369 257 198
2370 263 201
2371 264 194
2372 255 194
2373 256 200
2374 253 193
2375 265 200
2376 261 204
2377 257 195
2378 260 193
2379 261 209
2380 256 209
2381 247 209
2382 251 206
2383 251 195
2384 250 196
2385 257 201
2386 261 204
2387 259 203
2388 253 204
2389 262 200
2390 247 196
2391 253 202
2392 262 200
2393 259 208
2394 254 203
2395 264 202
2396 197 245
2397 209 227
2398 201 237
2399 209 229
2400 200 230
2401 194 228
2402 195 237
2403 193 240
2404 202 235
2405 202 234
2406 209 246
2407 192 235
2408 207 230
2409 200 238
2410 208 228
2411 199 227
2412 207 235
2413 204 229
2414 203 231
2415 200 233
2416 203 232
2417 192 232
2418 203 230
2419 201 245
2420 196 240
2421 209 244
2422 208 235
2423 208 237
2424 194 243
2425 127 51
2426 114 57
2427 114 53
2428 127 46
2429 118 53
2430 127 58
2431 130 48
2432 120 47
2433 130 47
2434 124 57
2435 131 58
2436 117 47
2437 119 60
2438 116 47
2439 130 48
2440 124 46
2441 118 48
2442 126 57
2443 115 56
2444 118 51
2445 124 57
2446 126 53
2447 129 46
2448 118 57
2449 132 56
2450 116 59
2451 125 60
2452 122 48
2453 121 50
2454 114 54
2455 238 100
2456 229 94
2457 230 102
2458 235 105
2459 246 105
2460 233 109
2461 242 101
2462 232 111
2463 238 112
2464 240 97
2465 228 104
2466 228 101
2467 228 98
2468 246 108
2469 242 97
2470 237 95
2471 242 109
2472 241 101
2473 229 106
2474 246 106
2475 227 109
2476 246 104
2477 246 111
2478 230 110
2479 229 102
2480 245 99
2481 235 111
2482 232 95
2483 236 109
2484 229 107
2485 28 231
2486 30 231
2487 34 242
2488 45 238
2489 29 242
2490 32 236
2491 31 235
2492 42 230
2493 33 242
2494 28 236
2495 29 232
2496 34 238
2497 40 231
2498 45 227
2499 39 245
2500 35 244
2501 32 232
2502 44 237
2503 38 229
2504 39 242
2505 30 228
2506 42 234
2507 45 242
2508 34 246
2509 28 235
2510 28 242
2511 31 227
2512 40 245
2513 35 229
2514 36 231
2515 52 14
2516 54 24
2517 56 18
2518 53 17
2519 54 20
2520 49 14
2521 54 17
2522 55 24
2523 53 14
2524 47 20
2525 50 18
2526 54 23
2527 47 16
2528 52 21
2529 57 21
2530 49 19
2531 47 26
2532 60 17
2533 60 15
2534 60 12
2535 50 15
2536 54 22
2537 55 20
2538 60 18
2539 57 12
2540 57 17
2541 52 25
2542 46 21
2543 59 25
2544 47 23
2545 27 209
2546 31 200
2547 27 209
2548 41 192
2549 38 202
2550 43 193
2551 29 204
2552 28 207
2553 35 196
2554 36 193
2555 41 193
2556 42 195
2557 41 194
2558 38 201
2559 35 201
2560 31 195
2561 42 207
2562 32 196
2563 38 204
2564 37 202
2565 33 200
2566 35 197
2567 27 192
2568 33 207
2569 44 194
2570 28 202
2571 37 192
2572 44 202
2573 36 202
2574 42 206
2575 240 117
2576 238 126
2577 231 130
2578 244 120
2579 237 126
2580 230 123
2581 231 131
2582 229 122
2583 244 118
2584 234 128
2585 244 118
2586 244 130
2587 240 130
2588 244 125
2589 246 132
2590 240 119
2591 229 130
2592 234 126
2593 238 128
2594 232 119
2595 244 126
2596 246 124
2597 246 120
2598 244 131
2599 228 128
2600 239 127
2601 236 121
2602 233 128
2603 227 126
2604 229 123
2605 249 117
2606 256 123
2607 263 125
2608 260 126
2609 260 121
2610 264 131
2611 249 120
2612 264 124
2613 264 118
2614 247 116
2615 249 132
2616 260 124
2617 263 128
2618 254 128
2619 259 120
2620 256 122
2621 259 126
2622 263 126
2623 257 123
2624 259 126
2625 260 116
2626 261 126
2627 265 130
2628 256 123
2629 265 122
2630 247 122
2631 248 128
2632 250 124
2633 263 116
2634 258 114
2635 6 35
2636 3 35
2637 9 28
2638 10 42
2639 7 31
2640 2 37
2641 10 35
2642 7 29
2643 2 44
2644 3 43
2645 2 40
2646 5 30
2647 8 43
2648 5 38
2649 11 38
2650 9 33
2651 3 45
2652 3 34
2653 9 30
2654 11 31
2655 6 28
2656 5 41
2657 8 32
2658 7 33
2659 4 37
2660 4 42
2661 7 44
2662 5 29
2663 182 32
2664 174 34
2665 182 44
2666 187 30
2667 191 43
2668 188 44
2669 181 35
2670 186 36
2671 176 33
2672 182 34
2673 191 41
2674 175 34
2675 178 41
2676 172 29
2677 179 37
2678 173 41
2679 180 45
2680 176 45
2681 175 44
2682 191 27
2683 186 35
2684 177 32
2685 188 42
2686 190 28
2687 177 44
2688 189 34
2689 184 38
2690 187 38
2691 186 34
2692 179 37
2693 260 66
2694 248 66
2695 259 61
2696 255 64
2697 250 65
2698 263 70
2699 258 74
2700 247 66
2701 251 65
2702 261 71
2703 254 62
2704 260 71
2705 249 61
2706 253 65
2707 252 75
2708 259 75
2709 265 62
2710 251 63
2711 248 61
2712 256 63
2713 260 74
2714 262 69
2715 259 71
2716 259 73
2717 255 69
2718 250 71
2719 261 66
2720 263 65
2721 265 64
2722 260 61
2723 191 201
2724 182 207
2725 184 198
2726 185 198
2727 180 209
2728 175 207
2729 177 206
2730 183 201
2731 178 196
2732 176 193
2733 181 195
2734 176 194
2735 174 206
2736 185 193
2737 179 195
2738 172 192
2739 183 205
2740 181 196
2741 180 204
2742 180 199
2743 178 204
2744 190 192
2745 190 207
2746 185 192
2747 176 192
2748 174 194
2749 185 198
2750 184 199
2751 181 206
2752 187 195
2753 122 107
2754 121 112
2755 116 111
2756 132 100
2757 115 105
2758 119 111
2759 119 107
2760 120 107
2761 123 106
2762 120 102
2763 121 100
2764 122 109
2765 120 104
2766 123 97
2767 119 94
2768 132 96
2769 126 109
2770 129 105
2771 119 102
2772 118 99
2773 123 105
2774 123 98
2775 128 106
2776 116 101
2777 120 111
2778 123 107
2779 132 113
2780 119 96
2781 124 108
2782 121 99
2783 255 96
2784 257 95
2785 250 95
2786 259 96
2787 249 111
2788 260 100
2789 254 106
2790 260 102
2791 258 103
2792 256 103
2793 249 105
2794 264 97
2795 259 97
2796 264 95
2797 252 99
2798 252 106
2799 250 110
2800 258 104
2801 251 109
2802 247 113
2803 251 107
2804 264 111
2805 262 113
2806 248 102
2807 254 104
2808 251 106
2809 255 107
2810 264 94
2811 254 94
2812 257 113
2813 132 15
2814 121 17
2815 117 16
2816 114 20
2817 127 15
2818 132 15
2819 129 19
2820 127 17
2821 121 18
2822 115 20
2823 123 15
2824 129 15
2825 131 12
2826 121 21
2827 120 12
2828 127 16
2829 121 23
2830 132 16
2831 128 19
2832 130 25
2833 132 23
2834 121 24
2835 126 21
2836 131 21
2837 129 16
2838 126 13
2839 115 12
2840 126 12
2841 121 14
2842 130 15
2843 66 106
2844 65 94
2845 73 106
2846 61 100
2847 65 112
2848 73 106
2849 66 104
2850 65 99
2851 65 112
2852 61 104
2853 75 105
2854 63 98
2855 61 111
2856 72 103
2857 75 98
2858 62 107
2859 67 98
2860 74 110
2861 71 109
2862 70 109
2863 66 113
2864 62 111
2865 70 99
2866 75 99
2867 71 98
2868 72 106
2869 66 100
2870 63 97
2871 61 96
2872 65 102
2873 175 134
2874 176 140
2875 181 142
2876 178 137
2877 176 144
2878 175 135
2879 179 137
2880 173 150
2881 180 148
2882 187 143
2883 172 147
2884 180 147
2885 183 134
2886 189 140
2887 180 138
2888 176 149
2889 177 139
2890 185 141
2891 173 135
2892 174 134
2893 181 139
2894 174 147
2895 185 135
2896 173 143
2897 178 146
2898 176 140
2899 174 138
2900 178 148
2901 178 137
2902 177 140
2903 20 43
2904 16 33
2905 25 37
2906 16 34
2907 15 36
2908 18 35
2909 15 32
2910 22 39
2911 17 41
2912 16 31
2913 25 32
2914 19 43
2915 24 37
2916 25 28
2917 17 29
2918 18 29
2919 20 33
2920 17 42
2921 24 33
2922 20 39
2923 19 30
2924 17 30
2925 17 31
2926 16 41
2927 18 28
2928 19 36
2929 21 28
2930 14 42
2931 25 38
2932 12 42
2933 167 148
2934 167 150
2935 160 141
2936 162 144
2937 157 135
2938 156 143
2939 166 144
2940 160 138
2941 160 133
2942 159 137
2943 152 141
2944 166 150
2945 165 138
2946 164 147
2947 169 147
2948 167 147
2949 164 138
2950 156 134
2951 171 145
2952 170 138
2953 159 135
2954 165 149
2955 154 139
2956 165 136
2957 171 142
2958 168 136
2959 165 147
2960 158 145
2961 169 141
2962 163 150
