276 299 10 2942
0 9
1 10
2 9
3 9
4 6
5 10
6 8
7 9
8 8
9 9
10 9
11 6
12 3
13 3
14 3
15 3
16 3
17 3
18 3
19 3
20 3
21 3
22 3
23 3
24 4
25 3
26 3
27 4
28 3
29 3
30 6
31 3
32 4
33 3
34 3
35 3
36 3
37 5
38 4
39 6
40 3
41 3
42 3
43 4
44 3
45 3
46 3
47 3
48 3
49 3
50 3
51 3
52 3
53 3
54 4
55 4
56 3
57 3
58 4
59 4
60 3
61 3
62 4
63 5
64 3
65 3
66 4
67 3
68 3
69 4
70 3
71 5
72 4
73 3
74 3
75 3
76 3
77 3
78 4
79 4
80 3
81 3
82 3
83 3
84 4
85 3
86 3
87 3
88 3
89 3
90 5
91 3
92 4
93 3
94 4
95 3
96 3
97 3
98 3
99 3
100 3
101 4
102 4
103 6
104 4
105 4
106 3
107 6
108 3
109 4
110 3
111 4
112 3
113 5
114 4
115 3
116 3
117 3
118 3
119 3
120 3
121 4
122 4
123 6
124 3
125 4
126 3
127 3
128 3
129 4
130 3
131 3
132 3
133 4
134 3
135 3
136 3
137 3
138 3
139 3
140 4
141 3
142 3
143 3
144 4
145 4
146 3
147 3
148 4
149 3
150 3
151 3
152 3
153 3
154 3
155 4
156 3
157 3
158 3
159 3
160 5
161 4
162 4
163 3
164 5
165 3
166 3
167 3
168 3
169 6
170 4
171 4
172 3
173 3
174 3
175 3
176 3
177 5
178 3
179 3
180 3
181 3
182 3
183 5
184 3
185 3
186 5
187 3
188 3
189 3
190 3
191 4
192 3
193 3
194 4
195 3
196 3
197 3
198 5
199 4
200 3
201 3
202 3
203 3
204 3
205 6
206 3
207 5
208 4
209 3
210 3
211 3
212 3
213 4
214 3
215 3
216 3
217 3
218 4
219 3
220 3
221 4
222 3
223 3
224 3
225 5
226 3
227 3
228 3
229 3
230 3
231 3
232 6
233 3
234 5
235 3
236 3
237 4
238 3
239 3
240 3
241 3
242 4
243 3
244 5
245 4
246 3
247 3
248 3
249 3
250 3
251 3
252 3
253 3
254 3
255 5
256 4
257 3
258 3
259 4
260 5
261 4
262 5
263 3
264 3
265 3
266 4
267 3
268 3
269 3
270 3
271 3
272 3
273 3
274 4
275 3
0 0 1
1 0 2
2 0 5
3 0 7
4 0 10
5 0 11
6 0 225
7 1 2
8 1 4
9 1 6
10 1 9
11 1 12
12 1 139
13 1 169
14 2 3
15 2 8
16 2 10
17 2 11
18 2 121
19 2 258
20 3 4
21 3 9
22 3 10
23 3 49
24 3 68
25 3 86
26 3 154
27 4 5
28 4 7
29 4 8
30 5 6
31 5 7
32 5 8
33 5 9
34 5 10
35 5 31
36 6 7
37 6 9
38 6 10
39 6 11
40 6 242
41 7 8
42 7 9
43 7 10
44 8 10
45 8 11
46 8 104
47 9 11
48 9 205
49 11 186
50 12 15
51 13 19
52 13 22
53 13 29
54 14 29
55 15 27
56 16 27
57 16 25
58 17 18
59 18 23
60 18 30
61 20 26
62 20 30
63 21 30
64 24 25
65 24 26
66 25 29
67 28 30
68 31 39
69 32 34
70 32 37
71 33 43
72 33 45
73 35 47
74 36 39
75 37 39
76 37 38
77 38 44
78 38 48
79 39 46
80 40 42
81 41 45
82 41 44
83 42 44
84 43 47
85 49 63
86 50 67
87 51 54
88 51 58
89 52 62
90 52 60
91 53 64
92 54 57
93 55 60
94 55 59
95 56 57
96 57 61
97 58 66
98 59 64
99 59 67
100 62 63
101 63 65
102 63 66
103 68 77
104 68 73
105 69 75
106 69 82
107 70 78
108 71 78
109 71 72
110 71 84
111 71 85
112 72 81
113 72 82
114 73 80
115 73 78
116 74 79
117 76 79
118 79 81
119 83 84
120 86 98
121 87 90
122 88 97
123 89 91
124 89 101
125 90 96
126 90 103
127 92 97
128 92 95
129 92 94
130 93 102
131 94 103
132 95 100
133 98 103
134 99 102
135 101 102
136 102 103
137 104 108
138 104 119
139 104 109
140 105 111
141 105 109
142 106 118
143 107 112
144 107 118
145 107 110
146 107 113
147 109 110
148 111 117
149 113 115
150 113 120
151 114 116
152 114 115
153 121 133
154 121 123
155 122 130
156 122 124
157 123 134
158 123 131
159 123 125
160 124 125
161 125 128
162 126 136
163 127 137
164 127 131
165 128 136
166 128 129
167 129 138
168 132 133
169 135 138
170 139 145
171 140 149
172 140 148
173 141 152
174 141 148
175 142 147
176 142 149
177 143 152
178 144 151
179 144 148
180 144 153
181 145 146
182 145 150
183 150 151
184 154 163
185 155 164
186 155 167
187 155 168
188 156 166
189 157 162
190 158 164
191 159 168
192 160 162
193 160 165
194 160 167
195 161 163
196 161 164
197 166 168
198 169 181
199 169 170
200 169 185
201 170 183
202 171 178
203 171 179
204 171 172
205 172 175
206 172 183
207 173 177
208 174 175
209 176 182
210 176 177
211 177 183
212 180 185
213 183 184
214 186 192
215 186 191
216 186 200
217 186 190
218 187 200
219 188 199
220 189 202
221 189 194
222 190 193
223 190 199
224 191 195
225 194 203
226 196 198
227 197 198
228 197 202
229 198 199
230 201 203
231 201 204
232 205 215
233 205 213
234 205 223
235 205 206
236 206 224
237 207 212
238 207 214
239 207 218
240 207 210
241 208 211
242 208 222
243 209 210
244 210 221
245 213 217
246 213 221
247 216 219
248 217 219
249 218 220
250 218 222
251 225 231
252 225 241
253 226 232
254 227 240
255 228 230
256 229 234
257 230 240
258 232 234
259 232 240
260 232 241
261 233 238
262 233 237
263 234 237
264 235 236
265 236 239
266 237 239
267 242 245
268 242 247
269 243 254
270 243 245
271 244 251
272 244 249
273 244 255
274 245 246
275 245 256
276 246 250
277 247 253
278 248 255
279 249 252
280 253 257
281 255 256
282 258 260
283 258 274
284 259 261
285 259 269
286 260 265
287 260 266
288 261 273
289 262 264
290 262 267
291 262 275
292 263 264
293 266 268
294 266 271
295 267 274
296 269 270
297 270 272
298 270 275
0 234 228
1 240 229
2 225 230
3 227 238
4 231 230
5 229 231
6 239 241
7 241 236
8 227 231
9 232 231
10 238 231
11 228 233
12 225 236
13 236 231
14 228 234
15 228 225
16 227 235
17 233 235
18 240 229
19 230 229
20 229 239
21 235 241
22 238 235
23 214 5
24 221 2
25 211 3
26 223 10
27 207 2
28 210 3
29 210 7
30 219 7
31 223 2
32 208 5
33 208 11
34 216 0
35 222 10
36 215 6
37 219 4
38 215 8
39 207 8
40 214 11
41 216 6
42 224 1
43 213 2
44 218 1
45 215 2
46 214 10
47 206 6
48 207 11
49 213 3
50 25 270
51 12 265
52 26 263
53 21 267
54 16 268
55 27 266
56 29 261
57 14 274
58 23 269
59 16 266
60 15 274
61 12 260
62 17 262
63 12 266
64 17 267
65 28 267
66 23 261
67 13 266
68 15 259
69 17 262
70 26 260
71 13 259
72 28 274
73 16 269
74 13 269
75 24 259
76 28 261
77 19 263
78 23 275
79 24 267
80 30 166
81 30 159
82 23 161
83 12 167
84 28 164
85 18 164
86 17 157
87 29 166
88 16 167
89 23 166
90 20 157
91 18 154
92 27 158
93 12 156
94 17 158
95 17 164
96 28 155
97 25 157
98 13 155
99 25 164
100 18 161
101 26 168
102 22 155
103 18 154
104 18 159
105 13 154
106 26 165
107 18 159
108 17 166
109 25 164
110 9 164
111 2 157
112 11 160
113 10 164
114 6 157
115 6 163
116 4 165
117 8 167
118 11 157
119 1 165
120 1 163
121 11 156
122 1 157
123 7 154
124 2 166
125 6 163
126 7 160
127 7 154
128 5 159
129 0 165
130 8 155
131 2 162
132 3 166
133 6 167
134 5 154
135 3 159
136 6 154
137 11 154
138 9 158
139 177 189
140 184 195
141 180 189
142 175 200
143 181 188
144 180 201
145 177 198
146 182 188
147 170 198
148 176 202
149 176 188
150 170 204
151 181 199
152 183 200
153 180 198
154 182 199
155 181 197
156 169 203
157 177 199
158 177 190
159 174 199
160 174 194
161 171 191
162 183 194
163 180 192
164 183 192
165 184 202
166 172 186
167 182 203
168 176 188
169 95 84
170 92 76
171 88 84
172 98 75
173 87 84
174 93 83
175 102 84
176 99 83
177 97 70
178 95 79
179 96 75
180 87 72
181 92 77
182 88 73
183 91 78
184 93 78
185 92 70
186 99 68
187 91 80
188 87 74
189 88 68
190 96 70
191 87 77
192 96 69
193 101 85
194 101 81
195 101 80
196 95 84
197 97 85
198 103 74
199 55 94
200 51 98
201 67 98
202 55 98
203 67 87
204 49 91
205 52 94
206 51 103
207 66 101
208 51 88
209 64 86
210 57 90
211 56 100
212 52 92
213 66 92
214 52 88
215 60 86
216 64 89
217 63 95
218 56 94
219 55 92
220 60 103
221 61 96
222 55 100
223 61 91
224 51 97
225 56 100
226 51 100
227 67 86
228 152 200
229 151 203
230 143 186
231 142 202
232 144 196
233 143 187
234 150 192
235 150 194
236 153 187
237 143 187
238 142 202
239 148 199
240 146 198
241 141 204
242 140 194
243 144 187
244 151 201
245 143 191
246 141 188
247 150 186
248 147 203
249 151 194
250 145 187
251 150 201
252 142 203
253 153 199
254 145 197
255 141 193
256 151 196
257 142 200
258 62 2
259 52 2
260 52 7
261 56 0
262 54 6
263 51 8
264 50 4
265 54 8
266 53 3
267 56 1
268 52 9
269 50 3
270 59 5
271 54 9
272 59 3
273 61 4
274 53 7
275 49 6
276 61 8
277 61 1
278 49 6
279 55 1
280 61 4
281 55 1
282 65 1
283 59 5
284 66 7
285 66 5
286 249 84
287 242 79
288 247 81
289 245 84
290 252 73
291 249 70
292 254 75
293 254 77
294 250 70
295 243 70
296 242 69
297 247 79
298 250 73
299 244 81
300 251 79
301 252 73
302 242 81
303 257 85
304 254 79
305 256 78
306 252 80
307 242 75
308 248 77
309 244 77
310 255 72
311 243 80
312 253 71
313 253 78
314 257 80
315 252 78
316 28 69
317 20 71
318 20 83
319 23 85
320 15 70
321 13 85
322 17 79
323 17 84
324 16 73
325 23 84
326 29 72
327 29 73
328 16 76
329 28 75
330 24 80
331 25 75
332 19 77
333 20 77
334 12 83
335 30 71
336 18 81
337 13 79
338 18 84
339 12 80
340 29 70
341 13 80
342 17 80
343 15 74
344 30 74
345 28 72
346 160 95
347 161 90
348 161 93
349 165 95
350 160 102
351 165 97
352 157 101
353 156 97
354 168 98
355 160 89
356 155 93
357 160 86
358 164 96
359 167 97
360 167 86
361 164 100
362 164 89
363 163 88
364 156 95
365 162 87
366 167 101
367 155 91
368 167 89
369 162 90
370 168 99
371 162 89
372 167 86
373 155 94
374 156 94
375 154 97
376 47 134
377 42 123
378 41 123
379 42 124
380 45 126
381 40 129
382 43 137
383 34 135
384 48 136
385 47 126
386 45 138
387 35 135
388 31 129
389 44 134
390 45 134
391 40 121
392 45 128
393 34 128
394 37 137
395 41 129
396 43 124
397 33 135
398 39 131
399 48 129
400 40 134
401 35 122
402 39 135
403 35 133
404 45 121
405 36 128
406 40 103
407 35 101
408 39 91
409 34 99
410 41 102
411 37 95
412 48 92
413 37 89
414 33 90
415 35 95
416 34 101
417 33 94
418 31 98
419 37 96
420 37 88
421 38 101
422 39 98
423 42 101
424 40 91
425 35 99
426 32 98
427 48 89
428 37 99
429 43 88
430 31 91
431 33 103
432 31 96
433 46 93
434 41 89
435 32 88
436 31 189
437 39 204
438 37 188
439 48 192
440 33 194
441 44 199
442 48 198
443 36 188
444 43 193
445 44 200
446 46 194
447 35 192
448 38 191
449 40 199
450 40 200
451 38 190
452 42 190
453 33 195
454 33 204
455 34 187
456 42 187
457 43 203
458 31 189
459 45 197
460 34 192
461 33 191
462 32 199
463 39 204
464 37 191
465 45 195
466 132 24
467 133 13
468 129 24
469 128 14
470 133 28
471 136 23
472 134 23
473 130 24
474 129 18
475 136 29
476 131 28
477 131 22
478 124 19
479 124 18
480 123 26
481 136 26
482 136 28
483 124 30
484 134 29
485 131 30
486 130 28
487 134 24
488 126 28
489 137 17
490 125 18
491 124 16
492 133 28
493 132 13
494 135 21
495 121 25
496 176 207
497 170 213
498 176 221
499 170 221
500 176 215
501 178 217
502 176 208
503 173 211
504 174 213
505 182 211
506 179 205
507 184 206
508 182 205
509 182 213
510 178 207
511 176 217
512 179 207
513 182 208
514 173 214
515 178 207
516 177 220
517 180 224
518 169 208
519 177 216
520 174 208
521 174 211
522 173 211
523 180 208
524 184 209
525 184 223
526 94 269
527 87 275
528 98 266
529 86 273
530 93 262
531 89 274
532 90 270
533 88 272
534 99 272
535 103 271
536 91 271
537 103 263
538 93 268
539 102 261
540 89 259
541 86 269
542 100 271
543 88 264
544 89 260
545 89 269
546 89 263
547 103 259
548 90 273
549 103 273
550 96 261
551 96 267
552 100 262
553 91 271
554 101 261
555 103 258
556 258 36
557 269 38
558 259 46
559 263 44
560 265 39
561 259 45
562 258 47
563 271 31
564 271 45
565 258 39
566 264 44
567 273 41
568 273 37
569 261 39
570 268 47
571 271 32
572 271 40
573 269 39
574 269 37
575 275 36
576 271 40
577 271 38
578 261 39
579 271 41
580 267 46
581 274 48
582 264 31
583 272 45
584 263 35
585 271 36
586 52 163
587 66 165
588 63 160
589 64 161
590 63 165
591 55 168
592 66 167
593 57 168
594 58 154
595 49 168
596 61 167
597 52 168
598 49 168
599 67 158
600 51 161
601 50 164
602 53 164
603 59 166
604 61 161
605 51 167
606 50 154
607 55 167
608 55 160
609 63 164
610 56 163
611 67 161
612 67 162
613 52 165
614 59 155
615 61 163
616 251 36
617 254 31
618 245 40
619 248 35
620 257 40
621 248 34
622 257 42
623 255 43
624 243 32
625 248 40
626 252 31
627 244 38
628 253 35
629 250 44
630 244 36
631 243 31
632 243 33
633 248 41
634 245 34
635 248 36
636 252 45
637 244 39
638 245 47
639 244 46
640 245 45
641 245 43
642 245 47
643 246 33
644 249 35
645 255 47
646 21 139
647 23 152
648 15 147
649 14 146
650 17 145
651 29 139
652 21 148
653 30 149
654 20 146
655 12 151
656 27 141
657 15 148
658 25 146
659 14 148
660 21 150
661 17 143
662 18 149
663 18 143
664 20 149
665 27 146
666 22 150
667 23 140
668 18 151
669 21 144
670 19 139
671 17 152
672 25 144
673 27 143
674 12 146
675 14 142
676 216 223
677 224 208
678 223 224
679 206 219
680 219 214
681 221 224
682 206 220
683 211 220
684 206 218
685 213 212
686 209 213
687 223 207
688 216 222
689 213 222
690 217 224
691 220 211
692 207 205
693 222 210
694 213 218
695 212 219
696 220 211
697 223 208
698 220 224
699 216 206
700 217 207
701 7 200
702 4 188
703 9 192
704 0 204
705 7 193
706 2 200
707 1 186
708 9 196
709 10 204
710 11 193
711 6 199
712 11 193
713 10 197
714 2 204
715 7 191
716 5 200
717 4 203
718 4 189
719 5 187
720 9 194
721 4 203
722 3 192
723 2 188
724 8 188
725 3 186
726 6 195
727 2 200
728 11 202
729 154 179
730 154 179
731 161 179
732 158 173
733 155 181
734 154 177
735 154 178
736 164 184
737 161 180
738 167 171
739 158 175
740 166 178
741 160 179
742 163 174
743 154 177
744 155 183
745 155 182
746 163 174
747 157 180
748 168 182
749 166 173
750 165 185
751 163 174
752 165 174
753 160 182
754 166 172
755 164 185
756 167 185
757 166 175
758 155 184
759 268 121
760 263 129
761 260 123
762 259 130
763 267 136
764 263 134
765 270 126
766 275 134
767 271 137
768 272 124
769 274 132
770 271 133
771 270 133
772 261 132
773 262 129
774 259 128
775 260 130
776 272 122
777 271 137
778 272 137
779 259 123
780 264 136
781 272 121
782 264 129
783 261 131
784 259 124
785 273 126
786 274 126
787 266 122
788 263 136
789 75 60
790 80 51
791 68 57
792 77 65
793 85 57
794 75 63
795 74 49
796 72 51
797 85 51
798 73 50
799 71 67
800 75 59
801 76 56
802 84 67
803 73 54
804 75 51
805 78 52
806 73 62
807 77 59
808 72 63
809 79 53
810 72 54
811 76 58
812 71 60
813 80 65
814 73 62
815 83 50
816 74 54
817 81 52
818 79 53
819 205 184
820 214 182
821 220 176
822 205 170
823 218 172
824 210 177
825 216 181
826 217 170
827 223 175
828 218 175
829 211 178
830 217 171
831 217 176
832 219 170
833 217 171
834 223 179
835 208 184
836 209 180
837 224 178
838 206 174
839 214 180
840 214 182
841 222 173
842 217 173
843 205 179
844 222 180
845 216 179
846 223 185
847 207 180
848 223 178
849 81 180
850 71 185
851 70 172
852 70 178
853 74 184
854 72 185
855 69 175
856 68 185
857 84 178
858 69 180
859 77 175
860 72 177
861 79 184
862 68 169
863 77 179
864 78 171
865 83 178
866 83 184
867 83 179
868 84 182
869 71 182
870 85 169
871 76 185
872 85 173
873 77 180
874 73 185
875 78 176
876 82 180
877 71 180
878 74 178
879 59 95
880 57 92
881 65 103
882 49 100
883 67 93
884 57 90
885 52 92
886 51 95
887 56 99
888 64 99
889 55 96
890 63 100
891 50 103
892 63 86
893 55 90
894 51 103
895 53 102
896 59 94
897 60 94
898 61 91
899 50 98
900 62 92
901 61 95
902 54 90
903 64 89
904 65 98
905 62 91
906 55 92
907 65 92
908 58 92
909 216 37
910 207 45
911 224 37
912 214 34
913 205 43
914 207 38
915 214 37
916 212 31
917 215 33
918 212 31
919 206 47
920 215 40
921 217 39
922 210 40
923 213 44
924 205 45
925 205 35
926 220 41
927 219 39
928 220 46
929 208 40
930 220 44
931 212 42
932 211 46
933 217 34
934 208 43
935 221 45
936 222 44
937 208 32
938 207 44
939 228 255
940 232 252
941 234 242
942 234 247
943 236 242
944 225 242
945 236 255
946 231 246
947 240 245
948 235 249
949 226 243
950 229 252
951 232 248
952 229 257
953 228 247
954 227 244
955 227 251
956 235 255
957 228 253
958 237 249
959 241 247
960 227 243
961 228 257
962 237 249
963 235 245
964 228 243
965 227 245
966 239 253
967 236 257
968 231 249
969 265 224
970 261 220
971 264 222
972 260 206
973 275 207
974 259 217
975 263 216
976 265 215
977 258 206
978 263 222
979 269 215
980 265 223
981 266 205
982 266 206
983 270 217
984 270 208
985 273 216
986 261 212
987 267 221
988 272 222
989 267 207
990 264 211
991 258 221
992 271 222
993 274 214
994 271 214
995 273 210
996 267 214
997 264 210
998 264 207
999 182 265
1000 184 268
1001 184 273
1002 178 271
1003 177 272
1004 172 260
1005 173 275
1006 185 269
1007 173 275
1008 179 265
1009 179 268
1010 184 266
1011 185 262
1012 185 259
1013 174 271
1014 169 267
1015 173 259
1016 179 267
1017 184 273
1018 173 268
1019 181 275
1020 171 262
1021 172 266
1022 169 268
1023 171 273
1024 174 275
1025 183 272
1026 181 270
1027 182 266
1028 184 270
1029 101 129
1030 87 132
1031 88 126
1032 86 123
1033 96 138
1034 92 135
1035 94 124
1036 90 126
1037 90 131
1038 89 124
1039 86 128
1040 89 125
1041 86 127
1042 93 122
1043 97 124
1044 90 135
1045 92 122
1046 101 135
1047 94 121
1048 92 121
1049 92 132
1050 98 138
1051 102 133
1052 88 130
1053 90 126
1054 93 124
1055 103 125
1056 100 133
1057 101 123
1058 99 137
1059 155 101
1060 161 100
1061 155 102
1062 159 91
1063 164 96
1064 167 93
1065 156 101
1066 164 103
1067 161 97
1068 160 96
1069 164 99
1070 158 89
1071 161 93
1072 167 86
1073 163 92
1074 157 100
1075 161 96
1076 165 95
1077 167 92
1078 157 90
1079 154 89
1080 162 90
1081 165 94
1082 167 99
1083 163 96
1084 164 102
1085 160 92
1086 163 100
1087 161 98
1088 162 95
1089 60 124
1090 57 126
1091 51 128
1092 57 137
1093 66 128
1094 65 131
1095 49 125
1096 58 135
1097 58 132
1098 63 122
1099 63 129
1100 57 122
1101 59 133
1102 51 123
1103 67 131
1104 50 130
1105 49 138
1106 51 136
1107 62 137
1108 64 133
1109 66 137
1110 49 136
1111 55 131
1112 57 138
1113 63 129
1114 65 131
1115 50 123
1116 51 124
1117 57 133
1118 52 132
1119 215 95
1120 210 95
1121 213 95
1122 211 98
1123 221 89
1124 210 99
1125 221 101
1126 213 102
1127 221 86
1128 222 94
1129 217 100
1130 212 86
1131 220 96
1132 212 93
1133 215 91
1134 211 95
1135 213 89
1136 211 88
1137 222 93
1138 222 89
1139 223 86
1140 210 91
1141 208 97
1142 222 91
1143 217 92
1144 205 91
1145 221 89
1146 206 93
1147 217 95
1148 224 86
1149 222 11
1150 210 11
1151 207 2
1152 208 2
1153 223 7
1154 215 6
1155 221 7
1156 221 11
1157 209 2
1158 207 3
1159 224 6
1160 211 11
1161 207 9
1162 208 11
1163 209 3
1164 217 9
1165 222 8
1166 207 5
1167 222 10
1168 224 0
1169 210 6
1170 222 8
1171 205 10
1172 222 11
1173 216 4
1174 208 7
1175 209 10
1176 79 157
1177 77 166
1178 71 157
1179 77 155
1180 78 156
1181 78 166
1182 85 163
1183 83 164
1184 75 164
1185 68 160
1186 71 156
1187 68 162
1188 70 166
1189 76 155
1190 82 165
1191 79 168
1192 73 163
1193 80 162
1194 80 159
1195 71 154
1196 70 166
1197 85 158
1198 75 168
1199 73 164
1200 81 160
1201 74 159
1202 73 166
1203 75 167
1204 85 154
1205 85 162
1206 53 234
1207 58 230
1208 50 239
1209 49 237
1210 65 237
1211 60 225
1212 53 227
1213 67 228
1214 57 229
1215 58 231
1216 56 236
1217 57 230
1218 54 238
1219 64 237
1220 66 235
1221 54 226
1222 62 237
1223 58 227
1224 55 228
1225 59 239
1226 63 226
1227 52 240
1228 64 241
1229 60 229
1230 54 235
1231 61 231
1232 49 229
1233 57 230
1234 53 226
1235 53 232
1236 0 30
1237 5 26
1238 7 22
1239 7 17
1240 11 26
1241 2 25
1242 4 24
1243 1 14
1244 6 24
1245 0 13
1246 2 26
1247 9 19
1248 10 13
1249 6 19
1250 6 15
1251 4 29
1252 0 27
1253 0 23
1254 4 15
1255 0 23
1256 11 22
1257 10 18
1258 9 28
1259 5 16
1260 5 18
1261 4 23
1262 5 20
1263 11 13
1264 3 20
1265 5 260
1266 3 267
1267 4 265
1268 9 269
1269 4 269
1270 2 261
1271 10 268
1272 2 272
1273 3 271
1274 0 267
1275 3 261
1276 5 273
1277 2 264
1278 10 266
1279 10 267
1280 8 266
1281 5 260
1282 6 269
1283 0 267
1284 5 275
1285 7 265
1286 1 271
1287 3 264
1288 0 268
1289 3 275
1290 9 273
1291 3 266
1292 11 259
1293 1 274
1294 133 71
1295 121 72
1296 138 70
1297 129 78
1298 134 72
1299 135 75
1300 122 82
1301 125 77
1302 122 74
1303 121 78
1304 127 84
1305 128 80
1306 123 81
1307 128 73
1308 126 70
1309 137 78
1310 131 79
1311 121 72
1312 129 84
1313 131 81
1314 122 73
1315 124 72
1316 137 83
1317 128 74
1318 130 85
1319 137 84
1320 136 72
1321 133 68
1322 131 85
1323 121 71
1324 13 194
1325 13 187
1326 24 202
1327 29 196
1328 22 188
1329 23 199
1330 13 196
1331 29 191
1332 25 192
1333 17 194
1334 17 200
1335 22 196
1336 12 201
1337 15 201
1338 30 197
1339 15 186
1340 25 196
1341 20 197
1342 13 193
1343 28 195
1344 12 199
1345 14 194
1346 24 190
1347 21 190
1348 14 198
1349 16 188
1350 30 190
1351 15 200
1352 14 202
1353 27 192
1354 27 121
1355 14 132
1356 13 132
1357 29 127
1358 29 137
1359 13 128
1360 25 125
1361 18 126
1362 23 128
1363 19 138
1364 28 133
1365 17 137
1366 23 138
1367 26 136
1368 17 131
1369 16 137
1370 20 136
1371 15 134
1372 15 133
1373 18 125
1374 26 129
1375 28 125
1376 21 137
1377 24 125
1378 14 132
1379 22 125
1380 23 130
1381 24 136
1382 16 131
1383 23 123
1384 163 174
1385 157 185
1386 161 179
1387 155 173
1388 164 169
1389 160 173
1390 158 180
1391 158 184
1392 162 184
1393 156 181
1394 161 183
1395 155 176
1396 168 180
1397 168 179
1398 163 176
1399 167 175
1400 161 173
1401 155 172
1402 162 182
1403 156 179
1404 162 184
1405 154 185
1406 159 169
1407 160 178
1408 154 182
1409 159 183
1410 157 169
1411 163 170
1412 162 169
1413 156 178
1414 95 117
1415 97 114
1416 92 112
1417 94 112
1418 95 109
1419 96 116
1420 102 118
1421 92 112
1422 90 120
1423 96 110
1424 103 110
1425 103 117
1426 92 117
1427 97 111
1428 97 109
1429 103 117
1430 90 108
1431 97 111
1432 103 107
1433 103 108
1434 86 110
1435 98 117
1436 99 110
1437 89 107
1438 103 105
1439 88 115
1440 87 106
1441 97 106
1442 96 106
1443 100 116
1444 255 115
1445 255 107
1446 254 104
1447 257 120
1448 242 111
1449 245 112
1450 245 118
1451 249 105
1452 248 114
1453 256 107
1454 253 107
1455 242 113
1456 250 111
1457 249 106
1458 244 113
1459 249 115
1460 257 111
1461 248 117
1462 249 109
1463 254 114
1464 249 111
1465 248 114
1466 253 114
1467 250 105
1468 248 120
1469 244 113
1470 256 109
1471 256 108
1472 242 104
1473 253 108
1474 137 4
1475 135 9
1476 124 7
1477 135 2
1478 133 0
1479 133 5
1480 130 9
1481 123 6
1482 128 5
1483 133 1
1484 125 7
1485 130 10
1486 124 6
1487 131 7
1488 136 9
1489 126 8
1490 132 1
1491 130 11
1492 134 11
1493 133 5
1494 133 9
1495 125 0
1496 136 8
1497 138 8
1498 134 5
1499 138 6
1500 125 4
1501 135 1
1502 129 6
1503 128 6
1504 218 150
1505 208 143
1506 206 147
1507 218 148
1508 218 143
1509 221 146
1510 208 153
1511 215 143
1512 213 140
1513 218 142
1514 212 143
1515 209 144
1516 211 148
1517 218 147
1518 209 148
1519 217 150
1520 224 140
1521 219 153
1522 215 146
1523 209 143
1524 212 149
1525 208 141
1526 207 142
1527 206 153
1528 216 142
1529 209 140
1530 222 142
1531 219 152
1532 213 146
1533 220 140
1534 63 217
1535 58 214
1536 54 214
1537 67 218
1538 54 215
1539 59 224
1540 59 217
1541 56 213
1542 63 215
1543 64 218
1544 57 213
1545 58 213
1546 50 213
1547 61 219
1548 67 205
1549 58 210
1550 60 224
1551 50 208
1552 51 212
1553 55 218
1554 57 205
1555 59 208
1556 60 221
1557 63 207
1558 56 220
1559 60 212
1560 60 216
1561 55 220
1562 60 209
1563 58 222
1564 4 119
1565 0 116
1566 2 112
1567 4 120
1568 2 106
1569 4 117
1570 0 109
1571 8 114
1572 8 111
1573 10 113
1574 3 107
1575 7 105
1576 5 111
1577 2 107
1578 3 115
1579 6 114
1580 6 111
1581 0 109
1582 5 106
1583 5 118
1584 0 120
1585 7 114
1586 9 114
1587 9 108
1588 3 112
1589 2 113
1590 10 105
1591 2 109
1592 0 118
1593 194 146
1594 187 139
1595 191 152
1596 191 148
1597 195 143
1598 196 151
1599 187 146
1600 202 140
1601 193 149
1602 190 152
1603 195 152
1604 196 150
1605 198 142
1606 196 140
1607 187 142
1608 198 147
1609 201 139
1610 195 140
1611 187 143
1612 188 144
1613 192 153
1614 204 144
1615 197 150
1616 203 148
1617 204 140
1618 190 147
1619 200 139
1620 202 152
1621 186 149
1622 188 147
1623 135 247
1624 136 252
1625 125 249
1626 136 255
1627 135 251
1628 126 245
1629 130 244
1630 125 256
1631 135 244
1632 134 249
1633 137 255
1634 125 246
1635 127 253
1636 131 246
1637 126 242
1638 135 252
1639 133 243
1640 131 247
1641 136 244
1642 123 256
1643 129 253
1644 131 255
1645 123 243
1646 137 249
1647 125 243
1648 129 251
1649 127 243
1650 136 254
1651 135 243
1652 125 254
1653 169 202
1654 178 200
1655 182 192
1656 178 188
1657 170 201
1658 177 204
1659 176 198
1660 169 193
1661 170 189
1662 173 186
1663 171 190
1664 172 191
1665 174 198
1666 180 199
1667 173 186
1668 177 188
1669 174 200
1670 169 202
1671 177 196
1672 183 203
1673 174 192
1674 180 201
1675 178 202
1676 173 191
1677 181 194
1678 171 188
1679 183 202
1680 183 199
1681 176 189
1682 175 197
1683 219 87
1684 224 93
1685 207 97
1686 219 103
1687 223 101
1688 213 94
1689 215 86
1690 215 86
1691 209 98
1692 206 101
1693 218 93
1694 214 102
1695 217 102
1696 216 102
1697 215 89
1698 223 95
1699 212 97
1700 215 93
1701 223 99
1702 215 88
1703 207 88
1704 223 101
1705 218 100
1706 206 91
1707 211 95
1708 224 90
1709 207 88
1710 208 87
1711 217 87
1712 221 101
1713 172 145
1714 177 141
1715 173 145
1716 178 141
1717 173 141
1718 179 145
1719 178 153
1720 178 144
1721 175 152
1722 174 145
1723 178 146
1724 170 152
1725 183 150
1726 182 148
1727 171 152
1728 181 153
1729 181 147
1730 178 144
1731 179 151
1732 171 148
1733 180 145
1734 178 143
1735 170 149
1736 184 149
1737 172 148
1738 173 147
1739 181 140
1740 185 145
1741 178 151
1742 178 142
1743 248 5
1744 257 9
1745 253 1
1746 243 2
1747 253 0
1748 251 6
1749 255 10
1750 248 5
1751 253 10
1752 249 7
1753 257 0
1754 248 5
1755 247 4
1756 247 5
1757 247 4
1758 251 11
1759 244 5
1760 257 0
1761 256 6
1762 254 0
1763 257 4
1764 254 5
1765 249 5
1766 247 1
1767 248 6
1768 249 0
1769 256 10
1770 10 103
1771 1 102
1772 4 103
1773 4 91
1774 4 96
1775 9 98
1776 1 89
1777 5 88
1778 0 102
1779 5 92
1780 10 91
1781 4 103
1782 7 87
1783 6 88
1784 0 93
1785 0 103
1786 1 100
1787 10 98
1788 6 90
1789 2 87
1790 5 102
1791 1 103
1792 3 93
1793 9 96
1794 6 97
1795 11 87
1796 11 95
1797 8 97
1798 4 102
1799 249 76
1800 246 74
1801 253 84
1802 252 74
1803 256 77
1804 254 79
1805 249 77
1806 257 74
1807 244 79
1808 254 78
1809 251 82
1810 255 81
1811 242 79
1812 245 80
1813 253 74
1814 252 82
1815 245 70
1816 243 76
1817 256 82
1818 247 70
1819 244 82
1820 247 71
1821 250 85
1822 245 82
1823 246 72
1824 245 76
1825 243 78
1826 250 77
1827 247 79
1828 250 73
1829 256 3
1830 251 10
1831 252 5
1832 244 0
1833 249 7
1834 247 4
1835 244 4
1836 242 0
1837 248 0
1838 247 2
1839 252 6
1840 252 4
1841 255 3
1842 251 8
1843 246 4
1844 253 1
1845 253 2
1846 254 3
1847 250 2
1848 255 11
1849 242 8
1850 252 5
1851 249 1
1852 244 8
1853 249 4
1854 254 8
1855 213 224
1856 212 206
1857 224 223
1858 207 224
1859 219 210
1860 217 207
1861 222 212
1862 210 219
1863 218 215
1864 216 208
1865 215 219
1866 223 217
1867 222 215
1868 207 211
1869 224 218
1870 209 214
1871 224 210
1872 214 224
1873 270 157
1874 259 154
1875 269 163
1876 264 158
1877 271 161
1878 266 157
1879 259 162
1880 271 162
1881 271 155
1882 265 156
1883 265 154
1884 260 163
1885 268 163
1886 275 161
1887 270 164
1888 267 160
1889 271 164
1890 268 156
1891 269 159
1892 271 166
1893 274 155
1894 261 159
1895 274 159
1896 271 156
1897 269 164
1898 273 156
1899 261 166
1900 275 167
1901 274 168
1902 262 163
1903 138 154
1904 132 166
1905 138 160
1906 134 154
1907 122 157
1908 128 155
1909 124 162
1910 136 163
1911 128 159
1912 128 160
1913 129 168
1914 132 162
1915 125 154
1916 128 165
1917 126 164
1918 138 157
1919 133 164
1920 133 165
1921 124 162
1922 124 160
1923 136 168
1924 121 160
1925 131 165
1926 130 156
1927 124 166
1928 127 156
1929 134 166
1930 132 163
1931 131 168
1932 138 162
1933 19 143
1934 17 145
1935 23 147
1936 25 141
1937 25 147
1938 17 151
1939 27 146
1940 17 143
1941 26 150
1942 28 148
1943 29 139
1944 26 149
1945 15 149
1946 30 148
1947 18 143
1948 20 149
1949 29 141
1950 13 151
1951 26 152
1952 28 140
1953 28 139
1954 15 147
1955 25 149
1956 16 142
1957 21 149
1958 27 153
1959 24 140
1960 27 145
1961 19 141
1962 5 239
1963 7 239
1964 10 237
1965 1 227
1966 2 227
1967 0 235
1968 6 225
1969 7 238
1970 0 234
1971 9 240
1972 8 234
1973 4 226
1974 6 225
1975 3 225
1976 7 226
1977 3 225
1978 2 239
1979 11 237
1980 7 229
1981 8 237
1982 4 236
1983 10 238
1984 9 230
1985 6 234
1986 8 240
1987 6 228
1988 10 228
1989 6 230
1990 1 232
1991 219 173
1992 208 169
1993 211 176
1994 206 184
1995 214 178
1996 216 184
1997 213 185
1998 221 181
1999 206 181
2000 223 173
2001 210 182
2002 209 184
2003 221 170
2004 221 171
2005 207 184
2006 210 185
2007 224 175
2008 217 173
2009 212 180
2010 222 182
2011 219 169
2012 218 180
2013 212 182
2014 221 173
2015 221 175
2016 206 181
2017 223 185
2018 211 183
2019 224 169
2020 224 181
2021 184 106
2022 174 116
2023 183 106
2024 179 108
2025 184 106
2026 171 106
2027 179 112
2028 173 120
2029 185 114
2030 176 107
2031 180 120
2032 183 115
2033 181 112
2034 184 120
2035 172 108
2036 175 112
2037 184 105
2038 176 115
2039 173 119
2040 175 108
2041 174 105
2042 169 114
2043 184 117
2044 183 112
2045 183 116
2046 174 110
2047 181 110
2048 185 115
2049 180 109
2050 182 105
2051 64 23
2052 62 12
2053 63 14
2054 65 22
2055 56 24
2056 54 22
2057 59 19
2058 56 17
2059 61 28
2060 67 17
2061 51 30
2062 62 13
2063 65 27
2064 64 15
2065 53 15
2066 49 22
2067 61 18
2068 51 22
2069 50 12
2070 52 15
2071 59 21
2072 55 17
2073 49 16
2074 63 26
2075 58 12
2076 63 19
2077 52 14
2078 52 12
2079 67 19
2080 61 19
2081 143 222
2082 145 216
2083 145 211
2084 146 215
2085 146 223
2086 144 214
2087 139 212
2088 150 208
2089 153 217
2090 145 222
2091 139 206
2092 147 215
2093 143 216
2094 150 211
2095 148 206
2096 148 205
2097 153 220
2098 145 206
2099 150 208
2100 153 215
2101 149 224
2102 149 213
2103 143 207
2104 148 216
2105 140 218
2106 146 207
2107 152 210
2108 153 216
2109 142 223
2110 153 205
2111 126 208
2112 122 216
2113 131 222
2114 121 220
2115 131 215
2116 123 224
2117 137 217
2118 128 208
2119 125 220
2120 129 219
2121 121 214
2122 129 221
2123 137 209
2124 133 218
2125 122 212
2126 123 207
2127 127 218
2128 125 221
2129 133 211
2130 130 212
2131 137 214
2132 138 217
2133 128 222
2134 121 224
2135 129 212
2136 122 214
2137 128 215
2138 133 216
2139 124 214
2140 134 223
2141 189 253
2142 202 254
2143 187 248
2144 193 250
2145 201 251
2146 200 252
2147 199 248
2148 190 247
2149 186 249
2150 200 247
2151 198 248
2152 187 245
2153 204 247
2154 193 257
2155 187 251
2156 187 256
2157 192 245
2158 196 249
2159 201 250
2160 192 254
2161 198 242
2162 194 246
2163 192 246
2164 201 252
2165 194 248
2166 190 252
2167 191 254
2168 191 251
2169 193 246
2170 201 247
2171 9 45
2172 0 40
2173 5 45
2174 8 41
2175 9 43
2176 10 40
2177 11 44
2178 10 45
2179 9 45
2180 7 37
2181 3 46
2182 11 41
2183 9 38
2184 7 41
2185 9 38
2186 8 36
2187 5 43
2188 3 46
2189 2 39
2190 6 38
2191 10 47
2192 4 42
2193 7 42
2194 3 39
2195 8 46
2196 4 38
2197 2 33
2198 7 32
2199 1 40
2200 10 44
2201 256 35
2202 256 32
2203 249 34
2204 245 45
2205 251 31
2206 248 46
2207 256 46
2208 253 47
2209 244 36
2210 249 48
2211 255 33
2212 254 41
2213 246 37
2214 244 47
2215 246 41
2216 255 40
2217 242 47
2218 252 48
2219 255 31
2220 254 41
2221 245 34
2222 250 36
2223 248 40
2224 245 46
2225 248 37
2226 245 42
2227 252 39
2228 247 46
2229 245 37
2230 255 34
2231 112 190
2232 105 189
2233 105 204
2234 114 194
2235 120 197
2236 106 193
2237 119 191
2238 112 200
2239 112 197
2240 116 200
2241 115 192
2242 104 188
2243 120 187
2244 107 201
2245 117 191
2246 106 194
2247 120 188
2248 109 198
2249 120 189
2250 104 201
2251 112 203
2252 112 202
2253 107 198
2254 109 198
2255 106 195
2256 111 190
2257 110 201
2258 114 186
2259 119 186
2260 108 203
2261 67 6
2262 50 3
2263 51 3
2264 63 6
2265 66 2
2266 61 0
2267 54 6
2268 53 0
2269 63 10
2270 54 7
2271 61 11
2272 59 4
2273 56 7
2274 62 7
2275 52 5
2276 67 5
2277 60 10
2278 60 6
2279 58 8
2280 56 5
2281 66 10
2282 64 7
2283 51 7
2284 65 10
2285 67 8
2286 63 11
2287 57 3
2288 50 4
2289 58 9
2290 67 2
2291 25 99
2292 24 86
2293 12 98
2294 12 86
2295 14 90
2296 29 87
2297 13 89
2298 26 88
2299 24 96
2300 12 91
2301 23 91
2302 15 95
2303 12 88
2304 28 92
2305 21 86
2306 14 91
2307 23 101
2308 17 97
2309 14 96
2310 18 98
2311 12 95
2312 30 99
2313 19 93
2314 27 86
2315 28 97
2316 29 91
2317 21 95
2318 22 101
2319 16 86
2320 26 86
2321 66 33
2322 53 38
2323 63 46
2324 62 33
2325 62 33
2326 61 38
2327 58 39
2328 65 39
2329 66 48
2330 49 41
2331 52 40
2332 56 44
2333 63 31
2334 55 38
2335 51 38
2336 55 32
2337 60 43
2338 65 39
2339 67 31
2340 53 48
2341 52 31
2342 53 43
2343 51 43
2344 52 34
2345 65 45
2346 62 31
2347 63 31
2348 51 41
2349 53 34
2350 50 32
2351 210 18
2352 205 14
2353 205 19
2354 212 20
2355 207 22
2356 211 13
2357 220 23
2358 224 17
2359 217 21
2360 224 17
2361 209 16
2362 216 21
2363 205 16
2364 219 21
2365 214 18
2366 206 29
2367 216 21
2368 223 18
2369 208 29
2370 214 19
2371 223 12
2372 222 17
2373 218 25
2374 222 28
2375 205 27
2376 219 20
2377 211 27
2378 217 29
2379 224 18
2380 209 13
2381 236 226
2382 233 227
2383 233 241
2384 237 235
2385 233 229
2386 229 233
2387 237 230
2388 231 226
2389 230 231
2390 237 228
2391 231 234
2392 238 230
2393 231 226
2394 227 231
2395 239 241
2396 227 228
2397 227 233
2398 229 236
2399 231 228
2400 239 230
2401 241 239
2402 23 234
2403 25 234
2404 15 230
2405 20 240
2406 30 230
2407 21 233
2408 16 238
2409 25 227
2410 20 225
2411 29 239
2412 14 235
2413 17 225
2414 21 236
2415 28 225
2416 20 240
2417 17 236
2418 15 228
2419 15 232
2420 27 239
2421 18 236
2422 14 228
2423 29 226
2424 15 239
2425 26 240
2426 19 225
2427 12 225
2428 28 225
2429 13 230
2430 19 234
2431 30 237
2432 74 212
2433 74 206
2434 83 218
2435 81 212
2436 71 206
2437 83 206
2438 69 220
2439 81 219
2440 77 213
2441 79 212
2442 69 219
2443 73 211
2444 72 212
2445 75 219
2446 73 218
2447 70 205
2448 74 224
2449 80 216
2450 73 224
2451 76 222
2452 85 210
2453 80 224
2454 74 216
2455 85 217
2456 85 213
2457 72 221
2458 74 217
2459 68 212
2460 74 206
2461 75 221
2462 127 242
2463 121 242
2464 122 246
2465 138 246
2466 122 249
2467 128 245
2468 121 250
2469 138 256
2470 134 253
2471 123 253
2472 134 255
2473 126 257
2474 129 252
2475 123 257
2476 137 254
2477 122 248
2478 127 247
2479 136 247
2480 125 248
2481 132 251
2482 123 247
2483 132 254
2484 124 250
2485 137 246
2486 124 247
2487 135 243
2488 133 256
2489 123 245
2490 129 245
2491 137 253
2492 209 59
2493 217 50
2494 209 52
2495 212 65
2496 222 56
2497 215 61
2498 221 66
2499 224 49
2500 215 53
2501 211 62
2502 220 58
2503 210 63
2504 214 65
2505 209 55
2506 219 64
2507 220 56
2508 205 58
2509 209 54
2510 217 59
2511 224 56
2512 223 64
2513 206 54
2514 221 63
2515 205 58
2516 206 65
2517 212 63
2518 208 55
2519 222 53
2520 216 65
2521 221 60
2522 244 81
2523 256 75
2524 243 85
2525 253 75
2526 253 70
2527 253 69
2528 252 77
2529 248 79
2530 246 74
2531 254 83
2532 245 69
2533 253 81
2534 248 85
2535 252 77
2536 243 72
2537 246 73
2538 248 77
2539 254 70
2540 255 77
2541 247 71
2542 251 70
2543 255 79
2544 253 82
2545 252 78
2546 242 77
2547 257 73
2548 251 83
2549 242 71
2550 248 83
2551 244 81
2552 224 14
2553 218 21
2554 213 19
2555 207 14
2556 222 29
2557 224 13
2558 222 23
2559 218 17
2560 218 16
2561 213 27
2562 209 22
2563 221 27
2564 224 21
2565 215 30
2566 217 29
2567 211 30
2568 223 19
2569 212 24
2570 220 21
2571 216 28
2572 209 20
2573 221 21
2574 220 19
2575 207 29
2576 224 16
2577 215 19
2578 219 13
2579 219 17
2580 219 21
2581 209 18
2582 251 96
2583 245 92
2584 255 96
2585 243 92
2586 257 89
2587 246 103
2588 242 98
2589 251 102
2590 247 96
2591 253 86
2592 246 89
2593 242 93
2594 255 98
2595 256 95
2596 242 87
2597 256 88
2598 247 98
2599 244 92
2600 251 89
2601 252 87
2602 254 98
2603 254 95
2604 245 97
2605 250 99
2606 243 95
2607 257 94
2608 244 86
2609 245 101
2610 250 103
2611 243 96
2612 255 201
2613 247 187
2614 254 193
2615 256 195
2616 250 201
2617 245 200
2618 249 189
2619 254 197
2620 242 195
2621 244 201
2622 244 204
2623 243 186
2624 250 201
2625 252 187
2626 255 187
2627 244 198
2628 252 198
2629 252 187
2630 244 204
2631 251 201
2632 252 191
2633 257 194
2634 246 198
2635 255 192
2636 251 204
2637 251 191
2638 250 204
2639 255 198
2640 242 196
2641 255 199
2642 168 133
2643 165 138
2644 168 135
2645 154 128
2646 164 136
2647 157 137
2648 160 132
2649 162 128
2650 163 121
2651 156 136
2652 164 129
2653 154 121
2654 154 123
2655 163 121
2656 155 136
2657 157 121
2658 158 136
2659 162 133
2660 157 123
2661 157 127
2662 162 122
2663 161 138
2664 163 137
2665 165 135
2666 154 133
2667 165 127
2668 163 135
2669 164 128
2670 154 128
2671 154 136
2672 232 137
2673 231 129
2674 230 135
2675 225 131
2676 235 126
2677 229 126
2678 230 130
2679 241 131
2680 238 125
2681 233 121
2682 228 134
2683 227 126
2684 228 127
2685 239 135
2686 232 133
2687 225 128
2688 227 129
2689 241 138
2690 232 124
2691 232 137
2692 225 130
2693 225 135
2694 231 131
2695 225 122
2696 235 125
2697 237 129
2698 233 135
2699 238 125
2700 238 124
2701 225 136
2702 32 20
2703 35 23
2704 36 19
2705 31 16
2706 44 13
2707 46 28
2708 34 24
2709 42 14
2710 47 22
2711 35 30
2712 42 30
2713 44 21
2714 39 17
2715 34 23
2716 37 20
2717 32 14
2718 48 15
2719 48 26
2720 40 14
2721 41 19
2722 40 12
2723 43 26
2724 35 14
2725 36 14
2726 43 24
2727 47 21
2728 40 23
2729 43 23
2730 37 30
2731 34 15
2732 253 72
2733 255 83
2734 249 74
2735 250 80
2736 253 79
2737 244 81
2738 254 73
2739 256 71
2740 250 77
2741 242 79
2742 250 71
2743 245 80
2744 256 72
2745 253 75
2746 255 72
2747 252 77
2748 244 78
2749 252 85
2750 247 71
2751 254 75
2752 248 69
2753 251 68
2754 253 75
2755 255 69
2756 243 74
2757 248 83
2758 251 75
2759 255 70
2760 246 77
2761 242 74
2762 41 268
2763 42 266
2764 40 266
2765 41 275
2766 34 262
2767 32 268
2768 38 274
2769 36 274
2770 34 275
2771 40 263
2772 36 264
2773 41 275
2774 40 259
2775 47 258
2776 48 269
2777 35 264
2778 32 268
2779 31 271
2780 37 262
2781 45 272
2782 45 271
2783 34 266
2784 42 267
2785 31 271
2786 40 258
2787 42 264
2788 41 264
2789 41 274
2790 31 271
2791 47 259
2792 246 45
2793 249 37
2794 255 40
2795 246 32
2796 254 41
2797 245 37
2798 249 45
2799 249 36
2800 254 47
2801 252 45
2802 255 31
2803 243 31
2804 253 35
2805 254 39
2806 255 32
2807 246 48
2808 255 45
2809 255 42
2810 255 43
2811 247 43
2812 256 35
2813 254 40
2814 247 44
2815 249 40
2816 252 36
2817 245 45
2818 252 47
2819 242 35
2820 257 40
2821 253 48
2822 23 39
2823 22 48
2824 22 37
2825 27 36
2826 25 45
2827 30 39
2828 20 32
2829 23 44
2830 14 45
2831 26 44
2832 21 39
2833 23 42
2834 15 38
2835 30 48
2836 13 43
2837 23 41
2838 23 38
2839 17 42
2840 12 44
2841 14 37
2842 16 36
2843 27 31
2844 27 35
2845 18 44
2846 19 46
2847 15 38
2848 30 48
2849 19 37
2850 13 39
2851 13 37
2852 18 56
2853 15 65
2854 13 61
2855 27 60
2856 23 59
2857 16 59
2858 21 57
2859 24 54
2860 16 60
2861 25 64
2862 13 60
2863 26 50
2864 24 59
2865 15 58
2866 17 56
2867 30 59
2868 30 67
2869 22 64
2870 30 60
2871 15 57
2872 22 60
2873 15 61
2874 28 66
2875 24 64
2876 17 54
2877 12 64
2878 26 51
2879 29 58
2880 13 57
2881 16 62
2882 214 79
2883 218 81
2884 216 72
2885 214 80
2886 214 69
2887 205 84
2888 222 82
2889 216 76
2890 215 85
2891 215 83
2892 223 72
2893 212 74
2894 220 85
2895 220 74
2896 206 76
2897 214 70
2898 210 76
2899 220 74
2900 215 78
2901 209 73
2902 211 84
2903 211 76
2904 220 81
2905 217 78
2906 217 83
2907 221 83
2908 207 68
2909 221 79
2910 216 84
2911 224 85
2912 114 219
2913 104 221
2914 117 211
2915 107 216
2916 112 211
2917 105 223
2918 114 211
2919 104 205
2920 118 208
2921 111 211
2922 120 208
2923 116 217
2924 106 211
2925 118 208
2926 112 215
2927 114 224
2928 120 205
2929 115 224
2930 116 209
2931 114 211
2932 104 220
2933 110 215
2934 116 210
2935 120 218
2936 115 223
2937 120 220
2938 118 217
2939 114 209
2940 106 217
2941 119 217
