240 268 10 2901
0 11
1 6
2 9
3 15
4 9
5 9
6 9
7 8
8 8
9 11
10 11
11 7
12 7
13 5
14 3
15 3
16 3
17 3
18 3
19 3
20 4
21 4
22 3
23 4
24 3
25 3
26 4
27 3
28 4
29 3
30 3
31 3
32 4
33 5
34 3
35 3
36 4
37 3
38 3
39 3
40 4
41 3
42 3
43 5
44 3
45 3
46 5
47 3
48 5
49 4
50 4
51 3
52 3
53 3
54 3
55 4
56 3
57 3
58 3
59 3
60 3
61 3
62 3
63 3
64 3
65 4
66 3
67 3
68 4
69 4
70 6
71 3
72 5
73 3
74 3
75 3
76 3
77 4
78 3
79 4
80 3
81 3
82 3
83 3
84 4
85 3
86 3
87 3
88 4
89 3
90 3
91 3
92 3
93 3
94 3
95 3
96 5
97 5
98 3
99 3
100 3
101 3
102 3
103 3
104 3
105 4
106 3
107 3
108 4
109 4
110 3
111 3
112 4
113 3
114 3
115 4
116 3
117 5
118 3
119 3
120 4
121 3
122 3
123 3
124 3
125 3
126 3
127 3
128 3
129 3
130 3
131 5
132 3
133 3
134 3
135 3
136 3
137 3
138 3
139 3
140 3
141 3
142 4
143 6
144 4
145 3
146 3
147 3
148 5
149 5
150 3
151 3
152 3
153 5
154 3
155 3
156 3
157 3
158 3
159 6
160 3
161 3
162 3
163 3
164 4
165 3
166 3
167 5
168 3
169 3
170 6
171 3
172 3
173 3
174 3
175 4
176 3
177 3
178 3
179 4
180 3
181 5
182 3
183 3
184 3
185 4
186 3
187 3
188 4
189 3
190 3
191 4
192 5
193 3
194 3
195 3
196 3
197 3
198 3
199 4
200 5
201 3
202 3
203 4
204 4
205 4
206 3
207 3
208 3
209 3
210 3
211 3
212 3
213 4
214 5
215 3
216 3
217 4
218 3
219 3
220 3
221 3
222 5
223 3
224 3
225 4
226 3
227 3
228 3
229 4
230 3
231 4
232 3
233 3
234 4
235 5
236 3
237 3
238 4
239 5
0 0 1
1 0 2
2 0 3
3 0 4
4 0 5
5 0 6
6 0 9
7 0 46
8 0 61
9 1 9
10 1 10
11 1 11
12 2 3
13 2 4
14 2 5
15 2 9
16 2 10
17 2 131
18 3 4
19 3 6
20 3 7
21 3 8
22 3 9
23 3 10
24 3 11
25 3 31
26 3 116
27 3 169
28 3 224
29 4 5
30 4 6
31 4 8
32 4 11
33 4 99
34 5 9
35 5 10
36 5 11
37 5 81
38 6 7
39 6 8
40 6 9
41 6 10
42 7 8
43 7 10
44 7 12
45 7 149
46 7 204
47 8 10
48 8 11
49 9 10
50 9 11
51 9 188
52 10 11
53 12 15
54 12 14
55 12 21
56 12 28
57 13 17
58 13 19
59 13 24
60 13 26
61 14 20
62 16 27
63 16 24
64 18 20
65 21 22
66 22 26
67 23 28
68 23 29
69 25 26
70 29 30
71 31 33
72 32 35
73 32 41
74 32 42
75 32 34
76 33 44
77 33 38
78 34 40
79 36 38
80 36 45
81 37 43
82 39 43
83 40 45
84 42 43
85 46 57
86 46 58
87 46 49
88 47 50
89 48 50
90 48 52
91 48 55
92 48 56
93 49 56
94 49 54
95 51 55
96 53 54
97 53 60
98 59 60
99 61 65
100 62 63
101 63 70
102 64 71
103 64 68
104 65 77
105 66 76
106 67 80
107 68 72
108 68 76
109 69 73
110 69 70
111 69 72
112 70 74
113 70 77
114 72 75
115 76 79
116 78 79
117 79 80
118 81 96
119 82 84
120 83 91
121 84 94
122 84 92
123 85 88
124 85 90
125 86 95
126 87 90
127 87 93
128 88 95
129 88 92
130 89 97
131 91 97
132 92 96
133 93 98
134 96 97
135 99 105
136 100 102
137 100 112
138 101 108
139 101 105
140 101 110
141 102 114
142 103 110
143 104 106
144 105 111
145 105 112
146 106 115
147 107 109
148 108 109
149 109 113
150 110 115
151 116 120
152 116 126
153 117 118
154 117 127
155 117 124
156 119 127
157 120 125
158 121 128
159 121 129
160 121 122
161 122 126
162 123 126
163 123 130
164 124 130
165 131 146
166 131 143
167 132 136
168 132 141
169 133 134
170 133 148
171 135 139
172 135 136
173 137 142
174 138 143
175 139 140
176 141 142
177 142 144
178 143 145
179 143 148
180 144 148
181 147 148
182 149 164
183 149 157
184 150 158
185 151 157
186 152 159
187 153 160
188 153 163
189 153 159
190 153 167
191 153 164
192 154 159
193 155 166
194 155 159
195 156 158
196 156 162
197 157 168
198 161 168
199 162 167
200 165 167
201 169 171
202 170 173
203 170 177
204 170 182
205 170 181
206 171 181
207 171 185
208 172 176
209 172 183
210 174 180
211 175 184
212 175 181
213 178 183
214 179 183
215 179 186
216 179 181
217 180 186
218 185 187
219 188 194
220 188 203
221 189 200
222 190 200
223 191 198
224 191 192
225 192 196
226 192 200
227 192 199
228 193 197
229 193 195
230 194 199
231 195 203
232 200 202
233 201 203
234 204 213
235 204 208
236 205 218
237 205 213
238 206 210
239 207 208
240 208 222
241 209 215
242 209 222
243 210 217
244 211 214
245 211 216
246 212 220
247 212 219
248 214 217
249 214 221
250 216 222
251 216 220
252 219 223
253 224 231
254 225 229
255 225 226
256 226 239
257 227 238
258 228 230
259 228 235
260 229 235
261 229 231
262 229 238
263 231 236
264 232 235
265 233 239
266 234 237
267 234 239
0 44 87
1 41 97
2 41 93
3 43 96
4 35 98
5 38 83
6 33 85
7 31 82
8 41 87
9 33 88
10 35 89
11 37 81
12 38 89
13 39 90
14 33 81
15 41 84
16 41 87
17 43 89
18 44 96
19 43 94
20 35 87
21 32 81
22 41 97
23 44 88
24 34 88
25 44 92
26 39 95
27 33 92
28 34 94
29 34 91
30 57 24
31 48 22
32 58 15
33 49 19
34 60 26
35 58 24
36 52 14
37 46 21
38 57 23
39 58 30
40 48 23
41 59 24
42 59 17
43 48 20
44 49 18
45 46 27
46 59 23
47 52 15
48 51 27
49 59 20
50 50 12
51 48 17
52 46 25
53 56 17
54 50 28
55 47 21
56 56 23
57 56 16
58 60 13
59 52 14
60 42 198
61 37 196
62 33 203
63 37 197
64 45 198
65 39 202
66 38 199
67 45 194
68 41 199
69 32 189
70 31 188
71 31 198
72 33 194
73 35 191
74 34 189
75 41 190
76 32 195
77 41 188
78 36 192
79 36 199
80 38 203
81 45 196
82 45 190
83 42 189
84 36 188
85 41 196
86 39 193
87 43 196
88 44 190
89 43 189
90 227 146
91 224 144
92 234 145
93 233 146
94 236 147
95 230 144
96 227 142
97 237 143
98 234 134
99 234 136
100 236 142
101 238 133
102 229 141
103 232 133
104 238 131
105 233 145
106 236 141
107 225 141
108 232 141
109 235 145
110 230 139
111 233 148
112 235 143
113 228 137
114 237 131
115 224 134
116 230 132
117 235 135
118 229 132
119 237 137
120 73 180
121 69 173
122 64 179
123 70 182
124 64 172
125 77 171
126 67 180
127 80 185
128 63 172
129 70 184
130 71 169
131 78 176
132 76 184
133 66 186
134 75 179
135 61 179
136 62 173
137 61 175
138 79 185
139 76 183
140 68 172
141 77 172
142 71 186
143 73 180
144 70 171
145 68 187
146 79 175
147 73 170
148 80 186
149 61 174
150 201 43
151 202 38
152 197 34
153 199 40
154 200 32
155 202 35
156 199 39
157 203 35
158 202 32
159 200 43
160 199 45
161 202 37
162 190 44
163 198 36
164 189 43
165 201 42
166 188 37
167 193 31
168 193 39
169 199 33
170 190 44
171 191 38
172 201 44
173 194 39
174 199 44
175 199 31
176 189 41
177 188 33
178 203 34
179 199 32
180 61 189
181 80 202
182 78 201
183 66 198
184 62 193
185 69 198
186 61 200
187 65 196
188 74 201
189 73 192
190 63 195
191 72 189
192 71 189
193 64 190
194 70 192
195 65 196
196 76 191
197 65 202
198 68 201
199 75 195
200 71 188
201 71 202
202 77 194
203 71 192
204 66 201
205 66 190
206 80 198
207 75 193
208 63 197
209 75 197
210 48 227
211 48 227
212 52 227
213 56 237
214 51 235
215 58 239
216 56 226
217 49 229
218 53 225
219 50 236
220 59 229
221 53 235
222 50 233
223 52 229
224 52 233
225 48 236
226 57 234
227 56 230
228 49 234
229 60 226
230 57 231
231 54 234
232 58 226
233 58 236
234 48 229
235 52 229
236 52 234
237 49 236
238 54 231
239 53 234
240 190 137
241 196 143
242 195 145
243 192 145
244 192 140
245 189 134
246 188 148
247 196 147
248 200 144
249 190 132
250 197 142
251 190 148
252 200 132
253 202 139
254 196 131
255 202 134
256 188 136
257 188 139
258 196 145
259 203 148
260 203 133
261 192 148
262 196 146
263 190 135
264 203 136
265 189 131
266 200 134
267 189 138
268 201 137
269 192 137
270 170 127
271 183 121
272 172 128
273 185 116
274 171 126
275 175 128
276 171 126
277 176 116
278 175 123
279 184 128
280 180 120
281 184 124
282 184 129
283 179 129
284 186 124
285 175 117
286 170 130
287 175 130
288 169 118
289 181 128
290 187 125
291 174 119
292 169 118
293 179 125
294 179 125
295 186 119
296 179 120
297 179 122
298 184 126
299 173 119
300 146 113
301 145 112
302 133 103
303 138 112
304 141 113
305 141 100
306 139 102
307 137 103
308 144 103
309 141 99
310 143 112
311 144 99
312 134 114
313 134 103
314 148 111
315 139 103
316 139 104
317 138 108
318 131 100
319 142 99
320 141 115
321 144 111
322 132 103
323 131 103
324 134 114
325 141 115
326 138 113
327 145 107
328 136 115
329 131 109
330 9 214
331 1 222
332 2 216
333 7 212
334 2 212
335 10 206
336 7 218
337 8 215
338 5 220
339 0 218
340 11 222
341 4 217
342 1 217
343 8 209
344 9 214
345 11 209
346 0 207
347 6 210
348 5 205
349 10 211
350 10 210
351 10 209
352 4 217
353 2 216
354 0 209
355 3 219
356 8 213
357 7 223
358 151 102
359 168 104
360 162 113
361 163 114
362 160 104
363 154 101
364 164 108
365 160 107
366 154 106
367 154 115
368 161 109
369 164 105
370 166 110
371 158 99
372 155 105
373 155 101
374 150 111
375 153 108
376 167 106
377 168 106
378 156 111
379 162 114
380 162 105
381 161 110
382 155 111
383 163 114
384 166 101
385 163 107
386 168 108
387 161 113
388 103 150
389 112 166
390 108 150
391 99 156
392 104 160
393 114 163
394 114 150
395 108 165
396 108 156
397 99 152
398 115 167
399 114 161
400 106 154
401 109 159
402 102 153
403 110 154
404 109 163
405 99 159
406 103 150
407 114 150
408 100 160
409 110 162
410 114 151
411 99 168
412 99 164
413 101 161
414 101 167
415 105 149
416 110 158
417 105 167
418 67 129
419 62 123
420 73 119
421 66 120
422 62 121
423 65 123
424 71 117
425 77 116
426 64 129
427 63 122
428 76 126
429 77 129
430 77 130
431 71 127
432 64 123
433 65 128
434 62 118
435 75 122
436 70 122
437 79 117
438 69 129
439 76 117
440 61 116
441 73 126
442 80 120
443 74 120
444 72 126
445 71 127
446 61 117
447 66 118
448 109 237
449 111 227
450 99 239
451 108 238
452 106 229
453 113 224
454 104 233
455 100 231
456 108 227
457 115 225
458 106 232
459 110 236
460 107 232
461 113 224
462 110 227
463 99 236
464 114 239
465 108 236
466 112 235
467 106 224
468 108 228
469 103 225
470 101 226
471 113 231
472 107 232
473 104 232
474 108 235
475 105 225
476 107 239
477 109 224
478 76 1
479 64 11
480 65 6
481 63 3
482 75 7
483 69 1
484 80 9
485 65 6
486 76 0
487 70 10
488 62 10
489 71 5
490 62 10
491 64 10
492 73 9
493 67 7
494 66 10
495 65 10
496 74 1
497 62 11
498 80 6
499 73 6
500 69 0
501 70 8
502 73 4
503 72 5
504 65 5
505 75 6
506 75 8
507 69 9
508 75 227
509 69 231
510 71 236
511 69 225
512 73 226
513 78 228
514 74 237
515 73 233
516 61 231
517 78 229
518 78 235
519 77 230
520 78 239
521 73 236
522 64 228
523 63 236
524 79 226
525 66 231
526 64 228
527 62 224
528 73 233
529 68 228
530 80 237
531 63 238
532 69 239
533 65 230
534 66 228
535 66 236
536 78 236
537 61 233
538 50 187
539 54 182
540 57 179
541 53 177
542 58 182
543 51 185
544 59 172
545 54 169
546 46 186
547 50 185
548 53 172
549 52 181
550 57 171
551 47 182
552 55 186
553 49 172
554 58 177
555 49 171
556 58 187
557 55 187
558 51 182
559 49 183
560 51 182
561 46 172
562 57 176
563 54 174
564 58 176
565 49 186
566 50 176
567 52 174
568 228 77
569 232 61
570 230 79
571 226 77
572 233 77
573 224 64
574 228 64
575 237 64
576 225 72
577 226 75
578 230 77
579 234 71
580 233 74
581 232 77
582 238 61
583 237 77
584 230 78
585 236 62
586 232 66
587 230 80
588 234 64
589 229 62
590 227 77
591 231 78
592 224 77
593 225 67
594 231 75
595 226 78
596 231 66
597 228 66
598 200 139
599 200 148
600 188 147
601 197 143
602 192 147
603 189 131
604 193 132
605 192 138
606 197 141
607 199 141
608 203 142
609 192 141
610 189 146
611 199 143
612 190 142
613 194 140
614 198 139
615 199 145
616 196 146
617 192 134
618 197 131
619 198 138
620 201 141
621 199 142
622 202 145
623 192 137
624 192 132
625 202 145
626 192 148
627 188 137
628 13 224
629 27 228
630 25 239
631 28 239
632 22 236
633 28 225
634 26 226
635 14 224
636 25 236
637 26 234
638 23 228
639 28 227
640 27 234
641 12 224
642 19 229
643 24 225
644 29 237
645 27 233
646 13 233
647 16 233
648 17 226
649 25 229
650 22 231
651 14 233
652 24 239
653 15 239
654 14 226
655 21 236
656 14 236
657 22 229
658 179 60
659 174 59
660 184 57
661 178 48
662 172 54
663 181 47
664 187 58
665 179 53
666 186 57
667 187 55
668 183 51
669 170 50
670 182 60
671 171 54
672 176 55
673 182 52
674 169 51
675 182 51
676 176 52
677 173 59
678 184 59
679 180 51
680 185 50
681 173 47
682 178 47
683 169 53
684 173 60
685 173 59
686 179 47
687 175 50
688 35 208
689 41 213
690 31 214
691 39 213
692 45 215
693 41 206
694 35 215
695 36 212
696 39 220
697 32 205
698 31 219
699 40 208
700 45 207
701 41 223
702 34 211
703 35 209
704 33 204
705 34 214
706 45 216
707 34 220
708 32 209
709 36 207
710 40 223
711 44 209
712 42 220
713 34 222
714 43 223
715 39 209
716 32 212
717 44 211
718 185 80
719 187 75
720 184 65
721 172 62
722 186 67
723 174 73
724 172 74
725 177 61
726 181 65
727 179 77
728 174 67
729 169 72
730 171 73
731 186 61
732 177 74
733 177 62
734 184 80
735 173 75
736 179 65
737 186 65
738 172 72
739 180 76
740 174 69
741 169 63
742 177 79
743 177 63
744 182 71
745 172 61
746 181 75
747 180 72
748 191 231
749 201 228
750 189 227
751 201 234
752 203 236
753 200 231
754 189 234
755 202 230
756 191 236
757 197 224
758 190 227
759 195 236
760 198 239
761 200 224
762 195 226
763 190 236
764 203 226
765 201 234
766 188 228
767 197 229
768 188 227
769 197 232
770 200 238
771 193 232
772 203 237
773 197 235
774 197 234
775 201 236
776 195 236
777 193 233
778 191 232
779 199 226
780 188 227
781 199 235
782 193 233
783 202 224
784 193 235
785 194 226
786 191 227
787 189 235
788 196 231
789 200 235
790 200 231
791 193 228
792 194 225
793 197 229
794 198 235
795 202 234
796 196 233
797 189 235
798 200 230
799 196 236
800 195 228
801 188 235
802 199 235
803 199 229
804 190 231
805 200 232
806 193 235
807 196 231
808 5 50
809 3 54
810 7 56
811 2 50
812 8 51
813 2 56
814 2 53
815 7 52
816 7 46
817 7 53
818 2 53
819 4 55
820 6 50
821 5 57
822 1 60
823 11 58
824 4 53
825 4 49
826 8 52
827 4 55
828 6 59
829 9 53
830 3 60
831 1 47
832 0 56
833 7 52
834 5 49
835 8 55
836 77 62
837 73 67
838 61 75
839 65 72
840 70 78
841 76 63
842 80 61
843 61 79
844 79 74
845 75 76
846 61 66
847 73 79
848 70 64
849 76 73
850 63 71
851 62 77
852 75 70
853 67 78
854 65 63
855 108 90
856 100 93
857 106 90
858 103 83
859 109 97
860 100 91
861 109 95
862 106 88
863 102 86
864 107 93
865 107 90
866 115 94
867 102 81
868 99 94
869 106 90
870 100 96
871 103 86
872 107 85
873 101 94
874 115 86
875 115 92
876 109 97
877 113 94
878 100 83
879 107 86
880 115 93
881 100 86
882 111 84
883 114 83
884 111 94
885 50 128
886 56 120
887 59 122
888 52 123
889 48 116
890 60 129
891 46 124
892 56 125
893 54 121
894 54 123
895 52 124
896 58 118
897 51 120
898 47 120
899 47 130
900 46 124
901 58 128
902 48 116
903 51 120
904 55 116
905 54 126
906 47 121
907 54 128
908 58 127
909 47 121
910 48 123
911 48 119
912 53 126
913 47 119
914 57 130
915 127 20
916 123 23
917 129 28
918 126 23
919 129 24
920 130 28
921 121 12
922 127 16
923 116 27
924 128 21
925 129 27
926 117 18
927 122 20
928 130 21
929 116 23
930 125 28
931 117 14
932 121 28
933 116 12
934 130 28
935 120 17
936 130 12
937 124 25
938 118 19
939 122 12
940 124 28
941 121 24
942 125 19
943 129 21
944 122 20
945 225 30
946 224 20
947 235 20
948 229 30
949 224 23
950 224 28
951 234 26
952 236 18
953 230 26
954 225 26
955 234 16
956 224 14
957 230 16
958 239 14
959 237 13
960 236 19
961 239 21
962 233 16
963 234 25
964 233 27
965 236 26
966 234 13
967 229 24
968 227 21
969 230 14
970 239 12
971 237 22
972 237 17
973 229 20
974 227 16
975 7 119
976 9 129
977 1 116
978 6 122
979 1 126
980 2 127
981 3 124
982 4 121
983 3 127
984 10 121
985 1 126
986 10 128
987 11 117
988 10 119
989 7 121
990 9 123
991 7 129
992 6 123
993 11 117
994 11 125
995 0 120
996 1 123
997 9 118
998 1 130
999 6 125
1000 5 121
1001 6 130
1002 1 127
1003 1 121
1004 182 126
1005 171 127
1006 176 126
1007 180 120
1008 186 120
1009 178 126
1010 176 116
1011 173 122
1012 176 124
1013 177 130
1014 178 117
1015 177 116
1016 184 122
1017 182 128
1018 169 121
1019 176 121
1020 180 124
1021 180 120
1022 173 124
1023 172 120
1024 173 121
1025 175 119
1026 180 116
1027 181 125
1028 184 116
1029 179 126
1030 170 122
1031 172 119
1032 178 124
1033 177 129
1034 84 163
1035 85 166
1036 96 162
1037 93 163
1038 90 164
1039 81 150
1040 91 159
1041 86 157
1042 97 159
1043 98 159
1044 98 165
1045 85 157
1046 86 154
1047 93 157
1048 91 155
1049 94 152
1050 86 154
1051 83 167
1052 82 157
1053 90 152
1054 91 151
1055 97 159
1056 94 162
1057 92 154
1058 87 152
1059 81 152
1060 90 167
1061 83 163
1062 95 167
1063 86 157
1064 118 148
1065 126 135
1066 117 147
1067 125 141
1068 127 142
1069 128 138
1070 125 139
1071 119 135
1072 118 140
1073 126 139
1074 123 134
1075 122 147
1076 123 135
1077 121 140
1078 121 138
1079 117 132
1080 119 131
1081 121 134
1082 119 132
1083 126 143
1084 119 145
1085 130 147
1086 124 138
1087 124 145
1088 128 143
1089 116 143
1090 118 136
1091 128 132
1092 130 131
1093 128 132
1094 238 191
1095 237 199
1096 228 190
1097 232 191
1098 229 198
1099 232 196
1100 231 197
1101 230 191
1102 230 199
1103 224 201
1104 237 198
1105 227 198
1106 232 195
1107 226 188
1108 226 192
1109 236 188
1110 236 188
1111 229 192
1112 237 192
1113 226 200
1114 228 188
1115 231 203
1116 227 202
1117 226 200
1118 233 196
1119 235 196
1120 239 195
1121 229 198
1122 229 198
1123 224 202
1124 189 56
1125 198 59
1126 203 49
1127 193 57
1128 194 52
1129 197 46
1130 195 47
1131 189 50
1132 195 47
1133 199 48
1134 190 47
1135 196 55
1136 198 46
1137 191 46
1138 203 54
1139 189 53
1140 191 59
1141 193 53
1142 203 60
1143 194 48
1144 201 60
1145 193 46
1146 201 55
1147 193 57
1148 190 56
1149 195 60
1150 202 52
1151 192 53
1152 203 56
1153 202 50
1154 40 225
1155 40 229
1156 39 231
1157 45 235
1158 37 230
1159 40 233
1160 41 231
1161 32 239
1162 35 235
1163 39 225
1164 41 233
1165 34 238
1166 33 237
1167 36 228
1168 41 231
1169 32 228
1170 31 238
1171 45 230
1172 44 229
1173 43 230
1174 34 229
1175 38 227
1176 34 230
1177 38 238
1178 37 234
1179 43 229
1180 43 234
1181 43 239
1182 38 236
1183 37 226
1184 142 190
1185 143 191
1186 138 202
1187 134 199
1188 139 202
1189 140 195
1190 144 202
1191 136 200
1192 132 192
1193 144 201
1194 137 198
1195 138 199
1196 137 201
1197 140 200
1198 145 203
1199 136 199
1200 142 196
1201 134 203
1202 147 188
1203 141 189
1204 141 196
1205 139 199
1206 147 202
1207 137 203
1208 133 200
1209 145 192
1210 135 194
1211 143 194
1212 145 202
1213 147 201
1214 183 1
1215 170 7
1216 185 10
1217 176 7
1218 170 0
1219 183 4
1220 170 4
1221 185 4
1222 181 2
1223 173 5
1224 175 11
1225 179 1
1226 187 2
1227 181 3
1228 169 5
1229 171 8
1230 171 6
1231 175 8
1232 179 5
1233 181 4
1234 177 3
1235 180 10
1236 172 11
1237 187 2
1238 184 3
1239 176 4
1240 171 11
1241 173 3
1242 183 2
1243 189 196
1244 188 193
1245 201 197
1246 189 203
1247 195 196
1248 194 202
1249 202 194
1250 199 193
1251 201 194
1252 203 192
1253 201 200
1254 201 194
1255 192 195
1256 199 189
1257 202 198
1258 193 192
1259 198 197
1260 195 196
1261 195 190
1262 188 192
1263 56 8
1264 57 10
1265 52 6
1266 52 10
1267 52 5
1268 53 11
1269 47 5
1270 49 7
1271 49 1
1272 57 6
1273 53 7
1274 50 2
1275 47 2
1276 59 11
1277 51 9
1278 50 5
1279 54 3
1280 49 6
1281 55 4
1282 47 3
1283 48 6
1284 56 0
1285 54 0
1286 48 11
1287 51 2
1288 51 9
1289 54 0
1290 47 3
1291 57 3
1292 56 227
1293 52 226
1294 57 226
1295 57 227
1296 60 231
1297 55 237
1298 50 239
1299 51 238
1300 54 226
1301 59 239
1302 53 228
1303 50 235
1304 53 235
1305 53 230
1306 49 237
1307 55 229
1308 47 233
1309 58 238
1310 51 234
1311 56 231
1312 47 229
1313 60 225
1314 48 235
1315 57 236
1316 58 234
1317 50 232
1318 46 226
1319 54 232
1320 53 227
1321 47 233
1322 84 215
1323 89 211
1324 86 209
1325 91 204
1326 91 213
1327 82 213
1328 86 207
1329 85 204
1330 94 220
1331 83 206
1332 86 204
1333 91 206
1334 94 211
1335 95 208
1336 87 212
1337 95 220
1338 96 206
1339 81 212
1340 91 210
1341 90 206
1342 91 206
1343 92 222
1344 89 204
1345 94 213
1346 81 223
1347 98 210
1348 91 215
1349 86 204
1350 97 219
1351 88 208
1352 174 60
1353 170 54
1354 186 46
1355 183 51
1356 176 48
1357 176 54
1358 170 50
1359 174 60
1360 176 54
1361 182 55
1362 173 50
1363 177 60
1364 185 58
1365 169 58
1366 175 54
1367 186 59
1368 173 49
1369 174 52
1370 170 54
1371 176 51
1372 175 46
1373 180 57
1374 175 56
1375 181 52
1376 170 49
1377 187 48
1378 174 46
1379 173 50
1380 181 60
1381 175 48
1382 190 191
1383 194 201
1384 197 199
1385 201 199
1386 197 203
1387 202 194
1388 202 194
1389 200 194
1390 197 188
1391 201 191
1392 191 190
1393 191 201
1394 197 199
1395 199 195
1396 192 188
1397 191 193
1398 203 200
1399 121 48
1400 128 60
1401 122 46
1402 124 54
1403 116 52
1404 124 50
1405 121 58
1406 128 50
1407 120 54
1408 123 46
1409 129 49
1410 119 55
1411 120 51
1412 129 47
1413 124 48
1414 124 56
1415 121 58
1416 127 47
1417 118 55
1418 119 50
1419 129 57
1420 130 56
1421 130 50
1422 123 48
1423 127 48
1424 116 49
1425 128 56
1426 123 56
1427 129 59
1428 128 46
1429 141 160
1430 139 163
1431 142 155
1432 139 160
1433 135 149
1434 137 162
1435 146 165
1436 144 156
1437 137 159
1438 148 158
1439 136 157
1440 137 161
1441 136 168
1442 138 161
1443 148 153
1444 131 150
1445 136 166
1446 131 161
1447 146 162
1448 148 149
1449 142 168
1450 147 162
1451 137 160
1452 148 163
1453 139 157
1454 142 150
1455 147 162
1456 138 165
1457 135 154
1458 145 165
1459 181 31
1460 170 42
1461 173 38
1462 171 31
1463 177 41
1464 186 40
1465 187 34
1466 184 43
1467 186 34
1468 184 41
1469 169 41
1470 179 38
1471 173 38
1472 176 42
1473 175 45
1474 174 34
1475 183 41
1476 176 36
1477 170 31
1478 178 36
1479 178 34
1480 185 45
1481 169 35
1482 177 33
1483 171 37
1484 187 40
1485 186 39
1486 186 42
1487 178 37
1488 182 41
1489 157 69
1490 151 77
1491 157 79
1492 158 80
1493 164 67
1494 167 73
1495 159 70
1496 161 73
1497 160 64
1498 152 61
1499 168 74
1500 158 75
1501 166 67
1502 154 77
1503 151 70
1504 159 63
1505 153 80
1506 163 61
1507 156 69
1508 161 65
1509 158 67
1510 164 65
1511 161 63
1512 152 76
1513 154 61
1514 154 70
1515 155 71
1516 166 63
1517 152 77
1518 155 65
1519 135 121
1520 143 117
1521 135 116
1522 133 119
1523 139 128
1524 148 126
1525 145 125
1526 147 126
1527 144 130
1528 143 129
1529 135 117
1530 142 127
1531 143 117
1532 146 116
1533 133 125
1534 148 127
1535 133 118
1536 142 122
1537 134 117
1538 140 129
1539 144 129
1540 145 120
1541 133 126
1542 140 129
1543 137 126
1544 148 117
1545 132 129
1546 136 116
1547 140 130
1548 141 122
1549 39 170
1550 32 182
1551 37 175
1552 38 170
1553 44 182
1554 33 182
1555 45 186
1556 39 182
1557 37 179
1558 44 179
1559 42 181
1560 38 170
1561 39 178
1562 42 174
1563 37 186
1564 37 180
1565 33 176
1566 33 187
1567 45 175
1568 44 185
1569 34 172
1570 43 184
1571 37 176
1572 32 184
1573 43 173
1574 32 169
1575 44 178
1576 34 177
1577 43 172
1578 36 186
1579 7 86
1580 11 93
1581 6 95
1582 5 82
1583 2 95
1584 9 88
1585 5 87
1586 4 85
1587 3 85
1588 8 98
1589 0 83
1590 10 88
1591 4 90
1592 4 94
1593 4 87
1594 1 88
1595 1 87
1596 1 93
1597 8 98
1598 5 93
1599 7 85
1600 3 90
1601 3 82
1602 7 84
1603 4 87
1604 7 93
1605 5 91
1606 18 44
1607 20 32
1608 26 37
1609 17 44
1610 30 31
1611 21 32
1612 29 40
1613 14 41
1614 13 31
1615 17 39
1616 12 36
1617 30 32
1618 20 35
1619 13 45
1620 26 41
1621 21 35
1622 22 33
1623 27 34
1624 13 36
1625 26 42
1626 17 45
1627 23 38
1628 14 42
1629 20 41
1630 14 43
1631 23 34
1632 26 34
1633 23 41
1634 25 45
1635 27 45
1636 51 59
1637 48 54
1638 50 51
1639 56 60
1640 48 53
1641 54 50
1642 57 51
1643 55 53
1644 51 47
1645 52 47
1646 46 47
1647 54 52
1648 54 50
1649 57 48
1650 50 46
1651 58 48
1652 58 48
1653 57 53
1654 199 126
1655 190 125
1656 200 123
1657 189 116
1658 198 123
1659 198 122
1660 200 121
1661 196 126
1662 194 125
1663 197 122
1664 194 126
1665 192 128
1666 199 129
1667 193 127
1668 198 119
1669 203 119
1670 198 121
1671 195 119
1672 196 119
1673 199 128
1674 200 124
1675 194 124
1676 193 117
1677 191 123
1678 190 118
1679 200 116
1680 192 129
1681 194 124
1682 191 119
1683 199 117
1684 61 184
1685 63 184
1686 78 177
1687 69 170
1688 64 180
1689 71 176
1690 79 179
1691 72 171
1692 79 185
1693 64 169
1694 68 169
1695 76 174
1696 76 178
1697 69 187
1698 67 170
1699 80 179
1700 75 185
1701 76 175
1702 63 181
1703 71 181
1704 65 184
1705 64 186
1706 66 183
1707 75 182
1708 70 175
1709 77 171
1710 75 177
1711 64 186
1712 77 174
1713 69 174
1714 63 173
1715 78 169
1716 64 177
1717 74 185
1718 69 173
1719 63 180
1720 64 185
1721 71 184
1722 76 169
1723 64 171
1724 64 182
1725 65 179
1726 65 182
1727 76 179
1728 65 171
1729 70 180
1730 76 181
1731 68 177
1732 73 172
1733 72 179
1734 79 176
1735 66 183
1736 75 182
1737 66 176
1738 77 170
1739 62 183
1740 76 182
1741 77 181
1742 78 187
1743 61 183
1744 108 36
1745 115 37
1746 110 37
1747 101 43
1748 100 44
1749 105 31
1750 101 37
1751 106 34
1752 102 39
1753 100 41
1754 101 38
1755 115 41
1756 113 35
1757 106 42
1758 111 39
1759 112 44
1760 109 35
1761 103 32
1762 103 39
1763 103 44
1764 115 32
1765 101 41
1766 105 34
1767 112 36
1768 112 45
1769 114 35
1770 104 38
1771 110 33
1772 111 33
1773 106 44
1774 156 184
1775 151 175
1776 168 176
1777 149 184
1778 155 182
1779 154 186
1780 152 176
1781 158 177
1782 165 177
1783 150 176
1784 153 171
1785 151 182
1786 165 183
1787 159 176
1788 150 179
1789 163 171
1790 165 179
1791 158 182
1792 153 172
1793 159 172
1794 157 179
1795 150 179
1796 153 177
1797 163 180
1798 157 172
1799 153 186
1800 168 181
1801 164 169
1802 167 176
1803 159 187
1804 191 120
1805 197 122
1806 202 117
1807 192 123
1808 196 128
1809 201 119
1810 192 118
1811 190 127
1812 188 128
1813 188 121
1814 200 117
1815 201 129
1816 200 116
1817 200 124
1818 199 119
1819 202 129
1820 198 116
1821 192 128
1822 194 119
1823 198 118
1824 188 123
1825 193 118
1826 196 116
1827 188 119
1828 198 124
1829 190 123
1830 195 126
1831 195 116
1832 202 122
1833 196 125
1834 138 223
1835 147 207
1836 141 209
1837 147 218
1838 137 211
1839 140 206
1840 135 220
1841 133 221
1842 143 218
1843 137 219
1844 144 215
1845 133 209
1846 134 218
1847 137 220
1848 145 222
1849 144 218
1850 148 209
1851 144 220
1852 134 206
1853 140 215
1854 139 213
1855 148 205
1856 138 205
1857 134 218
1858 143 213
1859 138 208
1860 145 213
1861 131 205
1862 131 212
1863 135 207
1864 217 36
1865 215 37
1866 218 34
1867 206 38
1868 205 41
1869 209 41
1870 210 39
1871 215 44
1872 213 40
1873 221 34
1874 209 42
1875 221 32
1876 215 44
1877 209 42
1878 217 31
1879 206 42
1880 221 33
1881 216 43
1882 204 39
1883 208 38
1884 206 45
1885 212 34
1886 215 44
1887 204 31
1888 223 33
1889 218 38
1890 208 32
1891 204 40
1892 223 42
1893 216 38
1894 105 3
1895 108 9
1896 111 4
1897 100 5
1898 107 6
1899 112 1
1900 108 6
1901 113 11
1902 105 7
1903 103 5
1904 115 0
1905 106 4
1906 110 3
1907 111 2
1908 114 8
1909 110 4
1910 110 1
1911 115 7
1912 103 11
1913 105 11
1914 100 6
1915 111 2
1916 99 1
1917 110 4
1918 113 5
1919 103 4
1920 108 1
1921 103 5
1922 104 2
1923 87 46
1924 89 56
1925 91 49
1926 90 60
1927 94 57
1928 85 50
1929 91 51
1930 95 55
1931 85 60
1932 90 55
1933 85 59
1934 83 55
1935 84 58
1936 96 51
1937 87 52
1938 85 60
1939 92 55
1940 89 56
1941 83 53
1942 90 54
1943 92 55
1944 96 59
1945 94 52
1946 81 56
1947 95 46
1948 84 46
1949 93 60
1950 97 48
1951 94 54
1952 94 52
1953 49 33
1954 60 44
1955 46 43
1956 50 38
1957 52 41
1958 49 37
1959 58 34
1960 53 36
1961 58 40
1962 58 36
1963 49 32
1964 58 43
1965 57 35
1966 60 39
1967 56 45
1968 51 40
1969 60 44
1970 55 44
1971 49 31
1972 55 34
1973 50 42
1974 46 36
1975 47 45
1976 54 31
1977 54 34
1978 48 39
1979 49 33
1980 50 31
1981 56 33
1982 51 41
1983 20 139
1984 29 141
1985 17 141
1986 17 137
1987 13 131
1988 22 142
1989 15 134
1990 19 137
1991 17 132
1992 22 131
1993 28 143
1994 20 137
1995 12 138
1996 14 147
1997 12 139
1998 28 131
1999 20 140
2000 27 133
2001 23 139
2002 22 140
2003 27 140
2004 13 134
2005 23 145
2006 13 134
2007 14 142
2008 19 139
2009 15 142
2010 29 142
2011 25 144
2012 16 133
2013 28 177
2014 23 175
2015 23 173
2016 25 171
2017 16 170
2018 24 184
2019 29 182
2020 19 183
2021 18 169
2022 13 175
2023 22 172
2024 20 179
2025 16 174
2026 12 175
2027 18 177
2028 23 178
2029 21 175
2030 28 173
2031 21 177
2032 15 170
2033 26 179
2034 13 172
2035 19 182
2036 20 186
2037 12 182
2038 29 178
2039 17 169
2040 25 170
2041 28 180
2042 22 180
2043 194 102
2044 200 103
2045 191 114
2046 199 115
2047 193 104
2048 189 105
2049 189 114
2050 202 111
2051 191 114
2052 192 106
2053 203 105
2054 198 102
2055 188 100
2056 191 110
2057 198 112
2058 196 108
2059 198 109
2060 194 110
2061 195 106
2062 194 104
2063 203 111
2064 189 106
2065 195 110
2066 191 99
2067 203 103
2068 201 112
2069 190 101
2070 203 103
2071 193 112
2072 199 106
2073 141 220
2074 134 223
2075 132 206
2076 134 221
2077 142 205
2078 146 217
2079 132 209
2080 138 205
2081 142 217
2082 143 215
2083 137 216
2084 132 219
2085 140 205
2086 133 215
2087 145 215
2088 134 207
2089 131 210
2090 140 204
2091 135 216
2092 136 212
2093 137 219
2094 138 215
2095 137 204
2096 145 211
2097 144 221
2098 135 214
2099 148 205
2100 132 210
2101 135 211
2102 139 218
2103 39 7
2104 36 7
2105 32 4
2106 44 10
2107 35 3
2108 41 6
2109 45 1
2110 39 0
2111 36 9
2112 44 1
2113 42 9
2114 44 5
2115 36 10
2116 44 5
2117 42 1
2118 38 9
2119 33 1
2120 36 7
2121 39 11
2122 39 10
2123 44 9
2124 43 11
2125 40 1
2126 33 6
2127 38 8
2128 34 11
2129 45 3
2130 2 24
2131 8 17
2132 4 28
2133 11 22
2134 8 30
2135 3 28
2136 2 27
2137 5 28
2138 7 26
2139 7 18
2140 0 21
2141 0 24
2142 9 12
2143 4 26
2144 11 21
2145 7 26
2146 6 28
2147 1 29
2148 1 19
2149 9 12
2150 0 15
2151 1 25
2152 10 18
2153 3 24
2154 5 14
2155 5 15
2156 2 14
2157 1 26
2158 143 178
2159 131 173
2160 142 177
2161 141 173
2162 146 184
2163 141 175
2164 138 179
2165 144 185
2166 144 181
2167 131 177
2168 144 172
2169 141 171
2170 136 183
2171 144 180
2172 131 178
2173 148 187
2174 138 174
2175 136 172
2176 132 171
2177 148 181
2178 134 176
2179 134 173
2180 132 180
2181 143 185
2182 138 179
2183 146 182
2184 132 178
2185 136 174
2186 138 185
2187 143 170
2188 177 110
2189 171 103
2190 169 103
2191 185 105
2192 183 111
2193 186 102
2194 185 105
2195 184 110
2196 179 107
2197 173 110
2198 171 101
2199 187 113
2200 184 114
2201 175 109
2202 170 111
2203 173 105
2204 178 113
2205 183 105
2206 178 103
2207 173 115
2208 180 109
2209 171 112
2210 184 108
2211 181 99
2212 170 114
2213 176 106
2214 177 115
2215 171 100
2216 183 114
2217 177 101
2218 131 133
2219 132 144
2220 141 139
2221 132 137
2222 141 148
2223 143 136
2224 147 138
2225 141 140
2226 133 132
2227 131 132
2228 147 141
2229 135 142
2230 140 143
2231 134 146
2232 145 133
2233 135 147
2234 134 132
2235 143 137
2236 210 37
2237 213 32
2238 220 39
2239 214 31
2240 213 38
2241 222 45
2242 222 44
2243 208 45
2244 210 42
2245 210 43
2246 219 31
2247 210 37
2248 221 37
2249 220 33
2250 208 45
2251 208 32
2252 208 32
2253 208 38
2254 218 44
2255 215 31
2256 213 33
2257 218 34
2258 217 42
2259 217 35
2260 215 41
2261 220 37
2262 222 41
2263 218 43
2264 218 44
2265 208 33
2266 107 171
2267 99 184
2268 106 183
2269 105 182
2270 102 176
2271 103 171
2272 103 187
2273 109 186
2274 102 179
2275 99 171
2276 111 174
2277 108 171
2278 111 184
2279 103 181
2280 109 181
2281 114 184
2282 112 181
2283 115 173
2284 114 176
2285 109 177
2286 113 180
2287 113 180
2288 109 176
2289 103 169
2290 107 169
2291 100 175
2292 103 174
2293 115 185
2294 114 187
2295 109 174
2296 158 58
2297 154 57
2298 160 59
2299 161 50
2300 160 57
2301 168 59
2302 154 51
2303 167 53
2304 155 58
2305 156 54
2306 159 53
2307 168 57
2308 154 51
2309 166 50
2310 160 51
2311 156 51
2312 155 49
2313 161 47
2314 156 52
2315 151 54
2316 156 57
2317 163 50
2318 154 58
2319 167 48
2320 160 57
2321 159 54
2322 165 59
2323 150 55
2324 167 49
2325 163 54
2326 54 198
2327 48 198
2328 53 197
2329 58 193
2330 58 201
2331 54 201
2332 58 191
2333 52 189
2334 48 194
2335 60 188
2336 46 201
2337 49 195
2338 54 202
2339 51 200
2340 60 191
2341 48 202
2342 56 203
2343 59 194
2344 57 189
2345 46 197
2346 55 197
2347 55 198
2348 49 193
2349 57 188
2350 48 203
2351 49 196
2352 54 194
2353 57 199
2354 58 201
2355 52 195
2356 136 228
2357 133 231
2358 135 234
2359 142 231
2360 146 232
2361 138 233
2362 142 238
2363 145 231
2364 139 230
2365 134 236
2366 132 237
2367 138 225
2368 135 225
2369 143 228
2370 139 224
2371 137 226
2372 134 235
2373 139 237
2374 142 231
2375 141 232
2376 143 224
2377 141 237
2378 136 233
2379 148 232
2380 143 238
2381 142 227
2382 134 227
2383 148 230
2384 136 227
2385 143 230
2386 198 189
2387 190 195
2388 188 191
2389 190 198
2390 201 198
2391 197 194
2392 196 195
2393 201 199
2394 197 203
2395 203 199
2396 191 202
2397 201 190
2398 188 200
2399 198 200
2400 196 195
2401 195 200
2402 196 198
2403 188 197
2404 189 197
2405 191 190
2406 199 198
2407 188 197
2408 28 55
2409 21 57
2410 30 58
2411 20 58
2412 25 56
2413 16 55
2414 17 50
2415 13 49
2416 25 47
2417 15 57
2418 26 57
2419 25 49
2420 30 53
2421 27 55
2422 14 52
2423 16 53
2424 12 54
2425 27 55
2426 28 60
2427 21 58
2428 21 47
2429 26 47
2430 28 58
2431 26 59
2432 24 56
2433 13 50
2434 28 56
2435 19 52
2436 29 53
2437 29 56
2438 61 135
2439 64 140
2440 62 147
2441 65 136
2442 70 134
2443 69 134
2444 68 148
2445 75 131
2446 66 138
2447 79 143
2448 76 148
2449 67 147
2450 69 147
2451 79 135
2452 61 135
2453 68 133
2454 77 141
2455 75 142
2456 73 144
2457 79 134
2458 74 134
2459 67 132
2460 73 136
2461 74 138
2462 64 148
2463 67 141
2464 68 138
2465 73 133
2466 64 131
2467 71 138
2468 154 122
2469 149 124
2470 164 129
2471 157 126
2472 156 124
2473 149 128
2474 149 117
2475 152 120
2476 167 129
2477 151 128
2478 158 117
2479 157 127
2480 160 124
2481 156 126
2482 149 122
2483 155 120
2484 162 122
2485 168 129
2486 164 126
2487 158 118
2488 161 120
2489 165 118
2490 154 119
2491 161 121
2492 164 130
2493 152 126
2494 154 125
2495 164 130
2496 149 129
2497 149 130
2498 71 169
2499 80 181
2500 62 171
2501 69 179
2502 79 179
2503 77 186
2504 73 181
2505 79 176
2506 64 174
2507 75 184
2508 64 187
2509 70 174
2510 75 180
2511 79 183
2512 65 169
2513 69 176
2514 75 187
2515 73 187
2516 76 187
2517 64 169
2518 80 171
2519 75 176
2520 75 175
2521 73 187
2522 75 173
2523 71 172
2524 74 172
2525 68 183
2526 64 176
2527 76 172
2528 4 182
2529 8 184
2530 3 183
2531 1 176
2532 4 181
2533 4 184
2534 3 172
2535 5 175
2536 9 170
2537 4 187
2538 6 170
2539 7 174
2540 8 177
2541 0 185
2542 0 177
2543 7 176
2544 0 171
2545 4 187
2546 5 186
2547 5 187
2548 0 184
2549 9 187
2550 7 172
2551 8 171
2552 6 180
2553 0 178
2554 5 180
2555 8 172
2556 1 170
2557 3 51
2558 7 57
2559 9 54
2560 10 57
2561 9 47
2562 9 51
2563 9 58
2564 2 47
2565 0 59
2566 5 48
2567 7 58
2568 4 57
2569 3 48
2570 10 46
2571 2 51
2572 8 46
2573 5 48
2574 2 50
2575 11 57
2576 2 49
2577 4 49
2578 2 54
2579 3 51
2580 3 48
2581 9 49
2582 2 49
2583 2 50
2584 84 194
2585 86 198
2586 87 190
2587 97 198
2588 89 190
2589 90 192
2590 92 198
2591 88 188
2592 90 188
2593 89 195
2594 98 189
2595 98 191
2596 98 203
2597 84 192
2598 88 196
2599 94 202
2600 92 189
2601 96 202
2602 88 189
2603 88 201
2604 96 190
2605 81 190
2606 98 195
2607 97 203
2608 98 198
2609 97 192
2610 90 196
2611 83 203
2612 84 202
2613 90 195
2614 49 234
2615 59 226
2616 47 235
2617 52 235
2618 49 229
2619 58 231
2620 58 237
2621 54 235
2622 48 227
2623 46 237
2624 55 227
2625 48 224
2626 59 229
2627 53 238
2628 56 235
2629 47 231
2630 60 239
2631 48 231
2632 59 236
2633 47 226
2634 51 225
2635 50 230
2636 58 230
2637 55 226
2638 54 232
2639 53 227
2640 47 226
2641 51 233
2642 59 239
2643 58 224
2644 120 121
2645 120 128
2646 128 118
2647 125 130
2648 122 117
2649 116 121
2650 119 116
2651 120 124
2652 130 118
2653 119 122
2654 129 119
2655 126 125
2656 124 125
2657 116 124
2658 119 121
2659 129 127
2660 124 120
2661 128 120
2662 124 122
2663 130 118
2664 125 121
2665 118 123
2666 130 127
2667 24 151
2668 12 154
2669 19 163
2670 26 152
2671 24 167
2672 15 154
2673 30 151
2674 24 154
2675 17 155
2676 16 166
2677 17 153
2678 29 152
2679 16 156
2680 24 154
2681 24 164
2682 12 156
2683 21 163
2684 19 154
2685 15 152
2686 14 152
2687 29 165
2688 29 168
2689 29 164
2690 17 164
2691 13 159
2692 24 165
2693 21 151
2694 12 157
2695 26 153
2696 24 154
2697 194 79
2698 188 78
2699 192 75
2700 196 72
2701 191 76
2702 192 76
2703 188 72
2704 189 62
2705 200 74
2706 203 72
2707 197 61
2708 199 61
2709 200 72
2710 188 64
2711 197 68
2712 198 70
2713 202 62
2714 193 62
2715 197 74
2716 200 70
2717 194 76
2718 200 72
2719 201 64
2720 200 74
2721 194 65
2722 190 79
2723 194 63
2724 203 71
2725 198 79
2726 189 74
2727 6 171
2728 4 170
2729 10 186
2730 7 183
2731 10 177
2732 10 181
2733 11 175
2734 0 175
2735 0 175
2736 0 176
2737 3 173
2738 11 174
2739 0 180
2740 10 171
2741 3 177
2742 4 171
2743 8 178
2744 0 183
2745 9 177
2746 3 173
2747 11 179
2748 5 176
2749 8 185
2750 6 174
2751 4 181
2752 7 173
2753 6 170
2754 1 170
2755 145 237
2756 134 238
2757 148 224
2758 138 237
2759 135 229
2760 145 229
2761 141 236
2762 134 233
2763 142 234
2764 137 235
2765 143 234
2766 137 224
2767 138 232
2768 143 236
2769 143 234
2770 131 232
2771 146 236
2772 135 232
2773 135 237
2774 143 239
2775 133 226
2776 131 232
2777 134 236
2778 147 235
2779 144 231
2780 134 227
2781 132 234
2782 132 236
2783 139 230
2784 143 229
2785 148 19
2786 137 12
2787 135 17
2788 134 24
2789 139 27
2790 144 16
2791 146 25
2792 134 14
2793 141 26
2794 137 28
2795 141 16
2796 133 18
2797 132 14
2798 139 15
2799 147 26
2800 141 19
2801 143 25
2802 131 15
2803 137 12
2804 133 18
2805 132 29
2806 148 18
2807 139 24
2808 141 25
2809 135 29
2810 147 21
2811 133 15
2812 142 18
2813 148 13
2814 145 15
2815 82 208
2816 88 212
2817 82 222
2818 93 218
2819 97 215
2820 89 207
2821 95 223
2822 91 221
2823 90 204
2824 95 211
2825 91 221
2826 83 206
2827 95 219
2828 89 215
2829 93 223
2830 96 206
2831 96 209
2832 91 215
2833 89 204
2834 97 205
2835 91 209
2836 98 212
2837 95 217
2838 88 209
2839 81 217
2840 86 213
2841 95 205
2842 98 211
2843 91 212
2844 87 219
2845 61 107
2846 62 106
2847 77 112
2848 80 115
2849 68 107
2850 71 108
2851 72 109
2852 76 112
2853 63 105
2854 64 111
2855 61 107
2856 66 109
2857 70 106
2858 62 104
2859 63 111
2860 78 100
2861 74 101
2862 79 100
2863 63 100
2864 74 100
2865 76 104
2866 69 101
2867 70 112
2868 79 113
2869 69 112
2870 80 106
2871 70 103
2872 69 101
2873 73 109
2874 68 110
2875 123 2
2876 129 9
2877 124 8
2878 125 8
2879 127 6
2880 120 4
2881 125 9
2882 118 11
2883 130 8
2884 124 9
2885 119 0
2886 122 9
2887 125 2
2888 121 6
2889 121 1
2890 127 9
2891 118 9
2892 124 2
2893 124 9
2894 118 8
2895 128 6
2896 120 7
2897 117 8
2898 125 9
2899 129 3
2900 121 2
