260 282 10 2909
0 7
1 6
2 9
3 9
4 5
5 8
6 8
7 10
8 6
9 9
10 8
11 7
12 5
13 4
14 3
15 3
16 3
17 4
18 5
19 3
20 3
21 4
22 4
23 5
24 3
25 4
26 5
27 3
28 3
29 3
30 5
31 3
32 3
33 3
34 3
35 4
36 4
37 3
38 3
39 3
40 4
41 3
42 3
43 3
44 3
45 6
46 3
47 3
48 3
49 3
50 6
51 5
52 4
53 4
54 3
55 4
56 4
57 3
58 3
59 4
60 3
61 3
62 3
63 3
64 3
65 4
66 3
67 3
68 3
69 3
70 4
71 3
72 3
73 3
74 4
75 4
76 3
77 3
78 3
79 3
80 4
81 3
82 3
83 4
84 4
85 6
86 4
87 3
88 3
89 3
90 3
91 3
92 3
93 4
94 5
95 3
96 3
97 3
98 3
99 3
100 3
101 3
102 3
103 3
104 4
105 5
106 3
107 6
108 3
109 4
110 3
111 3
112 3
113 3
114 3
115 3
116 3
117 3
118 4
119 3
120 3
121 3
122 6
123 3
124 4
125 3
126 3
127 3
128 3
129 3
130 3
131 3
132 3
133 4
134 3
135 3
136 3
137 3
138 4
139 3
140 3
141 3
142 3
143 4
144 6
145 3
146 3
147 3
148 3
149 3
150 4
151 3
152 3
153 3
154 3
155 3
156 6
157 3
158 3
159 3
160 4
161 5
162 3
163 3
164 3
165 3
166 3
167 3
168 3
169 5
170 3
171 3
172 4
173 3
174 3
175 5
176 5
177 3
178 3
179 3
180 3
181 3
182 3
183 3
184 3
185 3
186 3
187 3
188 3
189 3
190 3
191 3
192 5
193 4
194 5
195 3
196 3
197 5
198 3
199 4
200 4
201 3
202 3
203 3
204 3
205 3
206 3
207 3
208 3
209 5
210 4
211 3
212 5
213 3
214 3
215 5
216 3
217 3
218 3
219 3
220 3
221 5
222 3
223 3
224 3
225 3
226 3
227 3
228 3
229 3
230 3
231 3
232 7
233 3
234 3
235 4
236 3
237 4
238 3
239 3
240 3
241 5
242 3
243 3
244 3
245 3
246 4
247 3
248 3
249 6
250 3
251 4
252 3
253 3
254 5
255 3
256 3
257 3
258 4
259 3
0 0 2
1 0 3
2 0 5
3 0 6
4 0 7
5 0 212
6 1 2
7 1 4
8 1 6
9 1 11
10 1 69
11 2 3
12 2 6
13 2 7
14 2 8
15 2 9
16 2 32
17 2 85
18 3 4
19 3 7
20 3 11
21 3 194
22 3 245
23 4 6
24 4 7
25 4 10
26 5 6
27 5 7
28 5 9
29 5 10
30 5 11
31 5 174
32 6 8
33 6 9
34 6 10
35 7 8
36 7 10
37 7 158
38 8 9
39 8 11
40 8 51
41 9 11
42 9 105
43 9 122
44 9 139
45 9 227
46 10 11
47 10 12
48 12 17
49 12 29
50 12 16
51 13 24
52 13 21
53 14 25
54 15 26
55 16 23
56 17 20
57 18 26
58 18 28
59 18 29
60 19 26
61 20 27
62 21 22
63 22 30
64 23 30
65 23 31
66 25 30
67 32 43
68 33 36
69 34 49
70 34 50
71 35 47
72 35 50
73 36 38
74 36 40
75 37 50
76 39 45
77 40 49
78 41 45
79 42 48
80 42 45
81 43 46
82 44 46
83 44 50
84 45 49
85 51 64
86 51 56
87 52 57
88 52 68
89 53 60
90 53 56
91 54 55
92 55 63
93 56 59
94 57 67
95 58 65
96 59 63
97 59 65
98 60 61
99 62 65
100 65 68
101 66 68
102 69 79
103 69 81
104 70 83
105 70 84
106 71 79
107 72 77
108 72 78
109 73 75
110 74 76
111 74 83
112 75 77
113 78 84
114 80 81
115 80 83
116 82 84
117 85 88
118 85 99
119 85 86
120 85 104
121 86 101
122 86 90
123 87 96
124 89 102
125 89 100
126 90 94
127 91 93
128 91 95
129 92 93
130 94 97
131 94 100
132 95 103
133 95 104
134 96 100
135 98 101
136 105 113
137 105 114
138 106 118
139 106 120
140 107 109
141 107 115
142 107 120
143 107 110
144 108 109
145 110 111
146 111 112
147 112 117
148 114 118
149 116 119
150 117 121
151 119 121
152 122 133
153 122 132
154 122 130
155 123 133
156 124 135
157 124 129
158 125 128
159 125 137
160 126 138
161 127 131
162 127 136
163 129 137
164 130 137
165 130 138
166 131 134
167 132 136
168 139 146
169 139 144
170 140 147
171 141 145
172 142 155
173 143 148
174 143 144
175 143 156
176 144 147
177 144 155
178 145 153
179 149 151
180 149 156
181 150 152
182 150 156
183 153 157
184 154 156
185 154 157
186 158 170
187 158 172
188 159 164
189 160 162
190 160 167
191 160 173
192 161 163
193 161 166
194 161 167
195 164 168
196 164 167
197 165 169
198 168 169
199 169 171
200 169 172
201 174 180
202 174 175
203 175 179
204 175 190
205 176 184
206 176 189
207 176 178
208 177 191
209 178 193
210 180 182
211 181 188
212 181 192
213 183 192
214 185 191
215 185 187
216 186 192
217 187 193
218 189 192
219 190 192
220 194 210
221 194 206
222 195 206
223 195 209
224 196 200
225 197 207
226 197 209
227 197 211
228 198 208
229 198 199
230 199 200
231 199 202
232 199 206
233 201 210
234 203 208
235 204 209
236 205 209
237 212 223
238 212 219
239 212 214
240 213 221
241 213 226
242 214 221
243 215 222
244 215 225
245 215 221
246 216 223
247 217 222
248 218 224
249 219 224
250 220 226
251 227 232
252 228 240
253 228 235
254 229 241
255 229 237
256 230 234
257 230 244
258 231 241
259 232 239
260 232 235
261 232 238
262 232 241
263 233 242
264 236 239
265 237 243
266 237 244
267 238 242
268 245 249
269 246 257
270 246 254
271 247 248
272 247 255
273 249 252
274 249 253
275 249 254
276 250 251
277 251 256
278 251 253
279 254 259
280 255 258
281 258 259
0 39 127
1 48 135
2 32 122
3 38 130
4 32 134
5 43 128
6 50 137
7 37 125
8 50 133
9 48 123
10 34 126
11 44 125
12 42 125
13 37 126
14 33 134
15 45 132
16 38 128
17 42 134
18 46 132
19 32 122
20 44 124
21 46 132
22 47 131
23 33 133
24 48 137
25 33 133
26 41 122
27 47 128
28 50 122
29 32 136
30 52 64
31 62 61
32 62 53
33 56 67
34 65 64
35 65 53
36 65 54
37 67 65
38 62 60
39 60 58
40 67 68
41 64 55
42 67 54
43 66 63
44 57 56
45 60 59
46 55 52
47 55 60
48 58 64
49 98 172
50 86 170
51 93 160
52 96 170
53 94 166
54 96 159
55 99 168
56 100 173
57 85 172
58 89 167
59 102 164
60 94 169
61 91 166
62 93 158
63 89 173
64 87 172
65 104 165
66 85 163
67 85 173
68 96 163
69 88 161
70 89 159
71 100 158
72 102 165
73 90 161
74 97 170
75 96 159
76 88 166
77 102 158
78 92 173
79 43 4
80 49 1
81 48 1
82 42 11
83 45 3
84 35 0
85 50 0
86 36 10
87 33 5
88 39 9
89 46 5
90 47 1
91 44 2
92 49 11
93 44 1
94 47 4
95 39 7
96 50 0
97 41 11
98 34 1
99 49 9
100 40 2
101 35 4
102 44 1
103 46 4
104 44 5
105 33 2
106 36 1
107 6 132
108 0 131
109 3 123
110 1 123
111 10 122
112 4 125
113 2 126
114 2 138
115 11 137
116 8 133
117 4 129
118 2 129
119 0 135
120 9 136
121 6 126
122 2 123
123 4 133
124 10 128
125 9 125
126 7 132
127 4 130
128 9 134
129 8 136
130 11 128
131 7 138
132 2 134
133 6 138
134 8 124
135 9 138
136 4 129
137 175 165
138 187 171
139 187 170
140 189 165
141 182 173
142 191 161
143 182 168
144 191 171
145 175 166
146 180 172
147 179 162
148 187 172
149 178 166
150 185 164
151 190 164
152 177 166
153 186 172
154 179 166
155 192 160
156 183 159
157 190 170
158 193 159
159 193 169
160 184 159
161 175 172
162 179 161
163 174 173
164 176 173
165 180 165
166 180 158
167 205 48
168 199 47
169 194 50
170 210 47
171 202 38
172 208 37
173 206 47
174 196 46
175 195 49
176 209 44
177 202 48
178 198 50
179 209 35
180 202 50
181 201 48
182 201 33
183 210 46
184 201 35
185 197 34
186 200 47
187 201 39
188 207 36
189 199 41
190 202 34
191 198 48
192 198 44
193 206 32
194 200 47
195 206 44
196 195 34
197 54 141
198 52 156
199 52 154
200 57 148
201 68 147
202 54 145
203 58 142
204 58 151
205 60 139
206 68 156
207 56 147
208 67 149
209 60 143
210 57 139
211 53 143
212 65 143
213 64 143
214 56 146
215 60 153
216 68 152
217 66 145
218 57 146
219 51 147
220 65 157
221 51 151
222 59 145
223 66 148
224 65 139
225 56 152
226 53 155
227 83 27
228 70 21
229 78 13
230 75 25
231 82 29
232 77 31
233 71 24
234 76 22
235 77 26
236 73 17
237 76 12
238 76 28
239 76 12
240 75 31
241 72 19
242 79 27
243 81 12
244 69 12
245 82 21
246 69 18
247 82 15
248 73 22
249 79 19
250 74 14
251 84 25
252 77 18
253 71 13
254 74 27
255 84 29
256 69 31
257 205 3
258 200 4
259 211 1
260 208 10
261 211 4
262 211 1
263 211 11
264 201 10
265 195 1
266 198 7
267 205 0
268 208 11
269 194 6
270 195 1
271 209 6
272 196 1
273 207 1
274 196 0
275 211 8
276 210 6
277 205 6
278 204 2
279 198 8
280 209 10
281 207 6
282 203 6
283 207 7
284 195 4
285 15 25
286 29 14
287 27 12
288 23 29
289 26 21
290 13 20
291 15 25
292 17 19
293 24 15
294 27 31
295 23 13
296 13 31
297 28 16
298 21 26
299 21 26
300 18 17
301 29 15
302 31 29
303 28 14
304 19 28
305 21 23
306 28 17
307 24 18
308 15 30
309 26 24
310 94 250
311 97 249
312 92 255
313 94 258
314 88 253
315 104 257
316 85 258
317 88 247
318 89 258
319 95 247
320 94 253
321 99 247
322 100 257
323 97 250
324 101 259
325 94 256
326 104 249
327 103 253
328 89 256
329 102 248
330 85 246
331 101 245
332 96 253
333 86 252
334 98 247
335 98 251
336 94 257
337 97 256
338 99 250
339 86 247
340 32 37
341 49 44
342 48 32
343 46 36
344 38 47
345 45 44
346 45 44
347 41 38
348 34 32
349 34 36
350 46 41
351 48 36
352 34 46
353 33 35
354 41 47
355 38 44
356 37 41
357 32 37
358 32 48
359 46 35
360 46 42
361 197 42
362 206 38
363 211 47
364 203 35
365 207 50
366 204 39
367 205 50
368 208 49
369 208 44
370 194 34
371 201 44
372 210 50
373 211 47
374 194 41
375 195 35
376 199 34
377 202 41
378 211 39
379 194 33
380 201 35
381 208 42
382 210 34
383 198 33
384 197 40
385 205 42
386 207 46
387 207 46
388 206 48
389 209 33
390 197 38
391 45 66
392 35 61
393 47 68
394 37 67
395 46 62
396 50 60
397 33 61
398 34 53
399 42 58
400 48 53
401 39 68
402 35 58
403 47 65
404 44 53
405 40 60
406 47 67
407 46 58
408 46 56
409 41 56
410 35 65
411 37 58
412 35 63
413 43 66
414 38 57
415 48 68
416 38 57
417 34 57
418 41 60
419 41 63
420 36 60
421 44 157
422 35 152
423 42 148
424 42 145
425 41 143
426 39 155
427 44 147
428 35 151
429 42 152
430 46 141
431 41 153
432 37 148
433 42 140
434 35 150
435 46 141
436 35 148
437 49 145
438 43 157
439 38 152
440 37 149
441 40 141
442 44 150
443 36 145
444 45 146
445 50 148
446 46 147
447 41 147
448 35 149
449 35 147
450 43 154
451 120 134
452 106 123
453 105 133
454 121 131
455 115 128
456 113 138
457 106 134
458 120 129
459 121 136
460 111 130
461 114 128
462 115 137
463 107 122
464 108 129
465 120 130
466 116 124
467 117 122
468 116 127
469 118 131
470 120 126
471 117 123
472 113 125
473 112 134
474 112 132
475 106 125
476 115 125
477 121 131
478 109 123
479 121 128
480 111 128
481 193 100
482 182 103
483 179 103
484 179 92
485 181 95
486 176 95
487 189 104
488 183 94
489 186 104
490 181 90
491 187 98
492 193 103
493 186 95
494 174 95
495 187 85
496 180 97
497 181 94
498 182 89
499 188 85
500 184 87
501 187 98
502 182 94
503 184 87
504 179 90
505 187 87
506 176 104
507 185 86
508 175 93
509 180 91
510 188 89
511 39 0
512 44 1
513 33 7
514 41 6
515 42 1
516 49 1
517 36 5
518 50 7
519 35 2
520 39 8
521 47 8
522 38 9
523 45 11
524 47 5
525 48 9
526 37 1
527 49 2
528 46 8
529 35 2
530 36 3
531 39 7
532 36 3
533 32 4
534 36 9
535 46 10
536 40 0
537 46 3
538 35 11
539 211 139
540 211 151
541 206 155
542 210 157
543 197 153
544 195 147
545 198 142
546 198 156
547 205 144
548 194 150
549 198 146
550 196 148
551 202 143
552 205 147
553 200 139
554 198 151
555 209 148
556 207 149
557 204 150
558 197 143
559 200 153
560 196 146
561 205 141
562 206 145
563 195 157
564 199 152
565 197 156
566 196 145
567 210 151
568 198 146
569 26 237
570 13 238
571 25 237
572 23 232
573 26 227
574 31 228
575 31 229
576 28 235
577 29 228
578 24 233
579 21 238
580 30 243
581 14 242
582 21 244
583 29 229
584 18 240
585 15 238
586 23 233
587 17 230
588 17 231
589 27 229
590 30 241
591 16 228
592 31 230
593 19 237
594 31 240
595 27 227
596 16 241
597 25 241
598 15 239
599 26 107
600 18 110
601 31 114
602 30 113
603 14 114
604 15 110
605 23 110
606 24 109
607 23 120
608 28 120
609 23 111
610 17 106
611 14 120
612 20 107
613 24 106
614 27 108
615 14 120
616 25 116
617 31 106
618 18 109
619 19 115
620 18 105
621 13 109
622 27 113
623 29 114
624 27 105
625 20 106
626 29 113
627 18 112
628 16 111
629 209 183
630 198 178
631 206 179
632 208 192
633 205 191
634 197 188
635 201 180
636 199 189
637 197 185
638 202 188
639 211 186
640 198 174
641 198 183
642 200 176
643 199 176
644 210 185
645 206 191
646 207 177
647 194 174
648 196 174
649 198 182
650 207 174
651 207 189
652 194 180
653 208 174
654 196 192
655 205 175
656 203 176
657 206 192
658 198 191
659 112 69
660 121 78
661 114 76
662 112 78
663 121 72
664 119 70
665 113 80
666 111 80
667 114 83
668 120 79
669 114 72
670 107 76
671 107 80
672 118 78
673 107 76
674 116 70
675 115 73
676 106 81
677 116 78
678 114 82
679 115 82
680 109 79
681 119 77
682 117 76
683 107 70
684 121 70
685 106 76
686 107 80
687 105 70
688 118 84
689 164 92
690 159 98
691 173 87
692 162 91
693 158 92
694 161 102
695 159 97
696 172 102
697 160 104
698 167 92
699 173 98
700 159 94
701 162 89
702 167 89
703 159 91
704 160 92
705 172 86
706 169 94
707 164 104
708 172 86
709 158 102
710 167 99
711 158 90
712 160 92
713 163 88
714 169 86
715 166 99
716 158 88
717 170 102
718 163 93
719 107 77
720 110 69
721 118 79
722 115 72
723 107 69
724 105 75
725 109 75
726 109 83
727 113 73
728 114 70
729 118 82
730 121 74
731 119 84
732 113 84
733 115 72
734 117 77
735 112 75
736 109 82
737 105 83
738 121 83
739 112 74
740 117 70
741 116 78
742 116 72
743 119 84
744 114 73
745 112 71
746 110 75
747 109 69
748 106 84
749 5 141
750 4 139
751 7 141
752 4 143
753 0 157
754 9 152
755 4 154
756 0 147
757 11 141
758 0 143
759 10 151
760 4 154
761 2 151
762 10 157
763 1 147
764 1 143
765 5 150
766 0 141
767 6 156
768 0 151
769 6 153
770 9 149
771 6 142
772 4 146
773 4 149
774 10 147
775 9 150
776 7 146
777 6 81
778 3 70
779 0 76
780 4 74
781 11 83
782 10 74
783 11 76
784 10 71
785 0 69
786 10 71
787 4 81
788 8 82
789 10 74
790 11 79
791 3 84
792 5 73
793 4 78
794 10 71
795 9 70
796 7 70
797 9 75
798 11 74
799 1 74
800 11 84
801 4 75
802 3 79
803 0 76
804 0 71
805 231 136
806 235 127
807 230 136
808 235 126
809 242 134
810 238 125
811 244 134
812 240 127
813 240 136
814 234 124
815 232 133
816 237 125
817 236 126
818 234 131
819 240 128
820 240 122
821 235 125
822 229 129
823 232 133
824 233 137
825 244 125
826 239 136
827 229 138
828 239 128
829 241 138
830 232 135
831 240 124
832 229 133
833 234 131
834 240 124
835 142 216
836 146 223
837 155 217
838 146 220
839 140 222
840 149 217
841 142 216
842 146 224
843 146 216
844 146 221
845 150 223
846 155 213
847 141 217
848 141 220
849 154 218
850 153 219
851 145 226
852 147 218
853 145 216
854 143 219
855 157 221
856 146 224
857 151 216
858 156 218
859 148 224
860 156 221
861 149 217
862 155 226
863 145 224
864 152 212
865 184 207
866 179 196
867 185 203
868 178 209
869 189 196
870 180 204
871 183 208
872 191 196
873 187 198
874 178 198
875 182 196
876 191 198
877 188 207
878 179 196
879 192 211
880 176 198
881 190 205
882 179 200
883 179 197
884 190 206
885 192 195
886 183 200
887 175 196
888 190 200
889 178 201
890 180 198
891 180 199
892 183 202
893 186 211
894 193 202
895 259 46
896 246 46
897 258 41
898 257 44
899 259 50
900 252 32
901 251 46
902 245 46
903 252 46
904 248 32
905 253 36
906 245 45
907 247 42
908 251 44
909 258 38
910 254 38
911 250 40
912 259 45
913 257 39
914 259 39
915 249 48
916 255 43
917 251 41
918 256 37
919 246 47
920 252 45
921 256 37
922 245 43
923 257 44
924 258 41
925 125 234
926 135 229
927 130 227
928 136 242
929 133 237
930 126 238
931 128 233
932 127 241
933 126 235
934 137 239
935 128 232
936 128 229
937 137 240
938 124 234
939 125 228
940 125 239
941 123 237
942 131 236
943 135 234
944 125 236
945 134 233
946 132 242
947 131 232
948 132 236
949 133 234
950 136 232
951 122 234
952 137 234
953 127 242
954 127 231
955 137 1
956 130 8
957 136 1
958 127 6
959 134 2
960 129 0
961 123 1
962 132 0
963 129 11
964 132 6
965 131 3
966 131 6
967 135 10
968 133 4
969 129 6
970 133 0
971 131 6
972 126 6
973 137 1
974 132 8
975 125 3
976 128 7
977 134 7
978 136 2
979 132 2
980 130 10
981 134 9
982 135 6
983 134 6
984 185 246
985 182 255
986 184 254
987 186 245
988 189 255
989 184 258
990 190 246
991 178 250
992 182 256
993 174 253
994 181 256
995 181 246
996 183 248
997 177 255
998 175 257
999 181 258
1000 192 249
1001 181 250
1002 185 250
1003 174 251
1004 193 245
1005 182 259
1006 190 249
1007 179 247
1008 177 255
1009 193 259
1010 193 252
1011 180 256
1012 175 255
1013 180 245
1014 52 26
1015 62 23
1016 68 19
1017 56 17
1018 62 28
1019 58 13
1020 54 15
1021 64 25
1022 58 23
1023 60 26
1024 62 26
1025 66 16
1026 52 25
1027 52 19
1028 65 31
1029 51 24
1030 57 13
1031 58 12
1032 59 15
1033 62 22
1034 63 14
1035 56 20
1036 55 16
1037 53 15
1038 52 25
1039 60 21
1040 63 13
1041 59 28
1042 59 18
1043 63 26
1044 240 8
1045 240 1
1046 240 3
1047 235 0
1048 235 11
1049 235 2
1050 240 5
1051 240 3
1052 227 1
1053 243 6
1054 238 5
1055 229 2
1056 242 10
1057 227 0
1058 232 4
1059 234 0
1060 236 1
1061 232 0
1062 243 11
1063 242 10
1064 235 4
1065 230 9
1066 230 1
1067 237 1
1068 230 3
1069 227 1
1070 241 6
1071 228 2
1072 234 9
1073 198 65
1074 198 54
1075 200 52
1076 201 64
1077 202 62
1078 194 51
1079 194 62
1080 200 63
1081 201 53
1082 200 53
1083 207 56
1084 198 51
1085 195 59
1086 209 60
1087 205 51
1088 203 65
1089 211 55
1090 198 56
1091 207 62
1092 204 53
1093 207 58
1094 203 60
1095 200 55
1096 208 67
1097 202 53
1098 207 51
1099 211 54
1100 205 58
1101 210 64
1102 206 59
1103 227 217
1104 238 213
1105 230 214
1106 234 215
1107 231 224
1108 242 218
1109 227 224
1110 231 212
1111 232 219
1112 229 224
1113 238 221
1114 234 219
1115 227 218
1116 232 221
1117 235 214
1118 242 217
1119 241 223
1120 244 218
1121 228 224
1122 241 220
1123 229 220
1124 227 220
1125 237 214
1126 243 213
1127 242 224
1128 243 212
1129 231 218
1130 228 219
1131 233 224
1132 244 220
1133 191 85
1134 193 102
1135 175 97
1136 183 93
1137 188 87
1138 180 98
1139 182 94
1140 192 100
1141 181 85
1142 181 92
1143 189 95
1144 185 101
1145 177 90
1146 174 97
1147 193 92
1148 189 98
1149 178 89
1150 177 103
1151 187 97
1152 188 93
1153 177 99
1154 187 94
1155 185 90
1156 180 100
1157 181 96
1158 193 92
1159 191 92
1160 175 103
1161 185 97
1162 178 104
1163 78 255
1164 69 258
1165 69 257
1166 69 254
1167 84 251
1168 80 248
1169 81 250
1170 76 254
1171 84 251
1172 82 251
1173 75 250
1174 82 247
1175 69 250
1176 83 245
1177 79 246
1178 81 254
1179 81 254
1180 78 259
1181 83 254
1182 80 257
1183 69 246
1184 73 252
1185 70 252
1186 78 251
1187 73 255
1188 69 254
1189 79 248
1190 70 248
1191 84 254
1192 73 257
1193 189 132
1194 189 138
1195 183 126
1196 180 128
1197 176 134
1198 174 130
1199 189 132
1200 181 136
1201 174 123
1202 182 124
1203 179 137
1204 190 138
1205 179 130
1206 191 134
1207 193 132
1208 191 129
1209 175 135
1210 180 138
1211 190 137
1212 183 138
1213 184 137
1214 188 125
1215 191 124
1216 189 127
1217 184 126
1218 177 131
1219 185 134
1220 187 132
1221 175 124
1222 177 126
1223 3 256
1224 9 257
1225 7 249
1226 7 247
1227 8 247
1228 4 254
1229 7 258
1230 6 258
1231 5 249
1232 4 257
1233 4 249
1234 0 256
1235 7 258
1236 9 246
1237 6 251
1238 7 258
1239 3 247
1240 5 250
1241 7 247
1242 1 245
1243 9 251
1244 10 255
1245 1 248
1246 10 258
1247 6 257
1248 6 257
1249 6 259
1250 5 253
1251 142 57
1252 150 60
1253 148 56
1254 145 65
1255 147 64
1256 140 53
1257 157 57
1258 150 68
1259 150 61
1260 151 60
1261 157 57
1262 152 55
1263 150 68
1264 157 51
1265 157 68
1266 153 62
1267 156 54
1268 150 63
1269 140 61
1270 147 68
1271 144 64
1272 152 52
1273 148 59
1274 156 61
1275 157 66
1276 148 62
1277 153 51
1278 147 54
1279 154 59
1280 157 57
1281 65 33
1282 51 48
1283 63 47
1284 58 40
1285 58 43
1286 64 36
1287 54 46
1288 58 35
1289 64 32
1290 61 40
1291 55 46
1292 51 33
1293 57 39
1294 60 45
1295 65 33
1296 61 46
1297 60 42
1298 52 34
1299 59 50
1300 62 50
1301 52 39
1302 68 48
1303 64 49
1304 51 50
1305 59 32
1306 66 37
1307 67 40
1308 58 41
1309 56 48
1310 55 36
1311 114 7
1312 116 1
1313 118 9
1314 119 7
1315 114 4
1316 121 6
1317 116 6
1318 117 9
1319 120 2
1320 105 4
1321 111 11
1322 111 8
1323 111 11
1324 114 0
1325 107 4
1326 108 6
1327 112 9
1328 117 3
1329 111 10
1330 120 0
1331 120 3
1332 107 6
1333 115 1
1334 116 5
1335 112 8
1336 111 6
1337 106 0
1338 114 3
1339 112 7
1340 107 40
1341 112 34
1342 119 45
1343 113 34
1344 116 36
1345 117 46
1346 117 32
1347 105 42
1348 120 42
1349 119 37
1350 109 42
1351 115 34
1352 109 46
1353 110 44
1354 105 46
1355 109 40
1356 105 42
1357 118 34
1358 105 40
1359 116 42
1360 111 37
1361 115 50
1362 114 36
1363 116 47
1364 119 41
1365 112 33
1366 113 38
1367 113 35
1368 110 40
1369 119 44
1370 103 18
1371 93 28
1372 97 19
1373 87 26
1374 104 31
1375 99 22
1376 99 25
1377 104 31
1378 99 29
1379 89 21
1380 99 22
1381 100 19
1382 103 22
1383 89 16
1384 99 25
1385 85 22
1386 96 18
1387 88 14
1388 91 19
1389 89 20
1390 95 30
1391 91 27
1392 92 31
1393 102 27
1394 85 16
1395 97 29
1396 100 18
1397 95 29
1398 103 30
1399 86 20
1400 207 41
1401 204 46
1402 204 39
1403 202 50
1404 206 39
1405 209 38
1406 200 49
1407 205 48
1408 208 33
1409 195 38
1410 199 49
1411 205 41
1412 208 50
1413 194 49
1414 196 35
1415 203 42
1416 204 42
1417 204 35
1418 201 42
1419 208 43
1420 209 48
1421 207 36
1422 208 46
1423 198 46
1424 209 48
1425 207 37
1426 209 48
1427 209 42
1428 203 46
1429 195 50
1430 10 201
1431 1 202
1432 2 197
1433 9 200
1434 7 208
1435 11 203
1436 2 202
1437 1 195
1438 2 203
1439 10 208
1440 5 211
1441 7 203
1442 0 196
1443 8 198
1444 9 205
1445 1 202
1446 0 198
1447 1 207
1448 3 201
1449 4 198
1450 11 197
1451 0 207
1452 10 205
1453 9 194
1454 11 208
1455 5 211
1456 2 196
1457 9 208
1458 78 208
1459 79 202
1460 69 205
1461 81 203
1462 79 210
1463 82 211
1464 82 201
1465 74 203
1466 84 209
1467 83 198
1468 74 202
1469 75 195
1470 74 195
1471 84 202
1472 78 207
1473 82 203
1474 81 194
1475 74 194
1476 77 195
1477 70 196
1478 77 197
1479 81 201
1480 69 195
1481 76 195
1482 71 208
1483 82 202
1484 78 196
1485 84 210
1486 82 195
1487 77 201
1488 223 126
1489 224 124
1490 213 128
1491 222 137
1492 223 130
1493 224 123
1494 225 138
1495 216 133
1496 226 132
1497 219 135
1498 223 124
1499 220 123
1500 213 125
1501 213 135
1502 218 128
1503 224 131
1504 216 122
1505 220 134
1506 226 124
1507 220 132
1508 221 124
1509 219 137
1510 214 122
1511 215 126
1512 226 125
1513 217 127
1514 225 132
1515 224 138
1516 218 131
1517 222 122
1518 244 159
1519 233 159
1520 238 159
1521 231 160
1522 240 163
1523 233 169
1524 228 158
1525 242 170
1526 235 166
1527 243 168
1528 236 164
1529 227 166
1530 244 161
1531 228 163
1532 233 161
1533 228 166
1534 244 159
1535 237 167
1536 232 159
1537 235 159
1538 233 162
1539 228 158
1540 227 161
1541 238 165
1542 235 162
1543 237 169
1544 230 164
1545 240 173
1546 240 158
1547 233 173
1548 104 26
1549 90 20
1550 95 30
1551 93 21
1552 103 17
1553 86 15
1554 97 25
1555 91 18
1556 96 13
1557 89 15
1558 104 17
1559 91 18
1560 92 24
1561 104 30
1562 97 27
1563 91 30
1564 87 27
1565 103 27
1566 88 28
1567 87 16
1568 94 16
1569 99 23
1570 89 27
1571 89 22
1572 100 18
1573 101 13
1574 99 17
1575 93 28
1576 90 31
1577 94 29
1578 16 198
1579 22 202
1580 26 197
1581 13 194
1582 16 198
1583 20 201
1584 15 194
1585 15 207
1586 18 204
1587 18 198
1588 28 210
1589 16 195
1590 20 204
1591 23 211
1592 28 203
1593 16 202
1594 22 210
1595 29 211
1596 23 206
1597 19 203
1598 16 210
1599 19 201
1600 12 197
1601 13 203
1602 28 198
1603 21 202
1604 15 202
1605 27 196
1606 30 207
1607 17 196
1608 160 210
1609 163 195
1610 164 203
1611 165 204
1612 161 200
1613 162 202
1614 160 210
1615 163 195
1616 159 205
1617 169 205
1618 158 207
1619 171 197
1620 162 201
1621 164 194
1622 159 210
1623 164 208
1624 167 208
1625 165 202
1626 163 199
1627 162 194
1628 158 194
1629 173 194
1630 173 203
1631 160 199
1632 161 207
1633 169 195
1634 160 210
1635 173 207
1636 162 200
1637 166 206
1638 246 60
1639 250 58
1640 254 57
1641 251 54
1642 251 61
1643 251 64
1644 251 68
1645 252 68
1646 250 65
1647 259 64
1648 252 55
1649 249 66
1650 246 57
1651 246 62
1652 257 61
1653 258 56
1654 250 58
1655 257 65
1656 252 52
1657 245 64
1658 259 65
1659 251 68
1660 258 64
1661 252 64
1662 259 62
1663 254 64
1664 245 61
1665 248 51
1666 258 68
1667 253 64
1668 57 182
1669 60 191
1670 57 184
1671 51 174
1672 51 191
1673 51 191
1674 55 192
1675 55 191
1676 58 180
1677 55 184
1678 65 192
1679 59 183
1680 64 193
1681 58 177
1682 57 182
1683 65 181
1684 52 181
1685 55 192
1686 63 180
1687 63 186
1688 52 182
1689 58 176
1690 56 187
1691 67 191
1692 61 180
1693 66 193
1694 55 185
1695 68 179
1696 59 179
1697 54 176
1698 187 149
1699 181 142
1700 181 144
1701 178 144
1702 182 154
1703 190 154
1704 189 139
1705 178 156
1706 188 145
1707 183 146
1708 184 156
1709 189 146
1710 188 146
1711 177 151
1712 188 140
1713 188 156
1714 175 151
1715 190 145
1716 185 148
1717 175 156
1718 180 152
1719 191 152
1720 179 143
1721 192 149
1722 185 144
1723 183 144
1724 187 141
1725 186 143
1726 183 154
1727 174 141
1728 122 143
1729 123 157
1730 133 143
1731 125 156
1732 122 149
1733 125 149
1734 132 152
1735 135 141
1736 134 153
1737 125 139
1738 129 140
1739 130 142
1740 124 149
1741 134 142
1742 135 145
1743 134 147
1744 128 153
1745 125 147
1746 126 139
1747 136 150
1748 129 142
1749 137 154
1750 135 154
1751 131 157
1752 134 147
1753 129 145
1754 130 153
1755 124 154
1756 138 143
1757 138 143
1758 45 137
1759 38 124
1760 41 124
1761 50 124
1762 45 130
1763 39 133
1764 32 133
1765 32 125
1766 37 129
1767 40 136
1768 48 122
1769 47 123
1770 39 132
1771 35 130
1772 37 136
1773 35 129
1774 50 130
1775 40 135
1776 43 133
1777 32 136
1778 47 134
1779 33 138
1780 44 137
1781 33 125
1782 48 129
1783 40 131
1784 41 128
1785 48 125
1786 48 129
1787 41 131
1788 96 144
1789 103 145
1790 90 147
1791 95 149
1792 97 154
1793 93 156
1794 94 144
1795 98 157
1796 92 147
1797 96 143
1798 93 152
1799 95 142
1800 86 156
1801 86 140
1802 92 148
1803 103 142
1804 100 151
1805 95 153
1806 97 147
1807 101 143
1808 89 145
1809 101 139
1810 88 149
1811 95 140
1812 92 144
1813 86 154
1814 91 148
1815 99 152
1816 98 155
1817 85 150
1818 176 209
1819 182 208
1820 187 199
1821 177 208
1822 192 194
1823 191 194
1824 174 207
1825 179 204
1826 185 197
1827 191 203
1828 181 196
1829 185 203
1830 176 203
1831 184 195
1832 189 209
1833 177 202
1834 179 195
1835 182 209
1836 179 201
1837 192 200
1838 179 203
1839 185 199
1840 185 211
1841 176 206
1842 190 194
1843 180 194
1844 191 209
1845 180 195
1846 180 204
1847 178 194
1848 60 121
1849 62 114
1850 65 116
1851 58 109
1852 53 110
1853 53 119
1854 58 110
1855 63 121
1856 66 120
1857 67 118
1858 65 119
1859 51 114
1860 62 118
1861 51 105
1862 57 115
1863 57 111
1864 59 107
1865 55 115
1866 64 113
1867 68 120
1868 52 112
1869 62 118
1870 58 111
1871 55 109
1872 59 121
1873 60 109
1874 51 120
1875 55 115
1876 54 120
1877 53 119
1878 160 63
1879 173 63
1880 173 56
1881 166 52
1882 166 51
1883 164 54
1884 161 58
1885 173 64
1886 159 58
1887 162 63
1888 164 55
1889 159 56
1890 160 55
1891 172 55
1892 163 62
1893 168 60
1894 159 68
1895 158 62
1896 164 62
1897 165 57
1898 171 53
1899 172 55
1900 161 64
1901 164 53
1902 168 52
1903 164 66
1904 173 59
1905 168 59
1906 159 56
1907 166 64
1908 36 225
1909 38 218
1910 47 217
1911 46 218
1912 42 213
1913 46 213
1914 42 223
1915 40 223
1916 45 223
1917 41 226
1918 37 222
1919 44 225
1920 44 216
1921 33 225
1922 43 223
1923 46 213
1924 41 212
1925 38 217
1926 42 212
1927 50 218
1928 50 222
1929 32 212
1930 35 220
1931 33 213
1932 44 217
1933 32 222
1934 38 226
1935 37 221
1936 47 225
1937 44 222
1938 14 129
1939 25 132
1940 14 125
1941 15 132
1942 19 131
1943 23 122
1944 22 138
1945 29 125
1946 14 125
1947 20 132
1948 19 130
1949 24 125
1950 23 135
1951 28 123
1952 24 136
1953 19 134
1954 30 136
1955 13 122
1956 14 127
1957 22 122
1958 24 133
1959 28 134
1960 29 125
1961 16 130
1962 18 122
1963 20 133
1964 21 131
1965 27 135
1966 21 122
1967 20 134
1968 36 158
1969 42 160
1970 36 163
1971 43 167
1972 42 163
1973 34 164
1974 42 159
1975 36 163
1976 48 167
1977 50 158
1978 32 163
1979 44 169
1980 39 167
1981 32 163
1982 35 161
1983 43 167
1984 41 166
1985 49 173
1986 47 159
1987 46 159
1988 44 172
1989 38 166
1990 37 165
1991 41 167
1992 34 169
1993 32 162
1994 47 163
1995 37 171
1996 40 158
1997 50 168
1998 116 226
1999 117 216
2000 118 226
2001 115 216
2002 107 222
2003 116 212
2004 119 213
2005 113 218
2006 114 222
2007 114 217
2008 112 217
2009 107 220
2010 106 225
2011 108 213
2012 114 213
2013 106 222
2014 116 217
2015 105 221
2016 118 216
2017 118 219
2018 107 212
2019 105 218
2020 114 219
2021 121 217
2022 106 223
2023 119 220
2024 115 213
2025 119 222
2026 114 224
2027 115 217
2028 0 79
2029 7 84
2030 3 81
2031 8 72
2032 4 72
2033 6 70
2034 2 82
2035 4 72
2036 3 75
2037 0 76
2038 7 80
2039 3 70
2040 8 83
2041 8 73
2042 9 69
2043 6 74
2044 10 77
2045 10 70
2046 2 79
2047 4 81
2048 2 83
2049 8 73
2050 0 74
2051 3 83
2052 4 83
2053 10 81
2054 2 73
2055 9 77
2056 0 82
2057 2 72
2058 34 172
2059 38 162
2060 42 159
2061 43 172
2062 48 159
2063 32 162
2064 32 169
2065 37 168
2066 44 170
2067 44 167
2068 47 159
2069 45 163
2070 35 170
2071 36 159
2072 45 160
2073 34 160
2074 37 162
2075 44 163
2076 43 170
2077 36 170
2078 48 158
2079 36 160
2080 32 160
2081 49 170
2082 39 169
2083 37 168
2084 39 159
2085 37 162
2086 40 167
2087 34 168
2088 199 218
2089 197 224
2090 195 215
2091 206 226
2092 201 212
2093 203 214
2094 205 222
2095 210 218
2096 198 215
2097 206 225
2098 196 213
2099 204 217
2100 197 212
2101 202 222
2102 195 225
2103 196 223
2104 198 214
2105 203 225
2106 209 215
2107 202 222
2108 196 215
2109 197 225
2110 200 226
2111 199 212
2112 202 222
2113 205 219
2114 206 214
2115 204 217
2116 205 212
2117 208 219
2118 225 8
2119 221 8
2120 214 2
2121 226 9
2122 214 2
2123 224 4
2124 223 11
2125 221 1
2126 222 10
2127 224 8
2128 222 11
2129 221 11
2130 217 6
2131 222 11
2132 214 4
2133 225 0
2134 215 6
2135 222 11
2136 212 10
2137 221 3
2138 216 6
2139 213 4
2140 220 1
2141 223 5
2142 225 8
2143 221 11
2144 223 7
2145 212 9
2146 226 2
2147 214 6
2148 245 164
2149 258 166
2150 252 158
2151 255 160
2152 258 158
2153 247 163
2154 255 166
2155 256 171
2156 256 162
2157 245 168
2158 245 164
2159 251 159
2160 256 165
2161 245 166
2162 246 166
2163 258 165
2164 245 162
2165 254 163
2166 253 165
2167 249 165
2168 258 172
2169 252 160
2170 248 173
2171 251 163
2172 246 167
2173 250 161
2174 251 164
2175 245 166
2176 250 161
2177 253 166
2178 83 141
2179 72 154
2180 70 156
2181 76 146
2182 73 156
2183 82 154
2184 71 142
2185 80 150
2186 74 144
2187 79 157
2188 77 147
2189 78 142
2190 81 142
2191 82 155
2192 84 149
2193 69 143
2194 74 143
2195 82 148
2196 78 154
2197 74 145
2198 78 151
2199 70 157
2200 80 149
2201 73 148
2202 84 145
2203 80 141
2204 77 141
2205 79 150
2206 83 156
2207 69 145
2208 242 111
2209 234 110
2210 238 118
2211 229 106
2212 235 111
2213 230 117
2214 231 119
2215 244 109
2216 237 113
2217 227 121
2218 229 107
2219 233 109
2220 229 108
2221 227 115
2222 243 121
2223 231 114
2224 228 121
2225 234 120
2226 239 118
2227 241 115
2228 234 115
2229 240 110
2230 235 119
2231 227 117
2232 244 116
2233 244 118
2234 243 110
2235 242 121
2236 228 117
2237 239 107
2238 210 164
2239 195 164
2240 206 169
2241 201 166
2242 210 165
2243 208 158
2244 196 163
2245 195 163
2246 198 160
2247 209 160
2248 204 173
2249 199 161
2250 210 173
2251 202 170
2252 203 159
2253 205 168
2254 211 166
2255 210 171
2256 206 164
2257 211 173
2258 210 171
2259 195 167
2260 200 163
2261 195 170
2262 209 167
2263 205 159
2264 201 170
2265 205 166
2266 197 160
2267 204 163
2268 110 117
2269 113 106
2270 120 119
2271 105 108
2272 121 114
2273 106 108
2274 118 108
2275 113 118
2276 121 120
2277 107 105
2278 113 106
2279 113 108
2280 110 113
2281 116 107
2282 106 110
2283 114 109
2284 116 110
2285 107 112
2286 111 120
2287 112 118
2288 114 108
2289 110 117
2290 137 95
2291 126 86
2292 132 86
2293 122 97
2294 132 100
2295 125 103
2296 137 94
2297 133 92
2298 136 89
2299 133 89
2300 132 94
2301 125 86
2302 128 96
2303 133 103
2304 129 98
2305 137 98
2306 133 85
2307 126 88
2308 135 90
2309 126 103
2310 130 89
2311 126 101
2312 129 87
2313 131 97
2314 128 104
2315 125 92
2316 133 104
2317 129 91
2318 128 93
2319 131 99
2320 108 0
2321 120 5
2322 111 9
2323 119 6
2324 120 9
2325 111 9
2326 105 10
2327 120 6
2328 114 5
2329 109 7
2330 107 10
2331 106 7
2332 109 8
2333 117 9
2334 114 5
2335 111 3
2336 105 4
2337 110 7
2338 116 11
2339 109 1
2340 106 10
2341 118 6
2342 115 7
2343 116 0
2344 111 10
2345 119 4
2346 130 119
2347 122 116
2348 136 119
2349 132 120
2350 127 116
2351 136 115
2352 126 115
2353 131 118
2354 122 106
2355 131 112
2356 135 116
2357 136 109
2358 132 106
2359 128 118
2360 136 109
2361 137 114
2362 137 113
2363 127 118
2364 128 113
2365 135 117
2366 128 111
2367 130 107
2368 132 106
2369 135 111
2370 133 112
2371 128 117
2372 137 117
2373 136 110
2374 134 121
2375 185 38
2376 192 46
2377 179 40
2378 178 35
2379 183 39
2380 178 50
2381 178 33
2382 191 42
2383 181 33
2384 190 44
2385 189 36
2386 186 40
2387 183 42
2388 182 35
2389 187 42
2390 185 50
2391 181 35
2392 181 34
2393 180 40
2394 174 36
2395 193 37
2396 183 44
2397 181 42
2398 184 39
2399 189 50
2400 185 34
2401 178 42
2402 179 48
2403 186 43
2404 177 38
2405 88 168
2406 89 170
2407 98 162
2408 102 168
2409 89 172
2410 92 170
2411 98 162
2412 86 172
2413 104 165
2414 98 172
2415 85 158
2416 88 167
2417 99 163
2418 103 171
2419 86 167
2420 85 162
2421 90 164
2422 95 163
2423 93 172
2424 91 169
2425 87 165
2426 93 171
2427 95 168
2428 96 167
2429 96 165
2430 97 160
2431 97 161
2432 93 163
2433 100 169
2434 95 159
2435 65 104
2436 68 101
2437 54 87
2438 55 87
2439 55 99
2440 51 95
2441 55 91
2442 68 104
2443 52 86
2444 61 87
2445 63 103
2446 53 101
2447 62 86
2448 51 99
2449 60 91
2450 61 99
2451 62 103
2452 65 88
2453 51 97
2454 59 104
2455 55 93
2456 57 102
2457 58 98
2458 57 87
2459 60 87
2460 58 99
2461 65 103
2462 56 86
2463 64 102
2464 51 94
2465 125 13
2466 136 31
2467 134 28
2468 122 18
2469 135 27
2470 122 23
2471 130 14
2472 135 20
2473 138 18
2474 127 28
2475 130 12
2476 127 16
2477 125 15
2478 133 30
2479 122 18
2480 132 13
2481 138 25
2482 129 24
2483 123 19
2484 137 21
2485 127 12
2486 129 13
2487 137 20
2488 129 16
2489 124 22
2490 122 28
2491 126 18
2492 122 15
2493 138 22
2494 126 14
2495 198 110
2496 198 108
2497 211 118
2498 197 117
2499 204 109
2500 195 120
2501 205 116
2502 197 110
2503 196 111
2504 211 113
2505 200 106
2506 196 121
2507 195 106
2508 211 110
2509 210 114
2510 195 116
2511 197 116
2512 200 120
2513 197 118
2514 199 118
2515 196 120
2516 203 116
2517 203 107
2518 199 121
2519 209 109
2520 200 110
2521 208 112
2522 197 107
2523 202 111
2524 206 108
2525 111 72
2526 120 75
2527 113 79
2528 109 80
2529 112 79
2530 115 70
2531 121 77
2532 106 69
2533 119 80
2534 112 72
2535 110 80
2536 110 78
2537 108 82
2538 105 80
2539 108 72
2540 107 75
2541 115 70
2542 106 70
2543 113 82
2544 118 78
2545 117 80
2546 106 76
2547 109 82
2548 116 83
2549 114 71
2550 107 84
2551 117 75
2552 113 70
2553 109 71
2554 121 84
2555 164 218
2556 169 225
2557 173 212
2558 165 223
2559 168 218
2560 172 223
2561 168 224
2562 169 223
2563 169 215
2564 158 218
2565 161 224
2566 167 217
2567 163 223
2568 166 225
2569 165 214
2570 168 226
2571 165 224
2572 161 218
2573 164 215
2574 166 225
2575 159 223
2576 169 226
2577 166 224
2578 160 226
2579 165 226
2580 171 219
2581 166 219
2582 164 223
2583 159 225
2584 167 216
2585 229 66
2586 232 53
2587 227 57
2588 238 52
2589 243 61
2590 230 55
2591 233 52
2592 227 58
2593 241 60
2594 242 59
2595 230 58
2596 233 67
2597 228 65
2598 243 56
2599 241 60
2600 241 51
2601 242 60
2602 242 62
2603 238 62
2604 230 56
2605 233 63
2606 228 63
2607 242 51
2608 238 68
2609 244 68
2610 227 61
2611 236 51
2612 231 57
2613 238 65
2614 244 57
2615 140 257
2616 145 254
2617 152 256
2618 144 252
2619 153 253
2620 156 255
2621 156 258
2622 146 254
2623 156 258
2624 154 247
2625 156 245
2626 152 259
2627 142 249
2628 156 254
2629 144 259
2630 151 254
2631 153 245
2632 146 245
2633 145 245
2634 141 248
2635 143 259
2636 145 255
2637 142 253
2638 149 245
2639 148 247
2640 140 258
2641 141 247
2642 144 248
2643 156 258
2644 154 257
2645 90 37
2646 104 46
2647 102 49
2648 99 32
2649 100 45
2650 90 47
2651 87 47
2652 104 45
2653 99 45
2654 85 39
2655 94 39
2656 95 48
2657 90 41
2658 91 46
2659 85 42
2660 92 42
2661 99 34
2662 90 48
2663 88 44
2664 97 36
2665 85 46
2666 92 43
2667 89 47
2668 97 49
2669 98 42
2670 97 50
2671 96 47
2672 101 46
2673 87 35
2674 96 45
2675 174 203
2676 184 204
2677 186 210
2678 190 211
2679 186 200
2680 175 202
2681 174 201
2682 184 209
2683 192 209
2684 189 204
2685 174 198
2686 189 211
2687 188 204
2688 174 204
2689 188 201
2690 179 203
2691 189 210
2692 180 207
2693 180 194
2694 181 207
2695 188 195
2696 177 197
2697 184 202
2698 188 200
2699 175 207
2700 186 211
2701 177 200
2702 177 201
2703 192 208
2704 184 209
2705 59 79
2706 53 80
2707 62 77
2708 62 78
2709 63 75
2710 53 73
2711 57 84
2712 67 72
2713 64 69
2714 52 75
2715 67 76
2716 63 72
2717 64 72
2718 63 74
2719 67 76
2720 62 77
2721 53 70
2722 63 81
2723 62 73
2724 54 84
2725 66 80
2726 66 75
2727 66 72
2728 66 83
2729 62 80
2730 52 77
2731 54 76
2732 53 83
2733 54 74
2734 67 78
2735 77 194
2736 78 201
2737 80 197
2738 84 207
2739 73 194
2740 82 194
2741 78 210
2742 77 198
2743 72 210
2744 81 195
2745 82 210
2746 82 199
2747 78 205
2748 73 203
2749 75 209
2750 76 198
2751 70 205
2752 82 194
2753 83 202
2754 83 208
2755 70 199
2756 74 210
2757 76 201
2758 76 204
2759 80 205
2760 72 202
2761 82 194
2762 82 198
2763 76 204
2764 74 195
2765 31 124
2766 17 138
2767 17 124
2768 14 126
2769 19 126
2770 31 129
2771 15 129
2772 17 125
2773 29 128
2774 20 135
2775 17 135
2776 14 130
2777 27 138
2778 12 128
2779 31 131
2780 15 124
2781 15 133
2782 15 134
2783 29 125
2784 17 125
2785 28 126
2786 30 126
2787 24 126
2788 20 131
2789 26 124
2790 18 122
2791 27 127
2792 31 124
2793 14 127
2794 22 137
2795 226 169
2796 216 170
2797 213 166
2798 220 171
2799 221 160
2800 212 160
2801 226 161
2802 225 164
2803 223 158
2804 225 172
2805 216 162
2806 224 163
2807 216 161
2808 214 168
2809 219 166
2810 224 171
2811 219 167
2812 221 167
2813 214 163
2814 218 172
2815 212 167
2816 223 173
2817 218 159
2818 215 164
2819 218 164
2820 217 166
2821 215 159
2822 225 169
2823 217 167
2824 214 172
2825 192 30
2826 178 31
2827 189 31
2828 178 15
2829 190 16
2830 186 27
2831 191 19
2832 180 24
2833 176 24
2834 182 18
2835 187 28
2836 189 26
2837 180 13
2838 179 31
2839 177 23
2840 186 27
2841 175 12
2842 176 26
2843 176 23
2844 188 16
2845 174 17
2846 190 29
2847 181 14
2848 193 14
2849 187 13
2850 176 17
2851 191 22
2852 182 29
2853 176 31
2854 175 17
2855 135 210
2856 128 211
2857 124 203
2858 127 209
2859 132 210
2860 126 194
2861 129 208
2862 129 199
2863 134 206
2864 131 207
2865 137 207
2866 124 201
2867 126 202
2868 133 211
2869 133 197
2870 132 196
2871 125 197
2872 131 201
2873 136 198
2874 125 198
2875 132 211
2876 129 195
2877 122 194
2878 124 209
2879 129 204
2880 138 194
2881 131 195
2882 138 206
2883 132 196
2884 134 197
2885 239 231
2886 244 232
2887 236 237
2888 227 244
2889 236 228
2890 231 239
2891 237 242
2892 233 235
2893 233 232
2894 236 233
2895 243 239
2896 229 238
2897 239 243
2898 243 238
2899 228 241
2900 231 227
2901 233 236
2902 229 238
2903 237 240
2904 228 233
2905 244 233
2906 228 233
2907 230 233
2908 230 235
