236 260 10 2908
0 9
1 10
2 7
3 5
4 7
5 6
6 9
7 11
8 10
9 10
10 5
11 9
12 5
13 3
14 4
15 3
16 3
17 3
18 3
19 3
20 3
21 3
22 3
23 3
24 3
25 4
26 3
27 7
28 3
29 3
30 4
31 3
32 3
33 3
34 3
35 3
36 4
37 3
38 5
39 3
40 3
41 3
42 3
43 3
44 4
45 5
46 3
47 5
48 4
49 4
50 5
51 3
52 3
53 4
54 3
55 5
56 3
57 3
58 3
59 3
60 3
61 3
62 3
63 3
64 3
65 3
66 3
67 3
68 3
69 3
70 4
71 3
72 3
73 4
74 5
75 3
76 3
77 3
78 3
79 4
80 3
81 3
82 4
83 3
84 3
85 4
86 4
87 3
88 3
89 3
90 3
91 3
92 3
93 4
94 3
95 5
96 5
97 3
98 3
99 3
100 3
101 3
102 4
103 4
104 3
105 3
106 6
107 3
108 4
109 4
110 3
111 4
112 3
113 4
114 3
115 3
116 3
117 3
118 3
119 3
120 3
121 4
122 5
123 3
124 4
125 3
126 5
127 3
128 3
129 3
130 4
131 4
132 3
133 3
134 6
135 3
136 3
137 3
138 4
139 3
140 5
141 4
142 3
143 3
144 3
145 3
146 3
147 4
148 3
149 4
150 3
151 4
152 3
153 3
154 3
155 3
156 3
157 5
158 3
159 3
160 4
161 3
162 5
163 3
164 3
165 3
166 4
167 4
168 3
169 3
170 3
171 5
172 3
173 5
174 3
175 3
176 4
177 7
178 5
179 3
180 3
181 3
182 3
183 3
184 3
185 3
186 3
187 7
188 4
189 3
190 3
191 3
192 4
193 3
194 3
195 3
196 3
197 3
198 4
199 3
200 4
201 3
202 4
203 3
204 3
205 3
206 3
207 3
208 3
209 3
210 3
211 3
212 4
213 3
214 3
215 3
216 3
217 3
218 3
219 3
220 3
221 3
222 3
223 3
224 3
225 4
226 4
227 3
228 3
229 3
230 3
231 3
232 4
233 3
234 3
235 4
0 0 2
1 0 3
2 0 7
3 0 8
4 0 9
5 0 11
6 0 31
7 0 66
8 1 2
9 1 3
10 1 4
11 1 5
12 1 6
13 1 7
14 1 8
15 1 9
16 1 10
17 2 5
18 2 6
19 2 7
20 2 8
21 3 6
22 3 11
23 3 131
24 4 6
25 4 7
26 4 8
27 4 9
28 4 11
29 4 221
30 5 7
31 5 114
32 6 8
33 6 10
34 6 182
35 7 8
36 7 9
37 7 11
38 7 97
39 7 202
40 8 9
41 8 11
42 8 147
43 8 162
44 9 11
45 9 12
46 9 47
47 10 11
48 10 82
49 12 27
50 12 17
51 13 24
52 13 18
53 13 20
54 14 28
55 14 29
56 15 27
57 16 25
58 17 30
59 18 29
60 19 27
61 20 26
62 20 27
63 21 23
64 21 27
65 22 30
66 25 27
67 31 37
68 31 45
69 32 45
70 33 40
71 34 36
72 34 46
73 35 42
74 36 41
75 38 39
76 38 45
77 38 43
78 39 44
79 40 42
80 41 43
81 42 44
82 47 64
83 47 48
84 48 55
85 49 54
86 49 53
87 49 59
88 50 57
89 50 59
90 50 55
91 50 65
92 51 58
93 51 55
94 52 64
95 53 63
96 54 60
97 54 62
98 55 56
99 55 61
100 66 74
101 67 70
102 67 80
103 68 76
104 69 73
105 69 72
106 70 74
107 71 79
108 72 74
109 73 75
110 74 77
111 76 79
112 76 77
113 78 79
114 80 81
115 82 91
116 82 93
117 83 85
118 84 92
119 85 86
120 85 92
121 86 94
122 87 94
123 88 96
124 89 95
125 90 93
126 92 96
127 93 95
128 95 96
129 97 98
130 98 102
131 99 104
132 99 100
133 99 113
134 100 108
135 101 109
136 102 111
137 102 106
138 103 106
139 103 108
140 105 106
141 106 109
142 107 111
143 109 110
144 112 113
145 114 130
146 115 126
147 116 120
148 116 121
149 117 122
150 118 119
151 118 125
152 118 126
153 120 124
154 121 130
155 122 127
156 122 124
157 123 129
158 123 127
159 126 130
160 128 130
161 131 142
162 132 141
163 132 133
164 133 145
165 134 137
166 134 142
167 134 139
168 134 136
169 135 141
170 136 146
171 138 144
172 138 140
173 139 143
174 139 140
175 140 145
176 147 158
177 147 159
178 147 160
179 148 151
180 148 149
181 149 160
182 149 154
183 150 156
184 150 154
185 150 155
186 151 153
187 152 157
188 155 157
189 157 161
190 162 173
191 162 178
192 163 171
193 164 177
194 165 177
195 166 171
196 166 181
197 167 172
198 167 181
199 168 180
200 168 177
201 169 173
202 170 176
203 170 181
204 171 178
205 173 179
206 174 177
207 175 176
208 177 178
209 182 187
210 183 198
211 184 193
212 184 198
213 185 192
214 185 200
215 185 201
216 186 198
217 186 200
218 187 190
219 187 191
220 187 195
221 187 196
222 187 192
223 188 199
224 188 196
225 189 194
226 189 199
227 197 201
228 202 205
229 202 210
230 202 220
231 203 206
232 203 207
233 204 216
234 206 213
235 207 218
236 208 216
237 209 211
238 209 210
239 210 218
240 212 214
241 212 213
242 214 215
243 215 219
244 216 220
245 217 218
246 221 226
247 222 227
248 222 235
249 223 232
250 224 226
251 224 229
252 225 231
253 225 228
254 227 234
255 228 234
256 229 233
257 230 235
258 232 235
259 233 234
0 4 140
1 11 136
2 4 143
3 1 141
4 10 135
5 5 140
6 2 139
7 11 132
8 4 138
9 0 145
10 8 141
11 7 133
12 1 143
13 4 146
14 8 131
15 3 139
16 7 146
17 7 137
18 3 144
19 2 140
20 8 131
21 10 132
22 3 144
23 8 146
24 9 137
25 4 141
26 5 131
27 5 145
28 5 141
29 31 148
30 38 149
31 46 156
32 37 148
33 34 155
34 46 150
35 37 157
36 31 156
37 36 153
38 32 157
39 31 154
40 31 149
41 35 159
42 40 147
43 34 153
44 32 154
45 45 152
46 41 159
47 41 151
48 31 161
49 40 154
50 41 150
51 37 161
52 37 155
53 39 155
54 33 152
55 37 149
56 33 153
57 34 151
58 42 148
59 140 41
60 133 44
61 133 39
62 144 33
63 137 46
64 142 41
65 139 34
66 137 43
67 141 36
68 133 42
69 141 46
70 134 43
71 140 42
72 142 34
73 139 39
74 146 41
75 133 41
76 134 37
77 142 43
78 143 40
79 139 37
80 145 46
81 133 34
82 143 34
83 133 39
84 145 45
85 144 36
86 137 45
87 133 43
88 138 41
89 143 7
90 137 11
91 132 11
92 132 1
93 141 9
94 135 10
95 145 0
96 133 10
97 132 6
98 142 11
99 133 11
100 133 4
101 139 1
102 132 4
103 138 10
104 141 7
105 134 10
106 145 11
107 145 6
108 132 7
109 142 8
110 140 7
111 138 6
112 132 5
113 142 7
114 136 11
115 136 11
116 135 3
117 143 6
118 166 140
119 174 145
120 164 145
121 162 134
122 162 140
123 163 138
124 169 136
125 169 135
126 178 137
127 173 133
128 169 137
129 178 134
130 176 143
131 170 133
132 163 145
133 180 132
134 172 132
135 179 141
136 164 141
137 178 132
138 167 140
139 167 140
140 165 139
141 165 133
142 171 131
143 165 139
144 166 139
145 176 134
146 173 145
147 173 133
148 190 86
149 189 95
150 187 96
151 187 94
152 193 87
153 182 84
154 201 83
155 189 96
156 192 83
157 198 83
158 191 93
159 184 88
160 182 87
161 190 91
162 189 95
163 196 93
164 188 94
165 188 88
166 201 84
167 191 93
168 186 95
169 187 92
170 190 93
171 197 83
172 190 95
173 182 83
174 184 83
175 190 88
176 199 87
177 192 93
178 226 96
179 234 93
180 229 82
181 227 91
182 228 82
183 227 85
184 234 84
185 233 85
186 226 93
187 231 87
188 223 89
189 230 85
190 221 96
191 234 86
192 223 84
193 223 88
194 225 87
195 226 86
196 225 93
197 231 92
198 232 89
199 234 90
200 232 89
201 222 85
202 230 91
203 225 87
204 232 92
205 231 88
206 227 82
207 233 93
208 21 26
209 27 29
210 25 28
211 25 24
212 18 27
213 18 27
214 27 29
215 15 29
216 17 20
217 22 12
218 29 15
219 22 21
220 22 28
221 28 24
222 23 24
223 26 23
224 26 21
225 13 25
226 30 13
227 58 33
228 60 33
229 53 41
230 54 40
231 56 40
232 50 40
233 53 36
234 52 42
235 55 34
236 58 38
237 60 43
238 58 41
239 48 32
240 47 35
241 56 40
242 51 43
243 51 39
244 61 36
245 62 35
246 54 32
247 49 40
248 62 40
249 49 41
250 57 43
251 51 42
252 59 33
253 57 31
254 54 35
255 60 40
256 47 31
257 121 145
258 126 137
259 120 139
260 123 145
261 128 140
262 119 135
263 118 144
264 115 134
265 126 135
266 127 133
267 117 131
268 118 134
269 115 138
270 126 134
271 123 145
272 114 135
273 128 134
274 120 132
275 118 135
276 121 135
277 126 139
278 129 138
279 120 143
280 124 132
281 125 137
282 120 146
283 130 132
284 118 145
285 118 143
286 118 135
287 5 30
288 8 30
289 9 18
290 10 15
291 1 17
292 10 14
293 0 27
294 3 23
295 6 16
296 8 17
297 5 22
298 9 25
299 3 17
300 4 22
301 9 14
302 5 20
303 8 27
304 1 30
305 4 21
306 5 20
307 2 13
308 1 28
309 7 13
310 3 18
311 0 19
312 6 30
313 3 29
314 5 15
315 7 20
316 1 22
317 113 18
318 108 22
319 109 12
320 103 26
321 99 12
322 99 29
323 112 30
324 100 28
325 102 18
326 111 16
327 106 16
328 102 30
329 112 12
330 101 26
331 108 16
332 107 27
333 100 12
334 110 24
335 101 23
336 108 26
337 101 26
338 113 17
339 105 19
340 106 23
341 97 14
342 99 30
343 107 28
344 100 23
345 97 17
346 100 18
347 1 94
348 11 96
349 4 95
350 7 92
351 3 83
352 1 84
353 9 94
354 8 94
355 9 87
356 0 87
357 4 95
358 2 90
359 2 87
360 10 89
361 8 93
362 1 88
363 7 96
364 1 95
365 3 92
366 10 86
367 8 86
368 5 96
369 10 96
370 1 91
371 10 83
372 1 95
373 1 92
374 3 88
375 1 86
376 11 94
377 206 19
378 213 16
379 204 30
380 210 13
381 216 13
382 206 24
383 220 18
384 215 30
385 209 23
386 220 24
387 208 26
388 207 14
389 211 20
390 220 28
391 216 17
392 209 16
393 203 12
394 207 12
395 220 28
396 203 29
397 203 15
398 204 15
399 216 19
400 219 18
401 209 30
402 207 12
403 218 23
404 206 12
405 212 21
406 202 30
407 6 20
408 5 14
409 9 22
410 9 28
411 3 15
412 10 29
413 3 24
414 7 30
415 0 27
416 3 28
417 0 29
418 5 21
419 4 18
420 11 13
421 11 25
422 9 29
423 7 29
424 1 27
425 10 18
426 3 24
427 5 28
428 5 17
429 8 17
430 6 22
431 8 20
432 1 23
433 10 23
434 4 20
435 10 16
436 76 85
437 79 94
438 74 83
439 81 82
440 67 94
441 78 95
442 73 82
443 71 89
444 69 96
445 81 91
446 66 84
447 75 90
448 75 90
449 76 90
450 78 85
451 67 85
452 79 92
453 78 89
454 67 84
455 75 93
456 76 89
457 68 92
458 79 83
459 73 83
460 80 84
461 73 90
462 68 93
463 66 89
464 66 96
465 74 86
466 69 23
467 77 22
468 76 22
469 68 15
470 66 28
471 80 20
472 67 25
473 80 25
474 75 29
475 68 15
476 77 13
477 71 18
478 80 27
479 72 30
480 81 17
481 71 26
482 72 28
483 81 20
484 76 19
485 79 20
486 67 18
487 73 24
488 80 20
489 71 30
490 81 30
491 69 12
492 76 27
493 74 30
494 72 18
495 77 13
496 33 213
497 39 206
498 37 207
499 45 206
500 40 207
501 45 209
502 40 207
503 37 213
504 46 210
505 34 204
506 31 218
507 33 209
508 41 204
509 44 219
510 32 208
511 32 202
512 40 220
513 46 203
514 41 211
515 32 203
516 43 202
517 32 206
518 31 213
519 45 202
520 40 213
521 38 211
522 39 203
523 37 212
524 39 204
525 36 216
526 160 67
527 157 75
528 152 78
529 149 74
530 147 72
531 158 66
532 153 70
533 156 74
534 155 76
535 155 68
536 149 66
537 150 68
538 148 74
539 147 77
540 148 68
541 152 72
542 161 81
543 157 76
544 148 74
545 159 74
546 152 79
547 159 81
548 148 70
549 158 79
550 157 71
551 155 80
552 158 69
553 148 70
554 153 72
555 156 71
556 61 200
557 61 198
558 53 190
559 57 182
560 48 195
561 52 195
562 53 190
563 54 194
564 65 187
565 55 188
566 58 196
567 59 193
568 54 185
569 48 183
570 64 187
571 49 197
572 65 183
573 64 184
574 48 190
575 65 198
576 63 191
577 62 201
578 49 187
579 52 184
580 47 189
581 54 196
582 62 190
583 52 185
584 54 190
585 47 198
586 36 108
587 40 103
588 45 105
589 38 98
590 35 107
591 32 112
592 34 101
593 41 105
594 40 111
595 32 104
596 33 103
597 31 113
598 42 106
599 44 100
600 41 107
601 40 112
602 38 113
603 36 99
604 35 105
605 33 100
606 32 113
607 31 100
608 34 101
609 37 111
610 37 113
611 39 108
612 44 105
613 43 107
614 43 104
615 42 106
616 207 133
617 214 143
618 213 134
619 220 134
620 212 133
621 204 132
622 220 133
623 207 144
624 220 144
625 217 139
626 217 142
627 220 131
628 218 142
629 220 141
630 204 144
631 214 134
632 206 142
633 220 146
634 213 133
635 203 133
636 216 137
637 215 141
638 211 135
639 202 145
640 210 140
641 210 140
642 219 132
643 219 133
644 211 146
645 216 137
646 112 181
647 100 174
648 98 163
649 107 171
650 105 180
651 98 170
652 104 172
653 110 167
654 108 166
655 112 166
656 113 175
657 101 171
658 113 170
659 112 164
660 98 168
661 98 165
662 103 177
663 106 180
664 100 176
665 104 170
666 102 181
667 105 173
668 113 175
669 106 170
670 113 173
671 104 174
672 104 176
673 111 173
674 102 166
675 101 167
676 149 92
677 150 92
678 158 95
679 150 82
680 161 86
681 154 95
682 155 91
683 158 89
684 159 89
685 149 83
686 148 95
687 155 91
688 160 87
689 158 92
690 157 82
691 148 85
692 152 88
693 149 83
694 151 84
695 161 89
696 156 89
697 160 82
698 157 96
699 148 82
700 147 93
701 160 95
702 161 94
703 161 95
704 156 86
705 156 93
706 71 152
707 81 152
708 68 155
709 69 149
710 76 152
711 80 148
712 75 156
713 80 161
714 69 155
715 70 157
716 68 150
717 71 154
718 77 151
719 68 154
720 72 152
721 74 147
722 79 149
723 68 159
724 80 156
725 81 151
726 75 148
727 80 155
728 78 152
729 76 157
730 75 157
731 69 161
732 68 158
733 75 160
734 76 148
735 69 148
736 21 126
737 27 129
738 20 125
739 13 128
740 18 124
741 12 125
742 18 123
743 12 122
744 20 116
745 26 117
746 24 125
747 13 116
748 27 120
749 15 116
750 16 126
751 24 125
752 25 123
753 23 119
754 29 129
755 14 117
756 18 118
757 26 126
758 23 125
759 13 123
760 13 128
761 29 118
762 28 116
763 12 126
764 19 127
765 14 114
766 69 54
767 72 52
768 81 62
769 71 49
770 66 57
771 80 56
772 69 52
773 75 48
774 79 51
775 66 56
776 73 64
777 75 52
778 77 62
779 72 51
780 80 64
781 69 55
782 74 48
783 70 55
784 67 52
785 80 61
786 78 47
787 76 62
788 78 59
789 71 64
790 70 55
791 69 50
792 70 53
793 72 53
794 68 59
795 73 63
796 149 65
797 153 52
798 161 50
799 155 54
800 154 59
801 156 63
802 155 62
803 155 47
804 161 60
805 151 53
806 156 54
807 152 53
808 148 64
809 156 56
810 150 47
811 152 65
812 149 64
813 147 60
814 161 59
815 153 62
816 158 48
817 152 61
818 160 47
819 147 55
820 149 49
821 148 63
822 159 55
823 148 58
824 154 59
825 158 47
826 61 126
827 47 117
828 55 114
829 61 121
830 57 120
831 60 125
832 51 117
833 62 128
834 63 116
835 60 119
836 65 114
837 54 119
838 53 122
839 50 125
840 54 122
841 47 114
842 48 119
843 62 128
844 51 122
845 54 115
846 49 122
847 61 129
848 65 126
849 61 114
850 48 116
851 55 115
852 50 127
853 53 119
854 52 130
855 47 118
856 174 158
857 179 152
858 176 158
859 175 149
860 172 148
861 179 156
862 168 154
863 167 157
864 175 157
865 181 157
866 181 157
867 168 159
868 164 150
869 162 148
870 174 160
871 164 147
872 174 159
873 169 160
874 167 159
875 170 155
876 168 154
877 169 159
878 171 149
879 181 154
880 177 158
881 162 160
882 178 156
883 165 152
884 172 156
885 13 73
886 26 78
887 22 76
888 13 77
889 30 68
890 12 72
891 12 74
892 28 67
893 28 69
894 17 71
895 26 70
896 25 67
897 23 67
898 12 77
899 16 76
900 16 80
901 30 74
902 28 70
903 21 72
904 26 76
905 26 78
906 14 77
907 17 72
908 19 66
909 30 79
910 26 77
911 13 79
912 23 71
913 13 80
914 30 74
915 106 127
916 110 118
917 109 125
918 106 123
919 97 128
920 99 117
921 99 114
922 98 119
923 103 117
924 112 120
925 99 116
926 112 128
927 110 115
928 110 123
929 113 121
930 110 127
931 110 118
932 111 129
933 111 126
934 99 120
935 110 123
936 112 116
937 110 116
938 98 114
939 100 114
940 109 117
941 112 119
942 111 122
943 108 128
944 100 120
945 119 181
946 114 163
947 117 163
948 128 172
949 114 173
950 129 172
951 125 170
952 121 165
953 121 164
954 123 162
955 124 164
956 128 164
957 114 172
958 122 178
959 115 179
960 128 166
961 117 173
962 120 177
963 118 181
964 124 170
965 116 174
966 114 162
967 116 174
968 120 173
969 114 176
970 130 162
971 116 173
972 125 169
973 125 164
974 114 169
975 206 88
976 204 89
977 205 89
978 217 83
979 207 89
980 212 94
981 209 86
982 207 96
983 216 94
984 208 93
985 211 84
986 216 90
987 220 96
988 217 84
989 202 93
990 207 87
991 215 96
992 217 86
993 212 92
994 220 82
995 212 94
996 214 91
997 205 87
998 213 96
999 216 94
1000 215 95
1001 203 94
1002 211 89
1003 208 90
1004 209 94
1005 172 96
1006 168 89
1007 170 93
1008 180 87
1009 173 89
1010 164 85
1011 178 86
1012 178 86
1013 165 87
1014 178 93
1015 162 82
1016 164 88
1017 179 83
1018 169 82
1019 173 95
1020 180 94
1021 166 94
1022 176 96
1023 166 86
1024 166 96
1025 176 85
1026 165 87
1027 164 87
1028 175 93
1029 178 86
1030 164 90
1031 179 86
1032 180 83
1033 173 89
1034 170 85
1035 104 140
1036 101 135
1037 100 145
1038 101 145
1039 99 146
1040 100 141
1041 97 143
1042 110 133
1043 99 142
1044 109 137
1045 98 144
1046 111 138
1047 111 141
1048 105 139
1049 111 137
1050 112 143
1051 104 132
1052 101 143
1053 108 131
1054 110 142
1055 107 132
1056 99 144
1057 104 142
1058 102 139
1059 107 135
1060 97 134
1061 113 131
1062 103 138
1063 107 132
1064 105 146
1065 9 37
1066 4 42
1067 1 32
1068 0 35
1069 0 46
1070 0 40
1071 7 45
1072 10 43
1073 8 44
1074 5 36
1075 11 35
1076 2 45
1077 8 32
1078 0 40
1079 3 44
1080 9 44
1081 1 41
1082 10 42
1083 0 32
1084 7 39
1085 9 37
1086 9 34
1087 9 34
1088 2 35
1089 5 42
1090 7 34
1091 11 42
1092 6 43
1093 0 38
1094 0 46
1095 27 127
1096 26 123
1097 25 122
1098 22 124
1099 29 120
1100 14 116
1101 17 120
1102 25 124
1103 29 126
1104 15 122
1105 18 125
1106 17 128
1107 26 129
1108 22 120
1109 25 117
1110 23 118
1111 18 124
1112 29 130
1113 24 127
1114 19 124
1115 28 127
1116 22 123
1117 15 127
1118 23 115
1119 20 117
1120 17 125
1121 16 128
1122 21 124
1123 26 130
1124 30 114
1125 150 231
1126 149 235
1127 152 234
1128 148 234
1129 158 233
1130 153 234
1131 147 229
1132 156 231
1133 148 221
1134 151 231
1135 151 235
1136 151 227
1137 151 223
1138 154 226
1139 156 222
1140 161 228
1141 154 230
1142 155 232
1143 157 221
1144 158 230
1145 159 224
1146 160 224
1147 158 232
1148 152 231
1149 159 228
1150 151 229
1151 160 231
1152 160 222
1153 155 228
1154 150 221
1155 189 113
1156 184 109
1157 191 109
1158 187 108
1159 197 109
1160 186 110
1161 194 98
1162 198 108
1163 190 106
1164 192 102
1165 186 105
1166 183 109
1167 194 108
1168 199 108
1169 190 107
1170 183 99
1171 186 107
1172 186 99
1173 189 101
1174 186 101
1175 201 107
1176 183 99
1177 188 112
1178 188 98
1179 189 100
1180 187 105
1181 198 101
1182 190 97
1183 191 99
1184 189 97
1185 13 82
1186 28 83
1187 18 86
1188 26 94
1189 12 89
1190 23 96
1191 17 91
1192 23 96
1193 26 93
1194 22 88
1195 20 96
1196 20 84
1197 20 95
1198 30 87
1199 16 87
1200 27 89
1201 29 91
1202 20 91
1203 24 91
1204 26 96
1205 25 90
1206 15 95
1207 13 96
1208 28 85
1209 25 84
1210 15 96
1211 13 95
1212 17 94
1213 30 89
1214 22 94
1215 215 36
1216 212 44
1217 207 34
1218 205 40
1219 217 46
1220 205 42
1221 215 38
1222 213 40
1223 205 44
1224 208 46
1225 214 40
1226 218 46
1227 205 35
1228 211 39
1229 205 36
1230 214 45
1231 216 38
1232 202 45
1233 216 37
1234 215 44
1235 207 40
1236 212 38
1237 215 31
1238 216 32
1239 212 35
1240 210 31
1241 207 44
1242 213 40
1243 210 38
1244 205 32
1245 149 172
1246 156 169
1247 161 162
1248 152 175
1249 150 171
1250 161 179
1251 149 164
1252 160 175
1253 153 180
1254 148 170
1255 148 171
1256 160 162
1257 151 178
1258 155 164
1259 147 169
1260 160 166
1261 149 166
1262 151 163
1263 147 168
1264 152 167
1265 152 169
1266 150 171
1267 151 175
1268 157 180
1269 147 164
1270 151 178
1271 155 172
1272 150 174
1273 158 170
1274 153 168
1275 95 41
1276 86 31
1277 84 35
1278 87 33
1279 94 31
1280 89 33
1281 82 46
1282 88 41
1283 86 32
1284 82 31
1285 95 46
1286 88 35
1287 86 41
1288 94 45
1289 93 36
1290 89 36
1291 88 44
1292 94 32
1293 88 35
1294 90 42
1295 96 46
1296 95 44
1297 83 40
1298 87 44
1299 87 39
1300 93 36
1301 92 39
1302 85 46
1303 96 31
1304 82 31
1305 55 84
1306 62 82
1307 48 87
1308 54 91
1309 61 90
1310 52 96
1311 47 83
1312 52 96
1313 53 83
1314 64 95
1315 52 95
1316 49 93
1317 65 83
1318 49 93
1319 51 84
1320 56 90
1321 52 82
1322 47 89
1323 56 96
1324 59 86
1325 52 90
1326 63 87
1327 63 88
1328 47 88
1329 50 88
1330 62 89
1331 52 82
1332 61 82
1333 59 85
1334 55 88
1335 177 141
1336 171 132
1337 176 145
1338 169 131
1339 162 139
1340 174 146
1341 178 135
1342 164 139
1343 175 143
1344 178 132
1345 163 132
1346 162 141
1347 166 145
1348 178 140
1349 181 137
1350 164 141
1351 164 135
1352 169 144
1353 166 132
1354 181 136
1355 165 143
1356 181 141
1357 176 133
1358 164 137
1359 177 133
1360 164 140
1361 168 140
1362 174 137
1363 171 134
1364 168 131
1365 223 93
1366 222 91
1367 227 92
1368 235 90
1369 229 94
1370 231 89
1371 232 83
1372 233 93
1373 228 91
1374 234 89
1375 229 86
1376 224 96
1377 231 87
1378 225 94
1379 233 82
1380 222 86
1381 222 82
1382 228 94
1383 229 92
1384 226 85
1385 228 94
1386 222 89
1387 223 93
1388 223 85
1389 224 82
1390 226 95
1391 221 84
1392 229 84
1393 225 85
1394 232 90
1395 12 177
1396 23 179
1397 27 176
1398 19 168
1399 19 180
1400 13 164
1401 17 169
1402 18 171
1403 30 164
1404 26 171
1405 27 170
1406 19 165
1407 21 163
1408 13 180
1409 23 163
1410 29 169
1411 12 174
1412 15 163
1413 19 177
1414 21 167
1415 27 166
1416 12 180
1417 28 181
1418 17 180
1419 24 166
1420 19 172
1421 26 181
1422 20 171
1423 23 174
1424 23 179
1425 162 204
1426 172 220
1427 175 207
1428 177 218
1429 178 204
1430 176 203
1431 167 217
1432 170 214
1433 170 208
1434 171 207
1435 170 211
1436 175 213
1437 180 215
1438 173 214
1439 173 216
1440 166 219
1441 173 217
1442 163 203
1443 169 219
1444 168 203
1445 162 203
1446 173 213
1447 181 202
1448 168 218
1449 164 205
1450 168 202
1451 167 203
1452 162 202
1453 180 203
1454 174 208
1455 152 105
1456 157 97
1457 157 105
1458 149 97
1459 152 108
1460 150 103
1461 147 110
1462 148 97
1463 150 106
1464 151 100
1465 155 105
1466 150 113
1467 158 109
1468 152 113
1469 157 107
1470 149 107
1471 157 101
1472 160 113
1473 148 107
1474 153 102
1475 157 112
1476 147 98
1477 153 99
1478 160 113
1479 156 111
1480 157 101
1481 149 98
1482 158 106
1483 153 98
1484 161 109
1485 45 102
1486 45 102
1487 41 105
1488 40 107
1489 46 112
1490 42 103
1491 34 108
1492 37 103
1493 41 99
1494 39 109
1495 46 109
1496 46 103
1497 44 102
1498 45 113
1499 38 110
1500 41 98
1501 43 106
1502 36 106
1503 34 100
1504 33 104
1505 44 103
1506 43 99
1507 33 106
1508 40 99
1509 33 98
1510 37 98
1511 45 107
1512 45 109
1513 35 107
1514 32 108
1515 48 66
1516 52 75
1517 60 79
1518 52 73
1519 59 74
1520 60 71
1521 60 80
1522 48 71
1523 64 66
1524 53 78
1525 47 70
1526 59 67
1527 47 81
1528 53 76
1529 57 67
1530 55 74
1531 64 80
1532 64 70
1533 60 75
1534 60 78
1535 57 74
1536 47 68
1537 52 79
1538 47 71
1539 47 73
1540 63 76
1541 61 75
1542 59 76
1543 51 74
1544 49 66
1545 54 30
1546 58 29
1547 53 15
1548 65 25
1549 47 17
1550 57 27
1551 51 24
1552 59 20
1553 49 20
1554 62 23
1555 61 29
1556 55 22
1557 49 15
1558 57 17
1559 64 25
1560 54 12
1561 56 20
1562 47 23
1563 51 18
1564 61 25
1565 54 24
1566 57 12
1567 63 15
1568 65 28
1569 53 18
1570 62 17
1571 51 17
1572 52 26
1573 64 14
1574 61 27
1575 202 150
1576 216 149
1577 210 160
1578 220 156
1579 220 157
1580 216 159
1581 203 159
1582 218 147
1583 205 157
1584 217 148
1585 212 160
1586 216 157
1587 208 148
1588 209 153
1589 209 147
1590 202 150
1591 210 161
1592 203 150
1593 204 148
1594 202 154
1595 204 152
1596 203 154
1597 209 161
1598 203 158
1599 206 155
1600 206 152
1601 220 148
1602 218 157
1603 211 161
1604 217 151
1605 47 85
1606 48 95
1607 60 83
1608 63 85
1609 63 90
1610 59 93
1611 47 84
1612 62 87
1613 63 89
1614 59 89
1615 51 88
1616 61 87
1617 64 93
1618 65 86
1619 51 82
1620 57 93
1621 47 94
1622 54 96
1623 62 90
1624 50 87
1625 54 96
1626 54 88
1627 50 90
1628 54 88
1629 57 91
1630 64 85
1631 61 88
1632 61 90
1633 53 87
1634 54 92
1635 101 146
1636 113 144
1637 97 137
1638 113 141
1639 113 136
1640 109 136
1641 105 146
1642 109 134
1643 112 138
1644 112 133
1645 105 131
1646 111 144
1647 99 143
1648 110 131
1649 101 132
1650 110 132
1651 110 131
1652 111 145
1653 100 145
1654 110 138
1655 105 131
1656 104 137
1657 100 141
1658 108 140
1659 112 144
1660 112 136
1661 97 135
1662 106 136
1663 106 143
1664 108 138
1665 75 127
1666 71 120
1667 67 118
1668 68 129
1669 76 129
1670 77 122
1671 66 124
1672 69 128
1673 80 130
1674 69 125
1675 74 125
1676 76 124
1677 71 120
1678 67 130
1679 72 115
1680 73 130
1681 79 127
1682 72 129
1683 74 120
1684 76 126
1685 72 129
1686 78 120
1687 80 129
1688 67 122
1689 77 125
1690 70 123
1691 73 129
1692 73 127
1693 69 127
1694 81 126
1695 114 109
1696 120 111
1697 130 105
1698 127 102
1699 126 97
1700 116 112
1701 121 106
1702 123 98
1703 120 112
1704 118 98
1705 119 108
1706 129 109
1707 127 103
1708 122 102
1709 123 105
1710 118 97
1711 125 112
1712 116 99
1713 116 112
1714 128 101
1715 114 110
1716 126 98
1717 114 99
1718 123 108
1719 126 97
1720 123 111
1721 125 111
1722 124 98
1723 127 106
1724 129 112
1725 194 129
1726 187 119
1727 197 122
1728 186 114
1729 188 119
1730 195 119
1731 198 121
1732 188 123
1733 201 114
1734 194 125
1735 198 123
1736 183 118
1737 183 129
1738 184 123
1739 188 123
1740 189 123
1741 194 120
1742 201 122
1743 182 118
1744 199 117
1745 197 123
1746 201 122
1747 192 123
1748 185 128
1749 188 130
1750 201 122
1751 195 124
1752 187 128
1753 185 116
1754 197 128
1755 153 15
1756 154 21
1757 151 15
1758 157 22
1759 157 27
1760 150 30
1761 160 20
1762 155 17
1763 154 12
1764 161 14
1765 156 17
1766 150 29
1767 158 30
1768 157 21
1769 151 14
1770 151 23
1771 159 30
1772 149 15
1773 157 27
1774 152 27
1775 155 13
1776 148 23
1777 150 18
1778 156 25
1779 159 18
1780 161 18
1781 148 30
1782 158 16
1783 153 13
1784 152 25
1785 20 122
1786 19 126
1787 30 117
1788 26 122
1789 17 122
1790 23 118
1791 14 122
1792 19 124
1793 14 123
1794 18 122
1795 20 130
1796 15 115
1797 28 127
1798 15 126
1799 27 119
1800 24 121
1801 18 116
1802 21 122
1803 19 124
1804 30 129
1805 16 117
1806 25 120
1807 16 121
1808 17 121
1809 26 121
1810 12 116
1811 19 117
1812 28 122
1813 25 130
1814 21 118
1815 80 130
1816 69 129
1817 78 123
1818 79 129
1819 71 119
1820 75 122
1821 68 130
1822 76 122
1823 79 116
1824 75 126
1825 75 117
1826 74 120
1827 71 128
1828 69 125
1829 72 118
1830 68 116
1831 67 115
1832 76 116
1833 77 118
1834 81 125
1835 79 128
1836 71 123
1837 74 130
1838 78 124
1839 72 123
1840 81 127
1841 68 129
1842 76 120
1843 72 115
1844 76 125
1845 8 201
1846 7 192
1847 1 192
1848 8 188
1849 2 189
1850 10 197
1851 7 193
1852 7 186
1853 2 191
1854 2 185
1855 3 186
1856 8 196
1857 1 184
1858 0 190
1859 8 199
1860 0 188
1861 5 190
1862 5 183
1863 5 196
1864 11 193
1865 1 187
1866 11 182
1867 0 188
1868 5 189
1869 9 182
1870 11 190
1871 7 182
1872 1 196
1873 168 233
1874 166 221
1875 173 225
1876 179 235
1877 163 223
1878 163 222
1879 164 226
1880 163 233
1881 175 227
1882 172 224
1883 169 225
1884 168 224
1885 163 230
1886 178 228
1887 166 226
1888 164 221
1889 173 231
1890 166 231
1891 175 222
1892 171 231
1893 175 235
1894 166 232
1895 180 222
1896 172 226
1897 181 222
1898 162 230
1899 165 227
1900 170 222
1901 168 228
1902 169 228
1903 147 43
1904 161 32
1905 152 31
1906 148 44
1907 154 38
1908 159 43
1909 161 40
1910 158 32
1911 156 40
1912 155 32
1913 148 34
1914 155 45
1915 155 31
1916 147 43
1917 149 42
1918 149 44
1919 161 40
1920 154 36
1921 152 35
1922 154 33
1923 160 44
1924 155 43
1925 151 35
1926 153 31
1927 150 37
1928 147 39
1929 156 44
1930 151 41
1931 161 36
1932 160 39
1933 109 134
1934 112 136
1935 103 142
1936 111 131
1937 102 141
1938 98 132
1939 113 142
1940 98 133
1941 109 135
1942 100 146
1943 104 143
1944 106 146
1945 109 146
1946 103 132
1947 102 135
1948 108 143
1949 104 133
1950 106 140
1951 106 144
1952 100 132
1953 107 141
1954 99 136
1955 103 138
1956 99 145
1957 109 132
1958 109 140
1959 103 131
1960 102 136
1961 104 132
1962 98 140
1963 94 65
1964 90 58
1965 87 50
1966 83 58
1967 83 57
1968 87 64
1969 94 50
1970 92 53
1971 85 61
1972 87 51
1973 82 61
1974 95 50
1975 94 59
1976 89 55
1977 86 60
1978 96 57
1979 87 58
1980 87 49
1981 83 59
1982 96 56
1983 94 59
1984 88 57
1985 88 51
1986 91 53
1987 90 64
1988 96 61
1989 89 53
1990 96 63
1991 95 51
1992 92 57
1993 37 82
1994 40 87
1995 43 83
1996 39 93
1997 37 93
1998 34 89
1999 41 94
2000 36 88
2001 43 91
2002 31 90
2003 33 86
2004 38 84
2005 38 87
2006 40 89
2007 44 90
2008 39 96
2009 42 84
2010 33 90
2011 39 94
2012 38 83
2013 36 83
2014 40 86
2015 35 87
2016 36 86
2017 34 86
2018 44 90
2019 38 89
2020 32 88
2021 35 84
2022 45 96
2023 9 95
2024 1 93
2025 5 85
2026 6 89
2027 0 93
2028 8 87
2029 6 93
2030 3 96
2031 4 92
2032 11 94
2033 3 95
2034 1 88
2035 8 87
2036 6 85
2037 2 82
2038 8 86
2039 7 91
2040 8 88
2041 11 93
2042 7 88
2043 7 96
2044 4 95
2045 3 94
2046 4 95
2047 8 93
2048 6 88
2049 8 93
2050 10 94
2051 0 82
2052 9 94
2053 54 118
2054 49 117
2055 52 127
2056 64 119
2057 60 127
2058 57 130
2059 51 125
2060 65 128
2061 57 127
2062 57 124
2063 52 125
2064 61 116
2065 50 123
2066 59 130
2067 56 119
2068 54 117
2069 50 117
2070 64 126
2071 57 118
2072 50 118
2073 63 125
2074 62 130
2075 50 119
2076 49 129
2077 64 116
2078 59 117
2079 47 127
2080 52 122
2081 47 120
2082 62 130
2083 124 70
2084 122 78
2085 119 67
2086 119 74
2087 117 74
2088 120 66
2089 123 68
2090 123 81
2091 128 67
2092 117 79
2093 114 71
2094 115 70
2095 124 72
2096 124 67
2097 114 76
2098 129 81
2099 121 68
2100 115 67
2101 118 73
2102 122 66
2103 114 68
2104 118 71
2105 123 80
2106 118 74
2107 115 74
2108 130 73
2109 124 70
2110 129 69
2111 120 68
2112 120 76
2113 39 117
2114 35 116
2115 35 127
2116 40 127
2117 45 128
2118 39 129
2119 45 118
2120 39 118
2121 37 130
2122 31 116
2123 35 122
2124 35 128
2125 34 130
2126 31 118
2127 34 115
2128 35 115
2129 43 124
2130 44 130
2131 44 127
2132 39 117
2133 35 117
2134 35 117
2135 37 114
2136 42 129
2137 33 115
2138 40 126
2139 37 117
2140 46 130
2141 44 120
2142 35 114
2143 170 217
2144 162 202
2145 166 210
2146 178 209
2147 180 204
2148 180 215
2149 179 217
2150 177 214
2151 165 207
2152 178 212
2153 176 205
2154 176 211
2155 173 208
2156 172 204
2157 163 210
2158 175 215
2159 174 202
2160 181 211
2161 169 215
2162 162 208
2163 168 220
2164 181 202
2165 170 216
2166 173 220
2167 181 207
2168 178 211
2169 166 211
2170 165 219
2171 162 205
2172 175 218
2173 158 179
2174 160 166
2175 154 164
2176 151 170
2177 156 164
2178 159 164
2179 156 174
2180 152 177
2181 151 179
2182 153 167
2183 147 175
2184 150 177
2185 149 169
2186 155 167
2187 147 178
2188 158 170
2189 157 166
2190 160 174
2191 151 173
2192 147 178
2193 149 176
2194 159 176
2195 156 166
2196 152 171
2197 148 180
2198 154 168
2199 150 178
2200 155 170
2201 154 179
2202 154 164
2203 43 113
2204 45 101
2205 34 97
2206 31 112
2207 39 112
2208 32 105
2209 34 112
2210 45 111
2211 33 100
2212 33 97
2213 33 97
2214 36 110
2215 32 104
2216 37 106
2217 41 107
2218 43 103
2219 36 111
2220 32 98
2221 37 110
2222 46 99
2223 36 98
2224 39 109
2225 41 111
2226 45 100
2227 37 99
2228 46 113
2229 41 112
2230 44 106
2231 31 106
2232 33 105
2233 89 33
2234 89 42
2235 94 43
2236 85 32
2237 87 39
2238 90 33
2239 91 45
2240 83 41
2241 84 41
2242 94 33
2243 95 39
2244 94 43
2245 94 45
2246 92 40
2247 88 39
2248 82 45
2249 83 40
2250 92 36
2251 93 43
2252 87 44
2253 87 44
2254 84 37
2255 93 39
2256 89 32
2257 87 36
2258 95 43
2259 84 42
2260 95 37
2261 91 41
2262 93 41
2263 229 10
2264 227 0
2265 227 11
2266 223 6
2267 224 0
2268 229 8
2269 232 1
2270 225 4
2271 234 7
2272 235 0
2273 222 6
2274 228 2
2275 232 6
2276 230 9
2277 235 3
2278 229 3
2279 222 9
2280 233 6
2281 230 4
2282 231 10
2283 227 11
2284 226 9
2285 230 1
2286 225 2
2287 228 10
2288 229 1
2289 234 11
2290 233 2
2291 232 10
2292 233 5
2293 141 120
2294 136 129
2295 145 124
2296 146 121
2297 146 123
2298 139 120
2299 135 129
2300 140 119
2301 135 117
2302 139 116
2303 141 116
2304 137 116
2305 144 127
2306 133 128
2307 140 117
2308 138 122
2309 136 121
2310 140 127
2311 138 130
2312 144 120
2313 146 120
2314 141 126
2315 146 119
2316 136 121
2317 142 116
2318 142 123
2319 135 119
2320 144 126
2321 142 121
2322 137 125
2323 217 74
2324 220 70
2325 203 75
2326 220 75
2327 217 69
2328 211 79
2329 217 67
2330 220 71
2331 202 72
2332 204 72
2333 215 69
2334 202 78
2335 219 70
2336 210 67
2337 204 73
2338 214 66
2339 212 80
2340 205 81
2341 220 75
2342 202 77
2343 215 75
2344 207 75
2345 206 70
2346 211 77
2347 209 81
2348 205 80
2349 208 77
2350 210 74
2351 210 68
2352 205 67
2353 142 143
2354 132 131
2355 136 133
2356 143 131
2357 143 145
2358 146 138
2359 136 143
2360 145 142
2361 137 145
2362 133 142
2363 145 131
2364 141 143
2365 142 135
2366 138 141
2367 137 133
2368 134 135
2369 135 134
2370 131 136
2371 144 143
2372 137 140
2373 139 132
2374 172 81
2375 172 70
2376 162 67
2377 162 75
2378 181 70
2379 165 66
2380 176 78
2381 163 70
2382 178 70
2383 178 81
2384 172 67
2385 174 80
2386 177 76
2387 181 66
2388 171 80
2389 164 81
2390 162 80
2391 179 75
2392 166 78
2393 176 71
2394 171 66
2395 164 72
2396 165 72
2397 181 73
2398 181 71
2399 170 74
2400 165 70
2401 173 74
2402 176 77
2403 169 73
2404 142 34
2405 134 32
2406 144 37
2407 132 37
2408 139 32
2409 143 38
2410 134 40
2411 138 36
2412 133 31
2413 134 44
2414 133 45
2415 136 31
2416 143 46
2417 131 31
2418 134 43
2419 134 43
2420 138 45
2421 138 40
2422 142 38
2423 131 41
2424 137 43
2425 132 41
2426 137 38
2427 138 35
2428 139 43
2429 132 36
2430 141 39
2431 142 43
2432 136 41
2433 137 37
2434 213 71
2435 210 76
2436 215 67
2437 213 69
2438 207 76
2439 211 76
2440 205 76
2441 214 74
2442 207 78
2443 210 78
2444 207 77
2445 212 79
2446 209 70
2447 208 70
2448 207 70
2449 211 76
2450 203 79
2451 207 81
2452 205 74
2453 211 71
2454 203 71
2455 206 76
2456 219 76
2457 219 77
2458 207 77
2459 213 73
2460 203 70
2461 217 74
2462 217 78
2463 213 76
2464 148 217
2465 147 210
2466 149 205
2467 148 206
2468 154 210
2469 153 204
2470 160 204
2471 150 214
2472 161 216
2473 150 202
2474 157 215
2475 149 212
2476 156 204
2477 155 213
2478 154 218
2479 156 202
2480 154 210
2481 161 207
2482 149 219
2483 159 220
2484 153 220
2485 148 202
2486 153 204
2487 147 213
2488 151 216
2489 149 215
2490 155 212
2491 160 216
2492 151 215
2493 154 219
2494 81 232
2495 69 224
2496 73 231
2497 74 226
2498 75 230
2499 70 227
2500 77 234
2501 66 229
2502 76 231
2503 66 227
2504 80 234
2505 72 226
2506 73 232
2507 76 233
2508 66 232
2509 67 222
2510 71 224
2511 74 225
2512 76 222
2513 69 223
2514 70 227
2515 73 235
2516 74 224
2517 78 225
2518 70 230
2519 68 231
2520 75 234
2521 72 232
2522 69 225
2523 80 234
2524 7 123
2525 5 128
2526 11 123
2527 2 122
2528 9 119
2529 3 122
2530 9 117
2531 9 126
2532 9 116
2533 5 120
2534 9 120
2535 1 123
2536 0 117
2537 2 124
2538 0 115
2539 10 125
2540 1 115
2541 8 119
2542 6 128
2543 9 127
2544 2 129
2545 3 118
2546 9 129
2547 0 125
2548 2 129
2549 7 115
2550 193 27
2551 194 27
2552 201 27
2553 189 20
2554 198 29
2555 196 26
2556 199 18
2557 185 23
2558 192 17
2559 188 19
2560 190 24
2561 183 27
2562 185 18
2563 187 30
2564 188 15
2565 185 26
2566 186 16
2567 197 26
2568 191 21
2569 183 24
2570 183 12
2571 182 26
2572 194 12
2573 193 18
2574 200 21
2575 196 16
2576 201 28
2577 195 13
2578 192 12
2579 184 17
2580 88 90
2581 90 96
2582 93 92
2583 87 88
2584 85 91
2585 88 91
2586 90 85
2587 85 91
2588 92 90
2589 94 89
2590 85 93
2591 84 87
2592 87 95
2593 95 84
2594 95 83
2595 95 86
2596 93 92
2597 88 87
2598 2 16
2599 1 29
2600 6 21
2601 5 16
2602 11 23
2603 9 28
2604 3 12
2605 4 21
2606 7 24
2607 7 25
2608 7 17
2609 7 21
2610 2 29
2611 2 29
2612 3 30
2613 9 15
2614 1 14
2615 8 21
2616 1 25
2617 5 17
2618 8 13
2619 4 27
2620 11 19
2621 0 14
2622 2 30
2623 0 17
2624 8 23
2625 82 221
2626 86 223
2627 92 234
2628 83 223
2629 94 226
2630 91 234
2631 83 225
2632 86 225
2633 86 225
2634 88 223
2635 88 228
2636 82 224
2637 88 233
2638 86 227
2639 96 225
2640 83 232
2641 91 223
2642 89 228
2643 92 221
2644 92 228
2645 93 232
2646 92 233
2647 96 234
2648 85 226
2649 82 221
2650 94 230
2651 91 221
2652 85 227
2653 93 230
2654 93 231
2655 181 22
2656 164 24
2657 168 16
2658 178 21
2659 166 12
2660 163 19
2661 168 24
2662 173 28
2663 170 27
2664 172 17
2665 163 26
2666 165 24
2667 180 25
2668 170 29
2669 177 19
2670 179 22
2671 168 14
2672 172 21
2673 172 29
2674 167 19
2675 171 20
2676 178 23
2677 163 14
2678 167 16
2679 162 12
2680 168 27
2681 179 16
2682 176 21
2683 176 16
2684 167 21
2685 33 152
2686 43 159
2687 44 149
2688 36 155
2689 44 148
2690 43 153
2691 46 160
2692 38 147
2693 37 159
2694 32 154
2695 41 150
2696 34 152
2697 44 151
2698 38 160
2699 34 160
2700 35 156
2701 45 149
2702 46 160
2703 42 155
2704 31 157
2705 31 151
2706 42 154
2707 45 147
2708 43 157
2709 31 149
2710 35 156
2711 45 150
2712 36 158
2713 33 154
2714 40 156
2715 130 147
2716 129 148
2717 125 150
2718 116 157
2719 128 160
2720 114 157
2721 116 156
2722 124 161
2723 119 158
2724 120 156
2725 122 159
2726 120 154
2727 124 147
2728 124 150
2729 130 150
2730 122 159
2731 119 153
2732 120 155
2733 120 148
2734 120 155
2735 114 157
2736 119 158
2737 129 154
2738 126 161
2739 119 159
2740 122 153
2741 115 155
2742 126 159
2743 122 156
2744 114 149
2745 208 42
2746 203 35
2747 213 44
2748 219 43
2749 215 46
2750 216 46
2751 202 39
2752 214 37
2753 206 46
2754 203 31
2755 206 44
2756 219 37
2757 212 46
2758 217 33
2759 215 37
2760 215 44
2761 213 32
2762 218 39
2763 220 46
2764 205 38
2765 217 33
2766 214 33
2767 209 39
2768 207 32
2769 219 36
2770 217 43
2771 205 31
2772 220 46
2773 218 37
2774 215 45
2775 226 141
2776 230 131
2777 221 135
2778 232 132
2779 231 134
2780 221 136
2781 230 143
2782 223 135
2783 232 138
2784 222 142
2785 234 138
2786 228 137
2787 235 142
2788 226 132
2789 232 145
2790 226 146
2791 234 140
2792 233 134
2793 224 133
2794 221 144
2795 223 138
2796 226 145
2797 227 143
2798 229 135
2799 234 142
2800 230 136
2801 225 140
2802 223 145
2803 231 145
2804 230 133
2805 219 70
2806 214 76
2807 211 75
2808 217 81
2809 215 80
2810 203 72
2811 207 73
2812 214 67
2813 213 77
2814 213 76
2815 211 72
2816 211 66
2817 202 73
2818 208 74
2819 210 72
2820 220 72
2821 210 81
2822 204 79
2823 217 66
2824 206 72
2825 206 69
2826 206 76
2827 213 67
2828 205 81
2829 215 70
2830 211 78
2831 218 80
2832 220 66
2833 208 79
2834 208 73
2835 227 141
2836 228 136
2837 223 133
2838 225 136
2839 223 138
2840 221 139
2841 231 145
2842 234 131
2843 231 134
2844 231 145
2845 226 132
2846 221 136
2847 232 143
2848 225 145
2849 224 138
2850 231 133
2851 231 134
2852 231 133
2853 229 131
2854 229 142
2855 235 139
2856 223 137
2857 227 139
2858 226 137
2859 235 139
2860 223 141
2861 221 137
2862 221 144
2863 231 146
2864 232 132
2865 78 68
2866 69 78
2867 68 73
2868 68 67
2869 79 75
2870 81 71
2871 78 67
2872 72 71
2873 71 72
2874 66 80
2875 80 72
2876 80 79
2877 67 76
2878 66 75
2879 71 77
2880 68 70
2881 66 76
2882 68 71
2883 69 77
2884 66 76
2885 81 70
2886 36 38
2887 33 45
2888 38 37
2889 41 44
2890 44 41
2891 40 39
2892 41 31
2893 36 44
2894 44 43
2895 35 31
2896 46 40
2897 41 40
2898 39 34
2899 46 44
2900 39 46
2901 36 42
2902 46 32
2903 33 35
2904 39 32
2905 37 39
2906 43 37
2907 42 45
