227 248 10 2929
0 6
1 11
2 5
3 10
4 9
5 7
6 5
7 4
8 12
9 6
10 5
11 10
12 3
13 3
14 3
15 4
16 3
17 3
18 3
19 3
20 3
21 4
22 6
23 4
24 3
25 5
26 3
27 6
28 3
29 3
30 5
31 3
32 6
33 3
34 3
35 3
36 4
37 4
38 5
39 5
40 3
41 3
42 3
43 3
44 3
45 4
46 3
47 3
48 3
49 3
50 4
51 3
52 5
53 5
54 5
55 4
56 3
57 3
58 4
59 4
60 4
61 3
62 3
63 4
64 3
65 3
66 3
67 3
68 3
69 5
70 3
71 3
72 3
73 3
74 4
75 3
76 3
77 3
78 3
79 3
80 3
81 5
82 3
83 4
84 3
85 3
86 3
87 4
88 3
89 3
90 3
91 3
92 3
93 3
94 4
95 3
96 3
97 3
98 3
99 4
100 3
101 3
102 5
103 3
104 3
105 3
106 3
107 3
108 3
109 3
110 3
111 3
112 3
113 3
114 5
115 3
116 4
117 4
118 5
119 4
120 4
121 3
122 3
123 3
124 3
125 3
126 3
127 3
128 4
129 3
130 4
131 3
132 3
133 3
134 3
135 5
136 3
137 3
138 4
139 3
140 3
141 3
142 3
143 4
144 4
145 3
146 3
147 3
148 3
149 5
150 3
151 3
152 3
153 3
154 3
155 3
156 4
157 4
158 3
159 6
160 3
161 3
162 5
163 4
164 3
165 3
166 3
167 3
168 3
169 6
170 3
171 3
172 3
173 3
174 3
175 3
176 3
177 5
178 4
179 3
180 3
181 3
182 3
183 3
184 3
185 4
186 3
187 4
188 4
189 3
190 4
191 3
192 3
193 3
194 3
195 3
196 3
197 4
198 3
199 3
200 5
201 3
202 3
203 5
204 3
205 4
206 3
207 3
208 3
209 3
210 3
211 3
212 5
213 3
214 3
215 3
216 3
217 3
218 3
219 3
220 3
221 3
222 4
223 4
224 3
225 5
226 3
0 0 1
1 0 3
2 0 5
3 0 8
4 0 10
5 0 196
6 1 4
7 1 5
8 1 6
9 1 8
10 1 9
11 1 10
12 1 11
13 1 12
14 2 4
15 2 5
16 2 6
17 2 139
18 3 5
19 3 7
20 3 8
21 3 9
22 3 10
23 3 11
24 3 30
25 4 8
26 4 10
27 4 11
28 4 46
29 4 176
30 4 211
31 5 8
32 5 11
33 6 8
34 6 9
35 6 11
36 7 9
37 7 10
38 8 9
39 8 101
40 8 119
41 8 159
42 9 11
43 11 66
44 11 81
45 12 23
46 13 29
47 14 27
48 14 29
49 15 17
50 15 25
51 16 25
52 18 21
53 19 27
54 20 22
55 21 23
56 21 27
57 22 24
58 22 25
59 22 28
60 22 27
61 26 27
62 30 39
63 30 42
64 31 33
65 31 42
66 31 32
67 32 36
68 32 41
69 32 45
70 34 38
71 35 36
72 37 44
73 37 39
74 38 43
75 38 45
76 39 40
77 46 47
78 47 54
79 48 58
80 49 57
81 49 61
82 50 53
83 50 52
84 51 60
85 52 56
86 52 55
87 52 59
88 53 60
89 53 61
90 54 58
91 54 63
92 54 59
93 54 65
94 55 64
95 62 63
96 66 70
97 66 69
98 67 76
99 68 80
100 69 78
101 69 74
102 71 76
103 71 74
104 72 74
105 72 80
106 73 77
107 73 76
108 75 78
109 77 79
110 81 85
111 81 94
112 81 100
113 82 86
114 82 100
115 83 84
116 83 97
117 83 92
118 87 88
119 87 99
120 88 92
121 89 95
122 89 99
123 89 100
124 90 97
125 91 97
126 93 98
127 93 96
128 94 96
129 101 112
130 102 104
131 102 114
132 102 118
133 103 117
134 104 113
135 105 118
136 106 114
137 107 111
138 107 110
139 108 111
140 109 118
141 110 114
142 112 118
143 114 116
144 115 118
145 116 117
146 119 135
147 119 138
148 120 122
149 120 132
150 120 129
151 121 128
152 121 135
153 122 123
154 122 126
155 124 136
156 124 137
157 124 131
158 125 131
159 125 128
160 127 134
161 127 135
162 129 137
163 130 133
164 130 138
165 139 149
166 140 151
167 140 143
168 141 146
169 142 149
170 143 146
171 143 149
172 143 155
173 144 154
174 144 150
175 145 154
176 147 153
177 147 156
178 148 149
179 150 157
180 152 156
181 154 156
182 155 157
183 157 158
184 159 172
185 159 174
186 159 163
187 160 162
188 160 175
189 161 168
190 161 162
191 162 169
192 162 173
193 163 168
194 164 167
195 165 173
196 166 167
197 167 169
198 169 170
199 169 171
200 176 190
201 177 193
202 177 194
203 177 185
204 178 182
205 178 195
206 179 195
207 180 189
208 180 181
209 180 193
210 181 191
211 182 184
212 183 190
213 184 187
214 185 186
215 186 192
216 186 187
217 187 188
218 188 190
219 196 202
220 196 200
221 197 198
222 197 208
223 199 210
224 200 204
225 200 209
226 200 206
227 201 203
228 202 207
229 203 205
230 203 210
231 204 208
232 205 206
233 211 215
234 212 216
235 212 224
236 212 226
237 213 223
238 213 224
239 214 221
240 215 220
241 217 225
242 218 220
243 219 222
244 220 223
245 221 225
246 222 223
247 224 225
0 74 79
1 78 80
2 78 71
3 77 69
4 66 67
5 70 71
6 73 68
7 68 76
8 69 79
9 80 71
10 72 73
11 75 68
12 78 73
13 77 66
14 73 78
15 70 77
16 79 66
17 79 74
18 73 69
19 104 72
20 115 77
21 111 69
22 109 79
23 102 77
24 107 68
25 116 71
26 117 80
27 110 69
28 103 67
29 104 66
30 102 77
31 114 69
32 104 73
33 109 67
34 111 80
35 117 74
36 113 72
37 105 73
38 113 68
39 109 73
40 103 66
41 104 75
42 104 66
43 115 68
44 112 66
45 107 72
46 111 76
47 103 78
48 107 75
49 103 41
50 117 36
51 115 45
52 102 45
53 115 40
54 103 35
55 117 37
56 105 40
57 102 32
58 109 35
59 115 39
60 118 40
61 112 31
62 117 32
63 111 45
64 102 30
65 104 44
66 111 43
67 104 38
68 108 42
69 114 37
70 112 30
71 116 31
72 116 30
73 107 37
74 112 35
75 113 34
76 112 45
77 104 31
78 118 45
79 12 218
80 20 217
81 13 219
82 19 221
83 17 213
84 28 212
85 22 218
86 15 215
87 13 225
88 29 216
89 24 220
90 20 223
91 26 224
92 19 222
93 28 219
94 18 222
95 25 226
96 22 215
97 20 217
98 14 220
99 12 219
100 13 225
101 18 226
102 12 225
103 24 217
104 21 223
105 21 222
106 23 219
107 27 217
108 28 220
109 162 203
110 175 208
111 162 201
112 173 204
113 161 200
114 170 209
115 166 203
116 169 201
117 163 208
118 161 196
119 172 207
120 165 209
121 161 208
122 169 200
123 163 206
124 170 204
125 159 208
126 175 203
127 163 208
128 161 197
129 167 209
130 173 198
131 171 203
132 170 204
133 159 203
134 169 201
135 164 196
136 171 197
137 160 209
138 163 207
139 129 31
140 124 34
141 125 31
142 128 37
143 125 36
144 133 35
145 131 39
146 122 42
147 126 36
148 132 36
149 138 45
150 123 37
151 133 41
152 135 34
153 132 30
154 124 43
155 135 45
156 132 45
157 125 40
158 135 30
159 119 34
160 132 41
161 121 43
162 127 32
163 137 43
164 128 31
165 133 33
166 123 45
167 137 39
168 134 38
169 204 143
170 206 143
171 197 139
172 207 141
173 210 142
174 204 156
175 196 140
176 203 146
177 197 152
178 205 143
179 209 144
180 196 142
181 206 142
182 198 140
183 208 157
184 207 141
185 205 141
186 208 157
187 197 154
188 196 145
189 204 156
190 203 147
191 205 154
192 203 151
193 199 155
194 210 144
195 199 142
196 205 155
197 206 142
198 208 156
199 131 53
200 133 63
201 136 53
202 135 59
203 133 49
204 121 56
205 136 54
206 127 51
207 121 57
208 135 57
209 122 50
210 137 47
211 134 60
212 121 47
213 137 52
214 119 52
215 130 48
216 120 48
217 137 51
218 134 60
219 135 63
220 125 54
221 121 61
222 127 46
223 132 51
224 122 57
225 137 64
226 120 58
227 135 63
228 119 60
229 94 28
230 91 15
231 84 15
232 88 29
233 84 26
234 86 24
235 81 28
236 93 12
237 81 21
238 94 20
239 98 26
240 94 24
241 92 29
242 93 17
243 85 26
244 94 18
245 99 21
246 87 21
247 92 25
248 87 28
249 90 19
250 89 24
251 95 27
252 92 12
253 82 16
254 86 29
255 82 28
256 95 27
257 93 23
258 81 21
259 215 21
260 226 28
261 218 14
262 222 25
263 217 15
264 215 12
265 212 22
266 222 24
267 219 13
268 221 13
269 221 27
270 225 27
271 218 25
272 224 12
273 221 12
274 215 17
275 219 17
276 215 14
277 217 21
278 213 26
279 220 28
280 224 17
281 226 20
282 220 29
283 225 19
284 212 18
285 216 24
286 225 27
287 212 29
288 221 13
289 35 201
290 38 205
291 30 205
292 43 202
293 30 201
294 36 203
295 42 206
296 31 209
297 44 207
298 34 206
299 38 210
300 45 201
301 36 201
302 34 201
303 43 201
304 43 204
305 42 201
306 37 205
307 34 208
308 45 202
309 38 209
310 36 198
311 41 203
312 33 199
313 33 198
314 34 202
315 34 208
316 42 210
317 30 210
318 36 196
319 119 69
320 121 69
321 137 68
322 131 69
323 132 71
324 129 80
325 128 75
326 133 67
327 120 74
328 135 67
329 133 80
330 124 71
331 132 76
332 137 71
333 126 80
334 138 77
335 128 67
336 122 80
337 126 66
338 132 72
339 138 80
340 129 66
341 120 79
342 125 75
343 133 73
344 121 68
345 134 72
346 131 68
347 133 71
348 119 73
349 211 203
350 215 203
351 214 197
352 218 206
353 212 207
354 223 197
355 220 209
356 213 208
357 223 198
358 218 199
359 213 206
360 221 201
361 218 197
362 217 202
363 225 202
364 221 206
365 213 197
366 211 205
367 214 208
368 222 197
369 216 208
370 221 197
371 224 199
372 225 205
373 219 202
374 215 209
375 215 199
376 211 207
377 224 200
378 213 200
379 43 225
380 38 217
381 43 213
382 44 212
383 34 223
384 42 212
385 44 213
386 36 225
387 42 214
388 38 212
389 43 221
390 33 213
391 40 211
392 39 222
393 33 216
394 36 215
395 42 221
396 42 224
397 39 219
398 34 219
399 32 216
400 43 223
401 30 222
402 39 217
403 35 216
404 35 221
405 43 224
406 35 218
407 31 212
408 30 222
409 70 133
410 77 125
411 73 132
412 73 137
413 78 132
414 76 126
415 80 122
416 70 121
417 66 125
418 67 129
419 70 131
420 73 124
421 76 121
422 69 125
423 66 138
424 77 128
425 69 133
426 67 131
427 77 120
428 74 127
429 67 126
430 67 119
431 76 128
432 67 124
433 74 130
434 78 128
435 67 135
436 70 120
437 76 136
438 67 121
439 121 43
440 135 45
441 127 30
442 137 40
443 121 35
444 134 42
445 122 45
446 138 37
447 125 40
448 126 35
449 131 43
450 122 36
451 125 35
452 120 31
453 134 39
454 129 30
455 131 44
456 130 39
457 121 37
458 128 37
459 119 40
460 137 30
461 121 34
462 130 33
463 123 39
464 120 34
465 130 34
466 133 43
467 124 40
468 129 40
469 166 22
470 173 15
471 172 17
472 165 13
473 173 12
474 170 28
475 173 15
476 165 25
477 160 29
478 164 12
479 175 22
480 163 17
481 162 22
482 165 14
483 167 14
484 165 24
485 162 23
486 167 20
487 170 13
488 163 21
489 175 20
490 175 19
491 167 24
492 174 16
493 174 13
494 167 14
495 161 21
496 163 12
497 170 21
498 169 22
499 98 129
500 85 136
501 83 125
502 94 122
503 95 125
504 84 122
505 97 126
506 97 130
507 86 120
508 81 135
509 86 126
510 89 123
511 100 136
512 83 126
513 99 130
514 100 127
515 100 138
516 93 138
517 86 129
518 91 129
519 92 130
520 96 127
521 87 134
522 90 125
523 81 130
524 95 133
525 90 120
526 92 121
527 86 125
528 97 120
529 82 16
530 84 19
531 100 15
532 92 18
533 85 27
534 84 22
535 94 13
536 88 20
537 92 29
538 97 17
539 91 17
540 100 12
541 81 24
542 93 14
543 86 20
544 86 25
545 98 24
546 85 23
547 81 16
548 86 27
549 87 18
550 100 20
551 85 27
552 85 15
553 92 19
554 84 13
555 95 17
556 85 21
557 81 19
558 85 21
559 40 10
560 34 1
561 35 11
562 32 3
563 33 11
564 34 1
565 44 8
566 38 1
567 43 11
568 32 5
569 37 1
570 31 9
571 45 6
572 33 10
573 31 9
574 39 4
575 33 9
576 40 6
577 42 8
578 41 4
579 35 8
580 32 11
581 33 0
582 43 4
583 43 9
584 43 6
585 44 7
586 33 8
587 38 3
588 215 114
589 213 108
590 221 108
591 217 101
592 221 116
593 211 101
594 216 116
595 216 117
596 224 102
597 211 117
598 214 102
599 226 104
600 223 108
601 219 116
602 218 104
603 219 118
604 222 114
605 221 115
606 217 105
607 222 115
608 216 101
609 220 105
610 224 111
611 217 109
612 220 107
613 217 105
614 218 115
615 213 104
616 212 104
617 214 107
618 198 102
619 209 113
620 208 113
621 197 107
622 210 104
623 204 112
624 205 107
625 203 112
626 207 118
627 202 110
628 208 108
629 201 113
630 197 116
631 200 104
632 208 103
633 205 111
634 207 118
635 196 118
636 201 103
637 196 105
638 204 118
639 201 112
640 206 106
641 209 118
642 203 103
643 202 111
644 200 112
645 203 109
646 206 112
647 208 115
648 51 104
649 65 112
650 64 113
651 50 115
652 55 110
653 49 117
654 58 114
655 60 105
656 46 110
657 54 101
658 46 104
659 53 114
660 48 105
661 65 108
662 65 110
663 63 114
664 57 117
665 60 106
666 50 112
667 56 118
668 51 114
669 60 114
670 55 106
671 47 107
672 46 111
673 63 111
674 56 117
675 63 103
676 59 108
677 62 113
678 179 184
679 179 180
680 192 177
681 183 181
682 190 194
683 187 194
684 177 192
685 182 189
686 177 184
687 178 194
688 183 192
689 180 179
690 190 184
691 189 190
692 194 178
693 187 176
694 177 183
695 179 194
696 191 177
697 188 180
698 191 183
699 188 189
700 185 181
701 190 185
702 191 188
703 182 189
704 177 191
705 17 84
706 26 100
707 29 83
708 12 99
709 23 97
710 16 100
711 13 96
712 26 91
713 21 97
714 15 87
715 21 95
716 24 85
717 19 92
718 25 87
719 15 90
720 27 97
721 13 98
722 17 93
723 12 96
724 19 92
725 20 83
726 22 92
727 15 84
728 13 88
729 22 85
730 28 84
731 26 84
732 15 99
733 21 83
734 15 98
735 155 224
736 151 216
737 153 222
738 154 222
739 157 224
740 148 217
741 155 223
742 140 223
743 148 222
744 143 224
745 151 221
746 150 211
747 144 214
748 143 214
749 151 212
750 155 215
751 157 221
752 145 224
753 151 226
754 158 220
755 153 220
756 139 213
757 158 224
758 154 224
759 149 212
760 149 215
761 158 224
762 152 217
763 143 217
764 147 214
765 117 72
766 106 72
767 114 77
768 105 79
769 106 67
770 110 70
771 114 80
772 107 75
773 109 69
774 118 67
775 115 79
776 113 74
777 114 75
778 107 78
779 109 78
780 113 67
781 115 79
782 105 76
783 107 78
784 110 77
785 115 76
786 116 74
787 116 75
788 115 70
789 116 79
790 114 80
791 118 80
792 111 78
793 110 80
794 105 76
795 6 124
796 1 121
797 0 126
798 6 120
799 3 123
800 0 131
801 6 124
802 9 134
803 2 125
804 3 136
805 3 128
806 6 120
807 2 130
808 5 133
809 1 127
810 4 124
811 2 135
812 8 136
813 11 122
814 2 119
815 1 130
816 6 128
817 7 133
818 3 121
819 10 135
820 1 135
821 10 133
822 4 137
823 5 121
824 1 121
825 113 200
826 103 208
827 105 196
828 101 197
829 118 198
830 116 206
831 111 206
832 112 204
833 115 200
834 115 201
835 113 204
836 105 201
837 103 197
838 103 196
839 108 208
840 116 197
841 118 199
842 115 205
843 108 197
844 111 197
845 110 205
846 103 199
847 103 201
848 110 209
849 111 207
850 110 201
851 114 210
852 103 206
853 117 206
854 117 206
855 224 4
856 218 6
857 220 9
858 226 4
859 215 0
860 217 6
861 212 5
862 218 3
863 214 4
864 223 2
865 222 8
866 222 1
867 221 4
868 216 5
869 215 7
870 214 10
871 214 2
872 214 6
873 223 2
874 217 1
875 213 11
876 218 2
877 219 3
878 218 9
879 221 8
880 216 7
881 221 0
882 226 1
883 216 7
884 88 32
885 89 44
886 100 33
887 85 41
888 89 38
889 84 31
890 87 34
891 96 36
892 87 32
893 95 32
894 81 41
895 89 37
896 84 36
897 87 39
898 89 39
899 94 42
900 88 45
901 90 36
902 89 36
903 97 37
904 96 38
905 93 44
906 98 34
907 89 36
908 83 34
909 89 33
910 99 30
911 84 31
912 97 35
913 95 31
914 26 85
915 27 81
916 25 86
917 19 94
918 21 87
919 19 99
920 21 88
921 25 97
922 18 86
923 22 86
924 18 98
925 13 82
926 21 90
927 17 99
928 15 82
929 19 97
930 14 86
931 18 83
932 24 83
933 29 99
934 25 92
935 14 99
936 18 88
937 23 85
938 13 95
939 12 100
940 27 85
941 16 86
942 29 81
943 29 84
944 39 50
945 32 46
946 39 46
947 42 55
948 42 54
949 44 49
950 39 48
951 37 65
952 42 51
953 45 61
954 34 55
955 32 64
956 36 54
957 44 47
958 41 60
959 32 64
960 34 49
961 43 55
962 45 54
963 34 55
964 38 57
965 31 48
966 38 52
967 32 53
968 45 60
969 44 57
970 36 57
971 37 49
972 30 48
973 33 48
974 66 123
975 68 123
976 76 124
977 72 134
978 78 130
979 75 121
980 72 132
981 76 136
982 76 136
983 67 122
984 68 124
985 66 124
986 67 133
987 66 135
988 76 138
989 68 133
990 77 121
991 73 119
992 66 129
993 80 137
994 67 119
995 71 134
996 80 123
997 75 120
998 72 135
999 70 132
1000 69 136
1001 80 133
1002 67 126
1003 72 129
1004 180 4
1005 185 9
1006 177 6
1007 184 10
1008 195 8
1009 179 10
1010 178 7
1011 180 9
1012 184 3
1013 195 0
1014 191 10
1015 181 11
1016 188 3
1017 181 11
1018 194 2
1019 177 5
1020 190 10
1021 179 1
1022 195 2
1023 182 11
1024 180 7
1025 179 11
1026 187 5
1027 177 10
1028 187 5
1029 178 0
1030 195 4
1031 183 7
1032 176 6
1033 185 9
1034 154 164
1035 139 171
1036 157 165
1037 157 162
1038 139 170
1039 143 171
1040 139 163
1041 149 171
1042 154 168
1043 140 164
1044 154 160
1045 140 161
1046 141 167
1047 142 163
1048 143 172
1049 142 167
1050 139 171
1051 145 160
1052 139 164
1053 139 162
1054 142 166
1055 153 170
1056 153 165
1057 150 170
1058 151 173
1059 147 166
1060 141 161
1061 158 165
1062 149 165
1063 148 169
1064 152 66
1065 151 78
1066 157 69
1067 147 80
1068 152 78
1069 157 70
1070 150 69
1071 148 78
1072 156 73
1073 146 69
1074 145 78
1075 141 78
1076 152 77
1077 149 79
1078 142 80
1079 139 67
1080 154 72
1081 158 79
1082 146 78
1083 156 74
1084 156 68
1085 155 77
1086 158 70
1087 141 69
1088 157 76
1089 149 79
1090 144 72
1091 158 76
1092 147 77
1093 155 69
1094 47 51
1095 58 55
1096 49 46
1097 51 55
1098 60 52
1099 57 52
1100 63 61
1101 49 48
1102 46 64
1103 59 60
1104 58 62
1105 61 52
1106 64 50
1107 53 65
1108 46 57
1109 56 46
1110 56 62
1111 65 46
1112 49 54
1113 59 64
1114 47 60
1115 59 48
1116 48 61
1117 55 62
1118 77 95
1119 72 82
1120 78 86
1121 74 84
1122 71 82
1123 73 89
1124 75 84
1125 75 84
1126 77 100
1127 71 84
1128 74 82
1129 76 84
1130 80 87
1131 80 93
1132 70 91
1133 67 100
1134 74 84
1135 80 90
1136 80 84
1137 79 97
1138 79 96
1139 79 85
1140 73 84
1141 72 87
1142 70 93
1143 78 85
1144 79 100
1145 75 92
1146 75 82
1147 69 84
1148 14 217
1149 21 225
1150 17 225
1151 28 217
1152 17 215
1153 25 220
1154 24 219
1155 21 221
1156 24 218
1157 21 220
1158 27 226
1159 25 214
1160 13 219
1161 20 222
1162 26 212
1163 19 217
1164 13 223
1165 13 225
1166 12 226
1167 26 216
1168 22 217
1169 22 224
1170 28 225
1171 25 221
1172 20 213
1173 21 217
1174 12 214
1175 19 215
1176 28 213
1177 26 217
1178 4 45
1179 7 45
1180 6 43
1181 11 35
1182 7 40
1183 5 41
1184 10 43
1185 3 44
1186 2 40
1187 2 43
1188 2 30
1189 11 37
1190 8 36
1191 3 36
1192 11 42
1193 4 34
1194 9 38
1195 8 31
1196 10 44
1197 11 40
1198 2 34
1199 9 37
1200 1 40
1201 7 43
1202 3 34
1203 1 39
1204 7 45
1205 0 44
1206 7 32
1207 6 35
1208 0 36
1209 0 36
1210 2 37
1211 2 31
1212 9 35
1213 3 40
1214 5 45
1215 7 44
1216 1 34
1217 10 45
1218 8 32
1219 1 42
1220 2 41
1221 10 38
1222 10 33
1223 6 35
1224 6 41
1225 5 38
1226 6 40
1227 2 36
1228 10 35
1229 4 44
1230 10 37
1231 4 39
1232 93 77
1233 90 77
1234 89 75
1235 91 78
1236 83 77
1237 82 66
1238 92 80
1239 93 79
1240 91 78
1241 83 79
1242 97 67
1243 92 67
1244 88 77
1245 89 75
1246 96 72
1247 94 77
1248 95 76
1249 89 78
1250 86 71
1251 82 75
1252 94 77
1253 87 78
1254 99 78
1255 90 74
1256 99 74
1257 98 71
1258 98 70
1259 89 70
1260 95 70
1261 82 79
1262 74 132
1263 67 131
1264 77 134
1265 68 129
1266 74 136
1267 77 125
1268 75 123
1269 77 125
1270 77 128
1271 75 129
1272 72 121
1273 67 123
1274 66 136
1275 66 128
1276 80 128
1277 73 131
1278 75 133
1279 76 130
1280 67 123
1281 66 127
1282 67 120
1283 75 136
1284 67 128
1285 68 121
1286 76 126
1287 76 138
1288 69 138
1289 77 136
1290 80 135
1291 76 135
1292 79 89
1293 78 81
1294 79 84
1295 73 83
1296 77 83
1297 70 83
1298 80 88
1299 71 95
1300 72 90
1301 73 83
1302 79 93
1303 75 88
1304 80 82
1305 68 82
1306 71 95
1307 77 98
1308 71 94
1309 69 88
1310 71 89
1311 67 83
1312 68 87
1313 75 88
1314 67 89
1315 69 100
1316 78 100
1317 72 89
1318 74 97
1319 77 98
1320 76 86
1321 67 86
1322 149 219
1323 152 225
1324 153 223
1325 157 215
1326 154 220
1327 144 219
1328 145 225
1329 144 214
1330 146 225
1331 152 224
1332 150 222
1333 155 222
1334 140 213
1335 156 212
1336 146 217
1337 158 226
1338 149 226
1339 141 216
1340 151 222
1341 140 213
1342 151 225
1343 156 211
1344 146 225
1345 154 215
1346 151 223
1347 143 218
1348 146 213
1349 154 220
1350 151 222
1351 151 211
1352 50 9
1353 49 11
1354 48 5
1355 58 7
1356 60 11
1357 46 6
1358 60 6
1359 49 5
1360 58 0
1361 49 11
1362 64 7
1363 53 9
1364 51 0
1365 64 2
1366 64 9
1367 53 1
1368 57 10
1369 63 6
1370 47 11
1371 61 4
1372 50 1
1373 64 11
1374 49 9
1375 63 0
1376 65 9
1377 64 3
1378 65 1
1379 63 1
1380 58 9
1381 203 160
1382 197 164
1383 196 168
1384 202 175
1385 203 169
1386 196 165
1387 196 173
1388 210 159
1389 197 165
1390 208 160
1391 203 169
1392 206 160
1393 201 164
1394 206 164
1395 208 171
1396 207 159
1397 196 163
1398 203 169
1399 209 163
1400 198 162
1401 205 164
1402 199 159
1403 202 167
1404 203 172
1405 201 162
1406 206 161
1407 208 168
1408 210 172
1409 204 163
1410 206 161
1411 28 134
1412 23 131
1413 16 120
1414 20 121
1415 15 129
1416 20 132
1417 26 130
1418 20 125
1419 14 130
1420 26 136
1421 28 134
1422 26 131
1423 15 131
1424 20 122
1425 19 135
1426 15 129
1427 18 120
1428 14 122
1429 27 124
1430 23 132
1431 24 137
1432 22 121
1433 18 131
1434 25 119
1435 19 125
1436 20 133
1437 14 137
1438 13 131
1439 22 125
1440 15 137
1441 222 64
1442 226 57
1443 219 53
1444 225 58
1445 211 56
1446 221 62
1447 219 63
1448 211 60
1449 223 51
1450 214 49
1451 215 57
1452 214 54
1453 218 47
1454 212 61
1455 216 58
1456 216 59
1457 222 47
1458 218 55
1459 211 51
1460 211 63
1461 221 55
1462 226 52
1463 225 53
1464 222 48
1465 213 64
1466 212 62
1467 226 52
1468 219 62
1469 226 53
1470 213 65
1471 53 134
1472 50 137
1473 64 132
1474 52 125
1475 63 124
1476 46 128
1477 46 137
1478 65 119
1479 50 125
1480 57 127
1481 47 123
1482 63 129
1483 46 126
1484 50 132
1485 62 128
1486 51 132
1487 48 133
1488 57 119
1489 60 130
1490 53 119
1491 47 125
1492 49 128
1493 65 125
1494 55 122
1495 60 127
1496 62 135
1497 61 122
1498 65 127
1499 53 131
1500 62 122
1501 143 18
1502 143 27
1503 146 25
1504 156 26
1505 142 16
1506 153 28
1507 149 19
1508 153 15
1509 150 20
1510 154 22
1511 157 28
1512 155 15
1513 158 19
1514 157 19
1515 149 17
1516 156 17
1517 141 20
1518 158 20
1519 151 12
1520 156 25
1521 141 19
1522 151 13
1523 156 16
1524 147 29
1525 144 20
1526 142 12
1527 154 22
1528 148 22
1529 149 29
1530 147 19
1531 154 108
1532 143 105
1533 140 109
1534 157 114
1535 151 105
1536 149 102
1537 148 118
1538 140 117
1539 142 114
1540 155 109
1541 143 114
1542 158 116
1543 148 103
1544 139 115
1545 158 115
1546 142 103
1547 144 103
1548 148 102
1549 140 109
1550 143 106
1551 154 113
1552 148 116
1553 141 109
1554 154 116
1555 156 105
1556 147 110
1557 152 118
1558 158 107
1559 140 105
1560 144 111
1561 186 74
1562 185 78
1563 180 66
1564 185 74
1565 182 79
1566 192 76
1567 176 78
1568 182 70
1569 177 78
1570 188 77
1571 178 75
1572 194 67
1573 195 75
1574 185 72
1575 194 74
1576 188 72
1577 193 71
1578 194 77
1579 194 78
1580 178 71
1581 185 73
1582 193 69
1583 180 74
1584 177 66
1585 194 69
1586 178 69
1587 185 71
1588 190 80
1589 180 78
1590 178 71
1591 66 61
1592 74 57
1593 67 62
1594 76 57
1595 74 64
1596 66 64
1597 69 62
1598 72 50
1599 68 47
1600 69 51
1601 76 56
1602 79 61
1603 74 48
1604 73 49
1605 78 59
1606 79 63
1607 70 53
1608 75 54
1609 68 63
1610 74 49
1611 68 64
1612 77 59
1613 70 61
1614 69 59
1615 69 50
1616 71 50
1617 78 48
1618 67 49
1619 69 55
1620 74 62
1621 173 182
1622 160 195
1623 172 188
1624 174 181
1625 175 180
1626 168 186
1627 163 184
1628 169 186
1629 161 177
1630 163 179
1631 160 195
1632 175 180
1633 164 187
1634 168 184
1635 168 187
1636 161 180
1637 168 185
1638 170 193
1639 174 188
1640 164 187
1641 165 180
1642 162 183
1643 166 187
1644 159 195
1645 165 189
1646 162 188
1647 160 185
1648 164 182
1649 171 194
1650 162 181
1651 196 2
1652 197 11
1653 202 2
1654 207 3
1655 208 10
1656 205 2
1657 209 10
1658 204 5
1659 207 2
1660 201 6
1661 205 6
1662 202 6
1663 203 2
1664 203 7
1665 209 5
1666 210 6
1667 204 2
1668 206 4
1669 202 4
1670 199 8
1671 201 6
1672 209 10
1673 201 0
1674 200 10
1675 204 3
1676 208 6
1677 199 11
1678 210 4
1679 199 9
1680 196 4
1681 30 15
1682 39 19
1683 42 21
1684 30 13
1685 39 24
1686 34 16
1687 45 12
1688 31 28
1689 41 27
1690 33 15
1691 31 17
1692 45 24
1693 42 16
1694 36 21
1695 32 19
1696 41 15
1697 31 13
1698 32 27
1699 35 14
1700 30 21
1701 44 25
1702 43 17
1703 39 17
1704 37 28
1705 33 15
1706 38 29
1707 37 26
1708 42 21
1709 44 29
1710 31 25
1711 62 157
1712 56 149
1713 50 151
1714 58 140
1715 49 142
1716 47 141
1717 60 148
1718 56 149
1719 58 154
1720 64 158
1721 47 145
1722 48 144
1723 52 146
1724 62 147
1725 65 145
1726 65 144
1727 55 139
1728 60 156
1729 61 158
1730 61 152
1731 60 155
1732 59 151
1733 58 145
1734 50 150
1735 47 142
1736 59 155
1737 49 139
1738 56 139
1739 54 141
1740 50 144
1741 33 214
1742 30 226
1743 38 216
1744 45 215
1745 36 220
1746 44 216
1747 33 220
1748 35 225
1749 40 217
1750 44 215
1751 38 225
1752 37 222
1753 41 221
1754 42 211
1755 33 222
1756 39 213
1757 43 216
1758 40 213
1759 39 218
1760 39 212
1761 41 212
1762 36 215
1763 41 223
1764 37 214
1765 35 223
1766 42 221
1767 44 221
1768 42 222
1769 44 213
1770 36 213
1771 110 161
1772 118 161
1773 116 166
1774 105 164
1775 111 164
1776 110 164
1777 112 160
1778 107 166
1779 108 165
1780 112 175
1781 113 168
1782 116 169
1783 111 174
1784 104 171
1785 117 169
1786 117 170
1787 108 172
1788 118 162
1789 107 171
1790 116 163
1791 101 161
1792 106 164
1793 118 163
1794 109 169
1795 107 175
1796 111 160
1797 109 168
1798 101 168
1799 102 172
1800 105 168
1801 84 64
1802 83 54
1803 96 58
1804 94 51
1805 87 55
1806 83 53
1807 89 53
1808 97 65
1809 92 59
1810 93 47
1811 86 59
1812 97 56
1813 84 46
1814 87 62
1815 90 65
1816 97 50
1817 94 54
1818 100 46
1819 99 47
1820 86 56
1821 92 60
1822 98 50
1823 95 63
1824 85 61
1825 86 57
1826 83 58
1827 83 46
1828 100 46
1829 81 54
1830 88 51
1831 33 69
1832 44 76
1833 36 77
1834 32 66
1835 41 78
1836 35 77
1837 38 75
1838 42 68
1839 41 69
1840 32 78
1841 35 71
1842 42 75
1843 31 70
1844 36 72
1845 36 67
1846 40 77
1847 36 68
1848 36 69
1849 35 72
1850 38 79
1851 36 66
1852 36 66
1853 35 77
1854 42 80
1855 31 75
1856 43 74
1857 45 72
1858 35 71
1859 39 69
1860 38 74
1861 145 186
1862 144 191
1863 141 178
1864 150 181
1865 140 182
1866 158 190
1867 152 193
1868 151 180
1869 149 193
1870 148 185
1871 143 194
1872 144 176
1873 143 191
1874 152 179
1875 145 177
1876 144 186
1877 140 192
1878 143 193
1879 145 186
1880 147 193
1881 141 194
1882 148 179
1883 153 194
1884 156 189
1885 150 195
1886 156 187
1887 157 182
1888 149 195
1889 147 180
1890 147 181
1891 176 81
1892 190 89
1893 194 83
1894 190 98
1895 181 93
1896 179 100
1897 178 97
1898 188 93
1899 194 91
1900 186 86
1901 189 98
1902 189 99
1903 177 89
1904 179 97
1905 195 96
1906 187 94
1907 191 83
1908 177 83
1909 185 92
1910 193 83
1911 194 94
1912 195 91
1913 193 90
1914 178 99
1915 186 92
1916 187 83
1917 193 95
1918 178 99
1919 189 87
1920 195 93
1921 153 45
1922 144 40
1923 142 31
1924 142 42
1925 143 33
1926 157 44
1927 156 30
1928 151 34
1929 153 33
1930 157 36
1931 152 39
1932 154 44
1933 147 41
1934 148 40
1935 141 40
1936 139 40
1937 141 32
1938 158 43
1939 147 38
1940 146 33
1941 142 39
1942 144 45
1943 149 31
1944 154 41
1945 146 45
1946 147 38
1947 140 34
1948 149 33
1949 147 36
1950 157 35
1951 68 141
1952 66 141
1953 77 150
1954 71 143
1955 71 139
1956 80 142
1957 68 151
1958 78 155
1959 79 149
1960 72 143
1961 69 143
1962 76 139
1963 74 143
1964 76 156
1965 71 152
1966 70 148
1967 72 150
1968 76 146
1969 67 144
1970 74 142
1971 67 148
1972 72 153
1973 66 155
1974 70 141
1975 67 146
1976 67 141
1977 67 146
1978 76 153
1979 78 152
1980 70 156
1981 31 22
1982 41 20
1983 35 13
1984 42 25
1985 30 22
1986 38 19
1987 42 12
1988 43 17
1989 40 20
1990 38 23
1991 44 29
1992 42 26
1993 32 29
1994 44 24
1995 41 18
1996 32 17
1997 42 13
1998 42 20
1999 32 19
2000 30 17
2001 30 23
2002 35 29
2003 36 21
2004 38 21
2005 30 13
2006 38 23
2007 37 17
2008 34 24
2009 44 18
2010 36 18
2011 180 40
2012 183 43
2013 188 38
2014 179 32
2015 188 39
2016 179 41
2017 182 32
2018 182 34
2019 176 40
2020 185 31
2021 179 36
2022 187 36
2023 181 32
2024 180 33
2025 187 34
2026 187 31
2027 183 42
2028 193 36
2029 195 39
2030 188 38
2031 195 38
2032 185 41
2033 178 41
2034 177 35
2035 179 32
2036 176 32
2037 187 38
2038 189 36
2039 190 30
2040 181 33
2041 59 85
2042 64 100
2043 61 95
2044 51 91
2045 55 90
2046 54 91
2047 61 96
2048 65 88
2049 48 86
2050 64 84
2051 58 87
2052 61 87
2053 50 84
2054 57 87
2055 54 99
2056 54 86
2057 62 98
2058 61 86
2059 49 99
2060 64 82
2061 61 86
2062 59 90
2063 61 84
2064 47 94
2065 60 97
2066 65 88
2067 54 85
2068 55 88
2069 48 97
2070 50 90
2071 166 40
2072 162 38
2073 162 40
2074 166 36
2075 167 34
2076 170 36
2077 160 43
2078 160 35
2079 159 31
2080 169 33
2081 174 40
2082 162 39
2083 166 42
2084 159 40
2085 169 37
2086 159 37
2087 173 43
2088 163 34
2089 164 39
2090 170 45
2091 170 45
2092 169 35
2093 169 44
2094 165 33
2095 160 42
2096 170 43
2097 167 31
2098 167 43
2099 171 42
2100 167 41
2101 75 41
2102 67 32
2103 78 34
2104 70 36
2105 66 40
2106 72 42
2107 77 32
2108 68 31
2109 71 32
2110 69 33
2111 76 38
2112 69 41
2113 74 37
2114 69 33
2115 74 33
2116 70 43
2117 75 34
2118 74 31
2119 78 40
2120 71 35
2121 73 39
2122 69 39
2123 71 36
2124 66 33
2125 69 31
2126 70 31
2127 80 35
2128 73 38
2129 74 45
2130 69 41
2131 44 150
2132 43 147
2133 39 148
2134 37 150
2135 31 151
2136 44 153
2137 44 140
2138 33 150
2139 43 153
2140 45 149
2141 38 140
2142 36 155
2143 44 155
2144 35 145
2145 37 144
2146 35 144
2147 35 155
2148 42 148
2149 31 152
2150 30 157
2151 34 155
2152 30 154
2153 44 140
2154 39 150
2155 35 140
2156 41 149
2157 33 151
2158 44 140
2159 39 153
2160 30 142
2161 223 72
2162 212 68
2163 222 79
2164 213 68
2165 216 70
2166 224 74
2167 217 74
2168 212 75
2169 213 75
2170 217 74
2171 217 75
2172 218 68
2173 219 74
2174 214 80
2175 225 76
2176 223 70
2177 226 79
2178 219 74
2179 220 78
2180 216 66
2181 211 70
2182 215 77
2183 222 70
2184 213 70
2185 223 66
2186 211 67
2187 221 77
2188 212 77
2189 211 76
2190 226 70
2191 35 26
2192 40 15
2193 32 18
2194 31 22
2195 34 16
2196 30 14
2197 45 15
2198 30 23
2199 32 28
2200 38 17
2201 44 18
2202 35 15
2203 42 16
2204 40 18
2205 43 18
2206 40 27
2207 43 25
2208 45 21
2209 36 22
2210 43 27
2211 32 12
2212 41 24
2213 33 12
2214 35 28
2215 35 26
2216 36 23
2217 32 16
2218 41 19
2219 44 26
2220 40 21
2221 57 69
2222 52 74
2223 54 78
2224 53 66
2225 64 71
2226 50 68
2227 61 68
2228 48 79
2229 54 77
2230 46 72
2231 65 78
2232 54 73
2233 46 70
2234 61 79
2235 61 79
2236 49 69
2237 54 80
2238 63 76
2239 53 77
2240 59 75
2241 47 75
2242 54 80
2243 48 77
2244 63 69
2245 65 76
2246 50 70
2247 60 77
2248 57 69
2249 56 67
2250 57 70
2251 167 91
2252 169 100
2253 165 90
2254 167 85
2255 165 88
2256 169 87
2257 174 88
2258 161 94
2259 175 92
2260 164 91
2261 167 94
2262 162 91
2263 170 82
2264 165 86
2265 166 86
2266 166 98
2267 167 93
2268 161 93
2269 164 87
2270 159 91
2271 165 82
2272 160 92
2273 161 89
2274 168 89
2275 167 97
2276 160 95
2277 174 92
2278 170 87
2279 165 93
2280 171 81
2281 74 193
2282 73 190
2283 76 187
2284 70 177
2285 73 193
2286 70 192
2287 72 189
2288 71 185
2289 75 192
2290 72 183
2291 67 189
2292 80 184
2293 80 188
2294 74 181
2295 80 180
2296 74 176
2297 77 186
2298 69 188
2299 79 187
2300 69 187
2301 77 188
2302 71 184
2303 77 176
2304 70 181
2305 74 195
2306 66 176
2307 70 182
2308 78 180
2309 73 184
2310 76 194
2311 39 79
2312 43 78
2313 34 73
2314 39 79
2315 39 79
2316 41 74
2317 45 79
2318 45 77
2319 37 74
2320 39 70
2321 40 78
2322 45 78
2323 40 80
2324 30 68
2325 37 74
2326 31 78
2327 45 69
2328 31 72
2329 44 71
2330 40 80
2331 38 79
2332 43 69
2333 33 67
2334 40 68
2335 43 69
2336 43 72
2337 39 74
2338 38 72
2339 31 79
2340 40 69
2341 63 194
2342 55 178
2343 60 185
2344 65 180
2345 53 193
2346 64 195
2347 48 179
2348 62 186
2349 47 180
2350 47 189
2351 46 192
2352 46 182
2353 48 191
2354 54 186
2355 48 185
2356 52 181
2357 60 188
2358 48 188
2359 57 186
2360 53 191
2361 51 193
2362 47 184
2363 48 193
2364 52 182
2365 49 188
2366 59 186
2367 65 179
2368 62 189
2369 52 192
2370 59 191
2371 156 60
2372 154 57
2373 145 51
2374 155 63
2375 147 59
2376 142 54
2377 154 49
2378 154 61
2379 151 53
2380 142 47
2381 141 60
2382 149 64
2383 146 54
2384 156 57
2385 157 54
2386 146 54
2387 144 51
2388 158 50
2389 146 64
2390 158 65
2391 149 48
2392 141 48
2393 157 58
2394 152 51
2395 143 49
2396 146 62
2397 157 50
2398 154 63
2399 151 60
2400 140 52
2401 113 37
2402 108 36
2403 113 43
2404 110 42
2405 108 44
2406 115 43
2407 103 41
2408 108 36
2409 111 43
2410 110 44
2411 116 36
2412 110 39
2413 118 38
2414 108 43
2415 109 39
2416 109 39
2417 113 32
2418 113 39
2419 105 35
2420 103 37
2421 104 36
2422 110 37
2423 106 42
2424 102 37
2425 102 38
2426 111 44
2427 118 30
2428 102 37
2429 118 38
2430 117 32
2431 45 215
2432 41 223
2433 45 212
2434 34 226
2435 38 223
2436 41 212
2437 43 223
2438 43 222
2439 44 226
2440 33 221
2441 41 225
2442 30 225
2443 43 222
2444 43 220
2445 38 224
2446 33 215
2447 31 224
2448 35 221
2449 39 220
2450 43 213
2451 40 223
2452 41 212
2453 36 217
2454 33 211
2455 38 226
2456 42 220
2457 45 219
2458 37 222
2459 34 226
2460 30 219
2461 56 205
2462 57 208
2463 49 199
2464 57 203
2465 49 199
2466 53 206
2467 61 199
2468 58 201
2469 56 200
2470 61 210
2471 53 203
2472 50 198
2473 63 206
2474 58 200
2475 54 207
2476 55 210
2477 53 208
2478 60 197
2479 56 203
2480 46 196
2481 61 207
2482 47 203
2483 61 199
2484 61 210
2485 57 200
2486 53 208
2487 52 204
2488 52 208
2489 52 198
2490 63 196
2491 59 205
2492 55 210
2493 50 200
2494 51 204
2495 62 207
2496 50 205
2497 65 202
2498 65 206
2499 59 197
2500 59 202
2501 56 196
2502 63 208
2503 57 202
2504 46 203
2505 59 198
2506 49 207
2507 56 210
2508 60 200
2509 65 208
2510 50 210
2511 57 210
2512 62 210
2513 61 203
2514 56 210
2515 55 204
2516 61 196
2517 65 199
2518 59 208
2519 62 203
2520 65 208
2521 31 155
2522 33 146
2523 41 143
2524 45 142
2525 40 143
2526 41 149
2527 44 151
2528 44 139
2529 37 156
2530 31 144
2531 39 147
2532 38 144
2533 38 152
2534 30 139
2535 33 139
2536 33 141
2537 35 145
2538 42 149
2539 32 158
2540 34 144
2541 40 147
2542 40 154
2543 32 155
2544 40 143
2545 40 154
2546 35 149
2547 34 149
2548 38 145
2549 32 153
2550 45 152
2551 196 106
2552 205 114
2553 210 102
2554 199 106
2555 197 112
2556 207 107
2557 199 103
2558 203 107
2559 209 116
2560 198 102
2561 207 108
2562 199 107
2563 210 112
2564 200 115
2565 208 114
2566 199 117
2567 205 107
2568 210 117
2569 199 106
2570 210 103
2571 206 118
2572 202 116
2573 204 118
2574 197 104
2575 199 108
2576 203 118
2577 210 111
2578 207 109
2579 197 109
2580 200 116
2581 201 43
2582 200 32
2583 198 38
2584 207 40
2585 206 35
2586 198 43
2587 203 43
2588 200 41
2589 205 38
2590 209 36
2591 202 36
2592 203 35
2593 199 41
2594 207 32
2595 196 44
2596 208 35
2597 207 39
2598 210 38
2599 201 40
2600 205 41
2601 198 37
2602 202 34
2603 197 35
2604 202 44
2605 208 31
2606 201 35
2607 202 45
2608 203 39
2609 199 43
2610 196 39
2611 44 54
2612 43 60
2613 39 49
2614 38 46
2615 38 49
2616 38 46
2617 44 47
2618 34 61
2619 37 65
2620 38 51
2621 34 46
2622 43 50
2623 36 52
2624 32 51
2625 31 49
2626 31 56
2627 40 65
2628 30 50
2629 34 58
2630 44 46
2631 40 51
2632 40 48
2633 32 49
2634 31 65
2635 35 55
2636 33 50
2637 31 57
2638 42 49
2639 44 56
2640 35 47
2641 79 92
2642 80 94
2643 79 95
2644 68 93
2645 71 87
2646 75 81
2647 75 100
2648 76 81
2649 74 96
2650 69 98
2651 77 92
2652 80 86
2653 72 81
2654 67 99
2655 77 99
2656 76 87
2657 69 86
2658 74 95
2659 67 99
2660 67 100
2661 66 86
2662 66 99
2663 68 98
2664 69 84
2665 78 89
2666 72 95
2667 68 81
2668 79 88
2669 78 84
2670 72 92
2671 219 144
2672 223 144
2673 223 154
2674 212 151
2675 216 144
2676 214 154
2677 212 143
2678 219 148
2679 215 139
2680 218 151
2681 225 148
2682 226 149
2683 219 148
2684 226 146
2685 224 139
2686 214 148
2687 224 158
2688 221 155
2689 219 150
2690 220 147
2691 225 152
2692 220 145
2693 217 156
2694 225 151
2695 215 152
2696 211 154
2697 223 149
2698 226 152
2699 222 139
2700 217 140
2701 52 6
2702 49 5
2703 56 9
2704 46 6
2705 57 6
2706 57 6
2707 50 7
2708 53 7
2709 53 6
2710 56 4
2711 58 9
2712 52 6
2713 50 10
2714 51 3
2715 64 0
2716 58 1
2717 59 7
2718 55 1
2719 58 9
2720 50 1
2721 47 8
2722 61 6
2723 56 10
2724 50 9
2725 52 3
2726 57 10
2727 63 6
2728 47 8
2729 48 2
2730 52 1
2731 12 224
2732 27 219
2733 15 211
2734 29 221
2735 28 224
2736 26 226
2737 13 221
2738 25 213
2739 16 222
2740 22 213
2741 22 219
2742 16 219
2743 21 214
2744 24 224
2745 21 222
2746 21 212
2747 25 222
2748 15 214
2749 29 225
2750 18 224
2751 14 223
2752 25 222
2753 24 223
2754 16 212
2755 22 213
2756 16 222
2757 20 214
2758 24 223
2759 23 223
2760 26 214
2761 95 147
2762 91 156
2763 86 156
2764 99 142
2765 96 142
2766 98 148
2767 90 143
2768 82 144
2769 99 147
2770 93 157
2771 97 140
2772 94 148
2773 94 145
2774 95 149
2775 96 139
2776 87 139
2777 92 139
2778 87 153
2779 97 140
2780 84 157
2781 86 156
2782 98 152
2783 86 150
2784 98 144
2785 100 158
2786 82 156
2787 95 158
2788 84 146
2789 99 152
2790 89 141
2791 133 131
2792 130 137
2793 131 123
2794 132 121
2795 137 128
2796 123 129
2797 131 135
2798 138 136
2799 133 125
2800 133 131
2801 128 134
2802 136 127
2803 127 136
2804 131 130
2805 128 120
2806 128 120
2807 132 126
2808 128 124
2809 136 135
2810 121 134
2811 133 31
2812 130 33
2813 125 34
2814 134 36
2815 130 40
2816 138 38
2817 136 30
2818 124 44
2819 121 44
2820 125 41
2821 123 39
2822 137 45
2823 130 40
2824 132 31
2825 119 35
2826 124 40
2827 136 33
2828 131 41
2829 122 33
2830 126 45
2831 134 35
2832 129 31
2833 129 45
2834 125 35
2835 136 38
2836 121 37
2837 122 36
2838 137 34
2839 131 41
2840 136 35
2841 0 132
2842 8 125
2843 9 125
2844 3 132
2845 10 134
2846 5 129
2847 8 134
2848 0 124
2849 7 136
2850 8 127
2851 11 137
2852 6 124
2853 5 121
2854 11 129
2855 2 129
2856 8 127
2857 3 134
2858 0 122
2859 3 128
2860 4 136
2861 3 133
2862 4 122
2863 2 131
2864 9 135
2865 6 132
2866 4 134
2867 2 127
2868 11 127
2869 112 25
2870 112 24
2871 101 29
2872 113 18
2873 115 15
2874 104 13
2875 109 19
2876 115 27
2877 113 21
2878 107 22
2879 115 23
2880 107 17
2881 117 20
2882 113 23
2883 112 12
2884 113 12
2885 113 21
2886 104 19
2887 102 26
2888 107 23
2889 102 20
2890 103 15
2891 118 26
2892 103 13
2893 114 17
2894 107 23
2895 103 19
2896 111 14
2897 112 26
2898 110 14
2899 182 109
2900 176 113
2901 184 105
2902 183 109
2903 180 109
2904 190 102
2905 195 101
2906 186 108
2907 187 102
2908 191 106
2909 193 115
2910 177 113
2911 188 116
2912 188 109
2913 192 107
2914 185 103
2915 178 105
2916 193 115
2917 182 102
2918 188 104
2919 176 101
2920 179 118
2921 180 116
2922 179 102
2923 193 117
2924 195 112
2925 192 104
2926 194 113
2927 192 103
2928 190 102
