266 286 10 2941
0 8
1 7
2 7
3 7
4 11
5 7
6 8
7 5
8 9
9 7
10 4
11 8
12 5
13 3
14 3
15 3
16 3
17 3
18 6
19 3
20 4
21 3
22 3
23 3
24 4
25 3
26 4
27 6
28 3
29 4
30 3
31 5
32 3
33 3
34 3
35 3
36 3
37 3
38 3
39 3
40 3
41 3
42 3
43 4
44 3
45 3
46 3
47 5
48 3
49 3
50 3
51 3
52 4
53 3
54 3
55 3
56 3
57 3
58 3
59 3
60 3
61 3
62 3
63 5
64 4
65 3
66 6
67 3
68 3
69 3
70 3
71 5
72 3
73 4
74 3
75 3
76 3
77 3
78 4
79 3
80 3
81 4
82 3
83 3
84 3
85 3
86 5
87 3
88 3
89 6
90 3
91 4
92 3
93 3
94 4
95 3
96 3
97 3
98 5
99 3
100 3
101 3
102 3
103 5
104 3
105 3
106 3
107 3
108 3
109 5
110 3
111 4
112 3
113 3
114 3
115 3
116 4
117 4
118 5
119 3
120 3
121 3
122 3
123 3
124 3
125 3
126 6
127 3
128 3
129 3
130 4
131 3
132 3
133 3
134 5
135 4
136 3
137 3
138 3
139 3
140 4
141 4
142 4
143 5
144 3
145 3
146 3
147 3
148 3
149 3
150 3
151 3
152 3
153 3
154 3
155 4
156 3
157 3
158 4
159 5
160 4
161 3
162 3
163 3
164 3
165 5
166 3
167 3
168 5
169 6
170 3
171 3
172 3
173 3
174 4
175 3
176 3
177 6
178 5
179 4
180 3
181 3
182 3
183 3
184 3
185 4
186 3
187 3
188 3
189 3
190 3
191 4
192 3
193 3
194 3
195 3
196 5
197 6
198 3
199 3
200 4
201 3
202 3
203 3
204 3
205 4
206 3
207 3
208 3
209 3
210 3
211 3
212 3
213 3
214 3
215 3
216 3
217 4
218 3
219 5
220 4
221 3
222 4
223 3
224 3
225 3
226 7
227 3
228 5
229 3
230 3
231 4
232 3
233 3
234 3
235 3
236 3
237 5
238 3
239 4
240 3
241 3
242 3
243 3
244 6
245 3
246 3
247 4
248 3
249 4
250 7
251 3
252 3
253 3
254 3
255 3
256 3
257 3
258 3
259 3
260 3
261 3
262 3
263 4
264 6
265 4
0 0 2
1 0 3
2 0 4
3 0 5
4 0 6
5 0 231
6 1 3
7 1 4
8 1 6
9 1 7
10 1 8
11 1 10
12 1 47
13 2 4
14 2 6
15 2 8
16 2 11
17 2 161
18 3 4
19 3 6
20 3 7
21 3 8
22 4 5
23 4 6
24 4 7
25 4 8
26 4 11
27 5 7
28 5 8
29 5 11
30 5 141
31 5 177
32 6 9
33 6 66
34 6 195
35 7 12
36 8 9
37 8 11
38 8 27
39 9 10
40 9 11
41 9 104
42 9 212
43 10 86
44 10 251
45 11 124
46 12 21
47 12 25
48 13 18
49 14 24
50 15 16
51 15 24
52 17 24
53 18 22
54 18 23
55 18 21
56 19 20
57 20 24
58 20 26
59 25 26
60 27 34
61 27 42
62 27 36
63 28 29
64 29 30
65 29 41
66 29 34
67 31 32
68 31 44
69 31 36
70 32 33
71 35 45
72 36 45
73 37 38
74 37 40
75 39 43
76 40 42
77 43 45
78 43 46
79 47 50
80 47 63
81 48 52
82 48 54
83 49 53
84 49 62
85 51 56
86 52 57
87 52 63
88 53 60
89 54 65
90 55 65
91 56 63
92 57 61
93 58 63
94 59 64
95 60 64
96 62 65
97 66 75
98 66 76
99 66 81
100 66 84
101 66 78
102 67 73
103 67 83
104 68 70
105 69 77
106 70 81
107 71 79
108 71 80
109 71 73
110 72 73
111 74 78
112 77 78
113 77 85
114 78 83
115 82 84
116 86 90
117 86 91
118 87 97
119 88 103
120 89 93
121 89 96
122 89 102
123 89 98
124 91 102
125 92 100
126 92 103
127 94 97
128 94 101
129 94 102
130 95 98
131 98 103
132 99 100
133 104 105
134 104 111
135 106 115
136 107 116
137 108 113
138 108 116
139 109 116
140 109 122
141 109 118
142 110 111
143 111 121
144 112 118
145 112 120
146 113 114
147 113 121
148 115 120
149 115 123
150 117 119
151 117 118
152 124 135
153 125 132
154 125 134
155 126 127
156 126 130
157 126 136
158 126 137
159 126 139
160 126 135
161 128 130
162 129 140
163 131 135
164 131 134
165 133 134
166 134 140
167 137 138
168 141 154
169 141 158
170 142 151
171 142 155
172 143 144
173 143 158
174 143 157
175 145 151
176 146 147
177 146 155
178 148 156
179 149 151
180 150 158
181 152 159
182 153 155
183 155 159
184 156 160
185 157 160
186 159 160
187 161 166
188 162 169
189 163 172
190 164 170
191 165 170
192 165 168
193 165 176
194 166 173
195 167 169
196 168 172
197 168 169
198 169 174
199 171 174
200 173 175
201 175 176
202 177 181
203 177 192
204 177 183
205 177 194
206 178 180
207 178 193
208 178 179
209 179 190
210 179 185
211 182 191
212 183 185
213 184 186
214 186 191
215 186 190
216 187 190
217 188 189
218 188 194
219 195 209
220 195 202
221 196 198
222 196 204
223 196 205
224 196 200
225 197 201
226 197 202
227 197 210
228 197 208
229 199 207
230 199 205
231 200 208
232 203 207
233 204 206
234 208 211
235 212 219
236 213 221
237 214 223
238 215 217
239 216 225
240 217 228
241 217 225
242 218 226
243 218 228
244 219 229
245 219 220
246 220 226
247 221 226
248 222 224
249 222 228
250 223 226
251 225 230
252 226 227
253 231 244
254 232 244
255 233 248
256 234 240
257 234 241
258 235 239
259 236 242
260 236 239
261 237 241
262 237 239
263 237 250
264 238 250
265 243 250
266 244 245
267 244 249
268 246 247
269 247 248
270 248 250
271 249 250
272 251 259
273 252 261
274 252 257
275 252 263
276 253 265
277 254 265
278 255 259
279 255 264
280 256 265
281 257 262
282 258 263
283 258 264
284 260 264
285 264 265
0 232 67
1 233 75
2 249 77
3 241 68
4 235 76
5 250 72
6 236 77
7 249 80
8 238 80
9 236 74
10 236 66
11 231 73
12 234 78
13 244 75
14 231 67
15 244 70
16 241 76
17 240 70
18 234 70
19 238 76
20 242 74
21 250 66
22 249 75
23 250 82
24 241 72
25 245 84
26 232 71
27 241 77
28 234 68
29 244 80
30 132 206
31 135 211
32 132 201
33 136 208
34 134 197
35 131 200
36 132 195
37 129 196
38 140 205
39 133 198
40 129 198
41 133 210
42 126 210
43 129 210
44 126 198
45 124 209
46 124 199
47 140 199
48 125 203
49 125 209
50 126 207
51 134 201
52 129 208
53 130 198
54 136 211
55 125 202
56 136 211
57 134 209
58 135 199
59 138 199
60 104 193
61 111 179
62 118 183
63 110 177
64 107 179
65 105 188
66 119 177
67 113 193
68 116 188
69 104 178
70 113 191
71 106 187
72 115 180
73 105 189
74 123 193
75 106 192
76 114 183
77 104 187
78 119 193
79 122 193
80 119 193
81 111 194
82 118 185
83 114 184
84 114 193
85 114 179
86 112 185
87 113 182
88 110 192
89 105 189
90 138 106
91 138 113
92 135 108
93 138 107
94 132 123
95 129 109
96 139 120
97 125 119
98 131 112
99 137 117
100 128 114
101 127 119
102 140 120
103 127 113
104 136 112
105 127 114
106 139 107
107 128 112
108 132 116
109 132 122
110 127 122
111 131 110
112 129 110
113 138 123
114 139 106
115 130 116
116 138 122
117 131 112
118 137 117
119 135 104
120 171 247
121 176 235
122 165 240
123 173 241
124 166 248
125 164 234
126 166 235
127 173 250
128 167 236
129 169 238
130 173 231
131 176 233
132 164 245
133 175 248
134 169 238
135 162 242
136 176 237
137 173 242
138 174 239
139 173 250
140 169 241
141 171 231
142 163 250
143 171 242
144 174 243
145 163 233
146 165 240
147 175 249
148 161 243
149 170 232
150 247 174
151 236 163
152 246 165
153 233 166
154 236 168
155 245 169
156 243 168
157 248 165
158 247 173
159 247 162
160 237 168
161 238 174
162 245 176
163 231 174
164 240 164
165 232 175
166 235 172
167 236 169
168 231 172
169 234 171
170 245 175
171 239 176
172 232 167
173 235 167
174 237 174
175 240 169
176 243 165
177 248 161
178 246 169
179 248 161
180 18 15
181 16 14
182 25 15
183 20 16
184 16 14
185 25 24
186 17 21
187 17 18
188 16 23
189 15 21
190 25 18
191 14 25
192 19 23
193 21 20
194 13 12
195 23 17
196 23 15
197 16 22
198 14 16
199 14 26
200 244 193
201 231 190
202 234 182
203 233 187
204 238 188
205 241 188
206 249 189
207 242 194
208 245 187
209 245 194
210 246 178
211 231 180
212 231 186
213 250 188
214 245 193
215 246 178
216 245 184
217 231 192
218 234 178
219 244 177
220 247 194
221 250 179
222 236 192
223 235 191
224 242 183
225 237 185
226 247 183
227 247 192
228 237 187
229 236 191
230 198 166
231 206 162
232 196 175
233 209 174
234 203 169
235 196 168
236 208 168
237 201 173
238 203 169
239 209 174
240 199 163
241 211 161
242 195 172
243 206 171
244 209 172
245 205 162
246 207 173
247 204 163
248 200 174
249 207 169
250 196 164
251 205 166
252 202 166
253 203 170
254 199 161
255 200 162
256 208 175
257 206 167
258 198 165
259 207 167
260 260 263
261 263 255
262 258 253
263 251 261
264 253 252
265 252 265
266 260 252
267 254 262
268 258 256
269 258 256
270 253 263
271 259 256
272 260 256
273 258 262
274 261 258
275 259 263
276 251 264
277 156 174
278 155 172
279 150 167
280 150 173
281 147 162
282 155 163
283 142 168
284 143 173
285 155 169
286 159 173
287 159 168
288 146 166
289 147 161
290 148 176
291 157 162
292 146 171
293 141 168
294 147 169
295 149 174
296 157 162
297 147 173
298 156 166
299 144 176
300 151 161
301 145 176
302 144 166
303 154 176
304 157 163
305 146 174
306 159 164
307 181 189
308 181 180
309 188 184
310 187 177
311 188 190
312 180 185
313 184 189
314 194 190
315 194 193
316 191 177
317 183 186
318 178 188
319 194 185
320 178 194
321 180 177
322 183 189
323 184 177
324 181 178
325 191 185
326 192 191
327 190 188
328 183 184
329 264 158
330 258 143
331 255 155
332 256 155
333 252 141
334 265 149
335 262 159
336 254 160
337 256 144
338 253 147
339 257 150
340 257 156
341 264 144
342 256 156
343 259 148
344 263 158
345 260 150
346 256 147
347 257 157
348 253 150
349 259 154
350 258 153
351 253 143
352 255 160
353 263 149
354 259 148
355 253 160
356 260 160
357 260 144
358 258 148
359 205 78
360 209 67
361 210 84
362 197 80
363 197 74
364 199 72
365 209 75
366 208 73
367 210 75
368 198 78
369 198 76
370 202 66
371 205 76
372 206 78
373 206 83
374 207 66
375 209 83
376 205 74
377 203 85
378 201 72
379 202 80
380 204 74
381 202 81
382 200 79
383 205 82
384 197 77
385 211 74
386 198 67
387 197 81
388 197 68
389 265 87
390 265 94
391 265 101
392 258 100
393 260 100
394 253 90
395 265 101
396 256 90
397 258 100
398 251 97
399 251 101
400 258 90
401 254 100
402 265 89
403 255 102
404 253 101
405 253 95
406 261 103
407 252 99
408 264 90
409 252 91
410 254 90
411 255 101
412 258 103
413 252 102
414 256 97
415 259 92
416 252 91
417 254 96
418 257 88
419 245 75
420 241 75
421 238 81
422 241 70
423 234 84
424 249 74
425 250 69
426 243 84
427 242 71
428 238 72
429 240 82
430 249 73
431 249 67
432 236 73
433 241 83
434 250 74
435 244 77
436 242 72
437 249 73
438 244 80
439 241 80
440 250 83
441 235 80
442 240 85
443 246 82
444 248 85
445 233 66
446 239 75
447 236 77
448 232 70
449 56 59
450 63 60
451 50 58
452 48 51
453 57 53
454 50 54
455 64 65
456 49 55
457 56 57
458 55 47
459 63 61
460 52 53
461 51 57
462 65 61
463 61 55
464 53 54
465 62 47
466 62 47
467 53 63
468 63 61
469 108 218
470 119 226
471 107 225
472 118 215
473 104 221
474 106 222
475 117 218
476 111 227
477 120 222
478 122 216
479 112 218
480 105 225
481 112 228
482 109 214
483 104 216
484 123 227
485 106 223
486 117 223
487 121 221
488 105 218
489 105 225
490 117 219
491 114 219
492 114 212
493 107 216
494 122 214
495 113 229
496 104 221
497 107 230
498 109 223
499 213 176
500 217 167
501 224 170
502 224 173
503 222 170
504 229 168
505 222 169
506 223 166
507 226 168
508 219 169
509 224 163
510 221 173
511 230 165
512 229 170
513 222 173
514 219 166
515 215 166
516 222 163
517 217 174
518 223 166
519 214 166
520 224 162
521 215 162
522 213 163
523 220 176
524 219 161
525 220 169
526 228 175
527 223 164
528 226 168
529 103 241
530 88 234
531 100 245
532 95 241
533 96 250
534 99 241
535 89 246
536 98 250
537 96 239
538 101 241
539 98 234
540 94 248
541 102 237
542 93 237
543 101 231
544 97 241
545 98 250
546 88 250
547 94 233
548 89 248
549 89 241
550 97 238
551 99 242
552 88 246
553 91 242
554 96 243
555 94 238
556 91 245
557 101 236
558 102 234
559 133 176
560 138 172
561 130 174
562 127 176
563 130 175
564 127 173
565 127 176
566 127 162
567 131 175
568 135 170
569 134 164
570 127 165
571 129 165
572 134 171
573 130 176
574 124 165
575 125 170
576 127 163
577 128 171
578 132 171
579 125 171
580 140 163
581 131 170
582 126 176
583 136 165
584 125 175
585 128 170
586 135 164
587 134 164
588 132 171
589 178 77
590 190 80
591 190 85
592 178 79
593 187 84
594 177 80
595 180 85
596 185 77
597 181 84
598 190 84
599 193 83
600 189 71
601 192 73
602 194 76
603 189 69
604 188 70
605 187 80
606 185 75
607 192 67
608 191 70
609 178 82
610 194 68
611 182 85
612 190 75
613 185 67
614 194 82
615 188 75
616 177 78
617 192 77
618 194 66
619 254 14
620 251 25
621 263 13
622 251 18
623 251 15
624 252 16
625 252 22
626 263 20
627 256 18
628 263 18
629 255 23
630 264 21
631 253 26
632 257 19
633 260 15
634 252 24
635 252 25
636 264 26
637 253 25
638 260 20
639 264 26
640 263 20
641 260 17
642 252 12
643 255 17
644 251 18
645 261 23
646 251 23
647 255 21
648 265 23
649 148 100
650 145 96
651 154 87
652 154 96
653 154 96
654 143 94
655 159 86
656 143 88
657 160 100
658 155 94
659 149 92
660 148 96
661 152 100
662 152 95
663 150 102
664 151 86
665 160 103
666 142 102
667 141 96
668 159 98
669 142 95
670 145 88
671 154 86
672 145 92
673 154 87
674 145 90
675 143 101
676 144 96
677 143 99
678 146 99
679 215 186
680 216 187
681 220 183
682 213 191
683 222 177
684 222 190
685 212 179
686 213 188
687 213 184
688 228 185
689 223 193
690 215 179
691 213 177
692 223 184
693 229 183
694 217 180
695 227 186
696 227 188
697 217 179
698 228 178
699 220 194
700 230 191
701 214 182
702 220 192
703 216 192
704 218 180
705 214 179
706 220 190
707 227 178
708 213 185
709 74 191
710 66 181
711 70 181
712 80 179
713 76 188
714 80 189
715 79 183
716 82 177
717 81 177
718 71 186
719 74 182
720 78 190
721 81 187
722 66 177
723 68 181
724 82 183
725 66 179
726 79 189
727 71 194
728 79 182
729 71 178
730 72 194
731 72 184
732 74 188
733 78 178
734 84 188
735 79 189
736 67 178
737 82 184
738 68 188
739 54 95
740 64 86
741 50 96
742 60 86
743 48 100
744 54 87
745 55 97
746 58 90
747 51 92
748 51 91
749 54 95
750 62 96
751 62 100
752 53 99
753 49 92
754 57 101
755 50 91
756 58 90
757 63 86
758 62 103
759 50 87
760 60 98
761 63 88
762 57 95
763 61 100
764 63 97
765 63 102
766 59 102
767 50 102
768 63 89
769 6 160
770 4 151
771 0 142
772 9 160
773 11 158
774 9 150
775 10 148
776 1 148
777 8 146
778 0 151
779 7 147
780 10 148
781 5 155
782 4 148
783 2 153
784 4 158
785 5 143
786 0 145
787 8 159
788 8 160
789 8 142
790 10 144
791 0 146
792 3 159
793 6 148
794 7 158
795 11 150
796 11 154
797 31 189
798 40 190
799 30 194
800 27 191
801 30 187
802 31 186
803 33 186
804 29 184
805 42 186
806 46 193
807 42 190
808 32 191
809 29 190
810 35 193
811 32 191
812 27 183
813 46 193
814 34 177
815 33 194
816 39 178
817 36 190
818 33 177
819 37 179
820 30 181
821 36 191
822 38 181
823 41 181
824 35 179
825 31 189
826 42 177
827 21 0
828 16 7
829 24 3
830 17 4
831 15 4
832 23 0
833 14 4
834 26 0
835 15 4
836 22 4
837 22 4
838 16 11
839 26 3
840 12 0
841 22 8
842 16 2
843 16 5
844 13 9
845 24 4
846 24 1
847 25 5
848 25 11
849 16 9
850 18 6
851 21 10
852 12 11
853 18 8
854 16 9
855 13 3
856 25 6
857 83 177
858 70 177
859 84 181
860 84 183
861 72 187
862 77 182
863 72 192
864 67 188
865 77 178
866 83 189
867 68 181
868 80 193
869 85 187
870 78 182
871 80 180
872 69 185
873 74 186
874 84 183
875 78 180
876 66 185
877 71 188
878 83 193
879 67 177
880 75 192
881 69 193
882 83 179
883 85 192
884 81 182
885 70 179
886 83 188
887 264 0
888 265 0
889 259 8
890 257 7
891 257 6
892 264 3
893 257 9
894 263 5
895 258 10
896 251 3
897 258 2
898 265 8
899 256 8
900 254 7
901 265 10
902 254 1
903 260 2
904 251 5
905 255 8
906 262 0
907 265 2
908 258 4
909 260 4
910 252 4
911 251 2
912 256 6
913 253 10
914 260 3
915 98 177
916 103 181
917 94 187
918 89 182
919 87 182
920 97 179
921 91 181
922 89 192
923 94 191
924 100 194
925 89 188
926 91 180
927 91 183
928 87 179
929 87 189
930 89 181
931 87 182
932 89 177
933 88 179
934 96 179
935 98 178
936 95 179
937 96 187
938 95 183
939 102 189
940 98 194
941 87 193
942 92 182
943 87 186
944 86 177
945 156 246
946 146 233
947 150 243
948 150 248
949 143 243
950 142 238
951 149 250
952 156 241
953 156 242
954 155 236
955 143 231
956 146 241
957 153 245
958 149 236
959 151 247
960 147 243
961 145 245
962 142 234
963 152 237
964 157 240
965 160 234
966 149 248
967 155 242
968 159 249
969 159 239
970 152 243
971 148 250
972 157 241
973 152 244
974 146 241
975 157 210
976 144 209
977 144 211
978 148 199
979 148 197
980 150 204
981 156 200
982 148 200
983 157 196
984 153 203
985 146 211
986 160 204
987 156 206
988 153 197
989 150 207
990 148 197
991 142 195
992 158 203
993 142 207
994 144 207
995 153 209
996 146 211
997 151 204
998 144 201
999 149 199
1000 154 208
1001 152 205
1002 152 201
1003 141 198
1004 146 203
1005 210 129
1006 202 128
1007 208 130
1008 204 134
1009 198 130
1010 203 138
1011 206 128
1012 195 129
1013 203 130
1014 197 124
1015 206 135
1016 210 131
1017 203 139
1018 210 125
1019 200 139
1020 195 136
1021 201 138
1022 195 139
1023 201 133
1024 203 130
1025 206 137
1026 199 129
1027 210 140
1028 211 133
1029 201 135
1030 211 140
1031 206 140
1032 200 125
1033 203 140
1034 211 129
1035 147 158
1036 159 147
1037 151 141
1038 152 150
1039 157 145
1040 143 155
1041 154 148
1042 158 149
1043 148 153
1044 144 152
1045 145 152
1046 143 145
1047 158 146
1048 160 144
1049 143 156
1050 150 149
1051 150 147
1052 148 152
1053 157 153
1054 143 152
1055 19 252
1056 23 254
1057 15 263
1058 23 259
1059 20 264
1060 20 261
1061 15 255
1062 24 262
1063 14 262
1064 20 258
1065 23 257
1066 23 260
1067 18 252
1068 18 257
1069 19 261
1070 12 263
1071 23 261
1072 20 258
1073 24 263
1074 25 261
1075 15 263
1076 20 261
1077 17 265
1078 22 262
1079 24 257
1080 13 258
1081 25 256
1082 17 265
1083 14 262
1084 20 259
1085 11 139
1086 7 126
1087 1 139
1088 11 140
1089 6 140
1090 3 127
1091 5 125
1092 5 125
1093 8 138
1094 6 130
1095 4 129
1096 3 128
1097 11 127
1098 10 132
1099 2 134
1100 6 139
1101 10 126
1102 3 137
1103 1 138
1104 4 133
1105 3 137
1106 1 140
1107 1 131
1108 6 125
1109 6 137
1110 3 130
1111 0 139
1112 2 137
1113 137 199
1114 131 195
1115 129 202
1116 134 201
1117 137 202
1118 125 210
1119 139 204
1120 132 196
1121 127 195
1122 130 209
1123 138 200
1124 131 196
1125 124 201
1126 140 206
1127 128 197
1128 127 207
1129 137 205
1130 136 205
1131 135 202
1132 126 200
1133 137 199
1134 127 210
1135 127 197
1136 139 210
1137 127 205
1138 135 208
1139 138 207
1140 138 200
1141 129 204
1142 129 195
1143 191 203
1144 184 199
1145 186 198
1146 191 208
1147 193 196
1148 193 205
1149 183 209
1150 194 196
1151 194 196
1152 178 208
1153 188 206
1154 185 208
1155 183 203
1156 177 200
1157 191 210
1158 189 208
1159 185 196
1160 177 201
1161 189 195
1162 186 195
1163 177 210
1164 179 203
1165 190 203
1166 182 207
1167 190 196
1168 179 204
1169 182 200
1170 183 211
1171 180 202
1172 191 206
1173 140 89
1174 131 101
1175 130 94
1176 133 93
1177 135 88
1178 127 103
1179 140 101
1180 133 91
1181 139 92
1182 126 94
1183 126 92
1184 132 95
1185 136 98
1186 136 102
1187 138 86
1188 131 97
1189 130 88
1190 139 92
1191 134 98
1192 133 91
1193 138 97
1194 139 103
1195 131 98
1196 130 100
1197 132 99
1198 124 102
1199 133 97
1200 128 89
1201 137 87
1202 132 93
1203 202 130
1204 201 134
1205 196 128
1206 206 126
1207 195 140
1208 197 134
1209 207 139
1210 206 134
1211 205 136
1212 201 127
1213 201 133
1214 208 137
1215 208 138
1216 208 131
1217 199 138
1218 199 134
1219 197 132
1220 207 130
1221 195 136
1222 199 124
1223 208 126
1224 196 132
1225 211 134
1226 208 136
1227 206 139
1228 200 130
1229 207 140
1230 200 139
1231 206 125
1232 205 132
1233 157 184
1234 148 190
1235 146 184
1236 158 183
1237 148 178
1238 154 188
1239 147 180
1240 159 185
1241 151 186
1242 149 190
1243 160 182
1244 160 181
1245 155 179
1246 146 183
1247 155 191
1248 144 186
1249 141 193
1250 146 180
1251 157 181
1252 142 186
1253 156 185
1254 157 187
1255 144 181
1256 149 178
1257 147 178
1258 159 179
1259 152 191
1260 159 189
1261 147 187
1262 148 186
1263 174 110
1264 174 112
1265 168 118
1266 170 122
1267 174 123
1268 165 119
1269 176 104
1270 161 105
1271 171 121
1272 175 120
1273 171 114
1274 166 117
1275 168 113
1276 167 119
1277 176 117
1278 163 116
1279 170 110
1280 171 104
1281 169 112
1282 176 116
1283 168 111
1284 163 111
1285 174 123
1286 164 108
1287 173 118
1288 166 109
1289 175 108
1290 168 109
1291 163 110
1292 166 112
1293 262 171
1294 262 168
1295 263 165
1296 255 172
1297 254 170
1298 264 163
1299 264 163
1300 259 174
1301 251 176
1302 264 166
1303 255 165
1304 264 176
1305 259 163
1306 252 162
1307 255 162
1308 252 167
1309 251 168
1310 255 163
1311 260 173
1312 262 165
1313 258 174
1314 263 164
1315 259 163
1316 260 176
1317 258 166
1318 256 176
1319 262 173
1320 265 175
1321 256 166
1322 262 167
1323 32 226
1324 43 212
1325 30 223
1326 43 227
1327 28 217
1328 42 219
1329 28 218
1330 34 212
1331 40 219
1332 36 224
1333 29 228
1334 30 214
1335 35 212
1336 27 216
1337 30 220
1338 39 222
1339 30 221
1340 45 216
1341 34 224
1342 28 222
1343 28 217
1344 38 222
1345 35 215
1346 37 222
1347 27 216
1348 43 225
1349 32 222
1350 30 217
1351 42 216
1352 44 212
1353 106 150
1354 116 143
1355 117 141
1356 107 157
1357 122 147
1358 123 145
1359 108 154
1360 121 159
1361 106 146
1362 110 142
1363 117 142
1364 108 146
1365 110 151
1366 121 145
1367 121 153
1368 119 145
1369 105 158
1370 119 143
1371 117 142
1372 122 146
1373 112 148
1374 112 158
1375 123 155
1376 123 151
1377 123 151
1378 118 154
1379 111 159
1380 119 146
1381 111 159
1382 116 156
1383 160 237
1384 142 237
1385 146 235
1386 141 238
1387 159 232
1388 142 242
1389 151 235
1390 154 235
1391 158 241
1392 156 246
1393 141 235
1394 147 241
1395 141 241
1396 146 240
1397 159 239
1398 144 237
1399 143 246
1400 153 240
1401 143 250
1402 160 233
1403 146 238
1404 143 247
1405 151 242
1406 148 248
1407 151 233
1408 147 244
1409 147 244
1410 149 241
1411 141 243
1412 158 245
1413 144 223
1414 143 222
1415 156 213
1416 148 227
1417 148 230
1418 147 213
1419 151 216
1420 149 216
1421 151 225
1422 157 216
1423 150 215
1424 141 230
1425 149 229
1426 160 217
1427 153 224
1428 157 228
1429 156 230
1430 157 223
1431 141 229
1432 147 216
1433 153 218
1434 154 219
1435 152 230
1436 155 212
1437 156 226
1438 145 229
1439 142 214
1440 157 227
1441 151 214
1442 145 216
1443 133 207
1444 137 206
1445 130 195
1446 124 211
1447 128 204
1448 136 198
1449 135 199
1450 133 197
1451 137 209
1452 137 210
1453 130 199
1454 124 207
1455 132 211
1456 137 205
1457 135 203
1458 133 201
1459 135 209
1460 134 203
1461 136 204
1462 125 200
1463 126 198
1464 130 207
1465 128 195
1466 130 196
1467 126 206
1468 129 211
1469 138 203
1470 134 203
1471 138 201
1472 126 199
1473 231 62
1474 235 63
1475 235 56
1476 237 61
1477 248 55
1478 240 51
1479 231 60
1480 238 61
1481 234 64
1482 250 61
1483 247 60
1484 239 58
1485 241 60
1486 247 48
1487 231 58
1488 244 63
1489 250 48
1490 244 62
1491 234 63
1492 241 49
1493 233 50
1494 240 54
1495 242 59
1496 236 59
1497 238 54
1498 238 61
1499 241 47
1500 242 58
1501 244 51
1502 233 64
1503 3 165
1504 8 166
1505 10 161
1506 7 173
1507 10 173
1508 5 174
1509 8 173
1510 1 169
1511 10 162
1512 6 173
1513 9 164
1514 7 163
1515 9 165
1516 2 171
1517 5 167
1518 1 161
1519 5 171
1520 7 170
1521 10 175
1522 10 176
1523 0 165
1524 3 162
1525 0 162
1526 1 161
1527 4 169
1528 7 174
1529 3 162
1530 1 176
1531 6 174
1532 242 71
1533 241 84
1534 242 82
1535 243 73
1536 245 79
1537 235 80
1538 237 80
1539 237 84
1540 236 70
1541 234 66
1542 232 73
1543 243 78
1544 232 72
1545 246 81
1546 244 83
1547 234 66
1548 232 68
1549 246 85
1550 240 70
1551 232 75
1552 240 76
1553 231 74
1554 235 66
1555 250 72
1556 239 69
1557 231 71
1558 246 70
1559 248 67
1560 244 75
1561 235 75
1562 151 50
1563 144 50
1564 141 64
1565 152 64
1566 152 50
1567 144 48
1568 156 53
1569 149 53
1570 153 63
1571 160 58
1572 145 62
1573 158 47
1574 142 64
1575 143 55
1576 141 49
1577 155 58
1578 144 58
1579 156 56
1580 147 65
1581 142 55
1582 159 57
1583 141 62
1584 149 60
1585 148 64
1586 147 59
1587 143 53
1588 152 61
1589 142 60
1590 153 51
1591 157 50
1592 218 135
1593 223 139
1594 217 133
1595 226 131
1596 224 137
1597 212 138
1598 222 137
1599 223 134
1600 226 136
1601 218 137
1602 228 132
1603 225 129
1604 214 135
1605 223 130
1606 220 126
1607 212 126
1608 225 130
1609 215 139
1610 225 127
1611 226 131
1612 230 134
1613 225 138
1614 219 139
1615 220 128
1616 227 135
1617 212 137
1618 230 134
1619 214 129
1620 225 127
1621 221 124
1622 126 244
1623 132 242
1624 137 239
1625 125 235
1626 125 239
1627 136 240
1628 138 250
1629 132 245
1630 136 249
1631 135 244
1632 135 244
1633 132 250
1634 127 241
1635 130 232
1636 138 247
1637 129 232
1638 128 234
1639 135 248
1640 130 238
1641 131 239
1642 138 234
1643 134 245
1644 135 237
1645 131 241
1646 131 238
1647 127 242
1648 133 234
1649 136 240
1650 138 236
1651 129 237
1652 25 94
1653 22 93
1654 20 87
1655 25 99
1656 25 92
1657 26 95
1658 21 100
1659 16 97
1660 22 95
1661 13 98
1662 14 88
1663 21 93
1664 20 92
1665 26 86
1666 12 93
1667 19 98
1668 12 86
1669 18 90
1670 26 86
1671 16 92
1672 22 102
1673 21 103
1674 25 86
1675 21 94
1676 19 101
1677 19 89
1678 17 91
1679 24 101
1680 19 94
1681 24 94
1682 255 199
1683 263 211
1684 264 204
1685 265 202
1686 257 204
1687 255 198
1688 263 200
1689 255 197
1690 260 207
1691 251 195
1692 259 197
1693 253 201
1694 258 196
1695 263 195
1696 261 209
1697 255 211
1698 265 206
1699 265 198
1700 255 207
1701 261 196
1702 258 196
1703 261 207
1704 258 197
1705 262 204
1706 264 204
1707 261 206
1708 259 201
1709 252 210
1710 255 206
1711 256 207
1712 53 166
1713 47 174
1714 60 166
1715 65 164
1716 54 165
1717 50 176
1718 62 172
1719 63 170
1720 52 169
1721 61 163
1722 62 163
1723 65 174
1724 53 161
1725 49 176
1726 62 165
1727 52 165
1728 64 165
1729 55 164
1730 60 174
1731 50 176
1732 51 161
1733 58 163
1734 51 176
1735 55 172
1736 49 176
1737 47 165
1738 47 169
1739 54 169
1740 63 162
1741 59 170
1742 233 11
1743 231 8
1744 244 9
1745 235 4
1746 249 3
1747 244 10
1748 249 0
1749 250 11
1750 250 2
1751 245 0
1752 250 10
1753 247 0
1754 250 10
1755 241 3
1756 250 7
1757 243 4
1758 247 3
1759 244 8
1760 239 8
1761 247 2
1762 236 2
1763 234 6
1764 247 10
1765 248 7
1766 234 4
1767 241 10
1768 238 10
1769 246 4
1770 243 7
1771 239 6
1772 258 87
1773 265 94
1774 257 100
1775 263 101
1776 254 96
1777 255 90
1778 252 100
1779 262 90
1780 255 88
1781 252 103
1782 264 96
1783 255 100
1784 262 88
1785 252 94
1786 254 91
1787 252 93
1788 255 90
1789 252 102
1790 265 95
1791 256 95
1792 264 99
1793 263 87
1794 254 93
1795 257 96
1796 256 97
1797 263 99
1798 252 91
1799 252 94
1800 260 86
1801 257 103
1802 20 81
1803 23 79
1804 18 80
1805 13 84
1806 15 74
1807 12 76
1808 20 76
1809 24 84
1810 21 73
1811 18 75
1812 18 81
1813 14 78
1814 17 77
1815 25 81
1816 24 69
1817 21 78
1818 17 67
1819 12 82
1820 12 81
1821 15 78
1822 22 75
1823 14 82
1824 22 85
1825 22 66
1826 23 67
1827 23 81
1828 22 78
1829 23 84
1830 25 72
1831 16 74
1832 172 200
1833 163 210
1834 173 202
1835 166 200
1836 163 197
1837 170 199
1838 172 209
1839 173 204
1840 162 195
1841 175 211
1842 167 210
1843 174 202
1844 176 210
1845 164 206
1846 161 204
1847 166 207
1848 170 197
1849 175 198
1850 163 200
1851 167 210
1852 165 195
1853 172 207
1854 161 210
1855 163 198
1856 167 206
1857 168 201
1858 170 201
1859 171 202
1860 171 200
1861 166 199
1862 65 5
1863 52 6
1864 65 0
1865 59 8
1866 48 11
1867 64 6
1868 63 11
1869 63 4
1870 53 11
1871 64 11
1872 64 3
1873 58 9
1874 50 7
1875 65 5
1876 51 2
1877 48 11
1878 50 11
1879 47 0
1880 61 9
1881 56 7
1882 62 10
1883 63 5
1884 62 8
1885 47 9
1886 49 0
1887 49 7
1888 58 11
1889 52 5
1890 54 8
1891 172 177
1892 166 192
1893 172 189
1894 176 180
1895 169 187
1896 171 181
1897 173 189
1898 166 194
1899 176 179
1900 174 187
1901 164 179
1902 165 182
1903 168 182
1904 163 190
1905 176 177
1906 164 187
1907 171 185
1908 169 189
1909 175 189
1910 161 184
1911 168 184
1912 170 185
1913 171 181
1914 174 178
1915 167 186
1916 175 184
1917 169 190
1918 176 183
1919 169 190
1920 167 192
1921 79 229
1922 84 213
1923 84 212
1924 78 219
1925 68 215
1926 85 212
1927 77 216
1928 66 219
1929 70 212
1930 77 222
1931 80 215
1932 77 220
1933 75 228
1934 79 228
1935 83 216
1936 84 212
1937 68 212
1938 75 221
1939 76 222
1940 85 230
1941 74 230
1942 80 215
1943 67 223
1944 68 214
1945 69 217
1946 78 221
1947 77 225
1948 73 230
1949 85 223
1950 80 228
1951 127 199
1952 138 196
1953 138 202
1954 135 210
1955 128 199
1956 137 200
1957 132 207
1958 134 195
1959 129 205
1960 125 204
1961 128 203
1962 137 195
1963 129 209
1964 125 195
1965 124 206
1966 124 198
1967 137 206
1968 136 201
1969 137 209
1970 134 200
1971 130 202
1972 127 195
1973 140 198
1974 138 204
1975 134 206
1976 136 204
1977 125 198
1978 140 211
1979 139 209
1980 132 200
1981 255 9
1982 258 3
1983 262 4
1984 263 11
1985 255 8
1986 254 5
1987 251 6
1988 265 11
1989 257 11
1990 259 0
1991 265 3
1992 257 7
1993 260 5
1994 254 10
1995 258 4
1996 265 4
1997 254 10
1998 253 7
1999 261 6
2000 265 10
2001 253 4
2002 253 5
2003 252 10
2004 263 2
2005 262 5
2006 257 9
2007 253 8
2008 259 0
2009 262 5
2010 262 11
2011 251 96
2012 260 92
2013 264 100
2014 254 92
2015 254 101
2016 265 94
2017 253 100
2018 259 93
2019 254 90
2020 256 103
2021 252 87
2022 265 92
2023 262 99
2024 257 99
2025 251 88
2026 260 103
2027 257 92
2028 256 103
2029 265 90
2030 265 99
2031 262 91
2032 260 94
2033 251 92
2034 264 89
2035 260 87
2036 254 96
2037 265 87
2038 263 94
2039 251 88
2040 264 103
2041 249 87
2042 247 97
2043 242 90
2044 242 88
2045 249 87
2046 249 98
2047 237 101
2048 239 91
2049 248 100
2050 248 101
2051 235 100
2052 249 86
2053 238 93
2054 231 94
2055 246 95
2056 232 96
2057 239 102
2058 234 94
2059 249 103
2060 239 101
2061 241 94
2062 246 95
2063 249 103
2064 248 90
2065 244 98
2066 250 99
2067 245 96
2068 240 90
2069 249 100
2070 234 92
2071 40 252
2072 46 255
2073 30 261
2074 42 257
2075 39 261
2076 42 264
2077 33 262
2078 38 264
2079 29 265
2080 42 259
2081 32 252
2082 37 253
2083 32 265
2084 42 265
2085 30 254
2086 39 256
2087 34 260
2088 34 254
2089 34 262
2090 35 254
2091 39 251
2092 40 252
2093 31 253
2094 46 256
2095 33 252
2096 28 253
2097 35 252
2098 37 261
2099 35 251
2100 35 256
2101 260 238
2102 262 249
2103 258 237
2104 251 231
2105 262 239
2106 265 233
2107 260 231
2108 259 248
2109 260 243
2110 251 237
2111 261 235
2112 263 233
2113 263 241
2114 260 238
2115 257 236
2116 251 244
2117 251 247
2118 261 234
2119 259 245
2120 254 243
2121 254 238
2122 259 240
2123 261 245
2124 265 237
2125 256 248
2126 256 231
2127 252 248
2128 265 242
2129 256 238
2130 257 240
2131 77 62
2132 72 58
2133 84 57
2134 69 47
2135 67 62
2136 75 56
2137 74 64
2138 78 52
2139 81 55
2140 71 50
2141 67 54
2142 82 61
2143 72 55
2144 79 48
2145 80 54
2146 66 50
2147 78 60
2148 74 64
2149 80 62
2150 70 61
2151 70 48
2152 85 49
2153 75 52
2154 71 63
2155 72 54
2156 73 58
2157 73 64
2158 67 51
2159 80 49
2160 69 48
2161 124 190
2162 130 187
2163 130 189
2164 139 188
2165 132 179
2166 140 183
2167 125 183
2168 131 179
2169 127 189
2170 127 193
2171 136 182
2172 134 189
2173 125 187
2174 139 181
2175 128 181
2176 135 187
2177 133 182
2178 136 193
2179 129 178
2180 135 183
2181 125 192
2182 132 189
2183 126 181
2184 128 192
2185 132 180
2186 125 183
2187 139 190
2188 125 192
2189 132 191
2190 136 186
2191 193 57
2192 181 61
2193 183 56
2194 194 57
2195 178 62
2196 179 52
2197 182 61
2198 186 59
2199 178 60
2200 182 63
2201 177 51
2202 191 65
2203 178 52
2204 185 51
2205 185 58
2206 186 64
2207 193 57
2208 178 53
2209 179 53
2210 187 63
2211 180 56
2212 192 57
2213 194 63
2214 189 57
2215 190 47
2216 182 60
2217 188 56
2218 182 64
2219 194 58
2220 187 55
2221 163 219
2222 173 218
2223 163 230
2224 169 215
2225 174 217
2226 169 212
2227 176 216
2228 173 228
2229 162 227
2230 172 221
2231 165 216
2232 163 215
2233 174 228
2234 174 218
2235 172 217
2236 169 229
2237 176 223
2238 173 225
2239 169 228
2240 162 212
2241 175 215
2242 170 217
2243 170 223
2244 168 212
2245 165 220
2246 171 217
2247 176 223
2248 165 226
2249 163 218
2250 170 228
2251 164 130
2252 163 135
2253 163 133
2254 173 140
2255 166 133
2256 172 137
2257 169 133
2258 173 134
2259 176 125
2260 169 139
2261 163 136
2262 164 137
2263 171 133
2264 176 139
2265 165 140
2266 162 127
2267 163 124
2268 168 127
2269 165 131
2270 174 140
2271 162 138
2272 174 140
2273 173 130
2274 176 128
2275 163 124
2276 170 127
2277 165 130
2278 167 133
2279 165 131
2280 165 136
2281 241 166
2282 242 176
2283 245 162
2284 237 175
2285 246 168
2286 233 171
2287 237 171
2288 249 165
2289 232 168
2290 250 163
2291 234 172
2292 233 169
2293 243 172
2294 236 161
2295 241 164
2296 242 173
2297 249 162
2298 239 161
2299 243 175
2300 235 172
2301 242 167
2302 243 171
2303 231 172
2304 236 166
2305 240 164
2306 240 165
2307 250 168
2308 243 166
2309 246 169
2310 242 163
2311 129 253
2312 133 261
2313 132 259
2314 133 251
2315 133 257
2316 125 259
2317 139 261
2318 134 261
2319 133 262
2320 133 255
2321 135 259
2322 127 262
2323 137 251
2324 139 254
2325 132 262
2326 139 258
2327 136 254
2328 129 257
2329 132 257
2330 124 252
2331 128 254
2332 129 253
2333 130 251
2334 135 256
2335 130 252
2336 132 252
2337 126 255
2338 140 255
2339 126 263
2340 137 255
2341 44 115
2342 33 119
2343 43 110
2344 41 109
2345 45 104
2346 46 114
2347 45 123
2348 32 106
2349 33 110
2350 39 120
2351 45 111
2352 44 110
2353 44 108
2354 28 121
2355 36 122
2356 37 120
2357 30 106
2358 35 117
2359 38 115
2360 30 114
2361 33 123
2362 33 121
2363 40 114
2364 39 115
2365 46 117
2366 34 113
2367 29 122
2368 27 110
2369 29 111
2370 46 107
2371 47 259
2372 48 261
2373 48 257
2374 49 255
2375 59 263
2376 48 263
2377 62 259
2378 51 264
2379 56 264
2380 63 261
2381 50 262
2382 48 264
2383 57 264
2384 57 254
2385 48 252
2386 61 261
2387 63 264
2388 64 253
2389 55 263
2390 48 255
2391 61 264
2392 55 256
2393 50 253
2394 54 253
2395 51 252
2396 62 259
2397 56 255
2398 57 253
2399 61 253
2400 55 254
2401 256 199
2402 256 205
2403 251 205
2404 254 208
2405 262 200
2406 252 210
2407 263 197
2408 262 196
2409 262 206
2410 251 201
2411 254 210
2412 252 210
2413 251 207
2414 264 197
2415 265 209
2416 262 204
2417 253 209
2418 254 207
2419 261 195
2420 253 209
2421 257 199
2422 260 209
2423 260 198
2424 251 202
2425 257 205
2426 257 211
2427 262 198
2428 264 203
2429 256 195
2430 255 206
2431 26 169
2432 25 173
2433 24 166
2434 19 168
2435 18 166
2436 25 162
2437 16 166
2438 24 167
2439 17 176
2440 18 166
2441 24 166
2442 19 173
2443 21 171
2444 19 168
2445 18 176
2446 12 168
2447 21 166
2448 14 161
2449 23 168
2450 12 168
2451 18 174
2452 15 168
2453 19 172
2454 20 167
2455 20 172
2456 18 164
2457 25 162
2458 15 166
2459 24 165
2460 18 164
2461 199 194
2462 198 190
2463 199 189
2464 204 193
2465 205 189
2466 200 183
2467 196 190
2468 208 179
2469 206 184
2470 207 184
2471 196 181
2472 208 184
2473 210 181
2474 207 178
2475 196 179
2476 196 188
2477 204 193
2478 200 192
2479 195 190
2480 210 187
2481 210 188
2482 206 190
2483 209 190
2484 204 184
2485 211 179
2486 196 180
2487 204 188
2488 208 178
2489 207 193
2490 201 180
2491 167 93
2492 171 99
2493 172 97
2494 176 94
2495 176 95
2496 168 90
2497 169 94
2498 171 100
2499 171 92
2500 165 100
2501 166 91
2502 161 99
2503 163 94
2504 172 103
2505 173 91
2506 175 102
2507 167 100
2508 169 88
2509 163 86
2510 175 90
2511 164 93
2512 167 95
2513 164 97
2514 174 103
2515 169 86
2516 164 87
2517 165 87
2518 175 87
2519 173 98
2520 173 89
2521 171 236
2522 167 241
2523 163 237
2524 176 236
2525 169 235
2526 172 245
2527 174 242
2528 168 247
2529 162 240
2530 165 233
2531 169 232
2532 165 246
2533 176 243
2534 172 239
2535 168 233
2536 163 240
2537 174 231
2538 175 242
2539 176 242
2540 170 246
2541 163 248
2542 174 236
2543 163 245
2544 175 237
2545 173 237
2546 168 233
2547 168 237
2548 162 244
2549 161 236
2550 167 247
2551 32 22
2552 39 22
2553 35 21
2554 30 16
2555 40 12
2556 27 25
2557 28 21
2558 46 18
2559 31 17
2560 27 21
2561 39 15
2562 39 20
2563 30 14
2564 37 13
2565 38 26
2566 35 23
2567 37 14
2568 44 14
2569 31 19
2570 39 12
2571 38 24
2572 35 21
2573 45 15
2574 30 17
2575 44 19
2576 44 12
2577 35 14
2578 27 20
2579 35 18
2580 41 21
2581 182 204
2582 187 200
2583 178 207
2584 193 197
2585 178 196
2586 184 207
2587 191 198
2588 179 207
2589 189 196
2590 186 208
2591 193 205
2592 182 208
2593 190 204
2594 180 208
2595 177 201
2596 181 204
2597 188 205
2598 182 195
2599 186 199
2600 185 210
2601 194 208
2602 186 211
2603 194 204
2604 179 197
2605 193 195
2606 190 210
2607 180 209
2608 180 211
2609 192 199
2610 191 201
2611 138 48
2612 126 57
2613 133 56
2614 133 61
2615 126 49
2616 125 60
2617 132 52
2618 138 58
2619 132 55
2620 132 51
2621 133 61
2622 126 49
2623 132 48
2624 129 54
2625 136 60
2626 128 52
2627 127 48
2628 134 47
2629 124 56
2630 133 64
2631 139 49
2632 127 48
2633 137 53
2634 127 56
2635 124 57
2636 128 57
2637 135 52
2638 128 57
2639 130 62
2640 133 48
2641 216 82
2642 215 73
2643 224 70
2644 225 82
2645 219 70
2646 217 70
2647 230 83
2648 216 81
2649 215 69
2650 217 80
2651 221 78
2652 228 83
2653 215 76
2654 220 76
2655 213 83
2656 228 68
2657 226 76
2658 212 72
2659 222 72
2660 212 82
2661 228 85
2662 230 85
2663 214 85
2664 214 70
2665 221 66
2666 221 70
2667 224 68
2668 216 83
2669 219 79
2670 216 76
2671 191 29
2672 193 33
2673 186 46
2674 177 34
2675 179 45
2676 186 43
2677 180 30
2678 189 39
2679 177 40
2680 183 43
2681 177 27
2682 185 29
2683 193 41
2684 189 37
2685 177 29
2686 194 41
2687 189 36
2688 192 30
2689 193 27
2690 190 34
2691 187 45
2692 182 30
2693 183 32
2694 185 45
2695 187 36
2696 180 40
2697 193 43
2698 181 30
2699 185 35
2700 188 44
2701 224 55
2702 226 52
2703 230 64
2704 218 55
2705 226 50
2706 214 60
2707 227 58
2708 224 47
2709 214 58
2710 219 56
2711 219 65
2712 213 57
2713 216 59
2714 219 49
2715 216 56
2716 222 58
2717 222 64
2718 213 50
2719 216 52
2720 221 60
2721 227 52
2722 220 47
2723 230 63
2724 219 57
2725 216 53
2726 217 56
2727 225 55
2728 212 56
2729 229 47
2730 214 48
2731 251 159
2732 255 146
2733 262 153
2734 259 143
2735 257 146
2736 258 144
2737 257 141
2738 260 159
2739 264 158
2740 253 153
2741 256 160
2742 253 145
2743 255 143
2744 264 159
2745 253 157
2746 252 152
2747 258 146
2748 264 141
2749 261 157
2750 257 154
2751 255 155
2752 261 145
2753 254 153
2754 258 160
2755 257 141
2756 261 141
2757 253 155
2758 259 141
2759 261 149
2760 256 142
2761 25 37
2762 14 28
2763 26 34
2764 15 37
2765 13 38
2766 17 30
2767 20 42
2768 22 45
2769 26 28
2770 16 35
2771 22 40
2772 12 33
2773 18 38
2774 21 42
2775 20 33
2776 22 34
2777 14 46
2778 23 36
2779 14 33
2780 17 44
2781 16 32
2782 23 36
2783 20 28
2784 26 41
2785 23 33
2786 18 42
2787 15 43
2788 15 45
2789 19 40
2790 17 36
2791 18 187
2792 16 182
2793 19 185
2794 18 180
2795 15 180
2796 24 186
2797 24 189
2798 18 181
2799 25 194
2800 24 182
2801 17 185
2802 17 181
2803 24 189
2804 21 190
2805 17 180
2806 13 177
2807 12 188
2808 25 181
2809 20 191
2810 20 182
2811 25 183
2812 21 184
2813 25 182
2814 19 179
2815 16 182
2816 26 191
2817 17 192
2818 19 187
2819 17 181
2820 12 194
2821 203 171
2822 206 174
2823 208 169
2824 204 173
2825 197 174
2826 205 170
2827 199 162
2828 208 176
2829 203 164
2830 211 172
2831 211 164
2832 203 174
2833 195 170
2834 196 166
2835 207 175
2836 195 175
2837 206 163
2838 202 161
2839 203 167
2840 210 164
2841 195 172
2842 210 170
2843 211 162
2844 196 171
2845 205 166
2846 198 170
2847 207 175
2848 197 163
2849 209 169
2850 203 173
2851 19 71
2852 18 68
2853 16 81
2854 26 85
2855 23 77
2856 19 69
2857 14 77
2858 15 72
2859 25 79
2860 23 67
2861 24 76
2862 26 76
2863 19 80
2864 21 81
2865 25 72
2866 20 67
2867 16 81
2868 14 83
2869 17 72
2870 15 85
2871 26 79
2872 24 84
2873 19 75
2874 16 81
2875 17 77
2876 23 71
2877 15 72
2878 23 82
2879 26 76
2880 16 77
2881 11 53
2882 10 50
2883 4 57
2884 2 55
2885 2 53
2886 11 57
2887 2 55
2888 1 59
2889 7 59
2890 6 57
2891 9 53
2892 6 52
2893 4 60
2894 9 51
2895 4 53
2896 7 59
2897 11 51
2898 4 64
2899 2 47
2900 8 62
2901 7 64
2902 3 59
2903 11 57
2904 2 59
2905 9 48
2906 6 64
2907 5 47
2908 0 53
2909 11 47
2910 5 60
2911 177 144
2912 181 158
2913 189 160
2914 181 144
2915 194 157
2916 189 153
2917 186 153
2918 189 153
2919 182 159
2920 190 144
2921 185 144
2922 188 141
2923 186 151
2924 183 148
2925 178 158
2926 189 150
2927 190 156
2928 193 158
2929 185 147
2930 193 156
2931 185 146
2932 194 142
2933 186 144
2934 177 145
2935 179 160
2936 179 152
2937 192 159
2938 179 152
2939 189 146
2940 194 156
