242 266 10 2908
0 6
1 11
2 9
3 10
4 6
5 9
6 7
7 9
8 6
9 7
10 6
11 10
12 5
13 4
14 4
15 3
16 3
17 3
18 3
19 3
20 3
21 4
22 3
23 3
24 3
25 3
26 3
27 4
28 3
29 3
30 4
31 3
32 3
33 3
34 3
35 3
36 3
37 4
38 3
39 3
40 3
41 3
42 3
43 3
44 3
45 3
46 3
47 3
48 3
49 3
50 4
51 3
52 5
53 3
54 3
55 3
56 3
57 3
58 3
59 3
60 3
61 5
62 5
63 3
64 3
65 3
66 4
67 3
68 3
69 5
70 3
71 3
72 3
73 3
74 3
75 4
76 3
77 5
78 3
79 5
80 4
81 3
82 3
83 3
84 4
85 3
86 3
87 3
88 3
89 3
90 3
91 3
92 3
93 8
94 3
95 3
96 3
97 3
98 3
99 3
100 3
101 3
102 3
103 5
104 4
105 3
106 4
107 3
108 3
109 3
110 5
111 3
112 4
113 3
114 4
115 3
116 3
117 3
118 6
119 3
120 3
121 5
122 3
123 3
124 3
125 3
126 3
127 3
128 3
129 3
130 3
131 3
132 3
133 5
134 3
135 5
136 6
137 4
138 4
139 3
140 3
141 3
142 3
143 3
144 4
145 3
146 3
147 3
148 3
149 3
150 4
151 3
152 5
153 3
154 3
155 3
156 3
157 3
158 3
159 3
160 4
161 3
162 4
163 3
164 3
165 3
166 3
167 3
168 4
169 3
170 4
171 3
172 3
173 3
174 4
175 3
176 3
177 4
178 3
179 4
180 3
181 3
182 3
183 6
184 3
185 5
186 4
187 3
188 4
189 3
190 3
191 4
192 3
193 3
194 5
195 3
196 3
197 4
198 3
199 7
200 3
201 4
202 3
203 3
204 3
205 4
206 3
207 3
208 3
209 3
210 5
211 3
212 3
213 3
214 4
215 5
216 4
217 4
218 3
219 4
220 3
221 3
222 3
223 3
224 5
225 3
226 4
227 3
228 3
229 3
230 4
231 3
232 3
233 4
234 4
235 3
236 6
237 4
238 4
239 3
240 3
241 3
0 0 2
1 0 5
2 0 7
3 0 9
4 0 11
5 1 2
6 1 3
7 1 4
8 1 6
9 1 7
10 1 9
11 1 11
12 1 133
13 1 151
14 2 3
15 2 4
16 2 5
17 2 6
18 2 7
19 2 8
20 2 30
21 3 4
22 3 6
23 3 8
24 3 10
25 3 11
26 3 166
27 3 225
28 4 9
29 4 11
30 5 6
31 5 8
32 5 9
33 5 11
34 5 186
35 6 7
36 6 9
37 7 10
38 7 11
39 7 79
40 7 117
41 7 206
42 8 10
43 8 11
44 8 64
45 9 11
46 9 46
47 10 99
48 11 12
49 12 20
50 12 25
51 12 13
52 12 29
53 13 23
54 13 14
55 14 26
56 14 27
57 14 28
58 15 19
59 16 27
60 17 21
61 18 21
62 19 25
63 21 28
64 22 26
65 24 29
66 30 34
67 30 32
68 31 40
69 32 40
70 33 42
71 34 38
72 35 45
73 36 42
74 37 39
75 37 41
76 38 42
77 40 43
78 41 44
79 41 43
80 43 45
81 46 59
82 47 63
83 48 61
84 49 52
85 50 54
86 50 61
87 51 62
88 52 58
89 52 54
90 53 55
91 53 60
92 53 58
93 54 62
94 56 60
95 57 59
96 59 62
97 61 63
98 64 77
99 65 70
100 65 74
101 65 69
102 66 76
103 66 75
104 66 78
105 67 72
106 67 69
107 68 71
108 69 75
109 71 77
110 73 78
111 75 77
112 79 85
113 79 88
114 80 87
115 80 95
116 81 88
117 82 83
118 82 86
119 82 85
120 84 90
121 84 93
122 85 89
123 88 93
124 91 95
125 92 96
126 93 95
127 93 96
128 93 97
129 93 98
130 94 97
131 99 103
132 100 106
133 100 104
134 100 107
135 101 102
136 102 103
137 102 114
138 103 105
139 104 110
140 106 114
141 107 116
142 108 110
143 109 113
144 109 112
145 110 111
146 110 112
147 110 115
148 117 123
149 117 121
150 118 127
151 118 121
152 118 125
153 118 122
154 119 124
155 119 122
156 120 126
157 120 121
158 122 129
159 123 128
160 125 131
161 128 130
162 129 132
163 133 142
164 133 135
165 133 150
166 134 135
167 135 137
168 135 146
169 136 138
170 136 143
171 136 144
172 136 150
173 137 140
174 138 139
175 138 141
176 143 147
177 144 148
178 145 148
179 149 150
180 151 165
181 152 157
182 152 159
183 152 160
184 152 161
185 152 164
186 153 158
187 154 164
188 155 158
189 155 165
190 156 162
191 160 162
192 161 163
193 164 165
194 166 174
195 167 182
196 167 183
197 168 172
198 168 183
199 168 184
200 168 185
201 169 177
202 170 175
203 170 180
204 171 177
205 173 179
206 174 178
207 174 185
208 176 183
209 177 179
210 177 185
211 178 181
212 180 183
213 186 191
214 186 205
215 187 199
216 188 189
217 188 201
218 190 197
219 190 205
220 191 200
221 191 199
222 192 193
223 192 194
224 192 196
225 194 198
226 194 203
227 195 197
228 196 199
229 199 201
230 199 202
231 203 204
232 206 222
233 207 217
234 208 218
235 209 213
236 209 224
237 210 211
238 210 214
239 210 224
240 212 221
241 212 215
242 214 216
243 215 219
244 215 220
245 216 223
246 217 218
247 217 219
248 220 222
249 220 224
250 225 239
251 225 238
252 226 227
253 226 232
254 228 233
255 229 239
256 230 234
257 230 237
258 231 238
259 231 236
260 232 239
261 233 238
262 234 236
263 235 236
264 236 240
265 237 241
0 52 67
1 63 73
2 49 64
3 63 77
4 52 72
5 62 74
6 56 74
7 48 70
8 53 72
9 57 77
10 62 64
11 54 64
12 60 71
13 52 78
14 50 78
15 48 70
16 49 70
17 50 65
18 63 68
19 59 67
20 57 78
21 59 65
22 59 67
23 58 67
24 57 73
25 51 78
26 53 73
27 59 77
28 58 75
29 48 78
30 41 76
31 37 65
32 37 75
33 45 67
34 34 67
35 41 78
36 42 68
37 32 70
38 32 76
39 45 74
40 45 64
41 44 68
42 33 73
43 32 72
44 44 78
45 34 72
46 37 76
47 39 70
48 42 77
49 37 67
50 33 70
51 33 70
52 35 73
53 31 70
54 39 66
55 35 75
56 32 70
57 40 77
58 43 68
59 42 72
60 46 23
61 63 27
62 48 20
63 52 12
64 51 18
65 51 17
66 60 28
67 56 29
68 57 27
69 60 15
70 53 19
71 53 24
72 53 28
73 62 24
74 49 24
75 62 29
76 50 25
77 51 26
78 46 12
79 53 12
80 48 28
81 59 29
82 54 20
83 46 19
84 48 23
85 54 14
86 58 25
87 61 26
88 49 22
89 60 18
90 233 240
91 237 231
92 235 241
93 236 226
94 229 230
95 235 228
96 234 241
97 230 238
98 227 234
99 236 229
100 235 226
101 240 233
102 230 238
103 232 237
104 238 235
105 233 241
106 230 227
107 94 109
108 84 111
109 94 105
110 83 114
111 80 113
112 91 108
113 83 110
114 88 101
115 87 101
116 98 103
117 85 112
118 91 104
119 83 100
120 92 101
121 90 114
122 81 113
123 82 103
124 98 108
125 79 102
126 83 109
127 92 116
128 86 104
129 92 102
130 83 107
131 93 100
132 89 116
133 82 103
134 85 103
135 95 107
136 84 110
137 135 129
138 146 126
139 133 117
140 145 130
141 138 117
142 142 132
143 148 130
144 140 126
145 136 118
146 138 131
147 141 117
148 141 117
149 147 131
150 133 126
151 135 130
152 142 125
153 149 123
154 139 117
155 149 121
156 149 119
157 133 132
158 138 123
159 133 120
160 148 129
161 144 128
162 142 122
163 142 122
164 135 128
165 134 124
166 136 126
167 27 216
168 15 211
169 12 211
170 21 221
171 26 208
172 20 207
173 13 212
174 13 206
175 16 221
176 17 218
177 12 221
178 25 218
179 25 209
180 18 210
181 26 221
182 12 217
183 17 213
184 14 214
185 13 206
186 27 213
187 22 224
188 28 223
189 26 212
190 18 220
191 17 222
192 27 211
193 20 219
194 15 214
195 14 219
196 22 224
197 68 120
198 74 128
199 64 118
200 64 121
201 73 131
202 70 125
203 76 129
204 67 123
205 65 117
206 71 124
207 70 121
208 66 117
209 69 121
210 72 124
211 73 124
212 68 126
213 65 128
214 68 121
215 72 121
216 65 124
217 78 124
218 72 132
219 67 126
220 72 120
221 67 127
222 65 118
223 73 130
224 76 130
225 65 123
226 69 130
227 216 148
228 220 142
229 218 136
230 216 141
231 217 138
232 219 139
233 223 146
234 212 135
235 219 148
236 224 136
237 223 133
238 217 140
239 211 142
240 224 149
241 210 149
242 206 142
243 210 140
244 213 142
245 214 134
246 224 142
247 218 147
248 216 144
249 224 135
250 217 150
251 206 145
252 208 150
253 215 143
254 221 139
255 217 136
256 206 139
257 69 196
258 67 187
259 76 190
260 66 196
261 75 193
262 65 189
263 65 198
264 77 203
265 69 198
266 64 195
267 74 187
268 65 187
269 66 196
270 78 194
271 70 191
272 78 204
273 73 199
274 76 198
275 77 204
276 77 201
277 66 198
278 69 188
279 78 201
280 68 199
281 68 195
282 66 197
283 78 190
284 73 193
285 76 205
286 67 186
287 113 23
288 100 29
289 109 20
290 100 25
291 106 16
292 111 23
293 100 14
294 113 15
295 106 18
296 101 15
297 116 14
298 113 19
299 108 22
300 100 17
301 108 29
302 105 20
303 113 21
304 99 16
305 106 21
306 105 29
307 105 19
308 104 25
309 111 25
310 113 29
311 115 15
312 105 21
313 107 23
314 105 15
315 111 19
316 103 16
317 169 226
318 183 231
319 178 225
320 181 234
321 170 225
322 182 233
323 167 227
324 169 236
325 174 231
326 175 241
327 178 241
328 169 234
329 176 235
330 180 234
331 167 226
332 167 231
333 178 237
334 168 234
335 173 227
336 175 228
337 172 230
338 185 230
339 180 239
340 184 238
341 169 238
342 176 240
343 167 231
344 182 241
345 183 239
346 171 240
347 14 70
348 23 72
349 26 65
350 28 71
351 20 71
352 20 77
353 25 64
354 19 76
355 12 67
356 29 74
357 21 72
358 19 67
359 24 73
360 22 75
361 26 72
362 13 71
363 21 64
364 12 74
365 14 76
366 25 67
367 23 66
368 19 75
369 19 71
370 12 69
371 15 69
372 21 66
373 15 72
374 26 74
375 18 70
376 14 67
377 15 13
378 21 20
379 15 21
380 24 19
381 23 17
382 23 19
383 25 17
384 22 21
385 22 18
386 19 22
387 17 29
388 17 16
389 20 15
390 12 21
391 14 19
392 17 25
393 22 25
394 26 18
395 26 24
396 160 210
397 151 218
398 152 211
399 165 209
400 162 224
401 156 220
402 152 206
403 159 215
404 158 220
405 154 214
406 159 206
407 165 210
408 159 214
409 154 216
410 165 211
411 158 218
412 164 217
413 159 218
414 163 214
415 163 221
416 153 219
417 151 212
418 151 207
419 157 207
420 151 224
421 162 216
422 165 221
423 165 224
424 162 208
425 155 224
426 184 20
427 176 19
428 166 28
429 179 16
430 167 29
431 185 26
432 169 21
433 170 23
434 185 29
435 183 22
436 170 24
437 167 25
438 181 22
439 172 28
440 179 22
441 178 28
442 182 15
443 167 16
444 183 18
445 173 16
446 170 25
447 177 17
448 180 12
449 171 13
450 182 29
451 185 19
452 173 18
453 171 21
454 166 19
455 174 22
456 136 111
457 143 107
458 149 104
459 146 107
460 136 99
461 137 116
462 133 113
463 143 101
464 140 101
465 146 99
466 139 102
467 134 104
468 140 102
469 150 115
470 146 108
471 150 101
472 133 113
473 140 111
474 146 100
475 137 110
476 143 103
477 137 104
478 140 99
479 148 111
480 140 113
481 135 101
482 146 115
483 143 109
484 143 114
485 141 107
486 99 231
487 114 227
488 115 241
489 102 238
490 109 240
491 115 237
492 110 238
493 110 239
494 105 233
495 107 238
496 102 238
497 101 226
498 102 228
499 104 234
500 99 236
501 107 232
502 105 225
503 110 239
504 105 232
505 114 227
506 115 233
507 106 231
508 115 241
509 106 238
510 114 230
511 101 239
512 101 234
513 100 229
514 110 240
515 99 239
516 72 224
517 74 206
518 70 208
519 67 223
520 75 208
521 74 209
522 71 207
523 73 206
524 73 212
525 65 209
526 77 220
527 73 215
528 75 208
529 73 215
530 78 215
531 68 214
532 78 206
533 69 221
534 77 208
535 67 215
536 64 211
537 73 213
538 74 209
539 77 218
540 68 206
541 64 212
542 66 222
543 72 214
544 74 216
545 69 223
546 228 216
547 226 214
548 230 207
549 233 208
550 236 212
551 236 206
552 241 224
553 241 209
554 234 207
555 230 216
556 236 211
557 231 224
558 241 207
559 241 222
560 241 220
561 227 215
562 241 216
563 227 216
564 225 208
565 234 213
566 229 209
567 240 209
568 235 216
569 235 206
570 231 221
571 228 211
572 228 216
573 228 217
574 240 212
575 226 224
576 167 139
577 182 138
578 173 140
579 179 143
580 181 142
581 183 143
582 180 133
583 168 144
584 181 146
585 171 137
586 177 136
587 176 143
588 185 143
589 166 141
590 177 137
591 172 148
592 169 141
593 167 142
594 167 145
595 168 141
596 180 136
597 181 133
598 175 136
599 176 137
600 184 142
601 179 138
602 176 147
603 178 146
604 166 145
605 181 145
606 11 77
607 8 70
608 3 71
609 0 76
610 2 77
611 6 74
612 10 78
613 9 77
614 9 69
615 10 74
616 11 77
617 11 78
618 0 65
619 9 74
620 4 69
621 10 77
622 5 78
623 8 72
624 5 76
625 9 78
626 10 65
627 5 78
628 11 76
629 2 78
630 2 66
631 10 68
632 5 76
633 9 76
634 188 135
635 188 146
636 189 144
637 200 146
638 205 136
639 190 141
640 204 141
641 200 139
642 189 146
643 199 140
644 205 135
645 195 148
646 193 149
647 192 138
648 197 146
649 196 146
650 205 145
651 198 148
652 199 145
653 203 147
654 203 142
655 188 139
656 205 133
657 202 142
658 201 134
659 186 150
660 189 150
661 204 149
662 190 134
663 195 149
664 173 32
665 166 34
666 179 40
667 167 33
668 174 42
669 166 35
670 170 44
671 185 42
672 166 45
673 172 44
674 169 42
675 169 31
676 166 42
677 185 45
678 169 41
679 173 35
680 170 43
681 171 37
682 172 41
683 178 32
684 167 41
685 183 36
686 171 36
687 181 45
688 172 40
689 166 30
690 167 44
691 169 45
692 184 30
693 177 34
694 55 72
695 61 70
696 53 75
697 50 69
698 57 78
699 50 70
700 46 70
701 46 76
702 46 75
703 57 76
704 50 64
705 48 70
706 61 75
707 58 77
708 54 78
709 48 75
710 55 72
711 47 71
712 59 67
713 55 77
714 49 65
715 51 65
716 63 64
717 47 64
718 57 77
719 48 71
720 47 70
721 61 71
722 46 75
723 53 68
724 27 157
725 12 157
726 13 163
727 15 158
728 13 152
729 18 154
730 16 160
731 23 155
732 24 153
733 18 157
734 13 157
735 16 153
736 21 162
737 28 154
738 14 156
739 16 155
740 15 162
741 21 152
742 21 163
743 25 156
744 26 154
745 22 154
746 16 158
747 24 165
748 19 165
749 29 157
750 24 157
751 21 156
752 24 158
753 21 165
754 6 154
755 9 165
756 1 160
757 9 164
758 9 163
759 1 156
760 8 165
761 6 162
762 5 158
763 0 162
764 7 160
765 9 164
766 5 151
767 1 157
768 2 155
769 8 162
770 7 161
771 3 160
772 4 160
773 11 164
774 5 158
775 7 162
776 0 156
777 5 157
778 8 159
779 237 149
780 235 141
781 239 142
782 236 139
783 228 140
784 236 146
785 230 138
786 229 145
787 238 141
788 236 139
789 235 138
790 234 148
791 230 147
792 234 145
793 229 146
794 237 143
795 226 143
796 240 134
797 228 142
798 225 142
799 239 137
800 233 140
801 233 142
802 230 140
803 228 150
804 229 143
805 226 139
806 238 143
807 230 133
808 225 146
809 211 36
810 224 34
811 210 35
812 208 35
813 209 39
814 215 45
815 209 41
816 215 33
817 209 31
818 208 45
819 214 30
820 213 40
821 216 32
822 214 42
823 216 38
824 217 31
825 218 41
826 213 34
827 220 32
828 218 34
829 209 40
830 213 34
831 216 30
832 223 38
833 219 33
834 211 39
835 217 36
836 207 33
837 220 33
838 220 34
839 18 132
840 29 124
841 15 120
842 20 117
843 27 130
844 18 119
845 16 128
846 17 124
847 29 131
848 28 123
849 23 126
850 19 121
851 21 118
852 17 118
853 14 125
854 13 122
855 27 120
856 12 120
857 19 128
858 20 124
859 19 132
860 20 120
861 21 131
862 23 130
863 13 130
864 21 124
865 25 126
866 13 129
867 23 121
868 24 128
869 177 113
870 172 103
871 181 116
872 171 108
873 171 113
874 183 116
875 169 108
876 172 116
877 172 102
878 175 105
879 179 102
880 173 108
881 184 111
882 168 113
883 185 108
884 168 107
885 170 100
886 174 106
887 176 106
888 185 107
889 172 105
890 167 114
891 182 105
892 172 104
893 167 101
894 172 111
895 172 102
896 183 103
897 177 99
898 166 114
899 22 229
900 19 237
901 26 232
902 25 235
903 14 237
904 29 234
905 27 236
906 19 235
907 29 234
908 12 231
909 13 240
910 20 239
911 13 236
912 22 225
913 21 241
914 19 228
915 25 230
916 28 239
917 19 237
918 19 234
919 12 229
920 21 231
921 29 236
922 14 235
923 17 230
924 19 231
925 23 234
926 24 235
927 18 237
928 14 227
929 26 237
930 28 240
931 13 233
932 20 225
933 19 233
934 16 238
935 16 239
936 29 227
937 25 232
938 24 228
939 25 233
940 13 235
941 29 227
942 18 235
943 25 235
944 13 229
945 28 233
946 22 233
947 23 239
948 24 232
949 25 234
950 28 237
951 24 237
952 15 241
953 28 241
954 21 234
955 27 241
956 20 225
957 21 234
958 23 241
959 43 91
960 35 93
961 39 81
962 39 89
963 34 91
964 41 84
965 30 81
966 31 97
967 37 95
968 38 83
969 45 83
970 34 96
971 36 84
972 35 89
973 45 83
974 39 84
975 34 98
976 41 93
977 43 93
978 36 98
979 40 97
980 38 84
981 31 83
982 30 81
983 41 92
984 35 84
985 38 95
986 36 93
987 32 96
988 42 80
989 82 34
990 86 34
991 93 43
992 87 43
993 92 31
994 79 40
995 93 42
996 96 45
997 96 35
998 88 44
999 94 38
1000 87 34
1001 94 31
1002 95 39
1003 98 34
1004 87 37
1005 82 34
1006 87 38
1007 84 40
1008 87 37
1009 93 35
1010 85 37
1011 94 30
1012 80 33
1013 97 45
1014 93 30
1015 92 40
1016 88 43
1017 84 32
1018 92 36
1019 38 99
1020 33 112
1021 40 100
1022 37 114
1023 33 113
1024 34 110
1025 31 105
1026 43 116
1027 42 100
1028 37 104
1029 41 114
1030 30 115
1031 43 116
1032 34 115
1033 37 110
1034 45 116
1035 44 103
1036 43 103
1037 36 108
1038 34 109
1039 31 105
1040 32 104
1041 41 102
1042 42 107
1043 30 115
1044 43 104
1045 39 100
1046 32 102
1047 44 101
1048 41 113
1049 129 8
1050 117 8
1051 127 10
1052 117 4
1053 119 1
1054 127 0
1055 121 6
1056 119 2
1057 119 9
1058 131 1
1059 124 2
1060 124 6
1061 131 9
1062 127 0
1063 117 8
1064 126 10
1065 126 6
1066 125 3
1067 117 5
1068 131 10
1069 128 7
1070 121 3
1071 117 9
1072 123 5
1073 119 10
1074 118 1
1075 131 6
1076 124 11
1077 226 6
1078 228 2
1079 232 3
1080 240 0
1081 237 10
1082 233 0
1083 228 3
1084 229 3
1085 233 7
1086 229 5
1087 231 0
1088 231 11
1089 229 6
1090 239 9
1091 237 4
1092 235 5
1093 237 7
1094 227 10
1095 235 11
1096 231 1
1097 228 6
1098 228 3
1099 235 11
1100 232 10
1101 230 5
1102 230 6
1103 228 1
1104 236 7
1105 236 7
1106 51 196
1107 52 187
1108 46 195
1109 46 192
1110 53 191
1111 60 194
1112 58 193
1113 55 189
1114 55 189
1115 48 201
1116 49 192
1117 59 199
1118 56 198
1119 53 202
1120 61 201
1121 46 205
1122 61 189
1123 59 189
1124 50 187
1125 63 197
1126 57 191
1127 47 195
1128 51 198
1129 61 201
1130 61 203
1131 54 196
1132 49 192
1133 52 186
1134 56 205
1135 51 191
1136 208 66
1137 223 66
1138 215 76
1139 215 73
1140 207 78
1141 221 73
1142 223 64
1143 220 69
1144 218 73
1145 219 66
1146 218 73
1147 210 78
1148 213 74
1149 219 75
1150 210 67
1151 214 64
1152 212 76
1153 218 68
1154 207 64
1155 223 72
1156 206 73
1157 209 65
1158 206 67
1159 220 70
1160 215 72
1161 209 76
1162 218 77
1163 208 75
1164 210 64
1165 209 66
1166 4 190
1167 3 190
1168 6 189
1169 5 196
1170 5 196
1171 0 205
1172 5 193
1173 6 189
1174 11 200
1175 3 193
1176 9 188
1177 10 194
1178 0 193
1179 7 189
1180 10 195
1181 9 199
1182 11 196
1183 7 200
1184 10 191
1185 8 188
1186 6 200
1187 4 192
1188 5 195
1189 5 198
1190 8 198
1191 11 202
1192 183 225
1193 173 230
1194 170 238
1195 183 233
1196 183 236
1197 184 237
1198 182 239
1199 167 234
1200 177 234
1201 173 241
1202 175 241
1203 182 225
1204 176 232
1205 177 236
1206 180 232
1207 177 229
1208 182 229
1209 176 234
1210 175 230
1211 179 241
1212 173 235
1213 180 230
1214 171 238
1215 180 233
1216 183 236
1217 172 237
1218 180 234
1219 181 238
1220 181 230
1221 177 241
1222 97 40
1223 85 35
1224 81 39
1225 88 33
1226 88 37
1227 97 38
1228 91 31
1229 97 34
1230 85 41
1231 94 43
1232 88 35
1233 79 41
1234 86 31
1235 91 42
1236 89 42
1237 90 31
1238 93 42
1239 80 38
1240 98 36
1241 86 35
1242 85 39
1243 88 32
1244 79 40
1245 95 30
1246 86 31
1247 80 35
1248 88 35
1249 79 33
1250 90 44
1251 93 42
1252 158 115
1253 152 100
1254 162 103
1255 153 102
1256 151 112
1257 159 106
1258 152 104
1259 158 99
1260 159 108
1261 160 116
1262 155 104
1263 153 114
1264 158 111
1265 152 116
1266 160 102
1267 152 109
1268 152 102
1269 161 100
1270 163 101
1271 154 113
1272 154 114
1273 162 100
1274 165 110
1275 156 99
1276 151 99
1277 158 113
1278 158 102
1279 151 100
1280 162 100
1281 158 110
1282 73 72
1283 76 73
1284 71 76
1285 64 68
1286 74 78
1287 77 65
1288 68 75
1289 67 77
1290 65 72
1291 77 76
1292 72 70
1293 76 69
1294 70 71
1295 76 65
1296 65 78
1297 72 64
1298 74 71
1299 198 190
1300 195 192
1301 187 204
1302 193 203
1303 195 202
1304 194 186
1305 199 190
1306 195 198
1307 200 204
1308 188 192
1309 186 194
1310 204 186
1311 192 187
1312 194 189
1313 189 203
1314 192 201
1315 201 204
1316 189 204
1317 198 196
1318 203 191
1319 205 198
1320 204 188
1321 225 181
1322 236 173
1323 240 180
1324 239 184
1325 228 169
1326 237 173
1327 241 169
1328 226 169
1329 241 170
1330 232 170
1331 230 177
1332 229 167
1333 232 181
1334 234 173
1335 225 170
1336 225 170
1337 227 176
1338 240 168
1339 238 175
1340 236 172
1341 236 166
1342 230 185
1343 237 179
1344 228 173
1345 236 171
1346 226 181
1347 228 172
1348 239 178
1349 226 183
1350 227 170
1351 128 181
1352 129 172
1353 119 181
1354 121 177
1355 126 181
1356 122 170
1357 117 173
1358 120 184
1359 121 178
1360 121 169
1361 126 168
1362 131 173
1363 127 172
1364 131 171
1365 126 171
1366 121 174
1367 117 169
1368 125 179
1369 118 175
1370 119 168
1371 123 180
1372 124 180
1373 124 178
1374 123 166
1375 121 185
1376 119 176
1377 129 175
1378 123 181
1379 126 175
1380 124 172
1381 206 202
1382 215 189
1383 214 198
1384 211 186
1385 223 195
1386 206 189
1387 206 188
1388 209 196
1389 222 187
1390 206 204
1391 206 205
1392 215 199
1393 218 193
1394 210 196
1395 210 203
1396 218 192
1397 207 197
1398 213 200
1399 218 195
1400 219 191
1401 212 203
1402 216 204
1403 210 194
1404 214 205
1405 221 195
1406 218 191
1407 210 191
1408 209 196
1409 215 194
1410 220 199
1411 12 63
1412 16 51
1413 17 49
1414 20 59
1415 20 60
1416 19 53
1417 29 58
1418 27 62
1419 23 47
1420 18 55
1421 27 61
1422 19 55
1423 20 56
1424 16 52
1425 15 61
1426 21 54
1427 16 49
1428 21 49
1429 20 53
1430 28 50
1431 13 60
1432 12 58
1433 12 56
1434 21 60
1435 29 56
1436 13 62
1437 18 53
1438 15 51
1439 14 55
1440 27 50
1441 80 101
1442 97 104
1443 89 113
1444 84 115
1445 97 115
1446 94 108
1447 86 105
1448 89 111
1449 98 112
1450 97 112
1451 91 116
1452 95 99
1453 97 110
1454 79 104
1455 80 105
1456 88 110
1457 91 109
1458 94 101
1459 92 100
1460 96 99
1461 97 113
1462 87 114
1463 91 100
1464 83 106
1465 87 106
1466 95 116
1467 90 101
1468 91 102
1469 94 100
1470 96 108
1471 97 54
1472 98 47
1473 86 55
1474 85 52
1475 96 48
1476 83 50
1477 84 62
1478 82 62
1479 79 53
1480 84 49
1481 84 53
1482 91 48
1483 92 47
1484 90 56
1485 86 62
1486 79 54
1487 79 55
1488 94 47
1489 94 63
1490 94 62
1491 89 62
1492 90 52
1493 85 57
1494 91 55
1495 98 51
1496 85 56
1497 97 53
1498 84 54
1499 95 51
1500 80 57
1501 161 168
1502 158 174
1503 151 181
1504 153 179
1505 163 168
1506 151 179
1507 165 171
1508 156 173
1509 165 168
1510 160 181
1511 156 166
1512 165 173
1513 154 167
1514 163 174
1515 156 185
1516 162 179
1517 160 180
1518 162 177
1519 163 184
1520 160 183
1521 157 174
1522 155 171
1523 160 178
1524 156 181
1525 161 166
1526 154 171
1527 164 170
1528 158 181
1529 161 177
1530 160 175
1531 234 148
1532 234 134
1533 228 140
1534 229 141
1535 235 146
1536 234 147
1537 231 137
1538 228 137
1539 236 143
1540 241 142
1541 230 147
1542 231 135
1543 233 144
1544 231 137
1545 225 142
1546 236 147
1547 238 135
1548 235 137
1549 232 141
1550 225 138
1551 235 138
1552 239 146
1553 239 137
1554 237 140
1555 229 137
1556 227 142
1557 239 138
1558 232 139
1559 240 144
1560 232 139
1561 115 174
1562 103 168
1563 102 182
1564 111 183
1565 100 167
1566 113 167
1567 105 179
1568 103 169
1569 100 179
1570 114 180
1571 103 166
1572 109 182
1573 102 170
1574 103 175
1575 105 166
1576 112 176
1577 106 175
1578 105 176
1579 111 184
1580 110 183
1581 109 180
1582 100 170
1583 108 180
1584 102 177
1585 107 185
1586 107 176
1587 112 183
1588 104 176
1589 107 177
1590 104 172
1591 57 86
1592 60 92
1593 46 83
1594 50 94
1595 48 84
1596 60 96
1597 48 96
1598 59 94
1599 56 98
1600 52 91
1601 50 90
1602 56 95
1603 51 93
1604 50 87
1605 59 88
1606 54 93
1607 46 79
1608 61 84
1609 62 85
1610 62 94
1611 47 87
1612 58 98
1613 59 93
1614 52 89
1615 53 90
1616 49 82
1617 54 81
1618 47 82
1619 49 91
1620 59 81
1621 9 227
1622 9 240
1623 2 236
1624 7 231
1625 6 241
1626 10 240
1627 2 237
1628 1 232
1629 6 227
1630 9 226
1631 6 239
1632 1 227
1633 10 233
1634 0 233
1635 4 232
1636 1 233
1637 9 234
1638 8 230
1639 2 236
1640 11 230
1641 9 241
1642 0 236
1643 11 226
1644 8 232
1645 4 226
1646 11 238
1647 0 230
1648 6 229
1649 10 234
1650 1 240
1651 23 21
1652 14 18
1653 19 27
1654 16 12
1655 12 21
1656 25 24
1657 15 12
1658 23 27
1659 22 18
1660 17 12
1661 14 19
1662 17 14
1663 21 20
1664 19 14
1665 26 23
1666 14 25
1667 21 25
1668 28 16
1669 26 25
1670 27 23
1671 6 42
1672 10 44
1673 11 39
1674 6 40
1675 3 45
1676 6 36
1677 8 33
1678 10 31
1679 3 33
1680 0 41
1681 4 35
1682 2 41
1683 4 40
1684 7 41
1685 6 41
1686 9 39
1687 6 34
1688 9 42
1689 4 44
1690 11 34
1691 10 40
1692 7 37
1693 4 36
1694 1 37
1695 7 33
1696 9 36
1697 1 140
1698 3 150
1699 5 144
1700 4 134
1701 0 143
1702 9 139
1703 2 148
1704 1 146
1705 11 141
1706 7 135
1707 4 142
1708 4 141
1709 11 148
1710 10 140
1711 0 138
1712 3 143
1713 7 142
1714 5 133
1715 7 144
1716 11 134
1717 4 144
1718 11 140
1719 0 140
1720 0 148
1721 1 138
1722 9 149
1723 27 129
1724 19 126
1725 25 125
1726 16 117
1727 20 125
1728 27 117
1729 13 120
1730 19 130
1731 21 129
1732 25 123
1733 19 127
1734 19 128
1735 19 120
1736 23 124
1737 21 129
1738 28 125
1739 17 125
1740 17 132
1741 13 122
1742 14 127
1743 28 122
1744 12 124
1745 26 129
1746 15 118
1747 22 130
1748 20 127
1749 14 117
1750 22 125
1751 22 123
1752 14 121
1753 101 85
1754 105 93
1755 105 83
1756 99 81
1757 100 96
1758 111 82
1759 102 86
1760 116 88
1761 113 92
1762 100 85
1763 101 95
1764 116 80
1765 115 91
1766 108 94
1767 103 80
1768 114 86
1769 116 83
1770 102 80
1771 104 79
1772 107 85
1773 115 84
1774 104 92
1775 104 93
1776 108 93
1777 108 83
1778 115 92
1779 109 93
1780 107 91
1781 107 87
1782 111 93
1783 216 98
1784 221 93
1785 222 92
1786 207 96
1787 210 80
1788 207 90
1789 210 79
1790 207 96
1791 217 84
1792 213 87
1793 216 96
1794 216 92
1795 211 88
1796 213 83
1797 221 79
1798 224 84
1799 216 84
1800 212 91
1801 207 84
1802 220 91
1803 224 88
1804 212 81
1805 209 88
1806 214 89
1807 208 98
1808 208 87
1809 209 88
1810 216 97
1811 211 95
1812 207 79
1813 120 20
1814 130 20
1815 121 14
1816 120 19
1817 129 13
1818 124 21
1819 117 15
1820 125 15
1821 127 25
1822 124 20
1823 121 24
1824 118 15
1825 120 29
1826 131 15
1827 130 22
1828 118 29
1829 126 24
1830 126 26
1831 132 23
1832 128 26
1833 123 24
1834 124 27
1835 122 27
1836 120 25
1837 120 17
1838 129 29
1839 121 23
1840 120 25
1841 125 24
1842 118 12
1843 93 195
1844 97 200
1845 92 202
1846 82 186
1847 84 192
1848 82 205
1849 84 204
1850 86 199
1851 88 203
1852 85 187
1853 87 201
1854 90 201
1855 90 197
1856 96 190
1857 97 190
1858 88 196
1859 82 199
1860 95 198
1861 96 192
1862 94 205
1863 81 204
1864 87 201
1865 92 188
1866 83 193
1867 90 199
1868 95 189
1869 80 191
1870 90 200
1871 79 190
1872 87 196
1873 187 120
1874 194 129
1875 188 126
1876 201 130
1877 194 121
1878 194 125
1879 189 128
1880 186 122
1881 205 130
1882 204 130
1883 204 129
1884 203 121
1885 205 128
1886 192 119
1887 189 128
1888 198 120
1889 201 127
1890 193 118
1891 198 125
1892 187 121
1893 203 123
1894 195 132
1895 196 132
1896 189 119
1897 186 118
1898 201 117
1899 198 121
1900 200 126
1901 191 127
1902 191 132
1903 92 32
1904 95 36
1905 88 44
1906 97 32
1907 91 36
1908 81 30
1909 81 44
1910 96 45
1911 98 44
1912 94 44
1913 92 36
1914 98 43
1915 88 32
1916 90 37
1917 93 33
1918 79 39
1919 91 36
1920 90 39
1921 86 36
1922 98 40
1923 90 32
1924 92 35
1925 96 39
1926 90 39
1927 91 33
1928 90 44
1929 90 41
1930 80 38
1931 94 33
1932 86 30
1933 223 86
1934 208 88
1935 222 93
1936 209 97
1937 210 89
1938 218 86
1939 206 92
1940 223 84
1941 206 82
1942 211 94
1943 214 95
1944 221 79
1945 206 86
1946 221 79
1947 207 83
1948 213 86
1949 215 91
1950 218 94
1951 209 98
1952 212 94
1953 214 98
1954 214 81
1955 207 93
1956 211 84
1957 220 87
1958 220 92
1959 215 90
1960 218 92
1961 217 81
1962 215 84
1963 44 56
1964 34 50
1965 30 55
1966 36 57
1967 38 62
1968 42 56
1969 41 51
1970 42 61
1971 31 52
1972 33 47
1973 35 57
1974 37 48
1975 30 49
1976 33 58
1977 35 57
1978 31 56
1979 38 50
1980 39 49
1981 45 62
1982 43 56
1983 45 51
1984 39 51
1985 30 59
1986 42 46
1987 39 55
1988 40 54
1989 42 58
1990 40 54
1991 45 46
1992 34 48
1993 74 91
1994 73 89
1995 65 96
1996 77 87
1997 67 79
1998 75 91
1999 68 88
2000 68 86
2001 67 95
2002 72 90
2003 75 80
2004 77 95
2005 78 87
2006 70 94
2007 71 89
2008 74 79
2009 65 92
2010 68 84
2011 78 84
2012 66 93
2013 68 88
2014 64 88
2015 73 98
2016 64 81
2017 77 84
2018 73 90
2019 69 84
2020 74 94
2021 77 82
2022 76 92
2023 148 85
2024 136 83
2025 147 94
2026 150 82
2027 149 84
2028 145 95
2029 138 80
2030 146 87
2031 141 89
2032 133 88
2033 145 98
2034 143 87
2035 144 91
2036 146 80
2037 147 97
2038 143 81
2039 134 90
2040 149 79
2041 134 87
2042 135 93
2043 141 81
2044 137 98
2045 135 87
2046 149 88
2047 137 92
2048 142 88
2049 149 95
2050 150 96
2051 143 82
2052 148 96
2053 155 129
2054 160 131
2055 155 126
2056 162 130
2057 151 118
2058 160 120
2059 164 131
2060 163 123
2061 151 132
2062 151 126
2063 158 130
2064 153 131
2065 157 123
2066 157 129
2067 151 131
2068 162 128
2069 158 119
2070 158 128
2071 162 130
2072 159 122
2073 162 125
2074 162 120
2075 152 117
2076 165 120
2077 151 130
2078 161 126
2079 152 119
2080 154 119
2081 162 131
2082 163 121
2083 58 13
2084 49 14
2085 63 29
2086 59 29
2087 62 23
2088 49 16
2089 61 22
2090 61 20
2091 61 17
2092 56 23
2093 50 28
2094 59 19
2095 48 29
2096 46 17
2097 51 18
2098 58 13
2099 57 23
2100 59 14
2101 63 25
2102 46 14
2103 51 27
2104 61 20
2105 48 26
2106 62 20
2107 47 23
2108 46 29
2109 60 23
2110 61 26
2111 62 22
2112 48 17
2113 131 81
2114 129 98
2115 127 92
2116 118 86
2117 126 91
2118 122 82
2119 118 88
2120 120 79
2121 117 96
2122 127 96
2123 117 98
2124 118 80
2125 123 79
2126 117 83
2127 129 93
2128 125 97
2129 127 86
2130 118 98
2131 117 84
2132 129 93
2133 125 82
2134 125 97
2135 125 86
2136 132 98
2137 132 98
2138 129 95
2139 119 93
2140 126 81
2141 132 92
2142 131 86
2143 237 196
2144 226 200
2145 229 205
2146 237 198
2147 227 192
2148 228 198
2149 226 198
2150 231 201
2151 233 190
2152 236 195
2153 226 191
2154 241 190
2155 227 188
2156 232 187
2157 227 187
2158 228 191
2159 234 189
2160 227 201
2161 231 192
2162 238 196
2163 239 191
2164 231 189
2165 231 195
2166 240 186
2167 229 188
2168 230 194
2169 225 204
2170 235 200
2171 229 192
2172 228 199
2173 0 66
2174 10 71
2175 0 76
2176 7 75
2177 11 77
2178 7 69
2179 5 71
2180 3 78
2181 0 74
2182 6 69
2183 3 66
2184 4 65
2185 5 66
2186 3 67
2187 10 70
2188 2 65
2189 10 68
2190 8 74
2191 1 64
2192 7 64
2193 4 76
2194 6 66
2195 7 65
2196 7 77
2197 0 73
2198 7 76
2199 6 76
2200 1 66
2201 3 67
2202 11 69
2203 64 85
2204 72 84
2205 69 89
2206 66 90
2207 78 85
2208 75 95
2209 75 93
2210 66 91
2211 69 95
2212 78 87
2213 77 91
2214 74 84
2215 73 92
2216 76 83
2217 67 89
2218 78 80
2219 69 91
2220 65 92
2221 66 88
2222 75 83
2223 78 84
2224 70 85
2225 76 94
2226 77 94
2227 69 85
2228 76 96
2229 65 92
2230 75 89
2231 69 93
2232 73 94
2233 62 112
2234 53 114
2235 62 108
2236 56 109
2237 57 112
2238 49 106
2239 53 112
2240 58 114
2241 60 106
2242 49 109
2243 49 106
2244 49 114
2245 47 102
2246 49 108
2247 61 107
2248 60 110
2249 63 111
2250 54 103
2251 62 110
2252 51 104
2253 55 106
2254 55 104
2255 48 102
2256 49 109
2257 54 115
2258 62 116
2259 49 107
2260 59 105
2261 49 112
2262 46 112
2263 151 162
2264 154 161
2265 161 156
2266 163 155
2267 156 164
2268 165 159
2269 163 158
2270 157 158
2271 160 151
2272 164 153
2273 160 158
2274 151 160
2275 157 158
2276 156 158
2277 165 162
2278 156 158
2279 160 74
2280 159 71
2281 161 76
2282 158 71
2283 159 66
2284 155 75
2285 165 71
2286 151 69
2287 151 77
2288 163 78
2289 154 77
2290 164 64
2291 156 75
2292 152 78
2293 153 64
2294 151 75
2295 152 66
2296 158 74
2297 155 69
2298 162 71
2299 161 74
2300 160 67
2301 165 75
2302 159 78
2303 157 77
2304 152 71
2305 153 72
2306 162 74
2307 162 78
2308 155 71
2309 194 241
2310 196 241
2311 189 241
2312 201 236
2313 195 232
2314 194 233
2315 197 240
2316 192 238
2317 189 236
2318 187 241
2319 203 233
2320 194 239
2321 187 236
2322 198 237
2323 192 234
2324 186 228
2325 202 226
2326 192 241
2327 196 239
2328 189 235
2329 201 232
2330 187 236
2331 202 228
2332 205 231
2333 194 235
2334 194 240
2335 197 225
2336 199 234
2337 194 239
2338 190 226
2339 122 114
2340 129 100
2341 126 115
2342 120 108
2343 119 110
2344 117 105
2345 120 103
2346 118 101
2347 122 99
2348 120 113
2349 125 107
2350 130 104
2351 127 101
2352 117 108
2353 118 101
2354 132 116
2355 121 107
2356 123 108
2357 130 106
2358 128 111
2359 122 114
2360 118 114
2361 131 108
2362 117 102
2363 122 115
2364 118 103
2365 125 104
2366 123 108
2367 120 99
2368 124 108
2369 227 11
2370 233 4
2371 234 2
2372 232 2
2373 236 3
2374 240 4
2375 226 1
2376 225 5
2377 239 4
2378 227 3
2379 238 7
2380 231 3
2381 225 5
2382 231 9
2383 233 11
2384 232 6
2385 227 2
2386 235 5
2387 232 4
2388 241 3
2389 230 6
2390 229 5
2391 231 6
2392 239 8
2393 227 10
2394 234 11
2395 229 7
2396 225 0
2397 239 7
2398 167 151
2399 171 153
2400 181 157
2401 173 158
2402 185 151
2403 172 164
2404 185 159
2405 185 160
2406 167 164
2407 184 153
2408 176 152
2409 181 155
2410 169 161
2411 171 165
2412 170 163
2413 181 152
2414 176 159
2415 167 163
2416 167 164
2417 173 157
2418 170 165
2419 168 164
2420 177 164
2421 179 154
2422 171 154
2423 177 161
2424 179 162
2425 166 161
2426 171 152
2427 185 165
2428 73 187
2429 72 189
2430 69 189
2431 67 201
2432 74 190
2433 75 192
2434 70 193
2435 68 197
2436 77 187
2437 74 187
2438 66 204
2439 77 205
2440 77 191
2441 77 186
2442 69 195
2443 68 186
2444 66 186
2445 66 199
2446 76 201
2447 66 190
2448 67 203
2449 70 191
2450 78 199
2451 67 199
2452 76 200
2453 73 201
2454 67 196
2455 64 198
2456 69 204
2457 67 198
2458 215 21
2459 209 15
2460 206 29
2461 209 27
2462 210 24
2463 216 22
2464 211 15
2465 208 12
2466 214 22
2467 206 18
2468 213 23
2469 208 24
2470 214 14
2471 219 23
2472 208 21
2473 216 21
2474 212 19
2475 221 17
2476 207 26
2477 216 23
2478 224 22
2479 211 20
2480 210 21
2481 209 23
2482 208 22
2483 209 29
2484 216 29
2485 209 26
2486 211 20
2487 216 12
2488 159 145
2489 161 133
2490 161 137
2491 162 149
2492 156 145
2493 155 135
2494 153 138
2495 163 145
2496 163 142
2497 158 148
2498 155 144
2499 151 140
2500 159 147
2501 164 137
2502 157 149
2503 151 137
2504 165 140
2505 160 133
2506 161 141
2507 159 138
2508 151 135
2509 153 137
2510 156 138
2511 165 140
2512 159 143
2513 158 150
2514 161 135
2515 163 145
2516 164 142
2517 159 142
2518 42 52
2519 40 56
2520 37 59
2521 40 55
2522 31 57
2523 38 51
2524 39 53
2525 39 46
2526 45 58
2527 32 46
2528 34 61
2529 40 62
2530 43 57
2531 43 53
2532 43 53
2533 36 52
2534 39 50
2535 33 60
2536 41 62
2537 37 52
2538 34 50
2539 40 62
2540 36 46
2541 45 54
2542 35 58
2543 38 60
2544 42 53
2545 42 51
2546 38 60
2547 42 55
2548 197 90
2549 202 86
2550 204 88
2551 190 98
2552 202 95
2553 203 86
2554 191 79
2555 187 79
2556 199 90
2557 200 92
2558 193 83
2559 191 92
2560 202 97
2561 188 88
2562 190 92
2563 192 87
2564 193 79
2565 203 89
2566 189 86
2567 193 81
2568 187 85
2569 203 98
2570 204 82
2571 198 91
2572 204 80
2573 186 79
2574 203 86
2575 193 96
2576 205 93
2577 205 92
2578 34 123
2579 38 123
2580 35 126
2581 43 132
2582 43 119
2583 33 126
2584 31 130
2585 43 131
2586 39 127
2587 31 119
2588 43 128
2589 34 121
2590 45 127
2591 37 120
2592 40 122
2593 43 128
2594 44 123
2595 31 117
2596 36 120
2597 30 132
2598 31 127
2599 37 130
2600 34 126
2601 33 123
2602 31 118
2603 44 132
2604 44 129
2605 43 130
2606 32 130
2607 45 119
2608 17 44
2609 24 40
2610 19 31
2611 24 30
2612 28 38
2613 25 40
2614 21 45
2615 20 32
2616 19 44
2617 26 36
2618 13 41
2619 23 44
2620 12 34
2621 29 42
2622 16 41
2623 15 36
2624 23 31
2625 24 36
2626 18 36
2627 12 31
2628 13 37
2629 18 35
2630 12 41
2631 15 33
2632 12 35
2633 16 37
2634 22 42
2635 20 34
2636 23 41
2637 19 35
2638 185 91
2639 174 96
2640 173 98
2641 167 92
2642 177 87
2643 183 80
2644 167 80
2645 177 83
2646 180 92
2647 176 98
2648 172 90
2649 174 85
2650 176 81
2651 181 95
2652 176 82
2653 169 97
2654 169 84
2655 175 96
2656 182 81
2657 179 84
2658 178 82
2659 168 79
2660 170 86
2661 185 96
2662 172 84
2663 180 97
2664 184 83
2665 174 83
2666 175 81
2667 172 87
2668 130 68
2669 132 71
2670 123 71
2671 119 69
2672 117 65
2673 121 76
2674 122 65
2675 119 76
2676 118 78
2677 126 77
2678 122 66
2679 128 75
2680 125 72
2681 126 78
2682 119 69
2683 127 68
2684 124 74
2685 127 69
2686 120 78
2687 125 78
2688 132 65
2689 127 74
2690 119 75
2691 125 78
2692 121 66
2693 126 78
2694 132 71
2695 122 77
2696 131 78
2697 119 76
2698 63 171
2699 50 166
2700 46 168
2701 60 177
2702 57 170
2703 57 183
2704 59 179
2705 53 176
2706 57 173
2707 47 166
2708 55 175
2709 46 181
2710 47 180
2711 63 183
2712 50 180
2713 60 182
2714 48 182
2715 50 167
2716 53 167
2717 57 177
2718 53 172
2719 54 182
2720 59 181
2721 52 181
2722 48 166
2723 47 179
2724 53 167
2725 53 178
2726 63 183
2727 51 169
2728 118 69
2729 118 64
2730 121 74
2731 126 68
2732 126 67
2733 125 64
2734 132 67
2735 132 77
2736 131 68
2737 120 75
2738 117 78
2739 131 73
2740 127 68
2741 120 65
2742 131 70
2743 122 70
2744 129 65
2745 120 65
2746 131 66
2747 117 69
2748 127 68
2749 130 65
2750 121 65
2751 118 64
2752 132 68
2753 125 71
2754 119 72
2755 119 71
2756 122 72
2757 130 71
2758 168 94
2759 175 90
2760 185 84
2761 177 86
2762 169 95
2763 182 95
2764 185 89
2765 179 90
2766 166 89
2767 168 85
2768 173 87
2769 167 79
2770 178 94
2771 185 96
2772 169 87
2773 176 97
2774 183 83
2775 175 85
2776 170 93
2777 167 95
2778 185 86
2779 169 81
2780 168 88
2781 168 92
2782 185 82
2783 173 94
2784 182 98
2785 168 93
2786 183 80
2787 171 95
2788 222 120
2789 221 126
2790 224 121
2791 214 129
2792 219 126
2793 212 122
2794 207 130
2795 213 126
2796 211 121
2797 206 123
2798 220 127
2799 209 119
2800 224 119
2801 211 131
2802 213 121
2803 214 126
2804 215 131
2805 222 123
2806 208 128
2807 217 123
2808 208 130
2809 224 119
2810 213 126
2811 224 120
2812 214 125
2813 217 117
2814 216 117
2815 214 120
2816 214 130
2817 224 121
2818 211 165
2819 220 157
2820 209 151
2821 220 155
2822 216 160
2823 206 151
2824 215 151
2825 221 163
2826 221 154
2827 224 159
2828 206 162
2829 211 164
2830 214 160
2831 213 155
2832 216 159
2833 208 151
2834 218 152
2835 210 156
2836 220 153
2837 215 162
2838 214 162
2839 212 153
2840 220 155
2841 209 163
2842 211 153
2843 222 154
2844 208 152
2845 210 165
2846 217 153
2847 214 163
2848 16 47
2849 12 59
2850 25 55
2851 12 49
2852 16 59
2853 15 52
2854 16 48
2855 14 55
2856 13 57
2857 15 49
2858 22 59
2859 19 51
2860 18 51
2861 24 52
2862 17 56
2863 24 60
2864 12 50
2865 22 59
2866 15 62
2867 16 53
2868 26 56
2869 25 55
2870 24 58
2871 25 59
2872 18 52
2873 17 49
2874 27 53
2875 15 59
2876 26 50
2877 16 55
2878 229 197
2879 232 199
2880 232 205
2881 237 199
2882 227 194
2883 241 194
2884 228 202
2885 233 187
2886 234 188
2887 238 187
2888 239 199
2889 228 198
2890 227 202
2891 241 186
2892 229 200
2893 227 198
2894 239 187
2895 230 190
2896 240 201
2897 239 194
2898 225 200
2899 238 204
2900 234 194
2901 234 190
2902 237 189
2903 238 196
2904 225 203
2905 231 195
2906 240 192
2907 240 191
