281 293 10 2935
0 5
1 9
2 8
3 4
4 7
5 5
6 7
7 6
8 7
9 8
10 8
11 8
12 3
13 5
14 3
15 3
16 5
17 3
18 3
19 3
20 3
21 3
22 3
23 3
24 3
25 3
26 3
27 4
28 3
29 3
30 3
31 4
32 3
33 3
34 3
35 4
36 3
37 3
38 3
39 5
40 3
41 3
42 3
43 3
44 5
45 3
46 3
47 3
48 4
49 3
50 3
51 3
52 3
53 4
54 4
55 5
56 3
57 3
58 3
59 3
60 3
61 3
62 3
63 3
64 3
65 3
66 3
67 3
68 4
69 4
70 5
71 3
72 3
73 3
74 3
75 8
76 6
77 3
78 3
79 3
80 4
81 3
82 3
83 6
84 3
85 3
86 4
87 3
88 3
89 3
90 4
91 3
92 3
93 5
94 4
95 3
96 3
97 3
98 4
99 3
100 3
101 3
102 3
103 3
104 3
105 3
106 4
107 3
108 3
109 3
110 4
111 4
112 4
113 3
114 4
115 3
116 3
117 3
118 3
119 3
120 4
121 4
122 3
123 3
124 3
125 3
126 3
127 3
128 4
129 3
130 4
131 3
132 5
133 3
134 7
135 3
136 3
137 3
138 3
139 3
140 4
141 3
142 3
143 3
144 3
145 3
146 5
147 3
148 5
149 5
150 3
151 4
152 3
153 3
154 3
155 3
156 3
157 3
158 3
159 5
160 3
161 3
162 4
163 4
164 3
165 3
166 4
167 3
168 4
169 5
170 3
171 5
172 3
173 3
174 3
175 3
176 3
177 5
178 4
179 3
180 3
181 3
182 3
183 3
184 4
185 5
186 3
187 4
188 3
189 3
190 5
191 3
192 3
193 3
194 3
195 3
196 3
197 4
198 5
199 4
200 3
201 3
202 3
203 4
204 4
205 3
206 3
207 3
208 3
209 3
210 4
211 3
212 5
213 3
214 3
215 3
216 3
217 3
218 4
219 3
220 3
221 4
222 5
223 4
224 5
225 3
226 3
227 3
228 3
229 3
230 4
231 3
232 4
233 3
234 3
235 3
236 5
237 6
238 3
239 3
240 5
241 3
242 3
243 4
244 3
245 4
246 3
247 3
248 5
249 3
250 3
251 3
252 3
253 3
254 5
255 4
256 3
257 3
258 3
259 3
260 3
261 3
262 3
263 4
264 3
265 5
266 3
267 4
268 3
269 4
270 3
271 3
272 5
273 3
274 4
275 3
276 3
277 3
278 5
279 3
280 3
0 0 1
1 0 2
2 0 5
3 0 248
4 0 265
5 1 2
6 1 4
7 1 7
8 1 9
9 1 10
10 1 230
11 2 4
12 2 7
13 2 8
14 2 9
15 2 11
16 3 9
17 3 31
18 4 6
19 4 11
20 4 171
21 5 7
22 5 210
23 6 8
24 6 9
25 6 10
26 6 12
27 7 10
28 7 51
29 7 125
30 8 10
31 8 11
32 8 141
33 9 11
34 9 70
35 10 89
36 10 105
37 11 156
38 11 191
39 12 16
40 13 28
41 13 23
42 13 25
43 14 16
44 14 18
45 15 27
46 15 30
47 16 17
48 16 25
49 17 21
50 18 27
51 19 20
52 19 24
53 22 30
54 23 29
55 24 30
56 26 28
57 31 35
58 31 46
59 32 49
60 32 45
61 33 34
62 33 47
63 35 38
64 36 41
65 36 39
66 37 47
67 39 43
68 39 45
69 39 44
70 40 42
71 40 48
72 41 47
73 44 46
74 44 48
75 44 50
76 51 55
77 52 69
78 53 57
79 53 64
80 53 62
81 54 62
82 54 68
83 55 58
84 55 59
85 55 68
86 56 67
87 56 65
88 60 61
89 60 63
90 63 64
91 64 66
92 65 68
93 65 69
94 70 79
95 70 75
96 71 86
97 72 76
98 73 82
99 74 83
100 75 78
101 75 81
102 75 86
103 75 76
104 75 88
105 76 83
106 76 84
107 76 80
108 77 83
109 80 87
110 82 83
111 84 85
112 89 103
113 90 96
114 90 103
115 90 104
116 91 101
117 92 93
118 93 95
119 93 102
120 93 94
121 94 99
122 94 101
123 94 104
124 97 98
125 98 100
126 100 102
127 105 119
128 106 109
129 106 117
130 106 118
131 107 120
132 108 116
133 110 119
134 110 124
135 111 114
136 111 123
137 112 122
138 112 113
139 113 118
140 113 123
141 114 115
142 116 118
143 120 121
144 121 122
145 123 124
146 125 134
147 125 130
148 126 128
149 126 140
150 127 134
151 128 139
152 129 134
153 130 139
154 131 134
155 132 137
156 132 138
157 132 134
158 133 140
159 135 136
160 136 137
161 141 153
162 141 151
163 142 154
164 143 144
165 143 149
166 145 148
167 146 152
168 146 151
169 146 154
170 146 149
171 147 148
172 148 150
173 149 155
174 150 153
175 156 168
176 157 160
177 158 166
178 159 166
179 159 162
180 159 161
181 160 169
182 161 170
183 162 169
184 163 167
185 163 168
186 164 165
187 164 169
188 168 169
189 171 187
190 171 185
191 172 187
192 173 177
193 174 190
194 175 183
195 176 184
196 176 178
197 177 186
198 177 188
199 177 185
200 178 190
201 179 183
202 179 180
203 180 187
204 181 186
205 182 186
206 184 185
207 189 190
208 191 197
209 192 205
210 192 204
211 193 198
212 194 206
213 194 197
214 195 208
215 195 205
216 196 207
217 197 200
218 197 201
219 198 204
220 198 203
221 199 203
222 199 209
223 201 208
224 202 208
225 203 207
226 210 223
227 211 217
228 212 223
229 212 222
230 212 218
231 213 226
232 214 215
233 215 226
234 215 224
235 216 219
236 216 222
237 217 221
238 218 220
239 220 224
240 221 225
241 221 222
242 224 228
243 227 228
244 228 229
245 230 245
246 230 247
247 231 237
248 232 233
249 232 243
250 232 239
251 232 246
252 234 237
253 235 237
254 236 240
255 236 246
256 236 237
257 237 245
258 238 240
259 239 244
260 240 241
261 242 243
262 248 255
263 248 262
264 249 257
265 250 254
266 251 263
267 252 263
268 252 260
269 253 261
270 253 255
271 254 256
272 254 263
273 255 259
274 257 263
275 258 264
276 260 262
277 260 264
278 265 271
279 265 269
280 266 275
281 266 267
282 267 278
283 268 269
284 268 274
285 270 278
286 270 279
287 270 272
288 271 273
289 272 277
290 272 280
291 274 280
292 276 278
0 101 12
1 91 20
2 94 27
3 103 25
4 92 24
5 103 15
6 100 14
7 102 22
8 102 17
9 98 23
10 95 19
11 92 28
12 97 13
13 92 13
14 93 30
15 95 28
16 89 27
17 89 18
18 96 22
19 89 25
20 96 25
21 96 20
22 96 26
23 89 18
24 93 23
25 98 21
26 101 13
27 94 19
28 103 24
29 89 23
30 125 143
31 126 151
32 135 145
33 135 154
34 129 155
35 135 147
36 129 142
37 132 151
38 128 151
39 137 145
40 131 147
41 125 148
42 137 146
43 134 143
44 132 153
45 131 150
46 129 148
47 135 154
48 126 147
49 134 144
50 126 141
51 128 142
52 133 152
53 140 145
54 135 144
55 127 148
56 136 154
57 129 147
58 139 141
59 139 152
60 218 272
61 223 272
62 218 276
63 226 270
64 229 276
65 219 276
66 222 269
67 221 273
68 217 275
69 221 276
70 219 277
71 223 280
72 213 266
73 214 271
74 223 276
75 215 269
76 213 268
77 211 272
78 221 273
79 228 271
80 219 279
81 217 267
82 222 279
83 225 271
84 210 269
85 211 276
86 224 278
87 219 280
88 210 275
89 212 268
90 43 132
91 47 128
92 49 137
93 32 132
94 39 140
95 47 138
96 42 125
97 42 137
98 46 133
99 45 126
100 36 135
101 39 138
102 46 138
103 37 126
104 50 135
105 34 128
106 31 131
107 34 134
108 36 129
109 35 134
110 43 134
111 42 125
112 48 138
113 32 131
114 47 129
115 48 127
116 34 139
117 31 134
118 36 133
119 43 129
120 132 149
121 131 153
122 138 143
123 132 142
124 135 141
125 133 155
126 129 147
127 125 141
128 125 150
129 133 152
130 125 141
131 129 145
132 138 148
133 139 142
134 125 142
135 133 152
136 132 147
137 138 154
138 134 150
139 125 142
140 135 152
141 139 144
142 128 149
143 135 144
144 137 153
145 137 144
146 129 152
147 139 144
148 140 144
149 137 143
150 42 276
151 32 278
152 35 267
153 34 280
154 35 280
155 31 270
156 46 270
157 33 280
158 33 271
159 34 266
160 49 269
161 42 280
162 46 277
163 37 266
164 35 271
165 46 273
166 40 270
167 36 266
168 31 275
169 33 270
170 41 278
171 35 275
172 45 277
173 32 272
174 37 277
175 34 279
176 45 268
177 42 266
178 32 267
179 31 278
180 233 103
181 239 90
182 247 100
183 238 89
184 240 101
185 238 101
186 236 100
187 236 104
188 244 89
189 241 96
190 239 92
191 247 104
192 231 98
193 245 92
194 243 99
195 240 93
196 246 97
197 247 98
198 232 103
199 247 103
200 231 94
201 230 93
202 234 94
203 242 102
204 230 93
205 245 89
206 246 100
207 244 103
208 247 100
209 234 90
210 275 220
211 273 226
212 277 228
213 276 217
214 267 227
215 270 220
216 273 215
217 266 225
218 279 212
219 273 215
220 274 213
221 273 229
222 268 218
223 277 218
224 267 222
225 279 212
226 269 223
227 277 213
228 273 212
229 270 224
230 272 227
231 267 212
232 273 218
233 269 217
234 276 219
235 277 215
236 276 218
237 277 227
238 265 227
239 273 213
240 249 27
241 264 18
242 254 20
243 260 19
244 255 29
245 250 20
246 261 28
247 255 29
248 254 20
249 263 30
250 253 25
251 257 14
252 262 30
253 262 23
254 253 25
255 250 19
256 263 13
257 253 23
258 251 26
259 251 13
260 259 12
261 254 17
262 257 18
263 250 29
264 264 30
265 256 13
266 261 19
267 248 29
268 262 13
269 253 14
270 224 165
271 216 159
272 223 167
273 221 162
274 211 167
275 222 158
276 228 166
277 229 165
278 214 158
279 210 159
280 222 170
281 219 161
282 214 169
283 228 168
284 220 163
285 222 162
286 229 162
287 224 170
288 226 163
289 212 169
290 214 161
291 228 162
292 229 161
293 221 166
294 215 156
295 218 159
296 212 163
297 223 160
298 220 170
299 223 161
300 263 8
301 262 9
302 254 9
303 261 1
304 258 9
305 259 5
306 251 4
307 260 11
308 261 1
309 248 8
310 251 9
311 260 2
312 254 2
313 260 11
314 256 4
315 264 7
316 254 0
317 260 8
318 259 3
319 262 4
320 249 0
321 248 3
322 253 4
323 252 7
324 257 7
325 252 0
326 250 3
327 264 0
328 252 8
329 257 11
330 211 178
331 225 180
332 228 178
333 226 184
334 221 178
335 225 184
336 210 179
337 223 175
338 216 190
339 228 176
340 212 177
341 212 189
342 229 175
343 216 180
344 227 173
345 217 189
346 218 190
347 211 189
348 213 182
349 229 183
350 215 180
351 227 180
352 219 185
353 227 180
354 210 175
355 225 189
356 224 171
357 214 176
358 229 179
359 212 187
360 171 80
361 186 86
362 184 83
363 178 77
364 176 70
365 178 84
366 190 74
367 183 80
368 188 80
369 189 85
370 185 77
371 186 73
372 173 84
373 175 71
374 184 81
375 188 86
376 188 78
377 175 76
378 190 77
379 175 79
380 180 76
381 190 72
382 188 84
383 190 72
384 180 85
385 184 87
386 171 88
387 171 87
388 179 80
389 182 71
390 19 32
391 15 34
392 12 42
393 28 35
394 15 36
395 28 44
396 30 45
397 24 46
398 25 43
399 19 47
400 15 46
401 26 32
402 28 37
403 13 49
404 20 39
405 27 33
406 14 44
407 19 50
408 17 41
409 14 37
410 18 44
411 27 49
412 30 31
413 14 44
414 28 47
415 17 34
416 15 35
417 15 34
418 26 38
419 12 39
420 142 247
421 151 231
422 151 239
423 147 235
424 147 239
425 153 230
426 149 233
427 149 231
428 154 234
429 152 245
430 154 247
431 154 237
432 141 240
433 149 246
434 143 238
435 152 235
436 141 241
437 151 245
438 141 230
439 145 239
440 146 232
441 141 239
442 142 236
443 147 234
444 141 240
445 151 240
446 153 243
447 152 246
448 146 240
449 143 232
450 144 195
451 153 209
452 147 201
453 145 194
454 142 206
455 150 208
456 144 195
457 148 193
458 149 194
459 141 200
460 147 201
461 144 203
462 148 195
463 152 207
464 145 202
465 153 200
466 145 194
467 144 205
468 155 194
469 149 202
470 141 191
471 149 194
472 152 209
473 143 193
474 148 200
475 143 192
476 150 201
477 147 203
478 147 205
479 152 191
480 142 225
481 155 219
482 148 211
483 150 228
484 149 226
485 150 217
486 151 229
487 148 222
488 146 218
489 152 216
490 155 225
491 155 210
492 144 217
493 147 219
494 153 222
495 149 216
496 154 226
497 152 225
498 143 216
499 142 219
500 142 218
501 144 221
502 151 213
503 141 214
504 141 214
505 143 229
506 152 226
507 146 212
508 149 229
509 151 218
510 156 164
511 158 161
512 170 157
513 166 156
514 161 163
515 166 156
516 166 163
517 159 167
518 168 159
519 162 163
520 158 160
521 157 165
522 167 159
523 162 165
524 162 163
525 156 162
526 166 163
527 167 165
528 77 48
529 81 35
530 82 36
531 70 32
532 73 32
533 77 38
534 79 46
535 70 41
536 71 44
537 81 36
538 78 31
539 82 31
540 70 45
541 78 34
542 81 40
543 75 36
544 79 37
545 75 35
546 70 36
547 78 40
548 80 34
549 81 46
550 83 43
551 73 37
552 79 42
553 87 43
554 82 38
555 83 38
556 73 31
557 72 38
558 35 251
559 44 261
560 38 248
561 35 256
562 40 250
563 43 250
564 46 257
565 31 257
566 50 263
567 35 253
568 37 256
569 38 254
570 42 248
571 34 248
572 38 262
573 34 261
574 42 257
575 49 253
576 50 263
577 42 262
578 43 261
579 36 261
580 50 264
581 33 263
582 41 263
583 39 261
584 46 259
585 41 256
586 43 251
587 36 249
588 10 242
589 8 230
590 9 245
591 10 233
592 6 245
593 11 233
594 1 237
595 11 241
596 2 235
597 5 241
598 8 244
599 2 240
600 1 239
601 7 243
602 6 230
603 4 244
604 3 244
605 2 235
606 9 243
607 3 233
608 8 239
609 6 247
610 10 238
611 8 234
612 5 235
613 6 239
614 6 236
615 10 239
616 4 244
617 11 244
618 197 174
619 205 182
620 205 183
621 209 177
622 209 175
623 208 174
624 205 182
625 205 190
626 197 177
627 199 175
628 206 176
629 205 172
630 209 173
631 192 173
632 194 179
633 195 189
634 195 185
635 197 183
636 208 181
637 197 178
638 205 177
639 198 189
640 208 187
641 197 180
642 204 174
643 193 188
644 199 177
645 206 173
646 198 178
647 193 175
648 214 112
649 210 111
650 229 105
651 228 115
652 213 106
653 224 119
654 225 123
655 228 123
656 220 113
657 223 105
658 225 111
659 217 121
660 218 117
661 222 110
662 224 114
663 219 112
664 220 120
665 212 108
666 213 112
667 214 115
668 227 109
669 216 112
670 212 111
671 213 123
672 221 107
673 220 106
674 213 116
675 217 105
676 223 120
677 217 111
678 146 231
679 145 235
680 144 235
681 154 240
682 143 241
683 144 243
684 148 234
685 145 233
686 150 242
687 150 238
688 148 243
689 155 241
690 145 233
691 142 230
692 145 237
693 149 232
694 154 231
695 150 233
696 141 235
697 145 245
698 145 237
699 154 232
700 151 241
701 141 231
702 142 244
703 145 233
704 153 236
705 151 243
706 148 246
707 148 239
708 155 123
709 145 114
710 148 106
711 150 114
712 154 108
713 152 110
714 154 112
715 151 120
716 149 119
717 147 107
718 149 108
719 142 107
720 149 115
721 153 118
722 153 109
723 155 123
724 149 105
725 143 117
726 153 108
727 145 115
728 147 119
729 144 124
730 143 105
731 152 111
732 149 113
733 153 117
734 143 122
735 154 110
736 151 112
737 149 106
738 157 137
739 164 135
740 156 125
741 167 127
742 170 131
743 162 125
744 165 135
745 166 138
746 167 129
747 167 139
748 166 132
749 161 137
750 162 136
751 164 133
752 156 135
753 167 127
754 158 132
755 168 140
756 165 140
757 166 135
758 161 137
759 163 140
760 169 131
761 164 132
762 156 132
763 170 131
764 164 127
765 167 131
766 161 135
767 162 125
768 21 42
769 21 36
770 18 45
771 19 48
772 29 50
773 28 47
774 13 42
775 22 50
776 25 43
777 29 48
778 15 45
779 30 32
780 21 32
781 19 49
782 24 45
783 28 49
784 22 36
785 19 43
786 25 50
787 22 39
788 26 46
789 14 36
790 14 46
791 17 32
792 15 35
793 28 35
794 15 49
795 20 32
796 23 44
797 12 38
798 149 104
799 148 101
800 149 101
801 147 91
802 154 95
803 145 96
804 147 104
805 154 90
806 143 89
807 141 97
808 148 96
809 145 104
810 152 89
811 154 95
812 141 101
813 151 101
814 155 103
815 155 103
816 144 97
817 154 103
818 154 97
819 147 100
820 142 97
821 145 103
822 147 92
823 155 98
824 152 95
825 149 95
826 153 103
827 144 95
828 145 2
829 147 3
830 151 3
831 141 3
832 155 0
833 150 5
834 151 9
835 145 1
836 145 6
837 155 9
838 149 3
839 146 9
840 143 10
841 150 8
842 150 1
843 145 11
844 149 8
845 152 5
846 153 3
847 148 7
848 153 11
849 141 0
850 155 2
851 154 7
852 154 5
853 144 4
854 148 2
855 147 6
856 153 6
857 30 81
858 20 76
859 23 87
860 15 77
861 20 84
862 29 73
863 15 75
864 30 72
865 28 85
866 29 73
867 15 76
868 20 81
869 20 73
870 24 79
871 26 76
872 28 78
873 29 71
874 20 80
875 25 71
876 30 88
877 29 76
878 29 80
879 27 86
880 28 85
881 14 74
882 23 71
883 27 74
884 30 70
885 26 80
886 23 84
887 55 0
888 69 9
889 57 3
890 61 5
891 69 3
892 69 7
893 58 7
894 67 4
895 53 5
896 54 10
897 52 1
898 69 0
899 67 4
900 58 9
901 55 0
902 60 5
903 65 8
904 61 7
905 62 4
906 69 0
907 65 6
908 60 8
909 68 11
910 58 1
911 53 4
912 67 8
913 62 0
914 129 60
915 132 57
916 139 53
917 125 59
918 131 60
919 134 68
920 132 52
921 140 61
922 140 54
923 140 67
924 139 52
925 138 64
926 140 64
927 135 51
928 140 58
929 125 60
930 130 58
931 131 57
932 132 60
933 140 52
934 130 64
935 127 54
936 125 59
937 127 56
938 128 58
939 129 69
940 140 57
941 129 69
942 136 53
943 129 67
944 9 248
945 4 253
946 8 248
947 8 251
948 7 254
949 4 262
950 5 264
951 0 251
952 7 250
953 6 263
954 11 256
955 6 248
956 6 262
957 6 259
958 7 264
959 7 256
960 0 250
961 3 250
962 0 249
963 11 262
964 8 251
965 9 251
966 5 249
967 3 252
968 3 249
969 0 263
970 0 253
971 7 253
972 1 256
973 159 52
974 165 58
975 170 53
976 168 69
977 168 51
978 164 52
979 168 53
980 170 62
981 167 69
982 164 58
983 165 52
984 160 67
985 156 60
986 162 66
987 162 53
988 157 55
989 156 51
990 168 64
991 167 56
992 166 68
993 168 54
994 170 55
995 164 66
996 169 55
997 161 60
998 158 61
999 162 56
1000 160 62
1001 161 68
1002 165 61
1003 153 180
1004 151 190
1005 147 190
1006 152 185
1007 144 181
1008 141 188
1009 145 177
1010 149 175
1011 149 179
1012 141 177
1013 148 189
1014 151 177
1015 147 187
1016 153 177
1017 141 173
1018 154 183
1019 151 173
1020 145 181
1021 145 173
1022 154 171
1023 153 182
1024 149 177
1025 151 176
1026 149 179
1027 152 190
1028 151 189
1029 155 188
1030 154 178
1031 149 185
1032 148 185
1033 8 98
1034 3 92
1035 4 93
1036 6 103
1037 2 95
1038 3 98
1039 2 90
1040 10 95
1041 5 99
1042 5 98
1043 1 91
1044 5 89
1045 11 98
1046 10 91
1047 2 92
1048 6 100
1049 4 94
1050 10 90
1051 8 99
1052 3 104
1053 3 94
1054 5 97
1055 10 101
1056 9 98
1057 11 103
1058 8 101
1059 10 91
1060 2 101
1061 4 92
1062 2 91
1063 215 179
1064 219 185
1065 210 187
1066 216 174
1067 224 180
1068 210 187
1069 224 175
1070 223 182
1071 215 183
1072 215 190
1073 229 180
1074 211 176
1075 218 176
1076 215 176
1077 210 190
1078 213 175
1079 227 189
1080 217 183
1081 213 185
1082 215 183
1083 213 188
1084 212 184
1085 222 188
1086 221 178
1087 220 173
1088 218 187
1089 210 177
1090 219 190
1091 227 190
1092 217 190
1093 117 149
1094 112 147
1095 105 155
1096 120 155
1097 108 141
1098 106 147
1099 119 148
1100 121 149
1101 106 150
1102 110 151
1103 108 152
1104 107 153
1105 120 152
1106 110 155
1107 108 146
1108 122 148
1109 113 153
1110 120 141
1111 107 146
1112 121 149
1113 114 146
1114 123 141
1115 120 145
1116 122 146
1117 105 142
1118 110 146
1119 109 152
1120 118 142
1121 119 142
1122 113 144
1123 276 265
1124 268 276
1125 271 276
1126 269 273
1127 266 277
1128 271 268
1129 273 280
1130 271 270
1131 276 275
1132 266 270
1133 267 271
1134 265 274
1135 280 271
1136 274 266
1137 273 277
1138 267 277
1139 268 279
1140 273 276
1141 276 280
1142 276 269
1143 277 275
1144 270 269
1145 274 267
1146 14 105
1147 12 121
1148 14 105
1149 26 120
1150 23 105
1151 14 119
1152 26 112
1153 27 124
1154 14 124
1155 12 106
1156 12 108
1157 28 124
1158 30 112
1159 16 105
1160 25 123
1161 20 107
1162 22 110
1163 23 123
1164 30 112
1165 14 119
1166 25 114
1167 19 110
1168 17 123
1169 27 122
1170 23 111
1171 13 115
1172 23 115
1173 29 115
1174 16 114
1175 26 113
1176 256 40
1177 258 45
1178 253 38
1179 248 40
1180 259 42
1181 252 34
1182 255 34
1183 260 43
1184 262 48
1185 254 42
1186 264 41
1187 262 40
1188 251 44
1189 251 32
1190 257 34
1191 263 50
1192 252 42
1193 254 42
1194 254 41
1195 252 48
1196 259 42
1197 248 49
1198 248 41
1199 248 35
1200 264 46
1201 252 32
1202 252 49
1203 258 40
1204 259 49
1205 249 31
1206 171 219
1207 176 223
1208 188 210
1209 188 211
1210 174 211
1211 178 225
1212 188 225
1213 176 221
1214 178 228
1215 189 219
1216 172 214
1217 188 212
1218 180 221
1219 185 213
1220 186 221
1221 188 229
1222 176 224
1223 184 224
1224 189 219
1225 171 227
1226 171 211
1227 177 220
1228 173 210
1229 185 211
1230 177 224
1231 187 224
1232 178 213
1233 179 223
1234 174 217
1235 179 218
1236 141 96
1237 151 97
1238 153 102
1239 154 100
1240 148 94
1241 151 94
1242 143 101
1243 142 100
1244 148 96
1245 144 99
1246 152 95
1247 142 95
1248 150 93
1249 146 97
1250 145 99
1251 149 95
1252 151 90
1253 154 90
1254 142 101
1255 152 96
1256 148 99
1257 141 101
1258 141 102
1259 141 97
1260 146 101
1261 151 92
1262 154 102
1263 146 95
1264 142 97
1265 146 98
1266 224 132
1267 223 126
1268 221 135
1269 215 132
1270 214 126
1271 217 140
1272 228 132
1273 220 125
1274 226 127
1275 211 135
1276 226 132
1277 219 137
1278 223 132
1279 221 129
1280 215 129
1281 212 138
1282 227 139
1283 221 139
1284 228 126
1285 218 131
1286 228 128
1287 224 140
1288 211 126
1289 210 133
1290 214 127
1291 216 135
1292 229 138
1293 229 134
1294 228 132
1295 226 135
1296 115 78
1297 124 84
1298 116 84
1299 122 83
1300 111 88
1301 108 72
1302 112 82
1303 122 72
1304 109 70
1305 122 76
1306 114 74
1307 116 85
1308 110 85
1309 117 87
1310 123 81
1311 116 72
1312 112 85
1313 114 85
1314 113 86
1315 106 75
1316 119 75
1317 122 74
1318 122 78
1319 108 71
1320 105 72
1321 106 79
1322 123 79
1323 122 86
1324 108 83
1325 107 83
1326 276 136
1327 280 134
1328 276 125
1329 276 127
1330 277 139
1331 277 130
1332 276 135
1333 274 125
1334 270 132
1335 265 138
1336 276 139
1337 268 139
1338 266 135
1339 271 136
1340 278 136
1341 266 139
1342 268 138
1343 265 126
1344 275 129
1345 268 136
1346 278 130
1347 265 129
1348 280 127
1349 267 128
1350 270 126
1351 272 134
1352 268 132
1353 270 132
1354 274 132
1355 272 137
1356 135 215
1357 138 224
1358 133 220
1359 136 210
1360 138 227
1361 132 227
1362 137 228
1363 134 221
1364 126 211
1365 133 224
1366 136 226
1367 136 211
1368 125 222
1369 127 224
1370 126 226
1371 125 213
1372 138 218
1373 126 214
1374 134 210
1375 128 228
1376 133 216
1377 127 213
1378 138 210
1379 134 218
1380 132 227
1381 135 211
1382 140 212
1383 139 225
1384 132 217
1385 125 217
1386 65 19
1387 58 21
1388 60 22
1389 58 12
1390 63 27
1391 53 20
1392 58 15
1393 61 24
1394 64 27
1395 67 16
1396 58 14
1397 66 28
1398 59 28
1399 58 27
1400 68 17
1401 52 13
1402 65 19
1403 67 18
1404 60 30
1405 67 24
1406 66 28
1407 64 22
1408 61 22
1409 67 23
1410 67 23
1411 53 18
1412 58 13
1413 60 29
1414 53 27
1415 69 15
1416 149 10
1417 141 1
1418 152 0
1419 147 6
1420 154 7
1421 146 10
1422 147 6
1423 148 9
1424 141 9
1425 142 1
1426 149 11
1427 142 5
1428 144 2
1429 155 2
1430 152 3
1431 145 4
1432 148 10
1433 149 7
1434 141 5
1435 145 6
1436 153 7
1437 145 10
1438 155 4
1439 142 2
1440 145 3
1441 149 9
1442 146 2
1443 108 203
1444 120 197
1445 110 192
1446 112 197
1447 113 208
1448 115 203
1449 124 204
1450 123 209
1451 111 204
1452 118 207
1453 121 205
1454 123 209
1455 110 209
1456 115 199
1457 109 191
1458 106 207
1459 120 200
1460 123 209
1461 124 193
1462 110 198
1463 118 202
1464 113 205
1465 109 201
1466 112 202
1467 106 195
1468 120 208
1469 117 193
1470 112 193
1471 105 202
1472 120 203
1473 149 29
1474 146 24
1475 141 20
1476 149 20
1477 143 26
1478 141 17
1479 147 28
1480 145 30
1481 142 19
1482 144 14
1483 142 18
1484 146 28
1485 144 12
1486 153 28
1487 150 20
1488 153 27
1489 141 16
1490 147 20
1491 150 13
1492 146 17
1493 150 27
1494 154 15
1495 142 29
1496 143 20
1497 142 29
1498 151 22
1499 153 24
1500 152 21
1501 141 28
1502 146 18
1503 201 28
1504 207 26
1505 198 13
1506 208 28
1507 191 18
1508 205 16
1509 191 18
1510 195 15
1511 191 14
1512 197 15
1513 206 24
1514 191 25
1515 193 26
1516 196 12
1517 200 22
1518 191 22
1519 198 17
1520 191 23
1521 195 30
1522 208 21
1523 206 19
1524 202 12
1525 198 27
1526 196 12
1527 203 20
1528 194 21
1529 206 25
1530 191 26
1531 209 13
1532 198 30
1533 124 183
1534 120 173
1535 116 176
1536 122 174
1537 106 180
1538 108 172
1539 109 171
1540 119 185
1541 123 174
1542 116 175
1543 105 176
1544 116 184
1545 105 189
1546 107 181
1547 120 173
1548 122 180
1549 109 171
1550 122 181
1551 107 186
1552 111 186
1553 118 187
1554 107 183
1555 121 188
1556 108 182
1557 118 171
1558 111 179
1559 107 177
1560 106 180
1561 119 186
1562 116 187
1563 148 152
1564 152 155
1565 154 147
1566 145 146
1567 143 141
1568 142 148
1569 143 141
1570 150 142
1571 148 144
1572 155 152
1573 155 152
1574 155 145
1575 144 155
1576 149 150
1577 145 155
1578 148 154
1579 143 150
1580 146 145
1581 147 154
1582 150 142
1583 136 140
1584 129 136
1585 133 128
1586 138 126
1587 140 136
1588 136 134
1589 127 135
1590 131 137
1591 127 128
1592 140 136
1593 132 130
1594 136 133
1595 136 140
1596 136 125
1597 126 138
1598 254 90
1599 260 100
1600 249 104
1601 259 95
1602 260 89
1603 261 104
1604 258 104
1605 255 99
1606 261 91
1607 262 99
1608 251 101
1609 261 94
1610 261 89
1611 259 103
1612 258 99
1613 252 91
1614 257 103
1615 248 93
1616 264 100
1617 263 93
1618 260 92
1619 249 92
1620 249 97
1621 258 103
1622 264 103
1623 248 96
1624 256 97
1625 258 97
1626 248 99
1627 254 98
1628 90 223
1629 94 221
1630 96 213
1631 99 211
1632 92 210
1633 97 217
1634 97 222
1635 101 228
1636 91 211
1637 102 229
1638 104 219
1639 94 223
1640 94 216
1641 93 218
1642 98 221
1643 92 224
1644 95 220
1645 99 216
1646 96 210
1647 91 218
1648 91 224
1649 89 225
1650 98 211
1651 92 222
1652 98 226
1653 98 214
1654 104 216
1655 89 229
1656 95 224
1657 103 213
1658 177 149
1659 171 150
1660 190 145
1661 178 142
1662 183 149
1663 175 149
1664 177 155
1665 180 149
1666 190 145
1667 185 153
1668 173 147
1669 184 154
1670 183 150
1671 181 149
1672 180 142
1673 189 148
1674 190 154
1675 173 152
1676 184 143
1677 188 153
1678 172 152
1679 187 150
1680 187 145
1681 190 153
1682 189 148
1683 185 154
1684 177 152
1685 174 141
1686 178 143
1687 181 145
1688 60 189
1689 52 173
1690 68 185
1691 63 188
1692 69 179
1693 61 179
1694 66 185
1695 66 184
1696 58 183
1697 53 173
1698 61 187
1699 57 174
1700 54 181
1701 55 179
1702 58 178
1703 68 174
1704 57 186
1705 55 173
1706 58 185
1707 66 181
1708 66 183
1709 54 190
1710 67 175
1711 66 187
1712 64 175
1713 55 179
1714 67 172
1715 51 184
1716 56 184
1717 51 173
1718 1 100
1719 1 92
1720 11 103
1721 4 101
1722 5 98
1723 2 97
1724 1 93
1725 9 100
1726 9 103
1727 1 96
1728 3 89
1729 8 101
1730 6 98
1731 6 97
1732 9 97
1733 8 104
1734 11 100
1735 8 101
1736 5 91
1737 5 89
1738 3 102
1739 6 94
1740 5 100
1741 1 100
1742 2 99
1743 2 103
1744 0 89
1745 4 94
1746 0 89
1747 130 248
1748 137 264
1749 134 249
1750 133 252
1751 131 262
1752 127 255
1753 131 251
1754 132 257
1755 134 263
1756 135 250
1757 139 262
1758 131 251
1759 129 255
1760 131 258
1761 133 249
1762 132 248
1763 140 264
1764 130 262
1765 125 252
1766 128 264
1767 132 256
1768 138 252
1769 129 252
1770 136 249
1771 139 261
1772 133 262
1773 126 250
1774 134 263
1775 138 248
1776 139 251
1777 18 278
1778 23 280
1779 22 275
1780 22 278
1781 19 273
1782 30 278
1783 20 269
1784 15 270
1785 28 270
1786 28 265
1787 17 277
1788 26 271
1789 30 266
1790 29 265
1791 22 266
1792 17 278
1793 18 269
1794 18 266
1795 26 274
1796 21 279
1797 22 270
1798 25 277
1799 16 271
1800 19 268
1801 12 273
1802 14 266
1803 16 279
1804 22 271
1805 22 273
1806 28 277
1807 105 40
1808 119 50
1809 123 44
1810 120 41
1811 107 44
1812 111 37
1813 105 31
1814 111 32
1815 119 44
1816 111 39
1817 112 50
1818 116 45
1819 119 48
1820 108 33
1821 106 39
1822 112 47
1823 121 49
1824 110 37
1825 111 34
1826 108 31
1827 116 38
1828 112 39
1829 112 39
1830 113 31
1831 111 37
1832 112 34
1833 115 46
1834 124 35
1835 122 37
1836 124 40
1837 46 169
1838 38 165
1839 33 166
1840 45 164
1841 41 164
1842 38 165
1843 50 166
1844 48 168
1845 33 165
1846 46 168
1847 45 167
1848 50 167
1849 41 169
1850 50 167
1851 49 159
1852 38 166
1853 35 169
1854 36 159
1855 49 166
1856 41 164
1857 33 161
1858 40 165
1859 35 161
1860 42 170
1861 49 163
1862 37 162
1863 41 160
1864 42 170
1865 34 166
1866 31 156
1867 116 137
1868 108 127
1869 123 137
1870 110 137
1871 105 135
1872 116 133
1873 121 134
1874 111 137
1875 111 125
1876 109 127
1877 106 135
1878 105 134
1879 122 128
1880 114 126
1881 111 139
1882 105 130
1883 107 139
1884 105 132
1885 116 136
1886 120 135
1887 119 130
1888 107 129
1889 116 130
1890 124 133
1891 110 127
1892 118 131
1893 113 125
1894 112 125
1895 121 137
1896 116 135
1897 61 110
1898 67 123
1899 68 107
1900 66 114
1901 58 116
1902 55 117
1903 62 118
1904 59 121
1905 52 112
1906 62 110
1907 64 123
1908 69 110
1909 59 116
1910 59 116
1911 53 115
1912 60 123
1913 65 110
1914 65 113
1915 58 114
1916 57 110
1917 59 120
1918 51 110
1919 59 118
1920 67 121
1921 58 111
1922 52 117
1923 64 111
1924 61 118
1925 68 106
1926 69 113
1927 139 55
1928 137 63
1929 138 66
1930 140 53
1931 137 58
1932 135 65
1933 137 67
1934 130 65
1935 137 69
1936 137 54
1937 138 59
1938 134 58
1939 125 53
1940 133 52
1941 140 57
1942 137 58
1943 134 55
1944 135 53
1945 135 55
1946 138 65
1947 125 56
1948 133 55
1949 136 66
1950 130 56
1951 126 59
1952 136 54
1953 136 61
1954 133 60
1955 136 52
1956 138 56
1957 260 69
1958 257 62
1959 262 57
1960 259 68
1961 251 63
1962 257 68
1963 261 62
1964 256 65
1965 253 57
1966 264 53
1967 255 55
1968 257 52
1969 264 51
1970 259 56
1971 254 63
1972 261 58
1973 256 56
1974 253 54
1975 252 52
1976 262 58
1977 261 62
1978 254 51
1979 252 57
1980 251 56
1981 251 56
1982 256 62
1983 257 62
1984 263 66
1985 251 63
1986 250 54
1987 192 8
1988 203 7
1989 207 3
1990 209 6
1991 206 7
1992 193 8
1993 196 9
1994 195 9
1995 194 0
1996 196 7
1997 199 5
1998 203 9
1999 193 7
2000 203 5
2001 204 6
2002 200 2
2003 193 3
2004 192 9
2005 196 9
2006 191 0
2007 201 4
2008 198 8
2009 205 10
2010 202 7
2011 197 6
2012 202 5
2013 208 4
2014 202 11
2015 205 10
2016 264 108
2017 259 105
2018 255 118
2019 257 105
2020 262 118
2021 262 108
2022 250 124
2023 259 119
2024 258 111
2025 253 110
2026 263 121
2027 255 109
2028 251 118
2029 264 116
2030 258 111
2031 261 119
2032 261 121
2033 251 105
2034 252 122
2035 256 122
2036 260 123
2037 250 115
2038 255 113
2039 255 120
2040 256 114
2041 261 107
2042 252 124
2043 263 110
2044 260 120
2045 261 120
2046 156 130
2047 158 134
2048 158 125
2049 160 139
2050 159 130
2051 167 139
2052 165 140
2053 156 138
2054 170 128
2055 159 134
2056 159 132
2057 156 126
2058 158 126
2059 164 138
2060 169 140
2061 161 130
2062 160 127
2063 160 135
2064 157 131
2065 167 132
2066 165 126
2067 161 130
2068 164 139
2069 164 132
2070 164 138
2071 170 133
2072 159 136
2073 170 129
2074 166 127
2075 169 138
2076 241 157
2077 245 170
2078 235 158
2079 238 157
2080 242 163
2081 234 157
2082 241 159
2083 244 162
2084 231 160
2085 243 165
2086 231 162
2087 240 163
2088 231 168
2089 241 161
2090 240 161
2091 241 164
2092 232 160
2093 245 169
2094 245 164
2095 243 165
2096 243 165
2097 244 156
2098 231 156
2099 231 161
2100 234 166
2101 236 165
2102 230 156
2103 239 162
2104 233 163
2105 241 167
2106 279 25
2107 270 14
2108 278 26
2109 272 24
2110 279 25
2111 279 29
2112 280 21
2113 272 28
2114 268 17
2115 275 26
2116 278 20
2117 269 17
2118 265 14
2119 280 13
2120 278 22
2121 269 28
2122 273 18
2123 280 22
2124 265 20
2125 270 24
2126 268 30
2127 270 16
2128 267 28
2129 268 30
2130 277 27
2131 272 29
2132 275 30
2133 276 17
2134 276 22
2135 279 13
2136 16 142
2137 24 142
2138 25 149
2139 21 155
2140 22 146
2141 19 148
2142 30 145
2143 16 149
2144 27 152
2145 19 155
2146 16 147
2147 25 149
2148 21 153
2149 26 142
2150 16 144
2151 30 153
2152 28 151
2153 18 151
2154 26 144
2155 12 141
2156 23 142
2157 30 143
2158 24 153
2159 12 148
2160 25 155
2161 30 144
2162 21 153
2163 18 146
2164 30 147
2165 26 154
2166 227 68
2167 219 51
2168 210 57
2169 215 57
2170 226 64
2171 220 59
2172 210 69
2173 224 62
2174 218 63
2175 225 55
2176 210 57
2177 217 56
2178 215 56
2179 218 53
2180 210 68
2181 221 65
2182 210 62
2183 224 69
2184 210 63
2185 229 68
2186 219 67
2187 214 60
2188 224 63
2189 223 67
2190 211 61
2191 215 53
2192 224 62
2193 214 65
2194 229 65
2195 229 66
2196 176 93
2197 182 103
2198 178 103
2199 185 102
2200 175 91
2201 186 91
2202 172 100
2203 190 92
2204 179 102
2205 180 99
2206 175 92
2207 182 97
2208 173 94
2209 175 91
2210 189 97
2211 172 97
2212 176 92
2213 172 101
2214 178 97
2215 173 91
2216 177 97
2217 185 91
2218 179 89
2219 183 104
2220 172 95
2221 188 102
2222 179 89
2223 174 94
2224 171 98
2225 183 98
2226 260 153
2227 250 145
2228 253 153
2229 250 142
2230 264 155
2231 256 143
2232 248 154
2233 264 150
2234 264 152
2235 258 148
2236 256 145
2237 259 155
2238 251 143
2239 253 143
2240 248 151
2241 252 149
2242 261 147
2243 252 149
2244 258 149
2245 258 155
2246 255 152
2247 253 155
2248 262 143
2249 258 143
2250 262 148
2251 263 155
2252 252 153
2253 256 143
2254 254 149
2255 252 148
2256 258 167
2257 254 168
2258 253 169
2259 251 161
2260 255 170
2261 253 166
2262 263 166
2263 262 170
2264 250 161
2265 261 160
2266 249 160
2267 255 164
2268 251 163
2269 263 158
2270 254 162
2271 254 160
2272 254 159
2273 253 162
2274 258 166
2275 248 162
2276 250 163
2277 262 166
2278 256 156
2279 254 162
2280 258 158
2281 262 160
2282 254 163
2283 264 157
2284 263 160
2285 264 167
2286 76 46
2287 80 44
2288 80 33
2289 75 46
2290 75 39
2291 84 43
2292 87 39
2293 74 44
2294 82 34
2295 80 45
2296 77 41
2297 87 43
2298 87 48
2299 86 32
2300 82 46
2301 81 37
2302 70 49
2303 73 48
2304 78 47
2305 73 41
2306 83 34
2307 72 49
2308 82 43
2309 83 38
2310 83 44
2311 85 32
2312 81 43
2313 72 44
2314 81 49
2315 82 35
2316 158 260
2317 158 252
2318 159 253
2319 161 252
2320 157 263
2321 169 254
2322 165 251
2323 164 248
2324 162 262
2325 169 263
2326 156 262
2327 166 260
2328 163 252
2329 167 249
2330 156 264
2331 159 262
2332 159 258
2333 165 256
2334 157 254
2335 162 256
2336 159 261
2337 163 250
2338 161 248
2339 162 250
2340 162 256
2341 163 259
2342 170 248
2343 166 251
2344 162 260
2345 169 253
2346 226 94
2347 217 97
2348 225 98
2349 213 103
2350 210 92
2351 221 93
2352 226 97
2353 214 102
2354 220 100
2355 215 102
2356 213 96
2357 225 102
2358 222 103
2359 219 94
2360 227 102
2361 217 91
2362 227 93
2363 221 96
2364 218 103
2365 223 103
2366 210 103
2367 225 95
2368 218 94
2369 217 90
2370 227 102
2371 210 89
2372 219 96
2373 214 101
2374 216 103
2375 227 98
2376 101 269
2377 92 269
2378 91 267
2379 93 265
2380 102 276
2381 102 277
2382 104 279
2383 101 279
2384 92 280
2385 89 268
2386 101 279
2387 97 280
2388 91 277
2389 90 280
2390 90 278
2391 101 279
2392 89 278
2393 90 279
2394 90 268
2395 104 279
2396 89 269
2397 102 268
2398 103 277
2399 91 273
2400 94 278
2401 94 271
2402 98 265
2403 91 274
2404 96 278
2405 97 269
2406 276 145
2407 265 144
2408 280 147
2409 268 141
2410 278 151
2411 274 154
2412 280 148
2413 267 146
2414 266 152
2415 272 141
2416 268 143
2417 274 142
2418 275 148
2419 279 152
2420 267 146
2421 274 142
2422 276 143
2423 278 142
2424 265 151
2425 273 143
2426 279 153
2427 279 155
2428 278 148
2429 265 144
2430 269 142
2431 272 154
2432 267 144
2433 265 148
2434 273 154
2435 277 148
2436 72 227
2437 72 218
2438 75 217
2439 85 229
2440 77 227
2441 81 214
2442 75 223
2443 79 222
2444 81 214
2445 79 211
2446 71 214
2447 78 221
2448 71 213
2449 70 220
2450 80 219
2451 78 222
2452 79 223
2453 74 224
2454 85 211
2455 83 217
2456 83 220
2457 74 212
2458 86 213
2459 71 222
2460 82 223
2461 87 210
2462 83 218
2463 71 225
2464 80 211
2465 78 215
2466 116 259
2467 105 258
2468 107 262
2469 121 260
2470 120 251
2471 124 257
2472 112 258
2473 112 264
2474 108 261
2475 120 255
2476 105 261
2477 120 260
2478 109 254
2479 107 250
2480 109 259
2481 108 257
2482 121 248
2483 123 264
2484 115 263
2485 106 260
2486 110 250
2487 124 254
2488 112 255
2489 112 248
2490 124 251
2491 124 251
2492 110 257
2493 113 254
2494 115 248
2495 121 248
2496 127 202
2497 139 204
2498 135 199
2499 126 204
2500 134 192
2501 136 203
2502 126 201
2503 127 194
2504 132 199
2505 126 202
2506 125 206
2507 133 192
2508 140 207
2509 138 207
2510 133 203
2511 127 204
2512 139 207
2513 130 204
2514 137 193
2515 138 208
2516 133 205
2517 130 197
2518 135 209
2519 126 208
2520 136 201
2521 131 197
2522 131 198
2523 130 198
2524 136 204
2525 138 203
2526 120 71
2527 112 80
2528 106 74
2529 118 73
2530 120 72
2531 107 83
2532 117 72
2533 122 78
2534 120 81
2535 105 73
2536 117 74
2537 110 81
2538 114 80
2539 117 74
2540 119 85
2541 112 77
2542 121 84
2543 115 86
2544 118 80
2545 118 78
2546 124 85
2547 110 74
2548 117 75
2549 112 86
2550 120 85
2551 122 86
2552 108 84
2553 114 76
2554 105 72
2555 111 88
2556 117 80
2557 108 86
2558 109 86
2559 106 83
2560 119 73
2561 115 72
2562 115 80
2563 110 75
2564 120 73
2565 114 86
2566 122 86
2567 106 81
2568 123 86
2569 118 79
2570 105 70
2571 113 88
2572 118 84
2573 106 73
2574 112 73
2575 123 70
2576 118 75
2577 121 71
2578 116 85
2579 122 84
2580 123 79
2581 105 87
2582 113 82
2583 110 79
2584 109 82
2585 110 85
2586 34 246
2587 42 235
2588 44 239
2589 44 231
2590 46 242
2591 46 240
2592 39 231
2593 49 238
2594 35 232
2595 46 242
2596 43 245
2597 50 237
2598 39 241
2599 45 239
2600 33 232
2601 46 230
2602 41 245
2603 37 234
2604 50 237
2605 48 247
2606 48 245
2607 36 232
2608 49 245
2609 45 245
2610 37 247
2611 31 234
2612 48 240
2613 32 231
2614 37 245
2615 48 234
2616 121 258
2617 110 249
2618 113 258
2619 110 258
2620 122 256
2621 123 254
2622 119 263
2623 123 262
2624 106 250
2625 107 250
2626 114 261
2627 112 254
2628 123 259
2629 116 261
2630 119 263
2631 105 264
2632 110 262
2633 108 255
2634 116 257
2635 105 254
2636 114 249
2637 108 262
2638 124 259
2639 120 261
2640 109 253
2641 120 251
2642 116 249
2643 112 252
2644 110 260
2645 112 253
2646 254 26
2647 263 30
2648 263 23
2649 254 27
2650 251 20
2651 251 18
2652 251 23
2653 263 28
2654 257 30
2655 253 22
2656 255 23
2657 254 20
2658 249 24
2659 252 29
2660 260 23
2661 262 12
2662 262 29
2663 249 27
2664 262 17
2665 263 16
2666 252 26
2667 260 30
2668 250 15
2669 248 22
2670 256 17
2671 257 23
2672 252 21
2673 255 13
2674 262 16
2675 263 16
2676 63 206
2677 62 203
2678 66 201
2679 62 192
2680 60 194
2681 55 203
2682 54 206
2683 58 192
2684 66 200
2685 60 191
2686 54 194
2687 67 206
2688 64 205
2689 69 195
2690 65 206
2691 64 191
2692 61 197
2693 59 196
2694 53 208
2695 54 209
2696 58 192
2697 57 208
2698 58 197
2699 62 201
2700 61 206
2701 68 198
2702 69 203
2703 67 193
2704 51 196
2705 58 200
2706 101 239
2707 104 233
2708 102 237
2709 101 236
2710 93 237
2711 93 245
2712 101 241
2713 101 239
2714 92 234
2715 104 241
2716 93 246
2717 94 242
2718 102 239
2719 104 242
2720 95 243
2721 91 242
2722 90 241
2723 95 243
2724 98 245
2725 103 245
2726 99 238
2727 100 235
2728 98 239
2729 96 241
2730 95 240
2731 98 239
2732 101 240
2733 99 230
2734 93 245
2735 98 247
2736 128 136
2737 138 136
2738 137 131
2739 137 140
2740 133 127
2741 138 125
2742 137 126
2743 132 130
2744 131 133
2745 140 127
2746 128 131
2747 128 133
2748 130 136
2749 130 132
2750 140 129
2751 131 128
2752 135 140
2753 125 133
2754 132 140
2755 30 267
2756 26 268
2757 30 266
2758 21 279
2759 21 268
2760 23 265
2761 25 274
2762 13 274
2763 22 272
2764 14 268
2765 21 278
2766 13 280
2767 29 280
2768 24 267
2769 13 275
2770 24 276
2771 29 277
2772 19 273
2773 26 269
2774 28 276
2775 12 266
2776 22 275
2777 22 279
2778 28 276
2779 20 279
2780 20 272
2781 19 275
2782 28 272
2783 13 277
2784 16 274
2785 276 165
2786 273 164
2787 280 168
2788 276 157
2789 280 170
2790 272 163
2791 272 162
2792 273 161
2793 271 167
2794 271 169
2795 265 168
2796 274 158
2797 280 170
2798 278 165
2799 272 165
2800 278 157
2801 273 170
2802 279 168
2803 278 164
2804 274 156
2805 272 168
2806 268 165
2807 279 165
2808 265 158
2809 266 165
2810 268 168
2811 274 166
2812 275 165
2813 266 159
2814 265 161
2815 153 99
2816 149 103
2817 152 97
2818 149 89
2819 149 98
2820 141 96
2821 151 103
2822 145 101
2823 148 89
2824 144 98
2825 147 90
2826 150 89
2827 149 100
2828 143 101
2829 145 90
2830 154 103
2831 154 94
2832 145 101
2833 150 93
2834 153 99
2835 147 94
2836 151 97
2837 146 93
2838 150 92
2839 144 101
2840 154 91
2841 148 94
2842 147 102
2843 153 98
2844 153 91
2845 22 69
2846 16 53
2847 29 55
2848 17 53
2849 16 57
2850 27 68
2851 27 58
2852 21 66
2853 24 54
2854 28 58
2855 18 69
2856 21 59
2857 20 60
2858 26 66
2859 14 63
2860 16 64
2861 22 55
2862 18 58
2863 21 60
2864 23 58
2865 22 63
2866 25 55
2867 28 57
2868 24 55
2869 22 56
2870 14 56
2871 20 61
2872 23 63
2873 29 65
2874 29 68
2875 233 106
2876 231 106
2877 235 115
2878 241 122
2879 243 108
2880 238 114
2881 247 121
2882 233 115
2883 243 110
2884 244 123
2885 235 115
2886 244 108
2887 231 106
2888 246 105
2889 240 117
2890 230 119
2891 238 121
2892 232 111
2893 235 112
2894 241 108
2895 238 121
2896 230 112
2897 233 119
2898 242 108
2899 230 107
2900 233 109
2901 247 108
2902 233 112
2903 247 111
2904 231 106
2905 20 68
2906 17 66
2907 30 68
2908 29 56
2909 26 68
2910 25 69
2911 30 53
2912 28 64
2913 20 66
2914 17 68
2915 13 65
2916 16 66
2917 14 56
2918 13 54
2919 16 53
2920 20 52
2921 18 67
2922 14 67
2923 23 54
2924 20 54
2925 29 52
2926 22 57
2927 30 63
2928 20 67
2929 27 52
2930 30 52
2931 18 52
2932 17 52
2933 18 69
2934 30 62
