218 244 10 2934
0 8
1 6
2 7
3 9
4 15
5 10
6 6
7 10
8 8
9 5
10 7
11 7
12 4
13 3
14 3
15 3
16 3
17 3
18 3
19 3
20 3
21 3
22 4
23 3
24 4
25 4
26 3
27 3
28 4
29 4
30 5
31 5
32 3
33 3
34 3
35 3
36 3
37 3
38 4
39 3
40 3
41 3
42 4
43 3
44 4
45 4
46 4
47 3
48 3
49 3
50 3
51 3
52 5
53 3
54 4
55 4
56 3
57 3
58 3
59 4
60 3
61 4
62 4
63 3
64 4
65 3
66 4
67 3
68 3
69 4
70 5
71 3
72 4
73 3
74 3
75 3
76 3
77 6
78 3
79 3
80 5
81 3
82 3
83 4
84 6
85 3
86 3
87 4
88 4
89 3
90 3
91 3
92 5
93 4
94 3
95 3
96 3
97 4
98 3
99 4
100 4
101 4
102 3
103 4
104 3
105 3
106 4
107 3
108 3
109 3
110 3
111 4
112 3
113 3
114 3
115 3
116 3
117 3
118 4
119 6
120 4
121 3
122 4
123 3
124 3
125 3
126 3
127 3
128 3
129 3
130 4
131 3
132 3
133 4
134 4
135 3
136 4
137 6
138 3
139 3
140 3
141 3
142 3
143 3
144 4
145 3
146 3
147 3
148 3
149 3
150 5
151 3
152 4
153 3
154 3
155 3
156 3
157 3
158 5
159 6
160 3
161 3
162 3
163 3
164 3
165 3
166 6
167 3
168 5
169 3
170 3
171 3
172 4
173 3
174 3
175 4
176 3
177 3
178 6
179 4
180 3
181 5
182 3
183 5
184 3
185 4
186 3
187 4
188 3
189 3
190 6
191 4
192 3
193 3
194 4
195 3
196 3
197 3
198 3
199 3
200 3
201 3
202 3
203 3
204 4
205 3
206 3
207 3
208 4
209 3
210 5
211 3
212 3
213 3
214 6
215 3
216 4
217 3
0 0 1
1 0 2
2 0 3
3 0 5
4 0 7
5 0 8
6 0 201
7 1 4
8 1 5
9 1 11
10 2 3
11 2 4
12 2 7
13 2 9
14 2 10
15 2 11
16 3 4
17 3 5
18 3 6
19 3 9
20 3 10
21 3 31
22 4 5
23 4 6
24 4 7
25 4 8
26 4 10
27 4 11
28 4 12
29 4 97
30 4 137
31 4 168
32 5 6
33 5 7
34 5 8
35 5 9
36 5 10
37 5 153
38 6 7
39 6 8
40 6 117
41 7 8
42 7 10
43 7 11
44 8 10
45 9 11
46 9 183
47 10 82
48 11 46
49 11 62
50 12 22
51 12 19
52 13 27
53 13 22
54 14 20
55 15 26
56 16 25
57 17 21
58 18 21
59 18 25
60 19 20
61 19 29
62 23 25
63 23 30
64 24 28
65 24 30
66 26 28
67 29 30
68 31 36
69 31 38
70 32 37
71 33 35
72 34 40
73 34 45
74 35 39
75 35 43
76 37 39
77 38 44
78 41 43
79 41 44
80 42 44
81 42 45
82 46 58
83 46 56
84 47 48
85 47 52
86 49 51
87 50 52
88 51 54
89 52 60
90 53 57
91 53 56
92 54 61
93 55 56
94 55 60
95 59 60
96 59 61
97 62 68
98 63 77
99 64 78
100 64 81
101 65 69
102 66 77
103 66 72
104 67 78
105 68 80
106 69 79
107 69 77
108 70 75
109 70 74
110 70 77
111 71 72
112 71 78
113 73 80
114 74 80
115 76 80
116 82 95
117 83 84
118 83 96
119 84 90
120 84 88
121 84 87
122 85 95
123 85 86
124 86 87
125 88 89
126 88 92
127 91 92
128 92 93
129 93 94
130 97 107
131 97 113
132 97 99
133 98 102
134 98 111
135 99 111
136 100 105
137 100 101
138 101 111
139 101 106
140 103 104
141 103 114
142 103 115
143 103 116
144 104 110
145 106 108
146 106 109
147 106 115
148 112 115
149 117 119
150 118 122
151 118 130
152 118 136
153 119 123
154 119 132
155 119 134
156 120 127
157 120 129
158 121 135
159 121 133
160 122 124
161 123 131
162 125 133
163 125 134
164 126 131
165 128 130
166 129 136
167 134 136
168 137 148
169 137 149
170 137 145
171 138 140
172 138 151
173 138 139
174 139 147
175 141 150
176 142 145
177 142 150
178 143 146
179 143 144
180 144 147
181 144 152
182 150 152
183 153 166
184 154 166
185 155 157
186 155 159
187 156 158
188 158 159
189 158 164
190 159 161
191 159 166
192 160 166
193 162 165
194 162 166
195 163 164
196 163 167
197 168 181
198 168 182
199 169 174
200 169 178
201 170 172
202 171 181
203 172 176
204 172 175
205 172 181
206 173 177
207 175 178
208 177 178
209 178 179
210 179 180
211 183 187
212 183 195
213 183 194
214 184 190
215 185 193
216 185 196
217 185 198
218 185 186
219 186 197
220 186 192
221 187 191
222 188 199
223 188 190
224 189 191
225 190 192
226 190 200
227 194 200
228 201 204
229 201 214
230 202 212
231 202 204
232 203 207
233 205 212
234 206 216
235 207 208
236 208 214
237 208 217
238 209 212
239 210 211
240 210 213
241 210 214
242 213 215
243 214 216
0 56 27
1 55 15
2 48 21
3 50 28
4 61 30
5 57 22
6 57 15
7 56 17
8 58 18
9 54 14
10 57 18
11 46 24
12 54 12
13 61 28
14 59 29
15 61 21
16 56 14
17 50 23
18 49 14
19 61 23
20 51 17
21 46 18
22 52 20
23 46 27
24 56 22
25 49 22
26 56 12
27 60 23
28 51 28
29 56 20
30 191 19
31 197 16
32 198 14
33 188 16
34 183 27
35 200 18
36 195 28
37 186 15
38 183 17
39 196 19
40 187 23
41 199 26
42 184 20
43 187 14
44 187 25
45 186 20
46 192 23
47 195 21
48 197 25
49 195 29
50 185 13
51 193 13
52 193 22
53 185 20
54 196 27
55 199 20
56 186 23
57 191 26
58 193 19
59 190 29
60 62 90
61 71 82
62 72 83
63 79 84
64 76 87
65 77 92
66 81 95
67 78 92
68 81 89
69 64 82
70 73 96
71 68 89
72 69 83
73 79 85
74 73 83
75 66 83
76 78 92
77 67 94
78 72 89
79 68 82
80 67 90
81 79 85
82 77 84
83 65 96
84 79 82
85 70 93
86 66 84
87 79 94
88 77 89
89 72 91
90 18 89
91 25 88
92 24 95
93 12 83
94 22 93
95 20 94
96 24 84
97 25 85
98 14 91
99 19 95
100 26 92
101 27 84
102 29 94
103 27 88
104 17 88
105 30 83
106 14 84
107 27 95
108 12 82
109 30 91
110 27 96
111 16 82
112 28 88
113 22 92
114 20 85
115 14 93
116 21 86
117 22 85
118 26 96
119 19 89
120 88 213
121 84 211
122 96 201
123 82 216
124 83 208
125 91 214
126 83 215
127 90 206
128 94 204
129 95 209
130 83 215
131 91 217
132 96 212
133 89 214
134 83 215
135 94 212
136 82 211
137 89 217
138 95 205
139 89 216
140 86 206
141 86 211
142 95 210
143 95 217
144 87 204
145 94 203
146 87 209
147 87 203
148 92 203
149 82 215
150 33 151
151 34 139
152 34 145
153 33 151
154 34 151
155 45 139
156 44 142
157 42 144
158 42 143
159 37 137
160 40 148
161 37 150
162 40 150
163 34 140
164 34 150
165 35 152
166 31 150
167 43 145
168 33 141
169 33 144
170 41 138
171 34 141
172 41 140
173 39 143
174 37 150
175 36 146
176 42 148
177 32 141
178 34 137
179 37 146
180 31 85
181 38 88
182 41 95
183 33 87
184 41 94
185 43 83
186 43 88
187 31 89
188 35 84
189 39 88
190 39 92
191 37 96
192 45 88
193 31 88
194 40 82
195 43 84
196 38 84
197 38 83
198 34 85
199 35 88
200 33 83
201 40 93
202 33 89
203 34 88
204 35 87
205 41 84
206 37 89
207 32 88
208 42 89
209 43 89
210 116 26
211 102 19
212 98 13
213 99 21
214 114 27
215 100 18
216 108 29
217 113 29
218 102 28
219 107 23
220 97 28
221 108 25
222 98 13
223 115 30
224 111 20
225 101 28
226 109 14
227 97 14
228 98 29
229 100 25
230 115 28
231 116 22
232 98 28
233 102 22
234 112 29
235 113 24
236 99 12
237 101 23
238 112 18
239 104 27
240 170 167
241 177 162
242 168 157
243 179 167
244 170 155
245 174 167
246 176 158
247 182 156
248 169 163
249 170 160
250 181 153
251 174 162
252 172 160
253 177 160
254 171 156
255 178 165
256 182 153
257 174 161
258 170 160
259 173 167
260 181 157
261 179 157
262 182 153
263 173 165
264 171 166
265 177 156
266 176 167
267 169 166
268 179 154
269 175 160
270 51 33
271 51 45
272 51 43
273 50 41
274 59 37
275 56 37
276 46 40
277 49 45
278 60 43
279 61 41
280 49 34
281 60 33
282 49 34
283 48 39
284 48 32
285 50 39
286 53 33
287 53 45
288 58 36
289 58 40
290 59 44
291 60 42
292 52 38
293 55 42
294 53 34
295 52 40
296 59 40
297 61 34
298 53 35
299 56 34
300 207 79
301 206 78
302 213 69
303 213 80
304 207 68
305 206 70
306 214 75
307 215 67
308 210 70
309 207 78
310 217 79
311 217 81
312 208 63
313 212 62
314 210 64
315 215 70
316 209 63
317 207 67
318 210 69
319 215 70
320 206 69
321 214 66
322 214 67
323 201 70
324 209 66
325 203 70
326 209 80
327 217 65
328 211 70
329 214 73
330 81 20
331 73 16
332 63 19
333 79 12
334 70 25
335 64 18
336 77 22
337 81 17
338 64 30
339 79 26
340 71 15
341 75 20
342 75 23
343 63 24
344 69 18
345 64 17
346 72 21
347 69 15
348 80 13
349 65 17
350 62 18
351 66 15
352 62 16
353 74 15
354 73 26
355 65 14
356 78 21
357 72 22
358 67 27
359 65 22
360 168 62
361 179 65
362 172 80
363 179 80
364 171 80
365 169 65
366 176 75
367 174 68
368 179 81
369 181 65
370 182 62
371 171 66
372 174 62
373 174 74
374 180 67
375 177 66
376 182 70
377 174 73
378 170 79
379 169 65
380 181 63
381 180 62
382 169 77
383 179 62
384 175 80
385 182 70
386 176 66
387 173 79
388 172 64
389 178 75
390 73 42
391 73 31
392 71 36
393 81 43
394 77 34
395 64 45
396 70 35
397 67 36
398 65 38
399 81 34
400 70 43
401 67 37
402 78 43
403 66 33
404 70 42
405 66 39
406 75 39
407 65 33
408 76 35
409 79 37
410 70 31
411 75 36
412 64 41
413 76 36
414 69 40
415 81 31
416 65 39
417 67 31
418 79 45
419 80 34
420 39 200
421 38 194
422 41 193
423 34 194
424 41 183
425 44 191
426 32 188
427 35 188
428 33 183
429 33 186
430 45 197
431 38 194
432 31 194
433 42 184
434 31 197
435 35 183
436 42 195
437 45 189
438 41 188
439 31 199
440 32 195
441 32 187
442 31 186
443 43 190
444 45 188
445 36 199
446 40 199
447 39 192
448 31 188
449 42 195
450 132 209
451 134 213
452 131 207
453 125 204
454 120 213
455 124 201
456 125 206
457 117 204
458 123 207
459 127 215
460 129 213
461 135 211
462 128 214
463 121 210
464 134 216
465 119 208
466 124 208
467 118 215
468 128 211
469 136 205
470 125 202
471 132 214
472 133 211
473 122 204
474 131 214
475 132 207
476 135 208
477 133 211
478 119 201
479 130 213
480 165 148
481 165 148
482 165 141
483 167 140
484 163 141
485 153 152
486 153 138
487 155 145
488 166 149
489 157 143
490 153 147
491 157 150
492 153 151
493 160 144
494 154 146
495 163 148
496 161 150
497 155 151
498 162 145
499 164 148
500 155 150
501 158 138
502 163 147
503 167 150
504 161 140
505 161 139
506 165 150
507 164 139
508 164 145
509 165 139
510 185 180
511 197 169
512 187 168
513 189 180
514 187 179
515 195 177
516 199 178
517 200 177
518 193 177
519 183 178
520 195 169
521 192 172
522 198 173
523 191 181
524 199 177
525 193 173
526 191 180
527 197 179
528 198 178
529 183 181
530 200 179
531 188 175
532 196 177
533 187 180
534 191 177
535 196 173
536 188 172
537 191 180
538 195 171
539 192 180
540 118 160
541 133 157
542 117 156
543 121 167
544 135 155
545 122 167
546 126 158
547 118 163
548 121 164
549 129 154
550 130 164
551 125 159
552 118 153
553 132 154
554 131 163
555 132 156
556 122 163
557 120 160
558 131 153
559 126 155
560 133 156
561 123 164
562 123 158
563 124 154
564 126 158
565 117 153
566 118 159
567 121 167
568 129 158
569 133 162
570 55 148
571 50 144
572 58 138
573 57 141
574 58 142
575 61 148
576 58 149
577 51 151
578 49 141
579 47 145
580 48 141
581 53 139
582 61 149
583 47 149
584 49 139
585 55 144
586 58 142
587 61 143
588 49 138
589 53 139
590 60 145
591 46 148
592 49 152
593 47 139
594 59 147
595 53 143
596 57 149
597 54 140
598 53 146
599 49 139
600 217 46
601 210 49
602 205 53
603 207 59
604 205 52
605 214 61
606 213 53
607 201 59
608 205 48
609 209 51
610 204 52
611 202 58
612 208 46
613 210 55
614 216 49
615 212 61
616 208 54
617 204 59
618 210 54
619 211 50
620 214 61
621 212 57
622 216 52
623 211 61
624 207 61
625 216 47
626 208 57
627 210 47
628 204 61
629 209 60
630 209 195
631 206 187
632 206 188
633 209 185
634 217 185
635 212 197
636 203 200
637 212 200
638 204 199
639 214 195
640 214 187
641 213 194
642 217 190
643 208 187
644 208 193
645 202 191
646 201 184
647 206 194
648 211 187
649 213 191
650 213 200
651 212 200
652 211 188
653 205 196
654 203 200
655 204 188
656 209 188
657 212 200
658 216 194
659 202 185
660 194 96
661 200 85
662 193 87
663 187 93
664 187 88
665 194 82
666 184 89
667 192 94
668 194 85
669 196 95
670 190 90
671 191 91
672 184 86
673 195 89
674 191 86
675 197 93
676 189 84
677 184 89
678 193 93
679 195 87
680 199 89
681 189 90
682 197 95
683 193 91
684 184 96
685 188 95
686 183 82
687 194 83
688 194 90
689 194 86
690 50 109
691 56 97
692 53 116
693 48 105
694 57 110
695 46 111
696 53 98
697 61 116
698 55 116
699 60 115
700 49 108
701 57 103
702 50 103
703 60 103
704 58 106
705 48 106
706 53 109
707 60 102
708 51 98
709 54 116
710 54 98
711 60 106
712 61 105
713 58 110
714 47 101
715 60 110
716 58 98
717 53 97
718 56 99
719 48 99
720 25 71
721 26 62
722 23 62
723 18 72
724 28 71
725 13 66
726 16 81
727 28 80
728 21 75
729 24 65
730 19 67
731 27 71
732 29 80
733 21 65
734 30 66
735 18 79
736 30 62
737 16 81
738 21 80
739 18 63
740 16 76
741 24 71
742 19 64
743 25 63
744 29 75
745 15 71
746 25 65
747 19 76
748 29 62
749 20 78
750 93 141
751 83 138
752 95 140
753 92 141
754 89 146
755 89 147
756 96 142
757 83 149
758 88 147
759 90 152
760 88 142
761 85 151
762 83 147
763 89 150
764 89 148
765 89 147
766 95 142
767 82 142
768 87 148
769 84 151
770 84 151
771 86 143
772 87 138
773 95 148
774 82 148
775 96 146
776 85 151
777 85 149
778 85 137
779 82 137
780 34 75
781 32 70
782 43 72
783 43 74
784 42 73
785 44 63
786 36 62
787 40 77
788 43 76
789 36 68
790 37 70
791 41 79
792 42 68
793 39 71
794 41 65
795 38 62
796 38 70
797 31 66
798 42 63
799 34 77
800 32 68
801 38 62
802 33 62
803 36 78
804 38 65
805 42 80
806 43 68
807 45 63
808 45 81
809 42 80
810 131 90
811 132 86
812 119 92
813 121 91
814 124 92
815 118 88
816 126 93
817 128 86
818 133 95
819 133 95
820 135 84
821 124 83
822 134 84
823 129 84
824 128 83
825 131 82
826 117 83
827 119 91
828 132 90
829 136 88
830 125 96
831 120 84
832 136 95
833 128 95
834 125 94
835 120 89
836 117 96
837 133 93
838 127 90
839 136 92
840 155 136
841 153 118
842 165 125
843 156 128
844 165 135
845 155 128
846 156 121
847 153 130
848 161 119
849 166 133
850 157 135
851 167 123
852 161 133
853 154 128
854 164 130
855 157 136
856 159 117
857 155 134
858 158 131
859 164 123
860 154 132
861 154 122
862 153 123
863 156 117
864 157 126
865 159 127
866 163 122
867 159 117
868 167 118
869 162 128
870 130 182
871 125 177
872 128 174
873 118 174
874 128 174
875 127 178
876 134 169
877 119 182
878 121 175
879 118 168
880 124 174
881 119 169
882 135 177
883 131 173
884 120 178
885 117 179
886 119 177
887 132 173
888 136 172
889 129 182
890 123 179
891 122 177
892 136 176
893 126 181
894 117 171
895 130 169
896 119 173
897 132 169
898 117 170
899 133 181
900 3 102
901 11 100
902 7 114
903 10 116
904 1 101
905 9 99
906 0 107
907 7 109
908 5 114
909 10 104
910 5 111
911 11 112
912 9 113
913 9 99
914 3 111
915 5 115
916 10 110
917 5 98
918 5 107
919 4 112
920 1 116
921 5 108
922 0 112
923 8 116
924 6 107
925 1 109
926 8 108
927 5 159
928 0 158
929 3 162
930 4 154
931 4 156
932 0 156
933 11 165
934 11 161
935 3 166
936 4 157
937 0 165
938 4 159
939 2 158
940 6 157
941 0 164
942 10 165
943 1 164
944 5 167
945 3 155
946 11 163
947 5 154
948 6 157
949 3 159
950 5 156
951 2 154
952 2 159
953 2 155
954 1 160
955 39 194
956 33 195
957 35 188
958 44 199
959 39 200
960 45 195
961 33 193
962 44 200
963 43 185
964 44 194
965 44 194
966 38 198
967 38 192
968 41 199
969 38 187
970 34 199
971 38 191
972 40 197
973 42 189
974 44 183
975 34 200
976 40 184
977 41 186
978 42 192
979 36 190
980 38 186
981 35 196
982 38 188
983 31 185
984 36 187
985 121 143
986 121 151
987 118 148
988 135 151
989 117 149
990 117 140
991 124 152
992 133 149
993 122 147
994 119 145
995 136 146
996 129 139
997 132 146
998 122 144
999 132 150
1000 117 151
1001 127 143
1002 119 147
1003 121 145
1004 120 138
1005 131 142
1006 132 145
1007 136 146
1008 129 142
1009 118 151
1010 130 149
1011 119 137
1012 124 148
1013 117 137
1014 125 146
1015 83 161
1016 85 156
1017 94 155
1018 89 160
1019 93 163
1020 87 164
1021 95 159
1022 89 159
1023 96 167
1024 82 159
1025 82 158
1026 88 166
1027 90 167
1028 96 163
1029 92 165
1030 91 155
1031 83 157
1032 86 156
1033 84 166
1034 92 162
1035 95 153
1036 87 162
1037 89 160
1038 84 165
1039 84 167
1040 96 166
1041 86 164
1042 95 153
1043 87 154
1044 88 165
1045 26 217
1046 24 214
1047 12 207
1048 24 216
1049 23 204
1050 28 204
1051 19 202
1052 16 213
1053 20 213
1054 13 202
1055 25 204
1056 22 214
1057 25 211
1058 23 208
1059 27 217
1060 23 216
1061 28 207
1062 27 207
1063 15 202
1064 17 211
1065 12 208
1066 17 212
1067 16 209
1068 14 207
1069 15 210
1070 22 210
1071 21 213
1072 20 205
1073 26 212
1074 29 211
1075 136 127
1076 132 129
1077 118 121
1078 135 124
1079 122 119
1080 135 136
1081 120 123
1082 121 136
1083 124 127
1084 133 124
1085 128 132
1086 124 127
1087 128 127
1088 130 135
1089 117 118
1090 132 130
1091 133 127
1092 133 129
1093 124 135
1094 124 126
1095 125 126
1096 121 117
1097 89 142
1098 82 152
1099 83 151
1100 87 150
1101 92 142
1102 87 145
1103 88 139
1104 94 143
1105 87 145
1106 96 152
1107 95 138
1108 90 141
1109 96 140
1110 93 152
1111 91 152
1112 91 145
1113 83 152
1114 87 150
1115 89 137
1116 93 151
1117 83 148
1118 92 139
1119 84 140
1120 92 148
1121 83 141
1122 82 151
1123 82 146
1124 92 152
1125 85 140
1126 87 147
1127 167 35
1128 159 33
1129 156 44
1130 155 39
1131 157 40
1132 166 31
1133 167 42
1134 153 43
1135 166 45
1136 164 39
1137 165 32
1138 165 44
1139 158 42
1140 158 34
1141 153 45
1142 162 34
1143 157 33
1144 159 42
1145 164 43
1146 155 32
1147 159 38
1148 166 36
1149 153 35
1150 160 32
1151 160 45
1152 153 40
1153 153 33
1154 158 41
1155 159 34
1156 164 38
1157 3 155
1158 7 158
1159 6 154
1160 11 166
1161 11 156
1162 1 161
1163 9 157
1164 0 164
1165 11 164
1166 1 167
1167 6 162
1168 11 162
1169 11 161
1170 6 154
1171 9 162
1172 2 164
1173 4 155
1174 1 160
1175 5 155
1176 9 159
1177 3 163
1178 0 154
1179 9 156
1180 3 156
1181 1 167
1182 9 166
1183 2 155
1184 9 162
1185 36 197
1186 33 197
1187 44 188
1188 45 199
1189 34 191
1190 44 189
1191 36 193
1192 36 190
1193 37 199
1194 36 195
1195 35 191
1196 32 187
1197 42 196
1198 37 198
1199 41 194
1200 43 184
1201 42 190
1202 38 199
1203 45 199
1204 31 187
1205 37 191
1206 41 194
1207 36 193
1208 45 184
1209 38 191
1210 35 184
1211 40 197
1212 41 191
1213 34 191
1214 43 199
1215 209 164
1216 204 157
1217 202 163
1218 215 161
1219 201 157
1220 210 155
1221 209 166
1222 203 159
1223 207 163
1224 217 166
1225 216 156
1226 203 159
1227 214 155
1228 213 160
1229 211 162
1230 214 158
1231 206 153
1232 209 159
1233 217 154
1234 211 158
1235 204 156
1236 206 165
1237 215 163
1238 201 158
1239 209 165
1240 207 164
1241 201 156
1242 212 163
1243 213 167
1244 212 161
1245 125 80
1246 123 79
1247 118 75
1248 128 62
1249 119 72
1250 134 80
1251 128 64
1252 127 63
1253 132 77
1254 125 62
1255 129 72
1256 133 78
1257 128 79
1258 117 65
1259 127 65
1260 128 76
1261 126 68
1262 133 67
1263 121 62
1264 119 79
1265 119 69
1266 125 72
1267 132 66
1268 123 67
1269 126 63
1270 120 69
1271 125 76
1272 121 66
1273 124 79
1274 135 76
1275 41 114
1276 42 101
1277 43 102
1278 45 99
1279 31 105
1280 39 115
1281 39 102
1282 39 99
1283 37 98
1284 34 115
1285 33 104
1286 33 106
1287 33 110
1288 40 116
1289 44 99
1290 34 102
1291 37 107
1292 43 113
1293 31 107
1294 37 115
1295 36 100
1296 33 103
1297 35 108
1298 35 104
1299 45 112
1300 35 104
1301 32 97
1302 39 98
1303 33 106
1304 36 104
1305 69 80
1306 72 76
1307 78 66
1308 63 71
1309 63 71
1310 68 67
1311 68 81
1312 80 72
1313 68 65
1314 81 65
1315 69 74
1316 73 69
1317 72 69
1318 71 74
1319 81 76
1320 73 64
1321 80 72
1322 80 66
1323 66 68
1324 66 75
1325 80 64
1326 204 20
1327 203 12
1328 213 23
1329 201 15
1330 217 18
1331 201 29
1332 214 30
1333 217 18
1334 212 12
1335 203 27
1336 201 16
1337 202 21
1338 202 21
1339 214 18
1340 217 18
1341 201 28
1342 205 12
1343 214 26
1344 204 26
1345 205 21
1346 212 21
1347 217 18
1348 213 30
1349 215 12
1350 207 17
1351 209 17
1352 216 14
1353 201 18
1354 217 25
1355 201 25
1356 70 156
1357 80 154
1358 73 167
1359 78 155
1360 72 159
1361 77 159
1362 64 163
1363 79 158
1364 63 163
1365 73 166
1366 68 154
1367 69 156
1368 74 163
1369 68 161
1370 79 167
1371 70 156
1372 66 161
1373 70 164
1374 79 166
1375 68 155
1376 69 157
1377 80 159
1378 75 154
1379 67 157
1380 74 167
1381 68 156
1382 78 160
1383 78 155
1384 67 161
1385 81 159
1386 6 154
1387 10 155
1388 11 155
1389 1 167
1390 0 154
1391 2 165
1392 3 154
1393 7 156
1394 2 167
1395 5 160
1396 5 155
1397 1 162
1398 9 154
1399 5 164
1400 10 164
1401 7 156
1402 6 156
1403 1 155
1404 0 158
1405 1 154
1406 2 161
1407 10 162
1408 1 156
1409 6 160
1410 2 154
1411 7 155
1412 1 160
1413 56 122
1414 50 124
1415 49 117
1416 61 121
1417 51 135
1418 47 131
1419 57 123
1420 55 125
1421 57 126
1422 56 130
1423 59 117
1424 54 128
1425 57 130
1426 59 128
1427 52 121
1428 47 121
1429 51 117
1430 58 117
1431 48 126
1432 55 124
1433 54 125
1434 50 118
1435 53 130
1436 50 122
1437 52 125
1438 57 125
1439 55 132
1440 51 128
1441 57 131
1442 51 123
1443 125 166
1444 120 166
1445 121 155
1446 130 166
1447 124 164
1448 129 154
1449 129 164
1450 128 163
1451 127 158
1452 122 165
1453 132 160
1454 122 167
1455 133 159
1456 132 161
1457 124 154
1458 129 153
1459 121 165
1460 122 167
1461 134 156
1462 122 161
1463 134 161
1464 134 162
1465 131 156
1466 118 153
1467 119 162
1468 127 158
1469 117 157
1470 119 165
1471 123 158
1472 120 154
1473 22 132
1474 19 121
1475 18 128
1476 26 121
1477 13 134
1478 17 126
1479 15 122
1480 25 125
1481 22 123
1482 23 126
1483 27 117
1484 22 117
1485 24 128
1486 14 129
1487 21 118
1488 22 130
1489 18 119
1490 15 135
1491 20 118
1492 16 123
1493 28 125
1494 23 126
1495 27 119
1496 15 122
1497 19 130
1498 13 135
1499 14 133
1500 26 120
1501 22 121
1502 26 130
1503 156 132
1504 166 135
1505 158 128
1506 167 136
1507 159 132
1508 164 125
1509 157 119
1510 166 127
1511 164 133
1512 166 118
1513 155 126
1514 157 132
1515 157 122
1516 166 122
1517 165 129
1518 154 126
1519 163 125
1520 153 126
1521 161 126
1522 163 134
1523 159 130
1524 167 117
1525 161 135
1526 156 126
1527 160 119
1528 160 124
1529 165 119
1530 158 131
1531 167 118
1532 156 129
1533 112 55
1534 109 47
1535 108 60
1536 101 55
1537 99 53
1538 101 48
1539 107 61
1540 108 61
1541 100 47
1542 115 53
1543 103 48
1544 99 50
1545 101 48
1546 99 61
1547 100 54
1548 113 54
1549 97 48
1550 113 56
1551 112 58
1552 101 47
1553 110 59
1554 99 52
1555 111 61
1556 100 55
1557 105 53
1558 99 61
1559 97 55
1560 104 50
1561 107 54
1562 109 61
1563 167 32
1564 153 34
1565 154 45
1566 154 35
1567 163 33
1568 167 34
1569 166 45
1570 162 42
1571 166 39
1572 161 32
1573 162 33
1574 160 43
1575 156 31
1576 158 36
1577 159 40
1578 162 33
1579 165 39
1580 160 36
1581 163 42
1582 154 45
1583 165 33
1584 163 40
1585 159 42
1586 167 33
1587 158 38
1588 156 38
1589 166 40
1590 161 37
1591 167 40
1592 167 32
1593 144 22
1594 145 23
1595 147 24
1596 142 30
1597 146 25
1598 148 26
1599 140 28
1600 145 15
1601 139 26
1602 138 19
1603 141 19
1604 139 22
1605 151 19
1606 152 23
1607 137 23
1608 144 14
1609 141 28
1610 137 25
1611 150 22
1612 149 26
1613 149 12
1614 146 19
1615 151 21
1616 147 13
1617 149 20
1618 142 14
1619 139 14
1620 149 28
1621 140 21
1622 152 23
1623 186 73
1624 185 75
1625 200 71
1626 184 76
1627 187 79
1628 198 73
1629 197 65
1630 185 77
1631 192 67
1632 193 81
1633 197 75
1634 199 68
1635 195 73
1636 184 65
1637 188 76
1638 184 75
1639 197 79
1640 193 68
1641 196 72
1642 194 71
1643 189 66
1644 194 67
1645 186 67
1646 193 74
1647 198 66
1648 192 75
1649 187 77
1650 200 80
1651 197 74
1652 192 68
1653 82 129
1654 96 134
1655 91 117
1656 83 126
1657 93 127
1658 83 135
1659 88 134
1660 89 134
1661 83 133
1662 88 130
1663 84 124
1664 92 123
1665 87 118
1666 85 132
1667 95 125
1668 90 126
1669 93 118
1670 90 118
1671 85 119
1672 86 126
1673 91 122
1674 90 127
1675 96 119
1676 94 118
1677 87 133
1678 95 130
1679 84 120
1680 92 123
1681 86 134
1682 96 126
1683 131 151
1684 134 147
1685 130 151
1686 118 151
1687 122 140
1688 128 144
1689 134 147
1690 133 140
1691 130 142
1692 127 139
1693 130 148
1694 127 139
1695 129 138
1696 127 150
1697 122 151
1698 121 143
1699 126 145
1700 121 142
1701 123 146
1702 117 141
1703 129 145
1704 133 139
1705 118 151
1706 121 138
1707 120 145
1708 130 152
1709 136 139
1710 131 147
1711 117 146
1712 124 142
1713 44 203
1714 36 213
1715 35 216
1716 43 209
1717 45 212
1718 45 213
1719 44 212
1720 42 214
1721 31 207
1722 37 217
1723 38 213
1724 42 205
1725 42 212
1726 34 206
1727 40 215
1728 32 207
1729 44 203
1730 33 210
1731 38 216
1732 45 210
1733 40 211
1734 36 203
1735 44 215
1736 36 201
1737 41 217
1738 36 208
1739 36 208
1740 36 215
1741 45 207
1742 44 205
1743 207 5
1744 206 0
1745 203 11
1746 207 1
1747 216 3
1748 203 0
1749 209 0
1750 204 10
1751 210 4
1752 204 2
1753 204 4
1754 211 8
1755 205 0
1756 210 9
1757 210 5
1758 217 8
1759 202 4
1760 204 11
1761 217 9
1762 201 11
1763 203 6
1764 213 2
1765 202 11
1766 208 2
1767 211 8
1768 211 10
1769 214 1
1770 212 0
1771 217 8
1772 212 0
1773 63 45
1774 67 39
1775 73 31
1776 62 38
1777 66 41
1778 81 40
1779 63 45
1780 79 37
1781 80 33
1782 64 32
1783 64 40
1784 81 40
1785 77 39
1786 71 38
1787 74 45
1788 73 35
1789 65 38
1790 72 32
1791 75 33
1792 62 32
1793 68 41
1794 74 31
1795 81 34
1796 71 35
1797 65 45
1798 67 42
1799 74 41
1800 72 34
1801 79 32
1802 81 43
1803 93 9
1804 93 3
1805 92 2
1806 96 4
1807 85 10
1808 88 2
1809 95 7
1810 87 11
1811 89 8
1812 94 7
1813 85 1
1814 95 5
1815 91 3
1816 84 0
1817 85 10
1818 95 11
1819 84 1
1820 84 11
1821 95 2
1822 88 8
1823 92 0
1824 88 8
1825 95 4
1826 88 0
1827 92 2
1828 96 1
1829 86 4
1830 86 9
1831 89 1
1832 86 11
1833 84 198
1834 89 191
1835 93 185
1836 94 184
1837 82 183
1838 95 199
1839 91 197
1840 87 186
1841 86 196
1842 84 197
1843 87 200
1844 86 200
1845 90 188
1846 94 198
1847 92 188
1848 95 200
1849 82 185
1850 91 187
1851 85 192
1852 88 189
1853 82 188
1854 90 186
1855 90 185
1856 92 193
1857 85 200
1858 92 199
1859 84 198
1860 82 187
1861 91 198
1862 87 193
1863 88 43
1864 91 40
1865 83 45
1866 87 34
1867 91 40
1868 89 33
1869 83 36
1870 83 45
1871 89 34
1872 89 42
1873 83 31
1874 91 33
1875 82 32
1876 86 40
1877 87 43
1878 89 33
1879 91 40
1880 89 35
1881 93 34
1882 86 37
1883 93 41
1884 85 32
1885 95 33
1886 95 38
1887 86 41
1888 87 40
1889 94 33
1890 90 41
1891 89 35
1892 96 45
1893 160 108
1894 167 99
1895 159 115
1896 162 109
1897 161 101
1898 158 110
1899 157 98
1900 161 98
1901 154 113
1902 165 98
1903 163 115
1904 156 101
1905 164 106
1906 163 109
1907 153 106
1908 153 109
1909 157 116
1910 167 102
1911 158 106
1912 158 113
1913 159 101
1914 164 109
1915 161 98
1916 156 114
1917 160 98
1918 167 108
1919 156 102
1920 167 114
1921 159 111
1922 162 115
1923 210 152
1924 210 142
1925 210 152
1926 203 147
1927 217 138
1928 215 145
1929 209 151
1930 214 138
1931 214 144
1932 203 138
1933 210 138
1934 203 138
1935 217 139
1936 206 140
1937 207 147
1938 212 139
1939 212 152
1940 216 137
1941 206 150
1942 208 147
1943 213 140
1944 215 149
1945 208 137
1946 213 140
1947 208 152
1948 206 149
1949 210 151
1950 208 148
1951 217 151
1952 202 143
1953 215 54
1954 214 51
1955 207 52
1956 208 61
1957 215 53
1958 206 60
1959 210 61
1960 207 52
1961 209 50
1962 203 55
1963 214 52
1964 207 57
1965 212 50
1966 207 47
1967 216 50
1968 212 52
1969 204 46
1970 211 55
1971 216 57
1972 216 52
1973 210 51
1974 215 48
1975 207 50
1976 213 54
1977 214 47
1978 215 60
1979 213 61
1980 201 46
1981 205 55
1982 214 56
1983 73 81
1984 67 81
1985 71 65
1986 64 74
1987 64 75
1988 71 68
1989 75 72
1990 78 70
1991 76 66
1992 79 81
1993 73 67
1994 65 75
1995 68 67
1996 65 81
1997 67 68
1998 78 77
1999 80 75
2000 71 75
2001 65 80
2002 68 78
2003 76 66
2004 62 74
2005 67 81
2006 73 65
2007 68 77
2008 52 68
2009 57 74
2010 60 74
2011 47 77
2012 54 76
2013 54 78
2014 54 80
2015 60 70
2016 53 76
2017 54 72
2018 56 80
2019 57 65
2020 47 72
2021 51 64
2022 58 75
2023 59 72
2024 49 68
2025 52 71
2026 49 65
2027 58 65
2028 60 77
2029 56 72
2030 58 72
2031 55 79
2032 60 81
2033 60 65
2034 49 71
2035 56 78
2036 54 70
2037 54 71
2038 155 203
2039 155 207
2040 154 216
2041 155 208
2042 162 204
2043 159 217
2044 160 214
2045 153 207
2046 154 216
2047 158 209
2048 162 201
2049 156 215
2050 155 213
2051 165 212
2052 160 209
2053 167 207
2054 161 210
2055 163 212
2056 157 202
2057 166 202
2058 156 215
2059 166 206
2060 154 201
2061 165 205
2062 155 217
2063 165 201
2064 164 217
2065 162 209
2066 154 206
2067 163 206
2068 178 181
2069 174 168
2070 180 181
2071 176 182
2072 171 173
2073 174 179
2074 174 179
2075 174 168
2076 179 181
2077 171 178
2078 180 176
2079 171 176
2080 171 175
2081 178 170
2082 171 179
2083 177 176
2084 173 171
2085 168 178
2086 170 182
2087 180 173
2088 176 210
2089 174 207
2090 170 202
2091 171 217
2092 175 208
2093 168 209
2094 182 212
2095 176 213
2096 168 203
2097 171 203
2098 180 212
2099 178 217
2100 176 202
2101 171 210
2102 182 215
2103 181 217
2104 173 215
2105 170 211
2106 182 205
2107 175 211
2108 180 206
2109 178 210
2110 171 216
2111 181 202
2112 175 212
2113 175 211
2114 178 212
2115 182 209
2116 170 203
2117 176 204
2118 93 162
2119 87 160
2120 90 155
2121 88 161
2122 84 167
2123 86 164
2124 96 159
2125 96 160
2126 87 166
2127 84 164
2128 91 160
2129 86 159
2130 82 158
2131 94 162
2132 95 161
2133 86 155
2134 82 158
2135 95 164
2136 95 156
2137 92 155
2138 96 161
2139 91 155
2140 82 161
2141 85 159
2142 90 154
2143 84 156
2144 85 157
2145 90 153
2146 92 153
2147 92 162
2148 9 192
2149 3 191
2150 5 200
2151 4 198
2152 2 198
2153 8 194
2154 2 193
2155 2 197
2156 0 198
2157 6 183
2158 7 186
2159 8 195
2160 2 190
2161 1 200
2162 6 196
2163 8 197
2164 5 189
2165 2 193
2166 8 184
2167 6 193
2168 8 196
2169 0 191
2170 7 195
2171 6 193
2172 4 197
2173 1 186
2174 7 197
2175 11 196
2176 170 89
2177 174 85
2178 175 87
2179 179 93
2180 170 89
2181 174 82
2182 168 90
2183 170 96
2184 182 89
2185 172 94
2186 170 90
2187 168 90
2188 178 92
2189 181 91
2190 177 86
2191 172 86
2192 179 95
2193 172 83
2194 181 84
2195 180 90
2196 171 96
2197 182 86
2198 168 84
2199 172 94
2200 181 84
2201 172 93
2202 168 96
2203 171 85
2204 173 95
2205 173 83
2206 11 141
2207 5 142
2208 0 140
2209 11 140
2210 3 150
2211 3 138
2212 5 141
2213 7 149
2214 7 150
2215 7 141
2216 4 143
2217 5 146
2218 10 150
2219 1 140
2220 5 140
2221 5 144
2222 2 142
2223 0 148
2224 8 142
2225 7 141
2226 9 139
2227 11 151
2228 0 141
2229 10 150
2230 11 149
2231 9 151
2232 2 147
2233 2 143
2234 75 89
2235 62 87
2236 81 86
2237 62 95
2238 71 89
2239 62 90
2240 79 96
2241 65 89
2242 76 91
2243 67 86
2244 71 94
2245 65 96
2246 78 85
2247 69 87
2248 73 88
2249 64 84
2250 64 90
2251 62 89
2252 64 84
2253 79 88
2254 69 92
2255 68 92
2256 69 89
2257 76 93
2258 79 87
2259 62 96
2260 77 89
2261 74 90
2262 69 85
2263 65 88
2264 47 102
2265 59 99
2266 50 112
2267 57 112
2268 49 109
2269 53 99
2270 51 106
2271 52 110
2272 53 113
2273 54 102
2274 59 100
2275 61 102
2276 57 106
2277 52 99
2278 48 113
2279 47 113
2280 54 102
2281 50 114
2282 55 111
2283 47 107
2284 57 99
2285 53 110
2286 53 116
2287 47 114
2288 57 103
2289 54 105
2290 59 101
2291 48 102
2292 53 107
2293 46 98
2294 146 186
2295 140 193
2296 144 198
2297 151 196
2298 152 188
2299 148 184
2300 149 189
2301 143 197
2302 137 185
2303 148 189
2304 139 189
2305 148 197
2306 141 187
2307 146 184
2308 142 194
2309 143 196
2310 145 193
2311 143 196
2312 152 183
2313 150 192
2314 138 197
2315 142 194
2316 143 192
2317 148 199
2318 143 183
2319 140 184
2320 152 187
2321 138 200
2322 150 185
2323 140 197
2324 62 8
2325 79 2
2326 78 3
2327 72 5
2328 70 1
2329 76 9
2330 71 10
2331 71 1
2332 69 0
2333 73 11
2334 76 9
2335 74 7
2336 75 11
2337 74 1
2338 69 3
2339 68 9
2340 64 9
2341 71 8
2342 65 5
2343 81 11
2344 77 8
2345 62 0
2346 76 11
2347 76 8
2348 70 2
2349 68 8
2350 69 5
2351 74 2
2352 80 8
2353 74 8
2354 4 136
2355 1 133
2356 4 128
2357 0 119
2358 9 131
2359 3 134
2360 9 124
2361 9 121
2362 10 134
2363 6 129
2364 0 125
2365 9 134
2366 3 118
2367 7 127
2368 10 120
2369 11 120
2370 1 133
2371 3 128
2372 8 135
2373 9 133
2374 10 133
2375 4 133
2376 0 123
2377 11 121
2378 8 119
2379 0 136
2380 5 120
2381 8 128
2382 4 136
2383 10 131
2384 20 185
2385 17 197
2386 24 189
2387 26 193
2388 14 195
2389 28 191
2390 27 194
2391 30 200
2392 23 199
2393 13 187
2394 18 186
2395 21 187
2396 20 200
2397 14 196
2398 16 195
2399 28 198
2400 21 198
2401 24 188
2402 25 189
2403 29 192
2404 27 199
2405 17 188
2406 21 190
2407 26 187
2408 15 198
2409 19 191
2410 25 185
2411 20 200
2412 27 183
2413 18 200
2414 143 186
2415 145 198
2416 140 193
2417 148 189
2418 146 199
2419 139 186
2420 144 187
2421 141 190
2422 145 191
2423 142 192
2424 149 189
2425 140 194
2426 151 189
2427 151 195
2428 149 194
2429 138 190
2430 152 187
2431 151 189
2432 149 194
2433 137 191
2434 144 199
2435 150 199
2436 149 195
2437 138 196
2438 145 198
2439 137 192
2440 147 193
2441 151 186
2442 137 196
2443 148 192
2444 187 80
2445 196 76
2446 200 76
2447 186 67
2448 190 79
2449 199 63
2450 191 80
2451 191 73
2452 189 68
2453 186 64
2454 199 81
2455 191 79
2456 189 76
2457 200 73
2458 185 71
2459 184 69
2460 188 75
2461 199 70
2462 194 81
2463 199 74
2464 187 78
2465 197 69
2466 186 77
2467 197 72
2468 197 70
2469 192 68
2470 193 65
2471 188 78
2472 196 74
2473 187 73
2474 76 81
2475 80 66
2476 79 74
2477 77 71
2478 76 67
2479 72 81
2480 66 65
2481 65 64
2482 78 74
2483 71 76
2484 64 76
2485 70 68
2486 73 66
2487 70 68
2488 65 63
2489 73 81
2490 64 63
2491 64 62
2492 67 73
2493 66 73
2494 69 74
2495 70 65
2496 75 72
2497 72 75
2498 25 159
2499 19 158
2500 30 156
2501 24 156
2502 20 153
2503 20 167
2504 21 156
2505 12 156
2506 26 167
2507 18 167
2508 14 157
2509 30 162
2510 29 167
2511 23 161
2512 22 159
2513 27 164
2514 24 163
2515 24 163
2516 14 163
2517 17 165
2518 30 166
2519 18 160
2520 12 166
2521 20 163
2522 16 167
2523 13 160
2524 13 163
2525 12 155
2526 20 162
2527 24 166
2528 95 1
2529 96 0
2530 94 10
2531 85 7
2532 82 0
2533 90 11
2534 90 4
2535 90 4
2536 83 11
2537 86 11
2538 95 3
2539 95 11
2540 94 10
2541 92 9
2542 84 10
2543 94 5
2544 87 4
2545 93 4
2546 96 11
2547 86 9
2548 87 4
2549 95 5
2550 91 4
2551 87 3
2552 82 6
2553 93 1
2554 91 2
2555 89 6
2556 83 8
2557 166 172
2558 162 168
2559 166 176
2560 166 178
2561 154 177
2562 166 179
2563 154 175
2564 157 176
2565 166 181
2566 167 171
2567 153 168
2568 159 172
2569 158 168
2570 167 178
2571 153 175
2572 164 177
2573 156 175
2574 162 170
2575 167 177
2576 166 170
2577 157 180
2578 155 168
2579 162 176
2580 163 179
2581 163 178
2582 158 180
2583 153 168
2584 164 181
2585 165 169
2586 165 170
2587 142 76
2588 142 79
2589 141 68
2590 140 74
2591 145 77
2592 139 63
2593 138 64
2594 147 74
2595 141 72
2596 147 66
2597 138 71
2598 151 62
2599 140 70
2600 141 65
2601 146 68
2602 139 62
2603 139 65
2604 143 69
2605 145 80
2606 148 72
2607 143 68
2608 142 66
2609 147 68
2610 149 68
2611 144 70
2612 138 68
2613 147 76
2614 151 81
2615 139 70
2616 137 70
2617 66 137
2618 73 152
2619 77 139
2620 74 146
2621 70 137
2622 63 137
2623 79 149
2624 78 144
2625 75 147
2626 76 137
2627 68 144
2628 76 139
2629 67 150
2630 76 141
2631 66 145
2632 72 151
2633 68 148
2634 76 145
2635 72 147
2636 64 138
2637 62 141
2638 71 151
2639 73 152
2640 68 137
2641 62 140
2642 65 141
2643 62 143
2644 63 148
2645 73 149
2646 70 137
2647 22 79
2648 22 66
2649 25 74
2650 19 62
2651 20 68
2652 30 76
2653 27 66
2654 28 78
2655 28 71
2656 15 75
2657 13 69
2658 22 69
2659 24 65
2660 16 72
2661 14 62
2662 27 67
2663 13 72
2664 17 78
2665 23 76
2666 26 66
2667 26 76
2668 12 69
2669 24 62
2670 17 63
2671 24 62
2672 12 81
2673 14 77
2674 20 72
2675 27 62
2676 12 80
2677 27 64
2678 15 80
2679 26 73
2680 29 76
2681 23 79
2682 22 77
2683 12 71
2684 12 81
2685 18 67
2686 16 81
2687 12 78
2688 12 73
2689 22 78
2690 16 66
2691 26 69
2692 18 72
2693 27 67
2694 23 73
2695 18 70
2696 16 78
2697 22 69
2698 30 76
2699 15 81
2700 26 81
2701 29 72
2702 13 73
2703 21 74
2704 25 75
2705 14 71
2706 27 77
2707 150 217
2708 138 205
2709 151 214
2710 147 208
2711 149 205
2712 137 206
2713 151 208
2714 144 208
2715 145 216
2716 147 205
2717 139 208
2718 147 204
2719 147 213
2720 141 214
2721 151 209
2722 152 216
2723 151 214
2724 147 202
2725 148 207
2726 138 206
2727 142 212
2728 137 216
2729 152 213
2730 142 208
2731 137 204
2732 148 203
2733 149 213
2734 152 216
2735 147 211
2736 138 207
2737 79 159
2738 67 155
2739 72 154
2740 66 164
2741 79 158
2742 76 164
2743 63 153
2744 78 165
2745 65 166
2746 74 157
2747 80 156
2748 68 162
2749 72 155
2750 64 154
2751 69 166
2752 68 153
2753 70 166
2754 69 158
2755 64 157
2756 75 157
2757 63 158
2758 79 161
2759 74 154
2760 74 156
2761 64 161
2762 65 154
2763 64 159
2764 75 161
2765 65 166
2766 71 164
2767 163 56
2768 155 49
2769 164 61
2770 157 53
2771 167 61
2772 153 61
2773 159 61
2774 156 47
2775 162 56
2776 161 52
2777 155 51
2778 157 60
2779 155 58
2780 166 61
2781 156 61
2782 166 48
2783 156 50
2784 159 54
2785 165 57
2786 155 55
2787 162 55
2788 158 61
2789 166 57
2790 161 58
2791 153 60
2792 166 55
2793 158 61
2794 156 56
2795 166 54
2796 160 55
2797 173 50
2798 176 46
2799 170 58
2800 172 47
2801 168 46
2802 178 58
2803 172 51
2804 181 48
2805 168 47
2806 168 51
2807 172 55
2808 177 47
2809 174 55
2810 171 54
2811 169 56
2812 181 57
2813 176 55
2814 172 47
2815 182 54
2816 179 61
2817 179 46
2818 175 48
2819 174 51
2820 173 59
2821 176 59
2822 182 56
2823 176 51
2824 173 50
2825 171 48
2826 182 56
2827 56 211
2828 46 201
2829 57 216
2830 56 204
2831 48 205
2832 50 202
2833 48 201
2834 54 210
2835 53 211
2836 58 217
2837 51 214
2838 49 204
2839 53 215
2840 51 216
2841 47 211
2842 61 203
2843 61 212
2844 57 212
2845 54 214
2846 59 214
2847 47 207
2848 50 211
2849 60 201
2850 51 205
2851 59 201
2852 57 214
2853 48 202
2854 59 212
2855 55 203
2856 53 207
2857 4 91
2858 1 94
2859 9 92
2860 7 84
2861 6 95
2862 11 85
2863 10 86
2864 0 91
2865 4 89
2866 5 95
2867 5 83
2868 6 82
2869 2 96
2870 9 88
2871 4 89
2872 10 84
2873 2 96
2874 0 88
2875 8 88
2876 0 83
2877 11 96
2878 6 88
2879 5 91
2880 2 93
2881 9 83
2882 8 88
2883 8 92
2884 11 96
2885 5 93
2886 6 94
2887 187 108
2888 186 116
2889 196 105
2890 194 104
2891 199 102
2892 191 102
2893 194 100
2894 200 115
2895 195 107
2896 190 99
2897 190 113
2898 197 105
2899 186 112
2900 188 98
2901 184 108
2902 183 111
2903 186 97
2904 184 116
2905 200 100
2906 184 99
2907 194 113
2908 197 104
2909 200 105
2910 185 112
2911 189 111
2912 195 105
2913 194 100
2914 191 105
2915 187 98
2916 186 101
2917 161 157
2918 154 161
2919 158 165
2920 167 154
2921 158 167
2922 157 166
2923 164 165
2924 162 156
2925 163 159
2926 156 160
2927 165 157
2928 156 154
2929 163 159
2930 161 163
2931 158 153
2932 157 164
2933 164 154
