249 274 10 2929
0 6
1 8
2 10
3 8
4 6
5 9
6 12
7 9
8 7
9 8
10 7
11 8
12 3
13 3
14 3
15 3
16 3
17 3
18 5
19 3
20 3
21 4
22 3
23 3
24 3
25 3
26 6
27 4
28 3
29 3
30 3
31 5
32 3
33 3
34 3
35 5
36 3
37 3
38 3
39 3
40 5
41 4
42 3
43 3
44 3
45 4
46 4
47 3
48 3
49 3
50 3
51 3
52 3
53 3
54 3
55 3
56 3
57 3
58 3
59 3
60 3
61 3
62 3
63 4
64 3
65 3
66 3
67 5
68 4
69 3
70 3
71 3
72 3
73 3
74 3
75 5
76 3
77 3
78 4
79 3
80 3
81 3
82 3
83 3
84 5
85 3
86 3
87 3
88 3
89 3
90 3
91 4
92 3
93 5
94 3
95 3
96 3
97 3
98 3
99 3
100 3
101 5
102 3
103 5
104 5
105 3
106 3
107 3
108 3
109 3
110 3
111 3
112 3
113 4
114 4
115 3
116 3
117 3
118 3
119 4
120 3
121 4
122 5
123 5
124 4
125 4
126 3
127 3
128 6
129 4
130 3
131 3
132 3
133 3
134 3
135 3
136 3
137 4
138 4
139 3
140 3
141 3
142 3
143 3
144 3
145 4
146 3
147 3
148 3
149 3
150 3
151 3
152 4
153 4
154 3
155 3
156 3
157 3
158 4
159 3
160 3
161 3
162 3
163 5
164 4
165 3
166 3
167 4
168 3
169 3
170 3
171 3
172 3
173 3
174 3
175 4
176 4
177 3
178 3
179 6
180 3
181 3
182 3
183 3
184 4
185 3
186 3
187 3
188 4
189 5
190 3
191 5
192 3
193 3
194 3
195 3
196 3
197 3
198 3
199 3
200 3
201 4
202 3
203 3
204 4
205 3
206 3
207 6
208 3
209 3
210 3
211 3
212 3
213 3
214 3
215 4
216 5
217 3
218 3
219 3
220 3
221 4
222 3
223 3
224 3
225 3
226 4
227 3
228 3
229 3
230 3
231 3
232 3
233 3
234 3
235 3
236 4
237 4
238 4
239 3
240 4
241 4
242 3
243 3
244 3
245 3
246 3
247 3
248 3
0 0 1
1 0 3
2 0 6
3 0 9
4 0 10
5 0 11
6 1 4
7 1 5
8 1 6
9 1 8
10 1 10
11 1 11
12 1 27
13 2 4
14 2 5
15 2 6
16 2 7
17 2 8
18 2 10
19 2 11
20 2 12
21 2 45
22 3 7
23 3 8
24 3 9
25 3 10
26 3 177
27 4 7
28 4 9
29 4 11
30 5 6
31 5 9
32 5 10
33 5 11
34 5 122
35 5 215
36 6 7
37 6 8
38 6 9
39 6 11
40 6 84
41 6 142
42 7 9
43 7 196
44 7 232
45 8 10
46 8 64
47 8 104
48 9 11
49 10 159
50 12 25
51 13 21
52 14 20
53 14 22
54 15 26
55 16 23
56 17 19
57 17 26
58 18 24
59 18 25
60 18 26
61 19 23
62 21 22
63 21 26
64 27 34
65 27 29
66 27 39
67 28 33
68 28 40
69 29 40
70 30 42
71 31 41
72 31 42
73 31 40
74 32 35
75 35 43
76 35 44
77 36 37
78 37 38
79 38 41
80 39 43
81 45 56
82 45 52
83 46 48
84 46 55
85 46 59
86 46 50
87 47 58
88 47 57
89 47 53
90 49 55
91 50 57
92 51 60
93 51 63
94 52 58
95 53 62
96 54 61
97 54 60
98 62 63
99 64 81
100 65 82
101 65 80
102 66 78
103 67 70
104 67 80
105 67 83
106 68 81
107 68 78
108 69 76
109 69 75
110 71 74
111 72 79
112 72 78
113 73 75
114 74 75
115 75 77
116 75 81
117 78 82
118 84 98
119 84 93
120 84 95
121 85 100
122 86 89
123 86 103
124 87 97
125 87 103
126 88 103
127 90 96
128 90 103
129 91 95
130 91 103
131 92 96
132 93 94
133 93 101
134 99 101
135 100 102
136 100 101
137 104 117
138 104 106
139 105 121
140 106 108
141 107 116
142 108 113
143 109 120
144 110 119
145 111 114
146 112 113
147 112 119
148 114 115
149 114 119
150 114 121
151 115 116
152 117 118
153 118 120
154 122 123
155 122 141
156 123 136
157 123 137
158 124 131
159 124 137
160 125 132
161 125 133
162 126 138
163 127 129
164 127 137
165 128 133
166 128 135
167 128 139
168 128 134
169 129 134
170 129 140
171 130 135
172 138 141
173 142 155
174 143 156
175 144 153
176 145 149
177 145 158
178 146 152
179 147 148
180 147 157
181 150 155
182 151 154
183 151 158
184 152 153
185 152 158
186 153 157
187 154 155
188 154 156
189 159 171
190 160 175
191 161 176
192 162 163
193 163 169
194 163 172
195 164 166
196 164 173
197 164 175
198 164 165
199 165 176
200 167 168
201 167 175
202 168 172
203 169 174
204 170 174
205 171 173
206 177 179
207 177 188
208 178 188
209 179 187
210 179 193
211 179 194
212 180 183
213 181 183
214 181 191
215 182 184
216 184 192
217 185 189
218 186 194
219 188 189
220 189 195
221 190 195
222 191 192
223 191 193
224 196 208
225 196 214
226 197 212
227 198 209
228 199 204
229 200 207
230 201 202
231 201 206
232 203 207
233 204 206
234 204 212
235 205 213
236 205 209
237 206 211
238 207 212
239 207 209
240 207 210
241 210 214
242 215 225
243 216 224
244 216 226
245 216 221
246 217 220
247 217 219
248 217 231
249 218 224
250 219 222
251 219 221
252 220 227
253 221 225
254 221 229
255 223 231
256 226 228
257 228 230
258 232 237
259 233 241
260 233 238
261 234 245
262 234 240
263 235 236
264 235 245
265 236 246
266 237 238
267 237 239
268 238 247
269 239 242
270 240 241
271 242 244
272 242 248
273 243 248
0 130 57
1 130 61
2 128 63
3 126 58
4 132 48
5 125 54
6 131 56
7 123 60
8 127 53
9 136 52
10 122 55
11 132 50
12 139 59
13 122 45
14 124 58
15 133 57
16 126 57
17 123 58
18 141 49
19 141 58
20 141 50
21 132 61
22 128 45
23 139 54
24 122 48
25 129 54
26 122 54
27 132 59
28 136 48
29 137 59
30 240 223
31 247 224
32 233 228
33 242 218
34 245 224
35 234 224
36 248 217
37 242 231
38 245 215
39 239 215
40 234 221
41 235 223
42 245 222
43 247 222
44 233 215
45 233 217
46 235 218
47 239 225
48 248 227
49 239 226
50 238 221
51 246 220
52 245 221
53 246 216
54 243 218
55 232 221
56 237 223
57 236 228
58 239 220
59 243 218
60 150 179
61 142 178
62 142 179
63 154 179
64 153 182
65 156 186
66 144 182
67 151 184
68 149 191
69 156 180
70 156 186
71 146 178
72 150 182
73 152 193
74 151 195
75 146 188
76 156 188
77 154 178
78 149 181
79 145 188
80 154 195
81 143 191
82 157 195
83 151 190
84 149 189
85 158 177
86 158 180
87 146 177
88 142 184
89 152 188
90 91 67
91 92 78
92 84 72
93 92 67
94 84 64
95 89 72
96 102 68
97 88 67
98 87 79
99 100 77
100 91 77
101 96 79
102 103 72
103 97 65
104 102 83
105 87 82
106 91 71
107 99 68
108 96 78
109 94 80
110 93 81
111 87 74
112 99 68
113 93 77
114 99 74
115 89 76
116 102 70
117 89 79
118 102 68
119 89 83
120 17 207
121 22 200
122 16 214
123 19 206
124 14 208
125 17 213
126 24 207
127 12 210
128 20 210
129 21 204
130 23 212
131 18 199
132 15 210
133 26 203
134 23 198
135 17 210
136 20 207
137 13 207
138 25 214
139 16 202
140 14 205
141 19 203
142 14 197
143 16 206
144 12 202
145 24 211
146 22 199
147 18 201
148 17 200
149 12 197
150 90 171
151 93 170
152 89 162
153 89 176
154 100 176
155 90 168
156 88 165
157 87 171
158 93 160
159 84 175
160 102 159
161 101 159
162 89 169
163 94 175
164 90 166
165 99 168
166 103 163
167 87 166
168 86 159
169 101 161
170 102 176
171 91 172
172 96 172
173 88 161
174 96 167
175 96 165
176 93 164
177 87 165
178 98 172
179 87 167
180 56 49
181 61 59
182 54 53
183 61 49
184 56 59
185 55 52
186 49 50
187 47 60
188 58 51
189 57 59
190 63 49
191 53 52
192 61 46
193 45 49
194 54 63
195 52 61
196 45 50
197 54 48
198 54 63
199 47 148
200 63 152
201 55 148
202 51 142
203 54 157
204 50 148
205 58 154
206 48 143
207 55 150
208 57 148
209 54 144
210 47 143
211 48 152
212 59 146
213 51 157
214 53 143
215 46 147
216 45 154
217 59 154
218 49 152
219 53 145
220 47 142
221 53 158
222 45 146
223 48 149
224 52 152
225 53 155
226 57 151
227 57 147
228 51 154
229 96 118
230 97 121
231 85 104
232 92 120
233 87 120
234 99 110
235 85 109
236 102 111
237 98 116
238 99 104
239 89 119
240 101 104
241 101 112
242 91 109
243 95 113
244 87 112
245 95 105
246 95 105
247 85 119
248 97 109
249 91 106
250 85 117
251 101 105
252 101 106
253 103 110
254 101 119
255 96 114
256 88 112
257 94 104
258 84 119
259 60 109
260 50 116
261 46 117
262 59 106
263 60 108
264 58 113
265 62 104
266 54 119
267 59 120
268 50 112
269 48 118
270 53 110
271 49 112
272 54 117
273 57 115
274 54 113
275 59 115
276 62 120
277 51 112
278 52 110
279 59 110
280 58 111
281 45 121
282 50 104
283 54 111
284 62 107
285 57 121
286 56 115
287 50 105
288 51 108
289 80 170
290 78 166
291 77 175
292 68 170
293 73 165
294 65 164
295 66 165
296 77 171
297 82 174
298 80 159
299 72 163
300 81 168
301 76 173
302 71 169
303 74 159
304 75 166
305 72 170
306 69 172
307 80 173
308 77 162
309 67 165
310 65 161
311 77 170
312 72 161
313 77 162
314 81 176
315 81 172
316 76 168
317 79 161
318 77 168
319 185 125
320 178 130
321 195 126
322 195 135
323 177 134
324 181 126
325 194 136
326 190 134
327 191 127
328 188 122
329 182 138
330 193 139
331 181 122
332 188 126
333 181 124
334 183 139
335 179 137
336 182 124
337 177 133
338 177 125
339 187 125
340 195 138
341 192 136
342 187 124
343 193 138
344 190 125
345 188 138
346 191 127
347 183 130
348 178 138
349 248 129
350 240 138
351 234 140
352 239 122
353 239 139
354 241 129
355 232 139
356 233 141
357 243 125
358 246 124
359 248 132
360 238 122
361 244 132
362 244 132
363 232 129
364 245 132
365 242 122
366 248 127
367 234 140
368 239 139
369 247 122
370 239 123
371 238 140
372 242 137
373 237 122
374 246 133
375 241 133
376 236 125
377 244 137
378 241 130
379 135 44
380 136 44
381 136 34
382 141 36
383 133 33
384 140 33
385 130 30
386 123 38
387 128 42
388 140 36
389 131 32
390 139 37
391 141 41
392 140 41
393 123 35
394 123 44
395 138 28
396 138 33
397 131 33
398 127 41
399 137 44
400 140 29
401 134 29
402 134 39
403 139 43
404 133 27
405 136 36
406 135 37
407 124 43
408 133 28
409 219 156
410 220 145
411 223 154
412 216 152
413 224 155
414 221 145
415 224 144
416 228 145
417 231 144
418 229 143
419 216 152
420 222 142
421 221 151
422 223 152
423 215 144
424 222 158
425 230 157
426 231 151
427 219 158
428 227 142
429 226 158
430 219 158
431 228 149
432 219 142
433 216 150
434 224 153
435 217 153
436 218 150
437 225 153
438 222 149
439 143 197
440 146 200
441 148 208
442 144 209
443 144 208
444 144 197
445 145 196
446 151 206
447 142 203
448 143 196
449 144 204
450 150 198
451 147 199
452 147 201
453 144 197
454 143 196
455 148 201
456 143 199
457 143 204
458 158 196
459 156 210
460 154 207
461 157 201
462 143 208
463 146 201
464 145 211
465 149 197
466 142 203
467 146 212
468 147 210
469 15 128
470 23 139
471 18 123
472 23 123
473 19 135
474 25 139
475 17 136
476 16 139
477 24 133
478 14 138
479 12 136
480 18 123
481 21 128
482 24 140
483 16 127
484 26 125
485 24 132
486 25 125
487 21 122
488 24 124
489 21 134
490 12 125
491 21 132
492 19 134
493 26 127
494 17 127
495 25 139
496 18 132
497 23 130
498 19 140
499 58 85
500 54 84
501 48 97
502 62 89
503 47 85
504 55 101
505 47 102
506 62 95
507 61 97
508 63 94
509 51 103
510 57 97
511 45 101
512 61 89
513 52 96
514 46 103
515 63 93
516 58 88
517 46 92
518 54 97
519 56 90
520 45 97
521 46 94
522 62 94
523 57 91
524 51 100
525 57 90
526 63 97
527 60 101
528 55 100
529 200 247
530 201 242
531 202 244
532 200 244
533 205 239
534 198 237
535 196 234
536 204 239
537 203 244
538 196 235
539 204 238
540 211 247
541 213 236
542 196 242
543 200 247
544 201 237
545 214 245
546 196 239
547 199 240
548 205 235
549 206 244
550 209 242
551 203 234
552 200 241
553 207 248
554 196 238
555 211 240
556 199 243
557 213 241
558 26 168
559 14 166
560 14 171
561 26 176
562 13 172
563 17 176
564 22 166
565 26 162
566 24 171
567 23 175
568 26 169
569 13 162
570 20 167
571 26 172
572 12 173
573 17 174
574 14 175
575 24 170
576 25 167
577 23 160
578 16 173
579 25 162
580 18 174
581 24 172
582 15 169
583 14 169
584 20 176
585 15 165
586 12 172
587 20 173
588 57 195
589 46 187
590 57 185
591 62 180
592 55 179
593 58 185
594 55 192
595 61 177
596 59 187
597 57 195
598 55 182
599 60 184
600 56 188
601 46 184
602 47 195
603 63 177
604 55 189
605 50 182
606 58 185
607 63 195
608 58 185
609 51 193
610 62 185
611 51 190
612 54 186
613 52 193
614 62 181
615 62 190
616 60 178
617 54 177
618 168 142
619 159 157
620 172 157
621 162 149
622 166 142
623 159 145
624 175 146
625 168 148
626 176 145
627 162 155
628 173 147
629 160 157
630 159 158
631 172 148
632 176 150
633 169 142
634 161 155
635 174 147
636 171 152
637 165 158
638 164 149
639 174 148
640 173 145
641 166 144
642 174 148
643 168 148
644 169 149
645 163 148
646 170 149
647 169 142
648 193 10
649 184 7
650 188 8
651 190 9
652 179 1
653 178 11
654 183 2
655 178 0
656 186 3
657 187 8
658 190 5
659 186 3
660 194 0
661 189 9
662 179 11
663 193 0
664 194 4
665 181 7
666 194 0
667 180 7
668 186 3
669 184 9
670 195 4
671 181 6
672 184 4
673 184 4
674 184 11
675 179 6
676 193 3
677 190 7
678 77 102
679 67 97
680 83 87
681 66 102
682 79 98
683 81 99
684 67 90
685 83 94
686 71 86
687 83 87
688 72 89
689 72 88
690 77 87
691 69 93
692 78 92
693 74 100
694 79 89
695 75 92
696 70 87
697 80 97
698 80 90
699 78 98
700 81 103
701 79 87
702 68 90
703 78 92
704 78 103
705 77 94
706 73 94
707 71 91
708 110 174
709 121 175
710 116 172
711 110 159
712 104 165
713 112 163
714 111 175
715 107 176
716 118 173
717 115 165
718 113 168
719 106 164
720 107 173
721 121 164
722 120 168
723 108 166
724 119 165
725 106 161
726 109 175
727 120 173
728 118 167
729 104 171
730 106 173
731 109 173
732 117 164
733 117 172
734 106 173
735 113 174
736 112 163
737 115 163
738 191 68
739 194 70
740 194 65
741 185 70
742 184 76
743 185 78
744 183 71
745 190 66
746 182 69
747 188 68
748 186 66
749 187 68
750 191 66
751 177 78
752 192 78
753 188 70
754 193 66
755 185 72
756 195 74
757 185 68
758 195 79
759 183 83
760 184 71
761 191 74
762 189 75
763 185 69
764 191 68
765 188 75
766 195 83
767 183 76
768 63 45
769 59 52
770 51 56
771 52 57
772 47 63
773 47 56
774 48 60
775 58 55
776 56 54
777 57 56
778 62 45
779 50 51
780 49 59
781 52 61
782 61 59
783 56 58
784 63 48
785 49 63
786 58 50
787 57 54
788 55 62
789 57 49
790 59 62
791 117 39
792 107 30
793 111 37
794 118 43
795 105 39
796 107 29
797 111 36
798 107 33
799 115 43
800 107 37
801 107 29
802 117 40
803 116 43
804 108 33
805 115 40
806 109 32
807 115 28
808 106 33
809 104 39
810 105 44
811 114 36
812 120 34
813 117 32
814 107 27
815 119 43
816 117 43
817 121 36
818 120 43
819 119 30
820 105 44
821 107 120
822 115 112
823 108 111
824 117 113
825 119 118
826 120 107
827 112 105
828 110 104
829 120 104
830 113 120
831 119 105
832 120 116
833 108 120
834 118 116
835 108 115
836 106 114
837 105 115
838 118 112
839 116 112
840 114 108
841 109 114
842 119 116
843 109 110
844 145 146
845 157 146
846 149 154
847 153 154
848 146 148
849 156 152
850 146 154
851 158 148
852 144 151
853 151 146
854 156 152
855 154 146
856 149 154
857 145 142
858 146 148
859 154 144
860 157 143
861 155 147
862 142 147
863 146 142
864 149 157
865 158 155
866 145 156
867 152 150
868 151 153
869 151 142
870 144 154
871 147 145
872 143 149
873 155 145
874 146 155
875 151 157
876 155 148
877 143 144
878 158 155
879 142 149
880 179 242
881 186 232
882 192 248
883 195 242
884 187 241
885 178 246
886 185 243
887 185 247
888 192 243
889 191 236
890 186 241
891 185 243
892 189 235
893 182 232
894 194 236
895 181 236
896 182 240
897 178 245
898 191 248
899 181 237
900 186 238
901 183 238
902 191 244
903 189 248
904 178 240
905 178 242
906 180 243
907 194 237
908 181 244
909 184 238
910 212 147
911 198 153
912 203 144
913 211 151
914 212 146
915 205 149
916 197 152
917 214 151
918 213 145
919 213 149
920 203 150
921 204 158
922 207 155
923 202 142
924 213 153
925 203 146
926 211 154
927 207 148
928 214 152
929 197 156
930 205 157
931 199 149
932 201 152
933 210 152
934 210 142
935 202 151
936 210 152
937 199 142
938 208 148
939 208 155
940 153 148
941 149 150
942 145 142
943 154 146
944 148 144
945 142 145
946 147 156
947 156 142
948 152 154
949 153 151
950 142 144
951 148 144
952 144 154
953 150 146
954 146 155
955 144 158
956 148 149
957 150 146
958 144 143
959 144 146
960 158 142
961 153 156
962 151 148
963 152 148
964 153 156
965 145 146
966 79 102
967 67 90
968 65 87
969 73 84
970 69 97
971 74 102
972 82 98
973 78 100
974 73 93
975 81 99
976 67 90
977 75 98
978 70 103
979 70 98
980 64 86
981 80 84
982 80 85
983 74 99
984 82 92
985 82 94
986 78 85
987 65 98
988 69 92
989 66 92
990 69 99
991 68 90
992 71 98
993 72 97
994 78 99
995 64 90
996 65 149
997 79 156
998 79 144
999 68 145
1000 77 156
1001 79 142
1002 69 151
1003 71 146
1004 76 158
1005 70 154
1006 80 142
1007 70 155
1008 78 157
1009 69 158
1010 68 147
1011 71 154
1012 70 152
1013 67 142
1014 75 145
1015 75 154
1016 73 157
1017 77 151
1018 69 142
1019 79 158
1020 74 155
1021 81 144
1022 68 158
1023 77 157
1024 80 155
1025 69 142
1026 117 135
1027 110 138
1028 117 128
1029 113 130
1030 104 137
1031 112 122
1032 121 141
1033 121 129
1034 116 133
1035 110 130
1036 108 127
1037 121 135
1038 114 132
1039 111 122
1040 107 125
1041 107 131
1042 119 129
1043 117 130
1044 108 135
1045 120 130
1046 106 140
1047 120 124
1048 109 135
1049 104 123
1050 106 133
1051 109 127
1052 110 131
1053 111 134
1054 104 130
1055 121 123
1056 213 2
1057 197 11
1058 202 1
1059 213 8
1060 203 2
1061 202 1
1062 208 6
1063 201 7
1064 212 5
1065 199 2
1066 204 0
1067 198 6
1068 213 3
1069 201 1
1070 199 3
1071 210 1
1072 200 7
1073 204 4
1074 202 1
1075 198 3
1076 209 10
1077 202 9
1078 214 1
1079 208 10
1080 203 3
1081 210 0
1082 203 11
1083 203 4
1084 205 7
1085 188 36
1086 190 43
1087 188 36
1088 182 36
1089 182 30
1090 184 35
1091 192 29
1092 188 30
1093 179 43
1094 181 30
1095 187 41
1096 180 43
1097 181 35
1098 194 28
1099 191 42
1100 191 31
1101 190 27
1102 179 43
1103 193 27
1104 178 40
1105 182 30
1106 194 36
1107 185 42
1108 185 41
1109 182 34
1110 192 36
1111 183 40
1112 181 27
1113 187 36
1114 189 36
1115 8 163
1116 5 163
1117 6 164
1118 7 170
1119 1 170
1120 8 167
1121 9 176
1122 5 169
1123 7 173
1124 6 163
1125 0 172
1126 5 160
1127 11 167
1128 0 165
1129 4 165
1130 0 164
1131 11 159
1132 9 174
1133 7 165
1134 3 175
1135 4 162
1136 2 172
1137 7 163
1138 9 165
1139 4 165
1140 9 171
1141 3 162
1142 9 175
1143 9 173
1144 8 172
1145 127 125
1146 139 136
1147 140 125
1148 124 141
1149 127 133
1150 126 135
1151 130 133
1152 130 140
1153 125 123
1154 135 122
1155 139 130
1156 125 134
1157 133 131
1158 134 126
1159 136 133
1160 132 123
1161 139 137
1162 138 127
1163 136 129
1164 123 128
1165 122 139
1166 126 122
1167 122 131
1168 223 108
1169 223 106
1170 231 109
1171 218 114
1172 226 111
1173 220 109
1174 215 121
1175 230 105
1176 227 116
1177 220 106
1178 227 117
1179 217 116
1180 229 110
1181 226 121
1182 219 111
1183 229 119
1184 222 108
1185 220 111
1186 226 120
1187 215 107
1188 216 112
1189 228 107
1190 228 104
1191 225 117
1192 227 111
1193 227 120
1194 215 107
1195 230 121
1196 215 112
1197 227 114
1198 152 66
1199 148 67
1200 149 77
1201 151 72
1202 158 78
1203 148 69
1204 151 69
1205 145 70
1206 156 73
1207 150 71
1208 155 81
1209 146 74
1210 147 79
1211 150 71
1212 148 76
1213 155 75
1214 155 71
1215 156 83
1216 150 66
1217 158 65
1218 157 70
1219 143 74
1220 146 68
1221 144 79
1222 152 65
1223 156 65
1224 155 66
1225 146 81
1226 149 69
1227 146 76
1228 226 43
1229 224 40
1230 225 36
1231 231 30
1232 220 42
1233 220 36
1234 228 44
1235 217 30
1236 217 30
1237 224 41
1238 217 32
1239 224 39
1240 217 37
1241 215 38
1242 223 39
1243 218 29
1244 225 31
1245 224 29
1246 215 37
1247 220 38
1248 218 42
1249 217 37
1250 229 43
1251 220 33
1252 218 38
1253 222 37
1254 231 33
1255 221 44
1256 219 31
1257 222 27
1258 53 38
1259 59 42
1260 60 43
1261 56 35
1262 46 29
1263 52 43
1264 51 32
1265 57 34
1266 59 44
1267 49 31
1268 56 44
1269 58 28
1270 59 30
1271 58 31
1272 59 27
1273 58 33
1274 55 41
1275 47 40
1276 52 38
1277 50 34
1278 62 36
1279 54 40
1280 60 32
1281 57 28
1282 55 30
1283 48 42
1284 58 39
1285 63 30
1286 51 34
1287 45 30
1288 245 162
1289 246 159
1290 248 163
1291 236 174
1292 244 173
1293 240 167
1294 246 162
1295 236 162
1296 237 175
1297 247 164
1298 233 162
1299 245 167
1300 242 173
1301 244 162
1302 232 169
1303 246 169
1304 244 159
1305 236 171
1306 233 160
1307 248 168
1308 246 166
1309 241 173
1310 239 163
1311 247 168
1312 238 172
1313 244 159
1314 243 166
1315 233 172
1316 238 169
1317 234 168
1318 157 210
1319 143 206
1320 150 212
1321 143 207
1322 154 196
1323 144 213
1324 157 212
1325 152 212
1326 143 199
1327 153 211
1328 147 208
1329 158 206
1330 156 211
1331 142 209
1332 151 196
1333 150 205
1334 152 200
1335 157 196
1336 155 200
1337 146 196
1338 156 211
1339 145 208
1340 142 204
1341 146 207
1342 144 214
1343 150 211
1344 157 214
1345 157 210
1346 151 209
1347 148 204
1348 38 67
1349 41 69
1350 40 70
1351 36 75
1352 27 76
1353 35 81
1354 28 77
1355 36 80
1356 32 64
1357 29 71
1358 38 79
1359 35 64
1360 44 78
1361 41 70
1362 35 76
1363 37 78
1364 27 78
1365 40 79
1366 42 82
1367 34 79
1368 37 76
1369 44 75
1370 31 69
1371 42 81
1372 38 64
1373 29 78
1374 30 74
1375 31 68
1376 36 78
1377 38 80
1378 43 120
1379 29 112
1380 33 121
1381 30 111
1382 28 104
1383 33 107
1384 41 118
1385 30 114
1386 28 109
1387 29 105
1388 38 111
1389 43 120
1390 37 114
1391 28 112
1392 29 118
1393 40 116
1394 29 111
1395 35 114
1396 29 117
1397 32 107
1398 29 111
1399 31 119
1400 33 119
1401 42 109
1402 44 113
1403 34 112
1404 43 120
1405 35 104
1406 35 119
1407 27 108
1408 9 124
1409 9 127
1410 4 138
1411 3 136
1412 3 122
1413 4 132
1414 2 137
1415 9 133
1416 11 139
1417 3 130
1418 1 141
1419 9 124
1420 7 135
1421 2 128
1422 7 135
1423 8 130
1424 0 124
1425 7 134
1426 4 134
1427 6 137
1428 0 126
1429 1 130
1430 6 134
1431 7 136
1432 5 134
1433 5 125
1434 11 137
1435 7 140
1436 7 139
1437 84 10
1438 91 5
1439 101 9
1440 96 5
1441 91 5
1442 92 7
1443 86 3
1444 92 6
1445 102 10
1446 97 4
1447 103 3
1448 103 2
1449 100 1
1450 92 11
1451 92 10
1452 93 10
1453 86 10
1454 90 8
1455 86 10
1456 88 1
1457 97 10
1458 88 7
1459 97 5
1460 89 7
1461 91 9
1462 88 4
1463 92 0
1464 86 1
1465 16 210
1466 26 212
1467 22 206
1468 25 204
1469 14 202
1470 12 199
1471 14 209
1472 23 210
1473 18 211
1474 23 209
1475 15 212
1476 24 197
1477 16 201
1478 24 199
1479 19 209
1480 21 213
1481 26 196
1482 23 196
1483 15 206
1484 15 213
1485 24 213
1486 19 211
1487 17 199
1488 25 206
1489 12 200
1490 22 203
1491 21 196
1492 17 196
1493 16 196
1494 24 210
1495 69 176
1496 64 163
1497 78 168
1498 82 163
1499 77 175
1500 82 159
1501 79 162
1502 69 172
1503 74 163
1504 78 175
1505 82 176
1506 79 161
1507 69 162
1508 66 164
1509 82 175
1510 82 174
1511 71 171
1512 65 172
1513 68 168
1514 76 159
1515 72 165
1516 77 170
1517 64 170
1518 79 160
1519 66 173
1520 73 165
1521 75 162
1522 81 172
1523 71 176
1524 72 175
1525 202 96
1526 201 99
1527 201 96
1528 204 84
1529 212 91
1530 203 102
1531 201 84
1532 207 96
1533 198 91
1534 206 94
1535 204 94
1536 196 84
1537 214 88
1538 211 100
1539 200 89
1540 200 100
1541 205 97
1542 199 91
1543 196 95
1544 198 94
1545 196 93
1546 211 89
1547 200 93
1548 204 96
1549 205 92
1550 207 100
1551 205 103
1552 200 98
1553 204 98
1554 205 99
1555 105 86
1556 116 88
1557 105 96
1558 109 94
1559 106 92
1560 121 97
1561 121 101
1562 108 97
1563 114 88
1564 116 90
1565 113 87
1566 121 93
1567 105 101
1568 109 95
1569 107 97
1570 114 94
1571 119 89
1572 117 96
1573 105 90
1574 120 95
1575 117 96
1576 110 90
1577 107 88
1578 113 99
1579 112 97
1580 113 103
1581 107 95
1582 104 87
1583 105 99
1584 114 94
1585 61 229
1586 52 230
1587 61 230
1588 46 231
1589 59 226
1590 55 226
1591 48 229
1592 47 229
1593 54 231
1594 56 223
1595 52 220
1596 50 225
1597 47 227
1598 58 230
1599 46 230
1600 56 231
1601 45 228
1602 56 217
1603 61 222
1604 46 227
1605 52 223
1606 59 222
1607 51 224
1608 46 227
1609 46 219
1610 53 220
1611 50 227
1612 61 222
1613 45 227
1614 48 229
1615 209 95
1616 201 96
1617 208 89
1618 206 97
1619 211 102
1620 199 88
1621 210 103
1622 205 100
1623 202 85
1624 211 95
1625 208 101
1626 201 94
1627 207 93
1628 214 93
1629 201 96
1630 206 93
1631 201 87
1632 211 102
1633 205 87
1634 199 98
1635 205 98
1636 200 92
1637 210 91
1638 205 100
1639 209 97
1640 203 103
1641 212 85
1642 210 99
1643 198 86
1644 201 100
1645 228 154
1646 224 156
1647 216 155
1648 225 142
1649 220 153
1650 231 157
1651 222 155
1652 229 152
1653 229 146
1654 221 156
1655 226 158
1656 223 144
1657 224 152
1658 224 149
1659 217 146
1660 222 147
1661 218 149
1662 223 156
1663 223 154
1664 215 143
1665 228 149
1666 226 149
1667 225 150
1668 223 148
1669 221 148
1670 218 158
1671 224 145
1672 221 151
1673 224 142
1674 224 155
1675 34 157
1676 29 155
1677 30 143
1678 37 147
1679 34 158
1680 31 148
1681 28 157
1682 27 142
1683 31 143
1684 30 154
1685 37 147
1686 43 151
1687 29 156
1688 32 142
1689 41 145
1690 34 149
1691 40 149
1692 32 147
1693 39 157
1694 29 150
1695 33 147
1696 33 147
1697 36 155
1698 41 151
1699 43 158
1700 40 155
1701 32 151
1702 42 151
1703 30 151
1704 44 156
1705 170 105
1706 173 114
1707 161 117
1708 169 121
1709 170 115
1710 162 107
1711 164 114
1712 163 120
1713 173 120
1714 161 113
1715 168 120
1716 172 106
1717 164 106
1718 160 118
1719 170 112
1720 168 111
1721 163 106
1722 164 117
1723 176 106
1724 168 120
1725 171 105
1726 171 120
1727 163 109
1728 165 105
1729 159 119
1730 160 121
1731 173 120
1732 169 104
1733 164 120
1734 164 115
1735 84 206
1736 102 204
1737 89 211
1738 102 197
1739 101 211
1740 84 208
1741 88 211
1742 86 200
1743 91 214
1744 88 199
1745 95 206
1746 96 212
1747 100 201
1748 98 201
1749 84 207
1750 84 211
1751 86 214
1752 84 199
1753 103 210
1754 87 211
1755 99 200
1756 88 212
1757 84 203
1758 102 197
1759 102 214
1760 85 198
1761 92 197
1762 94 201
1763 99 200
1764 86 213
1765 126 56
1766 133 62
1767 123 59
1768 122 48
1769 124 46
1770 139 45
1771 141 57
1772 134 57
1773 128 47
1774 123 48
1775 132 47
1776 141 56
1777 122 53
1778 125 50
1779 138 59
1780 134 58
1781 135 48
1782 128 61
1783 128 61
1784 131 55
1785 130 59
1786 128 59
1787 138 61
1788 122 46
1789 133 52
1790 129 61
1791 129 62
1792 132 46
1793 126 48
1794 122 50
1795 153 189
1796 157 182
1797 142 179
1798 151 190
1799 144 178
1800 148 188
1801 151 179
1802 143 194
1803 157 185
1804 157 182
1805 152 193
1806 150 189
1807 156 195
1808 154 183
1809 150 178
1810 145 185
1811 147 178
1812 154 183
1813 142 185
1814 152 193
1815 148 191
1816 156 191
1817 145 192
1818 157 195
1819 158 189
1820 154 182
1821 155 191
1822 153 193
1823 155 179
1824 142 182
1825 11 191
1826 2 181
1827 0 194
1828 2 192
1829 6 190
1830 4 190
1831 6 183
1832 11 192
1833 4 189
1834 10 179
1835 10 182
1836 1 183
1837 6 177
1838 4 178
1839 10 190
1840 4 193
1841 3 194
1842 11 194
1843 7 187
1844 4 184
1845 10 192
1846 2 195
1847 11 187
1848 10 184
1849 3 184
1850 7 181
1851 11 183
1852 4 178
1853 10 195
1854 174 239
1855 159 232
1856 160 244
1857 163 237
1858 174 232
1859 164 247
1860 176 242
1861 160 232
1862 167 247
1863 173 240
1864 169 237
1865 166 236
1866 172 241
1867 167 237
1868 164 239
1869 163 247
1870 165 238
1871 176 237
1872 167 241
1873 167 243
1874 176 236
1875 159 234
1876 163 244
1877 176 248
1878 159 238
1879 172 240
1880 162 241
1881 166 236
1882 175 237
1883 174 242
1884 40 70
1885 44 73
1886 30 75
1887 40 68
1888 39 64
1889 39 72
1890 27 65
1891 44 73
1892 30 70
1893 38 67
1894 40 67
1895 36 78
1896 33 79
1897 43 79
1898 39 67
1899 42 80
1900 41 83
1901 27 66
1902 39 83
1903 39 65
1904 34 77
1905 27 76
1906 40 72
1907 32 68
1908 36 83
1909 35 73
1910 39 66
1911 32 72
1912 44 80
1913 39 74
1914 60 23
1915 61 14
1916 53 19
1917 60 19
1918 45 19
1919 52 21
1920 51 26
1921 60 17
1922 58 17
1923 50 14
1924 55 26
1925 47 17
1926 48 16
1927 47 23
1928 56 25
1929 58 20
1930 53 22
1931 53 23
1932 59 14
1933 53 15
1934 55 25
1935 47 18
1936 61 18
1937 59 21
1938 58 24
1939 53 24
1940 49 16
1941 55 23
1942 62 17
1943 56 24
1944 234 229
1945 238 222
1946 248 220
1947 247 219
1948 248 228
1949 237 218
1950 248 226
1951 240 226
1952 233 218
1953 240 220
1954 233 227
1955 232 224
1956 237 215
1957 240 231
1958 242 230
1959 234 227
1960 245 217
1961 236 230
1962 240 222
1963 233 226
1964 236 218
1965 247 224
1966 235 228
1967 246 221
1968 238 217
1969 239 219
1970 242 216
1971 239 222
1972 248 216
1973 237 219
1974 103 53
1975 91 58
1976 101 49
1977 89 49
1978 103 61
1979 86 55
1980 89 52
1981 91 52
1982 90 48
1983 89 57
1984 97 51
1985 103 45
1986 94 49
1987 94 55
1988 99 48
1989 85 56
1990 90 62
1991 89 46
1992 86 45
1993 90 59
1994 100 55
1995 89 59
1996 90 56
1997 101 54
1998 96 56
1999 93 45
2000 97 61
2001 97 58
2002 101 61
2003 91 60
2004 171 24
2005 166 15
2006 173 15
2007 159 14
2008 162 21
2009 162 20
2010 174 15
2011 169 13
2012 159 20
2013 166 23
2014 162 25
2015 159 17
2016 161 21
2017 163 23
2018 163 25
2019 169 23
2020 167 21
2021 172 14
2022 165 14
2023 174 12
2024 163 13
2025 161 25
2026 163 21
2027 170 12
2028 167 19
2029 174 17
2030 162 14
2031 168 25
2032 174 24
2033 175 14
2034 228 14
2035 223 12
2036 228 16
2037 230 15
2038 219 23
2039 223 17
2040 218 13
2041 217 12
2042 217 20
2043 226 24
2044 217 22
2045 224 19
2046 230 23
2047 223 20
2048 215 22
2049 216 20
2050 231 18
2051 223 14
2052 217 19
2053 229 13
2054 216 20
2055 221 20
2056 229 24
2057 227 17
2058 220 18
2059 226 12
2060 219 16
2061 220 21
2062 218 24
2063 215 25
2064 165 9
2065 170 2
2066 163 3
2067 167 0
2068 167 6
2069 161 2
2070 173 1
2071 173 5
2072 166 8
2073 166 5
2074 171 8
2075 168 6
2076 176 4
2077 173 3
2078 159 9
2079 169 11
2080 165 8
2081 165 1
2082 171 2
2083 168 6
2084 162 8
2085 174 8
2086 171 0
2087 161 11
2088 168 9
2089 171 0
2090 171 9
2091 164 2
2092 162 7
2093 212 124
2094 202 141
2095 197 134
2096 203 140
2097 208 141
2098 198 136
2099 200 137
2100 208 132
2101 205 134
2102 213 134
2103 214 140
2104 213 132
2105 203 124
2106 203 132
2107 205 139
2108 196 135
2109 196 124
2110 209 127
2111 203 133
2112 211 122
2113 198 127
2114 207 131
2115 196 128
2116 198 130
2117 198 126
2118 214 135
2119 206 140
2120 196 129
2121 199 139
2122 206 130
2123 212 79
2124 206 78
2125 196 78
2126 198 67
2127 212 65
2128 214 74
2129 210 65
2130 203 79
2131 209 65
2132 202 75
2133 214 68
2134 210 67
2135 206 70
2136 214 74
2137 209 64
2138 211 76
2139 213 76
2140 209 65
2141 209 68
2142 202 74
2143 200 77
2144 199 74
2145 203 73
2146 205 66
2147 214 71
2148 200 78
2149 201 75
2150 212 75
2151 202 68
2152 211 82
2153 42 90
2154 33 100
2155 41 93
2156 42 92
2157 29 87
2158 29 94
2159 39 94
2160 39 88
2161 34 96
2162 44 98
2163 32 88
2164 30 99
2165 34 102
2166 43 85
2167 30 88
2168 35 100
2169 31 101
2170 43 88
2171 33 95
2172 42 92
2173 29 90
2174 41 98
2175 35 85
2176 38 93
2177 33 97
2178 35 87
2179 42 100
2180 32 91
2181 33 88
2182 32 102
2183 60 225
2184 51 224
2185 60 230
2186 57 225
2187 62 229
2188 63 221
2189 59 229
2190 47 218
2191 52 221
2192 63 228
2193 56 227
2194 54 229
2195 57 231
2196 61 223
2197 55 226
2198 56 218
2199 62 222
2200 60 223
2201 49 218
2202 53 226
2203 47 227
2204 47 220
2205 59 221
2206 56 216
2207 54 219
2208 59 220
2209 48 216
2210 54 215
2211 58 218
2212 59 230
2213 68 27
2214 80 37
2215 80 43
2216 83 32
2217 72 34
2218 76 32
2219 70 33
2220 74 41
2221 81 35
2222 71 40
2223 67 27
2224 80 42
2225 82 43
2226 79 39
2227 77 37
2228 69 31
2229 66 41
2230 65 30
2231 76 35
2232 77 32
2233 67 37
2234 72 42
2235 74 31
2236 80 44
2237 80 27
2238 64 39
2239 83 32
2240 81 30
2241 65 40
2242 74 28
2243 0 48
2244 8 52
2245 8 62
2246 11 56
2247 10 48
2248 6 47
2249 1 57
2250 2 50
2251 10 51
2252 11 47
2253 10 46
2254 0 59
2255 1 55
2256 8 57
2257 8 63
2258 10 54
2259 2 58
2260 2 54
2261 9 58
2262 7 55
2263 10 59
2264 1 55
2265 7 53
2266 5 55
2267 5 62
2268 8 47
2269 5 50
2270 69 143
2271 72 148
2272 65 150
2273 64 150
2274 68 143
2275 77 153
2276 80 148
2277 65 154
2278 68 149
2279 68 155
2280 83 156
2281 72 152
2282 68 145
2283 71 158
2284 67 142
2285 75 156
2286 70 143
2287 70 152
2288 69 157
2289 71 157
2290 73 150
2291 80 157
2292 78 147
2293 80 152
2294 74 155
2295 78 143
2296 78 148
2297 69 150
2298 72 155
2299 64 155
2300 177 78
2301 178 67
2302 191 69
2303 191 72
2304 186 77
2305 180 81
2306 186 68
2307 182 74
2308 180 68
2309 189 79
2310 179 68
2311 190 66
2312 190 78
2313 180 80
2314 185 79
2315 188 68
2316 187 66
2317 182 78
2318 191 76
2319 184 81
2320 189 70
2321 177 81
2322 179 69
2323 186 79
2324 194 66
2325 179 79
2326 186 80
2327 194 64
2328 182 72
2329 182 75
2330 122 203
2331 139 206
2332 124 211
2333 127 197
2334 129 199
2335 132 208
2336 124 197
2337 136 202
2338 125 211
2339 132 206
2340 141 201
2341 125 211
2342 136 198
2343 125 207
2344 138 200
2345 122 211
2346 125 204
2347 136 201
2348 134 198
2349 124 212
2350 141 203
2351 123 198
2352 127 212
2353 139 201
2354 133 199
2355 124 198
2356 141 205
2357 135 214
2358 124 198
2359 125 213
2360 168 18
2361 164 20
2362 176 19
2363 172 25
2364 170 12
2365 161 17
2366 170 23
2367 165 14
2368 169 24
2369 161 17
2370 169 22
2371 164 23
2372 164 12
2373 169 22
2374 167 26
2375 161 13
2376 173 18
2377 171 19
2378 159 21
2379 171 20
2380 176 20
2381 159 24
2382 163 26
2383 159 14
2384 166 15
2385 164 15
2386 176 18
2387 173 23
2388 163 13
2389 159 17
2390 116 60
2391 117 62
2392 116 54
2393 117 51
2394 115 52
2395 116 61
2396 110 62
2397 108 48
2398 110 52
2399 110 46
2400 112 53
2401 113 63
2402 110 50
2403 106 46
2404 121 47
2405 107 51
2406 117 46
2407 113 55
2408 111 52
2409 110 55
2410 116 56
2411 110 61
2412 121 49
2413 110 56
2414 105 52
2415 115 59
2416 110 48
2417 121 46
2418 109 62
2419 105 47
2420 174 86
2421 167 103
2422 160 95
2423 170 93
2424 171 88
2425 160 100
2426 175 92
2427 161 98
2428 173 98
2429 159 85
2430 169 93
2431 166 90
2432 159 93
2433 163 96
2434 175 88
2435 168 93
2436 168 96
2437 172 94
2438 166 92
2439 162 88
2440 169 92
2441 159 99
2442 173 91
2443 165 102
2444 164 88
2445 164 87
2446 163 98
2447 171 95
2448 162 99
2449 176 90
2450 170 212
2451 176 213
2452 159 212
2453 166 206
2454 168 207
2455 166 199
2456 164 210
2457 164 207
2458 172 201
2459 166 201
2460 169 206
2461 166 200
2462 165 198
2463 171 202
2464 167 200
2465 171 211
2466 160 205
2467 172 201
2468 163 200
2469 170 200
2470 171 211
2471 160 200
2472 169 197
2473 164 196
2474 164 201
2475 168 204
2476 164 196
2477 163 202
2478 171 207
2479 173 201
2480 23 198
2481 22 211
2482 17 211
2483 17 206
2484 14 202
2485 17 211
2486 18 199
2487 14 205
2488 15 208
2489 20 202
2490 16 198
2491 22 203
2492 24 196
2493 18 200
2494 25 198
2495 19 201
2496 19 198
2497 19 207
2498 21 206
2499 20 202
2500 16 206
2501 15 199
2502 24 206
2503 25 196
2504 24 201
2505 16 211
2506 23 210
2507 25 198
2508 22 205
2509 18 199
2510 2 110
2511 7 109
2512 6 120
2513 9 104
2514 7 116
2515 1 118
2516 0 109
2517 5 117
2518 11 105
2519 5 109
2520 0 117
2521 11 117
2522 3 114
2523 2 105
2524 4 116
2525 1 113
2526 3 110
2527 11 111
2528 3 121
2529 3 109
2530 9 114
2531 2 113
2532 3 108
2533 11 108
2534 1 112
2535 1 119
2536 9 109
2537 2 120
2538 2 113
2539 11 121
2540 162 143
2541 171 145
2542 166 143
2543 174 145
2544 164 145
2545 168 147
2546 171 149
2547 170 158
2548 169 155
2549 161 147
2550 161 154
2551 164 142
2552 173 148
2553 159 144
2554 171 148
2555 163 155
2556 169 156
2557 162 150
2558 174 156
2559 174 157
2560 176 147
2561 162 155
2562 160 142
2563 164 155
2564 163 158
2565 170 152
2566 164 147
2567 172 153
2568 164 142
2569 163 143
2570 32 233
2571 35 247
2572 38 245
2573 39 247
2574 37 241
2575 28 247
2576 42 238
2577 35 237
2578 31 236
2579 41 235
2580 40 239
2581 37 242
2582 40 244
2583 30 236
2584 43 245
2585 34 232
2586 27 246
2587 40 238
2588 42 240
2589 42 239
2590 39 246
2591 29 235
2592 27 238
2593 30 241
2594 27 238
2595 30 243
2596 34 244
2597 35 238
2598 28 238
2599 27 239
2600 72 114
2601 69 107
2602 69 114
2603 80 108
2604 66 118
2605 76 115
2606 70 121
2607 81 117
2608 70 104
2609 82 106
2610 76 121
2611 74 114
2612 75 116
2613 82 106
2614 82 118
2615 78 120
2616 74 107
2617 76 114
2618 66 105
2619 69 114
2620 69 121
2621 75 120
2622 82 107
2623 74 120
2624 75 112
2625 75 110
2626 80 106
2627 78 117
2628 77 104
2629 71 120
2630 177 140
2631 188 122
2632 189 131
2633 177 139
2634 181 137
2635 185 129
2636 182 139
2637 180 124
2638 185 133
2639 181 141
2640 190 125
2641 189 137
2642 185 141
2643 183 139
2644 180 133
2645 191 140
2646 191 139
2647 181 129
2648 184 134
2649 183 133
2650 182 127
2651 177 137
2652 191 132
2653 188 134
2654 191 138
2655 193 122
2656 177 136
2657 183 129
2658 188 125
2659 185 122
2660 140 84
2661 139 94
2662 126 89
2663 137 96
2664 128 91
2665 138 102
2666 129 100
2667 127 103
2668 134 93
2669 134 96
2670 128 95
2671 126 102
2672 124 103
2673 132 100
2674 133 102
2675 124 89
2676 134 93
2677 137 95
2678 122 87
2679 140 92
2680 125 86
2681 126 89
2682 131 98
2683 129 100
2684 138 102
2685 141 103
2686 139 89
2687 135 101
2688 125 93
2689 139 94
2690 26 237
2691 14 238
2692 13 238
2693 13 234
2694 12 236
2695 14 248
2696 25 235
2697 12 241
2698 15 242
2699 14 248
2700 25 239
2701 12 233
2702 26 232
2703 16 245
2704 19 240
2705 12 245
2706 26 239
2707 15 237
2708 16 246
2709 22 242
2710 17 238
2711 22 244
2712 24 247
2713 13 245
2714 23 237
2715 20 234
2716 23 234
2717 21 248
2718 18 239
2719 12 246
2720 143 166
2721 142 163
2722 151 161
2723 146 170
2724 157 169
2725 143 170
2726 148 174
2727 143 169
2728 150 174
2729 147 164
2730 148 169
2731 154 176
2732 152 175
2733 144 166
2734 151 175
2735 154 168
2736 142 165
2737 142 174
2738 148 167
2739 147 159
2740 149 160
2741 158 171
2742 150 161
2743 154 163
2744 154 176
2745 157 162
2746 143 167
2747 148 162
2748 153 164
2749 158 160
2750 148 83
2751 151 70
2752 148 76
2753 148 75
2754 142 77
2755 153 83
2756 155 68
2757 158 80
2758 142 66
2759 142 68
2760 152 79
2761 147 80
2762 150 67
2763 144 83
2764 150 70
2765 150 67
2766 142 65
2767 154 69
2768 147 68
2769 144 75
2770 150 77
2771 156 69
2772 155 79
2773 148 77
2774 147 76
2775 156 77
2776 156 70
2777 147 76
2778 144 77
2779 142 69
2780 215 119
2781 228 115
2782 226 110
2783 224 106
2784 228 119
2785 218 117
2786 229 112
2787 229 119
2788 227 115
2789 229 115
2790 226 113
2791 218 107
2792 218 113
2793 226 116
2794 228 116
2795 216 108
2796 225 107
2797 226 106
2798 224 107
2799 228 119
2800 224 120
2801 218 115
2802 217 114
2803 231 107
2804 218 119
2805 227 107
2806 216 119
2807 226 104
2808 217 118
2809 218 115
2810 52 26
2811 53 17
2812 51 17
2813 61 16
2814 58 22
2815 53 25
2816 53 21
2817 55 18
2818 50 15
2819 51 18
2820 54 13
2821 50 14
2822 53 25
2823 63 16
2824 56 26
2825 53 14
2826 53 22
2827 49 20
2828 51 12
2829 45 22
2830 59 15
2831 54 21
2832 54 16
2833 62 26
2834 60 23
2835 49 23
2836 63 21
2837 54 23
2838 56 21
2839 59 26
2840 174 37
2841 161 32
2842 161 39
2843 175 33
2844 170 28
2845 163 27
2846 162 34
2847 167 29
2848 173 34
2849 175 44
2850 163 43
2851 172 40
2852 175 38
2853 174 35
2854 170 41
2855 165 30
2856 175 30
2857 174 30
2858 171 36
2859 167 40
2860 167 40
2861 167 44
2862 173 28
2863 161 44
2864 163 28
2865 169 36
2866 171 29
2867 165 36
2868 173 31
2869 165 27
2870 203 142
2871 197 149
2872 209 151
2873 204 158
2874 210 148
2875 196 158
2876 197 144
2877 204 157
2878 207 157
2879 209 144
2880 196 158
2881 207 158
2882 209 145
2883 209 153
2884 208 153
2885 198 154
2886 213 157
2887 212 147
2888 212 146
2889 209 147
2890 212 151
2891 197 157
2892 211 154
2893 202 154
2894 203 143
2895 200 158
2896 209 152
2897 196 152
2898 210 157
2899 198 144
2900 208 2
2901 213 2
2902 212 7
2903 214 11
2904 201 0
2905 196 8
2906 212 2
2907 202 8
2908 202 1
2909 212 0
2910 207 1
2911 200 4
2912 201 3
2913 204 6
2914 200 0
2915 214 8
2916 198 9
2917 198 6
2918 210 8
2919 205 3
2920 209 11
2921 202 6
2922 201 6
2923 206 6
2924 201 8
2925 212 0
2926 200 2
2927 204 10
2928 200 11
