275 291 10 2954
0 6
1 8
2 7
3 5
4 8
5 8
6 6
7 11
8 6
9 5
10 8
11 10
12 4
13 3
14 5
15 5
16 3
17 3
18 6
19 3
20 3
21 3
22 3
23 3
24 3
25 3
26 3
27 3
28 3
29 4
30 4
31 3
32 3
33 3
34 3
35 3
36 4
37 3
38 4
39 3
40 3
41 3
42 4
43 3
44 3
45 3
46 4
47 4
48 4
49 6
50 5
51 3
52 3
53 3
54 3
55 3
56 4
57 4
58 3
59 4
60 3
61 3
62 4
63 3
64 3
65 3
66 5
67 3
68 3
69 5
70 5
71 3
72 3
73 3
74 4
75 3
76 3
77 3
78 3
79 3
80 3
81 6
82 3
83 4
84 4
85 3
86 3
87 3
88 4
89 3
90 3
91 3
92 3
93 5
94 4
95 3
96 3
97 3
98 5
99 3
100 3
101 3
102 6
103 3
104 3
105 3
106 3
107 3
108 4
109 3
110 5
111 3
112 3
113 6
114 3
115 3
116 3
117 3
118 7
119 3
120 3
121 3
122 3
123 3
124 5
125 5
126 3
127 4
128 3
129 3
130 3
131 3
132 3
133 4
134 6
135 3
136 4
137 3
138 4
139 4
140 3
141 3
142 3
143 3
144 3
145 3
146 5
147 3
148 3
149 3
150 4
151 5
152 3
153 4
154 3
155 3
156 3
157 3
158 3
159 4
160 3
161 4
162 3
163 3
164 3
165 3
166 3
167 3
168 3
169 3
170 3
171 5
172 4
173 4
174 4
175 3
176 3
177 4
178 3
179 4
180 3
181 4
182 3
183 3
184 3
185 3
186 4
187 3
188 4
189 3
190 3
191 3
192 3
193 5
194 3
195 3
196 3
197 4
198 3
199 4
200 4
201 3
202 3
203 5
204 3
205 3
206 6
207 3
208 3
209 3
210 3
211 3
212 3
213 3
214 3
215 5
216 3
217 3
218 4
219 3
220 4
221 3
222 3
223 5
224 4
225 3
226 3
227 5
228 4
229 4
230 3
231 3
232 3
233 3
234 4
235 3
236 3
237 3
238 4
239 3
240 4
241 3
242 3
243 3
244 4
245 3
246 3
247 3
248 3
249 4
250 3
251 4
252 3
253 3
254 3
255 5
256 3
257 3
258 4
259 3
260 4
261 4
262 4
263 3
264 4
265 4
266 3
267 3
268 3
269 3
270 3
271 3
272 6
273 3
274 5
0 0 1
1 0 2
2 0 3
3 0 7
4 0 10
5 0 11
6 1 2
7 1 5
8 1 6
9 1 7
10 1 9
11 1 104
12 1 224
13 2 4
14 2 7
15 2 8
16 2 10
17 3 5
18 3 6
19 3 120
20 4 7
21 4 8
22 4 11
23 4 70
24 4 88
25 5 8
26 5 10
27 5 31
28 5 206
29 6 7
30 6 11
31 7 11
32 7 12
33 7 50
34 7 136
35 8 10
36 9 11
37 9 173
38 9 240
39 10 11
40 10 190
41 11 156
42 11 255
43 12 18
44 13 18
45 14 22
46 14 26
47 14 20
48 15 23
49 15 25
50 15 27
51 15 16
52 16 29
53 17 21
54 18 19
55 18 28
56 18 30
57 19 20
58 20 24
59 21 29
60 29 30
61 31 35
62 32 41
63 33 49
64 34 49
65 35 47
66 35 48
67 36 43
68 36 46
69 37 48
70 38 42
71 38 49
72 39 47
73 40 48
74 40 42
75 41 47
76 42 44
77 45 49
78 46 47
79 50 68
80 50 59
81 51 58
82 51 52
83 52 69
84 53 66
85 53 69
86 54 67
87 54 68
88 55 66
89 56 61
90 56 57
91 57 69
92 59 60
93 59 63
94 59 66
95 62 65
96 62 63
97 64 66
98 70 76
99 70 86
100 71 83
101 72 83
102 73 74
103 73 81
104 74 86
105 75 87
106 76 77
107 78 79
108 79 82
109 79 81
110 80 86
111 81 83
112 81 84
113 84 85
114 85 87
115 88 89
116 89 94
117 90 98
118 91 97
119 91 103
120 92 101
121 92 102
122 93 96
123 93 98
124 93 102
125 93 95
126 94 102
127 95 103
128 98 99
129 100 102
130 104 112
131 105 108
132 106 109
133 107 118
134 108 110
135 109 118
136 110 118
137 110 117
138 111 118
139 112 113
140 113 116
141 113 115
142 113 119
143 114 118
144 115 117
145 120 131
146 121 125
147 122 135
148 123 134
149 124 126
150 124 132
151 124 133
152 124 127
153 125 127
154 125 134
155 127 128
156 127 129
157 130 134
158 131 133
159 134 135
160 136 147
161 136 138
162 137 151
163 137 150
164 138 144
165 138 153
166 139 140
167 139 152
168 139 151
169 141 150
170 141 148
171 142 143
172 142 149
173 145 146
174 146 154
175 146 150
176 148 155
177 149 152
178 151 153
179 156 161
180 157 167
181 157 168
182 158 165
183 158 170
184 159 170
185 159 171
186 160 164
187 160 162
188 161 172
189 162 168
190 162 172
191 163 166
192 165 166
193 167 171
194 169 171
195 173 185
196 174 176
197 174 183
198 175 177
199 176 180
200 177 187
201 177 188
202 178 182
203 179 184
204 179 180
205 181 183
206 181 189
207 182 188
208 185 187
209 186 188
210 186 189
211 190 192
212 190 203
213 191 199
214 192 196
215 193 203
216 193 202
217 193 195
218 194 196
219 195 205
220 197 199
221 197 201
222 197 200
223 198 203
224 200 204
225 202 204
226 206 213
227 206 210
228 206 218
229 207 215
230 207 212
231 208 223
232 209 223
233 210 211
234 210 216
235 211 214
236 212 218
237 212 223
238 215 221
239 215 222
240 216 219
241 217 220
242 219 220
243 224 236
244 224 230
245 225 237
246 226 238
247 227 233
248 227 234
249 227 230
250 227 235
251 227 239
252 228 229
253 228 237
254 229 238
255 231 235
256 232 234
257 235 237
258 240 253
259 240 247
260 241 249
261 242 246
262 243 248
263 243 249
264 243 251
265 244 245
266 244 250
267 244 254
268 246 252
269 246 254
270 247 251
271 251 252
272 255 267
273 255 265
274 256 273
275 257 272
276 258 273
277 258 272
278 259 264
279 260 263
280 260 269
281 260 272
282 261 266
283 261 265
284 261 274
285 262 271
286 262 274
287 264 272
288 265 268
289 270 274
290 271 272
0 266 13
1 265 19
2 256 19
3 256 28
4 256 30
5 270 13
6 257 16
7 260 12
8 256 15
9 272 24
10 263 25
11 255 15
12 273 27
13 271 12
14 272 23
15 259 20
16 265 12
17 273 30
18 266 30
19 255 18
20 256 27
21 272 16
22 261 15
23 272 24
24 272 22
25 264 23
26 268 13
27 271 16
28 264 12
29 258 28
30 176 227
31 188 225
32 179 231
33 177 227
34 178 239
35 189 231
36 176 236
37 188 229
38 176 228
39 188 239
40 185 234
41 187 235
42 174 229
43 181 233
44 173 232
45 187 232
46 181 228
47 175 224
48 183 229
49 188 232
50 173 234
51 180 235
52 187 224
53 173 238
54 189 230
55 174 239
56 186 238
57 187 239
58 187 230
59 176 228
60 96 175
61 88 185
62 88 182
63 97 180
64 97 187
65 89 174
66 88 175
67 103 176
68 93 189
69 92 189
70 89 185
71 99 182
72 96 174
73 93 188
74 98 180
75 93 186
76 92 189
77 102 176
78 94 175
79 97 183
80 99 183
81 93 178
82 101 173
83 94 189
84 103 182
85 100 181
86 99 174
87 88 186
88 98 178
89 90 177
90 28 235
91 21 238
92 27 238
93 20 232
94 27 233
95 29 238
96 13 237
97 30 229
98 18 230
99 26 226
100 24 226
101 16 233
102 22 225
103 19 227
104 12 230
105 16 233
106 17 235
107 15 235
108 13 235
109 15 232
110 20 237
111 15 232
112 12 230
113 29 225
114 25 229
115 12 224
116 15 234
117 23 224
118 26 231
119 20 237
120 210 30
121 215 12
122 222 17
123 207 14
124 214 17
125 213 24
126 216 21
127 219 16
128 216 22
129 221 21
130 210 21
131 218 25
132 211 26
133 221 13
134 215 30
135 215 28
136 216 13
137 206 28
138 218 14
139 206 30
140 223 17
141 217 16
142 210 22
143 209 26
144 220 23
145 211 12
146 222 30
147 211 28
148 219 23
149 212 25
150 40 66
151 32 54
152 44 64
153 33 58
154 48 54
155 42 66
156 41 68
157 48 51
158 44 50
159 37 54
160 32 67
161 32 63
162 48 66
163 40 63
164 39 64
165 34 69
166 47 67
167 44 51
168 47 66
169 44 66
170 39 62
171 48 59
172 33 58
173 47 58
174 44 55
175 33 52
176 31 54
177 45 69
178 44 69
179 47 63
180 74 225
181 73 229
182 85 227
183 87 237
184 77 238
185 73 236
186 80 228
187 78 235
188 83 227
189 80 226
190 78 238
191 86 236
192 80 231
193 84 238
194 71 227
195 81 225
196 87 232
197 87 236
198 87 235
199 71 226
200 78 232
201 83 236
202 84 235
203 75 239
204 81 234
205 75 233
206 71 236
207 74 224
208 70 228
209 70 228
210 129 28
211 132 26
212 126 29
213 127 15
214 127 23
215 134 14
216 128 22
217 128 24
218 128 16
219 123 29
220 135 28
221 131 16
222 135 16
223 125 30
224 122 23
225 135 28
226 134 12
227 135 29
228 123 17
229 134 23
230 132 29
231 131 21
232 134 14
233 121 26
234 130 28
235 126 27
236 135 30
237 121 12
238 122 25
239 135 27
240 84 242
241 78 251
242 73 248
243 84 245
244 80 254
245 74 247
246 72 246
247 74 250
248 71 254
249 77 242
250 80 245
251 74 249
252 78 253
253 81 251
254 70 240
255 84 240
256 86 253
257 86 248
258 82 252
259 72 248
260 73 254
261 75 250
262 74 250
263 81 248
264 74 254
265 71 241
266 84 248
267 87 242
268 86 251
269 81 243
270 171 74
271 166 77
272 156 77
273 156 72
274 171 87
275 167 74
276 160 76
277 169 70
278 163 74
279 156 81
280 167 79
281 168 79
282 172 72
283 171 78
284 171 79
285 157 83
286 167 84
287 164 74
288 158 87
289 161 74
290 172 77
291 156 76
292 156 76
293 159 85
294 158 74
295 161 87
296 162 77
297 157 85
298 161 70
299 166 77
300 259 208
301 266 206
302 266 209
303 272 217
304 258 218
305 255 214
306 264 218
307 265 217
308 256 217
309 266 217
310 270 217
311 263 214
312 266 212
313 269 214
314 269 210
315 267 223
316 255 220
317 271 207
318 271 218
319 259 217
320 260 221
321 264 212
322 273 207
323 261 222
324 264 213
325 271 221
326 264 206
327 259 211
328 261 207
329 272 223
330 237 135
331 235 134
332 224 130
333 230 122
334 231 124
335 237 129
336 224 125
337 231 133
338 233 131
339 229 120
340 233 122
341 239 121
342 226 130
343 227 122
344 232 124
345 229 134
346 226 129
347 224 131
348 239 132
349 227 134
350 229 124
351 236 126
352 226 122
353 234 133
354 224 121
355 228 133
356 235 125
357 237 134
358 235 124
359 234 128
360 10 63
361 10 55
362 1 55
363 8 59
364 6 66
365 6 53
366 10 58
367 1 58
368 10 51
369 11 59
370 2 64
371 7 51
372 4 61
373 11 63
374 1 68
375 6 69
376 2 66
377 9 60
378 2 60
379 5 54
380 3 69
381 9 56
382 5 67
383 4 66
384 8 69
385 3 53
386 4 55
387 11 66
388 5 59
389 3 68
390 105 27
391 119 19
392 116 13
393 111 29
394 104 16
395 104 30
396 118 27
397 119 13
398 113 23
399 110 26
400 119 16
401 116 28
402 113 19
403 108 17
404 105 19
405 114 14
406 105 15
407 106 29
408 115 24
409 106 29
410 118 25
411 111 23
412 115 15
413 106 12
414 109 23
415 109 25
416 116 12
417 111 29
418 104 29
419 110 19
420 48 182
421 41 182
422 46 185
423 45 189
424 34 182
425 41 176
426 47 185
427 43 178
428 39 181
429 37 183
430 46 174
431 39 174
432 34 180
433 37 180
434 47 179
435 42 181
436 44 179
437 48 175
438 40 185
439 44 187
440 46 183
441 47 174
442 41 176
443 39 189
444 31 189
445 35 180
446 34 174
447 38 177
448 39 177
449 47 173
450 45 231
451 47 234
452 42 233
453 36 228
454 46 232
455 48 233
456 46 226
457 40 239
458 47 239
459 48 236
460 31 233
461 39 226
462 39 227
463 48 234
464 32 235
465 49 236
466 35 230
467 35 227
468 41 225
469 40 227
470 33 227
471 43 226
472 49 226
473 31 238
474 36 239
475 45 236
476 40 231
477 39 236
478 46 231
479 41 225
480 146 125
481 145 133
482 153 127
483 143 132
484 154 131
485 139 135
486 155 131
487 150 123
488 142 132
489 144 131
490 144 127
491 136 124
492 151 128
493 154 128
494 153 129
495 151 132
496 136 121
497 139 124
498 144 133
499 136 134
500 145 133
501 140 135
502 140 123
503 139 134
504 138 132
505 151 130
506 154 129
507 137 126
508 136 120
509 143 131
510 35 231
511 39 230
512 47 236
513 38 235
514 31 228
515 49 238
516 45 239
517 49 231
518 46 226
519 46 229
520 38 239
521 35 232
522 44 232
523 33 226
524 38 235
525 41 232
526 40 229
527 39 234
528 47 230
529 32 228
530 35 233
531 35 236
532 42 230
533 45 231
534 43 235
535 42 235
536 48 227
537 44 233
538 38 228
539 33 230
540 2 170
541 8 167
542 7 164
543 11 170
544 8 160
545 9 157
546 3 167
547 10 157
548 4 164
549 0 171
550 1 172
551 6 170
552 2 172
553 6 163
554 4 158
555 2 168
556 1 162
557 6 161
558 2 156
559 7 163
560 1 162
561 4 172
562 8 161
563 9 164
564 7 161
565 3 169
566 11 164
567 0 172
568 4 163
569 5 157
570 68 184
571 68 179
572 57 178
573 62 173
574 55 178
575 62 189
576 56 179
577 55 174
578 56 189
579 67 173
580 60 186
581 54 182
582 56 182
583 52 179
584 62 173
585 60 176
586 58 187
587 50 178
588 50 177
589 51 188
590 58 184
591 61 173
592 58 178
593 51 183
594 64 186
595 63 182
596 57 179
597 56 189
598 65 175
599 66 174
600 133 56
601 135 52
602 125 59
603 126 61
604 133 60
605 134 62
606 122 63
607 122 63
608 123 52
609 132 66
610 124 53
611 129 62
612 128 60
613 129 68
614 125 65
615 126 57
616 122 61
617 123 61
618 120 60
619 132 68
620 127 56
621 123 65
622 122 63
623 125 59
624 130 53
625 134 66
626 134 63
627 128 50
628 129 56
629 122 62
630 187 197
631 183 198
632 184 204
633 175 200
634 179 197
635 179 196
636 182 198
637 182 190
638 181 198
639 181 193
640 175 200
641 174 194
642 182 199
643 186 196
644 189 192
645 183 191
646 181 203
647 175 198
648 183 204
649 173 197
650 174 195
651 186 200
652 188 195
653 186 190
654 175 193
655 176 204
656 181 196
657 176 194
658 188 202
659 181 205
660 42 66
661 32 60
662 37 59
663 49 60
664 42 51
665 43 62
666 49 59
667 44 60
668 40 66
669 48 66
670 35 57
671 34 57
672 38 53
673 38 62
674 44 53
675 40 52
676 35 64
677 44 54
678 41 53
679 47 54
680 44 50
681 38 58
682 39 64
683 48 51
684 37 55
685 34 69
686 40 58
687 32 54
688 49 67
689 40 54
690 201 216
691 191 208
692 191 219
693 195 218
694 201 206
695 195 217
696 204 222
697 204 212
698 191 206
699 196 209
700 202 209
701 194 211
702 201 206
703 199 222
704 194 223
705 204 221
706 201 211
707 193 222
708 198 219
709 194 210
710 205 221
711 191 212
712 196 218
713 203 213
714 198 217
715 196 213
716 199 222
717 190 221
718 198 221
719 199 208
720 163 242
721 157 252
722 166 251
723 170 246
724 164 249
725 163 244
726 170 249
727 165 248
728 164 245
729 159 247
730 162 243
731 159 245
732 166 250
733 167 242
734 163 240
735 162 244
736 157 246
737 172 254
738 159 245
739 165 254
740 158 248
741 170 247
742 165 251
743 157 242
744 163 243
745 168 247
746 161 243
747 157 251
748 158 254
749 157 243
750 115 213
751 109 214
752 117 223
753 113 207
754 107 212
755 111 206
756 107 214
757 113 209
758 105 219
759 110 219
760 106 212
761 109 211
762 116 210
763 111 217
764 106 223
765 107 220
766 107 212
767 112 222
768 112 209
769 107 213
770 104 214
771 117 216
772 117 222
773 110 218
774 112 215
775 109 221
776 116 219
777 107 213
778 104 209
779 112 220
780 188 116
781 176 118
782 179 106
783 187 112
784 182 115
785 183 118
786 181 110
787 175 112
788 179 115
789 181 104
790 182 113
791 174 108
792 183 106
793 180 110
794 182 104
795 174 111
796 187 104
797 181 115
798 175 105
799 178 106
800 173 104
801 179 114
802 174 114
803 182 113
804 189 106
805 181 114
806 189 117
807 175 106
808 176 117
809 177 117
810 33 253
811 49 248
812 33 243
813 38 246
814 32 241
815 34 248
816 39 251
817 35 253
818 31 243
819 49 246
820 40 241
821 48 254
822 36 245
823 43 253
824 43 242
825 38 254
826 36 241
827 39 245
828 40 243
829 48 251
830 37 252
831 32 254
832 49 254
833 41 240
834 39 242
835 39 241
836 31 241
837 37 241
838 31 243
839 35 246
840 112 234
841 110 237
842 117 233
843 108 239
844 113 231
845 115 237
846 116 233
847 117 228
848 108 238
849 110 226
850 119 231
851 111 236
852 111 238
853 104 238
854 111 232
855 119 239
856 119 230
857 104 236
858 116 238
859 114 228
860 119 227
861 107 225
862 105 224
863 110 236
864 108 231
865 114 236
866 106 230
867 110 230
868 112 237
869 110 238
870 172 0
871 172 8
872 157 10
873 160 2
874 163 4
875 168 11
876 170 1
877 170 8
878 170 4
879 156 8
880 158 7
881 169 3
882 164 4
883 170 7
884 172 8
885 172 10
886 164 9
887 171 10
888 165 3
889 171 2
890 165 8
891 157 8
892 172 7
893 163 0
894 163 5
895 171 10
896 140 18
897 144 16
898 146 20
899 149 18
900 143 24
901 137 14
902 148 28
903 146 17
904 149 12
905 137 29
906 148 28
907 137 16
908 149 27
909 150 29
910 138 19
911 145 30
912 136 15
913 147 25
914 142 19
915 138 28
916 141 28
917 148 23
918 154 27
919 148 20
920 147 26
921 144 13
922 138 20
923 143 29
924 138 12
925 139 29
926 148 24
927 139 29
928 141 21
929 143 24
930 142 25
931 141 26
932 145 21
933 138 16
934 144 23
935 138 28
936 141 13
937 140 13
938 145 30
939 146 13
940 148 18
941 142 28
942 142 27
943 150 14
944 149 24
945 142 13
946 149 26
947 137 23
948 138 28
949 143 28
950 153 27
951 149 23
952 155 29
953 136 26
954 147 18
955 155 23
956 130 212
957 122 216
958 131 220
959 132 214
960 133 216
961 122 221
962 124 207
963 127 210
964 124 210
965 129 210
966 129 213
967 131 212
968 135 213
969 129 209
970 135 221
971 131 208
972 124 213
973 133 215
974 121 206
975 124 215
976 126 215
977 122 209
978 129 211
979 125 215
980 135 221
981 128 217
982 126 221
983 128 221
984 124 211
985 132 221
986 166 265
987 165 266
988 168 260
989 162 273
990 166 255
991 159 261
992 169 256
993 166 257
994 158 256
995 156 263
996 172 274
997 161 272
998 158 256
999 165 264
1000 157 267
1001 164 272
1002 170 270
1003 164 270
1004 171 273
1005 170 256
1006 161 258
1007 172 255
1008 167 261
1009 165 273
1010 166 271
1011 171 261
1012 168 266
1013 161 269
1014 160 272
1015 156 266
1016 67 184
1017 63 186
1018 60 184
1019 57 189
1020 52 186
1021 56 185
1022 54 181
1023 51 175
1024 51 176
1025 52 175
1026 65 183
1027 51 186
1028 56 186
1029 56 178
1030 51 186
1031 58 185
1032 59 181
1033 57 182
1034 56 187
1035 59 173
1036 67 183
1037 60 176
1038 51 183
1039 65 186
1040 66 177
1041 66 174
1042 57 186
1043 50 187
1044 51 179
1045 52 188
1046 188 55
1047 187 55
1048 174 51
1049 181 51
1050 173 69
1051 184 56
1052 184 54
1053 185 69
1054 183 56
1055 179 58
1056 181 63
1057 178 62
1058 174 51
1059 179 66
1060 182 51
1061 182 65
1062 174 58
1063 189 55
1064 180 66
1065 182 52
1066 173 52
1067 174 50
1068 179 60
1069 173 61
1070 186 57
1071 179 66
1072 176 59
1073 180 56
1074 186 69
1075 173 60
1076 124 248
1077 131 240
1078 130 254
1079 124 253
1080 130 254
1081 124 240
1082 130 244
1083 127 247
1084 127 249
1085 132 243
1086 123 242
1087 135 240
1088 126 243
1089 133 241
1090 131 241
1091 123 243
1092 120 245
1093 125 245
1094 125 249
1095 128 248
1096 124 243
1097 134 241
1098 128 253
1099 125 240
1100 132 251
1101 135 249
1102 132 243
1103 129 248
1104 134 251
1105 127 245
1106 44 63
1107 37 61
1108 38 64
1109 45 69
1110 34 61
1111 43 68
1112 39 59
1113 39 69
1114 41 67
1115 48 50
1116 47 57
1117 34 53
1118 34 67
1119 44 61
1120 49 64
1121 34 57
1122 49 57
1123 42 57
1124 37 55
1125 44 64
1126 47 53
1127 42 53
1128 37 51
1129 45 69
1130 32 57
1131 39 52
1132 48 55
1133 33 66
1134 49 50
1135 39 61
1136 148 226
1137 154 239
1138 150 224
1139 140 238
1140 143 236
1141 146 231
1142 143 237
1143 151 229
1144 148 238
1145 137 231
1146 152 226
1147 142 234
1148 154 225
1149 140 231
1150 151 225
1151 139 226
1152 147 235
1153 153 233
1154 145 231
1155 153 232
1156 136 235
1157 145 235
1158 139 226
1159 154 228
1160 142 238
1161 143 235
1162 142 226
1163 143 233
1164 139 236
1165 140 227
1166 34 46
1167 31 36
1168 40 36
1169 40 47
1170 32 39
1171 43 32
1172 43 33
1173 33 31
1174 31 49
1175 45 41
1176 42 36
1177 44 45
1178 49 36
1179 44 35
1180 36 48
1181 37 49
1182 33 35
1183 49 47
1184 31 46
1185 41 38
1186 51 250
1187 61 242
1188 54 245
1189 56 249
1190 55 240
1191 67 248
1192 55 251
1193 64 246
1194 65 241
1195 66 243
1196 67 245
1197 59 250
1198 59 242
1199 50 248
1200 67 245
1201 67 247
1202 52 253
1203 57 247
1204 57 251
1205 68 247
1206 66 252
1207 65 243
1208 59 242
1209 62 247
1210 50 241
1211 60 254
1212 66 252
1213 63 249
1214 51 240
1215 52 242
1216 45 109
1217 45 106
1218 42 114
1219 32 108
1220 32 118
1221 32 108
1222 35 119
1223 32 117
1224 35 110
1225 44 117
1226 46 115
1227 38 113
1228 43 104
1229 47 110
1230 40 104
1231 35 105
1232 48 104
1233 47 112
1234 35 118
1235 31 107
1236 43 107
1237 31 111
1238 47 104
1239 34 108
1240 35 115
1241 49 104
1242 48 115
1243 46 108
1244 33 117
1245 37 107
1246 22 194
1247 26 191
1248 21 190
1249 12 196
1250 30 191
1251 13 190
1252 22 201
1253 21 198
1254 12 193
1255 15 191
1256 20 191
1257 17 192
1258 17 202
1259 25 196
1260 25 190
1261 30 191
1262 29 197
1263 30 202
1264 21 193
1265 17 201
1266 13 190
1267 29 196
1268 18 201
1269 29 205
1270 28 190
1271 16 203
1272 21 194
1273 14 196
1274 14 200
1275 28 192
1276 155 242
1277 143 245
1278 145 252
1279 144 251
1280 139 244
1281 155 244
1282 153 249
1283 138 243
1284 147 251
1285 145 241
1286 138 246
1287 138 240
1288 141 249
1289 141 248
1290 149 247
1291 151 241
1292 145 246
1293 138 250
1294 138 246
1295 145 250
1296 138 243
1297 154 251
1298 151 245
1299 152 247
1300 154 246
1301 143 252
1302 148 254
1303 138 249
1304 137 240
1305 136 241
1306 63 87
1307 55 80
1308 56 75
1309 59 73
1310 57 77
1311 57 81
1312 51 85
1313 68 80
1314 57 82
1315 61 80
1316 58 76
1317 52 87
1318 53 82
1319 56 86
1320 62 85
1321 52 74
1322 69 73
1323 55 84
1324 52 78
1325 53 72
1326 63 75
1327 51 71
1328 52 75
1329 62 72
1330 54 73
1331 50 84
1332 57 75
1333 65 75
1334 69 74
1335 53 71
1336 172 174
1337 159 176
1338 172 178
1339 163 184
1340 161 174
1341 158 182
1342 171 188
1343 170 179
1344 171 188
1345 159 178
1346 164 181
1347 172 187
1348 156 184
1349 159 178
1350 165 174
1351 171 187
1352 157 175
1353 162 186
1354 169 184
1355 165 177
1356 172 183
1357 165 185
1358 164 183
1359 165 180
1360 160 186
1361 166 180
1362 170 187
1363 165 182
1364 166 180
1365 162 184
1366 81 263
1367 75 261
1368 80 264
1369 85 270
1370 87 257
1371 81 274
1372 71 255
1373 75 262
1374 75 267
1375 75 270
1376 79 271
1377 77 274
1378 83 264
1379 78 268
1380 75 268
1381 76 261
1382 85 273
1383 82 259
1384 82 259
1385 77 268
1386 75 274
1387 76 273
1388 75 266
1389 77 272
1390 71 264
1391 81 265
1392 82 255
1393 82 271
1394 75 266
1395 78 259
1396 78 248
1397 77 249
1398 78 249
1399 84 248
1400 73 249
1401 74 243
1402 83 246
1403 77 254
1404 78 247
1405 73 247
1406 76 249
1407 87 253
1408 84 249
1409 72 253
1410 70 247
1411 77 252
1412 84 240
1413 77 240
1414 71 247
1415 74 252
1416 85 242
1417 77 249
1418 77 247
1419 87 254
1420 75 249
1421 79 250
1422 81 253
1423 74 249
1424 82 248
1425 84 249
1426 183 120
1427 183 121
1428 186 125
1429 178 124
1430 181 131
1431 181 125
1432 178 121
1433 182 124
1434 173 134
1435 187 133
1436 182 121
1437 180 135
1438 174 124
1439 185 131
1440 186 126
1441 183 129
1442 174 134
1443 187 135
1444 178 122
1445 187 128
1446 187 133
1447 177 127
1448 179 130
1449 189 134
1450 179 126
1451 182 121
1452 183 120
1453 182 122
1454 188 132
1455 176 124
1456 23 146
1457 13 139
1458 15 142
1459 15 136
1460 30 148
1461 18 146
1462 13 150
1463 19 145
1464 23 147
1465 28 146
1466 17 141
1467 18 149
1468 23 137
1469 14 141
1470 16 145
1471 14 139
1472 28 149
1473 15 155
1474 20 155
1475 19 143
1476 17 154
1477 27 145
1478 12 151
1479 19 147
1480 12 151
1481 26 150
1482 21 137
1483 12 146
1484 17 141
1485 22 155
1486 50 86
1487 58 82
1488 60 73
1489 63 75
1490 55 70
1491 69 82
1492 53 86
1493 67 79
1494 60 78
1495 50 85
1496 68 86
1497 51 77
1498 53 73
1499 67 79
1500 53 86
1501 56 77
1502 62 87
1503 52 70
1504 63 73
1505 60 87
1506 69 77
1507 62 87
1508 61 74
1509 60 74
1510 54 71
1511 61 74
1512 50 76
1513 67 74
1514 68 78
1515 58 70
1516 229 101
1517 232 101
1518 224 91
1519 225 96
1520 238 89
1521 227 92
1522 234 99
1523 226 97
1524 224 97
1525 230 103
1526 228 90
1527 228 102
1528 238 103
1529 231 97
1530 232 95
1531 236 94
1532 225 102
1533 224 100
1534 236 95
1535 232 90
1536 227 103
1537 239 94
1538 235 91
1539 227 94
1540 229 103
1541 232 100
1542 238 95
1543 233 90
1544 226 95
1545 229 100
1546 164 39
1547 158 48
1548 162 37
1549 160 31
1550 156 41
1551 156 44
1552 169 47
1553 156 45
1554 165 31
1555 168 44
1556 160 37
1557 164 49
1558 157 35
1559 169 46
1560 172 43
1561 158 38
1562 163 35
1563 157 37
1564 166 37
1565 156 49
1566 170 34
1567 156 39
1568 165 49
1569 156 35
1570 165 33
1571 172 35
1572 172 43
1573 156 40
1574 157 39
1575 172 49
1576 188 184
1577 173 176
1578 177 174
1579 179 174
1580 188 181
1581 182 179
1582 179 188
1583 181 182
1584 175 174
1585 184 175
1586 178 189
1587 174 186
1588 189 174
1589 187 183
1590 179 185
1591 187 176
1592 187 184
1593 42 158
1594 48 160
1595 44 171
1596 39 171
1597 39 159
1598 33 166
1599 40 168
1600 44 156
1601 31 170
1602 44 156
1603 32 164
1604 33 163
1605 37 163
1606 37 167
1607 42 172
1608 46 163
1609 40 156
1610 39 162
1611 49 156
1612 36 161
1613 31 164
1614 49 162
1615 32 164
1616 49 157
1617 40 168
1618 46 166
1619 47 170
1620 45 164
1621 41 163
1622 32 165
1623 120 180
1624 122 177
1625 124 187
1626 128 182
1627 130 177
1628 122 186
1629 129 187
1630 127 183
1631 129 187
1632 123 176
1633 123 178
1634 126 175
1635 127 184
1636 120 177
1637 131 176
1638 135 189
1639 131 176
1640 126 185
1641 126 181
1642 132 186
1643 122 189
1644 132 175
1645 129 182
1646 123 186
1647 122 183
1648 126 174
1649 133 179
1650 123 189
1651 126 183
1652 132 183
1653 268 111
1654 263 105
1655 257 119
1656 274 119
1657 266 111
1658 264 114
1659 260 110
1660 271 104
1661 269 112
1662 258 114
1663 267 113
1664 269 119
1665 264 109
1666 270 113
1667 267 109
1668 271 116
1669 268 105
1670 269 111
1671 268 111
1672 257 105
1673 266 115
1674 255 118
1675 264 110
1676 263 110
1677 271 113
1678 272 116
1679 272 108
1680 261 110
1681 264 104
1682 269 118
1683 238 246
1684 230 249
1685 232 246
1686 226 245
1687 228 254
1688 228 240
1689 225 242
1690 236 243
1691 239 241
1692 239 253
1693 230 252
1694 230 242
1695 235 242
1696 235 243
1697 231 253
1698 226 247
1699 236 253
1700 225 251
1701 235 248
1702 230 247
1703 233 241
1704 231 248
1705 239 245
1706 230 243
1707 234 245
1708 236 240
1709 233 254
1710 235 251
1711 227 247
1712 239 249
1713 149 28
1714 144 27
1715 140 20
1716 143 23
1717 142 27
1718 155 16
1719 154 15
1720 138 20
1721 146 14
1722 140 24
1723 138 12
1724 144 21
1725 141 22
1726 155 30
1727 137 19
1728 153 25
1729 146 30
1730 149 15
1731 155 29
1732 150 18
1733 140 30
1734 137 22
1735 137 15
1736 142 28
1737 144 19
1738 147 26
1739 144 23
1740 139 16
1741 138 26
1742 143 21
1743 187 91
1744 174 94
1745 183 103
1746 174 99
1747 176 90
1748 180 93
1749 177 98
1750 177 99
1751 184 93
1752 187 92
1753 174 89
1754 186 103
1755 182 98
1756 173 93
1757 182 92
1758 178 101
1759 183 96
1760 182 92
1761 181 93
1762 189 98
1763 179 93
1764 188 88
1765 180 102
1766 177 91
1767 183 91
1768 184 101
1769 174 95
1770 189 102
1771 185 102
1772 178 103
1773 246 245
1774 246 243
1775 249 250
1776 243 242
1777 244 249
1778 254 253
1779 247 241
1780 241 251
1781 243 253
1782 246 243
1783 242 248
1784 252 253
1785 248 240
1786 242 251
1787 253 244
1788 245 248
1789 240 244
1790 253 250
1791 246 250
1792 250 242
1793 248 245
1794 200 33
1795 193 31
1796 193 35
1797 191 39
1798 196 43
1799 199 48
1800 197 37
1801 199 33
1802 198 49
1803 202 40
1804 193 46
1805 191 49
1806 192 48
1807 194 48
1808 196 31
1809 195 31
1810 201 47
1811 205 32
1812 196 49
1813 201 35
1814 205 34
1815 190 49
1816 191 35
1817 205 47
1818 191 36
1819 195 48
1820 195 47
1821 204 43
1822 202 48
1823 194 38
1824 95 261
1825 93 267
1826 92 268
1827 88 267
1828 95 271
1829 91 259
1830 103 273
1831 100 272
1832 100 257
1833 97 269
1834 96 273
1835 99 274
1836 89 255
1837 103 255
1838 91 260
1839 102 271
1840 91 259
1841 92 267
1842 93 257
1843 90 258
1844 95 267
1845 100 274
1846 100 259
1847 90 261
1848 98 271
1849 92 255
1850 102 274
1851 94 265
1852 103 255
1853 99 258
1854 8 52
1855 0 54
1856 9 64
1857 4 61
1858 8 56
1859 1 67
1860 8 52
1861 3 58
1862 10 53
1863 1 69
1864 9 53
1865 9 50
1866 5 69
1867 6 69
1868 7 64
1869 1 62
1870 1 61
1871 1 58
1872 11 65
1873 11 68
1874 7 53
1875 8 51
1876 3 60
1877 9 57
1878 10 57
1879 2 65
1880 6 61
1881 2 58
1882 3 68
1883 10 66
1884 37 171
1885 34 164
1886 41 169
1887 44 168
1888 36 163
1889 38 168
1890 35 159
1891 45 170
1892 34 172
1893 46 159
1894 36 156
1895 43 157
1896 40 161
1897 38 159
1898 44 172
1899 44 162
1900 36 171
1901 45 169
1902 35 156
1903 35 170
1904 34 156
1905 36 159
1906 44 165
1907 43 156
1908 45 163
1909 49 171
1910 37 171
1911 48 169
1912 49 163
1913 37 160
1914 146 191
1915 140 191
1916 147 191
1917 140 202
1918 139 191
1919 146 192
1920 145 194
1921 150 191
1922 143 196
1923 136 191
1924 147 194
1925 140 204
1926 137 202
1927 151 191
1928 141 198
1929 138 204
1930 141 196
1931 153 203
1932 145 201
1933 145 195
1934 140 191
1935 147 201
1936 141 198
1937 153 200
1938 153 199
1939 139 204
1940 145 200
1941 155 199
1942 151 203
1943 144 198
1944 88 239
1945 97 232
1946 99 234
1947 91 233
1948 96 230
1949 98 227
1950 97 227
1951 93 239
1952 99 238
1953 92 234
1954 100 229
1955 96 230
1956 90 236
1957 97 237
1958 88 230
1959 88 224
1960 96 225
1961 100 225
1962 88 232
1963 100 236
1964 92 226
1965 91 238
1966 103 234
1967 99 225
1968 92 233
1969 98 229
1970 101 228
1971 96 239
1972 98 230
1973 92 231
1974 64 265
1975 52 270
1976 55 268
1977 50 256
1978 50 262
1979 63 273
1980 50 258
1981 53 267
1982 54 263
1983 54 271
1984 66 270
1985 69 269
1986 58 271
1987 53 255
1988 57 267
1989 62 256
1990 57 259
1991 65 264
1992 67 262
1993 63 261
1994 51 258
1995 59 272
1996 65 256
1997 63 274
1998 51 257
1999 52 257
2000 66 262
2001 59 271
2002 52 259
2003 52 265
2004 58 144
2005 50 152
2006 56 152
2007 69 150
2008 50 151
2009 64 152
2010 62 152
2011 69 137
2012 53 139
2013 68 147
2014 51 145
2015 55 141
2016 57 139
2017 63 148
2018 61 148
2019 60 152
2020 65 144
2021 68 150
2022 52 140
2023 68 140
2024 54 139
2025 59 144
2026 64 136
2027 63 140
2028 57 141
2029 64 148
2030 58 152
2031 65 155
2032 54 143
2033 64 143
2034 95 79
2035 102 80
2036 88 82
2037 103 70
2038 88 84
2039 102 78
2040 103 79
2041 96 86
2042 101 80
2043 88 76
2044 97 78
2045 103 77
2046 88 76
2047 98 80
2048 89 85
2049 100 85
2050 90 85
2051 97 76
2052 90 80
2053 90 71
2054 103 71
2055 94 71
2056 94 73
2057 88 73
2058 88 76
2059 94 79
2060 100 73
2061 99 85
2062 89 73
2063 96 78
2064 108 77
2065 109 79
2066 110 78
2067 113 74
2068 107 79
2069 106 83
2070 114 71
2071 106 74
2072 104 84
2073 116 78
2074 112 87
2075 106 82
2076 114 75
2077 113 84
2078 109 84
2079 104 71
2080 106 74
2081 119 80
2082 110 83
2083 119 70
2084 109 85
2085 109 74
2086 111 74
2087 116 81
2088 110 82
2089 117 76
2090 119 72
2091 116 78
2092 113 73
2093 115 84
2094 116 117
2095 108 114
2096 111 112
2097 113 106
2098 113 105
2099 107 105
2100 111 115
2101 106 114
2102 106 119
2103 104 105
2104 112 110
2105 112 118
2106 104 117
2107 109 119
2108 115 108
2109 115 106
2110 108 115
2111 104 115
2112 114 108
2113 116 110
2114 39 74
2115 32 79
2116 39 76
2117 46 87
2118 34 78
2119 42 79
2120 31 83
2121 48 84
2122 46 77
2123 43 87
2124 43 76
2125 39 84
2126 40 84
2127 48 82
2128 48 81
2129 48 75
2130 41 86
2131 36 78
2132 35 78
2133 49 84
2134 41 70
2135 40 70
2136 43 72
2137 43 77
2138 49 80
2139 43 76
2140 33 79
2141 40 84
2142 33 86
2143 48 72
2144 100 226
2145 97 231
2146 90 237
2147 99 232
2148 90 239
2149 91 235
2150 103 238
2151 98 226
2152 101 232
2153 91 234
2154 100 234
2155 100 227
2156 98 238
2157 92 225
2158 92 230
2159 103 238
2160 89 238
2161 103 230
2162 94 228
2163 95 233
2164 90 228
2165 93 233
2166 92 239
2167 88 230
2168 99 224
2169 97 226
2170 96 227
2171 100 234
2172 102 233
2173 89 231
2174 102 72
2175 101 85
2176 88 79
2177 94 83
2178 96 87
2179 101 82
2180 98 77
2181 95 87
2182 103 83
2183 90 77
2184 101 83
2185 102 72
2186 94 83
2187 91 73
2188 94 71
2189 101 72
2190 91 74
2191 93 87
2192 90 75
2193 88 73
2194 89 84
2195 97 71
2196 102 78
2197 88 80
2198 96 75
2199 91 74
2200 88 77
2201 95 75
2202 94 81
2203 90 85
2204 181 196
2205 179 192
2206 183 190
2207 176 201
2208 184 198
2209 174 205
2210 177 195
2211 176 193
2212 174 199
2213 186 205
2214 187 204
2215 183 201
2216 180 198
2217 187 205
2218 183 190
2219 178 195
2220 183 195
2221 187 203
2222 185 193
2223 181 197
2224 183 202
2225 180 194
2226 188 205
2227 184 201
2228 174 193
2229 188 195
2230 185 205
2231 179 205
2232 176 197
2233 174 196
2234 107 260
2235 105 262
2236 113 261
2237 107 267
2238 109 273
2239 118 262
2240 109 255
2241 109 261
2242 106 257
2243 110 274
2244 110 258
2245 110 266
2246 117 269
2247 104 272
2248 105 257
2249 107 274
2250 108 271
2251 114 268
2252 113 263
2253 111 266
2254 107 268
2255 108 257
2256 113 263
2257 119 261
2258 118 261
2259 105 260
2260 110 266
2261 109 256
2262 114 274
2263 116 274
2264 194 27
2265 202 20
2266 205 20
2267 190 13
2268 198 23
2269 193 15
2270 194 22
2271 194 30
2272 201 17
2273 199 13
2274 204 24
2275 200 18
2276 195 28
2277 205 15
2278 193 15
2279 190 20
2280 203 21
2281 195 12
2282 193 23
2283 202 16
2284 202 20
2285 196 14
2286 196 16
2287 199 23
2288 197 14
2289 203 29
2290 202 27
2291 192 17
2292 194 26
2293 202 17
2294 183 170
2295 177 172
2296 179 167
2297 185 168
2298 174 170
2299 187 158
2300 178 168
2301 181 157
2302 178 169
2303 183 158
2304 178 172
2305 182 168
2306 177 162
2307 173 166
2308 188 172
2309 178 166
2310 174 162
2311 187 169
2312 181 170
2313 180 166
2314 178 165
2315 189 165
2316 175 172
2317 174 160
2318 188 165
2319 178 165
2320 173 158
2321 186 157
2322 177 164
2323 173 158
2324 188 132
2325 180 129
2326 185 125
2327 179 125
2328 175 124
2329 180 135
2330 174 132
2331 186 127
2332 174 121
2333 175 132
2334 187 125
2335 174 121
2336 188 131
2337 180 132
2338 179 130
2339 175 122
2340 183 122
2341 179 130
2342 180 125
2343 176 124
2344 179 120
2345 174 123
2346 183 120
2347 181 133
2348 188 122
2349 184 124
2350 182 133
2351 183 128
2352 173 121
2353 182 125
2354 232 166
2355 229 167
2356 224 163
2357 234 168
2358 231 166
2359 226 157
2360 238 167
2361 232 157
2362 234 159
2363 233 164
2364 236 172
2365 230 164
2366 233 159
2367 232 163
2368 232 165
2369 232 162
2370 236 160
2371 232 163
2372 228 158
2373 237 158
2374 226 169
2375 225 169
2376 227 170
2377 228 161
2378 236 170
2379 225 172
2380 238 167
2381 231 159
2382 235 168
2383 229 169
2384 33 82
2385 48 72
2386 35 78
2387 40 80
2388 41 82
2389 34 74
2390 44 82
2391 36 82
2392 39 86
2393 34 82
2394 38 70
2395 37 87
2396 32 81
2397 42 70
2398 31 77
2399 32 83
2400 32 87
2401 45 71
2402 39 72
2403 49 72
2404 47 87
2405 38 85
2406 37 74
2407 39 83
2408 45 83
2409 35 80
2410 34 72
2411 47 70
2412 42 87
2413 39 79
2414 123 146
2415 124 149
2416 125 141
2417 123 137
2418 127 155
2419 129 143
2420 122 142
2421 126 150
2422 120 140
2423 122 154
2424 133 148
2425 122 143
2426 132 151
2427 133 150
2428 134 147
2429 130 138
2430 130 145
2431 133 141
2432 133 139
2433 131 142
2434 126 152
2435 132 149
2436 125 140
2437 127 148
2438 124 136
2439 130 137
2440 125 136
2441 126 145
2442 122 143
2443 134 154
2444 105 258
2445 117 264
2446 110 266
2447 106 255
2448 116 259
2449 117 271
2450 111 274
2451 111 269
2452 104 267
2453 107 263
2454 112 267
2455 114 258
2456 106 274
2457 114 271
2458 118 258
2459 105 255
2460 105 261
2461 116 272
2462 107 255
2463 111 257
2464 115 260
2465 105 263
2466 112 257
2467 113 264
2468 113 274
2469 106 257
2470 105 265
2471 106 260
2472 113 266
2473 112 270
2474 253 179
2475 243 178
2476 243 180
2477 243 180
2478 240 184
2479 252 189
2480 249 181
2481 247 176
2482 254 188
2483 251 179
2484 246 183
2485 254 186
2486 243 181
2487 248 185
2488 249 184
2489 245 185
2490 245 176
2491 242 174
2492 254 177
2493 252 184
2494 248 189
2495 254 176
2496 250 174
2497 247 177
2498 243 181
2499 250 178
2500 245 187
2501 249 177
2502 243 182
2503 245 174
2504 176 268
2505 184 268
2506 189 262
2507 189 264
2508 178 274
2509 178 256
2510 180 262
2511 179 273
2512 179 259
2513 176 261
2514 188 263
2515 183 257
2516 180 267
2517 177 255
2518 189 262
2519 188 259
2520 183 263
2521 179 271
2522 176 259
2523 175 270
2524 177 271
2525 181 256
2526 181 274
2527 178 255
2528 176 260
2529 184 269
2530 189 264
2531 188 256
2532 185 260
2533 185 257
2534 117 132
2535 117 120
2536 118 122
2537 105 120
2538 106 132
2539 105 133
2540 107 121
2541 113 127
2542 107 123
2543 106 131
2544 117 129
2545 106 126
2546 115 127
2547 116 127
2548 118 125
2549 117 120
2550 109 129
2551 112 135
2552 105 131
2553 114 133
2554 107 125
2555 116 122
2556 108 126
2557 113 126
2558 116 121
2559 108 133
2560 106 129
2561 118 132
2562 117 120
2563 119 121
2564 145 129
2565 140 132
2566 150 120
2567 136 121
2568 138 126
2569 142 122
2570 146 125
2571 152 132
2572 143 128
2573 136 127
2574 155 125
2575 144 126
2576 148 122
2577 136 128
2578 143 125
2579 155 124
2580 141 132
2581 155 126
2582 152 128
2583 150 131
2584 144 121
2585 141 124
2586 145 131
2587 143 132
2588 155 120
2589 154 120
2590 150 129
2591 141 130
2592 141 131
2593 150 124
2594 27 2
2595 18 8
2596 24 9
2597 14 4
2598 16 5
2599 23 0
2600 28 0
2601 14 3
2602 24 8
2603 23 9
2604 28 5
2605 15 10
2606 23 9
2607 30 0
2608 27 2
2609 14 5
2610 13 11
2611 30 8
2612 19 1
2613 22 4
2614 14 0
2615 29 2
2616 15 10
2617 17 2
2618 22 8
2619 13 0
2620 30 1
2621 13 2
2622 13 9
2623 17 10
2624 40 20
2625 48 15
2626 45 30
2627 39 26
2628 44 13
2629 37 20
2630 39 23
2631 49 18
2632 36 23
2633 35 17
2634 32 27
2635 33 24
2636 37 18
2637 44 30
2638 47 29
2639 47 29
2640 40 12
2641 42 29
2642 48 23
2643 33 14
2644 33 14
2645 39 13
2646 48 17
2647 41 20
2648 47 17
2649 44 16
2650 37 20
2651 44 14
2652 36 28
2653 34 26
2654 29 240
2655 21 243
2656 26 254
2657 16 243
2658 24 248
2659 27 252
2660 25 251
2661 14 251
2662 30 249
2663 25 245
2664 17 252
2665 20 240
2666 29 253
2667 22 242
2668 16 243
2669 17 246
2670 15 246
2671 27 247
2672 24 251
2673 17 246
2674 26 251
2675 12 254
2676 13 243
2677 24 249
2678 16 252
2679 26 246
2680 25 241
2681 29 253
2682 27 252
2683 18 244
2684 2 13
2685 7 25
2686 11 21
2687 4 13
2688 3 20
2689 0 22
2690 3 15
2691 7 17
2692 9 19
2693 4 17
2694 6 20
2695 1 25
2696 11 17
2697 11 20
2698 8 19
2699 4 22
2700 9 15
2701 2 24
2702 7 23
2703 0 26
2704 6 15
2705 7 14
2706 0 15
2707 8 23
2708 7 21
2709 10 13
2710 10 30
2711 2 13
2712 7 27
2713 0 18
2714 199 118
2715 192 116
2716 200 112
2717 191 112
2718 202 114
2719 195 110
2720 204 109
2721 203 118
2722 194 104
2723 191 108
2724 193 107
2725 195 108
2726 196 115
2727 191 108
2728 196 115
2729 203 105
2730 200 116
2731 191 106
2732 203 110
2733 197 112
2734 199 104
2735 194 116
2736 193 110
2737 190 107
2738 195 111
2739 195 113
2740 205 112
2741 205 111
2742 196 107
2743 195 106
2744 171 243
2745 164 252
2746 165 245
2747 168 253
2748 165 246
2749 165 251
2750 163 251
2751 172 252
2752 164 251
2753 167 245
2754 165 246
2755 169 241
2756 169 244
2757 168 244
2758 164 241
2759 157 254
2760 164 254
2761 167 249
2762 172 246
2763 166 245
2764 167 252
2765 162 247
2766 164 248
2767 161 242
2768 163 254
2769 171 242
2770 166 243
2771 161 248
2772 162 247
2773 165 242
2774 116 61
2775 118 57
2776 119 58
2777 111 56
2778 112 67
2779 116 54
2780 112 69
2781 114 68
2782 116 64
2783 112 56
2784 114 52
2785 112 63
2786 110 62
2787 116 62
2788 119 54
2789 105 68
2790 119 52
2791 109 68
2792 119 57
2793 113 60
2794 113 61
2795 108 56
2796 115 56
2797 114 54
2798 113 50
2799 114 65
2800 119 57
2801 105 69
2802 109 56
2803 115 54
2804 270 55
2805 266 56
2806 266 55
2807 262 50
2808 259 55
2809 256 64
2810 265 55
2811 258 65
2812 269 53
2813 264 60
2814 270 65
2815 265 55
2816 268 58
2817 257 53
2818 273 59
2819 266 58
2820 264 63
2821 264 62
2822 269 69
2823 260 55
2824 271 53
2825 257 55
2826 266 56
2827 258 55
2828 261 59
2829 267 53
2830 260 58
2831 256 60
2832 255 57
2833 255 54
2834 15 259
2835 25 272
2836 28 268
2837 26 262
2838 13 259
2839 12 258
2840 21 261
2841 19 262
2842 23 267
2843 17 271
2844 14 264
2845 12 270
2846 25 260
2847 24 256
2848 26 273
2849 22 271
2850 20 262
2851 19 273
2852 24 265
2853 12 258
2854 16 260
2855 28 270
2856 17 274
2857 29 262
2858 14 265
2859 30 272
2860 19 258
2861 22 272
2862 21 255
2863 14 257
2864 119 231
2865 106 225
2866 112 224
2867 118 234
2868 110 226
2869 112 227
2870 116 231
2871 110 229
2872 110 236
2873 119 228
2874 113 239
2875 117 239
2876 117 227
2877 108 225
2878 108 230
2879 113 239
2880 108 233
2881 108 225
2882 116 233
2883 108 235
2884 117 229
2885 119 239
2886 106 226
2887 115 229
2888 108 233
2889 108 228
2890 119 226
2891 114 231
2892 108 224
2893 113 239
2894 3 99
2895 1 99
2896 3 99
2897 5 100
2898 9 88
2899 4 100
2900 11 103
2901 0 91
2902 4 99
2903 3 89
2904 10 97
2905 6 88
2906 1 100
2907 7 102
2908 8 101
2909 5 99
2910 4 103
2911 6 89
2912 0 94
2913 10 102
2914 6 103
2915 3 93
2916 7 90
2917 11 89
2918 0 97
2919 2 95
2920 9 94
2921 11 98
2922 2 100
2923 8 90
2924 191 264
2925 205 265
2926 194 268
2927 193 261
2928 198 257
2929 191 257
2930 194 270
2931 196 269
2932 201 269
2933 192 261
2934 200 255
2935 192 266
2936 203 258
2937 205 255
2938 202 274
2939 198 264
2940 200 262
2941 196 255
2942 196 255
2943 193 274
2944 202 262
2945 205 260
2946 204 264
2947 191 256
2948 203 272
2949 205 271
2950 205 257
2951 204 261
2952 195 271
2953 199 259
