259 282 10 2886
0 9
1 6
2 8
3 8
4 8
5 6
6 8
7 9
8 9
9 7
10 10
11 8
12 6
13 3
14 3
15 3
16 3
17 3
18 4
19 5
20 3
21 4
22 3
23 3
24 3
25 4
26 4
27 3
28 3
29 3
30 3
31 4
32 3
33 3
34 3
35 3
36 4
37 4
38 4
39 3
40 5
41 4
42 3
43 4
44 3
45 3
46 4
47 4
48 3
49 3
50 3
51 3
52 4
53 4
54 4
55 4
56 3
57 5
58 3
59 3
60 3
61 5
62 3
63 3
64 3
65 3
66 3
67 3
68 4
69 3
70 6
71 4
72 4
73 3
74 3
75 3
76 3
77 3
78 4
79 5
80 3
81 4
82 3
83 4
84 4
85 3
86 3
87 3
88 4
89 5
90 3
91 3
92 3
93 5
94 3
95 4
96 3
97 3
98 4
99 3
100 3
101 3
102 3
103 3
104 3
105 6
106 5
107 4
108 3
109 3
110 3
111 3
112 3
113 6
114 3
115 3
116 3
117 3
118 3
119 6
120 3
121 3
122 3
123 3
124 3
125 3
126 3
127 3
128 3
129 5
130 3
131 3
132 3
133 6
134 6
135 3
136 3
137 4
138 3
139 3
140 4
141 3
142 3
143 3
144 3
145 3
146 3
147 4
148 3
149 4
150 5
151 3
152 3
153 3
154 3
155 6
156 3
157 3
158 3
159 5
160 3
161 3
162 5
163 3
164 3
165 3
166 3
167 3
168 3
169 4
170 3
171 6
172 3
173 3
174 5
175 3
176 3
177 3
178 3
179 3
180 3
181 3
182 5
183 5
184 3
185 3
186 4
187 3
188 3
189 3
190 3
191 5
192 3
193 3
194 3
195 3
196 3
197 3
198 3
199 3
200 4
201 4
202 3
203 3
204 3
205 4
206 3
207 3
208 3
209 3
210 3
211 4
212 3
213 3
214 6
215 4
216 3
217 3
218 3
219 5
220 5
221 3
222 5
223 3
224 4
225 3
226 3
227 3
228 4
229 3
230 3
231 3
232 4
233 3
234 3
235 3
236 3
237 3
238 4
239 5
240 3
241 4
242 3
243 3
244 3
245 6
246 3
247 3
248 3
249 3
250 3
251 3
252 6
253 3
254 3
255 3
256 3
257 4
258 3
0 0 2
1 0 4
2 0 8
3 0 10
4 0 63
5 0 116
6 0 224
7 1 2
8 1 7
9 1 10
10 1 154
11 2 4
12 2 10
13 2 11
14 2 81
15 2 240
16 3 5
17 3 6
18 3 7
19 3 9
20 3 10
21 3 11
22 4 5
23 4 6
24 4 7
25 4 8
26 4 10
27 5 6
28 5 8
29 5 9
30 5 11
31 6 7
32 6 8
33 6 10
34 6 12
35 6 190
36 7 8
37 7 9
38 7 11
39 7 47
40 7 206
41 8 9
42 8 10
43 8 98
44 9 11
45 10 11
46 10 31
47 10 136
48 11 173
49 12 17
50 12 18
51 12 25
52 13 24
53 13 19
54 14 23
55 15 26
56 16 17
57 18 20
58 19 22
59 19 26
60 19 25
61 19 21
62 20 28
63 21 30
64 23 27
65 27 29
66 27 28
67 31 46
68 32 41
69 33 37
70 33 35
71 34 39
72 34 44
73 35 45
74 35 40
75 36 43
76 36 38
77 37 44
78 38 40
79 40 41
80 41 46
81 42 43
82 47 58
83 47 53
84 48 61
85 49 60
86 50 57
87 51 58
88 52 59
89 52 57
90 53 56
91 54 61
92 54 55
93 55 62
94 56 57
95 56 61
96 59 60
97 63 64
98 63 66
99 65 70
100 66 69
101 67 70
102 68 70
103 68 79
104 69 72
105 70 77
106 71 75
107 71 78
108 72 73
109 73 75
110 74 79
111 76 78
112 78 79
113 79 80
114 81 89
115 82 91
116 83 87
117 83 84
118 84 90
119 84 92
120 85 96
121 85 88
122 86 89
123 87 93
124 88 90
125 89 95
126 89 93
127 91 95
128 92 97
129 93 94
130 98 101
131 98 103
132 98 105
133 99 102
134 100 105
135 102 109
136 104 106
137 104 115
138 105 111
139 105 113
140 106 113
141 106 114
142 107 112
143 107 113
144 108 113
145 109 113
146 110 111
147 116 118
148 116 119
149 117 124
150 117 128
151 117 119
152 119 120
153 119 133
154 120 122
155 121 129
156 123 129
157 125 135
158 126 131
159 127 133
160 129 133
161 130 134
162 131 133
163 132 134
164 133 134
165 134 135
166 136 137
167 137 150
168 137 142
169 138 147
170 139 149
171 140 145
172 140 151
173 140 146
174 141 147
175 141 153
176 142 153
177 143 151
178 144 150
179 146 150
180 147 149
181 148 150
182 149 152
183 154 164
184 155 158
185 155 167
186 155 168
187 155 156
188 156 169
189 157 162
190 158 161
191 158 163
192 159 165
193 159 160
194 159 171
195 160 170
196 162 164
197 162 171
198 166 167
199 169 171
200 171 172
201 173 174
202 174 182
203 174 183
204 175 179
205 175 183
206 176 178
207 176 180
208 176 181
209 177 186
210 179 187
211 180 185
212 181 186
213 182 186
214 182 188
215 183 189
216 184 189
217 190 201
218 191 198
219 191 200
220 191 199
221 192 194
222 192 197
223 192 205
224 193 204
225 193 195
226 195 196
227 196 201
228 197 201
229 199 201
230 200 203
231 202 205
232 206 214
233 207 220
234 208 209
235 208 219
236 210 214
237 211 216
238 211 219
239 211 214
240 212 215
241 212 219
242 213 222
243 214 221
244 214 223
245 215 217
246 215 222
247 218 220
248 220 222
249 224 233
250 224 228
251 224 239
252 225 237
253 225 238
254 225 230
255 226 238
256 227 236
257 228 229
258 229 235
259 230 236
260 230 239
261 231 239
262 232 234
263 232 238
264 240 257
265 241 244
266 241 257
267 242 251
268 243 252
269 244 256
270 245 249
271 245 253
272 245 252
273 245 258
274 246 249
275 247 249
276 248 254
277 250 254
278 251 257
279 251 258
280 252 254
281 252 255
0 72 13
1 75 13
2 65 25
3 77 16
4 74 21
5 76 22
6 77 28
7 71 22
8 69 26
9 71 25
10 69 29
11 67 19
12 74 21
13 69 17
14 77 24
15 65 29
16 78 28
17 73 16
18 65 17
19 73 16
20 67 29
21 75 20
22 71 13
23 63 29
24 63 12
25 72 22
26 73 27
27 66 27
28 80 15
29 77 28
30 255 96
31 250 93
32 256 82
33 246 86
34 258 94
35 255 95
36 240 85
37 245 84
38 240 87
39 254 83
40 245 93
41 257 84
42 245 97
43 257 82
44 245 85
45 250 84
46 243 84
47 255 92
48 256 83
49 247 97
50 249 96
51 252 87
52 241 86
53 242 90
54 257 94
55 256 88
56 254 91
57 254 88
58 240 93
59 247 84
60 137 89
61 148 92
62 137 92
63 144 90
64 139 84
65 147 90
66 143 87
67 149 96
68 152 82
69 149 97
70 148 85
71 147 85
72 152 84
73 146 81
74 145 97
75 151 89
76 148 84
77 142 89
78 152 83
79 142 82
80 142 89
81 146 97
82 148 96
83 152 82
84 147 90
85 151 87
86 139 93
87 140 85
88 153 96
89 137 81
90 127 100
91 116 105
92 118 104
93 131 109
94 122 115
95 121 112
96 126 99
97 121 105
98 130 108
99 125 109
100 135 112
101 116 112
102 124 99
103 131 114
104 122 101
105 133 106
106 118 112
107 124 100
108 129 103
109 117 105
110 118 113
111 122 113
112 128 110
113 121 102
114 117 107
115 123 110
116 128 106
117 131 102
118 118 105
119 125 112
120 122 33
121 123 41
122 122 34
123 116 46
124 123 32
125 129 36
126 120 40
127 135 46
128 135 46
129 126 39
130 124 32
131 129 41
132 117 37
133 119 42
134 125 35
135 125 36
136 124 34
137 125 45
138 123 41
139 119 33
140 117 33
141 133 36
142 120 40
143 121 35
144 116 43
145 122 43
146 122 44
147 120 33
148 133 46
149 119 37
150 50 187
151 55 174
152 59 187
153 49 188
154 60 173
155 56 184
156 55 184
157 62 182
158 53 185
159 54 177
160 54 174
161 58 177
162 56 174
163 56 184
164 51 183
165 59 179
166 47 173
167 55 174
168 52 175
169 62 181
170 52 180
171 60 189
172 48 176
173 51 177
174 57 187
175 58 176
176 56 187
177 53 188
178 58 177
179 56 182
180 164 6
181 154 3
182 165 10
183 156 11
184 159 1
185 155 1
186 164 8
187 163 9
188 157 2
189 166 8
190 157 4
191 166 11
192 165 8
193 158 1
194 165 8
195 171 4
196 165 2
197 172 7
198 155 6
199 168 10
200 159 0
201 158 9
202 163 2
203 161 8
204 156 8
205 156 2
206 165 8
207 162 6
208 162 3
209 168 5
210 62 41
211 57 36
212 57 31
213 52 40
214 58 44
215 62 41
216 57 31
217 60 39
218 58 33
219 57 46
220 49 32
221 52 36
222 62 42
223 53 41
224 51 44
225 49 37
226 53 46
227 47 39
228 58 38
229 47 40
230 62 33
231 48 40
232 52 33
233 49 44
234 60 32
235 54 32
236 47 44
237 58 35
238 62 40
239 48 44
240 184 186
241 179 188
242 189 185
243 178 189
244 184 177
245 183 187
246 184 174
247 175 173
248 177 174
249 181 174
250 180 175
251 185 178
252 182 176
253 173 188
254 188 178
255 188 173
256 177 184
257 188 183
258 174 179
259 178 221
260 183 217
261 178 215
262 189 221
263 181 210
264 188 215
265 187 222
266 175 206
267 185 218
268 187 221
269 184 206
270 188 206
271 181 217
272 179 222
273 173 221
274 183 221
275 186 214
276 185 206
277 185 215
278 186 212
279 174 219
280 189 211
281 176 206
282 178 216
283 175 218
284 176 220
285 178 212
286 184 211
287 183 211
288 189 221
289 248 208
290 253 209
291 254 221
292 251 216
293 248 210
294 257 221
295 251 213
296 248 220
297 241 212
298 241 219
299 243 214
300 253 213
301 258 207
302 249 221
303 252 216
304 253 213
305 258 221
306 251 216
307 240 215
308 241 219
309 250 217
310 254 214
311 245 214
312 243 222
313 248 206
314 240 219
315 254 221
316 252 222
317 241 209
318 256 221
319 236 38
320 224 40
321 239 36
322 233 36
323 224 36
324 230 44
325 230 44
326 239 45
327 232 40
328 230 38
329 227 39
330 228 45
331 235 32
332 225 34
333 228 33
334 236 44
335 230 36
336 239 44
337 227 42
338 228 34
339 232 43
340 229 34
341 238 36
342 225 32
343 235 33
344 237 35
345 236 43
346 224 35
347 231 31
348 227 35
349 195 172
350 191 155
351 192 155
352 196 155
353 191 161
354 205 155
355 202 168
356 199 172
357 204 164
358 197 161
359 202 158
360 202 154
361 203 160
362 196 159
363 190 171
364 200 155
365 204 162
366 205 159
367 193 161
368 199 169
369 201 157
370 192 161
371 191 159
372 202 171
373 191 170
374 199 155
375 203 163
376 195 164
377 199 164
378 205 168
379 15 222
380 12 214
381 16 213
382 27 217
383 25 216
384 12 209
385 29 213
386 22 215
387 22 210
388 25 207
389 24 215
390 16 209
391 13 220
392 15 216
393 12 209
394 29 212
395 26 221
396 18 206
397 27 206
398 24 206
399 27 220
400 29 213
401 16 221
402 12 217
403 14 206
404 27 222
405 14 218
406 18 218
407 28 222
408 30 220
409 152 188
410 146 174
411 146 185
412 147 180
413 140 185
414 142 186
415 145 178
416 147 177
417 146 180
418 136 183
419 147 179
420 141 188
421 152 176
422 137 182
423 148 183
424 140 183
425 152 182
426 139 173
427 150 175
428 147 178
429 151 188
430 137 189
431 145 180
432 136 178
433 151 177
434 136 185
435 140 174
436 147 182
437 152 188
438 139 183
439 148 185
440 136 185
441 150 178
442 147 186
443 144 175
444 137 184
445 142 188
446 153 180
447 152 179
448 137 175
449 151 189
450 148 185
451 137 181
452 146 187
453 143 184
454 146 178
455 142 177
456 146 179
457 145 173
458 139 188
459 151 174
460 142 183
461 143 181
462 148 173
463 152 188
464 146 184
465 147 188
466 143 189
467 152 179
468 149 181
469 236 216
470 230 206
471 228 209
472 239 223
473 232 218
474 230 214
475 232 207
476 227 206
477 226 209
478 234 206
479 236 210
480 230 223
481 226 210
482 227 210
483 226 210
484 237 217
485 236 206
486 231 217
487 228 215
488 233 210
489 224 206
490 226 208
491 232 217
492 239 214
493 232 217
494 231 212
495 225 208
496 236 218
497 224 208
498 234 216
499 7 159
500 9 156
501 6 170
502 5 161
503 4 171
504 10 170
505 6 165
506 7 172
507 10 169
508 2 172
509 1 161
510 7 165
511 7 172
512 11 167
513 9 159
514 5 168
515 4 164
516 3 163
517 9 159
518 0 154
519 2 170
520 5 161
521 3 154
522 7 169
523 7 170
524 0 166
525 3 168
526 10 169
527 10 159
528 3 161
529 78 223
530 75 212
531 76 219
532 79 221
533 69 212
534 74 217
535 70 212
536 69 206
537 75 221
538 80 214
539 75 211
540 74 216
541 73 210
542 76 214
543 78 207
544 67 217
545 72 218
546 66 209
547 67 218
548 79 220
549 75 221
550 67 222
551 72 222
552 76 221
553 69 215
554 78 219
555 63 208
556 75 214
557 78 213
558 64 219
559 171 197
560 166 194
561 168 201
562 168 196
563 165 202
564 168 191
565 160 198
566 163 193
567 171 197
568 159 195
569 157 200
570 167 192
571 168 190
572 159 193
573 167 201
574 171 196
575 161 204
576 154 195
577 159 205
578 157 193
579 154 197
580 160 200
581 159 191
582 165 190
583 158 199
584 164 205
585 168 205
586 163 204
587 157 198
588 166 199
589 118 244
590 122 253
591 116 256
592 129 248
593 122 257
594 124 247
595 118 257
596 125 241
597 130 246
598 127 240
599 116 252
600 123 250
601 125 248
602 126 257
603 121 258
604 119 241
605 121 257
606 119 249
607 120 247
608 116 257
609 116 240
610 130 248
611 119 240
612 133 243
613 123 244
614 121 244
615 123 254
616 135 251
617 116 253
618 117 256
619 31 178
620 44 179
621 42 185
622 33 182
623 42 180
624 35 185
625 45 188
626 32 175
627 37 183
628 31 189
629 40 173
630 38 184
631 38 182
632 37 175
633 41 177
634 40 189
635 42 188
636 43 180
637 42 176
638 36 185
639 38 189
640 45 180
641 32 182
642 40 183
643 44 186
644 31 180
645 39 175
646 42 178
647 37 179
648 32 173
649 190 247
650 198 252
651 198 252
652 204 249
653 204 254
654 194 255
655 199 242
656 192 256
657 201 246
658 193 257
659 200 256
660 193 243
661 204 245
662 195 248
663 196 252
664 194 250
665 203 255
666 201 240
667 192 250
668 205 250
669 205 247
670 194 249
671 190 255
672 195 242
673 195 247
674 200 250
675 204 241
676 203 244
677 198 250
678 195 255
679 9 71
680 1 65
681 4 79
682 9 69
683 3 80
684 7 70
685 6 75
686 8 64
687 0 76
688 10 80
689 9 75
690 7 71
691 8 69
692 0 68
693 3 64
694 1 74
695 5 64
696 7 76
697 1 64
698 11 70
699 5 78
700 7 75
701 9 72
702 1 74
703 5 66
704 9 75
705 7 79
706 17 173
707 25 184
708 21 186
709 26 173
710 15 174
711 27 175
712 13 174
713 27 173
714 28 176
715 27 179
716 12 173
717 12 174
718 22 177
719 26 180
720 22 184
721 21 187
722 24 181
723 23 180
724 30 174
725 17 185
726 29 183
727 19 187
728 18 176
729 18 187
730 30 182
731 19 184
732 12 185
733 14 175
734 25 184
735 16 184
736 114 101
737 101 104
738 100 101
739 106 103
740 114 109
741 101 99
742 115 103
743 108 98
744 102 104
745 101 111
746 111 103
747 110 103
748 115 113
749 106 102
750 99 98
751 115 99
752 101 106
753 98 112
754 111 112
755 219 120
756 207 134
757 220 135
758 214 121
759 219 120
760 214 128
761 222 133
762 223 128
763 209 125
764 210 118
765 213 116
766 206 117
767 218 116
768 216 117
769 212 121
770 218 134
771 215 130
772 222 123
773 218 129
774 220 134
775 207 121
776 215 126
777 209 119
778 214 133
779 222 128
780 212 122
781 207 123
782 214 124
783 209 125
784 218 132
785 183 213
786 179 219
787 187 212
788 178 220
789 176 206
790 176 219
791 186 223
792 175 217
793 182 217
794 189 216
795 189 215
796 173 213
797 176 207
798 184 209
799 189 206
800 174 221
801 178 215
802 175 209
803 182 209
804 189 206
805 174 213
806 185 222
807 184 219
808 177 220
809 185 210
810 177 209
811 181 209
812 189 217
813 176 218
814 173 217
815 16 193
816 24 190
817 23 199
818 25 202
819 27 202
820 18 190
821 21 205
822 16 194
823 25 205
824 14 199
825 30 197
826 22 204
827 12 194
828 24 195
829 30 191
830 29 201
831 15 196
832 26 194
833 12 202
834 25 201
835 24 194
836 26 191
837 27 201
838 16 196
839 26 197
840 14 192
841 27 202
842 28 190
843 30 192
844 26 205
845 161 2
846 161 8
847 165 0
848 170 1
849 167 2
850 157 5
851 156 4
852 159 10
853 170 6
854 171 1
855 172 10
856 172 5
857 171 0
858 159 9
859 170 7
860 157 10
861 159 2
862 159 0
863 154 8
864 167 1
865 172 9
866 159 6
867 169 0
868 169 9
869 156 3
870 166 9
871 170 3
872 161 2
873 160 5
874 165 3
875 238 67
876 239 64
877 226 75
878 225 72
879 231 71
880 233 76
881 227 79
882 227 65
883 227 78
884 239 76
885 236 77
886 228 68
887 228 71
888 224 72
889 230 79
890 233 77
891 239 65
892 233 68
893 238 65
894 233 67
895 226 77
896 234 77
897 238 76
898 235 75
899 232 79
900 229 78
901 239 67
902 224 79
903 237 75
904 224 77
905 227 207
906 233 223
907 228 206
908 226 208
909 236 220
910 229 221
911 239 211
912 235 223
913 239 214
914 233 210
915 232 221
916 224 211
917 233 223
918 238 219
919 227 207
920 233 212
921 231 221
922 228 208
923 226 206
924 225 208
925 239 219
926 231 223
927 227 220
928 227 220
929 227 211
930 229 212
931 226 218
932 238 222
933 231 217
934 224 216
935 182 203
936 182 202
937 181 196
938 182 192
939 185 194
940 186 192
941 183 193
942 187 190
943 187 197
944 188 192
945 182 194
946 177 191
947 180 205
948 174 201
949 180 196
950 174 205
951 175 191
952 178 200
953 174 198
954 186 190
955 177 198
956 176 198
957 185 205
958 186 200
959 178 195
960 188 200
961 177 203
962 175 203
963 188 192
964 185 203
965 10 123
966 11 134
967 11 116
968 7 120
969 6 124
970 3 121
971 9 119
972 10 131
973 11 116
974 10 126
975 4 119
976 11 126
977 6 125
978 8 126
979 10 122
980 7 125
981 5 131
982 4 119
983 0 130
984 1 135
985 5 120
986 6 131
987 9 135
988 10 119
989 6 122
990 0 123
991 3 120
992 8 118
993 6 118
994 4 130
995 64 107
996 77 98
997 67 99
998 75 114
999 76 98
1000 70 115
1001 78 99
1002 67 112
1003 70 109
1004 70 108
1005 70 100
1006 76 113
1007 78 105
1008 77 110
1009 75 101
1010 65 111
1011 63 113
1012 77 109
1013 78 106
1014 75 100
1015 80 98
1016 63 107
1017 69 110
1018 63 106
1019 73 108
1020 67 98
1021 71 114
1022 75 104
1023 74 115
1024 79 103
1025 13 236
1026 21 225
1027 18 236
1028 16 225
1029 18 225
1030 23 239
1031 12 225
1032 27 232
1033 24 224
1034 18 229
1035 22 231
1036 24 233
1037 25 228
1038 16 233
1039 30 236
1040 12 237
1041 27 225
1042 19 227
1043 16 229
1044 12 228
1045 17 228
1046 14 238
1047 18 228
1048 15 228
1049 18 227
1050 26 237
1051 19 229
1052 19 235
1053 23 236
1054 16 231
1055 200 101
1056 204 104
1057 201 107
1058 198 102
1059 202 112
1060 204 108
1061 197 104
1062 202 103
1063 198 106
1064 197 104
1065 201 102
1066 196 107
1067 195 98
1068 204 101
1069 202 104
1070 192 112
1071 204 106
1072 192 110
1073 199 113
1074 192 104
1075 190 113
1076 191 108
1077 205 103
1078 197 103
1079 195 115
1080 194 114
1081 204 106
1082 201 110
1083 191 102
1084 203 111
1085 64 151
1086 72 140
1087 68 150
1088 78 152
1089 68 152
1090 78 141
1091 80 150
1092 76 148
1093 76 149
1094 71 137
1095 67 153
1096 67 152
1097 69 142
1098 74 147
1099 75 140
1100 66 146
1101 72 141
1102 66 145
1103 75 153
1104 64 153
1105 72 139
1106 71 152
1107 67 136
1108 67 147
1109 66 137
1110 64 139
1111 71 151
1112 67 140
1113 64 152
1114 66 139
1115 19 5
1116 25 4
1117 29 6
1118 19 3
1119 28 1
1120 15 3
1121 27 0
1122 17 4
1123 22 3
1124 24 11
1125 24 10
1126 15 8
1127 20 10
1128 20 0
1129 15 7
1130 23 11
1131 13 8
1132 16 0
1133 26 2
1134 19 11
1135 19 4
1136 16 5
1137 15 3
1138 15 0
1139 29 8
1140 17 5
1141 30 5
1142 14 9
1143 22 11
1144 187 191
1145 178 199
1146 175 201
1147 187 201
1148 189 203
1149 187 193
1150 181 202
1151 187 193
1152 184 190
1153 177 202
1154 175 202
1155 187 193
1156 184 193
1157 189 195
1158 178 204
1159 176 203
1160 184 193
1161 176 202
1162 183 200
1163 175 204
1164 180 194
1165 176 203
1166 186 198
1167 175 203
1168 187 202
1169 182 201
1170 189 204
1171 186 194
1172 182 200
1173 173 195
1174 121 156
1175 134 157
1176 135 157
1177 131 171
1178 121 169
1179 134 170
1180 131 170
1181 122 171
1182 124 166
1183 129 156
1184 125 156
1185 128 168
1186 130 157
1187 124 159
1188 134 155
1189 131 159
1190 135 156
1191 131 166
1192 132 158
1193 133 166
1194 126 154
1195 129 168
1196 133 160
1197 134 161
1198 134 155
1199 130 167
1200 121 159
1201 124 161
1202 118 167
1203 118 167
1204 106 202
1205 107 194
1206 102 197
1207 109 197
1208 111 199
1209 108 197
1210 100 204
1211 98 192
1212 99 202
1213 109 195
1214 111 199
1215 105 198
1216 98 205
1217 115 191
1218 108 203
1219 114 202
1220 101 196
1221 105 201
1222 110 199
1223 107 193
1224 103 199
1225 108 204
1226 111 201
1227 115 194
1228 114 190
1229 99 198
1230 105 200
1231 104 190
1232 99 192
1233 101 198
1234 14 17
1235 17 28
1236 24 16
1237 24 30
1238 29 30
1239 28 17
1240 28 22
1241 24 28
1242 21 20
1243 14 26
1244 17 19
1245 30 12
1246 18 13
1247 24 21
1248 23 15
1249 30 25
1250 26 18
1251 22 16
1252 27 30
1253 13 20
1254 28 17
1255 109 33
1256 115 42
1257 103 44
1258 114 38
1259 99 45
1260 98 40
1261 108 43
1262 114 39
1263 114 36
1264 105 45
1265 111 37
1266 106 33
1267 109 42
1268 108 36
1269 104 32
1270 102 40
1271 114 35
1272 103 45
1273 105 42
1274 104 34
1275 112 45
1276 98 41
1277 110 35
1278 100 34
1279 107 41
1280 105 46
1281 109 45
1282 107 38
1283 113 34
1284 110 35
1285 217 106
1286 207 103
1287 207 101
1288 218 103
1289 209 114
1290 210 101
1291 218 104
1292 212 99
1293 208 113
1294 222 114
1295 220 102
1296 213 107
1297 215 98
1298 215 114
1299 223 113
1300 220 107
1301 218 104
1302 220 102
1303 214 106
1304 208 114
1305 217 113
1306 211 110
1307 210 104
1308 208 112
1309 214 112
1310 215 106
1311 209 99
1312 216 106
1313 214 102
1314 221 103
1315 10 215
1316 0 223
1317 9 213
1318 8 216
1319 11 215
1320 11 217
1321 5 213
1322 11 217
1323 0 215
1324 3 208
1325 4 217
1326 1 217
1327 5 212
1328 4 220
1329 2 223
1330 0 210
1331 8 222
1332 1 215
1333 5 221
1334 2 208
1335 6 211
1336 6 215
1337 6 210
1338 3 212
1339 11 214
1340 3 221
1341 10 209
1342 6 208
1343 6 210
1344 10 209
1345 114 7
1346 115 2
1347 109 9
1348 98 11
1349 101 9
1350 109 2
1351 101 11
1352 109 0
1353 103 0
1354 101 11
1355 99 2
1356 104 6
1357 110 6
1358 108 3
1359 100 1
1360 106 11
1361 98 1
1362 108 5
1363 102 7
1364 110 1
1365 115 9
1366 106 4
1367 111 2
1368 108 6
1369 111 8
1370 115 10
1371 107 10
1372 111 11
1373 175 153
1374 187 142
1375 187 152
1376 182 139
1377 178 148
1378 175 153
1379 174 139
1380 182 136
1381 187 141
1382 179 143
1383 183 139
1384 177 150
1385 175 153
1386 186 139
1387 175 144
1388 173 148
1389 174 139
1390 180 136
1391 177 138
1392 179 148
1393 183 146
1394 187 137
1395 179 139
1396 175 151
1397 179 142
1398 174 147
1399 177 146
1400 180 138
1401 173 139
1402 173 138
1403 87 215
1404 81 222
1405 82 213
1406 92 221
1407 97 215
1408 87 207
1409 93 209
1410 88 218
1411 91 218
1412 94 220
1413 87 214
1414 90 218
1415 90 206
1416 84 215
1417 94 212
1418 84 212
1419 95 207
1420 96 212
1421 85 214
1422 84 217
1423 90 211
1424 85 210
1425 94 215
1426 97 218
1427 90 216
1428 92 208
1429 82 216
1430 86 220
1431 83 213
1432 84 220
1433 62 48
1434 56 49
1435 50 61
1436 62 59
1437 59 61
1438 62 59
1439 60 62
1440 58 61
1441 49 57
1442 58 61
1443 52 58
1444 56 62
1445 48 47
1446 58 48
1447 54 47
1448 48 52
1449 56 59
1450 60 57
1451 62 52
1452 52 54
1453 58 52
1454 57 47
1455 39 225
1456 38 231
1457 46 229
1458 38 224
1459 33 225
1460 38 236
1461 40 228
1462 37 233
1463 35 236
1464 34 239
1465 42 227
1466 33 224
1467 46 236
1468 45 238
1469 43 239
1470 40 227
1471 31 227
1472 41 225
1473 38 234
1474 37 231
1475 44 224
1476 46 239
1477 35 239
1478 38 237
1479 33 228
1480 41 224
1481 45 228
1482 45 238
1483 31 230
1484 34 232
1485 229 162
1486 236 168
1487 224 156
1488 237 155
1489 229 167
1490 231 169
1491 229 156
1492 224 159
1493 224 157
1494 229 163
1495 230 160
1496 225 167
1497 226 162
1498 231 158
1499 236 170
1500 230 159
1501 239 164
1502 232 159
1503 239 165
1504 224 168
1505 239 170
1506 229 158
1507 239 165
1508 234 168
1509 229 160
1510 228 172
1511 239 170
1512 230 159
1513 232 172
1514 230 162
1515 114 71
1516 98 71
1517 98 65
1518 110 66
1519 114 64
1520 107 63
1521 112 70
1522 100 78
1523 101 63
1524 113 65
1525 110 67
1526 110 70
1527 105 65
1528 109 67
1529 113 75
1530 109 71
1531 103 70
1532 111 63
1533 110 78
1534 111 65
1535 103 71
1536 110 71
1537 110 66
1538 109 79
1539 115 67
1540 104 74
1541 101 74
1542 115 65
1543 101 74
1544 103 67
1545 207 247
1546 215 241
1547 217 249
1548 218 251
1549 213 241
1550 220 241
1551 215 250
1552 206 248
1553 213 256
1554 220 242
1555 214 248
1556 206 248
1557 215 254
1558 210 253
1559 206 247
1560 219 248
1561 217 245
1562 216 245
1563 219 241
1564 209 246
1565 207 254
1566 209 251
1567 208 243
1568 208 257
1569 211 242
1570 213 245
1571 210 240
1572 219 258
1573 220 255
1574 223 257
1575 8 66
1576 6 63
1577 6 64
1578 11 64
1579 9 63
1580 6 66
1581 9 67
1582 10 75
1583 6 79
1584 11 70
1585 5 63
1586 3 76
1587 0 71
1588 7 65
1589 8 77
1590 5 76
1591 8 65
1592 10 71
1593 4 78
1594 5 66
1595 1 71
1596 5 71
1597 2 67
1598 7 79
1599 8 65
1600 4 72
1601 8 75
1602 4 73
1603 5 69
1604 7 71
1605 72 7
1606 71 9
1607 80 3
1608 63 11
1609 79 7
1610 74 8
1611 73 7
1612 77 3
1613 64 2
1614 65 10
1615 75 1
1616 67 5
1617 68 7
1618 64 10
1619 72 8
1620 73 7
1621 78 11
1622 69 11
1623 67 1
1624 76 9
1625 67 1
1626 70 9
1627 63 1
1628 78 9
1629 72 3
1630 63 11
1631 69 7
1632 78 5
1633 79 5
1634 69 7
1635 162 209
1636 157 223
1637 166 215
1638 169 208
1639 167 220
1640 155 207
1641 170 220
1642 166 212
1643 154 219
1644 167 218
1645 165 222
1646 157 214
1647 167 208
1648 167 207
1649 159 214
1650 161 206
1651 157 207
1652 164 207
1653 158 223
1654 158 218
1655 156 208
1656 164 217
1657 160 206
1658 157 213
1659 155 217
1660 156 207
1661 167 220
1662 155 218
1663 158 215
1664 156 212
1665 75 66
1666 80 73
1667 64 65
1668 72 77
1669 68 63
1670 72 71
1671 79 67
1672 69 75
1673 79 77
1674 66 70
1675 80 77
1676 67 78
1677 74 69
1678 69 65
1679 72 64
1680 78 72
1681 63 80
1682 76 66
1683 78 63
1684 66 67
1685 72 76
1686 79 66
1687 74 77
1688 67 75
1689 71 66
1690 75 65
1691 68 71
1692 227 224
1693 235 231
1694 230 228
1695 224 238
1696 226 229
1697 226 231
1698 228 230
1699 235 237
1700 231 226
1701 225 234
1702 237 232
1703 231 235
1704 224 234
1705 234 233
1706 238 231
1707 227 234
1708 158 81
1709 159 86
1710 172 91
1711 157 83
1712 158 95
1713 160 86
1714 163 84
1715 159 94
1716 171 93
1717 168 95
1718 164 83
1719 170 91
1720 164 90
1721 156 88
1722 154 89
1723 156 85
1724 166 81
1725 163 85
1726 165 88
1727 170 87
1728 168 88
1729 166 92
1730 155 84
1731 171 90
1732 168 89
1733 170 86
1734 155 81
1735 171 87
1736 164 86
1737 171 82
1738 226 107
1739 226 111
1740 237 113
1741 228 114
1742 236 101
1743 237 110
1744 228 105
1745 236 113
1746 234 111
1747 237 114
1748 224 99
1749 229 102
1750 225 98
1751 229 100
1752 225 111
1753 227 115
1754 233 114
1755 238 108
1756 238 112
1757 225 106
1758 228 103
1759 231 98
1760 230 105
1761 227 109
1762 237 114
1763 227 112
1764 236 98
1765 230 105
1766 225 107
1767 235 111
1768 248 26
1769 242 29
1770 256 29
1771 241 20
1772 256 20
1773 252 28
1774 244 22
1775 248 12
1776 257 17
1777 243 13
1778 254 23
1779 256 26
1780 254 13
1781 240 14
1782 253 30
1783 255 15
1784 248 18
1785 240 20
1786 250 16
1787 252 14
1788 243 21
1789 240 17
1790 254 21
1791 249 28
1792 245 25
1793 246 27
1794 251 18
1795 258 23
1796 240 21
1797 250 21
1798 155 236
1799 172 232
1800 172 238
1801 166 232
1802 164 229
1803 160 238
1804 162 232
1805 155 226
1806 154 232
1807 160 236
1808 165 239
1809 158 233
1810 161 234
1811 171 235
1812 165 227
1813 167 228
1814 161 236
1815 160 231
1816 164 235
1817 172 226
1818 171 232
1819 159 226
1820 171 228
1821 162 230
1822 161 231
1823 159 234
1824 170 238
1825 165 225
1826 161 232
1827 168 229
1828 23 168
1829 27 168
1830 15 164
1831 15 170
1832 15 170
1833 15 162
1834 30 161
1835 12 165
1836 16 157
1837 28 161
1838 17 167
1839 14 161
1840 22 164
1841 30 170
1842 15 154
1843 22 159
1844 21 171
1845 23 165
1846 26 155
1847 25 166
1848 30 154
1849 12 159
1850 21 165
1851 28 166
1852 24 166
1853 29 162
1854 27 158
1855 25 161
1856 30 164
1857 13 169
1858 26 86
1859 12 92
1860 19 83
1861 22 92
1862 17 92
1863 15 81
1864 30 91
1865 29 86
1866 29 93
1867 21 88
1868 28 83
1869 28 93
1870 27 83
1871 28 93
1872 21 84
1873 24 86
1874 21 91
1875 27 91
1876 13 86
1877 27 84
1878 20 95
1879 15 95
1880 27 84
1881 21 88
1882 28 92
1883 16 87
1884 13 87
1885 27 95
1886 15 92
1887 19 91
1888 102 48
1889 103 48
1890 98 51
1891 108 49
1892 110 50
1893 102 50
1894 109 57
1895 106 59
1896 98 54
1897 112 54
1898 99 52
1899 115 56
1900 106 53
1901 108 61
1902 108 50
1903 108 57
1904 104 54
1905 110 55
1906 111 54
1907 98 57
1908 102 56
1909 101 50
1910 104 59
1911 109 61
1912 101 55
1913 106 60
1914 106 54
1915 103 53
1916 108 50
1917 112 49
1918 216 156
1919 211 172
1920 218 157
1921 211 164
1922 214 156
1923 206 171
1924 216 163
1925 208 171
1926 211 171
1927 212 160
1928 218 167
1929 221 163
1930 221 161
1931 220 157
1932 217 166
1933 223 159
1934 209 163
1935 223 169
1936 214 165
1937 211 154
1938 215 154
1939 216 157
1940 217 165
1941 217 161
1942 213 154
1943 219 166
1944 219 159
1945 214 170
1946 209 157
1947 221 170
1948 151 144
1949 136 147
1950 141 151
1951 139 140
1952 148 149
1953 145 137
1954 137 141
1955 150 143
1956 136 146
1957 141 137
1958 145 139
1959 143 136
1960 144 142
1961 153 140
1962 140 138
1963 139 146
1964 145 139
1965 138 145
1966 138 145
1967 149 153
1968 145 138
1969 153 151
1970 149 150
1971 0 221
1972 3 208
1973 10 207
1974 4 214
1975 2 216
1976 6 223
1977 8 215
1978 3 211
1979 2 213
1980 5 211
1981 1 217
1982 8 210
1983 7 222
1984 7 212
1985 1 217
1986 2 207
1987 5 213
1988 4 220
1989 5 219
1990 4 213
1991 0 209
1992 1 212
1993 11 210
1994 0 214
1995 1 220
1996 4 207
1997 10 207
1998 6 218
1999 4 223
2000 45 65
2001 36 79
2002 31 65
2003 42 69
2004 39 77
2005 42 79
2006 42 77
2007 44 70
2008 33 75
2009 31 77
2010 43 65
2011 39 70
2012 39 66
2013 42 72
2014 38 69
2015 32 67
2016 40 78
2017 44 65
2018 39 76
2019 46 72
2020 35 74
2021 42 64
2022 45 72
2023 33 69
2024 42 74
2025 44 63
2026 33 64
2027 44 69
2028 45 70
2029 39 68
2030 131 139
2031 120 147
2032 127 147
2033 126 138
2034 131 147
2035 135 142
2036 119 153
2037 134 146
2038 125 148
2039 118 146
2040 128 150
2041 132 145
2042 122 142
2043 132 137
2044 130 144
2045 121 146
2046 124 145
2047 132 148
2048 131 152
2049 120 144
2050 127 142
2051 127 145
2052 119 149
2053 126 142
2054 123 142
2055 123 146
2056 122 146
2057 123 147
2058 119 146
2059 122 153
2060 134 209
2061 132 212
2062 124 222
2063 124 211
2064 133 211
2065 122 216
2066 125 223
2067 135 218
2068 130 220
2069 127 210
2070 122 218
2071 123 215
2072 128 222
2073 120 222
2074 135 214
2075 131 221
2076 124 223
2077 128 222
2078 120 210
2079 134 222
2080 119 213
2081 134 217
2082 134 209
2083 127 209
2084 118 219
2085 116 218
2086 121 209
2087 135 221
2088 121 215
2089 134 211
2090 37 217
2091 44 209
2092 45 210
2093 33 217
2094 42 208
2095 37 208
2096 32 206
2097 32 213
2098 33 219
2099 44 207
2100 40 215
2101 39 213
2102 42 223
2103 32 214
2104 35 208
2105 36 216
2106 39 221
2107 34 214
2108 42 206
2109 33 218
2110 43 210
2111 36 223
2112 44 215
2113 32 211
2114 42 209
2115 36 214
2116 34 210
2117 31 207
2118 38 218
2119 45 212
2120 237 146
2121 227 148
2122 237 139
2123 235 143
2124 232 144
2125 225 145
2126 234 148
2127 236 144
2128 224 141
2129 224 151
2130 239 141
2131 235 146
2132 239 141
2133 238 147
2134 239 149
2135 233 144
2136 232 146
2137 226 149
2138 229 136
2139 228 151
2140 227 145
2141 230 153
2142 230 139
2143 236 148
2144 233 137
2145 230 147
2146 232 138
2147 224 148
2148 238 151
2149 233 152
2150 179 89
2151 182 84
2152 176 92
2153 175 89
2154 181 97
2155 173 84
2156 174 94
2157 181 91
2158 183 95
2159 189 88
2160 186 92
2161 181 90
2162 179 91
2163 184 96
2164 186 87
2165 176 95
2166 175 89
2167 174 86
2168 177 85
2169 187 94
2170 187 94
2171 177 86
2172 182 91
2173 182 85
2174 185 82
2175 181 83
2176 175 81
2177 177 87
2178 184 96
2179 176 83
2180 137 141
2181 140 152
2182 151 137
2183 141 140
2184 152 144
2185 137 149
2186 149 137
2187 144 149
2188 149 148
2189 139 150
2190 152 151
2191 139 142
2192 140 137
2193 151 144
2194 144 145
2195 143 137
2196 138 139
2197 149 137
2198 144 142
2199 151 153
2200 145 150
2201 140 230
2202 151 227
2203 140 233
2204 152 231
2205 153 233
2206 144 235
2207 149 234
2208 138 239
2209 139 224
2210 143 239
2211 138 237
2212 153 226
2213 145 230
2214 146 228
2215 136 238
2216 143 232
2217 137 239
2218 143 229
2219 151 224
2220 146 227
2221 137 239
2222 141 227
2223 137 232
2224 146 225
2225 149 232
2226 150 238
2227 152 228
2228 148 233
2229 150 229
2230 149 230
2231 12 52
2232 12 54
2233 28 50
2234 19 56
2235 26 48
2236 26 54
2237 22 54
2238 21 60
2239 30 59
2240 22 52
2241 23 52
2242 13 56
2243 24 50
2244 29 53
2245 20 60
2246 12 59
2247 17 58
2248 27 57
2249 18 51
2250 17 47
2251 13 62
2252 22 55
2253 13 47
2254 24 48
2255 25 55
2256 30 59
2257 28 48
2258 24 60
2259 29 53
2260 12 54
2261 194 136
2262 193 151
2263 200 149
2264 202 152
2265 196 145
2266 199 146
2267 196 148
2268 203 136
2269 190 149
2270 205 152
2271 200 151
2272 201 151
2273 193 145
2274 200 145
2275 198 152
2276 197 137
2277 198 136
2278 191 148
2279 198 137
2280 195 142
2281 201 148
2282 190 145
2283 202 149
2284 202 147
2285 199 140
2286 194 137
2287 194 153
2288 190 140
2289 190 137
2290 199 144
2291 66 118
2292 80 132
2293 72 126
2294 72 116
2295 68 132
2296 75 120
2297 66 135
2298 73 127
2299 65 128
2300 71 134
2301 73 133
2302 67 119
2303 76 116
2304 80 129
2305 72 117
2306 67 127
2307 73 123
2308 64 125
2309 66 121
2310 73 119
2311 66 124
2312 68 127
2313 72 124
2314 77 117
2315 70 119
2316 71 121
2317 78 117
2318 73 128
2319 74 126
2320 64 133
2321 98 54
2322 104 50
2323 109 49
2324 113 58
2325 104 58
2326 109 61
2327 102 50
2328 112 59
2329 110 61
2330 98 56
2331 99 49
2332 104 49
2333 100 58
2334 103 47
2335 99 59
2336 106 61
2337 110 53
2338 103 58
2339 109 56
2340 111 59
2341 108 54
2342 99 54
2343 114 48
2344 110 47
2345 100 51
2346 108 61
2347 105 60
2348 113 62
2349 115 54
2350 101 57
2351 250 189
2352 254 177
2353 249 182
2354 246 175
2355 242 184
2356 257 175
2357 246 173
2358 241 185
2359 240 178
2360 243 185
2361 243 187
2362 249 187
2363 245 184
2364 244 189
2365 245 174
2366 254 187
2367 251 185
2368 255 185
2369 257 174
2370 241 174
2371 241 186
2372 255 173
2373 245 186
2374 246 177
2375 243 177
2376 251 179
2377 255 177
2378 243 182
2379 245 178
2380 243 185
2381 187 47
2382 188 55
2383 182 47
2384 175 50
2385 181 48
2386 179 56
2387 182 55
2388 174 55
2389 181 61
2390 185 51
2391 177 59
2392 174 56
2393 176 52
2394 189 54
2395 181 53
2396 181 62
2397 185 59
2398 181 51
2399 180 51
2400 189 58
2401 173 47
2402 178 49
2403 189 61
2404 178 52
2405 183 56
2406 176 49
2407 181 56
2408 188 48
2409 183 58
2410 181 60
2411 163 36
2412 158 42
2413 160 44
2414 172 42
2415 168 42
2416 170 41
2417 158 31
2418 172 36
2419 170 42
2420 158 40
2421 159 38
2422 171 37
2423 166 38
2424 157 35
2425 170 41
2426 155 45
2427 161 37
2428 160 36
2429 159 33
2430 169 37
2431 154 42
2432 165 35
2433 164 41
2434 160 42
2435 162 40
2436 155 33
2437 172 42
2438 159 43
2439 162 43
2440 164 31
2441 51 7
2442 48 3
2443 58 11
2444 53 10
2445 56 5
2446 61 3
2447 54 11
2448 53 3
2449 53 4
2450 50 2
2451 58 0
2452 48 2
2453 60 9
2454 58 4
2455 56 5
2456 51 10
2457 51 11
2458 50 6
2459 55 1
2460 53 2
2461 61 9
2462 61 9
2463 57 4
2464 59 7
2465 57 8
2466 50 9
2467 50 1
2468 60 2
2469 194 163
2470 198 164
2471 197 161
2472 198 166
2473 193 172
2474 193 158
2475 198 165
2476 198 164
2477 194 154
2478 204 167
2479 193 164
2480 203 168
2481 200 158
2482 192 165
2483 205 170
2484 204 164
2485 192 160
2486 191 162
2487 200 158
2488 196 172
2489 193 171
2490 192 164
2491 194 169
2492 204 162
2493 197 162
2494 201 167
2495 194 162
2496 192 157
2497 190 172
2498 197 165
2499 68 221
2500 74 211
2501 72 211
2502 75 223
2503 64 207
2504 69 210
2505 68 209
2506 74 211
2507 72 212
2508 69 211
2509 80 207
2510 66 217
2511 66 217
2512 80 217
2513 80 214
2514 71 219
2515 78 218
2516 63 216
2517 79 222
2518 68 212
2519 72 214
2520 68 207
2521 75 214
2522 70 211
2523 71 220
2524 77 214
2525 67 211
2526 65 207
2527 80 213
2528 64 215
2529 173 81
2530 189 84
2531 173 92
2532 185 94
2533 181 93
2534 189 92
2535 183 93
2536 179 89
2537 181 97
2538 189 92
2539 189 95
2540 178 83
2541 173 93
2542 176 93
2543 186 83
2544 173 97
2545 179 91
2546 185 85
2547 176 88
2548 185 82
2549 173 88
2550 188 85
2551 183 85
2552 180 97
2553 177 84
2554 173 86
2555 180 81
2556 189 85
2557 182 89
2558 174 81
2559 203 162
2560 195 165
2561 203 169
2562 195 166
2563 198 171
2564 205 155
2565 195 162
2566 204 165
2567 190 172
2568 193 154
2569 195 158
2570 190 168
2571 205 155
2572 204 168
2573 202 156
2574 194 168
2575 204 161
2576 193 156
2577 191 157
2578 201 164
2579 192 166
2580 201 164
2581 199 166
2582 197 162
2583 193 158
2584 203 159
2585 191 171
2586 197 164
2587 199 165
2588 191 161
2589 6 105
2590 10 106
2591 7 113
2592 11 107
2593 10 110
2594 3 110
2595 2 110
2596 5 105
2597 11 107
2598 1 102
2599 8 104
2600 1 108
2601 3 109
2602 5 107
2603 5 104
2604 6 113
2605 1 106
2606 7 99
2607 0 102
2608 4 112
2609 8 109
2610 11 111
2611 6 112
2612 2 105
2613 11 101
2614 11 112
2615 8 106
2616 2 112
2617 152 68
2618 148 69
2619 146 67
2620 140 78
2621 142 79
2622 145 71
2623 137 80
2624 148 66
2625 141 74
2626 142 79
2627 152 70
2628 139 63
2629 147 75
2630 136 67
2631 153 69
2632 139 72
2633 144 67
2634 137 65
2635 142 72
2636 138 74
2637 139 72
2638 152 79
2639 146 76
2640 151 74
2641 152 69
2642 149 67
2643 144 72
2644 150 77
2645 141 64
2646 148 76
2647 103 216
2648 111 209
2649 111 216
2650 105 215
2651 103 208
2652 101 209
2653 107 209
2654 100 216
2655 102 215
2656 110 223
2657 112 210
2658 101 220
2659 98 219
2660 108 210
2661 115 215
2662 112 208
2663 108 212
2664 115 215
2665 114 211
2666 99 214
2667 115 208
2668 101 212
2669 109 213
2670 99 211
2671 105 221
2672 104 208
2673 110 213
2674 100 214
2675 107 220
2676 101 209
2677 45 180
2678 36 178
2679 44 185
2680 43 177
2681 38 173
2682 36 180
2683 46 185
2684 36 182
2685 36 184
2686 40 178
2687 37 184
2688 31 189
2689 34 174
2690 35 182
2691 41 177
2692 46 181
2693 46 185
2694 38 177
2695 43 181
2696 37 174
2697 45 185
2698 37 181
2699 44 175
2700 44 182
2701 44 179
2702 42 189
2703 35 175
2704 32 173
2705 41 187
2706 43 181
2707 125 199
2708 123 191
2709 135 191
2710 132 205
2711 127 196
2712 119 202
2713 129 202
2714 125 197
2715 131 193
2716 125 205
2717 135 199
2718 125 201
2719 120 194
2720 125 202
2721 119 196
2722 129 194
2723 133 195
2724 121 205
2725 126 203
2726 121 205
2727 133 190
2728 121 204
2729 130 204
2730 119 191
2731 134 191
2732 120 196
2733 119 196
2734 120 203
2735 121 198
2736 121 196
2737 209 51
2738 215 49
2739 216 61
2740 212 54
2741 210 51
2742 219 61
2743 218 51
2744 214 58
2745 220 60
2746 212 51
2747 219 58
2748 223 59
2749 209 54
2750 215 53
2751 220 53
2752 218 58
2753 217 52
2754 214 62
2755 214 51
2756 212 49
2757 215 55
2758 216 61
2759 211 56
2760 214 50
2761 213 62
2762 211 60
2763 209 53
2764 217 47
2765 215 56
2766 242 182
2767 247 188
2768 245 189
2769 253 181
2770 248 180
2771 244 189
2772 258 183
2773 240 185
2774 244 188
2775 255 177
2776 242 180
2777 240 179
2778 245 176
2779 245 175
2780 255 177
2781 243 176
2782 255 188
2783 249 173
2784 258 173
2785 252 189
2786 245 180
2787 249 182
2788 250 174
2789 240 187
2790 248 186
2791 242 178
2792 244 186
2793 257 182
2794 258 176
2795 241 178
2796 148 135
2797 150 125
2798 141 132
2799 152 130
2800 149 135
2801 149 116
2802 139 120
2803 141 135
2804 153 124
2805 138 121
2806 145 129
2807 141 124
2808 147 126
2809 150 124
2810 142 116
2811 140 118
2812 150 123
2813 138 118
2814 143 131
2815 148 118
2816 141 128
2817 148 131
2818 139 118
2819 140 117
2820 144 123
2821 151 117
2822 151 125
2823 137 135
2824 136 121
2825 147 122
2826 57 258
2827 51 242
2828 50 256
2829 55 240
2830 53 242
2831 50 247
2832 55 257
2833 60 246
2834 62 247
2835 47 243
2836 61 240
2837 60 243
2838 56 255
2839 58 257
2840 57 240
2841 59 248
2842 55 250
2843 54 251
2844 54 254
2845 47 251
2846 55 254
2847 62 241
2848 53 249
2849 49 244
2850 62 250
2851 61 244
2852 56 255
2853 47 253
2854 61 242
2855 49 245
2856 116 222
2857 120 222
2858 134 217
2859 117 206
2860 131 222
2861 116 223
2862 127 211
2863 116 213
2864 131 212
2865 130 211
2866 130 218
2867 132 208
2868 135 220
2869 123 222
2870 122 213
2871 127 206
2872 127 208
2873 122 221
2874 118 213
2875 130 218
2876 134 213
2877 116 211
2878 129 219
2879 117 208
2880 131 209
2881 126 222
2882 132 218
2883 126 219
2884 123 216
2885 124 221
