221 243 10 2926
0 9
1 7
2 10
3 7
4 8
5 6
6 9
7 11
8 9
9 7
10 4
11 9
12 6
13 3
14 3
15 3
16 4
17 5
18 3
19 3
20 3
21 3
22 3
23 3
24 4
25 3
26 3
27 3
28 3
29 3
30 3
31 5
32 3
33 3
34 3
35 3
36 3
37 3
38 3
39 4
40 3
41 3
42 3
43 3
44 3
45 4
46 3
47 3
48 3
49 3
50 4
51 4
52 4
53 4
54 3
55 3
56 4
57 3
58 3
59 3
60 3
61 3
62 3
63 3
64 4
65 3
66 3
67 4
68 3
69 3
70 3
71 5
72 5
73 4
74 3
75 3
76 4
77 3
78 3
79 7
80 3
81 3
82 4
83 3
84 3
85 3
86 3
87 4
88 5
89 3
90 3
91 3
92 5
93 3
94 5
95 4
96 3
97 3
98 3
99 6
100 3
101 3
102 4
103 3
104 4
105 4
106 3
107 3
108 3
109 3
110 4
111 3
112 3
113 4
114 3
115 3
116 3
117 3
118 3
119 3
120 3
121 3
122 3
123 3
124 3
125 4
126 3
127 3
128 4
129 4
130 6
131 3
132 4
133 3
134 3
135 3
136 3
137 4
138 3
139 6
140 3
141 3
142 3
143 3
144 3
145 3
146 4
147 4
148 3
149 4
150 4
151 3
152 3
153 3
154 3
155 3
156 3
157 4
158 4
159 3
160 4
161 3
162 4
163 3
164 3
165 4
166 3
167 3
168 4
169 4
170 3
171 5
172 5
173 3
174 3
175 4
176 3
177 4
178 3
179 3
180 3
181 3
182 3
183 3
184 3
185 3
186 3
187 4
188 4
189 3
190 4
191 5
192 3
193 3
194 3
195 3
196 3
197 3
198 4
199 5
200 7
201 3
202 3
203 3
204 3
205 3
206 3
207 5
208 4
209 3
210 3
211 3
212 5
213 4
214 3
215 3
216 4
217 3
218 3
219 3
220 3
0 0 2
1 0 4
2 0 6
3 0 7
4 0 9
5 0 12
6 0 61
7 0 113
8 1 4
9 1 5
10 1 6
11 1 8
12 1 10
13 1 11
14 2 3
15 2 5
16 2 6
17 2 8
18 2 9
19 2 11
20 2 95
21 3 6
22 3 11
23 3 45
24 3 188
25 4 7
26 4 8
27 4 9
28 4 11
29 5 7
30 5 9
31 5 11
32 6 7
33 6 8
34 6 11
35 6 171
36 7 8
37 7 9
38 7 11
39 7 79
40 7 132
41 8 9
42 8 30
43 8 152
44 9 10
45 10 204
46 12 24
47 12 25
48 12 18
49 13 20
50 13 17
51 14 22
52 15 17
53 16 21
54 16 24
55 17 27
56 18 26
57 18 29
58 19 23
59 19 27
60 20 28
61 22 25
62 27 29
63 30 33
64 31 33
65 31 43
66 31 41
67 32 35
68 33 40
69 34 37
70 34 38
71 34 44
72 35 39
73 35 44
74 36 41
75 36 39
76 42 43
77 45 51
78 45 60
79 46 48
80 46 54
81 47 52
82 47 56
83 49 58
84 50 58
85 50 56
86 50 55
87 51 55
88 52 59
89 53 57
90 53 60
91 54 55
92 61 67
93 62 72
94 62 71
95 63 74
96 63 71
97 64 68
98 64 65
99 65 70
100 66 72
101 67 76
102 68 73
103 68 76
104 69 73
105 70 72
106 71 75
107 71 78
108 77 78
109 79 81
110 79 91
111 79 87
112 79 94
113 80 82
114 82 89
115 82 88
116 82 94
117 83 88
118 84 94
119 85 88
120 86 92
121 87 92
122 88 90
123 92 93
124 95 100
125 95 106
126 96 107
127 97 105
128 98 106
129 98 104
130 99 105
131 99 110
132 99 111
133 99 112
134 101 102
135 101 105
136 102 109
137 103 110
138 104 112
139 107 111
140 108 110
141 113 117
142 113 131
143 114 122
144 114 129
145 115 125
146 116 119
147 116 125
148 116 128
149 117 129
150 118 120
151 118 130
152 119 121
153 123 129
154 124 130
155 124 128
156 126 130
157 127 130
158 128 129
159 132 135
160 133 143
161 133 138
162 134 139
163 135 147
164 136 144
165 137 138
166 137 145
167 137 149
168 139 140
169 139 144
170 139 142
171 141 148
172 141 149
173 141 150
174 142 151
175 146 147
176 146 150
177 146 151
178 152 160
179 153 166
180 153 159
181 154 166
182 155 157
183 155 156
184 156 162
185 157 160
186 158 161
187 158 160
188 159 170
189 161 165
190 162 170
191 163 168
192 164 165
193 165 167
194 167 169
195 168 169
196 171 178
197 171 179
198 171 175
199 172 173
200 172 176
201 172 186
202 172 187
203 173 181
204 173 174
205 174 182
206 175 186
207 176 180
208 176 177
209 177 183
210 177 184
211 185 187
212 188 198
213 189 192
214 190 193
215 190 200
216 191 192
217 191 194
218 191 199
219 195 200
220 196 202
221 197 199
222 197 203
223 198 199
224 200 201
225 200 202
226 200 203
227 204 210
228 204 212
229 205 206
230 205 214
231 207 214
232 207 212
233 207 211
234 208 209
235 208 217
236 208 213
237 211 217
238 212 216
239 212 219
240 213 220
241 215 218
242 215 216
0 219 127
1 213 125
2 219 118
3 220 130
4 207 121
5 220 116
6 204 113
7 209 116
8 210 115
9 210 114
10 214 129
11 205 124
12 220 120
13 207 118
14 210 115
15 206 130
16 218 131
17 212 113
18 219 118
19 218 114
20 215 114
21 212 115
22 214 126
23 209 113
24 218 131
25 215 124
26 220 120
27 213 123
28 216 123
29 205 120
30 126 88
31 131 79
32 125 81
33 115 83
34 127 90
35 117 83
36 127 87
37 120 91
38 122 81
39 117 91
40 131 79
41 125 82
42 125 89
43 113 94
44 128 91
45 126 81
46 131 89
47 126 85
48 117 92
49 115 89
50 118 82
51 117 90
52 127 79
53 129 93
54 118 89
55 125 89
56 116 86
57 126 92
58 120 87
59 114 88
60 34 0
61 30 3
62 43 8
63 41 3
64 43 0
65 40 2
66 41 6
67 40 7
68 43 8
69 41 11
70 41 5
71 40 5
72 39 8
73 41 2
74 35 6
75 33 4
76 37 6
77 38 11
78 34 11
79 31 2
80 42 7
81 34 11
82 32 0
83 33 6
84 34 8
85 39 5
86 42 3
87 30 11
88 32 10
89 44 4
90 136 155
91 148 162
92 150 168
93 142 161
94 143 152
95 136 170
96 142 167
97 133 159
98 141 153
99 134 156
100 142 158
101 141 157
102 147 165
103 133 154
104 149 163
105 132 163
106 149 158
107 140 164
108 150 158
109 133 170
110 133 169
111 147 152
112 147 166
113 148 159
114 150 159
115 141 167
116 144 156
117 146 158
118 146 165
119 135 162
120 154 4
121 161 2
122 165 1
123 169 5
124 155 0
125 163 0
126 170 8
127 161 11
128 153 0
129 154 2
130 155 1
131 154 5
132 154 3
133 155 8
134 157 6
135 170 11
136 158 5
137 161 1
138 158 7
139 158 7
140 164 3
141 157 3
142 168 0
143 158 3
144 154 0
145 155 11
146 163 11
147 165 1
148 167 7
149 152 3
150 91 195
151 93 200
152 92 189
153 86 202
154 85 190
155 93 191
156 93 189
157 89 188
158 80 194
159 94 198
160 82 197
161 83 199
162 93 199
163 94 191
164 84 194
165 93 196
166 91 193
167 81 200
168 85 202
169 87 202
170 94 194
171 92 203
172 80 188
173 81 188
174 89 197
175 84 189
176 89 197
177 83 200
178 79 190
179 85 195
180 118 156
181 117 152
182 119 152
183 127 158
184 124 158
185 119 168
186 113 168
187 124 169
188 125 170
189 113 156
190 118 152
191 117 169
192 121 152
193 120 165
194 115 167
195 118 152
196 122 156
197 131 162
198 128 152
199 114 162
200 129 157
201 129 152
202 117 163
203 113 155
204 127 169
205 116 168
206 115 159
207 129 160
208 114 170
209 115 160
210 89 43
211 94 42
212 92 36
213 85 38
214 83 44
215 86 36
216 82 30
217 85 34
218 82 44
219 90 40
220 80 42
221 88 44
222 92 41
223 80 32
224 79 38
225 89 38
226 93 32
227 93 41
228 89 33
229 90 39
230 84 35
231 89 35
232 83 35
233 83 42
234 84 33
235 86 30
236 91 32
237 79 37
238 82 36
239 80 36
240 45 62
241 47 65
242 54 68
243 50 66
244 47 64
245 60 69
246 56 62
247 48 73
248 57 75
249 55 66
250 47 62
251 51 71
252 47 67
253 55 74
254 59 64
255 52 69
256 45 70
257 52 68
258 57 72
259 53 62
260 48 77
261 53 69
262 51 75
263 60 72
264 50 76
265 47 73
266 59 64
267 57 77
268 47 78
269 52 73
270 37 75
271 36 65
272 34 75
273 36 76
274 41 64
275 32 62
276 39 71
277 39 63
278 37 77
279 38 63
280 37 68
281 36 62
282 36 68
283 36 72
284 39 78
285 37 70
286 31 62
287 44 78
288 30 66
289 44 68
290 33 69
291 40 64
292 34 65
293 39 71
294 38 73
295 35 76
296 36 74
297 34 72
298 40 78
299 41 70
300 205 0
301 214 0
302 205 10
303 214 1
304 208 0
305 214 6
306 215 10
307 220 4
308 214 11
309 208 8
310 207 8
311 219 0
312 214 5
313 215 4
314 218 11
315 217 0
316 210 0
317 204 8
318 208 3
319 218 7
320 204 3
321 211 8
322 207 3
323 214 7
324 212 3
325 217 2
326 218 9
327 212 11
328 215 6
329 206 6
330 118 115
331 127 114
332 117 124
333 125 126
334 123 119
335 129 131
336 114 115
337 119 124
338 125 113
339 123 115
340 116 126
341 129 130
342 126 121
343 126 120
344 131 115
345 116 114
346 113 119
347 118 121
348 125 130
349 40 55
350 38 56
351 35 54
352 38 47
353 30 51
354 34 52
355 40 52
356 34 59
357 39 57
358 41 53
359 34 47
360 32 48
361 40 46
362 42 59
363 39 58
364 42 45
365 41 51
366 32 54
367 42 60
368 44 53
369 36 57
370 35 56
371 44 48
372 40 57
373 42 57
374 43 45
375 33 49
376 31 60
377 38 48
378 44 47
379 18 209
380 22 214
381 24 220
382 16 219
383 29 212
384 27 216
385 13 206
386 17 205
387 16 215
388 22 215
389 26 205
390 19 205
391 25 206
392 21 209
393 29 208
394 27 214
395 25 220
396 15 219
397 15 204
398 17 212
399 15 205
400 24 209
401 13 208
402 13 213
403 28 212
404 24 210
405 29 210
406 27 217
407 16 219
408 15 215
409 202 125
410 200 114
411 197 118
412 199 122
413 191 124
414 195 117
415 195 129
416 196 120
417 202 113
418 200 117
419 195 131
420 199 123
421 194 120
422 198 116
423 188 121
424 191 113
425 196 125
426 203 130
427 188 122
428 193 129
429 195 115
430 192 117
431 198 124
432 189 115
433 201 125
434 200 120
435 198 113
436 190 127
437 195 118
438 192 126
439 32 129
440 40 120
441 40 130
442 41 131
443 37 123
444 44 118
445 41 128
446 36 122
447 42 122
448 32 118
449 39 114
450 41 127
451 30 125
452 31 124
453 30 115
454 35 130
455 36 127
456 32 114
457 44 123
458 39 127
459 34 114
460 37 118
461 40 124
462 30 114
463 41 121
464 36 127
465 42 117
466 37 117
467 38 118
468 38 113
469 110 219
470 98 211
471 105 216
472 111 205
473 108 210
474 101 217
475 110 215
476 110 214
477 101 207
478 103 208
479 96 214
480 101 206
481 98 214
482 96 211
483 101 205
484 111 215
485 97 210
486 99 205
487 99 206
488 104 219
489 109 214
490 99 215
491 107 206
492 101 214
493 108 213
494 110 204
495 105 210
496 111 210
497 106 214
498 108 208
499 16 80
500 28 85
501 16 90
502 28 94
503 13 92
504 28 86
505 20 81
506 24 87
507 25 88
508 21 82
509 21 94
510 19 92
511 18 81
512 29 82
513 13 93
514 23 80
515 17 82
516 22 79
517 28 81
518 28 87
519 25 81
520 21 81
521 12 84
522 23 82
523 26 84
524 15 80
525 15 79
526 15 93
527 22 89
528 16 79
529 10 67
530 9 65
531 4 70
532 3 68
533 6 63
534 10 75
535 8 65
536 3 71
537 8 66
538 4 64
539 1 74
540 2 63
541 1 72
542 2 71
543 6 69
544 8 73
545 2 66
546 4 67
547 1 69
548 9 70
549 7 69
550 1 67
551 9 62
552 7 77
553 1 69
554 5 76
555 4 67
556 10 67
557 173 146
558 183 134
559 180 132
560 174 150
561 180 150
562 182 150
563 174 138
564 174 145
565 173 134
566 176 142
567 182 151
568 185 133
569 183 145
570 173 143
571 186 146
572 175 132
573 177 141
574 182 136
575 175 150
576 181 132
577 184 150
578 186 147
579 176 136
580 175 140
581 179 138
582 173 139
583 187 145
584 179 135
585 183 135
586 178 134
587 159 174
588 167 187
589 158 182
590 170 171
591 156 172
592 156 178
593 158 175
594 165 182
595 162 185
596 161 177
597 152 182
598 158 174
599 167 184
600 168 178
601 159 176
602 152 183
603 153 179
604 168 175
605 160 185
606 164 171
607 170 179
608 170 187
609 153 184
610 156 177
611 163 173
612 160 171
613 170 181
614 158 173
615 163 172
616 161 182
617 2 111
618 11 104
619 4 95
620 7 103
621 7 102
622 7 98
623 3 109
624 2 101
625 3 109
626 1 109
627 7 95
628 2 109
629 1 106
630 10 99
631 3 105
632 11 97
633 0 103
634 8 101
635 4 111
636 6 109
637 5 98
638 0 105
639 2 110
640 8 97
641 0 98
642 1 98
643 7 102
644 0 98
645 11 102
646 215 164
647 206 154
648 206 170
649 215 170
650 217 153
651 216 159
652 216 161
653 211 164
654 210 168
655 215 168
656 207 166
657 219 152
658 210 165
659 217 155
660 206 155
661 207 158
662 218 165
663 209 153
664 206 164
665 206 155
666 206 167
667 212 152
668 213 156
669 214 156
670 210 156
671 215 152
672 206 163
673 204 169
674 213 156
675 210 169
676 103 175
677 106 178
678 96 177
679 100 185
680 99 176
681 96 179
682 97 186
683 107 173
684 101 179
685 98 172
686 98 186
687 102 187
688 109 172
689 102 173
690 103 176
691 107 172
692 110 172
693 111 183
694 104 172
695 107 177
696 109 179
697 111 184
698 103 183
699 109 172
700 112 174
701 105 186
702 102 175
703 99 177
704 106 172
705 109 175
706 80 167
707 85 169
708 85 167
709 88 160
710 90 164
711 84 158
712 88 154
713 85 167
714 83 170
715 91 167
716 86 170
717 91 165
718 80 153
719 79 160
720 80 155
721 79 168
722 85 153
723 86 154
724 81 152
725 84 159
726 80 167
727 93 170
728 83 154
729 94 156
730 81 160
731 82 163
732 88 152
733 94 164
734 92 166
735 86 153
736 190 40
737 200 43
738 203 44
739 203 36
740 202 31
741 196 37
742 202 31
743 191 43
744 193 39
745 203 35
746 190 33
747 190 30
748 195 36
749 194 41
750 195 40
751 203 43
752 202 38
753 191 33
754 189 44
755 197 43
756 202 32
757 193 36
758 191 35
759 196 35
760 195 35
761 192 39
762 188 30
763 202 37
764 195 32
765 196 36
766 154 11
767 164 3
768 165 0
769 155 6
770 162 3
771 166 6
772 170 7
773 157 8
774 153 2
775 165 3
776 156 7
777 155 3
778 169 0
779 166 1
780 154 8
781 162 3
782 163 10
783 159 4
784 157 8
785 170 10
786 169 2
787 154 0
788 160 11
789 166 11
790 159 11
791 163 4
792 163 2
793 155 10
794 154 8
795 162 11
796 39 63
797 30 61
798 44 62
799 41 74
800 33 78
801 33 78
802 42 68
803 36 78
804 37 70
805 33 66
806 36 76
807 35 77
808 35 61
809 33 77
810 42 78
811 41 75
812 39 66
813 35 72
814 42 67
815 43 70
816 33 72
817 40 64
818 34 75
819 33 63
820 44 73
821 36 63
822 34 75
823 41 68
824 37 64
825 35 69
826 81 159
827 94 167
828 80 156
829 83 161
830 79 165
831 94 163
832 93 169
833 87 161
834 83 170
835 92 166
836 83 166
837 90 166
838 91 161
839 81 156
840 92 154
841 83 167
842 83 154
843 80 152
844 94 154
845 79 154
846 80 157
847 80 155
848 79 164
849 94 170
850 94 153
851 80 162
852 90 156
853 80 158
854 80 160
855 86 167
856 39 209
857 35 218
858 39 209
859 44 210
860 35 208
861 31 210
862 42 204
863 38 215
864 33 217
865 42 214
866 32 211
867 35 212
868 37 210
869 33 206
870 44 213
871 34 206
872 42 207
873 34 204
874 36 207
875 38 205
876 44 204
877 33 214
878 39 214
879 44 204
880 42 218
881 42 204
882 36 219
883 40 215
884 41 205
885 39 205
886 35 180
887 35 173
888 43 179
889 42 172
890 33 174
891 30 177
892 35 180
893 30 175
894 37 176
895 38 185
896 38 172
897 40 172
898 30 186
899 37 183
900 30 187
901 34 186
902 33 186
903 38 184
904 40 177
905 35 176
906 44 187
907 33 186
908 33 175
909 43 173
910 43 171
911 44 182
912 41 175
913 33 185
914 41 182
915 37 185
916 92 186
917 91 182
918 85 179
919 83 171
920 87 182
921 79 182
922 94 176
923 87 173
924 84 182
925 90 176
926 81 184
927 80 177
928 94 180
929 81 177
930 92 177
931 90 178
932 94 174
933 80 176
934 89 187
935 84 186
936 92 185
937 85 172
938 85 171
939 91 187
940 91 175
941 83 174
942 87 187
943 87 181
944 80 179
945 83 180
946 60 59
947 53 48
948 49 56
949 60 58
950 59 55
951 52 51
952 59 55
953 54 56
954 48 55
955 54 60
956 59 54
957 52 49
958 56 49
959 54 58
960 60 56
961 56 53
962 46 52
963 48 49
964 52 58
965 47 60
966 47 54
967 46 60
968 50 59
969 51 59
970 81 206
971 87 213
972 88 218
973 81 204
974 83 214
975 79 208
976 85 218
977 91 215
978 84 209
979 82 217
980 92 215
981 89 204
982 80 219
983 92 216
984 80 217
985 85 218
986 89 220
987 79 216
988 83 214
989 89 208
990 86 217
991 88 206
992 82 217
993 83 213
994 90 206
995 86 215
996 82 208
997 83 215
998 83 218
999 89 207
1000 144 56
1001 134 55
1002 138 60
1003 134 46
1004 134 53
1005 132 50
1006 150 52
1007 135 46
1008 137 51
1009 148 49
1010 147 59
1011 137 58
1012 146 46
1013 134 50
1014 141 45
1015 145 53
1016 149 51
1017 132 48
1018 145 47
1019 151 56
1020 140 59
1021 136 59
1022 139 45
1023 147 51
1024 133 56
1025 143 60
1026 143 54
1027 149 58
1028 141 51
1029 144 53
1030 75 158
1031 68 164
1032 72 170
1033 75 162
1034 63 160
1035 65 157
1036 74 158
1037 64 157
1038 74 156
1039 72 168
1040 61 168
1041 71 155
1042 68 160
1043 68 156
1044 63 159
1045 74 160
1046 62 152
1047 70 158
1048 62 154
1049 64 155
1050 72 161
1051 73 164
1052 76 161
1053 72 170
1054 78 155
1055 68 161
1056 70 156
1057 62 157
1058 76 168
1059 66 170
1060 28 32
1061 14 43
1062 12 40
1063 29 35
1064 15 38
1065 23 34
1066 12 43
1067 28 31
1068 19 32
1069 15 30
1070 22 39
1071 22 37
1072 14 38
1073 20 37
1074 17 33
1075 14 33
1076 20 35
1077 24 37
1078 20 38
1079 28 43
1080 16 34
1081 29 38
1082 24 31
1083 25 32
1084 27 34
1085 13 42
1086 17 42
1087 26 34
1088 17 31
1089 25 32
1090 201 140
1091 194 144
1092 200 141
1093 198 148
1094 192 140
1095 191 134
1096 189 140
1097 201 147
1098 193 133
1099 194 138
1100 200 142
1101 194 146
1102 191 132
1103 188 143
1104 195 144
1105 203 136
1106 201 150
1107 190 145
1108 202 140
1109 201 148
1110 196 135
1111 203 140
1112 194 137
1113 202 137
1114 198 135
1115 201 147
1116 195 145
1117 199 146
1118 188 146
1119 189 132
1120 129 130
1121 131 129
1122 122 118
1123 122 120
1124 115 117
1125 117 118
1126 121 123
1127 115 126
1128 129 121
1129 124 119
1130 117 115
1131 115 128
1132 127 119
1133 126 117
1134 131 129
1135 113 124
1136 127 116
1137 130 113
1138 115 113
1139 123 121
1140 65 92
1141 67 94
1142 61 94
1143 61 92
1144 61 93
1145 75 89
1146 78 94
1147 65 84
1148 70 90
1149 61 90
1150 63 88
1151 75 92
1152 62 82
1153 63 83
1154 74 91
1155 66 88
1156 75 80
1157 78 80
1158 72 92
1159 71 80
1160 66 83
1161 69 89
1162 69 87
1163 76 80
1164 63 90
1165 66 80
1166 72 90
1167 69 93
1168 71 94
1169 61 89
1170 219 23
1171 206 25
1172 212 19
1173 208 25
1174 206 13
1175 215 23
1176 217 13
1177 220 20
1178 204 18
1179 205 15
1180 217 15
1181 220 22
1182 205 28
1183 209 28
1184 206 21
1185 206 29
1186 210 20
1187 207 21
1188 211 14
1189 214 12
1190 208 27
1191 211 20
1192 206 17
1193 210 21
1194 217 26
1195 219 22
1196 210 23
1197 209 29
1198 208 22
1199 204 23
1200 218 42
1201 212 32
1202 219 31
1203 213 35
1204 205 30
1205 211 31
1206 215 36
1207 214 37
1208 219 34
1209 207 44
1210 212 37
1211 207 42
1212 206 32
1213 212 37
1214 220 31
1215 204 34
1216 210 36
1217 206 39
1218 212 41
1219 215 36
1220 218 40
1221 207 38
1222 214 43
1223 211 39
1224 207 35
1225 207 38
1226 217 44
1227 210 41
1228 207 30
1229 211 36
1230 34 41
1231 30 39
1232 35 31
1233 36 32
1234 31 38
1235 39 34
1236 43 44
1237 30 43
1238 32 31
1239 37 32
1240 42 36
1241 39 42
1242 40 38
1243 37 41
1244 36 34
1245 42 40
1246 34 33
1247 31 38
1248 34 32
1249 38 41
1250 79 111
1251 79 106
1252 84 106
1253 85 110
1254 88 99
1255 91 107
1256 82 98
1257 85 101
1258 89 105
1259 88 107
1260 83 99
1261 93 106
1262 79 110
1263 81 109
1264 93 104
1265 85 106
1266 90 99
1267 79 101
1268 93 108
1269 81 100
1270 84 110
1271 84 99
1272 80 95
1273 90 106
1274 90 96
1275 79 95
1276 80 111
1277 94 106
1278 83 112
1279 86 108
1280 206 50
1281 206 45
1282 212 49
1283 209 57
1284 206 50
1285 212 46
1286 209 55
1287 217 58
1288 213 55
1289 210 47
1290 216 58
1291 214 46
1292 214 59
1293 206 54
1294 205 53
1295 207 55
1296 217 56
1297 208 51
1298 213 49
1299 212 56
1300 208 56
1301 204 46
1302 207 56
1303 220 48
1304 208 51
1305 215 59
1306 210 60
1307 212 47
1308 208 54
1309 219 54
1310 90 28
1311 79 26
1312 90 15
1313 86 25
1314 85 28
1315 89 16
1316 93 18
1317 84 22
1318 81 15
1319 90 19
1320 85 21
1321 80 17
1322 93 27
1323 79 28
1324 91 12
1325 90 15
1326 81 26
1327 94 16
1328 84 23
1329 89 29
1330 88 23
1331 82 26
1332 84 22
1333 83 24
1334 87 19
1335 81 16
1336 89 27
1337 84 16
1338 80 13
1339 90 21
1340 70 63
1341 70 68
1342 68 75
1343 73 67
1344 72 78
1345 62 74
1346 74 75
1347 73 67
1348 67 63
1349 65 63
1350 64 77
1351 68 62
1352 72 63
1353 73 67
1354 62 65
1355 66 61
1356 77 73
1357 72 74
1358 75 72
1359 71 65
1360 63 70
1361 63 68
1362 74 77
1363 67 70
1364 68 72
1365 66 76
1366 77 72
1367 20 83
1368 24 79
1369 23 81
1370 28 88
1371 17 85
1372 22 79
1373 24 92
1374 12 94
1375 14 82
1376 23 80
1377 17 90
1378 25 91
1379 27 79
1380 28 91
1381 20 87
1382 18 90
1383 20 92
1384 25 79
1385 14 84
1386 20 94
1387 23 88
1388 20 82
1389 19 83
1390 23 87
1391 16 79
1392 27 81
1393 27 92
1394 21 82
1395 26 80
1396 15 90
1397 31 186
1398 40 177
1399 36 180
1400 31 180
1401 44 178
1402 43 183
1403 31 176
1404 37 185
1405 44 186
1406 40 172
1407 31 172
1408 40 183
1409 43 183
1410 35 185
1411 38 172
1412 38 178
1413 38 174
1414 33 186
1415 42 180
1416 40 173
1417 34 186
1418 44 176
1419 37 172
1420 43 172
1421 39 181
1422 40 179
1423 37 178
1424 43 182
1425 31 185
1426 38 180
1427 50 7
1428 45 9
1429 50 6
1430 58 7
1431 54 9
1432 55 4
1433 50 3
1434 54 6
1435 55 3
1436 54 3
1437 47 5
1438 56 7
1439 53 7
1440 53 1
1441 54 1
1442 52 2
1443 54 0
1444 55 3
1445 46 7
1446 47 4
1447 54 3
1448 53 5
1449 52 2
1450 52 4
1451 52 10
1452 48 10
1453 60 4
1454 60 11
1455 52 9
1456 46 11
1457 43 66
1458 36 76
1459 42 78
1460 43 65
1461 37 61
1462 30 76
1463 43 76
1464 40 74
1465 43 67
1466 43 72
1467 44 62
1468 35 62
1469 35 73
1470 34 75
1471 44 75
1472 35 65
1473 44 73
1474 34 64
1475 43 70
1476 35 68
1477 32 63
1478 36 69
1479 32 76
1480 42 72
1481 35 64
1482 35 73
1483 36 78
1484 31 76
1485 32 71
1486 37 72
1487 102 155
1488 98 160
1489 103 164
1490 101 155
1491 111 165
1492 112 159
1493 101 154
1494 112 164
1495 102 166
1496 108 165
1497 108 169
1498 98 152
1499 99 165
1500 97 166
1501 112 168
1502 95 158
1503 97 168
1504 110 165
1505 99 163
1506 104 167
1507 95 157
1508 98 159
1509 104 164
1510 95 170
1511 97 170
1512 95 164
1513 104 159
1514 106 162
1515 96 169
1516 103 152
1517 60 217
1518 56 220
1519 45 218
1520 60 208
1521 58 209
1522 45 205
1523 53 219
1524 58 211
1525 46 217
1526 58 215
1527 53 206
1528 59 207
1529 56 210
1530 51 216
1531 58 216
1532 54 210
1533 46 218
1534 52 204
1535 51 218
1536 50 214
1537 55 213
1538 54 220
1539 57 214
1540 54 205
1541 56 213
1542 45 212
1543 59 217
1544 49 209
1545 59 211
1546 52 214
1547 184 4
1548 176 8
1549 182 11
1550 176 1
1551 179 7
1552 182 8
1553 187 11
1554 181 8
1555 178 3
1556 173 5
1557 176 7
1558 183 7
1559 184 0
1560 183 7
1561 174 11
1562 185 6
1563 178 9
1564 179 8
1565 179 10
1566 177 8
1567 181 6
1568 179 1
1569 185 11
1570 183 11
1571 171 10
1572 178 4
1573 171 5
1574 181 11
1575 180 35
1576 184 34
1577 186 34
1578 186 37
1579 180 38
1580 180 38
1581 181 36
1582 171 38
1583 179 32
1584 174 39
1585 187 41
1586 179 38
1587 186 34
1588 182 36
1589 171 44
1590 184 44
1591 179 33
1592 181 34
1593 173 30
1594 175 32
1595 174 36
1596 187 38
1597 187 38
1598 172 30
1599 183 35
1600 187 32
1601 178 38
1602 176 40
1603 186 39
1604 174 30
1605 11 18
1606 11 18
1607 8 27
1608 1 27
1609 6 28
1610 5 18
1611 9 21
1612 10 27
1613 2 16
1614 4 23
1615 2 23
1616 5 20
1617 8 14
1618 11 21
1619 11 29
1620 0 13
1621 5 22
1622 0 28
1623 8 24
1624 5 12
1625 3 29
1626 3 28
1627 6 25
1628 4 29
1629 7 27
1630 3 12
1631 2 27
1632 1 13
1633 102 220
1634 109 213
1635 105 213
1636 101 211
1637 107 220
1638 105 213
1639 102 216
1640 109 218
1641 107 213
1642 96 220
1643 104 205
1644 108 208
1645 107 213
1646 104 208
1647 109 217
1648 105 217
1649 107 207
1650 95 218
1651 95 214
1652 107 206
1653 111 215
1654 110 210
1655 102 205
1656 106 215
1657 97 220
1658 108 219
1659 104 217
1660 96 215
1661 97 213
1662 100 209
1663 175 139
1664 185 133
1665 186 137
1666 184 151
1667 171 140
1668 177 147
1669 180 147
1670 186 149
1671 183 136
1672 186 141
1673 186 141
1674 171 146
1675 179 145
1676 171 144
1677 187 134
1678 173 139
1679 187 143
1680 183 132
1681 171 149
1682 176 141
1683 187 143
1684 174 140
1685 177 151
1686 171 142
1687 172 143
1688 171 140
1689 180 147
1690 176 141
1691 183 148
1692 182 133
1693 42 137
1694 33 145
1695 37 138
1696 30 132
1697 42 133
1698 30 149
1699 42 137
1700 31 140
1701 35 151
1702 39 139
1703 41 147
1704 41 142
1705 33 145
1706 40 145
1707 38 137
1708 36 139
1709 38 134
1710 42 138
1711 31 142
1712 36 143
1713 40 137
1714 32 149
1715 37 137
1716 35 139
1717 33 147
1718 31 137
1719 42 147
1720 37 144
1721 43 139
1722 44 150
1723 114 213
1724 116 204
1725 131 207
1726 127 214
1727 123 219
1728 126 215
1729 131 211
1730 129 209
1731 120 206
1732 125 207
1733 121 207
1734 115 217
1735 114 218
1736 117 211
1737 126 204
1738 127 207
1739 129 220
1740 121 216
1741 114 219
1742 125 209
1743 113 213
1744 119 209
1745 122 205
1746 131 218
1747 118 206
1748 129 206
1749 122 220
1750 129 207
1751 120 218
1752 127 204
1753 15 132
1754 17 132
1755 20 147
1756 17 148
1757 23 145
1758 27 144
1759 18 149
1760 22 132
1761 25 133
1762 18 146
1763 12 132
1764 27 136
1765 25 136
1766 15 133
1767 28 137
1768 28 140
1769 15 143
1770 12 148
1771 13 140
1772 19 136
1773 24 139
1774 23 150
1775 20 139
1776 18 140
1777 16 147
1778 27 141
1779 16 148
1780 16 139
1781 22 139
1782 23 139
1783 177 58
1784 182 55
1785 186 53
1786 179 56
1787 183 58
1788 184 47
1789 175 56
1790 184 57
1791 176 48
1792 178 51
1793 184 46
1794 177 60
1795 185 47
1796 179 50
1797 179 50
1798 174 58
1799 187 47
1800 174 56
1801 177 45
1802 173 53
1803 187 58
1804 178 49
1805 187 56
1806 175 60
1807 178 45
1808 185 51
1809 174 48
1810 172 45
1811 180 53
1812 171 49
1813 44 125
1814 34 127
1815 42 130
1816 39 125
1817 30 119
1818 38 129
1819 39 124
1820 42 121
1821 41 115
1822 31 123
1823 32 125
1824 39 129
1825 42 113
1826 39 117
1827 30 126
1828 44 123
1829 42 121
1830 38 125
1831 44 124
1832 38 128
1833 34 131
1834 33 131
1835 38 125
1836 32 118
1837 34 129
1838 37 113
1839 43 126
1840 34 117
1841 35 124
1842 34 124
1843 133 84
1844 151 91
1845 151 85
1846 132 88
1847 134 79
1848 140 86
1849 144 88
1850 142 81
1851 138 81
1852 133 91
1853 140 89
1854 145 88
1855 148 91
1856 142 79
1857 143 80
1858 146 81
1859 142 93
1860 146 87
1861 144 80
1862 141 84
1863 146 87
1864 135 82
1865 151 79
1866 137 89
1867 141 84
1868 142 90
1869 150 84
1870 144 93
1871 132 86
1872 137 82
1873 134 50
1874 144 50
1875 151 59
1876 140 56
1877 144 54
1878 147 57
1879 145 50
1880 145 45
1881 137 52
1882 148 58
1883 150 56
1884 150 50
1885 137 55
1886 151 46
1887 143 52
1888 137 48
1889 139 52
1890 135 51
1891 144 45
1892 140 47
1893 132 57
1894 134 59
1895 148 54
1896 137 54
1897 145 55
1898 148 49
1899 142 50
1900 146 59
1901 142 55
1902 141 48
1903 75 192
1904 77 193
1905 63 199
1906 65 193
1907 73 188
1908 74 192
1909 78 192
1910 61 199
1911 73 188
1912 78 193
1913 70 194
1914 63 200
1915 74 199
1916 64 200
1917 75 195
1918 61 196
1919 69 191
1920 62 199
1921 70 201
1922 73 199
1923 69 198
1924 76 195
1925 68 202
1926 71 190
1927 64 203
1928 64 189
1929 72 192
1930 74 194
1931 67 194
1932 70 196
1933 16 214
1934 16 212
1935 14 207
1936 18 205
1937 13 217
1938 24 204
1939 13 209
1940 17 218
1941 16 209
1942 22 218
1943 17 215
1944 25 219
1945 27 206
1946 18 204
1947 19 209
1948 24 217
1949 26 218
1950 13 206
1951 15 215
1952 17 210
1953 16 220
1954 24 217
1955 25 207
1956 22 214
1957 21 215
1958 15 204
1959 15 208
1960 17 217
1961 14 220
1962 12 209
1963 103 92
1964 105 89
1965 111 88
1966 98 89
1967 97 94
1968 100 81
1969 111 83
1970 97 79
1971 101 91
1972 108 93
1973 99 85
1974 99 84
1975 100 85
1976 105 82
1977 105 88
1978 97 82
1979 112 81
1980 108 80
1981 96 80
1982 105 89
1983 97 82
1984 95 89
1985 95 81
1986 103 80
1987 104 87
1988 100 86
1989 98 94
1990 97 89
1991 111 84
1992 99 84
1993 5 140
1994 9 145
1995 3 135
1996 3 148
1997 2 137
1998 3 149
1999 10 135
2000 6 135
2001 5 149
2002 10 134
2003 6 134
2004 5 138
2005 3 141
2006 4 133
2007 6 134
2008 10 141
2009 1 143
2010 4 136
2011 9 138
2012 6 144
2013 1 146
2014 6 142
2015 2 151
2016 9 138
2017 2 141
2018 3 136
2019 7 139
2020 0 135
2021 0 145
2022 10 145
2023 8 137
2024 11 135
2025 9 136
2026 0 138
2027 1 144
2028 11 136
2029 6 144
2030 0 151
2031 8 149
2032 6 141
2033 9 144
2034 3 144
2035 11 144
2036 6 149
2037 6 140
2038 2 147
2039 3 148
2040 6 151
2041 9 147
2042 1 141
2043 11 136
2044 5 144
2045 1 146
2046 3 137
2047 9 134
2048 0 145
2049 3 133
2050 5 144
2051 2 150
2052 1 142
2053 211 96
2054 215 101
2055 212 99
2056 213 97
2057 206 102
2058 212 97
2059 206 106
2060 220 101
2061 219 107
2062 206 104
2063 220 97
2064 205 111
2065 211 98
2066 215 107
2067 217 100
2068 209 108
2069 218 110
2070 207 98
2071 209 111
2072 220 95
2073 217 102
2074 213 102
2075 206 111
2076 216 95
2077 210 108
2078 217 104
2079 204 101
2080 207 102
2081 206 95
2082 216 95
2083 78 219
2084 67 212
2085 61 213
2086 64 207
2087 68 213
2088 72 217
2089 66 205
2090 71 208
2091 65 210
2092 69 210
2093 62 213
2094 67 218
2095 61 213
2096 66 209
2097 70 210
2098 74 214
2099 76 217
2100 63 216
2101 71 212
2102 75 206
2103 68 211
2104 61 216
2105 70 213
2106 66 219
2107 61 217
2108 63 205
2109 69 205
2110 70 207
2111 67 207
2112 64 211
2113 58 218
2114 51 204
2115 46 204
2116 58 214
2117 45 207
2118 54 208
2119 60 212
2120 51 209
2121 48 209
2122 47 213
2123 54 213
2124 59 217
2125 54 218
2126 52 215
2127 50 206
2128 52 220
2129 58 211
2130 47 207
2131 59 216
2132 59 218
2133 59 206
2134 58 215
2135 48 211
2136 53 216
2137 54 208
2138 57 212
2139 45 204
2140 51 210
2141 59 218
2142 56 208
2143 55 114
2144 58 130
2145 51 126
2146 47 116
2147 45 130
2148 55 124
2149 60 129
2150 53 126
2151 55 114
2152 51 128
2153 48 117
2154 49 115
2155 55 118
2156 51 120
2157 54 114
2158 47 123
2159 57 129
2160 59 119
2161 50 116
2162 52 121
2163 50 127
2164 56 124
2165 56 123
2166 56 117
2167 60 118
2168 50 130
2169 60 130
2170 46 114
2171 58 131
2172 52 122
2173 42 80
2174 40 86
2175 41 83
2176 41 82
2177 35 84
2178 43 92
2179 41 91
2180 36 82
2181 39 94
2182 36 94
2183 44 92
2184 33 87
2185 43 79
2186 43 87
2187 31 92
2188 43 80
2189 40 94
2190 39 88
2191 40 80
2192 43 83
2193 30 93
2194 41 91
2195 42 85
2196 43 90
2197 37 88
2198 42 94
2199 36 82
2200 44 82
2201 42 91
2202 33 79
2203 173 159
2204 173 153
2205 172 158
2206 172 158
2207 182 159
2208 173 164
2209 181 164
2210 175 169
2211 183 154
2212 180 169
2213 179 157
2214 187 165
2215 173 170
2216 178 155
2217 178 165
2218 186 169
2219 171 169
2220 183 163
2221 181 154
2222 187 157
2223 177 152
2224 185 158
2225 184 154
2226 173 155
2227 182 161
2228 177 168
2229 187 155
2230 186 152
2231 181 154
2232 182 158
2233 180 201
2234 179 191
2235 183 194
2236 179 195
2237 181 189
2238 180 191
2239 181 191
2240 175 195
2241 180 191
2242 179 188
2243 173 195
2244 184 199
2245 180 199
2246 172 196
2247 182 191
2248 175 198
2249 174 188
2250 186 189
2251 179 198
2252 184 193
2253 176 202
2254 182 190
2255 173 203
2256 177 189
2257 172 198
2258 184 192
2259 174 195
2260 175 193
2261 174 196
2262 175 195
2263 218 76
2264 215 61
2265 205 63
2266 212 68
2267 212 70
2268 219 68
2269 208 69
2270 206 63
2271 219 67
2272 204 66
2273 215 61
2274 205 68
2275 209 77
2276 214 77
2277 205 78
2278 209 61
2279 213 75
2280 216 69
2281 210 75
2282 214 74
2283 209 72
2284 209 69
2285 216 67
2286 216 77
2287 215 69
2288 219 65
2289 209 62
2290 210 67
2291 204 71
2292 212 69
2293 174 49
2294 187 51
2295 179 49
2296 180 50
2297 173 46
2298 172 59
2299 180 58
2300 175 57
2301 187 57
2302 187 48
2303 172 46
2304 182 53
2305 174 45
2306 177 48
2307 175 46
2308 172 56
2309 175 47
2310 180 54
2311 176 50
2312 174 48
2313 177 53
2314 178 45
2315 181 47
2316 180 57
2317 175 57
2318 177 53
2319 176 48
2320 178 48
2321 187 60
2322 185 46
2323 30 51
2324 30 46
2325 31 52
2326 35 59
2327 32 56
2328 34 59
2329 32 49
2330 36 54
2331 35 53
2332 30 47
2333 41 54
2334 43 53
2335 36 54
2336 32 53
2337 37 52
2338 38 50
2339 35 52
2340 31 45
2341 34 58
2342 37 60
2343 31 51
2344 43 49
2345 37 58
2346 41 51
2347 34 55
2348 31 51
2349 42 45
2350 44 50
2351 39 48
2352 30 58
2353 84 88
2354 85 91
2355 85 93
2356 81 84
2357 80 86
2358 94 92
2359 85 84
2360 80 90
2361 80 93
2362 89 85
2363 94 93
2364 81 85
2365 87 83
2366 87 80
2367 150 194
2368 143 201
2369 134 190
2370 146 203
2371 147 189
2372 151 196
2373 132 189
2374 144 195
2375 140 200
2376 132 200
2377 137 201
2378 138 199
2379 142 193
2380 137 202
2381 141 192
2382 132 200
2383 145 191
2384 133 190
2385 149 203
2386 149 191
2387 150 197
2388 151 193
2389 145 200
2390 144 200
2391 141 197
2392 144 189
2393 146 188
2394 142 191
2395 135 189
2396 142 197
2397 206 50
2398 213 49
2399 205 47
2400 220 45
2401 216 60
2402 207 58
2403 219 46
2404 208 57
2405 215 52
2406 208 51
2407 204 45
2408 209 47
2409 211 57
2410 207 48
2411 218 52
2412 207 53
2413 216 54
2414 205 45
2415 212 55
2416 213 50
2417 204 56
2418 205 51
2419 212 55
2420 207 46
2421 220 58
2422 205 49
2423 213 46
2424 220 54
2425 205 59
2426 210 46
2427 106 50
2428 111 48
2429 97 46
2430 103 51
2431 102 58
2432 100 45
2433 101 56
2434 103 54
2435 102 45
2436 110 53
2437 112 49
2438 109 55
2439 95 60
2440 101 59
2441 104 57
2442 97 60
2443 96 48
2444 108 53
2445 98 46
2446 110 50
2447 95 58
2448 110 54
2449 103 54
2450 96 50
2451 102 52
2452 112 50
2453 111 59
2454 96 53
2455 110 57
2456 112 60
2457 46 78
2458 58 64
2459 46 72
2460 55 62
2461 45 63
2462 52 61
2463 57 67
2464 54 74
2465 49 73
2466 45 73
2467 47 78
2468 53 69
2469 59 75
2470 57 71
2471 59 70
2472 57 63
2473 48 71
2474 55 72
2475 48 67
2476 46 77
2477 55 72
2478 48 77
2479 49 66
2480 52 67
2481 45 65
2482 45 72
2483 57 70
2484 53 78
2485 58 76
2486 49 75
2487 86 133
2488 86 135
2489 93 141
2490 82 145
2491 87 138
2492 84 146
2493 79 141
2494 81 141
2495 87 133
2496 89 133
2497 80 138
2498 80 142
2499 81 136
2500 89 134
2501 82 150
2502 90 132
2503 89 134
2504 94 143
2505 90 147
2506 80 145
2507 82 137
2508 83 142
2509 81 133
2510 81 138
2511 90 149
2512 92 133
2513 89 140
2514 93 137
2515 85 150
2516 83 138
2517 200 183
2518 202 182
2519 189 186
2520 195 177
2521 202 173
2522 199 181
2523 194 172
2524 198 180
2525 199 184
2526 201 180
2527 190 178
2528 190 179
2529 195 185
2530 194 186
2531 197 179
2532 201 183
2533 193 181
2534 202 174
2535 191 187
2536 191 174
2537 194 175
2538 190 185
2539 189 182
2540 188 173
2541 188 177
2542 203 185
2543 190 185
2544 203 183
2545 201 183
2546 200 180
2547 8 41
2548 8 38
2549 2 39
2550 3 41
2551 8 39
2552 11 37
2553 9 36
2554 5 31
2555 3 38
2556 0 35
2557 3 34
2558 5 30
2559 10 40
2560 10 32
2561 8 43
2562 9 39
2563 1 31
2564 7 41
2565 8 40
2566 6 33
2567 6 32
2568 3 32
2569 9 43
2570 9 37
2571 6 42
2572 2 38
2573 9 43
2574 2 38
2575 142 84
2576 133 87
2577 133 91
2578 135 80
2579 138 84
2580 148 88
2581 145 84
2582 145 94
2583 148 93
2584 147 92
2585 132 83
2586 148 82
2587 135 79
2588 151 94
2589 148 81
2590 145 81
2591 135 84
2592 143 94
2593 143 81
2594 141 84
2595 135 87
2596 148 86
2597 132 91
2598 133 94
2599 138 91
2600 132 89
2601 149 86
2602 138 80
2603 147 89
2604 139 94
2605 210 85
2606 205 84
2607 206 87
2608 212 89
2609 214 84
2610 220 90
2611 207 85
2612 219 83
2613 220 79
2614 219 83
2615 208 93
2616 213 84
2617 219 79
2618 207 84
2619 217 80
2620 218 91
2621 220 81
2622 213 84
2623 213 89
2624 219 84
2625 219 84
2626 215 91
2627 209 91
2628 217 94
2629 214 94
2630 206 89
2631 218 87
2632 215 94
2633 206 92
2634 212 92
2635 218 45
2636 217 45
2637 217 49
2638 207 55
2639 205 45
2640 216 57
2641 212 56
2642 220 49
2643 217 54
2644 209 48
2645 209 54
2646 215 56
2647 214 51
2648 208 55
2649 216 58
2650 204 51
2651 220 60
2652 211 47
2653 213 55
2654 219 57
2655 217 46
2656 220 46
2657 207 53
2658 211 53
2659 216 46
2660 210 52
2661 216 57
2662 205 50
2663 205 60
2664 207 55
2665 149 48
2666 148 55
2667 135 45
2668 133 57
2669 148 58
2670 135 55
2671 143 48
2672 137 47
2673 138 56
2674 148 54
2675 145 56
2676 138 57
2677 137 46
2678 143 54
2679 135 52
2680 145 52
2681 132 54
2682 142 53
2683 143 45
2684 134 60
2685 143 55
2686 139 46
2687 141 46
2688 144 45
2689 140 59
2690 147 48
2691 142 52
2692 148 52
2693 140 59
2694 142 48
2695 217 58
2696 213 46
2697 217 54
2698 210 53
2699 209 45
2700 213 48
2701 208 59
2702 209 49
2703 208 49
2704 210 55
2705 218 46
2706 218 54
2707 209 56
2708 210 50
2709 212 50
2710 217 60
2711 220 45
2712 214 54
2713 214 51
2714 212 59
2715 216 57
2716 207 45
2717 210 50
2718 207 60
2719 215 48
2720 218 50
2721 210 58
2722 220 45
2723 206 54
2724 209 58
2725 88 108
2726 92 95
2727 79 98
2728 86 105
2729 84 103
2730 94 103
2731 81 102
2732 83 101
2733 94 102
2734 93 110
2735 94 105
2736 93 104
2737 88 106
2738 92 100
2739 88 101
2740 93 98
2741 80 102
2742 79 95
2743 94 109
2744 93 108
2745 89 96
2746 79 97
2747 88 98
2748 87 104
2749 93 101
2750 82 105
2751 89 105
2752 92 111
2753 92 99
2754 80 108
2755 23 67
2756 21 68
2757 12 66
2758 15 68
2759 13 78
2760 18 66
2761 22 74
2762 14 69
2763 23 72
2764 22 66
2765 18 78
2766 14 64
2767 19 66
2768 16 67
2769 24 72
2770 12 74
2771 22 70
2772 15 66
2773 25 74
2774 28 77
2775 22 76
2776 26 73
2777 22 78
2778 24 73
2779 12 69
2780 25 69
2781 18 70
2782 28 63
2783 20 72
2784 17 65
2785 117 195
2786 130 203
2787 128 194
2788 122 197
2789 131 191
2790 115 194
2791 119 192
2792 118 203
2793 124 194
2794 117 190
2795 116 203
2796 116 194
2797 129 203
2798 130 191
2799 120 202
2800 128 191
2801 119 198
2802 130 197
2803 126 195
2804 117 201
2805 115 196
2806 125 202
2807 126 203
2808 122 199
2809 120 197
2810 120 202
2811 122 191
2812 119 195
2813 117 203
2814 123 201
2815 211 91
2816 210 80
2817 208 81
2818 220 94
2819 215 82
2820 209 93
2821 212 83
2822 205 91
2823 213 88
2824 207 90
2825 218 90
2826 216 91
2827 209 88
2828 217 85
2829 205 94
2830 216 91
2831 206 93
2832 210 86
2833 210 93
2834 218 87
2835 218 81
2836 206 93
2837 207 83
2838 207 88
2839 208 88
2840 207 88
2841 216 84
2842 219 83
2843 204 88
2844 207 83
2845 19 13
2846 20 29
2847 14 29
2848 28 24
2849 18 28
2850 20 16
2851 29 14
2852 12 17
2853 14 19
2854 14 26
2855 21 25
2856 20 25
2857 16 15
2858 26 21
2859 22 29
2860 22 24
2861 21 19
2862 14 12
2863 28 26
2864 13 19
2865 14 16
2866 12 28
2867 15 22
2868 210 79
2869 218 93
2870 215 86
2871 217 81
2872 205 89
2873 217 80
2874 208 92
2875 208 89
2876 212 80
2877 212 86
2878 217 81
2879 206 94
2880 214 93
2881 212 79
2882 217 93
2883 209 80
2884 218 82
2885 204 80
2886 213 93
2887 220 84
2888 205 86
2889 215 91
2890 220 90
2891 213 90
2892 217 79
2893 215 92
2894 204 82
2895 207 84
2896 218 80
2897 215 79
2898 5 53
2899 8 59
2900 8 50
2901 0 53
2902 9 48
2903 11 47
2904 5 49
2905 9 60
2906 10 48
2907 7 58
2908 0 55
2909 2 47
2910 10 60
2911 4 50
2912 0 50
2913 0 55
2914 11 53
2915 8 56
2916 4 56
2917 0 53
2918 2 51
2919 11 60
2920 1 50
2921 0 52
2922 3 55
2923 4 53
2924 5 53
2925 7 49
