250 272 10 2959
0 9
1 6
2 11
3 8
4 5
5 8
6 7
7 8
8 8
9 8
10 6
11 11
12 4
13 3
14 3
15 3
16 3
17 5
18 4
19 3
20 3
21 3
22 4
23 3
24 5
25 5
26 3
27 3
28 3
29 3
30 3
31 4
32 3
33 3
34 3
35 3
36 4
37 4
38 3
39 3
40 4
41 3
42 3
43 3
44 3
45 4
46 3
47 4
48 3
49 3
50 4
51 3
52 3
53 3
54 3
55 3
56 3
57 5
58 3
59 4
60 3
61 3
62 3
63 3
64 4
65 4
66 3
67 3
68 3
69 3
70 3
71 3
72 5
73 3
74 4
75 3
76 3
77 3
78 3
79 3
80 3
81 5
82 3
83 3
84 3
85 3
86 3
87 5
88 3
89 3
90 3
91 4
92 5
93 3
94 4
95 6
96 3
97 3
98 3
99 3
100 3
101 4
102 3
103 3
104 4
105 4
106 4
107 3
108 4
109 6
110 3
111 3
112 3
113 3
114 3
115 4
116 4
117 4
118 3
119 4
120 5
121 3
122 3
123 3
124 3
125 3
126 3
127 4
128 3
129 3
130 3
131 3
132 3
133 3
134 6
135 4
136 4
137 3
138 3
139 4
140 3
141 3
142 3
143 3
144 3
145 3
146 3
147 5
148 3
149 3
150 3
151 4
152 5
153 3
154 3
155 3
156 3
157 3
158 4
159 3
160 3
161 3
162 3
163 3
164 4
165 4
166 3
167 3
168 3
169 3
170 5
171 5
172 3
173 3
174 3
175 3
176 3
177 3
178 3
179 3
180 3
181 3
182 3
183 4
184 3
185 5
186 5
187 3
188 5
189 3
190 3
191 3
192 3
193 3
194 3
195 6
196 3
197 3
198 4
199 3
200 7
201 5
202 3
203 3
204 3
205 5
206 3
207 3
208 3
209 3
210 4
211 3
212 4
213 4
214 3
215 3
216 3
217 5
218 3
219 3
220 6
221 3
222 3
223 3
224 3
225 4
226 3
227 4
228 3
229 3
230 3
231 4
232 5
233 5
234 3
235 3
236 3
237 4
238 3
239 5
240 4
241 4
242 3
243 3
244 3
245 3
246 3
247 3
248 3
249 3
0 0 3
1 0 5
2 0 8
3 0 9
4 0 11
5 0 31
6 0 151
7 0 200
8 1 3
9 1 4
10 1 7
11 1 9
12 1 11
13 2 3
14 2 7
15 2 8
16 2 9
17 2 11
18 2 169
19 2 185
20 2 217
21 2 232
22 3 5
23 3 6
24 3 8
25 3 9
26 3 11
27 4 5
28 4 10
29 4 11
30 5 6
31 5 7
32 5 12
33 5 81
34 6 7
35 6 10
36 6 11
37 7 8
38 7 65
39 8 10
40 8 11
41 8 116
42 9 10
43 9 11
44 9 47
45 9 101
46 10 11
47 10 134
48 12 23
49 12 27
50 13 24
51 14 25
52 14 30
53 15 18
54 16 17
55 16 30
56 17 27
57 17 28
58 17 24
59 18 22
60 19 27
61 20 22
62 20 25
63 21 30
64 24 29
65 25 26
66 31 46
67 32 45
68 33 44
69 34 43
70 35 46
71 36 43
72 36 44
73 36 40
74 37 39
75 37 45
76 38 39
77 40 45
78 40 41
79 41 42
80 41 46
81 47 48
82 47 59
83 47 56
84 49 59
85 50 60
86 50 63
87 51 58
88 52 53
89 52 54
90 53 55
91 54 56
92 54 64
93 55 58
94 55 63
95 57 61
96 57 62
97 57 64
98 65 66
99 65 76
100 65 80
101 67 70
102 68 74
103 69 79
104 70 75
105 71 79
106 72 74
107 72 78
108 72 80
109 73 79
110 73 76
111 75 78
112 76 77
113 81 89
114 81 86
115 82 90
116 82 92
117 83 95
118 83 94
119 84 88
120 84 94
121 84 87
122 85 87
123 86 91
124 87 92
125 91 93
126 91 92
127 92 100
128 94 96
129 95 97
130 95 98
131 95 99
132 101 109
133 101 115
134 102 103
135 102 105
136 103 107
137 104 110
138 104 115
139 105 109
140 106 113
141 106 108
142 106 109
143 108 114
144 109 112
145 111 113
146 116 118
147 116 128
148 116 125
149 117 131
150 117 123
151 119 125
152 119 131
153 120 126
154 120 130
155 120 132
156 121 123
157 121 133
158 122 127
159 122 128
160 124 127
161 127 129
162 128 132
163 134 138
164 134 135
165 134 150
166 135 139
167 135 146
168 136 140
169 136 147
170 137 149
171 139 148
172 140 143
173 141 147
174 141 146
175 142 147
176 143 149
177 144 150
178 145 147
179 151 152
180 151 168
181 152 158
182 152 160
183 152 167
184 153 163
185 153 166
186 153 156
187 154 163
188 155 156
189 155 165
190 157 158
191 158 162
192 159 164
193 160 165
194 161 164
195 164 167
196 169 175
197 169 170
198 170 171
199 170 174
200 171 182
201 171 183
202 172 181
203 172 184
204 173 176
205 174 178
206 174 179
207 176 182
208 177 179
209 179 181
210 180 183
211 185 196
212 185 191
213 186 190
214 186 197
215 186 198
216 187 189
217 188 194
218 188 198
219 188 191
220 189 194
221 191 195
222 192 195
223 193 195
224 195 199
225 200 208
226 200 205
227 200 204
228 200 201
229 201 203
230 201 216
231 202 203
232 204 212
233 205 206
234 205 210
235 206 209
236 207 210
237 211 216
238 212 214
239 213 215
240 213 216
241 217 218
242 217 231
243 218 229
244 219 221
245 220 221
246 220 227
247 220 226
248 220 231
249 222 225
250 223 227
251 224 225
252 225 228
253 226 230
254 228 230
255 232 238
256 232 239
257 233 241
258 233 245
259 233 247
260 233 248
261 233 240
262 234 239
263 235 241
264 236 239
265 237 239
266 237 245
267 238 244
268 239 246
269 240 249
270 242 245
271 243 248
0 85 32
1 88 42
2 89 34
3 91 35
4 95 34
5 82 36
6 90 42
7 97 38
8 86 35
9 100 33
10 96 44
11 86 31
12 87 34
13 94 33
14 90 46
15 100 45
16 86 32
17 88 34
18 90 42
19 81 31
20 91 46
21 98 46
22 88 34
23 95 43
24 97 37
25 84 41
26 96 35
27 82 37
28 84 39
29 84 38
30 73 66
31 67 73
32 72 73
33 71 65
34 76 68
35 67 69
36 74 67
37 74 75
38 74 65
39 79 67
40 71 77
41 79 66
42 68 76
43 76 71
44 76 72
45 68 69
46 74 71
47 69 70
48 78 69
49 66 78
50 69 77
51 42 85
52 40 84
53 33 89
54 36 98
55 38 90
56 36 87
57 35 83
58 43 100
59 42 87
60 46 87
61 33 99
62 39 97
63 40 98
64 38 100
65 33 81
66 32 90
67 32 91
68 35 93
69 46 98
70 32 94
71 45 93
72 37 86
73 45 86
74 44 89
75 45 96
76 39 98
77 45 83
78 44 93
79 41 94
80 31 93
81 86 11
82 81 1
83 90 4
84 89 8
85 90 8
86 85 6
87 87 6
88 92 1
89 90 11
90 97 6
91 91 8
92 86 1
93 83 2
94 86 3
95 96 2
96 88 10
97 98 11
98 100 2
99 84 0
100 87 8
101 95 8
102 98 4
103 98 11
104 98 5
105 93 9
106 96 3
107 92 2
108 99 0
109 94 2
110 22 229
111 20 227
112 19 219
113 26 217
114 15 222
115 13 219
116 16 224
117 17 218
118 27 219
119 25 227
120 25 221
121 24 219
122 24 222
123 18 228
124 13 217
125 21 222
126 14 218
127 19 222
128 24 218
129 26 224
130 29 221
131 20 222
132 25 223
133 29 228
134 23 229
135 15 218
136 30 219
137 24 228
138 16 226
139 29 221
140 112 64
141 106 58
142 107 51
143 101 58
144 101 64
145 105 54
146 113 58
147 102 57
148 114 52
149 107 64
150 114 53
151 108 62
152 111 51
153 107 49
154 104 62
155 105 63
156 101 59
157 108 56
158 113 50
159 103 62
160 110 51
161 104 61
162 114 51
163 110 50
164 106 48
165 109 59
166 106 50
167 107 55
168 114 61
169 109 50
170 140 159
171 140 154
172 137 168
173 138 153
174 135 163
175 137 167
176 140 155
177 145 167
178 138 158
179 136 156
180 148 159
181 140 163
182 146 154
183 142 151
184 150 161
185 141 160
186 139 157
187 149 154
188 136 164
189 150 154
190 146 164
191 141 159
192 141 161
193 148 164
194 134 155
195 134 151
196 149 158
197 140 158
198 141 154
199 142 161
200 104 96
201 108 97
202 110 100
203 108 92
204 114 93
205 107 85
206 108 81
207 103 86
208 102 93
209 114 93
210 112 99
211 106 94
212 115 95
213 104 95
214 101 81
215 111 97
216 111 82
217 110 96
218 108 96
219 101 83
220 103 97
221 109 88
222 114 90
223 110 82
224 106 83
225 106 82
226 112 83
227 108 95
228 104 82
229 113 92
230 185 183
231 188 182
232 198 183
233 198 177
234 197 184
235 187 176
236 186 175
237 198 176
238 191 178
239 185 181
240 190 175
241 189 177
242 193 184
243 185 176
244 186 180
245 185 171
246 196 182
247 189 175
248 189 184
249 191 183
250 188 182
251 194 171
252 188 170
253 194 180
254 199 175
255 198 174
256 195 177
257 185 183
258 188 171
259 186 180
260 147 231
261 143 230
262 141 220
263 146 231
264 139 217
265 143 230
266 137 231
267 142 219
268 147 221
269 141 218
270 147 218
271 141 226
272 150 217
273 137 220
274 143 230
275 143 228
276 146 225
277 150 222
278 146 219
279 136 226
280 141 217
281 145 223
282 147 218
283 147 218
284 139 220
285 146 220
286 134 231
287 140 221
288 145 223
289 150 220
290 59 190
291 59 192
292 58 196
293 59 193
294 48 192
295 61 199
296 47 193
297 49 199
298 62 194
299 54 191
300 47 188
301 47 199
302 52 195
303 47 192
304 63 189
305 48 197
306 57 191
307 53 198
308 59 193
309 48 192
310 49 195
311 49 192
312 47 190
313 59 189
314 47 186
315 63 185
316 62 186
317 64 195
318 51 187
319 53 188
320 89 56
321 98 63
322 87 56
323 87 63
324 91 49
325 100 53
326 100 47
327 88 54
328 97 54
329 95 60
330 92 48
331 87 64
332 94 52
333 89 56
334 85 54
335 92 51
336 99 57
337 99 64
338 89 49
339 98 50
340 96 55
341 84 49
342 89 56
343 90 57
344 90 58
345 88 59
346 89 60
347 89 48
348 93 64
349 98 57
350 167 138
351 155 137
352 157 144
353 155 141
354 153 138
355 154 148
356 153 148
357 161 147
358 164 149
359 155 135
360 162 139
361 166 138
362 166 141
363 152 138
364 151 140
365 153 148
366 151 150
367 168 134
368 161 150
369 157 135
370 152 134
371 152 135
372 158 141
373 157 148
374 160 147
375 158 149
376 164 136
377 152 136
378 151 143
379 168 142
380 75 228
381 72 227
382 65 219
383 65 228
384 68 226
385 69 218
386 70 218
387 66 228
388 69 229
389 70 227
390 74 229
391 76 231
392 69 219
393 66 229
394 66 225
395 78 217
396 66 224
397 68 219
398 77 224
399 79 229
400 68 220
401 79 223
402 76 217
403 77 219
404 75 222
405 80 227
406 67 219
407 78 221
408 75 221
409 73 223
410 223 108
411 221 101
412 225 102
413 219 104
414 230 106
415 217 106
416 220 109
417 225 109
418 223 114
419 218 113
420 229 112
421 231 111
422 219 103
423 219 110
424 225 108
425 225 103
426 220 101
427 229 108
428 228 108
429 220 107
430 230 102
431 225 106
432 217 105
433 231 106
434 225 110
435 224 110
436 231 106
437 225 102
438 219 102
439 227 103
440 7 84
441 10 87
442 5 90
443 0 88
444 9 100
445 2 86
446 3 94
447 6 93
448 2 94
449 10 96
450 3 83
451 2 85
452 11 94
453 10 96
454 3 88
455 11 94
456 10 97
457 7 82
458 7 92
459 6 83
460 3 84
461 3 96
462 1 83
463 10 92
464 8 81
465 11 94
466 0 99
467 7 98
468 4 94
469 4 87
470 119 9
471 132 3
472 133 5
473 116 4
474 124 4
475 118 7
476 125 11
477 129 1
478 121 2
479 126 3
480 132 4
481 124 10
482 122 9
483 120 4
484 117 6
485 116 1
486 126 10
487 131 10
488 133 9
489 131 9
490 128 0
491 132 0
492 127 7
493 129 5
494 130 1
495 125 2
496 133 2
497 132 9
498 79 114
499 79 103
500 80 110
501 70 114
502 76 108
503 76 115
504 78 114
505 70 110
506 68 101
507 68 102
508 75 115
509 75 114
510 69 113
511 66 109
512 74 114
513 67 107
514 80 101
515 71 112
516 77 113
517 77 109
518 67 112
519 78 103
520 70 101
521 71 102
522 79 101
523 66 104
524 71 103
525 66 109
526 69 103
527 73 106
528 44 55
529 33 64
530 31 61
531 38 52
532 37 59
533 36 56
534 45 52
535 36 50
536 31 52
537 38 64
538 44 61
539 31 51
540 45 52
541 45 47
542 34 55
543 43 58
544 45 64
545 40 64
546 37 60
547 39 59
548 36 51
549 45 62
550 40 50
551 34 61
552 38 62
553 39 47
554 38 60
555 33 47
556 34 51
557 38 56
558 12 129
559 25 126
560 28 122
561 27 130
562 28 118
563 22 133
564 14 129
565 19 133
566 13 126
567 12 133
568 30 122
569 13 120
570 24 120
571 19 131
572 24 117
573 12 126
574 18 128
575 25 132
576 13 126
577 18 122
578 13 126
579 12 127
580 23 133
581 26 121
582 16 117
583 17 124
584 13 131
585 30 129
586 13 131
587 19 128
588 76 181
589 68 174
590 75 175
591 75 181
592 80 175
593 74 176
594 74 181
595 80 178
596 73 172
597 80 172
598 73 177
599 80 184
600 75 175
601 69 175
602 71 178
603 79 175
604 75 172
605 80 179
606 69 181
607 72 184
608 73 174
609 67 178
610 75 172
611 69 183
612 79 182
613 75 178
614 69 170
615 79 173
616 68 180
617 70 180
618 145 10
619 142 2
620 144 10
621 144 2
622 139 5
623 147 11
624 145 4
625 138 8
626 138 0
627 148 7
628 145 3
629 146 9
630 146 1
631 146 3
632 135 11
633 135 3
634 150 5
635 138 7
636 150 4
637 144 9
638 148 7
639 149 4
640 148 3
641 136 5
642 136 2
643 135 4
644 147 8
645 142 7
646 146 9
647 144 10
648 200 222
649 209 217
650 204 218
651 202 224
652 208 222
653 203 222
654 210 223
655 208 217
656 214 227
657 208 218
658 206 223
659 201 224
660 202 219
661 203 220
662 203 217
663 211 231
664 200 224
665 208 220
666 213 223
667 209 225
668 211 217
669 214 225
670 214 228
671 208 224
672 204 228
673 207 226
674 211 226
675 208 226
676 201 217
677 205 220
678 39 12
679 33 12
680 44 20
681 38 12
682 42 13
683 44 19
684 31 24
685 46 29
686 43 19
687 40 24
688 36 19
689 37 15
690 44 18
691 43 24
692 42 20
693 40 28
694 45 26
695 32 29
696 41 14
697 38 13
698 34 13
699 44 30
700 34 16
701 42 23
702 35 30
703 45 12
704 42 16
705 42 18
706 31 14
707 39 28
708 191 170
709 186 181
710 188 172
711 191 181
712 192 177
713 190 176
714 187 184
715 199 169
716 195 169
717 197 179
718 192 177
719 199 176
720 197 173
721 185 173
722 185 179
723 193 175
724 185 173
725 198 169
726 196 181
727 198 173
728 197 180
729 198 176
730 187 181
731 197 181
732 192 169
733 196 176
734 197 170
735 188 171
736 189 180
737 199 175
738 125 145
739 116 144
740 124 140
741 124 138
742 133 149
743 117 149
744 122 140
745 116 143
746 118 139
747 129 143
748 117 138
749 123 142
750 126 141
751 132 146
752 121 145
753 119 134
754 133 149
755 127 138
756 124 137
757 124 150
758 126 149
759 131 141
760 131 148
761 117 134
762 119 147
763 125 134
764 127 136
765 120 148
766 123 138
767 127 146
768 70 155
769 72 165
770 65 158
771 77 154
772 65 159
773 78 153
774 67 159
775 66 162
776 68 159
777 67 163
778 71 153
779 72 167
780 74 157
781 75 155
782 73 156
783 71 157
784 69 153
785 68 164
786 66 157
787 65 156
788 71 160
789 80 163
790 66 161
791 77 165
792 72 155
793 70 159
794 73 156
795 80 157
796 69 168
797 80 158
798 41 79
799 45 78
800 32 72
801 42 73
802 36 70
803 34 73
804 32 72
805 32 76
806 41 65
807 44 71
808 43 71
809 40 67
810 38 72
811 34 66
812 31 75
813 36 76
814 34 74
815 43 68
816 40 80
817 37 68
818 46 65
819 31 78
820 42 73
821 35 78
822 42 70
823 34 74
824 35 74
825 41 72
826 42 80
827 44 67
828 210 198
829 214 196
830 211 185
831 216 187
832 200 192
833 202 198
834 203 194
835 204 193
836 203 185
837 205 196
838 210 199
839 211 187
840 201 197
841 209 198
842 204 195
843 202 194
844 210 191
845 200 192
846 207 191
847 202 197
848 213 195
849 213 195
850 205 196
851 210 193
852 212 195
853 212 195
854 211 189
855 210 199
856 205 188
857 212 189
858 151 4
859 164 3
860 153 8
861 167 11
862 167 7
863 162 0
864 167 7
865 155 8
866 154 9
867 163 1
868 168 1
869 168 2
870 152 1
871 159 10
872 157 9
873 160 10
874 168 6
875 154 6
876 166 3
877 155 0
878 155 7
879 152 8
880 160 7
881 162 7
882 158 11
883 153 5
884 160 4
885 161 0
886 168 3
887 225 19
888 218 18
889 222 19
890 218 21
891 231 23
892 219 14
893 225 30
894 217 13
895 228 15
896 225 19
897 231 14
898 230 23
899 227 24
900 226 18
901 224 25
902 224 26
903 221 28
904 231 12
905 220 14
906 225 30
907 224 23
908 230 18
909 228 25
910 229 22
911 229 15
912 222 13
913 220 18
914 221 20
915 231 28
916 224 22
917 187 62
918 196 49
919 188 57
920 191 55
921 189 59
922 187 61
923 189 52
924 194 56
925 185 56
926 194 59
927 191 54
928 186 62
929 190 58
930 195 54
931 187 51
932 197 50
933 191 51
934 193 64
935 199 49
936 192 59
937 198 54
938 198 62
939 198 59
940 186 50
941 185 48
942 198 61
943 195 53
944 186 56
945 185 52
946 186 55
947 205 230
948 206 217
949 210 231
950 213 220
951 203 227
952 206 224
953 212 228
954 202 220
955 211 226
956 200 224
957 206 225
958 210 223
959 213 228
960 216 224
961 201 223
962 202 230
963 214 218
964 201 219
965 216 221
966 204 217
967 213 222
968 203 226
969 206 223
970 206 230
971 209 219
972 215 226
973 206 225
974 200 217
975 201 231
976 211 221
977 182 40
978 179 40
979 171 43
980 176 34
981 178 35
982 178 31
983 169 38
984 177 39
985 181 42
986 170 32
987 183 46
988 173 35
989 180 36
990 179 32
991 182 42
992 183 34
993 180 44
994 182 34
995 177 41
996 178 45
997 170 32
998 174 36
999 175 35
1000 176 40
1001 171 41
1002 179 31
1003 182 45
1004 180 46
1005 175 34
1006 179 34
1007 193 132
1008 198 122
1009 198 131
1010 196 120
1011 188 117
1012 186 116
1013 199 116
1014 199 120
1015 190 126
1016 195 121
1017 198 129
1018 193 121
1019 190 127
1020 192 130
1021 190 124
1022 198 116
1023 188 129
1024 191 116
1025 188 116
1026 193 116
1027 192 125
1028 187 118
1029 185 124
1030 193 120
1031 185 119
1032 189 132
1033 185 116
1034 196 130
1035 186 119
1036 189 133
1037 178 19
1038 173 17
1039 183 29
1040 173 23
1041 184 25
1042 172 24
1043 176 19
1044 183 25
1045 170 12
1046 183 21
1047 171 16
1048 178 13
1049 184 14
1050 171 26
1051 170 24
1052 170 12
1053 172 24
1054 177 15
1055 171 16
1056 169 24
1057 169 18
1058 176 26
1059 175 21
1060 182 24
1061 172 22
1062 170 19
1063 171 26
1064 177 21
1065 171 16
1066 184 24
1067 183 135
1068 184 149
1069 178 145
1070 182 145
1071 179 150
1072 178 145
1073 176 138
1074 174 139
1075 177 142
1076 176 136
1077 173 149
1078 177 144
1079 181 142
1080 181 136
1081 169 138
1082 175 140
1083 181 137
1084 176 138
1085 180 145
1086 183 144
1087 175 137
1088 181 137
1089 184 145
1090 184 147
1091 182 134
1092 182 140
1093 179 138
1094 180 145
1095 170 142
1096 182 150
1097 90 214
1098 94 204
1099 81 208
1100 87 203
1101 92 213
1102 99 214
1103 99 203
1104 91 216
1105 87 204
1106 84 201
1107 100 216
1108 91 206
1109 85 216
1110 90 212
1111 82 213
1112 89 200
1113 100 202
1114 100 202
1115 97 208
1116 85 210
1117 99 205
1118 86 206
1119 99 212
1120 100 216
1121 82 204
1122 95 208
1123 92 211
1124 81 210
1125 85 211
1126 86 204
1127 45 65
1128 39 69
1129 37 77
1130 36 80
1131 44 71
1132 41 65
1133 34 79
1134 41 67
1135 32 73
1136 40 80
1137 31 78
1138 39 71
1139 44 72
1140 37 71
1141 31 70
1142 34 77
1143 46 66
1144 40 70
1145 43 72
1146 45 79
1147 45 77
1148 37 75
1149 44 71
1150 42 73
1151 38 76
1152 34 67
1153 45 68
1154 40 80
1155 43 65
1156 39 67
1157 181 17
1158 172 17
1159 174 20
1160 170 19
1161 184 14
1162 178 16
1163 169 23
1164 169 15
1165 184 16
1166 172 29
1167 177 22
1168 180 19
1169 169 22
1170 182 12
1171 183 12
1172 181 18
1173 173 12
1174 175 29
1175 170 25
1176 179 17
1177 179 17
1178 170 20
1179 171 29
1180 177 27
1181 174 28
1182 173 24
1183 179 17
1184 173 27
1185 172 22
1186 176 23
1187 222 149
1188 221 147
1189 226 143
1190 217 144
1191 220 137
1192 226 135
1193 220 147
1194 220 143
1195 231 146
1196 223 147
1197 229 141
1198 217 146
1199 221 137
1200 230 142
1201 222 139
1202 225 138
1203 230 141
1204 228 146
1205 227 140
1206 219 145
1207 230 138
1208 217 139
1209 227 149
1210 222 142
1211 218 140
1212 231 149
1213 223 137
1214 221 142
1215 218 147
1216 231 137
1217 221 40
1218 230 46
1219 227 39
1220 226 39
1221 229 42
1222 231 45
1223 222 34
1224 230 44
1225 223 39
1226 219 34
1227 229 34
1228 227 35
1229 224 45
1230 227 35
1231 227 31
1232 217 41
1233 231 42
1234 227 42
1235 219 39
1236 230 31
1237 231 35
1238 217 31
1239 231 32
1240 231 44
1241 227 33
1242 227 39
1243 223 38
1244 225 32
1245 220 31
1246 217 40
1247 122 136
1248 125 134
1249 124 143
1250 124 150
1251 125 148
1252 121 139
1253 123 148
1254 130 142
1255 119 150
1256 129 144
1257 132 135
1258 118 138
1259 129 147
1260 128 147
1261 127 143
1262 128 150
1263 123 137
1264 122 134
1265 129 146
1266 116 150
1267 133 134
1268 116 144
1269 127 134
1270 116 134
1271 125 141
1272 133 140
1273 123 140
1274 129 147
1275 122 142
1276 124 148
1277 133 37
1278 125 40
1279 123 40
1280 120 43
1281 118 43
1282 121 45
1283 132 39
1284 125 41
1285 121 41
1286 132 33
1287 123 45
1288 116 41
1289 127 44
1290 130 38
1291 128 34
1292 128 31
1293 123 31
1294 133 42
1295 119 41
1296 125 34
1297 119 35
1298 123 33
1299 117 35
1300 129 42
1301 133 32
1302 117 38
1303 131 45
1304 116 46
1305 126 34
1306 127 31
1307 144 196
1308 149 193
1309 138 199
1310 150 190
1311 137 193
1312 145 196
1313 145 190
1314 149 190
1315 141 191
1316 146 189
1317 142 193
1318 143 186
1319 142 195
1320 146 188
1321 137 189
1322 145 197
1323 140 191
1324 135 196
1325 136 197
1326 148 198
1327 141 185
1328 135 199
1329 142 192
1330 149 186
1331 140 195
1332 139 185
1333 149 187
1334 139 196
1335 145 199
1336 148 198
1337 176 186
1338 169 196
1339 170 194
1340 176 198
1341 171 196
1342 182 192
1343 180 186
1344 175 196
1345 181 195
1346 169 197
1347 182 194
1348 169 186
1349 176 198
1350 177 185
1351 172 192
1352 183 189
1353 177 186
1354 174 193
1355 178 192
1356 181 187
1357 171 189
1358 183 191
1359 170 190
1360 175 189
1361 177 198
1362 182 196
1363 173 194
1364 177 193
1365 176 187
1366 169 192
1367 37 90
1368 33 91
1369 34 94
1370 35 88
1371 46 99
1372 34 98
1373 38 91
1374 31 99
1375 37 83
1376 31 86
1377 39 98
1378 44 82
1379 43 84
1380 39 85
1381 36 100
1382 36 95
1383 31 98
1384 40 96
1385 43 92
1386 45 93
1387 32 84
1388 43 100
1389 32 82
1390 40 95
1391 44 97
1392 41 98
1393 41 91
1394 40 88
1395 34 89
1396 31 94
1397 4 109
1398 2 109
1399 3 110
1400 5 109
1401 6 115
1402 5 106
1403 3 115
1404 9 110
1405 8 101
1406 8 106
1407 0 114
1408 10 104
1409 5 107
1410 5 112
1411 2 105
1412 11 110
1413 7 111
1414 3 108
1415 11 113
1416 4 102
1417 11 102
1418 8 115
1419 10 112
1420 7 103
1421 3 105
1422 10 104
1423 9 106
1424 9 112
1425 7 110
1426 3 103
1427 226 244
1428 228 242
1429 228 236
1430 221 239
1431 230 247
1432 229 242
1433 227 239
1434 223 240
1435 217 249
1436 226 234
1437 224 242
1438 229 247
1439 230 234
1440 217 239
1441 217 247
1442 220 236
1443 229 235
1444 230 240
1445 228 242
1446 222 234
1447 225 236
1448 229 240
1449 223 242
1450 229 236
1451 219 233
1452 223 248
1453 231 245
1454 230 248
1455 220 234
1456 218 241
1457 32 53
1458 45 52
1459 38 58
1460 39 52
1461 45 55
1462 41 55
1463 41 63
1464 42 57
1465 37 61
1466 41 54
1467 46 48
1468 33 56
1469 43 54
1470 46 51
1471 32 64
1472 44 55
1473 35 61
1474 41 51
1475 40 56
1476 33 57
1477 46 47
1478 44 49
1479 46 48
1480 42 62
1481 36 52
1482 39 51
1483 42 63
1484 44 53
1485 33 56
1486 32 57
1487 124 73
1488 124 69
1489 123 79
1490 118 73
1491 122 76
1492 130 75
1493 118 73
1494 124 80
1495 130 68
1496 117 76
1497 133 70
1498 128 79
1499 132 73
1500 129 66
1501 121 67
1502 130 79
1503 133 66
1504 131 67
1505 117 67
1506 126 71
1507 122 73
1508 133 71
1509 129 80
1510 130 76
1511 122 72
1512 121 73
1513 127 73
1514 129 78
1515 120 69
1516 124 79
1517 13 228
1518 29 224
1519 27 228
1520 29 226
1521 24 217
1522 16 223
1523 22 225
1524 16 229
1525 20 219
1526 24 225
1527 13 222
1528 20 230
1529 30 219
1530 21 224
1531 17 218
1532 21 231
1533 20 219
1534 13 221
1535 26 217
1536 13 225
1537 30 218
1538 28 229
1539 17 219
1540 23 217
1541 16 231
1542 24 223
1543 24 218
1544 16 227
1545 20 218
1546 12 219
1547 79 15
1548 79 21
1549 80 14
1550 66 28
1551 73 27
1552 73 28
1553 69 19
1554 71 22
1555 68 15
1556 79 12
1557 73 14
1558 77 17
1559 73 14
1560 76 25
1561 78 24
1562 79 22
1563 79 28
1564 75 21
1565 76 14
1566 78 21
1567 79 21
1568 80 19
1569 78 28
1570 65 25
1571 75 25
1572 74 20
1573 77 29
1574 67 20
1575 69 27
1576 76 12
1577 134 198
1578 138 193
1579 145 193
1580 138 194
1581 145 188
1582 142 196
1583 135 185
1584 142 187
1585 149 185
1586 149 198
1587 139 192
1588 147 191
1589 145 185
1590 139 196
1591 143 193
1592 141 189
1593 141 187
1594 134 199
1595 144 191
1596 142 189
1597 143 192
1598 149 189
1599 150 194
1600 146 196
1601 146 190
1602 146 195
1603 150 188
1604 140 194
1605 149 197
1606 149 186
1607 92 166
1608 87 153
1609 88 151
1610 88 160
1611 100 153
1612 92 153
1613 97 155
1614 88 162
1615 93 159
1616 93 154
1617 82 159
1618 84 151
1619 82 165
1620 99 156
1621 98 155
1622 82 157
1623 97 159
1624 92 156
1625 84 157
1626 100 155
1627 93 163
1628 93 167
1629 81 162
1630 81 160
1631 99 154
1632 82 166
1633 85 160
1634 94 168
1635 95 152
1636 81 156
1637 12 159
1638 14 152
1639 12 165
1640 28 168
1641 30 161
1642 24 162
1643 17 167
1644 30 161
1645 18 162
1646 29 159
1647 19 151
1648 20 160
1649 28 151
1650 19 163
1651 22 153
1652 15 157
1653 22 154
1654 19 168
1655 23 152
1656 13 167
1657 18 162
1658 23 160
1659 25 161
1660 24 158
1661 15 161
1662 29 152
1663 29 151
1664 18 167
1665 14 161
1666 24 159
1667 133 234
1668 119 246
1669 128 246
1670 121 239
1671 121 232
1672 129 237
1673 121 233
1674 125 246
1675 130 243
1676 119 248
1677 130 237
1678 117 238
1679 127 237
1680 122 239
1681 121 242
1682 130 235
1683 129 236
1684 124 242
1685 116 236
1686 117 249
1687 130 246
1688 132 234
1689 127 246
1690 129 236
1691 133 238
1692 122 237
1693 128 233
1694 122 246
1695 124 232
1696 119 234
1697 182 41
1698 177 41
1699 172 33
1700 177 33
1701 174 46
1702 176 36
1703 184 33
1704 175 41
1705 176 40
1706 169 31
1707 170 33
1708 178 44
1709 171 31
1710 173 37
1711 178 45
1712 180 33
1713 180 40
1714 180 46
1715 180 35
1716 170 46
1717 181 37
1718 170 37
1719 182 46
1720 184 31
1721 172 33
1722 179 45
1723 176 43
1724 182 44
1725 178 38
1726 183 38
1727 173 136
1728 173 138
1729 170 141
1730 184 143
1731 170 148
1732 181 141
1733 181 144
1734 182 149
1735 182 146
1736 180 139
1737 179 145
1738 177 142
1739 182 134
1740 171 148
1741 181 141
1742 184 134
1743 175 144
1744 177 145
1745 179 150
1746 169 148
1747 178 138
1748 179 141
1749 175 139
1750 182 139
1751 170 146
1752 178 137
1753 180 141
1754 183 143
1755 175 147
1756 176 145
1757 32 177
1758 40 174
1759 37 179
1760 39 178
1761 32 172
1762 43 180
1763 44 184
1764 44 172
1765 44 174
1766 45 177
1767 32 184
1768 38 184
1769 39 173
1770 43 184
1771 34 183
1772 43 181
1773 34 179
1774 44 180
1775 31 181
1776 41 178
1777 45 184
1778 36 169
1779 31 172
1780 39 181
1781 40 180
1782 32 178
1783 33 172
1784 34 177
1785 46 173
1786 31 183
1787 184 61
1788 176 48
1789 173 59
1790 181 49
1791 172 50
1792 173 48
1793 176 50
1794 176 52
1795 175 63
1796 171 47
1797 183 59
1798 175 57
1799 174 49
1800 177 52
1801 178 60
1802 174 54
1803 176 61
1804 169 52
1805 172 64
1806 176 58
1807 170 62
1808 179 49
1809 180 63
1810 174 64
1811 179 61
1812 183 56
1813 184 56
1814 171 47
1815 182 59
1816 172 61
1817 75 84
1818 77 83
1819 66 86
1820 79 92
1821 67 85
1822 77 86
1823 80 81
1824 68 83
1825 74 85
1826 78 95
1827 75 98
1828 74 86
1829 77 94
1830 67 97
1831 75 96
1832 74 98
1833 65 83
1834 77 92
1835 74 84
1836 75 95
1837 75 81
1838 77 85
1839 79 86
1840 76 98
1841 73 82
1842 76 92
1843 80 84
1844 70 97
1845 80 84
1846 73 88
1847 74 186
1848 73 194
1849 65 185
1850 75 193
1851 74 197
1852 71 197
1853 73 197
1854 68 197
1855 75 192
1856 68 195
1857 79 193
1858 73 185
1859 76 188
1860 70 187
1861 75 190
1862 79 196
1863 71 198
1864 79 195
1865 77 187
1866 66 186
1867 77 185
1868 76 193
1869 72 189
1870 68 191
1871 65 191
1872 69 198
1873 77 185
1874 78 198
1875 65 193
1876 79 195
1877 105 224
1878 105 223
1879 103 221
1880 101 229
1881 104 230
1882 110 217
1883 103 223
1884 103 228
1885 110 227
1886 115 225
1887 110 220
1888 110 217
1889 101 218
1890 101 228
1891 108 222
1892 111 219
1893 101 217
1894 104 222
1895 102 229
1896 113 219
1897 103 228
1898 112 231
1899 115 229
1900 102 228
1901 108 222
1902 110 227
1903 115 221
1904 113 222
1905 101 219
1906 111 218
1907 182 65
1908 184 68
1909 177 74
1910 180 70
1911 171 75
1912 175 74
1913 184 70
1914 173 67
1915 170 65
1916 179 68
1917 182 73
1918 181 66
1919 171 68
1920 176 75
1921 169 66
1922 184 67
1923 175 67
1924 173 78
1925 175 74
1926 173 75
1927 177 76
1928 176 74
1929 181 72
1930 179 69
1931 178 77
1932 183 77
1933 177 76
1934 183 74
1935 181 75
1936 182 68
1937 187 192
1938 198 189
1939 193 198
1940 186 192
1941 199 197
1942 188 187
1943 185 198
1944 194 193
1945 199 197
1946 187 196
1947 195 189
1948 196 199
1949 194 199
1950 190 189
1951 190 193
1952 187 188
1953 197 193
1954 189 185
1955 152 176
1956 155 181
1957 161 172
1958 168 183
1959 157 172
1960 167 177
1961 151 184
1962 163 176
1963 151 183
1964 163 179
1965 163 179
1966 152 176
1967 160 182
1968 156 184
1969 161 173
1970 165 178
1971 158 178
1972 158 174
1973 151 180
1974 154 170
1975 163 174
1976 160 170
1977 168 176
1978 152 177
1979 152 173
1980 152 173
1981 167 180
1982 154 184
1983 152 177
1984 160 175
1985 13 156
1986 23 163
1987 13 162
1988 24 157
1989 14 151
1990 18 161
1991 28 152
1992 16 159
1993 15 160
1994 14 154
1995 14 158
1996 13 163
1997 17 157
1998 25 166
1999 22 151
2000 13 168
2001 23 163
2002 12 162
2003 18 158
2004 16 161
2005 30 159
2006 30 157
2007 25 160
2008 30 160
2009 21 162
2010 23 163
2011 14 161
2012 18 151
2013 30 162
2014 14 166
2015 64 31
2016 59 44
2017 55 36
2018 56 40
2019 58 46
2020 53 45
2021 48 40
2022 60 38
2023 58 39
2024 57 31
2025 62 37
2026 64 36
2027 51 45
2028 60 37
2029 61 46
2030 62 35
2031 57 42
2032 58 34
2033 55 46
2034 64 42
2035 56 41
2036 54 34
2037 58 41
2038 51 39
2039 60 37
2040 47 36
2041 50 35
2042 59 38
2043 50 34
2044 53 38
2045 233 103
2046 246 114
2047 242 104
2048 245 101
2049 237 109
2050 247 112
2051 242 103
2052 244 107
2053 238 104
2054 246 114
2055 232 112
2056 236 111
2057 248 104
2058 235 112
2059 235 101
2060 246 104
2061 248 106
2062 241 113
2063 242 107
2064 235 105
2065 246 109
2066 249 103
2067 244 115
2068 241 110
2069 249 107
2070 249 108
2071 233 101
2072 248 109
2073 240 105
2074 237 112
2075 7 213
2076 9 212
2077 3 206
2078 4 202
2079 11 210
2080 2 210
2081 7 205
2082 8 215
2083 2 215
2084 6 210
2085 9 209
2086 0 215
2087 10 202
2088 10 204
2089 10 202
2090 1 201
2091 9 202
2092 8 205
2093 8 211
2094 5 205
2095 5 215
2096 11 206
2097 9 216
2098 1 204
2099 0 212
2100 7 202
2101 2 212
2102 3 208
2103 10 203
2104 9 157
2105 4 155
2106 6 167
2107 0 158
2108 3 164
2109 9 153
2110 1 155
2111 3 167
2112 6 167
2113 9 162
2114 3 162
2115 8 154
2116 5 153
2117 7 161
2118 2 160
2119 11 165
2120 10 160
2121 8 153
2122 7 161
2123 8 161
2124 7 154
2125 6 158
2126 5 153
2127 11 167
2128 7 152
2129 7 168
2130 1 165
2131 5 168
2132 171 233
2133 169 240
2134 179 242
2135 176 233
2136 176 243
2137 174 241
2138 180 232
2139 175 242
2140 175 243
2141 172 242
2142 173 238
2143 174 239
2144 177 232
2145 179 242
2146 170 246
2147 173 241
2148 170 246
2149 178 236
2150 170 240
2151 172 235
2152 183 234
2153 180 232
2154 180 242
2155 173 243
2156 171 245
2157 169 247
2158 175 238
2159 174 240
2160 176 248
2161 176 241
2162 28 93
2163 21 89
2164 29 92
2165 16 90
2166 28 88
2167 18 99
2168 27 84
2169 27 98
2170 29 87
2171 14 98
2172 24 92
2173 15 95
2174 23 96
2175 21 88
2176 30 96
2177 29 96
2178 16 82
2179 26 88
2180 25 91
2181 20 98
2182 22 84
2183 13 94
2184 27 87
2185 18 93
2186 14 93
2187 21 87
2188 15 89
2189 18 97
2190 25 83
2191 30 87
2192 77 30
2193 67 28
2194 69 13
2195 78 23
2196 77 27
2197 75 27
2198 73 17
2199 75 19
2200 76 14
2201 70 29
2202 67 19
2203 76 28
2204 69 27
2205 79 20
2206 65 30
2207 80 25
2208 69 16
2209 73 23
2210 71 23
2211 77 15
2212 70 19
2213 79 29
2214 72 14
2215 66 21
2216 75 20
2217 66 24
2218 73 27
2219 71 14
2220 69 19
2221 79 27
2222 101 220
2223 109 227
2224 108 218
2225 111 217
2226 102 219
2227 106 220
2228 109 223
2229 112 230
2230 111 220
2231 114 228
2232 109 220
2233 114 229
2234 115 220
2235 102 228
2236 111 230
2237 104 222
2238 114 228
2239 101 217
2240 104 221
2241 104 226
2242 102 228
2243 106 224
2244 106 223
2245 107 226
2246 114 224
2247 106 230
2248 110 221
2249 105 229
2250 108 230
2251 108 230
2252 4 205
2253 2 202
2254 5 213
2255 9 213
2256 10 207
2257 1 215
2258 10 209
2259 5 208
2260 2 215
2261 2 204
2262 1 202
2263 4 211
2264 6 212
2265 9 213
2266 4 203
2267 5 204
2268 1 210
2269 10 209
2270 1 215
2271 3 208
2272 8 207
2273 6 208
2274 7 213
2275 7 207
2276 7 203
2277 10 200
2278 2 209
2279 1 207
2280 9 214
2281 10 212
2282 143 108
2283 146 103
2284 134 110
2285 147 106
2286 140 108
2287 149 108
2288 137 112
2289 143 109
2290 150 103
2291 134 115
2292 135 104
2293 139 114
2294 150 106
2295 150 114
2296 139 105
2297 137 112
2298 138 102
2299 144 102
2300 140 113
2301 135 108
2302 145 113
2303 148 115
2304 143 115
2305 136 111
2306 142 101
2307 143 102
2308 139 111
2309 137 103
2310 145 104
2311 140 105
2312 190 115
2313 196 108
2314 185 101
2315 186 105
2316 195 108
2317 198 110
2318 196 108
2319 189 105
2320 185 113
2321 197 105
2322 190 106
2323 192 112
2324 194 112
2325 196 113
2326 198 108
2327 199 106
2328 195 108
2329 197 110
2330 198 113
2331 187 111
2332 198 110
2333 192 104
2334 199 113
2335 196 109
2336 195 104
2337 199 113
2338 189 106
2339 198 113
2340 185 111
2341 188 106
2342 41 160
2343 43 156
2344 40 158
2345 38 156
2346 41 152
2347 42 154
2348 44 160
2349 37 168
2350 37 158
2351 35 157
2352 41 166
2353 40 152
2354 35 152
2355 44 166
2356 33 167
2357 32 158
2358 32 164
2359 38 154
2360 44 159
2361 38 158
2362 36 161
2363 36 151
2364 35 165
2365 37 168
2366 43 153
2367 34 152
2368 32 164
2369 40 155
2370 32 153
2371 34 155
2372 231 151
2373 221 166
2374 226 154
2375 231 151
2376 227 158
2377 222 160
2378 227 164
2379 226 163
2380 228 160
2381 224 158
2382 224 166
2383 220 167
2384 217 153
2385 227 165
2386 223 167
2387 222 154
2388 226 166
2389 230 165
2390 227 152
2391 231 157
2392 219 165
2393 229 151
2394 218 151
2395 219 153
2396 224 156
2397 220 152
2398 227 151
2399 224 162
2400 225 155
2401 228 151
2402 242 105
2403 239 110
2404 243 102
2405 247 103
2406 242 104
2407 247 104
2408 243 111
2409 244 114
2410 249 103
2411 247 112
2412 242 110
2413 236 103
2414 233 105
2415 235 102
2416 235 101
2417 243 111
2418 238 114
2419 249 112
2420 234 103
2421 248 107
2422 234 104
2423 237 103
2424 241 114
2425 240 113
2426 240 113
2427 249 112
2428 239 104
2429 239 105
2430 242 109
2431 234 101
2432 233 30
2433 238 29
2434 240 27
2435 235 25
2436 234 27
2437 249 25
2438 245 15
2439 247 21
2440 243 22
2441 232 13
2442 249 27
2443 240 21
2444 246 26
2445 246 30
2446 237 17
2447 249 12
2448 240 25
2449 247 19
2450 236 19
2451 244 13
2452 235 21
2453 246 30
2454 237 22
2455 241 16
2456 243 23
2457 238 19
2458 241 20
2459 238 14
2460 234 22
2461 234 22
2462 32 177
2463 43 184
2464 37 169
2465 44 176
2466 34 177
2467 33 178
2468 32 181
2469 42 169
2470 34 181
2471 35 176
2472 32 184
2473 42 171
2474 43 184
2475 46 181
2476 45 180
2477 32 179
2478 43 179
2479 45 177
2480 45 184
2481 34 178
2482 32 184
2483 43 172
2484 32 179
2485 39 170
2486 39 179
2487 42 184
2488 46 170
2489 43 179
2490 38 180
2491 44 180
2492 199 240
2493 192 234
2494 185 242
2495 186 236
2496 189 234
2497 199 249
2498 198 241
2499 188 239
2500 185 235
2501 185 237
2502 191 235
2503 197 248
2504 186 232
2505 191 235
2506 191 247
2507 195 235
2508 186 246
2509 188 237
2510 194 232
2511 190 246
2512 198 240
2513 189 241
2514 189 245
2515 187 235
2516 192 235
2517 199 234
2518 197 237
2519 194 243
2520 196 236
2521 193 241
2522 84 106
2523 99 112
2524 97 106
2525 87 107
2526 92 113
2527 99 113
2528 83 107
2529 86 110
2530 97 102
2531 81 104
2532 88 105
2533 85 101
2534 92 103
2535 99 114
2536 84 113
2537 97 114
2538 86 109
2539 89 107
2540 94 101
2541 89 103
2542 83 102
2543 82 110
2544 83 102
2545 84 101
2546 89 110
2547 97 113
2548 87 112
2549 83 112
2550 88 103
2551 97 109
2552 25 91
2553 12 89
2554 21 89
2555 16 82
2556 28 85
2557 15 87
2558 15 100
2559 18 93
2560 23 89
2561 13 90
2562 17 93
2563 28 91
2564 14 88
2565 16 97
2566 13 85
2567 29 98
2568 27 91
2569 29 86
2570 23 91
2571 21 89
2572 16 82
2573 24 89
2574 28 96
2575 15 86
2576 22 92
2577 23 92
2578 20 94
2579 14 83
2580 22 85
2581 17 94
2582 130 182
2583 132 180
2584 133 176
2585 123 178
2586 130 175
2587 125 176
2588 133 177
2589 117 172
2590 133 178
2591 124 177
2592 128 179
2593 131 184
2594 119 182
2595 129 184
2596 128 174
2597 118 181
2598 122 181
2599 131 178
2600 122 169
2601 119 169
2602 121 184
2603 123 175
2604 122 174
2605 118 179
2606 122 179
2607 123 180
2608 131 171
2609 120 174
2610 122 174
2611 117 171
2612 170 194
2613 177 186
2614 183 193
2615 180 187
2616 174 193
2617 173 192
2618 173 186
2619 172 189
2620 181 187
2621 181 196
2622 179 197
2623 172 194
2624 179 197
2625 170 193
2626 176 186
2627 178 188
2628 179 191
2629 169 189
2630 175 193
2631 181 199
2632 177 195
2633 176 188
2634 169 192
2635 182 190
2636 184 190
2637 179 186
2638 170 192
2639 174 191
2640 178 186
2641 184 190
2642 206 110
2643 210 106
2644 208 111
2645 216 104
2646 212 108
2647 205 107
2648 210 108
2649 201 103
2650 212 111
2651 214 110
2652 204 105
2653 201 104
2654 202 107
2655 204 108
2656 209 110
2657 202 111
2658 210 112
2659 208 102
2660 216 107
2661 211 115
2662 205 114
2663 207 106
2664 210 112
2665 210 112
2666 213 108
2667 211 112
2668 215 115
2669 201 105
2670 202 106
2671 216 108
2672 60 153
2673 49 163
2674 55 157
2675 61 151
2676 53 162
2677 51 168
2678 64 167
2679 47 153
2680 51 152
2681 53 160
2682 51 168
2683 47 151
2684 60 154
2685 54 153
2686 53 163
2687 62 158
2688 62 162
2689 59 158
2690 60 160
2691 62 152
2692 55 161
2693 49 165
2694 48 165
2695 56 167
2696 55 152
2697 54 152
2698 61 162
2699 54 166
2700 54 158
2701 52 162
2702 89 61
2703 91 51
2704 96 57
2705 96 54
2706 83 48
2707 84 63
2708 86 62
2709 94 57
2710 90 63
2711 81 59
2712 100 55
2713 82 57
2714 88 55
2715 96 61
2716 85 53
2717 91 56
2718 83 54
2719 91 49
2720 89 64
2721 94 54
2722 82 60
2723 97 56
2724 87 48
2725 96 47
2726 96 47
2727 94 62
2728 87 52
2729 86 58
2730 95 59
2731 95 52
2732 167 155
2733 164 151
2734 151 155
2735 153 158
2736 168 159
2737 165 164
2738 159 153
2739 163 168
2740 161 165
2741 166 160
2742 164 168
2743 164 155
2744 155 152
2745 158 159
2746 165 161
2747 151 155
2748 167 166
2749 157 153
2750 33 109
2751 31 107
2752 33 102
2753 37 101
2754 44 115
2755 36 113
2756 35 113
2757 46 103
2758 45 106
2759 32 112
2760 31 108
2761 38 106
2762 41 111
2763 32 108
2764 42 109
2765 39 101
2766 43 102
2767 37 105
2768 35 114
2769 36 115
2770 36 107
2771 42 115
2772 33 103
2773 35 101
2774 42 108
2775 31 112
2776 46 108
2777 46 104
2778 36 114
2779 44 106
2780 225 196
2781 229 199
2782 227 185
2783 221 191
2784 230 197
2785 229 195
2786 227 193
2787 225 192
2788 218 189
2789 219 189
2790 224 199
2791 231 189
2792 228 192
2793 225 196
2794 223 189
2795 220 196
2796 218 188
2797 225 198
2798 231 185
2799 226 191
2800 226 194
2801 228 195
2802 229 187
2803 226 190
2804 219 189
2805 227 197
2806 227 199
2807 229 193
2808 227 192
2809 221 197
2810 77 59
2811 70 57
2812 67 53
2813 76 60
2814 80 53
2815 74 54
2816 77 53
2817 68 64
2818 74 48
2819 72 50
2820 72 61
2821 78 59
2822 73 61
2823 76 58
2824 80 51
2825 67 54
2826 75 53
2827 79 52
2828 67 51
2829 78 61
2830 74 48
2831 73 63
2832 66 47
2833 67 61
2834 70 55
2835 69 58
2836 65 48
2837 67 60
2838 71 63
2839 65 58
2840 85 7
2841 84 4
2842 81 9
2843 98 9
2844 98 10
2845 89 10
2846 83 4
2847 97 3
2848 100 3
2849 90 11
2850 92 1
2851 82 0
2852 88 3
2853 89 6
2854 100 7
2855 93 6
2856 87 3
2857 100 1
2858 93 3
2859 94 1
2860 81 9
2861 100 1
2862 94 0
2863 91 9
2864 83 3
2865 82 5
2866 90 7
2867 88 0
2868 95 5
2869 28 65
2870 20 74
2871 17 71
2872 19 80
2873 14 80
2874 30 75
2875 29 76
2876 29 77
2877 20 80
2878 20 65
2879 21 71
2880 28 66
2881 28 74
2882 24 69
2883 28 72
2884 22 80
2885 28 71
2886 18 69
2887 12 77
2888 29 75
2889 28 79
2890 22 68
2891 24 70
2892 21 71
2893 18 76
2894 26 74
2895 28 73
2896 17 69
2897 22 72
2898 15 77
2899 183 58
2900 183 47
2901 172 53
2902 169 59
2903 171 64
2904 179 58
2905 170 49
2906 179 60
2907 171 60
2908 170 59
2909 170 55
2910 181 60
2911 177 59
2912 174 63
2913 180 58
2914 173 52
2915 173 63
2916 173 48
2917 170 54
2918 176 56
2919 176 53
2920 172 59
2921 177 52
2922 179 58
2923 180 58
2924 183 52
2925 177 53
2926 178 57
2927 174 49
2928 171 59
2929 100 162
2930 81 160
2931 92 156
2932 84 154
2933 94 163
2934 86 153
2935 91 157
2936 89 156
2937 100 153
2938 91 160
2939 96 154
2940 92 156
2941 93 152
2942 94 168
2943 85 163
2944 83 161
2945 83 166
2946 95 151
2947 81 151
2948 82 155
2949 84 167
2950 84 157
2951 94 161
2952 86 153
2953 86 168
2954 83 163
2955 96 151
2956 90 168
2957 91 163
2958 84 152
