233 255 10 2882
0 6
1 10
2 9
3 6
4 10
5 10
6 10
7 7
8 8
9 7
10 6
11 7
12 3
13 4
14 3
15 3
16 3
17 5
18 3
19 3
20 5
21 3
22 3
23 3
24 3
25 3
26 5
27 5
28 3
29 5
30 3
31 3
32 3
33 3
34 3
35 3
36 3
37 3
38 3
39 5
40 3
41 3
42 3
43 3
44 3
45 3
46 4
47 4
48 3
49 3
50 3
51 3
52 3
53 3
54 4
55 3
56 3
57 4
58 3
59 4
60 3
61 3
62 4
63 3
64 3
65 3
66 3
67 5
68 3
69 4
70 3
71 5
72 3
73 5
74 4
75 3
76 4
77 4
78 3
79 3
80 4
81 3
82 3
83 3
84 3
85 4
86 4
87 3
88 4
89 4
90 4
91 4
92 3
93 4
94 3
95 3
96 4
97 5
98 3
99 3
100 4
101 3
102 4
103 4
104 4
105 3
106 3
107 3
108 3
109 3
110 3
111 5
112 3
113 3
114 3
115 3
116 3
117 3
118 6
119 3
120 3
121 3
122 3
123 5
124 3
125 3
126 3
127 3
128 4
129 3
130 3
131 3
132 3
133 3
134 3
135 3
136 3
137 4
138 3
139 4
140 3
141 3
142 3
143 3
144 4
145 3
146 3
147 3
148 6
149 3
150 4
151 3
152 3
153 4
154 4
155 3
156 7
157 4
158 3
159 3
160 3
161 3
162 3
163 3
164 3
165 4
166 5
167 4
168 3
169 3
170 3
171 4
172 3
173 3
174 3
175 3
176 3
177 7
178 3
179 3
180 5
181 5
182 3
183 3
184 5
185 3
186 5
187 5
188 4
189 6
190 3
191 3
192 3
193 3
194 3
195 3
196 3
197 4
198 3
199 3
200 4
201 3
202 3
203 4
204 3
205 4
206 4
207 3
208 3
209 3
210 3
211 6
212 3
213 3
214 4
215 3
216 3
217 4
218 3
219 3
220 3
221 3
222 3
223 4
224 3
225 4
226 5
227 3
228 3
229 3
230 3
231 3
232 3
0 0 1
1 0 4
2 0 6
3 0 9
4 0 148
5 1 3
6 1 8
7 1 9
8 1 11
9 1 12
10 1 27
11 1 217
12 2 4
13 2 5
14 2 6
15 2 7
16 2 8
17 2 9
18 2 11
19 3 5
20 3 8
21 3 200
22 4 5
23 4 6
24 4 9
25 4 10
26 4 11
27 4 165
28 5 6
29 5 7
30 5 8
31 5 11
32 5 110
33 6 7
34 6 10
35 6 80
36 6 130
37 6 180
38 7 10
39 7 95
40 8 9
41 8 10
42 8 11
43 8 43
44 9 11
45 10 11
46 10 62
47 12 21
48 12 13
49 13 26
50 14 25
51 14 26
52 15 18
53 15 20
54 16 20
55 17 19
56 17 20
57 17 23
58 22 23
59 22 26
60 23 24
61 27 30
62 27 39
63 28 32
64 28 29
65 29 31
66 29 36
67 29 38
68 33 37
69 33 34
70 34 42
71 35 41
72 37 41
73 38 39
74 39 40
75 39 42
76 43 49
77 44 53
78 45 55
79 46 54
80 46 60
81 46 49
82 47 56
83 47 59
84 47 48
85 48 57
86 49 51
87 50 60
88 51 52
89 52 61
90 53 54
91 55 59
92 57 61
93 58 60
94 62 67
95 62 73
96 63 65
97 64 67
98 65 71
99 66 71
100 67 78
101 68 76
102 68 74
103 69 72
104 69 76
105 70 78
106 71 77
107 72 77
108 73 75
109 73 76
110 74 79
111 80 88
112 81 88
113 81 89
114 82 85
115 82 93
116 83 90
117 83 92
118 84 86
119 85 87
120 86 93
121 89 93
122 89 90
123 91 92
124 91 94
125 95 99
126 96 100
127 96 103
128 97 107
129 97 104
130 97 106
131 98 107
132 99 108
133 100 105
134 100 102
135 101 103
136 102 106
137 103 109
138 104 108
139 110 119
140 111 116
141 111 122
142 111 118
143 112 128
144 113 123
145 114 125
146 114 118
147 115 118
148 115 121
149 117 123
150 118 123
151 119 124
152 120 124
153 120 128
154 121 126
155 126 127
156 127 128
157 128 129
158 130 133
159 131 133
160 131 142
161 132 134
162 132 137
163 132 141
164 135 140
165 135 138
166 136 137
167 137 146
168 138 144
169 139 143
170 139 146
171 140 141
172 142 144
173 144 147
174 145 147
175 148 153
176 148 156
177 148 159
178 149 157
179 150 163
180 150 164
181 151 156
182 152 156
183 153 155
184 154 159
185 154 164
186 155 158
187 156 157
188 156 162
189 160 161
190 160 162
191 165 170
192 166 171
193 166 167
194 166 177
195 166 179
196 167 173
197 167 176
198 168 175
199 168 177
200 169 179
201 170 171
202 172 177
203 174 177
204 177 178
205 180 181
206 180 195
207 181 185
208 181 192
209 181 194
210 182 193
211 183 189
212 184 195
213 184 198
214 184 187
215 186 190
216 186 193
217 186 197
218 186 187
219 187 188
220 188 199
221 189 191
222 189 196
223 189 197
224 200 205
225 201 205
226 201 203
227 201 216
228 202 211
229 203 211
230 204 213
231 206 212
232 206 208
233 207 212
234 208 215
235 209 211
236 210 215
237 210 214
238 211 213
239 211 214
240 217 227
241 217 223
242 217 232
243 218 219
244 218 220
245 220 225
246 221 225
247 221 230
248 222 226
249 223 228
250 223 231
251 224 230
252 224 226
253 226 228
254 229 232
0 196 225
1 181 229
2 187 220
3 191 230
4 192 229
5 196 223
6 187 222
7 187 230
8 186 227
9 184 230
10 183 218
11 197 228
12 195 224
13 184 225
14 199 229
15 198 225
16 186 228
17 182 217
18 193 227
19 199 228
20 199 217
21 195 225
22 190 227
23 192 222
24 193 229
25 195 225
26 196 225
27 181 217
28 185 225
29 194 228
30 118 86
31 129 91
32 124 90
33 119 80
34 125 86
35 125 82
36 122 86
37 127 84
38 129 88
39 127 83
40 115 90
41 124 92
42 114 84
43 113 93
44 127 88
45 114 81
46 127 80
47 122 94
48 113 92
49 120 87
50 110 93
51 126 94
52 124 86
53 115 83
54 126 94
55 110 87
56 112 83
57 122 84
58 124 82
59 129 92
60 33 49
61 37 50
62 28 51
63 36 50
64 28 48
65 30 52
66 34 58
67 30 48
68 36 47
69 35 54
70 34 55
71 34 51
72 28 46
73 33 46
74 27 55
75 39 43
76 33 47
77 34 46
78 41 53
79 32 45
80 37 52
81 37 51
82 38 60
83 39 56
84 28 61
85 29 55
86 41 51
87 27 54
88 41 47
89 36 60
90 227 194
91 217 198
92 229 191
93 227 191
94 230 180
95 228 192
96 228 196
97 231 181
98 218 191
99 223 198
100 224 182
101 224 197
102 217 182
103 227 188
104 224 187
105 231 184
106 222 195
107 224 184
108 219 192
109 225 184
110 230 198
111 224 188
112 222 196
113 231 199
114 223 196
115 228 180
116 221 192
117 223 188
118 232 185
119 223 191
120 164 73
121 148 62
122 150 75
123 163 66
124 151 79
125 160 72
126 149 75
127 161 69
128 155 62
129 150 71
130 151 79
131 164 67
132 149 73
133 163 78
134 153 73
135 153 79
136 153 79
137 150 65
138 153 67
139 155 72
140 152 71
141 156 67
142 148 79
143 162 76
144 157 79
145 148 68
146 157 74
147 150 62
148 148 75
149 159 72
150 160 140
151 150 130
152 163 135
153 160 146
154 148 140
155 157 137
156 154 134
157 158 138
158 157 131
159 152 140
160 163 136
161 150 143
162 157 140
163 160 137
164 162 140
165 149 136
166 162 140
167 154 138
168 157 144
169 160 135
170 149 143
171 150 130
172 164 147
173 150 146
174 160 136
175 149 147
176 161 142
177 162 132
178 156 147
179 155 131
180 182 45
181 194 47
182 182 61
183 188 45
184 182 51
185 185 54
186 184 47
187 182 60
188 187 47
189 194 57
190 195 57
191 183 54
192 192 55
193 187 43
194 181 61
195 199 60
196 189 55
197 181 52
198 193 61
199 192 60
200 197 47
201 197 46
202 180 60
203 192 60
204 194 56
205 189 56
206 181 49
207 188 44
208 182 60
209 182 44
210 172 45
211 178 54
212 169 50
213 166 56
214 176 49
215 173 47
216 171 60
217 165 54
218 170 45
219 176 52
220 175 50
221 169 45
222 169 56
223 178 49
224 168 51
225 168 57
226 173 54
227 169 58
228 167 58
229 172 57
230 168 56
231 167 52
232 166 61
233 174 52
234 172 59
235 173 52
236 168 47
237 172 50
238 174 58
239 172 46
240 178 79
241 168 75
242 171 72
243 172 74
244 165 62
245 174 70
246 173 66
247 174 74
248 175 75
249 175 66
250 177 73
251 171 76
252 173 79
253 176 72
254 172 79
255 167 71
256 171 66
257 171 67
258 168 77
259 177 78
260 176 70
261 168 62
262 175 63
263 178 63
264 173 72
265 168 71
266 167 78
267 165 63
268 172 64
269 179 69
270 20 99
271 15 100
272 14 101
273 12 95
274 14 108
275 25 98
276 19 97
277 15 99
278 22 103
279 25 101
280 17 101
281 19 107
282 16 98
283 21 97
284 13 104
285 24 100
286 14 106
287 19 103
288 25 105
289 14 101
290 22 109
291 24 107
292 23 109
293 19 96
294 12 105
295 15 109
296 14 97
297 14 109
298 17 98
299 23 99
300 144 21
301 130 23
302 130 14
303 131 22
304 142 18
305 146 19
306 146 23
307 132 18
308 136 19
309 136 19
310 136 24
311 135 19
312 131 16
313 130 14
314 137 22
315 138 13
316 142 14
317 141 21
318 141 25
319 132 12
320 139 23
321 134 18
322 146 18
323 143 25
324 137 13
325 130 17
326 131 20
327 141 14
328 133 19
329 140 13
330 146 118
331 145 120
332 135 125
333 130 115
334 138 126
335 137 111
336 141 120
337 146 125
338 146 116
339 132 123
340 132 117
341 138 120
342 147 114
343 144 120
344 133 124
345 131 114
346 140 119
347 147 120
348 142 114
349 130 116
350 133 115
351 139 121
352 147 121
353 140 124
354 143 117
355 132 115
356 137 125
357 144 110
358 145 117
359 137 111
360 3 141
361 8 141
362 7 147
363 11 140
364 9 132
365 7 147
366 10 133
367 1 139
368 7 135
369 4 131
370 7 137
371 2 138
372 10 131
373 10 139
374 11 141
375 1 140
376 3 144
377 11 136
378 3 134
379 7 137
380 1 146
381 0 139
382 2 143
383 3 130
384 4 140
385 8 141
386 10 142
387 7 141
388 1 135
389 4 133
390 112 153
391 125 150
392 115 155
393 111 153
394 119 161
395 122 162
396 126 161
397 120 154
398 122 162
399 128 156
400 127 160
401 129 159
402 111 154
403 127 160
404 115 154
405 116 163
406 111 164
407 115 160
408 126 161
409 126 154
410 126 158
411 116 163
412 111 148
413 111 158
414 118 157
415 113 154
416 121 151
417 112 159
418 125 158
419 119 154
420 154 43
421 162 52
422 152 58
423 159 44
424 163 46
425 164 44
426 158 56
427 151 56
428 155 53
429 152 46
430 154 43
431 155 46
432 154 55
433 148 56
434 157 48
435 149 49
436 164 49
437 160 48
438 156 46
439 153 52
440 150 44
441 152 60
442 153 56
443 163 53
444 155 56
445 156 57
446 158 52
447 161 57
448 153 47
449 152 52
450 140 147
451 140 139
452 134 135
453 147 140
454 131 146
455 141 139
456 146 131
457 144 141
458 146 134
459 133 132
460 140 137
461 138 136
462 138 134
463 147 140
464 140 146
465 145 143
466 144 140
467 146 142
468 147 136
469 131 135
470 26 11
471 17 9
472 21 2
473 20 4
474 24 3
475 17 6
476 20 6
477 24 3
478 12 5
479 22 7
480 13 9
481 15 1
482 22 9
483 16 9
484 15 0
485 26 3
486 13 4
487 15 2
488 15 10
489 20 3
490 24 11
491 16 9
492 15 11
493 25 11
494 25 10
495 12 10
496 23 2
497 23 2
498 60 31
499 52 34
500 55 34
501 46 28
502 47 29
503 48 40
504 47 30
505 59 31
506 44 33
507 61 39
508 56 33
509 51 31
510 46 35
511 43 37
512 45 33
513 43 42
514 53 33
515 53 37
516 56 34
517 47 31
518 59 30
519 53 34
520 51 33
521 52 37
522 54 30
523 53 36
524 58 32
525 60 34
526 44 34
527 61 38
528 213 223
529 203 227
530 215 229
531 212 223
532 200 219
533 213 222
534 206 226
535 201 228
536 212 223
537 202 219
538 203 230
539 212 222
540 204 222
541 211 222
542 201 231
543 205 230
544 203 232
545 200 226
546 201 223
547 201 224
548 209 228
549 214 219
550 212 219
551 204 220
552 213 222
553 211 231
554 203 228
555 210 220
556 201 217
557 200 228
558 5 196
559 9 195
560 8 180
561 10 185
562 4 192
563 11 194
564 3 190
565 11 186
566 9 183
567 10 187
568 9 189
569 5 182
570 6 184
571 4 188
572 9 196
573 0 181
574 6 183
575 5 182
576 8 180
577 3 191
578 9 199
579 4 193
580 10 185
581 7 195
582 8 183
583 1 194
584 7 184
585 3 184
586 1 191
587 5 190
588 127 48
589 127 47
590 126 54
591 112 47
592 116 44
593 126 49
594 118 48
595 128 53
596 118 59
597 113 47
598 114 46
599 123 61
600 127 59
601 117 60
602 111 48
603 123 59
604 122 48
605 110 48
606 117 54
607 125 48
608 114 58
609 113 53
610 123 50
611 111 45
612 123 46
613 114 45
614 125 45
615 117 59
616 110 55
617 120 55
618 205 231
619 207 221
620 204 230
621 215 226
622 202 219
623 208 224
624 213 219
625 208 232
626 207 225
627 205 218
628 204 232
629 205 218
630 204 232
631 206 230
632 203 222
633 202 217
634 210 219
635 203 222
636 201 219
637 206 231
638 208 231
639 216 221
640 212 217
641 200 217
642 208 220
643 216 224
644 200 218
645 200 228
646 211 218
647 212 231
648 12 175
649 18 172
650 23 165
651 20 176
652 22 179
653 25 179
654 15 171
655 15 174
656 14 171
657 14 169
658 19 168
659 19 169
660 12 174
661 20 179
662 20 172
663 21 168
664 23 168
665 18 173
666 17 169
667 20 179
668 16 165
669 25 177
670 16 170
671 26 178
672 20 168
673 17 173
674 22 167
675 18 170
676 24 173
677 25 177
678 32 41
679 29 40
680 32 33
681 38 30
682 28 27
683 34 32
684 42 31
685 34 40
686 30 31
687 42 29
688 34 32
689 28 40
690 35 30
691 28 42
692 34 32
693 31 27
694 27 32
695 28 40
696 212 93
697 214 90
698 206 92
699 212 93
700 211 82
701 216 84
702 207 80
703 212 86
704 200 86
705 214 88
706 214 88
707 201 89
708 209 93
709 210 84
710 201 89
711 201 90
712 204 88
713 209 82
714 201 91
715 212 92
716 214 90
717 202 88
718 206 91
719 212 92
720 213 86
721 213 91
722 200 86
723 212 81
724 215 86
725 205 93
726 90 15
727 94 19
728 91 13
729 84 12
730 86 20
731 93 22
732 88 20
733 90 25
734 88 13
735 82 14
736 88 14
737 91 15
738 84 13
739 84 16
740 94 15
741 88 19
742 89 23
743 85 18
744 80 12
745 83 22
746 94 19
747 80 15
748 93 14
749 80 14
750 84 19
751 91 13
752 92 26
753 81 14
754 92 22
755 90 18
756 67 165
757 75 178
758 69 175
759 67 174
760 62 173
761 65 165
762 65 168
763 69 169
764 71 179
765 63 170
766 75 165
767 71 171
768 79 174
769 64 172
770 65 170
771 63 174
772 78 175
773 62 175
774 62 165
775 77 174
776 63 179
777 75 172
778 63 174
779 75 168
780 77 173
781 70 179
782 64 175
783 69 176
784 79 176
785 73 172
786 28 37
787 34 27
788 38 41
789 34 35
790 27 35
791 35 29
792 36 35
793 27 41
794 27 34
795 41 40
796 38 37
797 35 31
798 40 36
799 29 27
800 30 28
801 31 35
802 44 70
803 44 77
804 52 74
805 53 69
806 50 70
807 44 66
808 51 77
809 58 76
810 46 65
811 44 78
812 48 62
813 58 66
814 60 71
815 60 63
816 61 67
817 56 67
818 50 66
819 48 74
820 57 74
821 49 76
822 54 66
823 47 66
824 48 68
825 59 66
826 49 73
827 57 78
828 44 67
829 57 64
830 51 76
831 55 79
832 17 102
833 13 109
834 16 101
835 24 107
836 16 97
837 20 104
838 26 99
839 23 102
840 19 104
841 15 106
842 13 106
843 16 103
844 13 103
845 14 103
846 25 99
847 18 97
848 13 103
849 26 97
850 12 105
851 22 99
852 26 101
853 18 100
854 20 100
855 15 100
856 19 105
857 21 96
858 15 103
859 12 96
860 15 96
861 25 96
862 154 65
863 153 70
864 158 75
865 148 68
866 162 68
867 149 71
868 160 78
869 160 68
870 163 75
871 154 69
872 153 62
873 153 74
874 154 63
875 164 69
876 153 68
877 159 65
878 150 70
879 157 78
880 157 75
881 155 75
882 155 76
883 158 79
884 162 70
885 152 78
886 154 70
887 156 72
888 158 64
889 158 70
890 158 73
891 162 66
892 179 101
893 173 97
894 171 100
895 170 104
896 174 98
897 169 99
898 165 107
899 173 108
900 168 102
901 171 99
902 175 98
903 178 102
904 179 106
905 170 104
906 165 103
907 175 99
908 173 96
909 179 103
910 166 104
911 175 102
912 176 104
913 170 104
914 167 106
915 168 98
916 173 106
917 167 96
918 177 97
919 166 102
920 177 103
921 168 103
922 193 188
923 195 193
924 182 191
925 184 199
926 182 198
927 183 193
928 187 180
929 196 181
930 196 181
931 198 189
932 191 187
933 192 182
934 188 185
935 189 199
936 181 184
937 182 187
938 194 188
939 195 196
940 181 198
941 199 193
942 193 183
943 31 171
944 42 171
945 34 174
946 34 171
947 38 173
948 27 166
949 31 166
950 34 167
951 42 172
952 30 176
953 38 178
954 30 176
955 41 178
956 38 178
957 37 179
958 41 179
959 40 167
960 39 178
961 32 172
962 34 166
963 35 173
964 39 169
965 33 167
966 35 175
967 29 169
968 30 176
969 31 178
970 38 169
971 35 167
972 31 172
973 206 76
974 208 78
975 205 67
976 206 76
977 209 78
978 203 73
979 207 62
980 202 68
981 216 76
982 204 77
983 211 71
984 213 71
985 207 79
986 216 62
987 215 73
988 203 69
989 208 73
990 200 73
991 216 67
992 201 71
993 200 74
994 204 77
995 206 69
996 210 66
997 203 73
998 206 78
999 205 74
1000 214 71
1001 211 74
1002 201 75
1003 230 193
1004 232 194
1005 217 196
1006 231 180
1007 223 198
1008 225 190
1009 232 182
1010 218 187
1011 224 185
1012 221 185
1013 229 193
1014 218 184
1015 230 184
1016 230 180
1017 226 185
1018 228 192
1019 221 181
1020 230 187
1021 221 184
1022 228 195
1023 224 198
1024 217 197
1025 217 196
1026 229 198
1027 232 198
1028 217 190
1029 224 193
1030 220 181
1031 231 194
1032 219 192
1033 108 73
1034 108 76
1035 102 77
1036 105 63
1037 95 67
1038 108 77
1039 96 65
1040 95 78
1041 98 72
1042 103 72
1043 107 71
1044 108 74
1045 100 66
1046 100 68
1047 107 64
1048 104 72
1049 100 72
1050 109 67
1051 106 65
1052 101 74
1053 102 74
1054 103 77
1055 97 67
1056 105 67
1057 95 70
1058 99 77
1059 99 64
1060 97 72
1061 104 72
1062 97 71
1063 221 125
1064 229 124
1065 230 116
1066 217 113
1067 218 115
1068 226 120
1069 230 117
1070 224 113
1071 222 119
1072 232 114
1073 221 122
1074 226 121
1075 222 113
1076 230 127
1077 231 120
1078 221 122
1079 218 113
1080 223 128
1081 218 116
1082 230 129
1083 228 117
1084 219 115
1085 225 123
1086 230 117
1087 229 123
1088 227 112
1089 226 113
1090 219 115
1091 230 118
1092 218 112
1093 14 151
1094 16 155
1095 15 154
1096 16 162
1097 16 153
1098 23 154
1099 21 151
1100 24 152
1101 22 162
1102 14 155
1103 25 160
1104 19 151
1105 13 158
1106 19 156
1107 17 162
1108 23 160
1109 14 148
1110 20 152
1111 23 160
1112 22 160
1113 26 161
1114 14 154
1115 12 160
1116 23 150
1117 24 163
1118 16 155
1119 20 155
1120 18 151
1121 18 159
1122 23 163
1123 222 223
1124 232 221
1125 217 220
1126 229 218
1127 232 231
1128 232 228
1129 222 223
1130 228 219
1131 230 223
1132 221 231
1133 221 219
1134 223 229
1135 219 226
1136 229 221
1137 231 226
1138 226 220
1139 231 227
1140 224 227
1141 224 219
1142 218 222
1143 231 225
1144 164 36
1145 160 27
1146 160 28
1147 155 29
1148 151 42
1149 152 29
1150 150 30
1151 156 28
1152 154 28
1153 160 36
1154 149 29
1155 154 31
1156 148 32
1157 162 34
1158 159 41
1159 164 33
1160 157 34
1161 152 27
1162 161 37
1163 148 37
1164 153 39
1165 163 30
1166 164 36
1167 161 28
1168 154 38
1169 164 38
1170 163 39
1171 150 32
1172 151 29
1173 160 34
1174 139 178
1175 134 174
1176 137 177
1177 145 174
1178 130 171
1179 141 172
1180 146 170
1181 141 169
1182 140 167
1183 130 171
1184 130 174
1185 143 166
1186 132 177
1187 132 175
1188 135 169
1189 138 165
1190 147 166
1191 147 168
1192 130 172
1193 141 176
1194 145 168
1195 143 167
1196 136 175
1197 135 177
1198 134 176
1199 133 177
1200 131 174
1201 140 169
1202 147 168
1203 141 176
1204 192 74
1205 181 71
1206 192 70
1207 183 74
1208 182 74
1209 198 63
1210 194 75
1211 197 73
1212 182 64
1213 194 74
1214 181 79
1215 189 79
1216 196 72
1217 190 64
1218 194 70
1219 182 73
1220 187 78
1221 184 69
1222 190 70
1223 193 66
1224 189 78
1225 191 63
1226 184 62
1227 186 68
1228 189 75
1229 189 63
1230 189 67
1231 184 67
1232 181 65
1233 184 75
1234 114 90
1235 125 84
1236 111 83
1237 118 90
1238 124 83
1239 129 82
1240 110 85
1241 126 86
1242 125 85
1243 117 89
1244 111 84
1245 129 92
1246 110 93
1247 110 81
1248 129 86
1249 126 80
1250 113 93
1251 120 94
1252 120 87
1253 123 80
1254 123 82
1255 112 94
1256 123 90
1257 125 84
1258 115 94
1259 113 82
1260 110 85
1261 123 93
1262 121 83
1263 115 86
1264 193 176
1265 182 166
1266 186 178
1267 194 178
1268 190 178
1269 196 173
1270 198 170
1271 188 176
1272 186 173
1273 189 179
1274 185 179
1275 196 165
1276 186 176
1277 191 169
1278 180 175
1279 197 167
1280 190 177
1281 192 178
1282 191 172
1283 181 174
1284 195 179
1285 181 175
1286 191 176
1287 180 167
1288 189 175
1289 191 175
1290 199 176
1291 197 172
1292 192 165
1293 190 175
1294 196 175
1295 188 177
1296 182 171
1297 181 165
1298 187 177
1299 188 168
1300 191 168
1301 188 169
1302 194 179
1303 189 175
1304 188 179
1305 198 169
1306 187 179
1307 199 175
1308 195 168
1309 190 174
1310 182 166
1311 183 167
1312 192 166
1313 183 166
1314 182 170
1315 199 165
1316 192 176
1317 188 167
1318 199 170
1319 185 174
1320 199 169
1321 191 172
1322 188 165
1323 185 176
1324 146 131
1325 136 140
1326 142 135
1327 146 142
1328 141 146
1329 130 142
1330 143 136
1331 146 141
1332 131 140
1333 146 147
1334 141 133
1335 141 136
1336 130 136
1337 142 143
1338 145 146
1339 130 142
1340 138 141
1341 133 143
1342 134 144
1343 10 153
1344 9 149
1345 8 149
1346 4 149
1347 4 161
1348 7 159
1349 1 157
1350 6 149
1351 7 157
1352 7 164
1353 9 164
1354 3 161
1355 6 163
1356 8 156
1357 11 158
1358 2 159
1359 8 152
1360 9 153
1361 8 157
1362 8 149
1363 7 161
1364 3 156
1365 2 149
1366 7 154
1367 9 164
1368 2 150
1369 8 162
1370 4 163
1371 108 29
1372 105 32
1373 105 37
1374 104 33
1375 104 33
1376 103 31
1377 100 39
1378 105 38
1379 96 38
1380 101 31
1381 101 27
1382 101 33
1383 97 31
1384 107 42
1385 102 39
1386 102 36
1387 100 42
1388 103 36
1389 98 31
1390 98 32
1391 109 29
1392 103 33
1393 103 33
1394 108 29
1395 96 42
1396 104 31
1397 102 27
1398 99 31
1399 106 34
1400 108 29
1401 114 98
1402 126 107
1403 115 103
1404 124 109
1405 118 99
1406 120 109
1407 123 102
1408 124 109
1409 117 99
1410 112 107
1411 112 95
1412 115 98
1413 125 102
1414 111 95
1415 120 100
1416 125 100
1417 120 108
1418 120 96
1419 126 104
1420 119 107
1421 117 103
1422 128 108
1423 122 103
1424 119 105
1425 122 99
1426 126 103
1427 111 99
1428 120 103
1429 110 104
1430 126 105
1431 52 211
1432 47 216
1433 57 209
1434 57 204
1435 60 201
1436 60 213
1437 59 203
1438 47 210
1439 58 213
1440 45 201
1441 60 206
1442 43 202
1443 55 201
1444 53 200
1445 52 202
1446 46 216
1447 47 202
1448 60 214
1449 43 208
1450 47 206
1451 51 211
1452 53 202
1453 47 212
1454 50 214
1455 43 216
1456 56 207
1457 58 215
1458 44 213
1459 56 209
1460 44 208
1461 202 208
1462 213 216
1463 203 210
1464 206 213
1465 203 206
1466 216 214
1467 212 205
1468 215 207
1469 215 201
1470 210 201
1471 216 204
1472 205 204
1473 205 207
1474 216 207
1475 203 207
1476 203 204
1477 207 203
1478 215 200
1479 212 215
1480 207 200
1481 210 200
1482 201 1
1483 204 10
1484 205 11
1485 215 9
1486 201 7
1487 213 6
1488 203 7
1489 204 3
1490 202 10
1491 216 6
1492 203 1
1493 208 4
1494 204 7
1495 202 5
1496 208 1
1497 201 4
1498 216 9
1499 206 7
1500 207 2
1501 209 7
1502 205 9
1503 205 11
1504 213 9
1505 204 0
1506 205 6
1507 206 4
1508 206 7
1509 215 1
1510 202 4
1511 216 2
1512 220 16
1513 219 14
1514 229 15
1515 232 23
1516 219 26
1517 224 21
1518 230 23
1519 219 21
1520 231 24
1521 231 13
1522 226 18
1523 227 14
1524 226 26
1525 229 26
1526 225 21
1527 217 13
1528 230 20
1529 218 17
1530 222 12
1531 231 16
1532 227 14
1533 218 25
1534 230 23
1535 221 15
1536 224 16
1537 226 23
1538 225 16
1539 219 12
1540 217 13
1541 226 26
1542 227 73
1543 224 75
1544 229 78
1545 218 76
1546 222 68
1547 231 63
1548 227 77
1549 228 71
1550 222 62
1551 232 73
1552 222 73
1553 219 76
1554 227 77
1555 219 74
1556 220 77
1557 218 69
1558 230 77
1559 231 79
1560 231 74
1561 232 65
1562 217 67
1563 220 64
1564 230 66
1565 224 75
1566 218 74
1567 227 67
1568 222 72
1569 228 69
1570 227 65
1571 232 74
1572 147 55
1573 136 59
1574 143 56
1575 134 51
1576 141 45
1577 135 46
1578 136 55
1579 142 43
1580 138 58
1581 137 44
1582 144 61
1583 139 50
1584 139 44
1585 134 52
1586 134 59
1587 137 53
1588 140 53
1589 131 59
1590 146 51
1591 144 45
1592 141 49
1593 140 56
1594 136 48
1595 133 47
1596 141 56
1597 135 50
1598 135 50
1599 145 53
1600 147 58
1601 137 47
1602 136 166
1603 132 177
1604 146 170
1605 137 165
1606 132 171
1607 132 171
1608 146 177
1609 147 168
1610 147 166
1611 134 170
1612 140 167
1613 140 172
1614 145 179
1615 144 173
1616 133 173
1617 142 170
1618 140 171
1619 131 167
1620 143 176
1621 138 179
1622 135 172
1623 132 177
1624 136 174
1625 142 179
1626 136 176
1627 135 171
1628 132 166
1629 136 168
1630 141 170
1631 140 178
1632 154 26
1633 154 18
1634 152 14
1635 160 26
1636 164 19
1637 161 18
1638 152 16
1639 156 26
1640 152 26
1641 155 22
1642 161 13
1643 154 22
1644 155 20
1645 154 26
1646 160 17
1647 162 26
1648 158 19
1649 156 17
1650 155 14
1651 151 23
1652 152 12
1653 162 16
1654 148 26
1655 159 21
1656 158 17
1657 164 23
1658 153 24
1659 149 18
1660 161 21
1661 151 16
1662 125 65
1663 115 72
1664 117 65
1665 124 76
1666 125 68
1667 124 77
1668 128 74
1669 113 78
1670 118 77
1671 126 76
1672 117 77
1673 125 63
1674 111 65
1675 117 76
1676 118 77
1677 125 64
1678 115 68
1679 120 72
1680 115 62
1681 122 75
1682 111 71
1683 123 71
1684 113 64
1685 114 72
1686 122 72
1687 129 72
1688 118 66
1689 125 70
1690 118 73
1691 125 75
1692 140 139
1693 135 136
1694 147 143
1695 136 147
1696 140 133
1697 134 140
1698 142 140
1699 136 138
1700 144 136
1701 131 147
1702 134 135
1703 141 147
1704 140 146
1705 140 146
1706 131 135
1707 145 137
1708 134 142
1709 136 142
1710 76 6
1711 71 3
1712 74 3
1713 75 7
1714 75 8
1715 76 4
1716 74 0
1717 78 9
1718 71 2
1719 74 10
1720 68 9
1721 75 10
1722 74 2
1723 64 1
1724 62 2
1725 64 7
1726 75 8
1727 70 3
1728 62 3
1729 75 11
1730 67 8
1731 78 1
1732 67 3
1733 68 0
1734 76 7
1735 73 0
1736 64 0
1737 69 11
1738 72 5
1739 26 3
1740 23 5
1741 25 1
1742 26 6
1743 18 4
1744 26 11
1745 18 8
1746 19 2
1747 21 10
1748 23 3
1749 12 6
1750 24 7
1751 13 7
1752 25 3
1753 17 9
1754 13 7
1755 18 10
1756 16 9
1757 19 10
1758 13 0
1759 21 3
1760 23 0
1761 20 3
1762 26 7
1763 17 5
1764 19 10
1765 14 1
1766 12 2
1767 25 3
1768 24 10
1769 9 223
1770 9 221
1771 7 228
1772 5 220
1773 0 230
1774 3 227
1775 9 224
1776 8 224
1777 4 217
1778 10 225
1779 2 223
1780 7 224
1781 5 221
1782 4 221
1783 6 220
1784 11 227
1785 3 229
1786 0 218
1787 9 223
1788 8 231
1789 0 226
1790 11 227
1791 10 218
1792 0 219
1793 6 228
1794 8 231
1795 8 228
1796 10 228
1797 8 218
1798 1 228
1799 161 111
1800 151 114
1801 163 128
1802 155 124
1803 148 115
1804 155 110
1805 157 112
1806 159 128
1807 151 123
1808 151 129
1809 151 119
1810 162 119
1811 159 115
1812 149 117
1813 152 127
1814 152 114
1815 160 129
1816 164 122
1817 155 114
1818 154 117
1819 151 117
1820 157 115
1821 157 111
1822 162 113
1823 157 122
1824 150 127
1825 158 126
1826 161 122
1827 153 113
1828 157 111
1829 107 226
1830 96 220
1831 102 223
1832 103 226
1833 102 230
1834 102 226
1835 101 219
1836 100 223
1837 95 218
1838 103 220
1839 95 219
1840 99 228
1841 100 226
1842 97 231
1843 98 228
1844 97 228
1845 103 219
1846 105 232
1847 104 222
1848 99 226
1849 106 226
1850 98 221
1851 98 217
1852 96 218
1853 108 227
1854 103 230
1855 109 223
1856 106 217
1857 98 219
1858 98 222
1859 64 127
1860 67 116
1861 69 114
1862 78 129
1863 68 121
1864 75 129
1865 79 113
1866 76 113
1867 63 113
1868 76 119
1869 63 112
1870 74 112
1871 68 112
1872 73 110
1873 75 116
1874 62 127
1875 71 113
1876 70 124
1877 76 115
1878 63 126
1879 76 121
1880 70 117
1881 64 110
1882 64 127
1883 70 115
1884 76 126
1885 65 112
1886 72 110
1887 64 116
1888 79 110
1889 56 122
1890 45 123
1891 50 120
1892 46 117
1893 60 112
1894 54 123
1895 59 115
1896 52 126
1897 48 112
1898 52 119
1899 58 118
1900 46 125
1901 51 128
1902 48 120
1903 58 127
1904 54 121
1905 53 121
1906 50 111
1907 57 116
1908 47 112
1909 59 126
1910 43 123
1911 45 119
1912 49 117
1913 46 118
1914 51 115
1915 46 110
1916 60 118
1917 46 122
1918 46 117
1919 60 86
1920 48 93
1921 53 84
1922 59 89
1923 53 93
1924 47 90
1925 46 91
1926 59 89
1927 47 80
1928 45 90
1929 47 90
1930 55 89
1931 52 90
1932 51 86
1933 57 85
1934 59 81
1935 52 91
1936 51 87
1937 44 89
1938 51 80
1939 58 94
1940 48 81
1941 47 93
1942 51 86
1943 51 88
1944 44 82
1945 54 84
1946 54 89
1947 58 90
1948 54 92
1949 25 183
1950 18 199
1951 14 190
1952 23 184
1953 26 184
1954 17 197
1955 15 184
1956 14 186
1957 23 197
1958 17 193
1959 24 184
1960 25 188
1961 23 195
1962 14 184
1963 12 187
1964 12 192
1965 18 187
1966 19 190
1967 24 181
1968 16 198
1969 16 181
1970 26 197
1971 24 198
1972 15 188
1973 17 190
1974 20 195
1975 21 184
1976 21 183
1977 16 184
1978 21 199
1979 232 31
1980 222 42
1981 224 35
1982 222 29
1983 230 30
1984 230 42
1985 229 29
1986 225 31
1987 220 31
1988 218 33
1989 230 40
1990 220 32
1991 227 38
1992 231 37
1993 227 27
1994 221 31
1995 217 35
1996 223 36
1997 230 35
1998 229 28
1999 232 37
2000 230 30
2001 222 34
2002 230 32
2003 227 35
2004 225 30
2005 217 28
2006 228 34
2007 218 38
2008 230 30
2009 109 132
2010 97 133
2011 106 141
2012 106 136
2013 104 141
2014 107 145
2015 101 140
2016 103 138
2017 105 138
2018 106 133
2019 101 132
2020 104 146
2021 105 138
2022 109 132
2023 96 141
2024 104 143
2025 99 143
2026 100 131
2027 102 135
2028 102 138
2029 99 133
2030 105 136
2031 102 143
2032 97 141
2033 103 131
2034 104 138
2035 103 145
2036 95 139
2037 96 131
2038 108 136
2039 142 231
2040 146 229
2041 137 231
2042 143 220
2043 138 221
2044 136 222
2045 147 219
2046 141 224
2047 131 231
2048 136 225
2049 142 224
2050 140 226
2051 143 224
2052 147 228
2053 139 225
2054 132 231
2055 138 231
2056 141 229
2057 140 228
2058 143 219
2059 138 230
2060 130 220
2061 143 219
2062 132 226
2063 134 225
2064 145 228
2065 133 221
2066 132 226
2067 133 222
2068 134 221
2069 165 74
2070 177 78
2071 174 77
2072 165 75
2073 173 75
2074 172 74
2075 176 76
2076 169 69
2077 178 76
2078 172 65
2079 171 75
2080 168 70
2081 179 77
2082 170 77
2083 166 70
2084 176 77
2085 173 71
2086 167 66
2087 177 70
2088 166 75
2089 175 67
2090 177 69
2091 176 68
2092 169 73
2093 174 68
2094 174 63
2095 177 76
2096 178 74
2097 169 71
2098 177 67
2099 81 155
2100 88 151
2101 80 161
2102 91 149
2103 83 164
2104 89 161
2105 93 156
2106 89 152
2107 80 149
2108 84 151
2109 86 154
2110 83 150
2111 82 154
2112 89 156
2113 83 157
2114 89 164
2115 86 152
2116 81 149
2117 82 155
2118 93 158
2119 81 164
2120 85 149
2121 88 158
2122 84 149
2123 90 157
2124 84 153
2125 94 162
2126 85 158
2127 82 161
2128 90 151
2129 161 58
2130 163 49
2131 161 56
2132 151 52
2133 150 52
2134 154 58
2135 149 59
2136 161 43
2137 161 61
2138 155 46
2139 153 61
2140 159 60
2141 157 54
2142 148 51
2143 154 48
2144 151 58
2145 148 56
2146 159 59
2147 158 58
2148 159 51
2149 156 44
2150 151 60
2151 155 55
2152 161 49
2153 152 55
2154 148 45
2155 163 53
2156 152 54
2157 163 48
2158 153 56
2159 128 201
2160 128 200
2161 114 211
2162 112 211
2163 127 201
2164 115 200
2165 120 211
2166 126 204
2167 127 211
2168 113 210
2169 127 207
2170 116 205
2171 125 203
2172 125 212
2173 111 216
2174 116 201
2175 115 201
2176 124 205
2177 119 208
2178 125 214
2179 121 210
2180 119 214
2181 116 216
2182 113 211
2183 121 204
2184 114 200
2185 123 215
2186 127 203
2187 115 211
2188 117 209
2189 207 204
2190 202 216
2191 204 209
2192 207 215
2193 200 204
2194 211 216
2195 214 212
2196 210 212
2197 201 213
2198 211 212
2199 216 200
2200 206 205
2201 214 212
2202 212 214
2203 213 212
2204 206 210
2205 215 202
2206 200 206
2207 206 210
2208 206 216
2209 29 47
2210 42 51
2211 40 43
2212 35 53
2213 33 50
2214 40 48
2215 30 58
2216 35 57
2217 37 43
2218 41 55
2219 37 46
2220 29 59
2221 35 56
2222 27 50
2223 42 48
2224 40 58
2225 36 57
2226 42 49
2227 27 56
2228 33 48
2229 34 44
2230 42 48
2231 39 54
2232 27 60
2233 34 47
2234 27 51
2235 39 51
2236 33 59
2237 41 48
2238 30 45
2239 133 16
2240 132 24
2241 133 18
2242 133 20
2243 131 16
2244 146 12
2245 143 19
2246 140 17
2247 141 17
2248 142 18
2249 130 20
2250 139 24
2251 140 25
2252 135 26
2253 140 26
2254 135 22
2255 144 21
2256 132 18
2257 135 14
2258 144 24
2259 143 18
2260 135 14
2261 137 16
2262 134 21
2263 134 24
2264 130 18
2265 147 17
2266 134 15
2267 147 26
2268 143 15
2269 195 102
2270 198 97
2271 195 97
2272 182 101
2273 188 107
2274 180 108
2275 182 99
2276 180 96
2277 198 95
2278 194 100
2279 186 97
2280 195 107
2281 198 104
2282 197 95
2283 186 109
2284 193 107
2285 192 103
2286 187 106
2287 198 97
2288 199 98
2289 187 100
2290 191 106
2291 182 96
2292 191 98
2293 189 106
2294 186 102
2295 199 105
2296 192 105
2297 191 96
2298 183 106
2299 224 24
2300 217 23
2301 223 19
2302 223 23
2303 218 14
2304 220 25
2305 227 16
2306 224 12
2307 232 21
2308 225 22
2309 221 17
2310 224 23
2311 231 21
2312 231 24
2313 219 20
2314 228 12
2315 228 24
2316 230 18
2317 227 16
2318 232 13
2319 229 12
2320 225 26
2321 222 20
2322 222 19
2323 218 24
2324 228 18
2325 217 25
2326 219 24
2327 223 20
2328 229 19
2329 61 191
2330 51 190
2331 45 198
2332 56 186
2333 45 191
2334 48 197
2335 52 183
2336 47 180
2337 52 191
2338 45 194
2339 53 193
2340 46 189
2341 58 199
2342 45 189
2343 51 183
2344 43 188
2345 47 182
2346 58 196
2347 45 187
2348 53 183
2349 44 180
2350 48 187
2351 58 183
2352 51 190
2353 47 195
2354 49 190
2355 61 198
2356 60 195
2357 57 190
2358 61 184
2359 230 165
2360 219 173
2361 231 176
2362 220 175
2363 221 179
2364 224 166
2365 224 171
2366 218 171
2367 223 176
2368 228 171
2369 230 168
2370 218 165
2371 228 179
2372 230 176
2373 230 176
2374 220 168
2375 221 175
2376 232 175
2377 229 170
2378 220 179
2379 218 168
2380 230 178
2381 228 165
2382 222 168
2383 218 179
2384 219 169
2385 232 165
2386 223 175
2387 232 178
2388 227 168
2389 8 93
2390 0 85
2391 2 84
2392 1 84
2393 6 82
2394 8 92
2395 5 90
2396 3 84
2397 1 80
2398 10 86
2399 1 93
2400 1 82
2401 3 93
2402 3 85
2403 11 88
2404 7 85
2405 8 80
2406 4 91
2407 1 88
2408 11 87
2409 0 86
2410 6 84
2411 0 86
2412 5 85
2413 2 82
2414 4 94
2415 7 89
2416 4 86
2417 100 220
2418 105 219
2419 95 230
2420 98 224
2421 106 231
2422 105 217
2423 97 231
2424 95 225
2425 95 231
2426 108 230
2427 97 229
2428 100 225
2429 106 221
2430 108 220
2431 98 219
2432 96 230
2433 103 223
2434 97 230
2435 100 229
2436 97 232
2437 106 227
2438 103 221
2439 105 221
2440 96 218
2441 101 229
2442 98 218
2443 102 225
2444 108 220
2445 106 223
2446 100 223
2447 18 216
2448 15 215
2449 22 215
2450 17 200
2451 13 215
2452 19 213
2453 21 216
2454 15 211
2455 25 204
2456 26 201
2457 13 206
2458 13 203
2459 14 207
2460 15 214
2461 26 215
2462 13 214
2463 20 214
2464 17 207
2465 17 215
2466 20 200
2467 17 204
2468 24 204
2469 20 205
2470 21 206
2471 25 204
2472 25 207
2473 12 201
2474 24 214
2475 15 200
2476 18 207
2477 107 62
2478 97 64
2479 106 77
2480 100 64
2481 105 70
2482 108 73
2483 101 79
2484 103 63
2485 100 77
2486 99 70
2487 108 70
2488 109 70
2489 103 78
2490 109 70
2491 105 65
2492 107 66
2493 105 79
2494 109 73
2495 106 68
2496 98 74
2497 108 72
2498 109 64
2499 98 62
2500 109 79
2501 108 74
2502 95 76
2503 109 75
2504 105 68
2505 104 76
2506 107 79
2507 165 138
2508 167 134
2509 177 145
2510 172 141
2511 179 133
2512 168 146
2513 170 138
2514 167 136
2515 168 142
2516 174 143
2517 169 139
2518 168 136
2519 177 141
2520 166 131
2521 169 136
2522 165 145
2523 176 138
2524 178 137
2525 171 132
2526 176 143
2527 167 138
2528 179 134
2529 172 130
2530 168 135
2531 167 137
2532 167 135
2533 168 133
2534 166 142
2535 166 132
2536 169 144
2537 139 207
2538 146 213
2539 132 205
2540 140 207
2541 141 201
2542 141 202
2543 130 200
2544 139 202
2545 141 209
2546 133 205
2547 147 214
2548 131 207
2549 143 201
2550 139 215
2551 143 206
2552 144 207
2553 147 206
2554 141 213
2555 131 203
2556 146 200
2557 136 201
2558 136 207
2559 133 206
2560 135 216
2561 139 214
2562 145 209
2563 140 200
2564 146 201
2565 131 203
2566 140 206
2567 0 139
2568 3 142
2569 11 139
2570 1 135
2571 11 130
2572 9 134
2573 11 135
2574 2 145
2575 8 138
2576 4 133
2577 4 145
2578 9 130
2579 1 143
2580 7 136
2581 10 139
2582 7 140
2583 10 141
2584 7 137
2585 5 136
2586 8 137
2587 2 144
2588 3 142
2589 9 137
2590 8 138
2591 10 142
2592 1 133
2593 7 145
2594 6 132
2595 8 140
2596 2 137
2597 38 93
2598 29 83
2599 39 81
2600 41 80
2601 27 88
2602 42 88
2603 29 82
2604 37 84
2605 39 81
2606 39 82
2607 33 91
2608 29 91
2609 27 93
2610 37 86
2611 42 86
2612 29 83
2613 29 87
2614 29 81
2615 28 93
2616 37 93
2617 39 80
2618 29 82
2619 34 84
2620 30 85
2621 42 94
2622 31 87
2623 30 89
2624 29 85
2625 41 81
2626 35 82
2627 31 151
2628 42 163
2629 27 161
2630 27 156
2631 34 148
2632 42 162
2633 39 148
2634 31 154
2635 36 163
2636 33 157
2637 39 156
2638 34 160
2639 37 158
2640 28 163
2641 40 159
2642 34 162
2643 39 154
2644 37 161
2645 42 161
2646 31 161
2647 41 158
2648 27 152
2649 41 149
2650 35 155
2651 30 159
2652 35 152
2653 42 154
2654 41 162
2655 29 149
2656 35 154
2657 171 39
2658 175 42
2659 172 30
2660 176 28
2661 178 35
2662 169 30
2663 165 30
2664 170 33
2665 167 33
2666 167 34
2667 172 35
2668 168 30
2669 171 41
2670 177 28
2671 177 41
2672 169 34
2673 171 42
2674 173 29
2675 171 30
2676 175 42
2677 172 30
2678 174 33
2679 167 34
2680 166 31
2681 165 27
2682 179 34
2683 169 42
2684 170 28
2685 177 31
2686 176 30
2687 63 34
2688 66 41
2689 72 41
2690 66 36
2691 67 42
2692 77 36
2693 68 42
2694 76 27
2695 64 39
2696 77 28
2697 73 35
2698 68 31
2699 66 29
2700 71 39
2701 69 29
2702 77 42
2703 67 39
2704 70 41
2705 72 34
2706 67 27
2707 71 34
2708 67 31
2709 70 36
2710 71 34
2711 70 29
2712 76 37
2713 75 37
2714 77 41
2715 62 40
2716 66 27
2717 203 171
2718 210 169
2719 213 178
2720 210 167
2721 206 174
2722 209 166
2723 209 178
2724 205 167
2725 200 173
2726 211 174
2727 212 166
2728 205 166
2729 209 176
2730 203 168
2731 206 178
2732 202 178
2733 215 175
2734 201 168
2735 202 175
2736 203 171
2737 212 165
2738 210 177
2739 216 177
2740 213 176
2741 202 167
2742 212 174
2743 203 179
2744 210 175
2745 200 176
2746 203 172
2747 113 6
2748 121 3
2749 113 5
2750 127 5
2751 112 10
2752 128 5
2753 113 5
2754 126 1
2755 122 7
2756 118 9
2757 115 0
2758 111 6
2759 116 3
2760 127 6
2761 126 7
2762 125 9
2763 115 8
2764 128 9
2765 118 4
2766 113 4
2767 114 7
2768 118 11
2769 110 1
2770 125 1
2771 126 8
2772 123 2
2773 129 2
2774 110 9
2775 114 7
2776 98 232
2777 108 228
2778 95 219
2779 100 228
2780 106 225
2781 106 227
2782 102 232
2783 95 217
2784 106 228
2785 104 218
2786 105 226
2787 103 218
2788 101 217
2789 103 232
2790 96 232
2791 106 218
2792 101 225
2793 103 231
2794 104 226
2795 99 223
2796 105 231
2797 108 232
2798 100 225
2799 107 227
2800 104 226
2801 109 225
2802 96 219
2803 97 221
2804 97 217
2805 108 223
2806 170 86
2807 167 90
2808 168 88
2809 174 84
2810 177 89
2811 178 81
2812 170 85
2813 171 81
2814 173 94
2815 174 86
2816 166 84
2817 178 90
2818 176 81
2819 177 93
2820 176 86
2821 168 89
2822 167 93
2823 168 87
2824 176 86
2825 177 87
2826 176 93
2827 166 91
2828 165 90
2829 168 85
2830 176 81
2831 179 81
2832 165 86
2833 170 91
2834 177 80
2835 177 92
2836 221 185
2837 223 190
2838 223 185
2839 224 198
2840 227 184
2841 220 193
2842 231 186
2843 228 193
2844 230 199
2845 225 190
2846 219 196
2847 223 196
2848 217 183
2849 227 191
2850 221 182
2851 229 184
2852 220 198
2853 224 193
2854 230 185
2855 225 193
2856 231 192
2857 219 190
2858 230 181
2859 223 199
2860 227 197
2861 218 188
2862 231 182
2863 226 182
2864 231 191
2865 219 199
2866 175 172
2867 176 177
2868 167 165
2869 171 175
2870 170 172
2871 167 172
2872 176 168
2873 176 177
2874 165 177
2875 169 173
2876 172 175
2877 168 167
2878 165 179
2879 169 177
2880 165 172
2881 179 170
