271 294 10 2951
0 9
1 11
2 8
3 11
4 12
5 9
6 7
7 8
8 9
9 8
10 5
11 7
12 3
13 3
14 3
15 3
16 3
17 3
18 3
19 3
20 5
21 4
22 3
23 3
24 3
25 3
26 3
27 3
28 4
29 3
30 3
31 5
32 7
33 3
34 3
35 4
36 3
37 3
38 3
39 3
40 4
41 4
42 4
43 3
44 3
45 3
46 3
47 4
48 4
49 3
50 3
51 3
52 3
53 5
54 3
55 4
56 4
57 3
58 4
59 3
60 3
61 3
62 3
63 3
64 6
65 3
66 3
67 3
68 3
69 4
70 3
71 3
72 3
73 5
74 3
75 3
76 3
77 3
78 3
79 3
80 3
81 4
82 3
83 4
84 4
85 3
86 3
87 3
88 3
89 6
90 4
91 3
92 3
93 4
94 4
95 4
96 3
97 4
98 3
99 3
100 3
101 3
102 4
103 3
104 4
105 5
106 3
107 7
108 3
109 3
110 3
111 3
112 4
113 3
114 3
115 3
116 3
117 3
118 3
119 3
120 3
121 3
122 3
123 3
124 3
125 3
126 3
127 3
128 6
129 4
130 3
131 3
132 4
133 3
134 3
135 3
136 3
137 4
138 3
139 3
140 5
141 4
142 3
143 3
144 3
145 3
146 6
147 3
148 4
149 3
150 3
151 3
152 3
153 3
154 5
155 3
156 4
157 4
158 4
159 3
160 3
161 3
162 6
163 3
164 5
165 3
166 3
167 3
168 7
169 3
170 3
171 3
172 3
173 3
174 4
175 3
176 3
177 3
178 3
179 3
180 5
181 4
182 3
183 5
184 3
185 3
186 3
187 3
188 3
189 4
190 3
191 3
192 4
193 3
194 3
195 3
196 3
197 3
198 3
199 4
200 4
201 3
202 5
203 5
204 3
205 3
206 3
207 3
208 3
209 3
210 3
211 3
212 5
213 3
214 3
215 3
216 4
217 3
218 3
219 3
220 3
221 3
222 3
223 5
224 3
225 3
226 4
227 3
228 5
229 3
230 3
231 3
232 3
233 3
234 4
235 3
236 4
237 3
238 3
239 4
240 3
241 5
242 4
243 3
244 3
245 3
246 3
247 4
248 3
249 3
250 4
251 3
252 3
253 5
254 3
255 3
256 3
257 3
258 3
259 3
260 5
261 4
262 3
263 3
264 3
265 3
266 6
267 3
268 5
269 3
270 5
0 0 1
1 0 3
2 0 4
3 0 5
4 0 10
5 0 11
6 0 12
7 0 47
8 1 2
9 1 3
10 1 4
11 1 5
12 1 6
13 1 8
14 1 9
15 1 218
16 2 4
17 2 5
18 2 6
19 2 7
20 2 202
21 3 4
22 3 6
23 3 8
24 3 9
25 3 10
26 3 31
27 3 134
28 4 5
29 4 6
30 4 8
31 4 10
32 4 101
33 4 168
34 5 7
35 5 8
36 5 11
37 6 7
38 7 9
39 7 10
40 7 81
41 8 11
42 8 186
43 8 255
44 9 10
45 9 11
46 9 62
47 9 149
48 11 118
49 11 236
50 12 27
51 13 22
52 14 26
53 15 19
54 15 29
55 15 21
56 16 22
57 16 23
58 16 28
59 17 20
60 17 26
61 18 27
62 18 24
63 19 25
64 20 28
65 20 21
66 24 26
67 24 30
68 31 36
69 31 41
70 32 33
71 32 38
72 32 42
73 32 35
74 32 34
75 34 45
76 34 37
77 35 40
78 37 46
79 39 42
80 40 41
81 41 44
82 42 43
83 47 51
84 48 51
85 48 56
86 49 57
87 49 61
88 50 55
89 52 57
90 53 56
91 53 59
92 53 61
93 54 60
94 55 56
95 58 60
96 58 59
97 62 71
98 63 76
99 63 73
100 64 71
101 64 77
102 64 73
103 64 70
104 65 73
105 66 69
106 66 80
107 67 72
108 68 74
109 68 69
110 69 79
111 70 80
112 72 77
113 73 78
114 75 79
115 81 89
116 82 98
117 83 88
118 83 93
119 83 95
120 84 95
121 84 98
122 84 97
123 85 93
124 86 89
125 87 91
126 87 89
127 89 99
128 89 97
129 90 92
130 90 94
131 91 94
132 92 96
133 97 100
134 101 109
135 101 107
136 102 107
137 102 117
138 103 107
139 104 106
140 104 112
141 105 111
142 105 108
143 105 107
144 107 115
145 108 114
146 109 110
147 111 113
148 112 114
149 116 117
150 118 124
151 118 120
152 119 132
153 119 128
154 120 133
155 121 129
156 121 128
157 122 133
158 123 131
159 124 128
160 125 127
161 125 128
162 126 129
163 127 130
164 131 132
165 134 139
166 135 136
167 136 146
168 137 144
169 137 141
170 138 147
171 138 148
172 139 146
173 140 141
174 140 145
175 140 146
176 142 146
177 142 147
178 143 148
179 149 165
180 149 162
181 150 151
182 150 156
183 152 164
184 153 154
185 154 162
186 154 164
187 155 165
188 156 159
189 156 157
190 157 162
191 158 163
192 158 166
193 160 164
194 161 164
195 162 166
196 164 167
197 168 171
198 168 172
199 168 176
200 168 177
201 168 180
202 169 182
203 169 185
204 170 180
205 173 185
206 174 175
207 174 181
208 178 181
209 178 182
210 179 183
211 180 183
212 181 183
213 183 184
214 186 192
215 186 201
216 187 192
217 188 197
218 188 196
219 189 190
220 189 193
221 189 192
222 191 196
223 191 199
224 192 195
225 194 200
226 194 195
227 198 199
228 199 200
229 202 205
230 202 213
231 203 207
232 203 208
233 203 211
234 204 214
235 204 212
236 205 211
237 206 216
238 206 212
239 208 210
240 209 216
241 210 215
242 210 212
243 213 217
244 218 234
245 219 222
246 219 233
247 220 226
248 221 223
249 223 233
250 223 228
251 223 227
252 224 231
253 224 225
254 225 235
255 226 229
256 227 232
257 228 230
258 228 234
259 229 234
260 232 235
261 236 238
262 236 241
263 236 253
264 237 241
265 239 248
266 239 251
267 240 245
268 240 253
269 241 249
270 242 251
271 242 253
272 242 250
273 243 250
274 244 248
275 246 247
276 247 249
277 248 252
278 250 254
279 255 257
280 255 266
281 256 270
282 257 263
283 258 259
284 259 260
285 260 262
286 260 270
287 261 268
288 261 270
289 264 268
290 265 266
291 265 268
292 266 267
293 266 269
0 110 211
1 117 209
2 104 207
3 117 209
4 103 217
5 110 216
6 114 210
7 109 215
8 112 202
9 110 212
10 104 215
11 111 211
12 108 202
13 110 215
14 101 208
15 108 208
16 105 215
17 104 214
18 111 214
19 115 211
20 112 204
21 105 205
22 103 211
23 114 217
24 116 214
25 116 205
26 111 208
27 107 206
28 106 216
29 106 216
30 216 58
31 206 54
32 214 53
33 210 57
34 215 49
35 211 48
36 209 61
37 216 58
38 215 58
39 211 61
40 203 48
41 208 58
42 215 58
43 205 59
44 207 60
45 204 47
46 206 51
47 214 58
48 209 55
49 216 61
50 204 61
51 203 55
52 205 47
53 203 53
54 211 53
55 208 52
56 213 61
57 205 61
58 211 52
59 203 47
60 174 142
61 170 148
62 185 136
63 168 138
64 174 138
65 173 143
66 176 135
67 169 146
68 177 137
69 185 137
70 171 142
71 170 147
72 168 141
73 177 134
74 171 138
75 183 135
76 181 144
77 178 145
78 178 137
79 180 139
80 176 142
81 176 136
82 176 147
83 176 143
84 179 145
85 185 135
86 174 140
87 172 144
88 176 141
89 183 145
90 42 15
91 36 26
92 40 16
93 31 23
94 37 28
95 34 22
96 39 24
97 46 24
98 40 15
99 41 15
100 31 16
101 31 16
102 46 12
103 34 29
104 39 17
105 38 26
106 37 26
107 34 22
108 37 17
109 36 12
110 37 28
111 43 16
112 42 20
113 32 16
114 31 20
115 38 16
116 37 18
117 42 29
118 33 17
119 39 21
120 87 153
121 98 157
122 81 161
123 92 160
124 97 165
125 99 151
126 96 155
127 94 163
128 94 165
129 84 158
130 92 160
131 92 155
132 84 150
133 96 161
134 93 154
135 91 154
136 82 163
137 83 165
138 89 160
139 84 157
140 90 150
141 82 159
142 84 152
143 97 160
144 83 156
145 82 159
146 94 151
147 81 165
148 95 153
149 81 149
150 256 24
151 266 19
152 255 30
153 261 27
154 256 21
155 262 25
156 259 12
157 257 27
158 259 29
159 264 18
160 255 29
161 269 14
162 267 13
163 264 16
164 268 22
165 261 30
166 262 29
167 256 27
168 261 19
169 266 27
170 262 14
171 264 26
172 259 27
173 269 15
174 261 12
175 259 23
176 265 17
177 269 19
178 257 28
179 269 25
180 211 199
181 216 189
182 203 186
183 209 196
184 213 190
185 207 188
186 212 188
187 203 197
188 203 188
189 211 201
190 205 191
191 212 200
192 208 193
193 216 196
194 210 198
195 215 196
196 210 190
197 211 198
198 213 186
199 202 187
200 212 192
201 204 191
202 202 187
203 207 201
204 216 196
205 215 192
206 209 195
207 204 191
208 205 188
209 213 192
210 78 163
211 67 155
212 71 150
213 78 163
214 75 154
215 64 150
216 69 153
217 64 162
218 75 153
219 68 166
220 77 166
221 77 154
222 74 162
223 80 155
224 64 150
225 78 153
226 80 155
227 79 165
228 77 159
229 69 167
230 76 160
231 76 151
232 72 162
233 66 151
234 76 156
235 63 159
236 65 149
237 68 164
238 67 151
239 78 166
240 9 142
241 8 135
242 8 147
243 9 142
244 11 144
245 7 139
246 4 142
247 10 139
248 0 145
249 9 145
250 4 136
251 4 138
252 4 135
253 8 141
254 10 138
255 2 148
256 5 135
257 4 142
258 5 134
259 0 145
260 3 141
261 7 135
262 9 142
263 9 140
264 6 139
265 8 138
266 2 146
267 2 145
268 4 142
269 58 236
270 54 238
271 58 254
272 56 246
273 51 236
274 55 248
275 57 254
276 50 248
277 50 244
278 60 237
279 58 251
280 50 253
281 48 242
282 47 250
283 51 241
284 59 237
285 61 247
286 51 236
287 49 241
288 54 242
289 60 247
290 51 238
291 54 246
292 59 236
293 50 245
294 57 253
295 57 251
296 49 237
297 56 242
298 60 242
299 8 30
300 4 14
301 9 16
302 4 28
303 7 26
304 4 14
305 9 23
306 3 20
307 1 26
308 7 16
309 5 15
310 9 29
311 2 26
312 4 17
313 2 22
314 10 16
315 2 14
316 5 16
317 5 18
318 7 12
319 7 12
320 5 18
321 1 22
322 0 29
323 4 19
324 2 14
325 11 16
326 4 27
327 2 21
328 219 120
329 219 125
330 233 120
331 232 128
332 227 119
333 221 126
334 223 132
335 220 119
336 220 127
337 222 126
338 235 131
339 229 129
340 235 122
341 223 124
342 231 120
343 228 133
344 219 130
345 221 124
346 219 120
347 220 129
348 228 120
349 225 129
350 232 125
351 224 119
352 232 131
353 231 124
354 231 123
355 218 125
356 224 127
357 229 118
358 117 248
359 107 248
360 104 246
361 102 239
362 111 253
363 116 246
364 115 243
365 115 240
366 109 240
367 112 248
368 117 253
369 112 240
370 115 240
371 113 241
372 107 241
373 115 246
374 106 254
375 109 241
376 111 238
377 107 237
378 101 251
379 114 249
380 104 237
381 101 236
382 101 252
383 107 251
384 107 237
385 104 251
386 106 246
387 115 242
388 121 105
389 133 101
390 133 114
391 128 102
392 129 114
393 132 103
394 130 107
395 123 105
396 118 105
397 132 111
398 132 108
399 118 105
400 121 109
401 129 101
402 124 110
403 118 115
404 133 116
405 133 115
406 126 101
407 129 104
408 129 115
409 125 117
410 127 101
411 133 111
412 133 106
413 125 117
414 121 102
415 129 107
416 127 106
417 122 102
418 262 248
419 265 243
420 268 248
421 257 249
422 259 246
423 268 246
424 268 249
425 264 239
426 263 240
427 262 241
428 266 247
429 268 250
430 269 251
431 267 238
432 261 241
433 258 244
434 261 248
435 267 250
436 258 237
437 266 251
438 264 242
439 259 244
440 264 241
441 265 249
442 268 244
443 255 254
444 263 254
445 257 245
446 255 243
447 269 248
448 43 243
449 37 252
450 35 239
451 45 253
452 37 251
453 34 239
454 38 252
455 33 251
456 39 236
457 46 245
458 38 240
459 46 250
460 34 253
461 36 251
462 41 248
463 45 253
464 39 254
465 31 236
466 38 236
467 38 246
468 31 249
469 33 237
470 40 247
471 37 248
472 32 247
473 43 254
474 43 239
475 42 242
476 40 244
477 44 240
478 38 93
479 43 89
480 45 90
481 35 96
482 46 95
483 36 95
484 43 90
485 46 96
486 31 100
487 42 95
488 42 95
489 37 86
490 42 96
491 33 86
492 38 84
493 40 93
494 42 100
495 40 88
496 32 85
497 42 97
498 35 96
499 32 81
500 35 81
501 45 90
502 34 96
503 41 84
504 39 92
505 45 89
506 33 89
507 38 96
508 120 38
509 121 46
510 131 34
511 121 43
512 124 35
513 126 31
514 130 43
515 126 41
516 131 34
517 128 34
518 119 40
519 122 33
520 123 37
521 131 40
522 119 31
523 125 32
524 131 44
525 133 40
526 124 32
527 122 31
528 126 37
529 122 36
530 124 33
531 119 37
532 127 40
533 125 36
534 132 34
535 119 40
536 118 46
537 125 40
538 184 45
539 183 38
540 168 36
541 169 38
542 178 35
543 173 41
544 172 37
545 175 39
546 182 45
547 184 45
548 182 36
549 171 34
550 173 45
551 176 34
552 171 40
553 171 42
554 181 35
555 172 36
556 171 40
557 185 35
558 177 33
559 178 31
560 172 37
561 177 36
562 176 31
563 185 37
564 173 36
565 173 32
566 174 41
567 181 33
568 124 200
569 119 189
570 131 192
571 124 192
572 129 186
573 133 188
574 127 196
575 122 192
576 132 187
577 118 200
578 130 200
579 125 199
580 132 201
581 133 195
582 133 190
583 133 195
584 124 188
585 128 199
586 130 192
587 119 187
588 128 189
589 126 187
590 133 201
591 122 186
592 122 191
593 119 188
594 124 200
595 118 193
596 125 201
597 130 187
598 161 136
599 162 146
600 153 138
601 166 138
602 155 137
603 164 143
604 152 146
605 167 147
606 149 143
607 149 137
608 162 144
609 166 146
610 161 137
611 161 134
612 154 146
613 154 145
614 156 144
615 167 137
616 159 134
617 166 142
618 166 135
619 164 144
620 152 135
621 162 139
622 153 145
623 150 145
624 152 134
625 151 136
626 162 137
627 158 148
628 150 235
629 156 228
630 155 220
631 162 220
632 166 228
633 159 229
634 153 225
635 156 224
636 155 222
637 161 227
638 164 233
639 160 219
640 166 235
641 150 230
642 166 222
643 164 224
644 164 233
645 156 234
646 157 227
647 158 234
648 161 222
649 158 225
650 152 223
651 163 222
652 157 234
653 157 224
654 151 230
655 163 224
656 149 231
657 157 225
658 16 268
659 29 257
660 21 259
661 12 260
662 23 269
663 23 256
664 16 267
665 16 270
666 13 264
667 17 261
668 25 264
669 12 258
670 23 263
671 13 264
672 25 268
673 27 264
674 28 259
675 25 262
676 13 259
677 17 269
678 15 263
679 13 255
680 29 256
681 28 267
682 24 260
683 18 256
684 19 264
685 28 267
686 19 261
687 22 269
688 233 207
689 235 205
690 224 213
691 219 211
692 231 217
693 221 205
694 231 214
695 223 209
696 221 213
697 234 206
698 218 211
699 225 215
700 235 211
701 235 210
702 233 210
703 221 203
704 220 212
705 225 211
706 221 206
707 234 213
708 228 213
709 228 216
710 227 209
711 229 215
712 225 204
713 224 207
714 234 215
715 235 204
716 230 210
717 218 216
718 168 169
719 184 169
720 184 185
721 171 182
722 171 173
723 169 175
724 179 170
725 181 177
726 182 179
727 172 170
728 173 177
729 170 169
730 173 183
731 169 176
732 168 169
733 169 180
734 179 185
735 170 172
736 173 174
737 180 178
738 86 206
739 99 207
740 85 211
741 86 213
742 81 215
743 92 216
744 99 208
745 97 208
746 88 206
747 92 203
748 94 216
749 98 211
750 87 212
751 98 203
752 81 214
753 99 212
754 91 212
755 90 212
756 97 208
757 96 204
758 81 211
759 83 202
760 90 206
761 100 209
762 86 215
763 81 210
764 97 203
765 85 214
766 88 203
767 81 213
768 115 129
769 104 130
770 113 127
771 116 126
772 111 132
773 102 125
774 103 120
775 108 130
776 101 129
777 104 121
778 105 126
779 105 132
780 117 126
781 117 133
782 114 123
783 114 121
784 113 132
785 103 120
786 103 126
787 114 119
788 111 120
789 112 127
790 102 120
791 101 131
792 104 127
793 112 124
794 110 126
795 113 122
796 114 127
797 105 123
798 107 49
799 108 60
800 103 53
801 113 57
802 107 57
803 110 57
804 114 58
805 114 57
806 110 51
807 114 61
808 115 52
809 103 59
810 102 59
811 116 58
812 101 60
813 112 59
814 112 59
815 108 60
816 106 51
817 107 57
818 112 56
819 106 53
820 104 57
821 105 50
822 102 56
823 109 51
824 106 47
825 101 48
826 113 49
827 110 60
828 187 78
829 197 66
830 201 69
831 201 79
832 193 75
833 186 63
834 197 64
835 200 64
836 196 63
837 189 79
838 195 78
839 199 67
840 189 80
841 188 76
842 193 68
843 189 71
844 197 62
845 187 80
846 198 71
847 193 67
848 197 71
849 195 63
850 190 75
851 190 74
852 186 71
853 197 63
854 196 76
855 188 78
856 188 79
857 198 75
858 29 2
859 16 9
860 24 4
861 19 7
862 17 3
863 26 0
864 13 4
865 29 0
866 16 6
867 19 9
868 14 10
869 24 1
870 24 10
871 25 1
872 29 4
873 29 9
874 21 10
875 25 2
876 13 3
877 28 11
878 20 11
879 18 9
880 30 0
881 18 8
882 16 2
883 22 6
884 22 6
885 19 9
886 23 6
887 143 89
888 138 98
889 140 93
890 136 88
891 144 86
892 139 88
893 139 88
894 134 89
895 145 83
896 147 91
897 137 94
898 142 87
899 145 86
900 141 82
901 138 83
902 135 99
903 135 87
904 143 96
905 137 91
906 140 97
907 142 85
908 141 86
909 137 84
910 136 91
911 136 98
912 142 87
913 142 84
914 145 96
915 138 100
916 135 84
917 88 65
918 82 80
919 81 71
920 90 79
921 93 77
922 88 71
923 97 78
924 100 79
925 84 80
926 88 74
927 88 70
928 86 64
929 95 75
930 83 77
931 82 70
932 98 74
933 95 64
934 91 69
935 91 69
936 86 71
937 88 69
938 91 63
939 87 73
940 85 66
941 82 78
942 90 66
943 87 65
944 88 62
945 89 71
946 84 79
947 231 199
948 222 186
949 220 189
950 223 195
951 218 186
952 227 195
953 230 197
954 225 186
955 227 196
956 226 191
957 222 194
958 235 201
959 231 190
960 219 189
961 233 188
962 225 192
963 219 190
964 231 186
965 222 200
966 231 188
967 233 186
968 234 186
969 220 196
970 219 190
971 224 187
972 225 196
973 233 186
974 231 198
975 230 190
976 233 200
977 33 224
978 46 233
979 35 226
980 40 227
981 44 234
982 39 218
983 40 233
984 32 235
985 36 229
986 35 225
987 46 234
988 41 218
989 40 222
990 39 226
991 44 227
992 34 233
993 43 229
994 44 233
995 35 230
996 39 226
997 35 233
998 32 227
999 43 219
1000 43 228
1001 31 227
1002 37 222
1003 38 227
1004 46 235
1005 33 231
1006 38 235
1007 216 208
1008 205 217
1009 215 204
1010 204 209
1011 203 202
1012 203 215
1013 215 216
1014 212 205
1015 215 203
1016 206 213
1017 205 215
1018 214 206
1019 211 214
1020 205 210
1021 215 202
1022 214 203
1023 211 204
1024 216 202
1025 217 211
1026 207 206
1027 211 204
1028 254 215
1029 248 212
1030 247 215
1031 251 209
1032 244 203
1033 241 213
1034 237 214
1035 251 205
1036 239 214
1037 244 217
1038 252 205
1039 245 203
1040 251 216
1041 247 217
1042 253 210
1043 244 216
1044 251 203
1045 242 203
1046 249 205
1047 251 202
1048 244 210
1049 242 213
1050 242 205
1051 244 207
1052 240 216
1053 236 210
1054 239 213
1055 240 204
1056 254 208
1057 246 205
1058 197 168
1059 197 168
1060 187 173
1061 201 175
1062 201 182
1063 192 170
1064 201 172
1065 188 177
1066 200 182
1067 195 173
1068 186 181
1069 188 169
1070 200 171
1071 189 182
1072 186 169
1073 191 169
1074 188 182
1075 198 171
1076 189 174
1077 201 183
1078 189 184
1079 192 173
1080 191 180
1081 192 169
1082 188 182
1083 199 173
1084 187 183
1085 187 169
1086 198 184
1087 198 170
1088 115 149
1089 101 155
1090 101 161
1091 104 158
1092 116 152
1093 107 156
1094 106 165
1095 102 163
1096 110 157
1097 116 152
1098 107 154
1099 107 167
1100 106 164
1101 112 155
1102 116 157
1103 109 159
1104 102 162
1105 101 152
1106 104 151
1107 114 166
1108 103 167
1109 113 158
1110 103 155
1111 102 163
1112 110 152
1113 111 152
1114 111 166
1115 116 165
1116 106 158
1117 115 150
1118 96 193
1119 100 188
1120 86 197
1121 91 196
1122 93 192
1123 88 196
1124 82 190
1125 84 199
1126 94 193
1127 82 197
1128 89 196
1129 87 196
1130 81 189
1131 92 192
1132 85 193
1133 97 198
1134 93 189
1135 97 191
1136 93 190
1137 89 194
1138 82 191
1139 82 200
1140 89 197
1141 86 190
1142 95 191
1143 86 197
1144 95 196
1145 89 192
1146 93 199
1147 100 191
1148 250 132
1149 251 119
1150 238 121
1151 236 126
1152 252 119
1153 250 126
1154 237 130
1155 248 118
1156 250 129
1157 240 122
1158 244 123
1159 246 123
1160 254 133
1161 244 121
1162 244 126
1163 246 127
1164 241 132
1165 251 122
1166 253 133
1167 254 122
1168 252 126
1169 244 129
1170 243 122
1171 240 126
1172 249 127
1173 251 124
1174 250 131
1175 236 123
1176 243 120
1177 241 131
1178 176 162
1179 172 156
1180 174 152
1181 169 150
1182 169 158
1183 179 166
1184 180 161
1185 176 160
1186 173 153
1187 176 166
1188 168 162
1189 184 160
1190 176 151
1191 169 154
1192 169 160
1193 181 152
1194 175 150
1195 175 149
1196 174 150
1197 178 153
1198 178 165
1199 174 160
1200 174 156
1201 176 150
1202 168 152
1203 181 151
1204 178 163
1205 182 160
1206 176 158
1207 176 167
1208 4 20
1209 7 21
1210 7 23
1211 6 12
1212 7 15
1213 11 29
1214 4 28
1215 3 28
1216 3 13
1217 6 12
1218 11 22
1219 9 27
1220 11 14
1221 3 28
1222 11 18
1223 7 16
1224 6 21
1225 7 12
1226 1 16
1227 0 26
1228 3 23
1229 10 17
1230 7 17
1231 8 14
1232 2 30
1233 9 30
1234 0 25
1235 2 14
1236 11 17
1237 10 30
1238 213 172
1239 215 170
1240 217 168
1241 212 169
1242 207 185
1243 205 172
1244 216 184
1245 203 177
1246 204 180
1247 211 179
1248 206 171
1249 206 176
1250 207 178
1251 207 178
1252 212 179
1253 214 171
1254 205 168
1255 204 183
1256 212 178
1257 203 169
1258 212 168
1259 204 171
1260 207 182
1261 213 171
1262 213 179
1263 216 178
1264 205 175
1265 209 181
1266 213 177
1267 211 185
1268 191 149
1269 197 155
1270 201 160
1271 190 157
1272 188 154
1273 186 163
1274 188 162
1275 194 159
1276 194 158
1277 187 163
1278 187 158
1279 195 154
1280 198 161
1281 186 161
1282 193 154
1283 189 164
1284 191 151
1285 196 156
1286 197 159
1287 194 165
1288 194 165
1289 186 152
1290 199 154
1291 190 163
1292 187 156
1293 193 164
1294 192 162
1295 190 166
1296 193 164
1297 196 165
1298 90 174
1299 81 171
1300 82 172
1301 92 169
1302 87 177
1303 93 171
1304 91 185
1305 88 182
1306 86 178
1307 84 171
1308 81 178
1309 85 182
1310 83 170
1311 85 176
1312 88 180
1313 81 170
1314 94 179
1315 82 181
1316 82 168
1317 95 181
1318 86 173
1319 98 179
1320 82 177
1321 97 170
1322 90 182
1323 93 177
1324 84 178
1325 85 184
1326 100 178
1327 87 168
1328 180 126
1329 177 120
1330 170 127
1331 171 121
1332 171 130
1333 178 119
1334 173 123
1335 171 127
1336 184 128
1337 176 126
1338 169 129
1339 179 125
1340 172 132
1341 169 132
1342 185 118
1343 170 122
1344 180 120
1345 173 130
1346 172 119
1347 179 124
1348 172 129
1349 170 127
1350 181 124
1351 183 121
1352 171 121
1353 181 131
1354 183 125
1355 175 118
1356 168 118
1357 180 121
1358 221 218
1359 226 227
1360 229 221
1361 234 220
1362 226 227
1363 234 224
1364 226 223
1365 225 233
1366 221 224
1367 219 235
1368 221 230
1369 231 220
1370 234 221
1371 229 219
1372 220 233
1373 228 222
1374 234 232
1375 222 220
1376 242 46
1377 250 45
1378 237 42
1379 250 37
1380 237 40
1381 254 35
1382 246 35
1383 248 46
1384 249 38
1385 242 38
1386 242 36
1387 238 46
1388 239 37
1389 236 39
1390 241 31
1391 250 37
1392 245 38
1393 236 35
1394 245 31
1395 249 34
1396 242 45
1397 238 31
1398 250 39
1399 247 42
1400 247 34
1401 245 37
1402 243 42
1403 242 34
1404 251 43
1405 248 44
1406 266 128
1407 265 119
1408 263 131
1409 259 129
1410 256 121
1411 263 126
1412 256 128
1413 257 132
1414 260 121
1415 268 118
1416 257 119
1417 268 122
1418 268 126
1419 259 127
1420 264 127
1421 266 128
1422 269 122
1423 263 123
1424 266 118
1425 255 133
1426 258 123
1427 257 130
1428 255 124
1429 267 126
1430 265 128
1431 255 127
1432 256 119
1433 259 131
1434 261 131
1435 266 127
1436 49 230
1437 58 229
1438 61 234
1439 61 227
1440 61 227
1441 54 221
1442 54 225
1443 51 229
1444 61 232
1445 55 230
1446 51 230
1447 57 219
1448 51 227
1449 60 234
1450 55 218
1451 55 223
1452 50 234
1453 48 225
1454 59 221
1455 50 227
1456 56 231
1457 61 222
1458 49 231
1459 61 225
1460 47 230
1461 54 227
1462 49 231
1463 54 219
1464 49 228
1465 60 219
1466 213 38
1467 209 42
1468 205 36
1469 210 40
1470 205 39
1471 213 46
1472 209 37
1473 214 38
1474 215 38
1475 213 43
1476 203 35
1477 214 45
1478 213 36
1479 204 42
1480 202 40
1481 206 32
1482 208 39
1483 215 35
1484 205 42
1485 202 37
1486 207 31
1487 210 36
1488 209 44
1489 208 38
1490 205 45
1491 216 39
1492 206 34
1493 211 34
1494 209 38
1495 210 46
1496 191 49
1497 200 55
1498 198 61
1499 199 60
1500 200 54
1501 198 57
1502 195 51
1503 197 51
1504 191 58
1505 188 54
1506 188 52
1507 186 51
1508 191 47
1509 201 51
1510 196 57
1511 198 49
1512 192 57
1513 193 54
1514 199 53
1515 197 60
1516 194 53
1517 187 54
1518 189 52
1519 201 50
1520 197 59
1521 191 57
1522 197 47
1523 193 52
1524 200 56
1525 199 60
1526 107 215
1527 109 213
1528 106 212
1529 105 213
1530 115 206
1531 102 204
1532 102 204
1533 108 211
1534 102 205
1535 113 203
1536 101 206
1537 117 204
1538 102 203
1539 105 206
1540 110 214
1541 116 202
1542 112 210
1543 108 208
1544 117 215
1545 112 213
1546 105 210
1547 105 210
1548 107 213
1549 107 211
1550 106 208
1551 108 208
1552 107 215
1553 114 202
1554 115 213
1555 111 212
1556 43 140
1557 43 139
1558 42 141
1559 35 136
1560 33 134
1561 33 139
1562 42 146
1563 40 134
1564 34 144
1565 41 138
1566 36 142
1567 34 139
1568 44 137
1569 40 138
1570 33 143
1571 38 140
1572 32 145
1573 36 148
1574 35 147
1575 43 142
1576 40 136
1577 38 140
1578 45 134
1579 32 139
1580 45 148
1581 44 134
1582 35 142
1583 46 136
1584 39 142
1585 122 153
1586 121 161
1587 124 153
1588 129 167
1589 126 153
1590 127 149
1591 120 150
1592 133 165
1593 121 151
1594 126 161
1595 123 149
1596 130 159
1597 118 162
1598 132 150
1599 131 149
1600 120 163
1601 119 160
1602 128 155
1603 124 154
1604 125 163
1605 125 151
1606 133 164
1607 121 156
1608 124 166
1609 123 150
1610 124 153
1611 124 166
1612 133 156
1613 120 153
1614 126 156
1615 99 206
1616 89 211
1617 91 202
1618 81 211
1619 89 202
1620 99 214
1621 90 210
1622 90 211
1623 100 204
1624 86 206
1625 81 211
1626 89 207
1627 100 204
1628 98 211
1629 98 209
1630 84 203
1631 95 216
1632 89 207
1633 97 203
1634 95 210
1635 93 203
1636 92 212
1637 84 215
1638 87 208
1639 94 209
1640 88 210
1641 94 212
1642 90 214
1643 100 208
1644 97 217
1645 252 150
1646 249 156
1647 243 153
1648 243 160
1649 253 152
1650 239 165
1651 243 152
1652 252 163
1653 242 154
1654 250 159
1655 240 162
1656 242 164
1657 240 164
1658 247 159
1659 250 149
1660 245 161
1661 242 167
1662 249 158
1663 253 166
1664 253 155
1665 249 154
1666 251 155
1667 250 151
1668 240 166
1669 243 158
1670 248 150
1671 247 162
1672 240 158
1673 250 150
1674 244 149
1675 187 173
1676 187 184
1677 189 178
1678 199 178
1679 195 169
1680 192 182
1681 186 183
1682 189 185
1683 187 181
1684 201 169
1685 200 171
1686 186 184
1687 193 174
1688 200 178
1689 190 179
1690 188 170
1691 197 171
1692 191 178
1693 192 177
1694 194 175
1695 194 184
1696 200 178
1697 197 178
1698 189 179
1699 200 183
1700 201 175
1701 200 185
1702 197 177
1703 194 170
1704 188 177
1705 156 266
1706 152 259
1707 151 256
1708 164 264
1709 153 269
1710 163 260
1711 155 264
1712 158 258
1713 154 267
1714 153 261
1715 166 265
1716 161 257
1717 153 266
1718 156 263
1719 162 268
1720 161 268
1721 155 258
1722 157 258
1723 162 269
1724 161 261
1725 162 264
1726 166 256
1727 154 266
1728 164 261
1729 154 269
1730 150 265
1731 163 257
1732 167 265
1733 153 258
1734 166 259
1735 3 129
1736 3 129
1737 3 128
1738 11 128
1739 0 129
1740 6 122
1741 2 123
1742 7 129
1743 0 131
1744 3 118
1745 6 124
1746 8 125
1747 8 119
1748 3 132
1749 8 121
1750 8 125
1751 3 129
1752 7 127
1753 0 126
1754 8 132
1755 0 131
1756 0 121
1757 10 132
1758 11 126
1759 4 122
1760 3 130
1761 11 133
1762 9 128
1763 9 120
1764 1 124
1765 268 27
1766 258 27
1767 259 19
1768 264 20
1769 263 17
1770 256 26
1771 265 15
1772 261 13
1773 264 14
1774 259 12
1775 259 14
1776 270 23
1777 255 22
1778 257 29
1779 257 30
1780 269 19
1781 263 27
1782 269 27
1783 255 12
1784 260 22
1785 264 19
1786 260 18
1787 255 22
1788 260 22
1789 266 30
1790 262 21
1791 264 19
1792 262 15
1793 268 29
1794 263 30
1795 7 254
1796 8 238
1797 8 252
1798 3 236
1799 10 243
1800 1 238
1801 7 245
1802 10 253
1803 0 251
1804 0 241
1805 2 242
1806 0 250
1807 1 251
1808 4 243
1809 11 254
1810 0 250
1811 11 245
1812 9 249
1813 1 245
1814 10 240
1815 3 241
1816 2 241
1817 8 253
1818 8 243
1819 4 247
1820 6 244
1821 3 253
1822 6 245
1823 0 244
1824 9 245
1825 157 175
1826 157 180
1827 157 178
1828 167 169
1829 159 185
1830 162 176
1831 155 174
1832 160 174
1833 161 176
1834 154 183
1835 166 177
1836 156 173
1837 164 178
1838 163 178
1839 158 182
1840 151 172
1841 153 177
1842 165 183
1843 163 183
1844 156 168
1845 155 177
1846 161 177
1847 151 172
1848 160 183
1849 159 171
1850 166 180
1851 151 183
1852 159 177
1853 154 179
1854 151 183
1855 169 59
1856 184 59
1857 183 61
1858 169 59
1859 175 54
1860 183 49
1861 170 55
1862 173 61
1863 179 59
1864 173 61
1865 184 55
1866 173 59
1867 176 60
1868 178 51
1869 174 48
1870 181 51
1871 168 50
1872 173 61
1873 172 54
1874 170 54
1875 182 50
1876 175 50
1877 180 57
1878 169 56
1879 179 56
1880 177 48
1881 171 51
1882 171 59
1883 170 61
1884 182 51
1885 34 256
1886 38 258
1887 34 261
1888 39 267
1889 34 264
1890 38 263
1891 41 259
1892 46 266
1893 39 265
1894 31 261
1895 35 261
1896 45 266
1897 34 258
1898 36 267
1899 39 264
1900 44 259
1901 43 266
1902 46 256
1903 40 260
1904 31 264
1905 33 261
1906 33 263
1907 31 259
1908 39 256
1909 44 256
1910 46 264
1911 34 262
1912 34 270
1913 45 261
1914 43 269
1915 121 254
1916 121 242
1917 133 244
1918 132 237
1919 124 251
1920 132 244
1921 130 243
1922 126 238
1923 126 251
1924 129 238
1925 122 246
1926 128 244
1927 124 243
1928 121 241
1929 121 254
1930 127 248
1931 124 241
1932 121 251
1933 129 246
1934 131 250
1935 126 252
1936 121 245
1937 119 253
1938 122 242
1939 119 238
1940 119 247
1941 123 253
1942 132 239
1943 122 248
1944 126 236
1945 201 39
1946 192 42
1947 188 45
1948 193 39
1949 194 35
1950 193 40
1951 196 42
1952 193 39
1953 190 40
1954 190 42
1955 198 41
1956 191 35
1957 193 35
1958 199 32
1959 189 36
1960 201 46
1961 189 41
1962 190 42
1963 196 46
1964 191 32
1965 191 35
1966 200 41
1967 197 44
1968 193 34
1969 186 44
1970 191 35
1971 189 36
1972 191 42
1973 201 41
1974 190 33
1975 33 233
1976 41 223
1977 45 226
1978 31 218
1979 36 222
1980 41 222
1981 37 221
1982 33 231
1983 35 224
1984 31 234
1985 34 222
1986 32 234
1987 43 222
1988 45 220
1989 37 235
1990 38 220
1991 34 219
1992 45 222
1993 39 227
1994 34 234
1995 32 233
1996 41 233
1997 40 232
1998 35 223
1999 35 224
2000 46 222
2001 43 219
2002 41 224
2003 45 225
2004 34 230
2005 260 116
2006 259 107
2007 266 105
2008 264 105
2009 266 113
2010 258 115
2011 266 103
2012 258 108
2013 264 105
2014 268 110
2015 265 107
2016 261 106
2017 257 104
2018 256 103
2019 269 102
2020 263 108
2021 267 112
2022 255 109
2023 255 112
2024 263 103
2025 262 117
2026 270 111
2027 263 106
2028 260 107
2029 265 102
2030 270 117
2031 269 109
2032 270 103
2033 268 113
2034 268 117
2035 72 233
2036 62 228
2037 69 234
2038 78 221
2039 76 235
2040 67 226
2041 62 223
2042 62 220
2043 73 231
2044 68 229
2045 69 221
2046 67 221
2047 80 228
2048 78 224
2049 77 226
2050 63 218
2051 69 223
2052 79 218
2053 64 222
2054 72 223
2055 70 221
2056 72 219
2057 77 234
2058 70 233
2059 80 228
2060 66 229
2061 76 228
2062 76 219
2063 65 225
2064 65 222
2065 189 132
2066 197 121
2067 196 118
2068 194 133
2069 186 125
2070 200 125
2071 192 132
2072 190 126
2073 187 132
2074 192 131
2075 195 124
2076 188 127
2077 188 126
2078 193 126
2079 199 130
2080 187 127
2081 192 130
2082 199 132
2083 201 132
2084 188 129
2085 200 120
2086 187 126
2087 193 121
2088 199 131
2089 198 119
2090 193 130
2091 192 119
2092 190 119
2093 196 121
2094 195 119
2095 136 167
2096 142 159
2097 146 161
2098 148 152
2099 135 151
2100 146 162
2101 137 167
2102 136 150
2103 136 153
2104 137 149
2105 140 155
2106 147 159
2107 138 155
2108 142 156
2109 139 150
2110 146 157
2111 136 165
2112 137 161
2113 139 166
2114 135 156
2115 148 166
2116 146 149
2117 139 161
2118 139 152
2119 136 161
2120 138 162
2121 145 166
2122 143 151
2123 144 161
2124 138 165
2125 269 3
2126 270 11
2127 255 7
2128 266 7
2129 259 1
2130 262 3
2131 263 3
2132 268 10
2133 257 3
2134 262 4
2135 256 9
2136 262 2
2137 259 5
2138 265 2
2139 265 1
2140 266 2
2141 270 2
2142 268 3
2143 260 3
2144 255 9
2145 256 4
2146 267 3
2147 267 10
2148 268 0
2149 267 2
2150 255 9
2151 258 1
2152 261 6
2153 120 225
2154 129 218
2155 120 221
2156 129 235
2157 120 220
2158 121 227
2159 122 218
2160 132 221
2161 129 229
2162 132 227
2163 132 229
2164 127 219
2165 131 219
2166 121 233
2167 133 233
2168 122 230
2169 133 223
2170 128 233
2171 123 229
2172 126 224
2173 120 218
2174 128 235
2175 119 234
2176 131 219
2177 130 221
2178 126 229
2179 129 226
2180 119 228
2181 120 218
2182 131 219
2183 139 251
2184 144 254
2185 148 250
2186 148 241
2187 139 246
2188 139 238
2189 142 240
2190 145 236
2191 148 252
2192 138 241
2193 137 238
2194 143 249
2195 136 237
2196 147 247
2197 137 237
2198 144 240
2199 139 250
2200 139 238
2201 147 240
2202 138 250
2203 142 249
2204 141 243
2205 148 249
2206 135 251
2207 145 241
2208 134 244
2209 139 240
2210 147 253
2211 144 236
2212 140 239
2213 124 85
2214 130 91
2215 132 95
2216 128 94
2217 126 88
2218 125 96
2219 123 94
2220 122 85
2221 128 98
2222 125 100
2223 122 94
2224 118 100
2225 124 100
2226 120 88
2227 130 84
2228 123 84
2229 123 83
2230 133 86
2231 126 90
2232 120 85
2233 119 82
2234 128 86
2235 133 85
2236 119 81
2237 119 83
2238 131 81
2239 132 82
2240 124 81
2241 133 97
2242 131 81
2243 151 39
2244 152 44
2245 157 46
2246 160 36
2247 165 41
2248 167 33
2249 160 45
2250 152 35
2251 156 45
2252 151 42
2253 163 32
2254 156 45
2255 155 46
2256 156 40
2257 163 33
2258 164 32
2259 162 34
2260 158 33
2261 154 34
2262 153 33
2263 159 38
2264 150 37
2265 165 39
2266 161 44
2267 161 43
2268 164 41
2269 163 37
2270 163 46
2271 152 41
2272 153 46
2273 136 61
2274 143 57
2275 141 50
2276 138 48
2277 138 56
2278 141 59
2279 148 50
2280 140 58
2281 146 54
2282 137 56
2283 142 56
2284 146 50
2285 137 55
2286 139 50
2287 148 58
2288 140 55
2289 145 49
2290 148 51
2291 136 51
2292 147 52
2293 141 58
2294 147 50
2295 138 52
2296 144 61
2297 147 53
2298 141 47
2299 135 50
2300 135 57
2301 143 54
2302 146 55
2303 59 249
2304 52 237
2305 53 250
2306 55 236
2307 52 239
2308 52 248
2309 51 247
2310 53 238
2311 53 250
2312 52 247
2313 56 236
2314 48 239
2315 55 237
2316 53 254
2317 47 245
2318 58 242
2319 60 245
2320 51 243
2321 48 237
2322 57 247
2323 55 250
2324 58 250
2325 53 253
2326 56 254
2327 50 246
2328 61 238
2329 58 247
2330 61 244
2331 53 243
2332 60 252
2333 17 116
2334 24 109
2335 30 105
2336 19 105
2337 22 101
2338 30 107
2339 26 103
2340 30 101
2341 23 105
2342 19 101
2343 24 113
2344 23 106
2345 20 117
2346 30 114
2347 24 114
2348 24 101
2349 19 111
2350 23 109
2351 16 104
2352 19 108
2353 24 109
2354 27 110
2355 23 113
2356 28 105
2357 27 114
2358 23 113
2359 13 113
2360 21 113
2361 19 104
2362 17 105
2363 263 219
2364 265 230
2365 266 220
2366 256 221
2367 259 232
2368 262 223
2369 266 224
2370 264 224
2371 270 221
2372 262 223
2373 268 230
2374 263 228
2375 260 223
2376 265 235
2377 269 220
2378 260 234
2379 267 218
2380 267 227
2381 267 235
2382 259 221
2383 268 222
2384 264 234
2385 258 227
2386 269 230
2387 268 228
2388 264 220
2389 269 233
2390 267 228
2391 255 233
2392 270 221
2393 132 264
2394 124 262
2395 118 258
2396 133 260
2397 126 267
2398 123 263
2399 126 255
2400 121 264
2401 120 256
2402 128 268
2403 127 257
2404 120 257
2405 126 257
2406 128 261
2407 118 259
2408 118 260
2409 126 262
2410 133 270
2411 119 260
2412 125 263
2413 130 269
2414 127 267
2415 125 256
2416 132 260
2417 131 256
2418 119 266
2419 123 260
2420 118 270
2421 128 265
2422 122 265
2423 262 240
2424 266 236
2425 257 242
2426 266 246
2427 270 247
2428 269 249
2429 263 246
2430 268 251
2431 264 244
2432 267 252
2433 257 251
2434 257 240
2435 269 247
2436 260 243
2437 265 244
2438 258 237
2439 266 242
2440 258 239
2441 265 247
2442 269 246
2443 269 236
2444 267 245
2445 262 236
2446 258 237
2447 261 240
2448 270 243
2449 263 245
2450 259 241
2451 270 247
2452 262 247
2453 231 44
2454 218 42
2455 218 45
2456 225 40
2457 222 35
2458 228 32
2459 228 36
2460 234 33
2461 231 37
2462 224 42
2463 227 32
2464 220 40
2465 232 41
2466 229 34
2467 218 41
2468 224 39
2469 222 46
2470 218 40
2471 235 37
2472 222 44
2473 225 33
2474 235 36
2475 223 32
2476 228 40
2477 220 41
2478 233 34
2479 226 31
2480 233 32
2481 225 45
2482 221 34
2483 223 263
2484 218 264
2485 221 265
2486 221 265
2487 225 268
2488 231 264
2489 225 264
2490 222 261
2491 231 259
2492 228 268
2493 219 269
2494 223 256
2495 220 262
2496 234 255
2497 229 257
2498 232 268
2499 219 257
2500 221 261
2501 222 267
2502 222 256
2503 232 260
2504 232 269
2505 226 266
2506 218 256
2507 221 267
2508 220 267
2509 229 269
2510 223 260
2511 230 260
2512 218 258
2513 235 222
2514 234 224
2515 229 219
2516 224 229
2517 232 234
2518 232 218
2519 230 218
2520 229 227
2521 224 234
2522 229 235
2523 221 231
2524 231 223
2525 230 235
2526 218 224
2527 235 223
2528 231 228
2529 235 231
2530 224 223
2531 233 234
2532 231 230
2533 224 222
2534 222 218
2535 220 235
2536 230 222
2537 14 7
2538 30 10
2539 17 6
2540 28 3
2541 21 9
2542 17 6
2543 17 2
2544 16 11
2545 28 9
2546 30 10
2547 13 8
2548 18 9
2549 13 9
2550 28 7
2551 25 1
2552 18 9
2553 18 7
2554 22 10
2555 28 0
2556 13 8
2557 18 1
2558 20 4
2559 17 1
2560 26 8
2561 17 4
2562 26 7
2563 17 0
2564 13 0
2565 21 0
2566 64 29
2567 77 23
2568 78 17
2569 73 19
2570 72 26
2571 67 13
2572 62 17
2573 68 20
2574 63 25
2575 75 30
2576 74 15
2577 76 20
2578 80 18
2579 64 29
2580 63 14
2581 78 26
2582 68 28
2583 72 21
2584 68 21
2585 64 25
2586 75 30
2587 69 30
2588 75 13
2589 70 30
2590 74 15
2591 72 16
2592 67 24
2593 78 25
2594 68 19
2595 69 21
2596 102 89
2597 104 89
2598 109 83
2599 107 99
2600 112 84
2601 109 100
2602 111 93
2603 115 89
2604 103 93
2605 103 97
2606 111 86
2607 107 92
2608 110 84
2609 111 81
2610 113 85
2611 111 88
2612 115 100
2613 112 83
2614 106 98
2615 117 100
2616 111 90
2617 109 91
2618 108 91
2619 113 95
2620 104 94
2621 110 88
2622 108 84
2623 101 95
2624 101 89
2625 112 99
2626 40 181
2627 35 180
2628 43 171
2629 45 174
2630 45 169
2631 32 176
2632 41 182
2633 34 177
2634 36 177
2635 46 184
2636 34 177
2637 46 180
2638 45 174
2639 38 179
2640 32 181
2641 42 172
2642 45 184
2643 35 185
2644 43 168
2645 42 180
2646 43 179
2647 46 185
2648 41 183
2649 38 179
2650 41 184
2651 32 172
2652 33 182
2653 39 170
2654 42 175
2655 38 184
2656 220 95
2657 222 91
2658 220 82
2659 220 91
2660 220 82
2661 223 95
2662 224 95
2663 227 92
2664 226 86
2665 224 93
2666 221 95
2667 224 93
2668 218 92
2669 220 100
2670 233 92
2671 222 100
2672 223 91
2673 232 100
2674 223 88
2675 224 89
2676 227 91
2677 229 87
2678 224 92
2679 235 92
2680 225 85
2681 226 81
2682 226 88
2683 221 98
2684 231 97
2685 225 99
2686 204 125
2687 211 128
2688 202 120
2689 214 130
2690 207 133
2691 204 125
2692 213 120
2693 209 120
2694 204 120
2695 217 133
2696 211 118
2697 215 127
2698 212 122
2699 212 133
2700 203 131
2701 215 124
2702 204 129
2703 203 128
2704 210 130
2705 211 118
2706 215 130
2707 206 123
2708 216 128
2709 205 125
2710 204 127
2711 210 128
2712 202 121
2713 202 118
2714 211 125
2715 217 132
2716 123 70
2717 125 75
2718 122 72
2719 128 67
2720 118 67
2721 133 64
2722 125 72
2723 126 71
2724 127 67
2725 125 78
2726 122 72
2727 124 68
2728 119 80
2729 129 67
2730 133 66
2731 122 65
2732 125 74
2733 121 74
2734 123 77
2735 120 71
2736 125 62
2737 123 65
2738 121 63
2739 121 70
2740 126 64
2741 118 79
2742 132 67
2743 125 64
2744 121 68
2745 119 73
2746 107 147
2747 115 138
2748 103 144
2749 111 139
2750 104 141
2751 112 144
2752 107 148
2753 104 138
2754 107 137
2755 105 141
2756 108 134
2757 105 145
2758 117 148
2759 110 146
2760 111 135
2761 101 146
2762 115 140
2763 108 146
2764 109 137
2765 112 137
2766 112 141
2767 109 142
2768 113 145
2769 113 146
2770 117 139
2771 109 138
2772 111 146
2773 108 137
2774 109 148
2775 103 142
2776 48 208
2777 53 214
2778 56 210
2779 61 208
2780 48 211
2781 61 215
2782 60 203
2783 59 206
2784 50 213
2785 58 210
2786 47 205
2787 55 202
2788 59 206
2789 58 203
2790 51 208
2791 48 208
2792 57 205
2793 53 207
2794 51 215
2795 48 213
2796 60 212
2797 58 203
2798 50 210
2799 52 210
2800 58 209
2801 52 205
2802 48 202
2803 56 212
2804 48 212
2805 59 204
2806 136 236
2807 139 239
2808 138 253
2809 134 251
2810 135 251
2811 142 237
2812 147 246
2813 136 251
2814 147 237
2815 136 241
2816 134 239
2817 142 244
2818 134 242
2819 148 239
2820 141 254
2821 140 239
2822 139 238
2823 142 243
2824 137 251
2825 146 252
2826 140 253
2827 137 250
2828 140 253
2829 134 240
2830 136 237
2831 140 236
2832 137 237
2833 135 240
2834 141 254
2835 141 254
2836 14 136
2837 17 142
2838 16 141
2839 27 139
2840 30 140
2841 17 144
2842 12 138
2843 22 142
2844 14 147
2845 24 137
2846 30 146
2847 28 142
2848 17 135
2849 14 134
2850 13 143
2851 22 146
2852 27 137
2853 26 138
2854 17 141
2855 20 134
2856 12 146
2857 15 138
2858 22 139
2859 13 145
2860 26 135
2861 18 146
2862 28 134
2863 30 146
2864 16 137
2865 25 138
2866 105 6
2867 112 9
2868 108 4
2869 115 1
2870 116 3
2871 116 2
2872 101 11
2873 117 9
2874 101 11
2875 103 5
2876 103 1
2877 107 2
2878 104 8
2879 108 5
2880 104 5
2881 114 5
2882 106 10
2883 113 6
2884 106 4
2885 110 7
2886 103 3
2887 101 11
2888 104 1
2889 115 2
2890 103 1
2891 15 122
2892 30 128
2893 24 126
2894 28 131
2895 14 119
2896 15 131
2897 24 128
2898 18 119
2899 12 127
2900 21 124
2901 22 122
2902 28 121
2903 14 130
2904 29 118
2905 27 122
2906 13 122
2907 26 128
2908 25 119
2909 14 129
2910 19 121
2911 15 122
2912 23 129
2913 16 133
2914 19 132
2915 19 120
2916 24 131
2917 12 132
2918 18 122
2919 14 120
2920 30 127
2921 232 65
2922 225 77
2923 222 66
2924 226 73
2925 222 77
2926 224 68
2927 219 78
2928 223 74
2929 229 71
2930 230 76
2931 228 66
2932 228 72
2933 221 65
2934 223 74
2935 229 76
2936 235 69
2937 225 80
2938 218 62
2939 222 78
2940 225 64
2941 224 70
2942 233 74
2943 219 68
2944 230 64
2945 235 73
2946 226 63
2947 229 79
2948 218 75
2949 219 75
2950 229 69
