219 235 10 2909
0 5
1 7
2 6
3 10
4 9
5 6
6 8
7 6
8 8
9 9
10 7
11 5
12 3
13 3
14 3
15 5
16 3
17 3
18 3
19 3
20 4
21 3
22 4
23 3
24 3
25 5
26 3
27 5
28 3
29 5
30 3
31 3
32 3
33 3
34 3
35 3
36 3
37 3
38 4
39 3
40 7
41 3
42 4
43 3
44 4
45 3
46 6
47 3
48 4
49 3
50 3
51 3
52 3
53 3
54 3
55 3
56 3
57 3
58 4
59 3
60 3
61 3
62 3
63 3
64 3
65 3
66 4
67 4
68 3
69 3
70 5
71 4
72 3
73 4
74 3
75 3
76 3
77 3
78 3
79 3
80 3
81 3
82 6
83 3
84 3
85 3
86 3
87 4
88 5
89 3
90 3
91 4
92 5
93 3
94 3
95 3
96 5
97 3
98 4
99 3
100 5
101 5
102 3
103 4
104 5
105 3
106 3
107 3
108 3
109 5
110 3
111 3
112 4
113 3
114 4
115 3
116 3
117 3
118 3
119 3
120 4
121 3
122 3
123 4
124 4
125 3
126 3
127 3
128 7
129 6
130 3
131 3
132 4
133 6
134 6
135 4
136 3
137 3
138 4
139 3
140 3
141 3
142 3
143 3
144 3
145 3
146 4
147 3
148 3
149 3
150 4
151 3
152 3
153 4
154 3
155 4
156 4
157 3
158 5
159 3
160 3
161 3
162 3
163 3
164 3
165 3
166 5
167 6
168 3
169 3
170 4
171 3
172 3
173 3
174 3
175 4
176 3
177 4
178 3
179 3
180 3
181 3
182 4
183 4
184 3
185 4
186 5
187 3
188 4
189 3
190 3
191 3
192 3
193 5
194 3
195 3
196 4
197 3
198 3
199 3
200 4
201 3
202 3
203 3
204 3
205 4
206 3
207 4
208 3
209 3
210 3
211 3
212 4
213 3
214 4
215 4
216 3
217 3
218 3
0 0 1
1 0 2
2 0 4
3 0 5
4 0 11
5 1 3
6 1 4
7 1 6
8 1 7
9 2 10
10 2 98
11 2 150
12 3 4
13 3 8
14 3 9
15 3 11
16 3 64
17 3 115
18 3 166
19 4 5
20 4 8
21 4 9
22 4 10
23 5 11
24 5 133
25 6 7
26 6 9
27 6 10
28 6 45
29 6 200
30 7 9
31 7 10
32 8 9
33 8 10
34 8 11
35 8 12
36 9 10
37 9 29
38 9 183
39 11 82
40 12 24
41 12 27
42 13 27
43 14 21
44 15 17
45 15 26
46 15 25
47 16 20
48 18 19
49 19 22
50 20 25
51 21 22
52 22 24
53 23 25
54 25 27
55 25 28
56 29 32
57 29 40
58 30 40
59 31 42
60 32 42
61 33 34
62 34 38
63 34 42
64 35 36
65 35 38
66 37 40
67 37 44
68 39 40
69 40 41
70 43 44
71 45 46
72 46 60
73 46 61
74 46 57
75 47 56
76 47 53
77 48 59
78 48 53
79 49 57
80 49 62
81 50 60
82 51 53
83 51 58
84 52 59
85 54 58
86 55 63
87 58 62
88 58 63
89 64 70
90 65 78
91 65 73
92 66 68
93 66 71
94 66 70
95 67 75
96 67 79
97 67 69
98 68 76
99 68 77
100 69 70
101 69 73
102 71 80
103 72 73
104 72 81
105 74 80
106 82 83
107 82 94
108 82 87
109 83 85
110 84 93
111 86 88
112 87 88
113 88 92
114 89 91
115 90 94
116 91 95
117 91 96
118 92 93
119 92 96
120 96 97
121 98 105
122 99 107
123 99 104
124 100 108
125 100 110
126 100 101
127 100 112
128 101 104
129 101 103
130 102 106
131 102 104
132 103 113
133 105 109
134 109 111
135 109 114
136 112 114
137 115 128
138 116 122
139 116 128
140 117 122
141 118 124
142 119 128
143 120 129
144 120 132
145 121 126
146 123 126
147 123 132
148 124 132
149 125 129
150 127 129
151 128 130
152 128 129
153 129 131
154 133 137
155 133 144
156 133 149
157 134 141
158 134 135
159 134 145
160 134 138
161 134 149
162 135 140
163 136 146
164 138 148
165 139 147
166 140 143
167 142 143
168 144 146
169 144 147
170 150 164
171 150 156
172 151 160
173 151 162
174 151 161
175 152 157
176 152 154
177 153 158
178 153 165
179 154 163
180 155 161
181 155 158
182 156 163
183 156 158
184 159 162
185 166 172
186 166 171
187 167 173
188 167 177
189 167 181
190 167 168
191 168 170
192 168 175
193 169 174
194 169 179
195 169 170
196 171 177
197 175 182
198 176 177
199 178 180
200 180 182
201 183 197
202 184 193
203 185 192
204 185 188
205 186 194
206 186 197
207 186 191
208 186 199
209 187 198
210 187 196
211 188 193
212 189 194
213 190 198
214 191 196
215 193 195
216 195 197
217 200 214
218 200 207
219 200 218
220 201 211
221 202 215
222 203 212
223 203 208
224 204 214
225 205 211
226 205 208
227 205 207
228 206 209
229 206 213
230 210 214
231 211 216
232 212 213
233 212 217
234 215 218
0 37 79
1 39 79
2 33 70
3 39 74
4 33 73
5 32 69
6 43 77
7 29 81
8 41 67
9 43 73
10 29 72
11 44 80
12 42 72
13 34 64
14 40 65
15 32 80
16 36 69
17 36 65
18 40 71
19 29 78
20 43 67
21 37 67
22 40 66
23 36 79
24 32 80
25 37 66
26 37 75
27 43 81
28 29 70
29 32 78
30 191 174
31 190 175
32 189 182
33 186 176
34 185 167
35 185 177
36 193 179
37 194 173
38 185 174
39 197 166
40 193 173
41 198 170
42 186 174
43 192 174
44 185 173
45 195 181
46 190 172
47 196 177
48 196 169
49 194 175
50 183 182
51 185 177
52 199 177
53 189 180
54 185 171
55 186 173
56 190 176
57 194 167
58 183 175
59 185 167
60 164 82
61 150 93
62 151 86
63 165 87
64 165 84
65 155 94
66 154 97
67 165 91
68 158 94
69 162 91
70 150 86
71 152 90
72 155 88
73 154 91
74 156 87
75 156 89
76 151 96
77 151 83
78 162 96
79 162 86
80 161 89
81 164 86
82 157 96
83 158 84
84 155 91
85 162 95
86 154 88
87 157 94
88 157 88
89 165 90
90 73 68
91 64 67
92 76 64
93 69 68
94 68 74
95 77 64
96 74 75
97 68 74
98 79 64
99 68 80
100 77 81
101 78 81
102 64 80
103 78 67
104 76 65
105 73 77
106 208 108
107 203 113
108 211 108
109 205 102
110 214 106
111 212 99
112 201 107
113 209 108
114 204 112
115 217 99
116 201 98
117 202 114
118 215 103
119 204 107
120 211 110
121 201 108
122 202 108
123 216 98
124 216 114
125 202 107
126 216 112
127 201 105
128 212 111
129 200 108
130 212 103
131 213 109
132 218 100
133 210 106
134 210 106
135 218 105
136 113 120
137 106 120
138 99 124
139 99 117
140 111 123
141 105 121
142 104 131
143 112 129
144 103 119
145 107 124
146 106 132
147 114 124
148 112 125
149 103 125
150 105 117
151 111 121
152 100 125
153 111 126
154 107 122
155 105 120
156 100 118
157 113 124
158 105 129
159 110 123
160 105 123
161 98 117
162 111 131
163 99 126
164 108 121
165 102 119
166 163 184
167 153 183
168 161 183
169 160 196
170 157 188
171 161 195
172 154 192
173 157 191
174 162 183
175 160 190
176 155 197
177 159 194
178 161 188
179 151 186
180 165 184
181 157 197
182 159 189
183 164 196
184 155 193
185 155 183
186 159 187
187 160 185
188 163 192
189 152 183
190 159 198
191 152 196
192 155 193
193 154 188
194 160 192
195 156 189
196 47 101
197 53 108
198 59 113
199 48 104
200 54 110
201 58 114
202 50 106
203 52 112
204 47 99
205 61 105
206 62 101
207 59 113
208 45 106
209 57 102
210 45 110
211 46 112
212 52 111
213 46 103
214 57 104
215 60 101
216 63 113
217 53 111
218 63 100
219 57 109
220 52 104
221 57 111
222 51 108
223 51 99
224 63 114
225 54 105
226 24 46
227 21 63
228 22 62
229 21 55
230 21 54
231 14 61
232 23 63
233 20 57
234 27 60
235 13 58
236 28 47
237 14 60
238 18 47
239 25 47
240 16 50
241 25 46
242 21 53
243 15 50
244 24 57
245 13 45
246 25 61
247 25 57
248 19 48
249 25 60
250 26 61
251 15 47
252 17 50
253 22 56
254 24 48
255 27 58
256 120 11
257 127 5
258 122 1
259 116 7
260 118 0
261 117 3
262 116 4
263 122 3
264 118 2
265 129 9
266 128 1
267 125 5
268 117 4
269 132 9
270 126 2
271 120 10
272 117 4
273 127 1
274 124 3
275 131 3
276 129 1
277 118 10
278 125 5
279 131 3
280 129 9
281 122 1
282 132 11
283 121 5
284 124 4
285 164 153
286 158 154
287 162 152
288 165 159
289 152 160
290 160 158
291 154 164
292 156 165
293 158 159
294 160 158
295 154 159
296 160 157
297 153 161
298 160 152
299 162 154
300 154 150
301 156 151
302 158 157
303 154 159
304 162 156
305 162 155
306 159 154
307 162 154
308 161 157
309 165 152
310 154 153
311 210 31
312 216 34
313 218 31
314 205 38
315 209 41
316 204 43
317 213 30
318 204 36
319 215 38
320 207 44
321 215 33
322 209 31
323 204 43
324 213 31
325 209 29
326 207 36
327 201 31
328 211 43
329 215 35
330 207 35
331 215 44
332 200 39
333 213 43
334 205 31
335 215 41
336 203 34
337 203 34
338 204 34
339 213 40
340 202 39
341 203 17
342 205 25
343 209 17
344 218 26
345 208 12
346 207 24
347 217 14
348 212 14
349 209 14
350 205 26
351 203 28
352 212 17
353 208 22
354 217 18
355 218 20
356 202 18
357 207 27
358 212 18
359 214 27
360 205 21
361 218 13
362 215 21
363 206 17
364 211 15
365 201 14
366 210 18
367 213 28
368 213 15
369 213 26
370 215 24
371 32 144
372 39 141
373 38 142
374 34 146
375 36 143
376 36 137
377 30 140
378 38 142
379 41 148
380 35 138
381 36 136
382 41 133
383 44 137
384 38 136
385 35 137
386 32 144
387 29 145
388 41 149
389 37 143
390 42 140
391 34 133
392 37 133
393 37 133
394 29 140
395 30 138
396 34 148
397 36 137
398 41 147
399 33 148
400 38 145
401 159 172
402 153 175
403 152 174
404 158 182
405 153 180
406 164 172
407 155 181
408 150 175
409 164 180
410 151 177
411 153 168
412 164 170
413 151 177
414 154 177
415 165 173
416 165 182
417 159 172
418 155 181
419 164 171
420 155 171
421 162 174
422 163 168
423 163 167
424 162 166
425 152 176
426 156 172
427 152 170
428 165 166
429 156 168
430 165 180
431 174 198
432 166 191
433 176 185
434 166 198
435 166 199
436 171 197
437 181 186
438 169 194
439 167 194
440 172 193
441 182 197
442 166 190
443 169 193
444 174 191
445 169 195
446 178 199
447 168 187
448 180 186
449 181 198
450 176 199
451 166 183
452 177 185
453 171 198
454 179 191
455 169 186
456 169 195
457 182 194
458 168 198
459 167 191
460 166 188
461 214 92
462 215 89
463 212 95
464 203 88
465 216 93
466 214 96
467 215 97
468 203 84
469 214 95
470 210 96
471 209 90
472 207 93
473 211 89
474 216 95
475 207 90
476 216 93
477 200 95
478 207 86
479 207 87
480 212 95
481 208 94
482 208 97
483 214 93
484 211 84
485 202 88
486 207 89
487 216 97
488 204 92
489 206 94
490 212 84
491 142 30
492 135 31
493 148 41
494 134 29
495 137 30
496 133 39
497 140 36
498 148 30
499 147 32
500 147 37
501 141 35
502 145 39
503 146 41
504 133 43
505 137 35
506 146 30
507 145 36
508 141 39
509 141 36
510 149 40
511 136 40
512 148 39
513 144 38
514 135 41
515 143 35
516 146 40
517 149 42
518 146 37
519 140 39
520 143 36
521 130 28
522 117 15
523 120 17
524 123 25
525 125 17
526 132 27
527 123 23
528 125 16
529 128 23
530 124 27
531 119 12
532 116 24
533 122 18
534 129 22
535 125 24
536 131 23
537 129 12
538 126 21
539 128 13
540 120 18
541 117 26
542 122 17
543 123 22
544 132 23
545 126 20
546 116 21
547 132 25
548 117 28
549 126 22
550 116 19
551 10 156
552 6 161
553 2 157
554 6 156
555 11 150
556 11 165
557 7 165
558 1 158
559 0 165
560 5 152
561 6 163
562 4 163
563 0 157
564 5 159
565 4 160
566 5 162
567 5 154
568 3 153
569 4 160
570 5 154
571 3 158
572 6 157
573 9 154
574 4 160
575 8 156
576 4 153
577 3 161
578 6 152
579 7 153
580 11 165
581 66 213
582 70 204
583 64 203
584 78 218
585 77 203
586 81 205
587 81 201
588 71 216
589 80 215
590 67 212
591 77 209
592 69 206
593 79 203
594 80 205
595 78 213
596 81 203
597 67 211
598 80 212
599 73 206
600 80 201
601 73 207
602 69 213
603 71 213
604 73 202
605 71 218
606 76 208
607 68 209
608 69 200
609 73 216
610 69 213
611 71 206
612 80 204
613 73 204
614 72 208
615 66 216
616 75 207
617 65 214
618 80 209
619 67 212
620 66 200
621 74 218
622 70 217
623 75 205
624 70 213
625 78 214
626 65 210
627 80 214
628 67 218
629 71 216
630 74 200
631 67 218
632 78 216
633 80 204
634 78 211
635 79 206
636 76 200
637 67 207
638 80 201
639 68 214
640 78 215
641 143 47
642 146 52
643 137 60
644 146 60
645 147 52
646 138 53
647 137 55
648 139 56
649 146 58
650 135 46
651 133 58
652 147 45
653 136 56
654 139 54
655 145 54
656 137 46
657 140 56
658 140 52
659 140 52
660 145 55
661 147 47
662 135 61
663 136 54
664 133 46
665 143 55
666 143 60
667 135 52
668 149 62
669 134 50
670 136 60
671 2 100
672 11 109
673 6 105
674 10 106
675 3 105
676 1 107
677 7 111
678 4 109
679 11 103
680 5 102
681 7 99
682 10 110
683 4 108
684 1 109
685 3 99
686 4 100
687 6 100
688 2 111
689 11 98
690 2 103
691 1 100
692 10 103
693 11 99
694 1 110
695 7 113
696 3 109
697 4 101
698 1 102
699 26 147
700 18 139
701 23 135
702 25 147
703 22 136
704 18 136
705 24 134
706 20 137
707 25 141
708 27 139
709 27 138
710 20 149
711 21 149
712 14 133
713 21 146
714 15 149
715 14 138
716 12 138
717 23 140
718 18 138
719 27 134
720 20 144
721 19 141
722 24 145
723 12 147
724 21 134
725 16 145
726 25 138
727 21 143
728 27 148
729 80 6
730 68 3
731 70 5
732 67 6
733 81 8
734 76 5
735 78 5
736 81 3
737 75 8
738 70 5
739 66 1
740 65 3
741 70 10
742 77 7
743 65 2
744 65 0
745 69 2
746 70 6
747 68 1
748 65 9
749 81 9
750 81 3
751 75 0
752 64 10
753 73 2
754 80 0
755 65 6
756 71 11
757 80 11
758 56 202
759 45 211
760 53 204
761 51 212
762 53 202
763 49 216
764 59 218
765 63 207
766 50 206
767 54 217
768 48 216
769 47 202
770 56 208
771 51 216
772 45 208
773 63 216
774 63 218
775 48 212
776 45 218
777 45 217
778 60 206
779 49 215
780 56 207
781 58 214
782 61 208
783 45 214
784 62 208
785 63 206
786 62 206
787 57 201
788 163 159
789 156 157
790 155 150
791 158 154
792 162 158
793 155 154
794 158 151
795 152 165
796 164 158
797 156 160
798 153 151
799 156 151
800 161 165
801 152 150
802 161 153
803 154 164
804 163 161
805 154 160
806 161 127
807 159 130
808 164 124
809 151 127
810 155 127
811 153 123
812 161 128
813 153 127
814 163 130
815 159 127
816 154 127
817 165 127
818 150 120
819 155 115
820 154 132
821 165 118
822 165 128
823 153 121
824 151 129
825 163 124
826 163 123
827 164 130
828 150 129
829 151 129
830 161 118
831 163 118
832 158 128
833 156 126
834 153 131
835 162 121
836 107 167
837 111 168
838 103 171
839 99 167
840 107 170
841 114 169
842 100 177
843 98 172
844 110 179
845 108 182
846 107 178
847 113 178
848 113 171
849 108 182
850 113 173
851 109 174
852 114 167
853 108 173
854 108 171
855 114 172
856 110 179
857 107 182
858 113 180
859 113 166
860 99 170
861 102 173
862 106 171
863 107 180
864 102 168
865 102 171
866 21 193
867 28 185
868 18 196
869 15 196
870 26 198
871 15 187
872 18 184
873 12 189
874 24 193
875 22 197
876 16 184
877 20 197
878 13 189
879 25 183
880 14 194
881 27 198
882 18 199
883 16 185
884 28 188
885 12 196
886 26 183
887 12 185
888 13 197
889 25 183
890 27 185
891 16 197
892 24 186
893 25 192
894 26 190
895 21 184
896 59 145
897 45 143
898 53 138
899 48 141
900 49 140
901 55 148
902 63 145
903 55 137
904 63 140
905 52 143
906 55 133
907 49 148
908 51 148
909 60 141
910 57 149
911 61 135
912 56 144
913 61 140
914 56 134
915 45 149
916 46 138
917 59 148
918 54 145
919 60 138
920 45 134
921 63 137
922 57 136
923 59 139
924 63 139
925 60 134
926 130 40
927 131 29
928 119 43
929 122 31
930 121 34
931 130 29
932 126 38
933 131 43
934 124 39
935 119 33
936 117 29
937 121 29
938 128 39
939 117 40
940 120 41
941 121 40
942 115 44
943 127 30
944 128 35
945 123 42
946 119 32
947 130 35
948 115 36
949 128 36
950 116 44
951 124 39
952 120 33
953 116 41
954 115 41
955 131 31
956 69 100
957 78 112
958 69 102
959 79 103
960 70 112
961 75 98
962 81 114
963 72 109
964 70 109
965 67 108
966 80 109
967 73 103
968 66 110
969 68 106
970 65 100
971 74 107
972 79 109
973 72 108
974 66 100
975 70 105
976 74 98
977 66 113
978 72 110
979 64 104
980 67 102
981 65 107
982 81 111
983 74 101
984 70 99
985 65 105
986 25 93
987 18 86
988 17 95
989 24 90
990 19 86
991 21 92
992 28 94
993 17 96
994 16 93
995 18 85
996 16 95
997 28 90
998 25 94
999 28 82
1000 22 95
1001 24 83
1002 20 90
1003 18 87
1004 27 84
1005 13 84
1006 22 91
1007 19 82
1008 16 82
1009 12 88
1010 22 83
1011 23 95
1012 21 82
1013 27 84
1014 18 85
1015 14 89
1016 38 98
1017 38 100
1018 31 111
1019 32 113
1020 40 102
1021 34 113
1022 29 99
1023 30 100
1024 40 103
1025 39 112
1026 43 99
1027 31 104
1028 41 101
1029 32 101
1030 44 99
1031 41 106
1032 41 112
1033 34 113
1034 43 101
1035 34 98
1036 43 101
1037 38 102
1038 43 109
1039 38 99
1040 39 103
1041 31 102
1042 29 98
1043 30 102
1044 36 111
1045 32 105
1046 174 58
1047 166 47
1048 166 50
1049 178 57
1050 170 60
1051 170 49
1052 180 54
1053 173 52
1054 170 61
1055 182 52
1056 174 60
1057 170 59
1058 174 55
1059 167 46
1060 173 46
1061 168 48
1062 179 62
1063 175 53
1064 179 46
1065 166 62
1066 179 63
1067 168 56
1068 171 58
1069 166 62
1070 168 55
1071 176 51
1072 180 50
1073 178 52
1074 173 52
1075 174 55
1076 8 123
1077 11 132
1078 9 117
1079 3 118
1080 6 127
1081 9 132
1082 10 118
1083 9 131
1084 8 116
1085 1 123
1086 11 116
1087 4 123
1088 4 123
1089 3 131
1090 5 132
1091 10 131
1092 2 123
1093 2 128
1094 5 119
1095 1 129
1096 10 123
1097 10 123
1098 0 129
1099 8 123
1100 7 115
1101 6 116
1102 10 119
1103 5 129
1104 3 124
1105 1 128
1106 204 58
1107 208 57
1108 207 54
1109 208 49
1110 218 50
1111 213 53
1112 204 49
1113 205 51
1114 211 48
1115 207 52
1116 210 60
1117 216 58
1118 214 58
1119 214 60
1120 213 45
1121 207 49
1122 205 54
1123 207 47
1124 204 48
1125 217 60
1126 204 54
1127 209 57
1128 202 59
1129 212 58
1130 209 56
1131 200 49
1132 201 62
1133 215 54
1134 216 50
1135 206 48
1136 196 55
1137 195 56
1138 198 58
1139 192 56
1140 186 60
1141 191 51
1142 198 52
1143 183 56
1144 197 49
1145 183 49
1146 187 63
1147 196 51
1148 198 61
1149 183 60
1150 194 54
1151 186 51
1152 190 60
1153 190 53
1154 195 49
1155 185 47
1156 199 57
1157 183 45
1158 188 46
1159 185 54
1160 191 57
1161 199 56
1162 197 52
1163 192 55
1164 194 63
1165 193 57
1166 37 8
1167 44 9
1168 44 0
1169 37 5
1170 44 8
1171 31 11
1172 34 5
1173 34 1
1174 37 7
1175 42 8
1176 34 1
1177 30 2
1178 32 11
1179 43 3
1180 37 5
1181 29 1
1182 39 2
1183 39 2
1184 33 3
1185 33 8
1186 40 10
1187 31 8
1188 29 1
1189 34 10
1190 44 1
1191 35 11
1192 205 30
1193 200 37
1194 214 31
1195 201 34
1196 211 30
1197 200 31
1198 204 42
1199 209 29
1200 214 42
1201 213 31
1202 218 37
1203 205 31
1204 202 30
1205 200 34
1206 208 41
1207 218 36
1208 203 42
1209 204 43
1210 206 37
1211 205 36
1212 213 40
1213 214 33
1214 200 41
1215 211 36
1216 217 35
1217 201 31
1218 208 34
1219 206 37
1220 216 32
1221 215 43
1222 35 215
1223 36 205
1224 36 214
1225 43 218
1226 39 209
1227 42 212
1228 32 206
1229 31 218
1230 33 202
1231 29 204
1232 43 213
1233 39 210
1234 29 217
1235 35 214
1236 40 218
1237 32 208
1238 41 214
1239 29 200
1240 39 214
1241 36 201
1242 44 217
1243 34 217
1244 43 217
1245 43 200
1246 29 215
1247 40 218
1248 29 211
1249 32 210
1250 41 215
1251 34 204
1252 139 54
1253 145 62
1254 135 61
1255 147 50
1256 141 57
1257 148 54
1258 142 51
1259 141 45
1260 137 53
1261 144 45
1262 149 47
1263 149 53
1264 147 57
1265 135 46
1266 149 57
1267 138 62
1268 141 60
1269 146 58
1270 135 51
1271 134 62
1272 141 53
1273 146 55
1274 143 46
1275 140 55
1276 138 61
1277 143 46
1278 139 54
1279 136 51
1280 134 55
1281 143 54
1282 174 133
1283 167 138
1284 175 144
1285 168 143
1286 170 142
1287 167 137
1288 176 135
1289 172 147
1290 175 135
1291 170 139
1292 180 148
1293 179 148
1294 176 146
1295 170 138
1296 170 134
1297 177 134
1298 169 147
1299 180 148
1300 172 141
1301 182 149
1302 170 149
1303 178 141
1304 173 149
1305 166 134
1306 181 144
1307 175 138
1308 182 148
1309 180 145
1310 177 136
1311 182 148
1312 15 117
1313 20 120
1314 24 130
1315 17 115
1316 28 126
1317 21 125
1318 13 131
1319 12 126
1320 22 118
1321 16 128
1322 15 118
1323 22 115
1324 19 115
1325 23 115
1326 26 121
1327 13 117
1328 12 115
1329 28 122
1330 15 118
1331 12 131
1332 21 127
1333 19 131
1334 18 127
1335 21 122
1336 18 132
1337 23 124
1338 22 125
1339 22 118
1340 17 130
1341 21 130
1342 184 31
1343 183 34
1344 184 37
1345 184 38
1346 197 41
1347 188 31
1348 191 43
1349 195 39
1350 193 33
1351 195 39
1352 193 40
1353 196 34
1354 194 39
1355 184 41
1356 187 40
1357 185 37
1358 192 39
1359 184 38
1360 190 29
1361 183 37
1362 189 34
1363 186 36
1364 188 41
1365 199 34
1366 195 41
1367 197 34
1368 198 38
1369 195 29
1370 184 30
1371 188 35
1372 5 148
1373 1 135
1374 3 140
1375 4 147
1376 4 142
1377 10 140
1378 1 137
1379 6 144
1380 10 135
1381 10 145
1382 0 146
1383 7 149
1384 10 146
1385 1 133
1386 5 143
1387 3 148
1388 9 135
1389 7 134
1390 0 139
1391 10 147
1392 9 145
1393 8 135
1394 5 148
1395 4 139
1396 9 147
1397 1 147
1398 8 136
1399 8 133
1400 2 137
1401 1 135
1402 111 133
1403 110 135
1404 109 136
1405 99 145
1406 104 133
1407 108 140
1408 104 136
1409 108 137
1410 111 145
1411 103 148
1412 99 133
1413 114 147
1414 112 144
1415 104 149
1416 104 142
1417 103 143
1418 102 141
1419 113 133
1420 101 145
1421 112 141
1422 110 133
1423 109 144
1424 111 139
1425 106 144
1426 101 148
1427 103 139
1428 111 138
1429 98 139
1430 111 141
1431 111 135
1432 201 90
1433 215 97
1434 202 91
1435 208 82
1436 203 95
1437 213 86
1438 201 91
1439 208 83
1440 215 90
1441 211 87
1442 206 89
1443 215 92
1444 217 88
1445 212 94
1446 208 90
1447 203 89
1448 202 87
1449 200 87
1450 208 83
1451 204 84
1452 205 92
1453 212 83
1454 208 91
1455 209 95
1456 217 85
1457 202 96
1458 213 84
1459 214 84
1460 208 88
1461 202 92
1462 97 208
1463 97 209
1464 89 206
1465 89 211
1466 86 201
1467 83 211
1468 91 211
1469 85 204
1470 90 204
1471 89 217
1472 95 202
1473 87 210
1474 86 207
1475 93 202
1476 88 201
1477 82 203
1478 93 203
1479 95 214
1480 88 215
1481 87 214
1482 83 206
1483 94 208
1484 83 208
1485 92 202
1486 90 208
1487 92 217
1488 97 204
1489 94 217
1490 89 208
1491 89 215
1492 31 140
1493 44 142
1494 35 143
1495 38 147
1496 42 136
1497 31 144
1498 42 137
1499 41 148
1500 40 141
1501 39 137
1502 33 137
1503 40 145
1504 38 149
1505 41 146
1506 35 141
1507 34 133
1508 34 149
1509 34 133
1510 35 137
1511 31 145
1512 33 144
1513 30 137
1514 33 139
1515 34 135
1516 29 133
1517 30 139
1518 32 133
1519 30 140
1520 42 136
1521 37 141
1522 176 59
1523 167 47
1524 180 48
1525 170 61
1526 182 51
1527 176 53
1528 168 49
1529 172 61
1530 169 50
1531 171 46
1532 177 58
1533 170 48
1534 182 51
1535 170 61
1536 181 55
1537 170 56
1538 182 63
1539 171 46
1540 172 53
1541 170 60
1542 166 46
1543 169 58
1544 174 45
1545 174 56
1546 176 56
1547 169 47
1548 169 58
1549 177 61
1550 167 60
1551 180 55
1552 129 90
1553 116 95
1554 120 97
1555 117 95
1556 118 83
1557 123 89
1558 122 88
1559 126 95
1560 132 91
1561 125 86
1562 129 92
1563 126 89
1564 127 95
1565 120 93
1566 123 85
1567 119 88
1568 126 82
1569 131 88
1570 128 95
1571 118 87
1572 129 84
1573 131 88
1574 132 85
1575 120 90
1576 125 84
1577 118 86
1578 131 82
1579 120 87
1580 125 86
1581 116 89
1582 83 210
1583 82 214
1584 95 201
1585 91 216
1586 97 215
1587 85 215
1588 89 204
1589 91 205
1590 87 215
1591 89 200
1592 93 214
1593 96 203
1594 90 207
1595 83 207
1596 94 212
1597 95 211
1598 91 215
1599 90 215
1600 85 203
1601 84 216
1602 85 215
1603 86 203
1604 95 209
1605 94 214
1606 94 201
1607 87 214
1608 84 208
1609 87 201
1610 89 213
1611 90 213
1612 209 84
1613 203 85
1614 216 94
1615 213 82
1616 206 87
1617 216 86
1618 202 86
1619 205 90
1620 206 97
1621 208 93
1622 207 82
1623 217 91
1624 205 96
1625 208 88
1626 213 96
1627 214 94
1628 208 86
1629 204 88
1630 204 96
1631 213 82
1632 201 97
1633 211 86
1634 209 91
1635 217 96
1636 214 97
1637 217 92
1638 217 83
1639 204 95
1640 200 96
1641 201 88
1642 191 144
1643 190 139
1644 184 143
1645 197 144
1646 199 139
1647 196 145
1648 198 146
1649 187 137
1650 197 149
1651 193 135
1652 183 146
1653 185 144
1654 198 143
1655 196 141
1656 186 136
1657 190 138
1658 198 136
1659 191 149
1660 188 146
1661 193 133
1662 191 145
1663 196 149
1664 192 146
1665 184 149
1666 196 147
1667 183 146
1668 194 145
1669 197 146
1670 184 136
1671 191 135
1672 126 52
1673 122 61
1674 130 60
1675 117 61
1676 116 61
1677 126 63
1678 122 52
1679 119 53
1680 124 59
1681 128 47
1682 130 56
1683 115 57
1684 119 62
1685 125 49
1686 122 45
1687 116 49
1688 132 46
1689 131 61
1690 127 50
1691 118 57
1692 117 51
1693 123 63
1694 127 62
1695 122 46
1696 126 61
1697 124 48
1698 131 56
1699 127 48
1700 124 45
1701 122 59
1702 29 70
1703 43 77
1704 30 77
1705 42 67
1706 44 78
1707 41 77
1708 31 64
1709 30 67
1710 29 71
1711 30 75
1712 44 67
1713 34 81
1714 41 65
1715 41 78
1716 39 66
1717 39 64
1718 40 76
1719 38 73
1720 39 74
1721 41 78
1722 30 81
1723 41 79
1724 42 72
1725 36 64
1726 37 65
1727 31 81
1728 32 70
1729 39 70
1730 30 66
1731 32 73
1732 183 112
1733 185 113
1734 196 112
1735 184 107
1736 196 100
1737 195 111
1738 188 101
1739 192 104
1740 199 114
1741 193 102
1742 185 113
1743 186 102
1744 198 110
1745 196 114
1746 193 111
1747 186 103
1748 188 103
1749 185 108
1750 194 109
1751 195 99
1752 194 106
1753 191 102
1754 188 101
1755 190 105
1756 193 100
1757 193 104
1758 186 107
1759 193 113
1760 186 104
1761 194 103
1762 35 148
1763 34 143
1764 30 137
1765 36 139
1766 40 135
1767 38 149
1768 33 141
1769 30 141
1770 31 138
1771 31 140
1772 42 144
1773 43 143
1774 32 147
1775 41 143
1776 29 146
1777 32 138
1778 39 141
1779 29 139
1780 29 137
1781 34 137
1782 29 144
1783 43 148
1784 31 138
1785 43 147
1786 36 134
1787 29 137
1788 30 136
1789 41 133
1790 37 140
1791 39 149
1792 101 136
1793 108 149
1794 104 141
1795 101 136
1796 109 141
1797 109 135
1798 104 146
1799 99 135
1800 105 138
1801 107 149
1802 114 137
1803 102 138
1804 112 148
1805 108 138
1806 110 142
1807 99 137
1808 104 148
1809 104 138
1810 98 147
1811 101 147
1812 108 142
1813 114 145
1814 113 142
1815 102 146
1816 106 139
1817 111 142
1818 114 147
1819 104 137
1820 110 145
1821 104 147
1822 200 195
1823 200 189
1824 203 196
1825 218 183
1826 209 186
1827 217 185
1828 209 194
1829 216 189
1830 208 186
1831 207 198
1832 204 195
1833 205 187
1834 217 199
1835 217 185
1836 203 193
1837 217 190
1838 212 191
1839 213 196
1840 212 198
1841 212 191
1842 215 185
1843 201 187
1844 210 196
1845 207 197
1846 210 192
1847 203 185
1848 207 183
1849 204 189
1850 217 191
1851 218 195
1852 128 16
1853 116 13
1854 126 25
1855 120 23
1856 128 12
1857 123 16
1858 128 20
1859 128 23
1860 122 19
1861 119 20
1862 129 21
1863 121 17
1864 120 16
1865 126 22
1866 123 23
1867 121 21
1868 119 19
1869 132 12
1870 118 18
1871 123 12
1872 119 20
1873 122 23
1874 123 18
1875 122 25
1876 132 24
1877 126 26
1878 115 28
1879 119 25
1880 115 27
1881 119 28
1882 160 200
1883 155 216
1884 155 213
1885 156 211
1886 159 215
1887 154 201
1888 161 208
1889 155 212
1890 152 217
1891 164 211
1892 163 213
1893 161 212
1894 155 205
1895 158 200
1896 157 201
1897 157 200
1898 161 215
1899 151 205
1900 159 208
1901 156 214
1902 151 211
1903 157 215
1904 161 214
1905 154 211
1906 164 214
1907 151 209
1908 157 204
1909 160 208
1910 163 217
1911 164 217
1912 82 35
1913 95 41
1914 90 34
1915 97 42
1916 83 43
1917 95 44
1918 93 30
1919 86 44
1920 85 29
1921 83 41
1922 95 33
1923 83 40
1924 89 33
1925 84 42
1926 92 38
1927 92 33
1928 94 35
1929 93 32
1930 83 43
1931 97 37
1932 96 31
1933 91 43
1934 91 43
1935 89 41
1936 90 34
1937 95 42
1938 90 37
1939 84 38
1940 92 37
1941 83 31
1942 81 110
1943 64 102
1944 69 108
1945 75 110
1946 68 103
1947 77 107
1948 74 107
1949 68 106
1950 77 103
1951 74 111
1952 64 114
1953 80 108
1954 65 110
1955 81 108
1956 66 109
1957 67 106
1958 75 106
1959 64 104
1960 70 98
1961 73 114
1962 76 113
1963 69 99
1964 74 112
1965 70 102
1966 64 105
1967 78 106
1968 73 106
1969 75 104
1970 76 114
1971 80 110
1972 173 195
1973 166 185
1974 181 191
1975 168 186
1976 182 184
1977 181 196
1978 177 197
1979 180 185
1980 178 190
1981 182 185
1982 167 188
1983 175 183
1984 169 185
1985 177 184
1986 176 185
1987 176 195
1988 168 191
1989 170 187
1990 175 197
1991 173 192
1992 167 199
1993 166 199
1994 169 193
1995 176 194
1996 168 186
1997 167 186
1998 175 197
1999 167 194
2000 166 198
2001 181 199
2002 13 187
2003 27 198
2004 27 193
2005 20 195
2006 21 184
2007 20 198
2008 27 184
2009 23 190
2010 14 188
2011 17 192
2012 13 185
2013 27 195
2014 28 188
2015 16 195
2016 22 196
2017 14 191
2018 13 197
2019 13 195
2020 14 195
2021 18 195
2022 13 194
2023 22 186
2024 12 187
2025 15 188
2026 15 188
2027 25 190
2028 18 186
2029 17 199
2030 14 184
2031 20 183
2032 98 171
2033 101 170
2034 113 178
2035 104 174
2036 104 172
2037 102 169
2038 102 177
2039 105 180
2040 110 182
2041 102 172
2042 113 177
2043 104 174
2044 101 168
2045 101 180
2046 100 173
2047 111 166
2048 107 182
2049 113 182
2050 102 172
2051 110 168
2052 109 166
2053 111 177
2054 101 175
2055 105 169
2056 104 172
2057 110 171
2058 99 182
2059 108 176
2060 101 169
2061 112 169
2062 17 115
2063 16 115
2064 22 126
2065 16 118
2066 19 124
2067 27 119
2068 20 126
2069 15 126
2070 18 118
2071 14 127
2072 14 126
2073 27 123
2074 14 115
2075 23 115
2076 22 117
2077 28 117
2078 25 126
2079 21 123
2080 22 122
2081 27 127
2082 20 132
2083 16 127
2084 17 121
2085 27 128
2086 23 132
2087 27 125
2088 18 120
2089 26 130
2090 17 124
2091 23 131
2092 16 157
2093 17 156
2094 16 161
2095 15 157
2096 15 165
2097 25 158
2098 13 150
2099 13 150
2100 23 152
2101 25 161
2102 19 157
2103 19 156
2104 18 154
2105 24 156
2106 17 160
2107 26 161
2108 12 164
2109 17 162
2110 13 157
2111 19 165
2112 12 165
2113 18 153
2114 15 154
2115 27 161
2116 14 161
2117 16 158
2118 16 152
2119 27 157
2120 26 159
2121 21 159
2122 127 157
2123 119 163
2124 127 163
2125 122 159
2126 122 162
2127 126 159
2128 119 161
2129 115 155
2130 115 157
2131 124 155
2132 119 160
2133 119 152
2134 130 160
2135 124 165
2136 126 152
2137 127 151
2138 123 165
2139 126 161
2140 127 154
2141 121 164
2142 122 162
2143 130 156
2144 130 156
2145 122 154
2146 120 156
2147 130 156
2148 118 160
2149 117 159
2150 117 154
2151 124 165
2152 59 7
2153 46 5
2154 47 11
2155 50 1
2156 45 2
2157 59 10
2158 46 1
2159 48 6
2160 61 1
2161 51 8
2162 48 3
2163 54 10
2164 61 7
2165 47 0
2166 57 2
2167 52 11
2168 53 0
2169 60 0
2170 59 6
2171 51 8
2172 51 10
2173 56 1
2174 45 3
2175 46 0
2176 63 1
2177 53 11
2178 58 11
2179 53 5
2180 117 125
2181 118 119
2182 123 125
2183 117 125
2184 130 124
2185 125 115
2186 127 117
2187 120 119
2188 123 129
2189 126 115
2190 122 118
2191 120 116
2192 117 119
2193 123 119
2194 131 117
2195 123 117
2196 117 126
2197 119 118
2198 131 115
2199 125 117
2200 127 117
2201 4 176
2202 0 176
2203 4 182
2204 2 170
2205 2 180
2206 11 171
2207 9 179
2208 1 174
2209 5 173
2210 3 175
2211 9 171
2212 6 171
2213 9 169
2214 11 178
2215 4 167
2216 7 171
2217 8 180
2218 8 175
2219 0 169
2220 4 178
2221 9 168
2222 10 180
2223 4 173
2224 4 172
2225 1 173
2226 6 176
2227 10 181
2228 11 168
2229 178 136
2230 176 148
2231 179 134
2232 179 143
2233 173 144
2234 169 140
2235 172 145
2236 180 134
2237 170 148
2238 171 149
2239 168 143
2240 182 134
2241 169 148
2242 179 134
2243 181 137
2244 176 134
2245 170 134
2246 182 137
2247 172 149
2248 181 144
2249 166 148
2250 180 140
2251 169 136
2252 181 143
2253 180 134
2254 169 149
2255 169 139
2256 181 147
2257 176 133
2258 178 139
2259 143 202
2260 146 210
2261 137 209
2262 140 204
2263 145 213
2264 133 205
2265 134 210
2266 137 216
2267 133 213
2268 136 203
2269 142 211
2270 135 204
2271 149 216
2272 137 210
2273 139 203
2274 137 200
2275 138 216
2276 139 208
2277 147 205
2278 139 214
2279 147 202
2280 146 209
2281 133 217
2282 133 215
2283 136 212
2284 146 207
2285 140 217
2286 138 206
2287 137 210
2288 144 203
2289 126 116
2290 123 117
2291 125 130
2292 123 127
2293 127 121
2294 127 116
2295 123 129
2296 122 119
2297 120 116
2298 123 115
2299 117 130
2300 116 124
2301 125 116
2302 126 116
2303 121 118
2304 128 118
2305 131 126
2306 87 137
2307 82 148
2308 83 138
2309 90 136
2310 89 135
2311 85 143
2312 96 149
2313 82 139
2314 96 145
2315 96 135
2316 84 136
2317 82 146
2318 87 139
2319 87 138
2320 97 140
2321 82 146
2322 83 141
2323 87 136
2324 89 147
2325 82 135
2326 97 135
2327 87 140
2328 87 137
2329 94 145
2330 83 146
2331 90 144
2332 86 148
2333 94 148
2334 82 145
2335 88 137
2336 3 53
2337 0 59
2338 5 54
2339 0 60
2340 11 45
2341 9 47
2342 10 58
2343 0 58
2344 3 54
2345 11 62
2346 4 49
2347 3 58
2348 2 45
2349 0 53
2350 8 55
2351 5 58
2352 4 51
2353 10 52
2354 6 63
2355 1 53
2356 5 56
2357 3 53
2358 9 52
2359 0 51
2360 2 56
2361 1 54
2362 4 55
2363 1 48
2364 123 159
2365 122 158
2366 121 157
2367 121 162
2368 124 161
2369 128 154
2370 126 150
2371 117 155
2372 121 158
2373 122 150
2374 124 164
2375 116 150
2376 123 155
2377 118 151
2378 125 164
2379 125 164
2380 124 155
2381 120 154
2382 131 156
2383 120 161
2384 130 163
2385 121 162
2386 129 164
2387 121 160
2388 120 153
2389 116 157
2390 119 165
2391 129 164
2392 119 162
2393 129 159
2394 78 48
2395 64 49
2396 64 50
2397 73 56
2398 64 56
2399 67 53
2400 79 52
2401 70 46
2402 71 54
2403 65 45
2404 78 52
2405 64 47
2406 67 63
2407 79 47
2408 66 59
2409 65 63
2410 66 59
2411 77 60
2412 81 48
2413 76 54
2414 65 52
2415 64 51
2416 81 57
2417 68 61
2418 64 60
2419 72 52
2420 71 53
2421 71 57
2422 81 50
2423 64 59
2424 145 39
2425 136 31
2426 139 43
2427 141 37
2428 144 36
2429 149 37
2430 146 40
2431 139 33
2432 149 43
2433 134 39
2434 146 38
2435 141 29
2436 140 39
2437 134 40
2438 135 31
2439 145 34
2440 142 44
2441 148 43
2442 133 32
2443 144 37
2444 142 37
2445 140 41
2446 134 44
2447 145 37
2448 147 33
2449 147 29
2450 144 41
2451 141 31
2452 149 29
2453 139 37
2454 152 25
2455 162 17
2456 161 13
2457 154 17
2458 151 19
2459 164 17
2460 161 23
2461 159 19
2462 159 23
2463 158 17
2464 157 15
2465 164 28
2466 156 23
2467 153 25
2468 160 27
2469 161 13
2470 150 25
2471 159 12
2472 153 27
2473 160 24
2474 159 21
2475 163 23
2476 160 26
2477 162 24
2478 165 13
2479 157 16
2480 154 26
2481 152 23
2482 159 16
2483 163 18
2484 190 206
2485 195 203
2486 194 218
2487 186 200
2488 192 203
2489 190 216
2490 187 210
2491 195 210
2492 184 212
2493 199 202
2494 197 217
2495 189 209
2496 188 217
2497 186 204
2498 187 210
2499 199 202
2500 197 201
2501 184 201
2502 192 211
2503 188 215
2504 198 217
2505 194 200
2506 185 217
2507 198 210
2508 186 218
2509 192 203
2510 188 217
2511 186 216
2512 186 205
2513 186 200
2514 196 6
2515 196 10
2516 190 8
2517 185 10
2518 184 1
2519 197 8
2520 192 2
2521 196 6
2522 186 2
2523 199 10
2524 192 6
2525 185 11
2526 190 0
2527 183 1
2528 194 0
2529 186 5
2530 188 3
2531 185 10
2532 196 8
2533 197 1
2534 188 4
2535 189 1
2536 195 6
2537 196 9
2538 197 7
2539 188 8
2540 195 0
2541 192 7
2542 192 10
2543 79 15
2544 80 22
2545 67 23
2546 80 25
2547 81 23
2548 71 12
2549 75 13
2550 72 24
2551 78 12
2552 73 21
2553 70 24
2554 73 27
2555 72 19
2556 77 14
2557 69 27
2558 73 24
2559 75 24
2560 68 20
2561 68 23
2562 78 21
2563 75 15
2564 72 22
2565 65 20
2566 71 17
2567 79 17
2568 73 17
2569 67 19
2570 75 20
2571 76 24
2572 69 28
2573 206 182
2574 203 178
2575 202 167
2576 208 178
2577 200 175
2578 211 179
2579 217 170
2580 210 166
2581 201 179
2582 217 177
2583 205 177
2584 218 167
2585 205 181
2586 202 174
2587 210 174
2588 209 168
2589 213 170
2590 207 170
2591 213 175
2592 214 172
2593 201 182
2594 214 174
2595 201 173
2596 208 175
2597 204 166
2598 214 174
2599 214 176
2600 209 181
2601 202 179
2602 217 173
2603 194 71
2604 190 66
2605 188 69
2606 187 81
2607 183 70
2608 193 76
2609 197 76
2610 197 76
2611 199 81
2612 197 66
2613 196 76
2614 197 68
2615 184 69
2616 188 64
2617 192 78
2618 192 67
2619 195 67
2620 197 78
2621 193 67
2622 185 80
2623 188 74
2624 195 66
2625 196 73
2626 190 75
2627 199 75
2628 199 81
2629 194 67
2630 189 81
2631 189 73
2632 188 72
2633 2 74
2634 4 72
2635 7 79
2636 10 76
2637 8 67
2638 1 77
2639 10 75
2640 0 64
2641 9 69
2642 10 68
2643 8 79
2644 5 64
2645 5 72
2646 11 68
2647 10 81
2648 8 66
2649 4 76
2650 2 67
2651 7 74
2652 8 69
2653 3 68
2654 9 71
2655 5 65
2656 8 68
2657 8 69
2658 11 66
2659 2 65
2660 6 71
2661 9 74
2662 168 63
2663 177 46
2664 173 53
2665 182 51
2666 175 57
2667 170 55
2668 177 57
2669 178 52
2670 176 63
2671 169 57
2672 169 62
2673 182 54
2674 177 52
2675 168 62
2676 170 49
2677 170 59
2678 178 55
2679 170 56
2680 178 55
2681 180 60
2682 179 56
2683 175 56
2684 180 51
2685 166 60
2686 178 60
2687 171 50
2688 171 63
2689 180 57
2690 170 53
2691 180 59
2692 105 142
2693 110 136
2694 110 138
2695 112 142
2696 111 136
2697 107 146
2698 107 134
2699 100 143
2700 105 141
2701 105 147
2702 109 138
2703 109 143
2704 113 149
2705 99 136
2706 103 134
2707 101 143
2708 102 144
2709 110 148
2710 111 143
2711 110 144
2712 101 136
2713 104 149
2714 111 146
2715 112 148
2716 106 149
2717 107 143
2718 110 149
2719 108 137
2720 114 137
2721 114 135
2722 95 93
2723 93 94
2724 91 94
2725 95 82
2726 92 85
2727 94 86
2728 88 89
2729 89 85
2730 85 87
2731 87 90
2732 89 87
2733 91 85
2734 87 96
2735 97 83
2736 91 87
2737 90 83
2738 89 97
2739 84 85
2740 86 82
2741 86 96
2742 84 83
2743 204 6
2744 212 5
2745 215 2
2746 201 5
2747 216 4
2748 203 9
2749 208 10
2750 203 5
2751 204 1
2752 211 1
2753 215 6
2754 216 7
2755 206 3
2756 215 5
2757 213 3
2758 208 5
2759 217 3
2760 206 11
2761 203 3
2762 212 0
2763 211 0
2764 206 0
2765 212 8
2766 217 1
2767 202 0
2768 210 7
2769 200 5
2770 213 1
2771 54 157
2772 50 157
2773 55 161
2774 62 161
2775 49 153
2776 53 165
2777 51 151
2778 56 158
2779 63 157
2780 59 153
2781 58 153
2782 46 160
2783 46 162
2784 62 160
2785 46 165
2786 49 155
2787 55 164
2788 48 159
2789 46 157
2790 50 161
2791 59 155
2792 62 150
2793 56 157
2794 57 161
2795 47 160
2796 49 162
2797 47 154
2798 55 161
2799 49 151
2800 50 158
2801 210 206
2802 209 216
2803 201 210
2804 206 204
2805 201 203
2806 210 207
2807 208 200
2808 210 201
2809 213 216
2810 213 215
2811 203 215
2812 209 217
2813 211 217
2814 209 214
2815 200 212
2816 207 212
2817 203 202
2818 210 211
2819 212 207
2820 215 203
2821 210 217
2822 202 213
2823 80 100
2824 71 110
2825 71 102
2826 76 104
2827 68 107
2828 74 111
2829 65 99
2830 70 112
2831 68 105
2832 67 105
2833 72 110
2834 75 110
2835 81 102
2836 71 108
2837 74 112
2838 73 112
2839 72 112
2840 80 100
2841 64 114
2842 69 106
2843 68 103
2844 72 108
2845 68 114
2846 77 100
2847 71 110
2848 80 99
2849 75 109
2850 78 113
2851 77 106
2852 80 114
2853 96 4
2854 93 5
2855 91 0
2856 86 9
2857 95 9
2858 84 4
2859 93 5
2860 87 9
2861 95 5
2862 93 3
2863 93 8
2864 86 11
2865 96 4
2866 88 11
2867 92 8
2868 85 9
2869 93 8
2870 83 0
2871 96 0
2872 87 8
2873 85 0
2874 96 11
2875 90 0
2876 93 2
2877 88 5
2878 85 3
2879 176 108
2880 176 112
2881 171 98
2882 173 98
2883 171 112
2884 171 113
2885 172 106
2886 173 99
2887 178 113
2888 176 107
2889 179 103
2890 172 104
2891 171 113
2892 180 104
2893 181 112
2894 174 104
2895 166 111
2896 168 114
2897 167 103
2898 176 114
2899 180 104
2900 179 113
2901 169 113
2902 174 110
2903 166 98
2904 175 107
2905 178 110
2906 172 104
2907 171 110
2908 181 110
