258 279 10 2919
0 6
1 9
2 8
3 7
4 7
5 8
6 8
7 8
8 8
9 5
10 7
11 7
12 3
13 4
14 3
15 4
16 3
17 4
18 3
19 3
20 4
21 3
22 3
23 4
24 3
25 4
26 6
27 3
28 3
29 3
30 3
31 5
32 3
33 7
34 3
35 3
36 3
37 3
38 5
39 3
40 3
41 3
42 3
43 4
44 4
45 3
46 3
47 5
48 3
49 5
50 3
51 3
52 3
53 3
54 3
55 3
56 3
57 3
58 3
59 3
60 3
61 4
62 3
63 4
64 3
65 3
66 5
67 5
68 3
69 4
70 4
71 3
72 5
73 3
74 3
75 3
76 3
77 4
78 4
79 3
80 3
81 4
82 3
83 3
84 3
85 3
86 3
87 3
88 3
89 3
90 4
91 3
92 3
93 4
94 3
95 4
96 4
97 3
98 3
99 3
100 4
101 3
102 4
103 3
104 3
105 3
106 3
107 5
108 3
109 3
110 3
111 3
112 3
113 4
114 5
115 3
116 3
117 4
118 3
119 4
120 3
121 3
122 3
123 3
124 3
125 4
126 3
127 3
128 3
129 4
130 3
131 3
132 3
133 3
134 4
135 3
136 3
137 3
138 4
139 3
140 3
141 3
142 4
143 3
144 3
145 3
146 5
147 3
148 3
149 3
150 3
151 3
152 4
153 3
154 3
155 3
156 3
157 3
158 4
159 3
160 3
161 3
162 3
163 6
164 3
165 3
166 4
167 3
168 4
169 3
170 3
171 3
172 5
173 3
174 4
175 4
176 3
177 3
178 3
179 5
180 4
181 4
182 5
183 3
184 4
185 6
186 3
187 3
188 3
189 3
190 3
191 3
192 3
193 3
194 4
195 3
196 3
197 3
198 5
199 3
200 3
201 4
202 3
203 4
204 4
205 3
206 3
207 6
208 4
209 3
210 4
211 4
212 3
213 3
214 4
215 3
216 4
217 4
218 3
219 3
220 3
221 3
222 3
223 5
224 3
225 3
226 3
227 3
228 3
229 3
230 3
231 4
232 3
233 4
234 3
235 3
236 5
237 3
238 3
239 6
240 3
241 5
242 3
243 5
244 4
245 3
246 5
247 4
248 3
249 3
250 3
251 4
252 3
253 3
254 3
255 3
256 3
257 4
0 0 1
1 0 4
2 0 5
3 0 6
4 0 8
5 0 9
6 1 3
7 1 4
8 1 6
9 1 8
10 1 10
11 1 11
12 1 85
13 2 4
14 2 5
15 2 7
16 2 8
17 2 10
18 2 67
19 3 4
20 3 6
21 3 7
22 3 8
23 3 9
24 3 11
25 4 5
26 4 29
27 5 6
28 5 8
29 5 11
30 5 105
31 5 139
32 6 12
33 6 210
34 7 10
35 7 11
36 7 120
37 7 159
38 7 192
39 8 10
40 8 11
41 9 10
42 9 48
43 9 175
44 10 11
45 10 227
46 11 243
47 12 22
48 13 18
49 13 28
50 14 26
51 15 20
52 15 23
53 16 19
54 16 26
55 17 25
56 17 23
57 18 26
58 20 27
59 21 23
60 22 25
61 23 28
62 24 26
63 29 38
64 30 43
65 31 34
66 31 41
67 31 44
68 32 36
69 32 41
70 33 42
71 33 43
72 33 44
73 33 38
74 33 47
75 35 44
76 37 47
77 38 45
78 39 44
79 40 43
80 46 47
81 48 59
82 48 52
83 49 53
84 49 61
85 49 63
86 50 62
87 50 64
88 50 66
89 51 61
90 52 57
91 52 58
92 54 60
93 55 65
94 55 64
95 56 66
96 58 65
97 60 61
98 63 66
99 67 74
100 67 77
101 67 78
102 67 81
103 68 69
104 69 77
105 70 79
106 70 82
107 70 71
108 71 83
109 71 72
110 72 73
111 72 81
112 74 76
113 75 81
114 78 80
115 81 84
116 85 99
117 85 86
118 86 97
119 87 104
120 88 93
121 89 100
122 89 90
123 90 104
124 91 94
125 92 96
126 92 102
127 93 102
128 93 101
129 94 103
130 95 101
131 95 103
132 95 100
133 96 98
134 96 97
135 105 111
136 106 107
137 107 116
138 107 108
139 108 109
140 109 115
141 109 111
142 110 113
143 111 114
144 112 113
145 113 117
146 114 118
147 114 119
148 117 119
149 120 137
150 120 133
151 121 138
152 122 129
153 123 124
154 123 136
155 125 134
156 125 132
157 126 131
158 126 135
159 127 129
160 127 130
161 128 135
162 128 138
163 129 132
164 130 133
165 133 135
166 134 136
167 139 155
168 139 157
169 140 147
170 141 151
171 142 144
172 142 156
173 142 146
174 143 146
175 143 148
176 145 153
177 145 155
178 146 147
179 146 150
180 148 152
181 149 151
182 149 152
183 152 154
184 154 158
185 157 158
186 159 172
187 159 162
188 160 174
189 161 166
190 162 174
191 163 168
192 163 170
193 163 171
194 163 174
195 164 167
196 165 166
197 165 172
198 167 169
199 167 168
200 172 173
201 175 179
202 175 191
203 176 178
204 176 184
205 177 188
206 179 187
207 179 182
208 180 188
209 180 185
210 181 186
211 181 189
212 181 185
213 182 184
214 182 183
215 183 185
216 185 190
217 192 202
218 193 208
219 194 200
220 194 207
221 194 204
222 195 207
223 196 209
224 197 207
225 198 201
226 198 206
227 198 205
228 198 208
229 199 201
230 202 203
231 203 207
232 204 205
233 208 209
234 210 220
235 210 226
236 211 222
237 211 213
238 212 213
239 213 214
240 214 215
241 214 225
242 216 224
243 216 217
244 217 219
245 218 221
246 219 223
247 221 226
248 223 225
249 223 226
250 227 235
251 227 236
252 228 237
253 228 239
254 229 239
255 230 231
256 231 238
257 231 233
258 231 236
259 232 241
260 233 239
261 234 241
262 236 241
263 239 240
264 241 242
265 243 249
266 243 250
267 243 247
268 244 248
269 244 255
270 244 257
271 245 246
272 246 253
273 246 256
274 246 255
275 247 251
276 250 252
277 251 257
278 254 257
0 145 4
1 155 0
2 150 8
3 141 8
4 148 7
5 158 10
6 149 8
7 155 4
8 154 11
9 149 10
10 158 8
11 158 2
12 151 1
13 154 5
14 149 11
15 143 8
16 142 11
17 141 11
18 155 8
19 148 9
20 144 9
21 157 10
22 144 11
23 155 11
24 148 7
25 153 6
26 156 7
27 148 1
28 157 1
29 58 109
30 57 106
31 57 118
32 51 117
33 66 114
34 66 118
35 55 107
36 54 119
37 60 115
38 53 108
39 59 115
40 54 111
41 59 110
42 56 113
43 64 108
44 64 107
45 59 112
46 56 111
47 64 114
48 66 119
49 48 115
50 60 106
51 53 113
52 50 107
53 49 106
54 48 114
55 64 112
56 65 113
57 61 109
58 50 118
59 79 72
60 69 73
61 84 74
62 68 73
63 83 79
64 76 78
65 72 69
66 69 76
67 73 75
68 79 68
69 77 79
70 82 78
71 72 69
72 80 70
73 73 69
74 68 72
75 83 77
76 70 84
77 69 75
78 20 13
79 17 26
80 26 12
81 24 21
82 23 22
83 18 22
84 19 14
85 27 13
86 14 20
87 27 14
88 20 24
89 19 28
90 26 20
91 26 27
92 27 14
93 18 27
94 15 14
95 19 25
96 21 14
97 26 22
98 20 13
99 16 13
100 18 122
101 17 128
102 27 137
103 28 128
104 20 122
105 14 138
106 14 135
107 28 135
108 14 137
109 13 131
110 20 137
111 14 136
112 22 120
113 26 137
114 15 123
115 15 131
116 19 133
117 26 123
118 24 124
119 12 130
120 21 131
121 18 132
122 20 138
123 21 138
124 22 135
125 28 125
126 25 130
127 16 120
128 14 135
129 22 125
130 15 16
131 17 13
132 13 24
133 26 21
134 24 21
135 24 25
136 12 23
137 23 16
138 22 28
139 13 12
140 26 25
141 16 13
142 20 18
143 12 17
144 14 17
145 21 24
146 27 17
147 21 18
148 21 19
149 233 19
150 228 26
151 233 12
152 228 27
153 235 23
154 236 25
155 237 18
156 234 18
157 230 27
158 236 19
159 228 12
160 229 15
161 236 12
162 230 20
163 241 27
164 241 23
165 231 18
166 230 26
167 240 18
168 227 17
169 241 24
170 235 23
171 240 24
172 229 14
173 230 28
174 229 27
175 231 25
176 235 23
177 242 21
178 235 27
179 77 136
180 78 134
181 67 135
182 69 123
183 83 138
184 81 125
185 77 124
186 69 135
187 71 127
188 84 122
189 80 128
190 74 130
191 75 122
192 75 124
193 73 122
194 75 128
195 84 137
196 69 124
197 81 138
198 72 132
199 67 122
200 71 127
201 84 131
202 82 121
203 78 136
204 71 135
205 75 128
206 83 129
207 74 138
208 76 126
209 113 115
210 107 118
211 112 109
212 110 108
213 118 112
214 116 109
215 106 115
216 110 119
217 108 105
218 107 113
219 109 117
220 112 109
221 113 111
222 109 112
223 113 106
224 108 117
225 117 118
226 110 118
227 107 119
228 114 110
229 117 109
230 112 91
231 110 94
232 114 88
233 112 94
234 118 101
235 105 88
236 109 99
237 115 102
238 112 100
239 113 93
240 117 85
241 109 104
242 108 91
243 118 90
244 106 95
245 108 104
246 117 97
247 110 97
248 107 95
249 109 88
250 109 92
251 109 97
252 116 98
253 110 86
254 109 95
255 105 100
256 108 98
257 108 95
258 118 86
259 108 88
260 223 160
261 221 162
262 225 160
263 211 170
264 211 173
265 217 167
266 216 160
267 220 169
268 218 171
269 210 163
270 223 174
271 219 174
272 216 160
273 224 168
274 216 160
275 222 163
276 218 167
277 226 164
278 226 161
279 217 161
280 226 174
281 213 165
282 226 165
283 210 168
284 223 161
285 218 163
286 217 163
287 211 165
288 226 161
289 214 163
290 163 148
291 171 147
292 163 142
293 171 157
294 161 153
295 170 144
296 169 147
297 174 157
298 160 140
299 172 142
300 173 155
301 171 151
302 172 141
303 165 143
304 161 156
305 165 152
306 161 157
307 159 157
308 172 143
309 162 152
310 171 143
311 168 148
312 168 153
313 169 143
314 162 146
315 174 158
316 170 148
317 166 154
318 170 151
319 170 154
320 195 143
321 193 139
322 192 157
323 203 143
324 202 151
325 203 149
326 194 150
327 209 141
328 206 142
329 207 140
330 197 150
331 207 151
332 193 141
333 193 145
334 203 157
335 197 155
336 192 144
337 206 140
338 192 146
339 207 150
340 197 140
341 193 141
342 205 151
343 202 152
344 192 147
345 204 150
346 192 152
347 204 143
348 206 143
349 208 149
350 77 150
351 77 144
352 68 142
353 73 151
354 75 155
355 83 155
356 79 154
357 78 155
358 83 143
359 82 158
360 78 147
361 72 144
362 80 144
363 68 142
364 72 141
365 79 149
366 74 139
367 82 143
368 72 144
369 79 158
370 74 145
371 76 148
372 83 152
373 71 145
374 83 156
375 79 151
376 67 145
377 83 152
378 78 141
379 70 155
380 132 197
381 134 200
382 136 203
383 121 203
384 123 209
385 127 195
386 120 208
387 124 203
388 129 199
389 131 200
390 128 192
391 121 196
392 133 202
393 131 198
394 125 201
395 134 204
396 123 193
397 132 204
398 135 196
399 125 204
400 131 204
401 131 196
402 124 195
403 131 209
404 124 208
405 137 208
406 122 193
407 134 201
408 121 199
409 126 205
410 69 183
411 84 182
412 72 177
413 84 178
414 79 186
415 68 178
416 74 191
417 69 178
418 74 175
419 83 179
420 71 184
421 79 177
422 77 190
423 83 183
424 81 179
425 76 181
426 83 180
427 73 178
428 73 185
429 77 190
430 76 180
431 79 189
432 72 181
433 74 190
434 74 187
435 76 184
436 73 189
437 83 178
438 70 180
439 80 190
440 18 45
441 27 29
442 17 46
443 12 44
444 23 40
445 24 34
446 19 38
447 18 42
448 25 33
449 16 43
450 13 32
451 14 36
452 23 43
453 18 38
454 24 35
455 18 42
456 20 43
457 20 41
458 18 44
459 28 43
460 15 39
461 16 37
462 19 32
463 12 42
464 21 45
465 24 46
466 26 36
467 26 38
468 26 37
469 12 41
470 86 7
471 88 11
472 97 3
473 95 0
474 89 1
475 98 2
476 86 3
477 93 0
478 98 9
479 95 4
480 96 7
481 95 8
482 90 9
483 104 1
484 98 0
485 104 10
486 85 7
487 88 5
488 104 3
489 92 9
490 92 11
491 86 10
492 88 4
493 95 4
494 95 9
495 104 3
496 99 6
497 93 3
498 92 11
499 36 6
500 40 10
501 34 11
502 30 4
503 33 3
504 43 6
505 43 2
506 32 8
507 30 8
508 33 9
509 37 4
510 37 11
511 39 3
512 45 9
513 35 0
514 30 2
515 34 10
516 47 7
517 38 11
518 31 6
519 38 3
520 40 7
521 29 7
522 38 7
523 36 10
524 37 5
525 46 6
526 43 3
527 76 93
528 79 97
529 83 104
530 72 100
531 71 86
532 83 86
533 72 96
534 77 104
535 67 103
536 83 85
537 79 102
538 78 88
539 76 90
540 76 88
541 81 103
542 68 95
543 82 99
544 74 101
545 72 103
546 67 94
547 76 100
548 81 92
549 77 96
550 78 103
551 74 96
552 81 90
553 78 88
554 73 86
555 76 96
556 83 89
557 46 224
558 46 223
559 36 219
560 36 223
561 30 217
562 38 222
563 30 213
564 46 221
565 31 217
566 35 218
567 41 226
568 42 216
569 36 220
570 40 219
571 35 214
572 33 219
573 36 210
574 45 222
575 33 224
576 39 214
577 41 213
578 37 222
579 35 219
580 46 217
581 33 215
582 35 217
583 40 224
584 37 213
585 29 213
586 43 221
587 182 68
588 183 84
589 191 84
590 177 72
591 186 67
592 183 72
593 188 84
594 184 83
595 178 73
596 175 74
597 178 75
598 189 81
599 183 75
600 190 73
601 175 70
602 189 82
603 190 67
604 180 71
605 191 78
606 179 78
607 181 81
608 178 71
609 190 73
610 176 69
611 187 69
612 177 69
613 185 82
614 179 80
615 175 82
616 189 72
617 100 150
618 104 148
619 89 151
620 103 147
621 92 149
622 97 151
623 99 154
624 93 148
625 104 144
626 90 143
627 91 140
628 97 140
629 86 156
630 100 143
631 101 145
632 99 153
633 93 146
634 88 144
635 100 150
636 94 158
637 102 146
638 91 151
639 102 151
640 92 144
641 94 146
642 104 158
643 90 151
644 87 154
645 102 146
646 87 153
647 108 202
648 119 199
649 119 204
650 110 196
651 105 207
652 118 209
653 107 192
654 115 192
655 112 208
656 112 196
657 106 207
658 106 209
659 108 208
660 116 192
661 116 192
662 109 207
663 113 202
664 107 201
665 106 203
666 115 203
667 113 197
668 111 195
669 112 195
670 105 209
671 113 197
672 106 207
673 107 201
674 116 209
675 112 192
676 116 196
677 73 213
678 70 221
679 70 224
680 71 223
681 75 221
682 67 226
683 83 215
684 83 224
685 69 221
686 71 221
687 71 211
688 78 222
689 77 222
690 78 216
691 79 219
692 83 212
693 75 215
694 72 219
695 84 214
696 81 219
697 84 219
698 84 221
699 68 218
700 68 213
701 79 218
702 69 213
703 69 226
704 71 217
705 71 221
706 79 215
707 35 138
708 47 123
709 44 123
710 29 135
711 39 127
712 46 123
713 47 137
714 39 130
715 30 134
716 31 121
717 33 132
718 43 128
719 42 120
720 41 138
721 45 126
722 30 136
723 40 135
724 33 135
725 33 129
726 35 121
727 46 127
728 35 126
729 39 133
730 42 120
731 46 132
732 40 124
733 37 131
734 44 137
735 40 125
736 37 137
737 180 230
738 184 237
739 191 236
740 176 239
741 191 236
742 179 235
743 189 230
744 184 238
745 188 236
746 179 232
747 185 240
748 185 233
749 182 240
750 180 235
751 190 240
752 180 228
753 181 241
754 186 236
755 182 228
756 185 231
757 187 231
758 181 241
759 188 242
760 189 241
761 181 239
762 188 230
763 180 227
764 177 235
765 190 239
766 180 236
767 207 91
768 194 98
769 197 101
770 199 85
771 195 95
772 209 101
773 200 104
774 205 88
775 204 102
776 196 86
777 202 96
778 199 98
779 209 90
780 200 93
781 202 91
782 208 99
783 200 101
784 205 86
785 208 95
786 196 97
787 192 100
788 199 88
789 206 91
790 204 90
791 204 89
792 194 90
793 207 95
794 197 96
795 207 102
796 200 93
797 8 177
798 3 186
799 0 181
800 1 182
801 9 189
802 8 177
803 4 180
804 5 190
805 8 182
806 6 185
807 8 189
808 8 183
809 5 190
810 8 178
811 8 187
812 5 183
813 9 177
814 0 178
815 0 188
816 5 177
817 5 176
818 9 181
819 11 187
820 2 182
821 3 180
822 9 180
823 7 190
824 4 181
825 52 75
826 59 76
827 62 75
828 63 71
829 62 67
830 60 68
831 62 78
832 58 70
833 59 73
834 62 81
835 52 70
836 49 76
837 50 71
838 65 82
839 50 84
840 65 77
841 53 77
842 53 81
843 64 73
844 49 83
845 55 69
846 52 79
847 61 83
848 60 69
849 53 80
850 61 76
851 58 76
852 56 71
853 60 70
854 53 72
855 91 138
856 90 130
857 101 138
858 104 135
859 97 128
860 95 135
861 97 138
862 92 132
863 99 133
864 91 127
865 90 121
866 96 129
867 94 121
868 94 138
869 101 125
870 98 122
871 101 130
872 90 123
873 99 132
874 92 122
875 85 122
876 89 126
877 100 137
878 94 123
879 88 136
880 91 122
881 101 120
882 101 137
883 87 138
884 104 124
885 204 48
886 192 51
887 200 52
888 205 57
889 203 57
890 209 48
891 200 48
892 208 66
893 197 65
894 197 53
895 196 48
896 208 66
897 195 61
898 195 65
899 209 64
900 208 62
901 196 61
902 201 61
903 197 62
904 200 64
905 204 65
906 193 61
907 201 55
908 197 60
909 192 49
910 208 56
911 197 50
912 195 61
913 198 55
914 203 62
915 249 29
916 254 35
917 257 36
918 256 31
919 245 47
920 243 38
921 244 38
922 253 34
923 256 30
924 247 36
925 251 34
926 243 47
927 253 45
928 254 29
929 253 31
930 248 47
931 251 40
932 252 40
933 249 47
934 255 37
935 251 46
936 246 31
937 243 44
938 247 39
939 248 41
940 257 35
941 256 37
942 246 40
943 248 45
944 248 32
945 243 37
946 244 29
947 247 38
948 257 40
949 243 34
950 257 45
951 252 29
952 245 46
953 253 45
954 257 44
955 254 33
956 256 46
957 246 32
958 245 44
959 253 39
960 253 44
961 253 31
962 246 33
963 246 33
964 254 47
965 249 32
966 249 32
967 252 29
968 253 44
969 257 34
970 249 42
971 257 42
972 254 35
973 244 32
974 250 35
975 174 241
976 167 235
977 163 238
978 159 228
979 170 234
980 162 238
981 161 235
982 162 233
983 162 230
984 174 233
985 173 238
986 170 233
987 162 241
988 169 227
989 160 229
990 167 234
991 174 228
992 163 232
993 160 238
994 173 234
995 173 228
996 163 227
997 169 240
998 165 239
999 169 234
1000 173 229
1001 169 242
1002 167 233
1003 165 233
1004 162 241
1005 232 203
1006 235 206
1007 241 209
1008 232 209
1009 240 202
1010 237 195
1011 241 194
1012 235 198
1013 231 198
1014 236 209
1015 230 207
1016 234 205
1017 234 203
1018 228 196
1019 228 204
1020 227 205
1021 242 192
1022 227 196
1023 228 207
1024 242 201
1025 242 202
1026 231 198
1027 228 193
1028 235 209
1029 236 201
1030 233 201
1031 239 202
1032 233 195
1033 240 193
1034 227 200
1035 98 7
1036 91 8
1037 92 6
1038 100 5
1039 102 11
1040 87 3
1041 97 9
1042 89 2
1043 104 3
1044 100 2
1045 94 0
1046 91 1
1047 89 6
1048 99 7
1049 92 7
1050 88 1
1051 98 3
1052 92 3
1053 90 9
1054 97 7
1055 86 6
1056 86 7
1057 100 9
1058 98 7
1059 95 0
1060 98 10
1061 99 8
1062 87 0
1063 99 6
1064 230 77
1065 239 67
1066 239 67
1067 235 70
1068 235 83
1069 229 71
1070 241 77
1071 240 80
1072 240 80
1073 231 80
1074 238 68
1075 242 68
1076 238 72
1077 242 72
1078 227 83
1079 237 70
1080 237 71
1081 234 80
1082 232 83
1083 237 73
1084 240 75
1085 234 74
1086 237 73
1087 230 67
1088 227 69
1089 233 69
1090 235 80
1091 239 81
1092 236 80
1093 230 69
1094 17 128
1095 27 131
1096 21 126
1097 12 121
1098 15 125
1099 12 127
1100 21 122
1101 22 129
1102 28 131
1103 28 130
1104 19 135
1105 25 124
1106 26 131
1107 20 133
1108 17 126
1109 23 131
1110 20 130
1111 25 129
1112 26 129
1113 23 120
1114 15 137
1115 12 135
1116 14 128
1117 26 124
1118 12 126
1119 27 132
1120 26 126
1121 14 137
1122 14 133
1123 18 126
1124 245 68
1125 257 84
1126 252 72
1127 257 81
1128 250 84
1129 252 70
1130 257 77
1131 244 81
1132 248 79
1133 257 83
1134 251 74
1135 252 84
1136 247 72
1137 248 73
1138 252 70
1139 252 67
1140 251 76
1141 247 83
1142 245 72
1143 256 75
1144 245 80
1145 251 77
1146 247 70
1147 246 84
1148 255 80
1149 244 84
1150 257 67
1151 251 76
1152 254 68
1153 243 70
1154 100 214
1155 98 222
1156 91 219
1157 93 213
1158 90 210
1159 101 214
1160 86 223
1161 92 210
1162 88 210
1163 101 220
1164 94 224
1165 100 216
1166 90 211
1167 89 213
1168 88 213
1169 96 225
1170 95 212
1171 101 210
1172 96 216
1173 103 224
1174 96 215
1175 93 226
1176 90 225
1177 88 216
1178 103 219
1179 90 214
1180 96 226
1181 101 221
1182 98 212
1183 100 218
1184 114 164
1185 107 162
1186 106 169
1187 115 166
1188 113 162
1189 111 169
1190 116 170
1191 115 162
1192 113 169
1193 110 164
1194 109 171
1195 117 159
1196 113 174
1197 118 159
1198 119 163
1199 117 160
1200 114 166
1201 114 171
1202 119 161
1203 114 164
1204 110 169
1205 107 174
1206 119 164
1207 109 163
1208 110 162
1209 115 166
1210 118 168
1211 119 159
1212 114 159
1213 117 167
1214 179 228
1215 186 232
1216 190 230
1217 184 240
1218 183 230
1219 179 228
1220 185 229
1221 179 237
1222 178 236
1223 189 236
1224 183 230
1225 179 237
1226 190 240
1227 186 240
1228 182 236
1229 176 236
1230 191 233
1231 191 241
1232 188 238
1233 182 242
1234 191 229
1235 177 239
1236 181 237
1237 189 242
1238 191 240
1239 187 227
1240 175 230
1241 177 242
1242 189 239
1243 186 238
1244 66 201
1245 65 208
1246 64 204
1247 66 193
1248 62 200
1249 59 207
1250 65 200
1251 65 200
1252 52 203
1253 62 199
1254 65 205
1255 49 204
1256 52 208
1257 63 202
1258 57 204
1259 57 208
1260 54 204
1261 66 193
1262 52 198
1263 48 198
1264 60 207
1265 59 205
1266 53 196
1267 58 207
1268 51 197
1269 54 206
1270 54 197
1271 50 195
1272 55 195
1273 50 194
1274 104 54
1275 95 60
1276 94 53
1277 96 56
1278 98 57
1279 87 53
1280 93 56
1281 85 60
1282 86 61
1283 90 59
1284 92 62
1285 96 49
1286 87 59
1287 94 52
1288 86 48
1289 102 63
1290 101 52
1291 98 59
1292 93 64
1293 98 50
1294 95 58
1295 87 64
1296 100 63
1297 101 50
1298 96 54
1299 99 54
1300 102 54
1301 98 59
1302 92 48
1303 94 55
1304 254 114
1305 243 112
1306 252 110
1307 255 109
1308 246 109
1309 255 109
1310 253 110
1311 249 107
1312 249 115
1313 246 115
1314 246 118
1315 253 113
1316 252 108
1317 253 115
1318 251 113
1319 243 114
1320 254 106
1321 249 117
1322 243 118
1323 254 113
1324 244 118
1325 247 116
1326 252 117
1327 253 115
1328 244 119
1329 256 107
1330 246 108
1331 245 114
1332 253 110
1333 250 106
1334 240 120
1335 233 127
1336 231 135
1337 229 120
1338 238 127
1339 242 137
1340 237 131
1341 241 138
1342 230 138
1343 231 122
1344 231 137
1345 240 120
1346 233 123
1347 229 134
1348 234 138
1349 229 133
1350 236 135
1351 234 126
1352 232 124
1353 232 130
1354 236 126
1355 227 121
1356 228 134
1357 235 126
1358 227 126
1359 241 134
1360 237 121
1361 236 124
1362 241 128
1363 230 122
1364 10 74
1365 1 69
1366 8 79
1367 7 82
1368 6 71
1369 10 68
1370 1 84
1371 2 76
1372 2 70
1373 1 74
1374 5 69
1375 9 72
1376 7 68
1377 4 79
1378 6 78
1379 7 81
1380 11 67
1381 5 70
1382 3 79
1383 8 78
1384 1 73
1385 6 82
1386 1 68
1387 3 83
1388 5 76
1389 1 83
1390 8 78
1391 10 82
1392 5 69
1393 1 78
1394 167 117
1395 168 110
1396 174 109
1397 173 105
1398 171 113
1399 162 116
1400 167 108
1401 161 114
1402 170 113
1403 159 111
1404 159 112
1405 174 117
1406 172 108
1407 161 109
1408 164 112
1409 159 106
1410 161 115
1411 170 119
1412 169 111
1413 166 116
1414 166 110
1415 169 115
1416 171 115
1417 168 114
1418 169 107
1419 162 116
1420 166 114
1421 173 108
1422 171 108
1423 165 113
1424 156 136
1425 158 123
1426 147 132
1427 157 121
1428 152 122
1429 150 127
1430 155 127
1431 154 134
1432 145 121
1433 147 136
1434 141 138
1435 150 137
1436 154 138
1437 140 129
1438 151 128
1439 140 122
1440 144 126
1441 139 121
1442 151 128
1443 148 121
1444 145 121
1445 142 131
1446 157 129
1447 146 134
1448 148 135
1449 158 126
1450 140 127
1451 152 137
1452 144 120
1453 147 136
1454 71 149
1455 83 144
1456 77 151
1457 82 140
1458 84 143
1459 84 141
1460 84 151
1461 75 141
1462 72 144
1463 67 145
1464 77 143
1465 79 152
1466 80 152
1467 73 143
1468 77 146
1469 78 155
1470 80 139
1471 69 158
1472 71 147
1473 67 155
1474 71 140
1475 72 157
1476 70 139
1477 80 154
1478 76 145
1479 72 154
1480 70 144
1481 72 152
1482 81 157
1483 79 143
1484 40 2
1485 41 3
1486 45 2
1487 39 9
1488 29 7
1489 39 2
1490 39 5
1491 44 5
1492 42 9
1493 47 4
1494 42 4
1495 30 8
1496 30 6
1497 40 10
1498 29 6
1499 34 2
1500 37 8
1501 39 7
1502 34 11
1503 33 4
1504 35 1
1505 37 7
1506 38 9
1507 44 9
1508 47 2
1509 31 2
1510 41 6
1511 43 9
1512 44 4
1513 41 9
1514 109 246
1515 117 252
1516 109 253
1517 109 251
1518 109 252
1519 112 252
1520 109 257
1521 117 248
1522 117 248
1523 106 257
1524 116 250
1525 112 255
1526 108 252
1527 106 245
1528 105 250
1529 107 244
1530 107 249
1531 117 245
1532 106 243
1533 105 253
1534 108 244
1535 108 247
1536 110 251
1537 119 247
1538 118 254
1539 108 250
1540 117 257
1541 117 244
1542 113 256
1543 107 254
1544 169 16
1545 173 17
1546 160 22
1547 163 24
1548 163 20
1549 167 17
1550 159 17
1551 168 18
1552 173 23
1553 160 22
1554 165 21
1555 159 14
1556 160 20
1557 170 26
1558 166 15
1559 160 18
1560 173 19
1561 170 17
1562 164 21
1563 163 23
1564 171 21
1565 161 17
1566 170 21
1567 163 27
1568 160 23
1569 171 12
1570 169 27
1571 172 16
1572 163 17
1573 171 28
1574 112 103
1575 119 91
1576 111 90
1577 117 101
1578 117 95
1579 108 93
1580 114 93
1581 108 101
1582 112 86
1583 107 91
1584 116 103
1585 115 90
1586 105 88
1587 110 89
1588 119 90
1589 112 90
1590 106 91
1591 119 94
1592 110 89
1593 110 89
1594 119 93
1595 116 92
1596 113 90
1597 110 88
1598 116 99
1599 113 91
1600 114 90
1601 108 88
1602 112 98
1603 118 96
1604 110 118
1605 111 116
1606 106 110
1607 116 113
1608 112 119
1609 118 113
1610 111 117
1611 105 115
1612 115 117
1613 113 108
1614 119 116
1615 105 112
1616 112 111
1617 107 112
1618 108 117
1619 118 116
1620 109 118
1621 105 113
1622 116 114
1623 113 108
1624 73 210
1625 84 212
1626 83 210
1627 69 214
1628 67 224
1629 78 225
1630 76 210
1631 72 213
1632 72 217
1633 79 211
1634 80 217
1635 75 222
1636 84 218
1637 67 226
1638 81 217
1639 68 224
1640 76 220
1641 78 212
1642 79 217
1643 69 213
1644 69 221
1645 77 212
1646 76 226
1647 74 222
1648 81 222
1649 77 213
1650 75 214
1651 81 224
1652 72 222
1653 81 223
1654 230 248
1655 238 254
1656 236 248
1657 234 247
1658 242 251
1659 233 246
1660 231 249
1661 241 254
1662 238 251
1663 229 247
1664 238 257
1665 237 245
1666 233 257
1667 227 246
1668 228 252
1669 233 246
1670 234 244
1671 228 253
1672 234 244
1673 238 257
1674 230 248
1675 232 254
1676 241 249
1677 229 254
1678 235 256
1679 233 254
1680 241 248
1681 229 251
1682 232 245
1683 239 243
1684 142 8
1685 147 1
1686 140 11
1687 152 10
1688 148 7
1689 152 8
1690 154 4
1691 148 4
1692 148 8
1693 154 7
1694 158 9
1695 146 11
1696 147 4
1697 153 7
1698 151 3
1699 156 10
1700 151 8
1701 144 10
1702 147 11
1703 158 4
1704 143 1
1705 158 2
1706 153 4
1707 150 9
1708 141 8
1709 146 11
1710 145 6
1711 154 1
1712 74 109
1713 73 114
1714 67 112
1715 82 109
1716 76 108
1717 84 106
1718 71 111
1719 79 106
1720 71 107
1721 84 115
1722 75 110
1723 71 105
1724 79 115
1725 84 105
1726 84 118
1727 68 109
1728 81 111
1729 76 112
1730 81 112
1731 76 112
1732 72 105
1733 79 111
1734 67 109
1735 82 116
1736 73 114
1737 70 112
1738 67 110
1739 70 110
1740 69 112
1741 79 119
1742 128 61
1743 135 62
1744 123 66
1745 126 65
1746 129 53
1747 135 66
1748 137 66
1749 124 49
1750 138 56
1751 138 48
1752 127 59
1753 130 62
1754 134 50
1755 136 54
1756 131 58
1757 134 58
1758 126 48
1759 123 49
1760 128 57
1761 136 58
1762 130 55
1763 121 64
1764 138 65
1765 124 51
1766 127 62
1767 120 58
1768 134 56
1769 126 60
1770 127 55
1771 131 50
1772 148 24
1773 156 16
1774 153 23
1775 146 24
1776 143 18
1777 155 21
1778 141 15
1779 141 20
1780 151 14
1781 142 23
1782 151 27
1783 141 20
1784 156 28
1785 153 23
1786 143 23
1787 152 25
1788 143 20
1789 142 22
1790 139 24
1791 154 23
1792 146 12
1793 158 21
1794 139 27
1795 147 24
1796 146 13
1797 155 25
1798 155 12
1799 146 14
1800 144 22
1801 146 15
1802 167 252
1803 172 251
1804 167 246
1805 166 248
1806 160 246
1807 170 244
1808 165 255
1809 171 251
1810 166 245
1811 170 253
1812 168 248
1813 166 256
1814 162 245
1815 174 257
1816 167 252
1817 162 252
1818 170 251
1819 169 243
1820 166 244
1821 170 243
1822 173 246
1823 166 256
1824 163 252
1825 165 257
1826 168 253
1827 173 255
1828 169 254
1829 163 245
1830 174 250
1831 167 243
1832 169 23
1833 170 21
1834 174 22
1835 172 16
1836 174 15
1837 169 13
1838 165 13
1839 173 27
1840 164 12
1841 172 12
1842 170 25
1843 159 23
1844 160 20
1845 171 22
1846 159 14
1847 159 23
1848 162 25
1849 170 19
1850 168 19
1851 166 28
1852 169 18
1853 164 18
1854 174 27
1855 171 24
1856 174 21
1857 161 18
1858 170 19
1859 165 21
1860 168 15
1861 168 22
1862 106 117
1863 113 106
1864 108 105
1865 110 107
1866 117 109
1867 105 119
1868 113 109
1869 113 116
1870 106 110
1871 118 109
1872 105 117
1873 107 119
1874 107 105
1875 118 110
1876 105 110
1877 118 110
1878 114 106
1879 111 110
1880 106 110
1881 105 116
1882 110 116
1883 207 223
1884 209 218
1885 201 217
1886 192 213
1887 199 214
1888 193 219
1889 193 213
1890 209 212
1891 201 220
1892 206 223
1893 197 211
1894 202 223
1895 193 217
1896 206 212
1897 206 212
1898 197 222
1899 204 210
1900 204 218
1901 193 215
1902 201 212
1903 198 213
1904 205 212
1905 196 212
1906 206 213
1907 192 216
1908 207 213
1909 206 214
1910 198 215
1911 194 221
1912 197 222
1913 17 245
1914 18 244
1915 18 245
1916 28 243
1917 12 244
1918 23 257
1919 17 248
1920 18 250
1921 26 251
1922 18 251
1923 17 247
1924 19 247
1925 12 253
1926 12 255
1927 28 248
1928 13 252
1929 19 245
1930 18 251
1931 18 251
1932 26 255
1933 24 252
1934 23 253
1935 23 245
1936 15 250
1937 14 254
1938 18 256
1939 12 249
1940 12 254
1941 20 252
1942 15 243
1943 166 146
1944 164 141
1945 173 155
1946 172 149
1947 167 146
1948 166 141
1949 165 154
1950 174 155
1951 160 139
1952 159 145
1953 171 149
1954 159 142
1955 161 143
1956 172 148
1957 160 146
1958 167 158
1959 174 149
1960 164 155
1961 169 157
1962 169 147
1963 170 150
1964 172 150
1965 164 158
1966 168 149
1967 174 146
1968 165 155
1969 172 151
1970 170 147
1971 172 149
1972 172 151
1973 89 67
1974 85 72
1975 91 83
1976 98 74
1977 101 74
1978 93 79
1979 89 77
1980 86 84
1981 96 72
1982 100 77
1983 90 72
1984 100 79
1985 104 73
1986 98 79
1987 92 72
1988 96 73
1989 87 78
1990 95 81
1991 94 67
1992 87 78
1993 91 69
1994 98 74
1995 102 78
1996 98 79
1997 98 73
1998 85 74
1999 102 82
2000 97 67
2001 89 68
2002 88 71
2003 141 42
2004 157 38
2005 148 36
2006 156 32
2007 153 37
2008 140 41
2009 139 38
2010 158 30
2011 158 43
2012 150 31
2013 142 44
2014 144 42
2015 158 38
2016 140 42
2017 144 41
2018 148 40
2019 152 47
2020 154 31
2021 153 31
2022 150 47
2023 140 46
2024 144 32
2025 148 45
2026 143 43
2027 154 41
2028 149 44
2029 155 46
2030 139 34
2031 154 29
2032 139 40
2033 148 176
2034 145 188
2035 154 186
2036 155 189
2037 152 186
2038 157 175
2039 139 182
2040 153 179
2041 157 175
2042 148 177
2043 147 186
2044 155 183
2045 151 188
2046 147 189
2047 145 182
2048 150 188
2049 153 188
2050 141 177
2051 158 179
2052 157 188
2053 142 191
2054 146 185
2055 142 184
2056 149 177
2057 145 189
2058 145 183
2059 146 187
2060 144 180
2061 158 191
2062 149 177
2063 119 14
2064 111 16
2065 106 26
2066 119 22
2067 106 26
2068 116 12
2069 115 13
2070 117 15
2071 110 13
2072 113 16
2073 118 18
2074 118 18
2075 113 21
2076 118 22
2077 118 12
2078 113 14
2079 106 21
2080 118 27
2081 108 19
2082 119 14
2083 105 25
2084 113 13
2085 117 22
2086 111 15
2087 114 28
2088 109 23
2089 119 12
2090 116 17
2091 106 23
2092 117 14
2093 68 70
2094 72 76
2095 72 80
2096 68 82
2097 82 83
2098 75 74
2099 71 84
2100 79 76
2101 82 74
2102 79 77
2103 70 81
2104 79 84
2105 73 78
2106 70 68
2107 79 67
2108 82 67
2109 83 74
2110 79 67
2111 255 94
2112 251 91
2113 254 92
2114 255 88
2115 252 87
2116 249 89
2117 244 88
2118 247 99
2119 244 96
2120 253 85
2121 257 89
2122 244 93
2123 251 100
2124 250 89
2125 255 96
2126 249 91
2127 246 103
2128 256 99
2129 253 85
2130 256 96
2131 245 99
2132 247 101
2133 252 104
2134 244 93
2135 248 94
2136 251 103
2137 257 89
2138 243 85
2139 245 92
2140 245 103
2141 246 115
2142 255 112
2143 243 110
2144 243 105
2145 253 109
2146 247 110
2147 244 113
2148 255 117
2149 253 108
2150 247 105
2151 249 108
2152 250 108
2153 252 109
2154 243 118
2155 245 107
2156 255 114
2157 248 113
2158 253 119
2159 250 108
2160 243 109
2161 257 114
2162 255 109
2163 248 108
2164 253 112
2165 246 119
2166 252 111
2167 249 105
2168 252 111
2169 257 115
2170 247 115
2171 11 257
2172 6 244
2173 7 255
2174 0 247
2175 10 257
2176 1 252
2177 3 249
2178 1 245
2179 6 253
2180 3 252
2181 1 252
2182 2 253
2183 9 250
2184 3 251
2185 3 246
2186 7 251
2187 6 257
2188 7 248
2189 6 248
2190 9 252
2191 11 254
2192 8 245
2193 0 257
2194 4 251
2195 0 244
2196 4 247
2197 6 255
2198 7 255
2199 178 216
2200 181 225
2201 176 223
2202 178 214
2203 176 225
2204 187 216
2205 183 221
2206 182 215
2207 180 222
2208 189 213
2209 189 211
2210 180 214
2211 183 224
2212 175 210
2213 191 210
2214 185 224
2215 186 212
2216 191 216
2217 185 216
2218 180 225
2219 177 226
2220 186 214
2221 186 212
2222 175 215
2223 189 216
2224 187 217
2225 176 225
2226 187 214
2227 181 212
2228 187 211
2229 233 82
2230 238 68
2231 236 77
2232 236 71
2233 232 73
2234 240 80
2235 229 69
2236 228 83
2237 228 67
2238 235 77
2239 240 81
2240 240 83
2241 232 68
2242 234 69
2243 229 80
2244 235 78
2245 237 78
2246 241 81
2247 239 74
2248 228 79
2249 230 73
2250 241 76
2251 236 67
2252 234 83
2253 237 67
2254 236 77
2255 239 73
2256 232 67
2257 240 72
2258 231 83
2259 213 80
2260 215 70
2261 221 68
2262 210 73
2263 210 69
2264 214 74
2265 216 70
2266 217 67
2267 221 68
2268 221 68
2269 218 73
2270 217 84
2271 219 83
2272 213 83
2273 212 72
2274 218 72
2275 225 68
2276 220 81
2277 212 68
2278 212 76
2279 225 77
2280 218 81
2281 211 83
2282 214 79
2283 224 78
2284 219 79
2285 218 80
2286 222 73
2287 219 75
2288 210 81
2289 131 54
2290 128 66
2291 136 52
2292 135 56
2293 132 57
2294 124 64
2295 121 59
2296 131 55
2297 134 53
2298 137 62
2299 120 66
2300 120 52
2301 127 59
2302 138 60
2303 130 48
2304 126 62
2305 122 58
2306 138 52
2307 138 56
2308 128 52
2309 136 59
2310 128 60
2311 121 52
2312 136 57
2313 120 51
2314 137 53
2315 134 50
2316 133 53
2317 120 55
2318 122 58
2319 21 247
2320 22 248
2321 12 252
2322 17 253
2323 25 257
2324 13 254
2325 22 251
2326 27 257
2327 24 256
2328 23 254
2329 22 252
2330 15 256
2331 28 244
2332 14 252
2333 16 243
2334 17 255
2335 18 249
2336 16 249
2337 17 245
2338 21 257
2339 17 247
2340 13 243
2341 20 253
2342 21 253
2343 27 247
2344 18 247
2345 28 248
2346 17 255
2347 14 257
2348 22 252
2349 192 149
2350 193 150
2351 193 143
2352 193 139
2353 207 154
2354 193 141
2355 204 144
2356 200 146
2357 203 144
2358 196 139
2359 199 158
2360 195 144
2361 204 157
2362 197 151
2363 209 155
2364 201 158
2365 197 153
2366 199 154
2367 204 141
2368 192 144
2369 209 146
2370 200 152
2371 205 148
2372 207 141
2373 204 154
2374 194 156
2375 197 155
2376 199 155
2377 193 148
2378 200 145
2379 202 47
2380 209 44
2381 200 35
2382 208 38
2383 197 30
2384 207 37
2385 203 44
2386 195 47
2387 196 32
2388 203 41
2389 198 38
2390 208 34
2391 193 30
2392 199 39
2393 203 40
2394 196 37
2395 199 30
2396 193 40
2397 208 33
2398 199 41
2399 202 32
2400 201 36
2401 198 42
2402 194 33
2403 192 33
2404 208 43
2405 205 35
2406 206 32
2407 205 32
2408 198 31
2409 56 175
2410 59 180
2411 55 185
2412 49 185
2413 59 188
2414 55 181
2415 60 188
2416 59 181
2417 50 190
2418 61 185
2419 61 175
2420 62 175
2421 48 178
2422 51 178
2423 61 180
2424 64 185
2425 49 178
2426 52 178
2427 52 190
2428 52 182
2429 59 181
2430 55 189
2431 61 191
2432 48 179
2433 60 176
2434 55 184
2435 56 184
2436 54 188
2437 48 184
2438 59 175
2439 111 160
2440 113 164
2441 117 165
2442 111 165
2443 106 173
2444 113 173
2445 111 170
2446 113 162
2447 117 168
2448 110 162
2449 119 163
2450 110 160
2451 113 171
2452 115 172
2453 117 172
2454 111 170
2455 117 166
2456 108 170
2457 106 173
2458 118 169
2459 118 174
2460 110 161
2461 113 167
2462 106 159
2463 111 173
2464 115 168
2465 116 173
2466 107 174
2467 111 169
2468 112 169
2469 195 28
2470 203 25
2471 196 15
2472 204 20
2473 198 14
2474 199 22
2475 208 22
2476 194 19
2477 195 20
2478 203 28
2479 208 17
2480 198 23
2481 207 25
2482 194 26
2483 197 20
2484 206 22
2485 206 27
2486 193 14
2487 201 20
2488 205 13
2489 194 12
2490 194 23
2491 207 19
2492 205 21
2493 197 13
2494 204 21
2495 206 15
2496 209 23
2497 209 15
2498 202 19
2499 89 35
2500 103 37
2501 100 36
2502 85 39
2503 95 36
2504 89 41
2505 87 39
2506 98 37
2507 100 40
2508 94 33
2509 85 39
2510 96 47
2511 89 32
2512 87 33
2513 100 37
2514 104 36
2515 93 33
2516 89 42
2517 95 39
2518 99 29
2519 104 47
2520 93 30
2521 95 32
2522 94 38
2523 92 39
2524 94 33
2525 91 44
2526 89 42
2527 94 43
2528 86 45
2529 83 125
2530 78 131
2531 71 130
2532 71 128
2533 71 138
2534 79 130
2535 84 135
2536 81 126
2537 80 137
2538 71 124
2539 76 124
2540 77 123
2541 68 137
2542 74 132
2543 67 135
2544 79 125
2545 69 122
2546 78 121
2547 74 131
2548 81 138
2549 74 123
2550 71 127
2551 76 129
2552 70 129
2553 75 122
2554 74 128
2555 78 138
2556 80 122
2557 76 136
2558 80 127
2559 184 34
2560 176 29
2561 178 41
2562 186 36
2563 185 38
2564 184 37
2565 183 43
2566 180 31
2567 191 29
2568 175 30
2569 184 33
2570 187 32
2571 176 41
2572 179 38
2573 181 30
2574 189 42
2575 186 30
2576 190 42
2577 190 41
2578 189 44
2579 175 43
2580 189 34
2581 184 32
2582 189 40
2583 190 30
2584 186 44
2585 185 44
2586 181 37
2587 184 31
2588 187 30
2589 36 127
2590 43 130
2591 34 137
2592 46 129
2593 39 134
2594 44 120
2595 37 132
2596 33 120
2597 29 128
2598 32 138
2599 46 136
2600 44 129
2601 34 123
2602 39 127
2603 44 126
2604 32 132
2605 43 133
2606 40 131
2607 29 132
2608 42 136
2609 35 127
2610 45 120
2611 43 138
2612 34 124
2613 32 134
2614 39 133
2615 32 127
2616 38 138
2617 47 132
2618 38 124
2619 143 219
2620 153 212
2621 140 222
2622 156 224
2623 144 211
2624 154 212
2625 156 222
2626 152 221
2627 141 220
2628 144 222
2629 153 210
2630 155 219
2631 157 212
2632 148 215
2633 150 216
2634 142 222
2635 145 216
2636 143 212
2637 158 221
2638 146 212
2639 157 212
2640 142 222
2641 154 218
2642 153 223
2643 154 223
2644 144 211
2645 155 214
2646 151 221
2647 145 214
2648 156 220
2649 196 126
2650 206 133
2651 197 132
2652 192 130
2653 209 130
2654 203 130
2655 205 124
2656 192 133
2657 194 123
2658 204 136
2659 195 122
2660 205 124
2661 203 128
2662 196 133
2663 192 131
2664 200 127
2665 201 131
2666 201 138
2667 199 124
2668 200 129
2669 198 133
2670 206 127
2671 207 121
2672 200 136
2673 193 122
2674 201 129
2675 204 126
2676 205 125
2677 206 122
2678 197 134
2679 76 171
2680 71 171
2681 68 168
2682 69 168
2683 80 160
2684 80 165
2685 72 174
2686 70 173
2687 71 161
2688 71 171
2689 73 163
2690 74 164
2691 72 174
2692 73 162
2693 67 160
2694 72 164
2695 69 169
2696 83 174
2697 79 168
2698 75 169
2699 69 166
2700 79 161
2701 78 165
2702 77 174
2703 68 171
2704 84 164
2705 84 162
2706 78 165
2707 76 169
2708 68 159
2709 249 203
2710 256 200
2711 244 209
2712 249 194
2713 246 199
2714 244 195
2715 251 204
2716 246 198
2717 255 192
2718 251 204
2719 249 199
2720 252 197
2721 246 197
2722 254 209
2723 249 200
2724 248 194
2725 243 209
2726 252 208
2727 254 202
2728 243 202
2729 252 205
2730 248 208
2731 253 204
2732 249 195
2733 251 199
2734 247 193
2735 254 197
2736 248 207
2737 244 194
2738 257 202
2739 232 164
2740 227 161
2741 231 172
2742 235 163
2743 236 159
2744 232 174
2745 227 172
2746 232 161
2747 240 165
2748 239 170
2749 236 169
2750 240 172
2751 242 164
2752 233 174
2753 231 164
2754 236 162
2755 238 172
2756 228 174
2757 233 164
2758 235 166
2759 239 159
2760 236 162
2761 241 161
2762 241 170
2763 233 171
2764 239 168
2765 239 162
2766 230 166
2767 233 173
2768 237 164
2769 77 99
2770 84 98
2771 67 91
2772 74 95
2773 77 90
2774 84 100
2775 74 87
2776 73 99
2777 76 87
2778 71 85
2779 80 100
2780 76 91
2781 82 99
2782 80 99
2783 83 99
2784 67 99
2785 70 92
2786 81 88
2787 69 97
2788 69 104
2789 73 91
2790 81 89
2791 83 86
2792 73 88
2793 77 101
2794 76 91
2795 70 99
2796 83 91
2797 79 87
2798 71 101
2799 126 83
2800 123 71
2801 133 78
2802 128 76
2803 123 82
2804 130 74
2805 136 71
2806 132 84
2807 122 71
2808 137 72
2809 122 83
2810 124 78
2811 125 68
2812 136 71
2813 127 81
2814 130 77
2815 132 82
2816 131 78
2817 138 81
2818 133 81
2819 129 68
2820 130 82
2821 131 70
2822 138 81
2823 131 78
2824 125 82
2825 131 75
2826 132 77
2827 133 68
2828 131 70
2829 48 229
2830 53 228
2831 59 230
2832 51 232
2833 63 229
2834 57 239
2835 52 233
2836 56 234
2837 53 237
2838 49 230
2839 62 239
2840 53 239
2841 65 230
2842 50 227
2843 58 241
2844 64 237
2845 64 240
2846 53 238
2847 64 240
2848 55 232
2849 61 227
2850 59 232
2851 62 233
2852 53 229
2853 63 228
2854 50 241
2855 49 242
2856 60 229
2857 60 227
2858 61 242
2859 169 234
2860 174 237
2861 161 240
2862 160 234
2863 170 233
2864 160 231
2865 160 238
2866 165 238
2867 161 238
2868 162 236
2869 163 240
2870 172 227
2871 168 239
2872 167 239
2873 159 234
2874 167 234
2875 174 240
2876 163 239
2877 161 240
2878 162 241
2879 163 240
2880 173 227
2881 163 228
2882 171 233
2883 161 242
2884 169 234
2885 165 242
2886 174 235
2887 160 230
2888 165 239
2889 89 151
2890 93 141
2891 99 157
2892 102 158
2893 89 153
2894 86 142
2895 88 139
2896 90 153
2897 87 147
2898 99 152
2899 94 147
2900 85 145
2901 98 139
2902 89 156
2903 87 149
2904 89 151
2905 94 146
2906 97 145
2907 100 140
2908 86 150
2909 95 140
2910 102 142
2911 89 140
2912 99 156
2913 85 155
2914 98 152
2915 104 147
2916 86 146
2917 86 147
2918 97 150
