236 260 10 2894
0 10
1 11
2 10
3 6
4 8
5 5
6 7
7 11
8 7
9 11
10 9
11 4
12 4
13 3
14 3
15 3
16 3
17 3
18 3
19 3
20 3
21 4
22 3
23 5
24 3
25 3
26 3
27 3
28 3
29 3
30 5
31 4
32 3
33 4
34 4
35 4
36 5
37 3
38 3
39 3
40 3
41 3
42 3
43 4
44 4
45 4
46 3
47 3
48 3
49 3
50 3
51 3
52 3
53 3
54 4
55 4
56 3
57 3
58 3
59 3
60 3
61 6
62 5
63 3
64 3
65 3
66 3
67 3
68 4
69 3
70 3
71 5
72 4
73 3
74 3
75 3
76 3
77 4
78 3
79 4
80 3
81 3
82 3
83 4
84 3
85 4
86 4
87 3
88 3
89 3
90 3
91 4
92 3
93 4
94 3
95 3
96 6
97 3
98 3
99 3
100 3
101 4
102 3
103 5
104 5
105 5
106 3
107 3
108 4
109 3
110 3
111 3
112 3
113 3
114 3
115 3
116 5
117 3
118 3
119 3
120 3
121 3
122 3
123 3
124 3
125 4
126 3
127 3
128 3
129 5
130 5
131 4
132 4
133 4
134 3
135 3
136 3
137 3
138 4
139 4
140 3
141 3
142 3
143 3
144 3
145 4
146 5
147 4
148 4
149 3
150 3
151 3
152 5
153 5
154 4
155 3
156 5
157 3
158 3
159 3
160 3
161 3
162 3
163 5
164 4
165 3
166 3
167 3
168 4
169 5
170 3
171 4
172 3
173 3
174 3
175 3
176 3
177 3
178 4
179 3
180 3
181 3
182 3
183 4
184 3
185 3
186 3
187 4
188 4
189 4
190 4
191 4
192 5
193 5
194 3
195 3
196 3
197 3
198 3
199 4
200 3
201 3
202 4
203 3
204 3
205 5
206 3
207 3
208 3
209 4
210 3
211 5
212 3
213 3
214 3
215 3
216 5
217 3
218 5
219 3
220 4
221 3
222 5
223 5
224 3
225 3
226 5
227 3
228 3
229 3
230 3
231 3
232 3
233 5
234 3
235 4
0 0 1
1 0 3
2 0 4
3 0 5
4 0 6
5 0 7
6 0 9
7 0 10
8 0 202
9 1 3
10 1 4
11 1 6
12 1 8
13 1 9
14 1 10
15 1 11
16 1 154
17 2 4
18 2 6
19 2 7
20 2 9
21 2 10
22 2 62
23 2 101
24 2 116
25 3 7
26 3 8
27 3 12
28 4 7
29 4 9
30 4 10
31 5 6
32 5 8
33 5 11
34 6 7
35 6 9
36 7 8
37 7 9
38 7 10
39 7 184
40 8 10
41 8 28
42 8 45
43 9 10
44 9 11
45 9 218
46 10 134
47 10 169
48 11 82
49 12 24
50 12 18
51 13 19
52 13 23
53 14 27
54 15 22
55 16 17
56 16 27
57 18 23
58 18 22
59 19 20
60 21 25
61 21 24
62 22 27
63 23 26
64 28 33
65 29 30
66 30 39
67 30 44
68 31 33
69 31 44
70 32 33
71 34 42
72 34 36
73 35 41
74 35 43
75 35 39
76 36 38
77 36 37
78 37 43
79 40 44
80 45 57
81 45 61
82 46 52
83 47 54
84 48 61
85 49 61
86 50 60
87 50 59
88 51 61
89 52 55
90 53 59
91 53 58
92 54 56
93 55 59
94 56 60
95 57 58
96 62 70
97 62 74
98 62 71
99 63 69
100 64 75
101 65 81
102 66 78
103 66 81
104 67 79
105 68 72
106 68 77
107 69 77
108 71 75
109 71 80
110 72 79
111 73 74
112 76 79
113 77 78
114 78 80
115 82 83
116 82 100
117 83 93
118 83 91
119 84 86
120 84 94
121 85 87
122 85 89
123 85 94
124 85 91
125 86 99
126 88 96
127 90 93
128 91 97
129 92 96
130 95 96
131 95 97
132 96 98
133 101 110
134 101 106
135 102 109
136 103 107
137 103 112
138 103 104
139 104 108
140 104 115
141 105 109
142 105 113
143 105 111
144 106 114
145 106 108
146 111 115
147 116 123
148 116 129
149 117 133
150 118 133
151 119 121
152 119 129
153 119 131
154 120 121
155 122 130
156 124 132
157 125 128
158 125 129
159 126 132
160 127 133
161 130 131
162 130 132
163 132 133
164 134 150
165 135 150
166 135 148
167 135 140
168 136 146
169 137 146
170 138 146
171 138 152
172 139 152
173 139 145
174 140 147
175 141 148
176 142 149
177 143 152
178 144 153
179 145 153
180 147 149
181 148 151
182 149 153
183 154 164
184 154 161
185 155 156
186 156 158
187 156 159
188 156 163
189 157 167
190 160 163
191 161 168
192 162 168
193 163 167
194 164 167
195 165 166
196 166 168
197 169 181
198 169 177
199 170 178
200 171 178
201 171 179
202 171 180
203 172 176
204 172 180
205 173 180
206 173 183
207 174 177
208 174 175
209 174 183
210 175 182
211 184 186
212 185 199
213 186 188
214 187 198
215 187 190
216 188 189
217 188 192
218 189 199
219 189 190
220 191 196
221 191 195
222 192 193
223 192 201
224 193 195
225 193 197
226 194 201
227 198 200
228 202 207
229 203 214
230 203 205
231 204 216
232 205 213
233 205 217
234 206 207
235 206 216
236 208 211
237 209 216
238 209 214
239 210 215
240 211 215
241 211 213
242 212 214
243 218 234
244 218 232
245 219 226
246 220 229
247 220 222
248 221 225
249 222 233
250 222 235
251 223 225
252 223 228
253 223 226
254 224 235
255 225 227
256 226 233
257 228 230
258 231 233
259 232 235
0 151 162
1 153 155
2 135 166
3 136 157
4 135 157
5 149 157
6 142 160
7 136 155
8 145 160
9 145 158
10 135 156
11 146 155
12 148 163
13 143 157
14 152 160
15 148 162
16 149 155
17 134 156
18 136 157
19 150 155
20 149 167
21 136 164
22 153 162
23 143 156
24 151 154
25 144 161
26 152 168
27 143 161
28 144 159
29 141 161
30 90 176
31 83 173
32 83 172
33 90 172
34 83 175
35 98 170
36 89 182
37 97 181
38 92 169
39 83 179
40 88 183
41 83 170
42 86 174
43 97 172
44 85 179
45 92 173
46 84 178
47 97 172
48 100 172
49 88 175
50 96 173
51 93 172
52 83 170
53 82 170
54 95 180
55 82 180
56 90 181
57 83 174
58 82 177
59 85 177
60 51 197
61 45 193
62 56 186
63 50 198
64 53 189
65 61 195
66 61 189
67 49 200
68 58 191
69 50 192
70 61 196
71 58 200
72 55 188
73 60 193
74 61 201
75 52 199
76 50 190
77 49 195
78 48 200
79 47 194
80 60 196
81 52 190
82 58 195
83 57 184
84 47 186
85 46 197
86 60 199
87 47 189
88 45 191
89 54 192
90 200 189
91 184 198
92 194 185
93 194 191
94 188 187
95 188 191
96 185 196
97 189 196
98 199 195
99 185 201
100 190 197
101 190 191
102 184 196
103 197 185
104 194 184
105 197 201
106 190 197
107 200 201
108 195 201
109 186 185
110 200 196
111 198 188
112 123 74
113 119 65
114 123 64
115 120 69
116 131 75
117 125 78
118 127 75
119 133 78
120 117 70
121 127 75
122 118 65
123 120 64
124 120 81
125 130 72
126 127 73
127 118 71
128 121 79
129 129 75
130 129 81
131 126 75
132 122 79
133 131 71
134 116 64
135 117 71
136 116 75
137 126 64
138 119 78
139 130 76
140 124 80
141 116 73
142 31 157
143 32 155
144 28 166
145 35 161
146 28 162
147 32 163
148 41 158
149 44 161
150 35 158
151 41 159
152 41 166
153 33 161
154 35 159
155 38 163
156 35 163
157 43 156
158 39 165
159 37 160
160 43 155
161 43 168
162 30 167
163 42 157
164 37 162
165 32 162
166 40 157
167 41 168
168 35 154
169 29 167
170 33 158
171 38 164
172 150 116
173 153 122
174 145 118
175 153 131
176 139 120
177 137 122
178 151 118
179 149 118
180 135 129
181 137 120
182 150 127
183 153 120
184 135 119
185 152 130
186 153 129
187 152 118
188 134 129
189 134 129
190 136 116
191 150 117
192 149 123
193 135 130
194 150 119
195 149 132
196 150 122
197 151 127
198 136 117
199 135 130
200 153 132
201 142 126
202 96 222
203 99 221
204 88 228
205 99 225
206 91 232
207 90 220
208 86 220
209 91 220
210 85 231
211 96 231
212 94 221
213 99 235
214 90 232
215 98 234
216 95 235
217 88 229
218 85 231
219 87 221
220 86 220
221 91 226
222 97 227
223 93 234
224 98 223
225 94 234
226 90 228
227 86 224
228 83 227
229 100 219
230 88 220
231 92 227
232 11 51
233 1 51
234 7 59
235 3 46
236 9 58
237 6 56
238 9 56
239 8 56
240 10 59
241 8 54
242 1 53
243 5 54
244 5 55
245 7 60
246 5 46
247 4 53
248 4 61
249 7 50
250 11 61
251 11 49
252 1 47
253 10 55
254 9 47
255 6 45
256 7 58
257 1 51
258 8 58
259 11 59
260 8 59
261 8 48
262 214 224
263 213 228
264 209 231
265 217 234
266 204 231
267 216 227
268 212 234
269 209 233
270 203 226
271 214 225
272 217 226
273 203 223
274 215 231
275 205 232
276 209 229
277 205 222
278 203 235
279 208 235
280 211 227
281 215 226
282 208 223
283 213 232
284 205 222
285 209 220
286 212 229
287 209 234
288 208 231
289 202 224
290 205 220
291 203 221
292 129 23
293 132 26
294 120 26
295 122 24
296 126 26
297 129 15
298 126 21
299 117 22
300 122 16
301 123 23
302 122 25
303 116 26
304 118 18
305 122 26
306 124 13
307 130 16
308 132 17
309 125 12
310 127 12
311 130 25
312 124 14
313 131 27
314 126 12
315 128 14
316 125 15
317 129 12
318 126 20
319 132 24
320 116 12
321 123 25
322 177 191
323 181 201
324 171 187
325 176 200
326 174 190
327 180 188
328 175 193
329 173 187
330 181 196
331 183 185
332 178 185
333 181 185
334 172 197
335 177 185
336 179 196
337 169 188
338 173 198
339 170 193
340 175 195
341 183 199
342 178 197
343 169 196
344 179 189
345 179 189
346 172 184
347 169 190
348 170 184
349 178 199
350 179 192
351 181 187
352 39 205
353 42 208
354 43 203
355 29 213
356 30 207
357 28 206
358 37 202
359 42 204
360 35 203
361 38 207
362 37 213
363 33 204
364 37 217
365 44 209
366 34 212
367 32 213
368 33 216
369 41 211
370 28 213
371 40 206
372 32 217
373 40 216
374 43 208
375 30 217
376 38 210
377 36 217
378 39 212
379 38 202
380 33 203
381 43 204
382 188 160
383 187 155
384 200 161
385 192 161
386 193 165
387 184 163
388 195 161
389 189 164
390 193 154
391 194 163
392 196 162
393 199 159
394 194 164
395 200 158
396 193 156
397 199 168
398 196 158
399 200 158
400 186 166
401 200 157
402 198 154
403 197 159
404 189 167
405 192 168
406 194 164
407 190 166
408 200 159
409 198 168
410 197 165
411 195 166
412 118 68
413 126 63
414 130 81
415 123 79
416 116 63
417 125 77
418 126 64
419 133 64
420 130 71
421 119 77
422 125 75
423 129 64
424 131 81
425 132 75
426 119 66
427 124 69
428 122 69
429 127 71
430 131 70
431 133 71
432 118 76
433 125 78
434 133 79
435 121 69
436 122 77
437 130 67
438 124 80
439 130 73
440 118 76
441 131 71
442 1 162
443 4 161
444 8 158
445 1 158
446 9 157
447 11 159
448 9 161
449 7 163
450 3 166
451 2 157
452 8 163
453 9 161
454 4 161
455 5 156
456 8 164
457 1 167
458 1 163
459 8 161
460 10 159
461 0 164
462 5 155
463 8 167
464 8 164
465 4 159
466 5 163
467 4 164
468 11 160
469 24 20
470 22 17
471 12 27
472 17 14
473 24 22
474 21 17
475 16 12
476 18 19
477 15 20
478 12 25
479 20 18
480 12 19
481 27 25
482 26 21
483 21 17
484 14 17
485 25 23
486 20 23
487 19 25
488 25 18
489 96 159
490 89 157
491 90 157
492 94 158
493 96 154
494 83 161
495 86 161
496 100 158
497 94 166
498 97 160
499 88 154
500 93 162
501 97 164
502 99 166
503 95 162
504 84 167
505 98 154
506 91 168
507 99 158
508 84 161
509 100 165
510 95 165
511 87 163
512 82 157
513 88 158
514 98 164
515 82 156
516 87 158
517 97 161
518 88 154
519 71 143
520 77 149
521 73 136
522 67 136
523 68 146
524 76 146
525 75 140
526 76 138
527 68 139
528 71 142
529 78 145
530 63 149
531 66 135
532 76 152
533 77 144
534 73 153
535 63 139
536 80 153
537 65 153
538 64 140
539 67 149
540 65 149
541 76 138
542 64 135
543 81 134
544 69 136
545 77 142
546 66 148
547 80 145
548 69 141
549 176 155
550 171 168
551 173 168
552 169 165
553 173 159
554 171 165
555 169 155
556 181 160
557 170 159
558 176 164
559 179 160
560 171 159
561 175 166
562 176 161
563 172 154
564 174 154
565 174 166
566 182 168
567 171 155
568 182 164
569 182 162
570 178 157
571 182 168
572 169 156
573 179 164
574 173 154
575 175 163
576 169 156
577 172 160
578 171 159
579 197 220
580 197 223
581 195 226
582 194 230
583 196 234
584 189 235
585 195 221
586 198 234
587 190 220
588 187 232
589 198 231
590 201 228
591 187 223
592 187 226
593 187 231
594 195 231
595 201 233
596 199 228
597 201 221
598 192 219
599 201 235
600 199 230
601 184 225
602 198 232
603 194 225
604 188 219
605 194 223
606 196 234
607 188 232
608 195 218
609 198 61
610 194 61
611 184 49
612 189 47
613 193 54
614 196 59
615 188 52
616 199 55
617 185 53
618 201 54
619 188 53
620 186 50
621 194 56
622 199 59
623 193 57
624 194 47
625 195 55
626 191 57
627 196 47
628 188 58
629 191 52
630 191 49
631 191 56
632 195 48
633 199 53
634 187 61
635 201 47
636 196 49
637 196 60
638 185 51
639 60 229
640 53 232
641 46 225
642 54 220
643 51 231
644 58 226
645 56 227
646 51 223
647 51 230
648 57 234
649 53 232
650 58 219
651 52 228
652 55 228
653 53 230
654 46 228
655 52 233
656 53 220
657 55 231
658 45 232
659 54 234
660 58 227
661 49 225
662 54 230
663 58 219
664 47 231
665 45 227
666 51 235
667 52 222
668 46 232
669 140 191
670 147 185
671 140 196
672 137 188
673 136 193
674 138 195
675 142 193
676 139 186
677 143 188
678 148 184
679 138 189
680 152 189
681 138 196
682 145 199
683 135 189
684 147 199
685 140 185
686 134 188
687 138 193
688 135 194
689 151 197
690 143 201
691 135 193
692 136 198
693 151 201
694 149 188
695 135 187
696 136 193
697 136 199
698 139 198
699 129 108
700 128 109
701 126 106
702 122 106
703 124 114
704 126 108
705 127 101
706 125 111
707 126 105
708 126 105
709 128 102
710 129 115
711 126 111
712 127 108
713 118 102
714 121 106
715 126 108
716 125 109
717 123 106
718 122 112
719 122 103
720 116 113
721 117 101
722 122 103
723 118 106
724 116 115
725 127 109
726 129 111
727 120 103
728 119 114
729 55 49
730 53 61
731 45 56
732 60 58
733 53 54
734 56 52
735 51 56
736 52 50
737 56 46
738 57 56
739 57 59
740 52 60
741 47 57
742 49 52
743 52 50
744 56 59
745 46 51
746 46 48
747 50 54
748 234 111
749 234 114
750 219 110
751 235 103
752 226 108
753 231 109
754 227 105
755 232 113
756 229 105
757 235 102
758 218 112
759 235 101
760 227 101
761 229 112
762 231 110
763 227 109
764 220 111
765 224 108
766 224 113
767 220 107
768 224 107
769 227 102
770 225 103
771 234 109
772 222 108
773 220 107
774 232 112
775 233 107
776 226 105
777 222 114
778 118 2
779 119 8
780 125 2
781 126 2
782 128 3
783 120 10
784 131 9
785 126 1
786 131 0
787 123 10
788 121 10
789 121 6
790 132 3
791 129 7
792 126 9
793 123 7
794 124 0
795 131 10
796 123 5
797 117 8
798 123 3
799 122 9
800 132 0
801 124 5
802 116 11
803 122 6
804 132 6
805 130 4
806 127 4
807 124 9
808 235 160
809 231 168
810 232 155
811 231 166
812 219 154
813 226 165
814 235 166
815 218 164
816 224 155
817 218 164
818 228 168
819 234 158
820 221 161
821 218 164
822 234 164
823 232 165
824 232 155
825 229 159
826 218 163
827 222 157
828 226 163
829 219 163
830 229 161
831 231 159
832 227 156
833 218 168
834 233 160
835 225 168
836 222 162
837 222 165
838 1 32
839 5 37
840 9 33
841 10 44
842 6 35
843 4 29
844 3 29
845 5 43
846 11 44
847 2 41
848 3 41
849 8 36
850 7 39
851 3 40
852 6 35
853 7 31
854 10 39
855 8 37
856 0 37
857 3 42
858 9 33
859 1 37
860 8 41
861 7 44
862 7 38
863 0 34
864 10 41
865 11 41
866 11 33
867 1 35
868 46 59
869 45 50
870 55 49
871 47 49
872 47 50
873 52 58
874 57 48
875 50 46
876 47 50
877 52 57
878 54 55
879 45 60
880 60 53
881 46 50
882 52 49
883 50 57
884 47 52
885 46 45
886 50 46
887 49 60
888 46 47
889 54 52
890 213 44
891 211 38
892 213 35
893 203 30
894 207 35
895 211 35
896 207 38
897 209 40
898 212 39
899 213 35
900 217 43
901 205 43
902 202 40
903 209 37
904 204 41
905 210 29
906 216 33
907 211 36
908 213 38
909 208 39
910 203 33
911 210 35
912 213 39
913 210 30
914 210 39
915 216 44
916 202 36
917 210 43
918 206 40
919 216 33
920 170 230
921 177 223
922 172 227
923 170 233
924 179 234
925 176 218
926 172 223
927 172 228
928 170 233
929 171 221
930 180 235
931 176 218
932 180 234
933 172 229
934 172 220
935 178 228
936 180 230
937 174 235
938 174 230
939 181 230
940 171 221
941 174 223
942 181 232
943 181 222
944 181 230
945 176 227
946 183 231
947 176 230
948 181 219
949 182 229
950 84 91
951 99 90
952 87 84
953 82 84
954 97 90
955 88 82
956 82 87
957 94 83
958 82 90
959 90 89
960 82 97
961 84 87
962 92 82
963 96 91
964 86 89
965 95 82
966 87 100
967 82 90
968 96 84
969 95 84
970 219 10
971 227 11
972 233 5
973 225 1
974 228 5
975 233 1
976 227 1
977 221 6
978 221 8
979 229 10
980 222 1
981 230 2
982 235 9
983 220 0
984 220 5
985 223 0
986 227 10
987 229 0
988 226 6
989 231 2
990 225 7
991 227 5
992 228 8
993 234 11
994 219 7
995 228 1
996 230 3
997 230 11
998 6 41
999 9 37
1000 10 42
1001 2 28
1002 1 33
1003 7 35
1004 3 30
1005 6 38
1006 1 36
1007 1 44
1008 5 43
1009 9 32
1010 9 41
1011 11 43
1012 1 39
1013 11 34
1014 11 36
1015 7 36
1016 11 37
1017 4 29
1018 6 39
1019 8 35
1020 10 36
1021 0 32
1022 7 41
1023 5 31
1024 1 35
1025 2 29
1026 0 34
1027 9 29
1028 29 43
1029 40 42
1030 37 41
1031 43 31
1032 43 42
1033 30 38
1034 29 36
1035 41 44
1036 39 32
1037 39 33
1038 33 29
1039 34 32
1040 38 43
1041 30 32
1042 33 34
1043 42 28
1044 39 32
1045 33 43
1046 32 43
1047 136 207
1048 151 216
1049 137 205
1050 139 212
1051 140 205
1052 143 202
1053 152 214
1054 150 214
1055 150 209
1056 135 208
1057 150 216
1058 137 208
1059 134 203
1060 146 203
1061 136 208
1062 149 213
1063 149 207
1064 152 205
1065 140 209
1066 143 208
1067 148 203
1068 137 212
1069 149 209
1070 147 205
1071 143 216
1072 145 217
1073 147 207
1074 148 217
1075 136 214
1076 144 208
1077 178 152
1078 178 138
1079 181 144
1080 169 148
1081 177 144
1082 172 144
1083 176 149
1084 171 142
1085 172 150
1086 171 140
1087 170 143
1088 177 146
1089 172 152
1090 180 153
1091 169 141
1092 181 138
1093 179 139
1094 182 139
1095 177 134
1096 177 149
1097 170 140
1098 182 142
1099 171 149
1100 183 149
1101 174 142
1102 183 153
1103 181 144
1104 178 150
1105 183 138
1106 183 152
1107 109 92
1108 112 90
1109 110 96
1110 115 88
1111 112 86
1112 115 99
1113 115 91
1114 102 89
1115 114 87
1116 112 95
1117 112 100
1118 107 82
1119 108 98
1120 110 86
1121 103 93
1122 111 82
1123 106 88
1124 110 94
1125 104 83
1126 102 98
1127 103 98
1128 110 94
1129 110 100
1130 103 95
1131 102 99
1132 106 89
1133 103 99
1134 105 93
1135 106 90
1136 104 82
1137 115 157
1138 105 166
1139 102 162
1140 101 155
1141 115 156
1142 104 164
1143 115 162
1144 111 166
1145 109 154
1146 111 156
1147 115 155
1148 101 162
1149 111 165
1150 115 156
1151 108 154
1152 108 167
1153 113 168
1154 105 157
1155 102 167
1156 103 164
1157 104 168
1158 101 160
1159 102 164
1160 104 155
1161 102 158
1162 112 159
1163 102 156
1164 113 155
1165 112 157
1166 112 162
1167 120 97
1168 132 88
1169 128 91
1170 125 82
1171 124 83
1172 123 91
1173 124 82
1174 116 97
1175 133 93
1176 131 84
1177 120 83
1178 123 82
1179 120 85
1180 116 99
1181 130 90
1182 119 97
1183 131 99
1184 118 99
1185 129 82
1186 133 84
1187 125 89
1188 121 88
1189 130 97
1190 126 82
1191 129 91
1192 131 90
1193 118 91
1194 128 98
1195 132 93
1196 116 100
1197 164 213
1198 164 215
1199 164 205
1200 157 213
1201 155 204
1202 159 215
1203 166 213
1204 168 203
1205 160 206
1206 157 215
1207 164 203
1208 163 209
1209 168 216
1210 162 206
1211 166 202
1212 167 211
1213 162 209
1214 162 213
1215 160 206
1216 167 217
1217 161 210
1218 163 203
1219 157 202
1220 167 212
1221 163 204
1222 156 210
1223 167 203
1224 158 212
1225 154 214
1226 168 214
1227 59 158
1228 61 162
1229 56 165
1230 57 163
1231 55 157
1232 49 168
1233 49 165
1234 55 155
1235 51 154
1236 51 167
1237 59 160
1238 52 155
1239 53 164
1240 57 164
1241 58 165
1242 50 168
1243 59 164
1244 46 162
1245 56 158
1246 49 157
1247 55 154
1248 53 160
1249 55 157
1250 46 164
1251 56 164
1252 51 164
1253 54 168
1254 52 167
1255 52 164
1256 56 158
1257 113 217
1258 112 210
1259 104 216
1260 107 209
1261 104 212
1262 111 216
1263 107 214
1264 115 212
1265 103 213
1266 107 210
1267 111 216
1268 104 203
1269 104 204
1270 109 215
1271 113 202
1272 101 215
1273 104 205
1274 104 215
1275 106 214
1276 113 213
1277 107 214
1278 107 204
1279 111 212
1280 104 209
1281 113 208
1282 101 209
1283 110 216
1284 115 216
1285 108 206
1286 104 209
1287 94 155
1288 99 166
1289 84 155
1290 100 166
1291 93 161
1292 91 165
1293 96 160
1294 91 165
1295 93 164
1296 100 157
1297 84 167
1298 92 154
1299 100 157
1300 94 163
1301 90 162
1302 100 157
1303 100 162
1304 98 157
1305 85 164
1306 98 159
1307 94 158
1308 82 161
1309 89 168
1310 93 160
1311 93 157
1312 97 159
1313 82 168
1314 98 155
1315 88 154
1316 95 156
1317 22 204
1318 27 215
1319 25 212
1320 16 204
1321 26 210
1322 20 214
1323 26 213
1324 19 214
1325 16 215
1326 13 203
1327 18 212
1328 20 216
1329 25 216
1330 20 215
1331 27 215
1332 25 203
1333 22 216
1334 24 209
1335 24 202
1336 21 217
1337 15 211
1338 25 213
1339 18 205
1340 19 210
1341 16 202
1342 15 209
1343 23 216
1344 20 216
1345 22 216
1346 18 217
1347 159 136
1348 167 152
1349 161 140
1350 155 137
1351 155 153
1352 167 139
1353 156 144
1354 154 153
1355 162 150
1356 154 151
1357 154 149
1358 168 143
1359 163 141
1360 168 138
1361 161 149
1362 160 147
1363 156 152
1364 155 138
1365 161 147
1366 165 143
1367 159 139
1368 156 144
1369 162 143
1370 161 151
1371 161 137
1372 154 141
1373 157 137
1374 161 143
1375 160 136
1376 167 148
1377 75 105
1378 63 105
1379 67 112
1380 63 109
1381 72 103
1382 75 107
1383 75 101
1384 75 114
1385 78 102
1386 68 102
1387 66 109
1388 79 103
1389 65 111
1390 81 115
1391 69 113
1392 72 111
1393 65 109
1394 70 110
1395 65 102
1396 67 111
1397 72 106
1398 80 101
1399 68 106
1400 69 111
1401 75 112
1402 67 110
1403 71 110
1404 76 112
1405 67 103
1406 77 107
1407 58 110
1408 51 105
1409 60 106
1410 58 113
1411 49 101
1412 60 112
1413 53 101
1414 52 112
1415 48 106
1416 50 111
1417 48 105
1418 45 112
1419 56 109
1420 55 111
1421 58 102
1422 51 106
1423 59 112
1424 51 106
1425 46 105
1426 54 112
1427 59 109
1428 49 107
1429 61 112
1430 57 106
1431 50 115
1432 57 111
1433 57 107
1434 48 106
1435 57 115
1436 48 107
1437 173 0
1438 172 1
1439 174 6
1440 179 10
1441 179 3
1442 172 10
1443 181 0
1444 173 5
1445 171 3
1446 180 7
1447 173 7
1448 180 6
1449 172 0
1450 180 6
1451 172 6
1452 171 8
1453 180 11
1454 169 3
1455 172 11
1456 171 8
1457 183 10
1458 181 3
1459 181 4
1460 172 0
1461 171 0
1462 172 3
1463 170 5
1464 183 4
1465 175 3
1466 49 127
1467 51 133
1468 57 133
1469 60 128
1470 55 127
1471 59 129
1472 61 116
1473 56 123
1474 58 130
1475 49 121
1476 61 119
1477 59 133
1478 61 129
1479 61 132
1480 47 118
1481 45 131
1482 47 131
1483 57 117
1484 45 120
1485 51 125
1486 55 123
1487 56 123
1488 55 117
1489 58 116
1490 46 128
1491 57 128
1492 48 129
1493 46 121
1494 48 118
1495 54 121
1496 184 119
1497 199 124
1498 184 131
1499 197 123
1500 198 119
1501 198 133
1502 197 130
1503 200 124
1504 196 123
1505 196 131
1506 199 120
1507 188 127
1508 198 118
1509 186 118
1510 186 121
1511 196 125
1512 186 129
1513 195 121
1514 187 131
1515 189 120
1516 190 128
1517 192 133
1518 185 123
1519 191 129
1520 189 123
1521 198 133
1522 199 130
1523 187 124
1524 197 120
1525 187 119
1526 115 221
1527 101 219
1528 101 235
1529 112 220
1530 113 234
1531 101 224
1532 110 231
1533 112 229
1534 101 230
1535 112 234
1536 115 225
1537 110 219
1538 114 225
1539 113 222
1540 114 226
1541 102 224
1542 106 218
1543 115 232
1544 106 218
1545 109 235
1546 112 235
1547 101 227
1548 104 226
1549 113 231
1550 112 225
1551 106 218
1552 108 229
1553 109 219
1554 107 231
1555 108 221
1556 2 119
1557 7 122
1558 6 118
1559 10 132
1560 2 128
1561 8 128
1562 1 127
1563 1 116
1564 4 129
1565 5 121
1566 8 116
1567 8 121
1568 5 133
1569 1 123
1570 9 131
1571 5 123
1572 6 128
1573 11 131
1574 2 128
1575 11 128
1576 10 129
1577 6 117
1578 5 122
1579 4 127
1580 9 126
1581 3 121
1582 1 127
1583 2 119
1584 2 133
1585 11 129
1586 67 110
1587 74 109
1588 67 104
1589 81 104
1590 64 115
1591 70 105
1592 63 103
1593 68 111
1594 63 103
1595 75 103
1596 80 101
1597 64 101
1598 64 112
1599 65 107
1600 80 101
1601 70 106
1602 79 105
1603 81 115
1604 63 102
1605 73 101
1606 70 112
1607 77 108
1608 76 102
1609 72 109
1610 64 114
1611 78 102
1612 72 106
1613 62 107
1614 75 104
1615 68 112
1616 136 71
1617 145 67
1618 145 69
1619 138 72
1620 135 68
1621 142 63
1622 134 74
1623 143 63
1624 135 77
1625 145 80
1626 136 75
1627 148 73
1628 152 71
1629 144 63
1630 144 64
1631 148 76
1632 138 70
1633 142 76
1634 153 70
1635 152 71
1636 134 75
1637 143 62
1638 150 79
1639 136 63
1640 150 65
1641 145 67
1642 148 75
1643 142 71
1644 134 63
1645 147 74
1646 54 199
1647 60 196
1648 56 195
1649 53 201
1650 60 184
1651 51 195
1652 59 184
1653 45 196
1654 55 193
1655 57 186
1656 60 197
1657 61 184
1658 58 190
1659 48 193
1660 46 184
1661 54 199
1662 57 186
1663 56 197
1664 54 197
1665 58 196
1666 60 190
1667 48 199
1668 47 184
1669 58 200
1670 56 194
1671 60 190
1672 51 193
1673 50 201
1674 53 193
1675 48 186
1676 143 69
1677 151 70
1678 139 64
1679 139 75
1680 137 76
1681 138 76
1682 143 78
1683 146 73
1684 141 67
1685 138 71
1686 148 74
1687 146 68
1688 137 80
1689 147 72
1690 134 72
1691 138 62
1692 134 62
1693 149 77
1694 149 75
1695 144 81
1696 138 72
1697 148 77
1698 143 77
1699 148 70
1700 137 74
1701 153 70
1702 144 74
1703 152 65
1704 151 66
1705 137 62
1706 214 68
1707 210 76
1708 207 70
1709 212 81
1710 217 74
1711 203 62
1712 210 65
1713 214 66
1714 202 66
1715 217 68
1716 209 64
1717 214 67
1718 207 70
1719 214 66
1720 216 72
1721 211 67
1722 216 64
1723 206 71
1724 206 66
1725 205 75
1726 206 66
1727 208 65
1728 208 76
1729 207 80
1730 213 77
1731 208 69
1732 206 75
1733 213 72
1734 217 72
1735 208 71
1736 19 1
1737 16 0
1738 27 9
1739 18 8
1740 20 7
1741 14 1
1742 20 4
1743 15 6
1744 18 6
1745 18 11
1746 27 5
1747 14 0
1748 14 3
1749 26 3
1750 25 0
1751 18 4
1752 22 7
1753 25 5
1754 15 3
1755 27 5
1756 22 1
1757 27 6
1758 18 8
1759 25 10
1760 22 11
1761 14 7
1762 15 5
1763 15 1
1764 23 3
1765 20 6
1766 160 150
1767 166 140
1768 154 142
1769 162 152
1770 161 136
1771 168 151
1772 167 140
1773 164 141
1774 167 152
1775 167 135
1776 160 138
1777 164 142
1778 159 139
1779 155 149
1780 154 139
1781 167 148
1782 165 143
1783 164 142
1784 162 138
1785 165 143
1786 155 134
1787 164 135
1788 163 153
1789 160 141
1790 157 144
1791 164 135
1792 156 150
1793 166 152
1794 162 138
1795 168 141
1796 134 6
1797 144 3
1798 134 3
1799 141 1
1800 146 2
1801 136 5
1802 141 11
1803 141 0
1804 145 4
1805 138 6
1806 147 5
1807 137 2
1808 140 1
1809 139 7
1810 141 2
1811 144 9
1812 139 6
1813 147 6
1814 144 2
1815 138 1
1816 144 6
1817 150 7
1818 136 4
1819 142 0
1820 153 10
1821 139 3
1822 148 6
1823 134 3
1824 135 10
1825 129 164
1826 130 154
1827 130 154
1828 130 166
1829 119 164
1830 132 163
1831 127 159
1832 119 157
1833 122 162
1834 121 164
1835 118 164
1836 123 157
1837 124 167
1838 125 159
1839 118 163
1840 125 166
1841 132 167
1842 128 157
1843 116 155
1844 123 163
1845 130 156
1846 118 159
1847 117 156
1848 126 158
1849 121 168
1850 117 166
1851 128 167
1852 127 154
1853 127 164
1854 129 157
1855 30 82
1856 44 97
1857 39 95
1858 36 88
1859 36 84
1860 42 91
1861 32 88
1862 33 97
1863 41 85
1864 30 99
1865 30 89
1866 33 93
1867 34 92
1868 42 91
1869 31 97
1870 31 86
1871 39 87
1872 42 92
1873 44 82
1874 39 94
1875 28 83
1876 39 100
1877 43 93
1878 43 98
1879 31 99
1880 41 93
1881 31 93
1882 38 99
1883 42 100
1884 41 93
1885 150 14
1886 144 18
1887 143 17
1888 147 12
1889 151 14
1890 152 15
1891 143 12
1892 146 14
1893 135 26
1894 142 16
1895 141 25
1896 140 27
1897 142 26
1898 134 18
1899 145 20
1900 151 22
1901 140 15
1902 149 26
1903 145 27
1904 136 22
1905 147 15
1906 151 17
1907 134 13
1908 140 20
1909 142 15
1910 138 12
1911 142 25
1912 147 12
1913 147 26
1914 148 17
1915 138 65
1916 144 70
1917 152 62
1918 137 75
1919 147 68
1920 134 65
1921 149 68
1922 147 64
1923 152 66
1924 144 72
1925 143 62
1926 148 71
1927 138 72
1928 137 71
1929 137 69
1930 135 70
1931 148 64
1932 135 77
1933 140 65
1934 145 65
1935 143 69
1936 142 63
1937 139 75
1938 145 68
1939 135 79
1940 146 74
1941 138 73
1942 139 78
1943 148 62
1944 139 73
1945 235 100
1946 221 85
1947 223 99
1948 232 82
1949 228 99
1950 232 97
1951 226 91
1952 221 89
1953 222 93
1954 223 86
1955 233 93
1956 222 90
1957 224 87
1958 229 100
1959 229 96
1960 228 98
1961 220 89
1962 234 87
1963 231 95
1964 226 94
1965 218 92
1966 227 84
1967 220 96
1968 229 100
1969 219 92
1970 231 99
1971 224 87
1972 226 96
1973 220 82
1974 228 94
1975 60 49
1976 50 49
1977 48 53
1978 47 51
1979 53 49
1980 54 50
1981 54 46
1982 54 50
1983 50 58
1984 56 57
1985 60 47
1986 46 58
1987 50 54
1988 45 46
1989 52 48
1990 60 51
1991 57 47
1992 60 47
1993 46 48
1994 59 57
1995 85 13
1996 93 20
1997 96 20
1998 91 19
1999 95 19
2000 94 12
2001 86 12
2002 95 14
2003 83 22
2004 82 26
2005 95 23
2006 97 20
2007 97 24
2008 84 13
2009 96 19
2010 98 26
2011 92 22
2012 89 16
2013 91 21
2014 83 17
2015 98 18
2016 96 18
2017 86 13
2018 82 12
2019 93 24
2020 96 19
2021 84 26
2022 92 25
2023 86 23
2024 93 25
2025 217 162
2026 214 164
2027 206 159
2028 207 166
2029 215 160
2030 207 161
2031 207 158
2032 211 163
2033 202 162
2034 213 164
2035 205 154
2036 211 166
2037 203 159
2038 216 163
2039 210 155
2040 214 166
2041 213 156
2042 202 154
2043 203 165
2044 212 159
2045 217 164
2046 217 163
2047 210 165
2048 214 158
2049 217 157
2050 205 154
2051 213 157
2052 211 160
2053 204 165
2054 216 163
2055 139 201
2056 141 194
2057 136 184
2058 140 192
2059 149 193
2060 134 199
2061 136 189
2062 144 193
2063 145 185
2064 151 199
2065 152 186
2066 144 198
2067 144 194
2068 136 187
2069 142 187
2070 152 192
2071 135 184
2072 146 200
2073 135 200
2074 148 192
2075 147 188
2076 139 192
2077 146 199
2078 146 195
2079 151 186
2080 150 194
2081 135 191
2082 139 189
2083 147 194
2084 139 190
2085 94 63
2086 87 70
2087 96 68
2088 84 74
2089 84 72
2090 90 81
2091 94 65
2092 88 71
2093 95 73
2094 83 71
2095 97 77
2096 93 81
2097 96 63
2098 87 70
2099 82 74
2100 97 76
2101 91 64
2102 98 64
2103 98 73
2104 85 80
2105 86 79
2106 87 70
2107 100 70
2108 91 68
2109 89 81
2110 98 79
2111 82 68
2112 84 62
2113 90 68
2114 91 69
2115 207 209
2116 212 205
2117 217 216
2118 207 215
2119 212 213
2120 209 210
2121 217 215
2122 208 205
2123 207 212
2124 203 215
2125 206 203
2126 212 202
2127 211 207
2128 213 202
2129 214 211
2130 210 212
2131 212 217
2132 5 155
2133 1 159
2134 4 167
2135 3 163
2136 7 156
2137 8 160
2138 5 166
2139 6 159
2140 11 168
2141 8 168
2142 2 160
2143 9 163
2144 2 154
2145 2 161
2146 4 160
2147 7 167
2148 3 156
2149 11 168
2150 3 158
2151 5 160
2152 7 154
2153 4 164
2154 5 156
2155 10 155
2156 2 154
2157 11 165
2158 203 215
2159 217 211
2160 210 205
2161 209 217
2162 202 210
2163 209 208
2164 212 211
2165 208 214
2166 213 210
2167 214 211
2168 209 213
2169 215 209
2170 217 202
2171 206 212
2172 207 215
2173 208 205
2174 202 215
2175 213 214
2176 212 207
2177 202 217
2178 202 217
2179 211 207
2180 214 215
2181 217 214
2182 203 215
2183 1 30
2184 1 32
2185 7 29
2186 4 28
2187 5 42
2188 2 31
2189 11 44
2190 8 30
2191 0 43
2192 10 33
2193 5 41
2194 9 29
2195 9 38
2196 11 31
2197 7 37
2198 4 36
2199 10 35
2200 4 44
2201 0 41
2202 7 38
2203 8 34
2204 5 43
2205 3 29
2206 6 37
2207 7 36
2208 6 38
2209 9 40
2210 1 30
2211 2 40
2212 93 215
2213 84 215
2214 83 209
2215 83 213
2216 83 215
2217 91 216
2218 95 209
2219 92 215
2220 96 210
2221 98 216
2222 90 205
2223 85 209
2224 96 204
2225 94 205
2226 82 212
2227 98 204
2228 92 212
2229 98 209
2230 96 206
2231 97 203
2232 87 202
2233 89 204
2234 95 214
2235 90 212
2236 87 209
2237 93 209
2238 93 205
2239 96 204
2240 82 209
2241 95 215
2242 175 88
2243 174 91
2244 179 99
2245 171 95
2246 171 96
2247 170 84
2248 175 84
2249 175 93
2250 171 87
2251 177 83
2252 178 93
2253 173 88
2254 169 100
2255 180 92
2256 171 85
2257 173 95
2258 175 90
2259 173 93
2260 171 92
2261 181 85
2262 176 95
2263 169 96
2264 171 99
2265 172 98
2266 175 94
2267 174 97
2268 178 98
2269 175 84
2270 170 86
2271 180 89
2272 64 20
2273 65 22
2274 77 21
2275 78 19
2276 65 14
2277 62 21
2278 76 18
2279 62 24
2280 77 27
2281 81 18
2282 69 16
2283 64 27
2284 65 13
2285 63 25
2286 65 22
2287 77 19
2288 73 14
2289 74 18
2290 62 20
2291 67 19
2292 72 18
2293 73 16
2294 66 16
2295 64 26
2296 72 20
2297 81 23
2298 67 23
2299 64 19
2300 75 26
2301 72 27
2302 132 73
2303 128 71
2304 131 66
2305 125 75
2306 127 68
2307 128 73
2308 127 80
2309 127 70
2310 126 72
2311 130 70
2312 128 72
2313 128 65
2314 127 64
2315 117 67
2316 119 74
2317 128 72
2318 125 69
2319 133 65
2320 116 74
2321 125 76
2322 127 62
2323 120 66
2324 124 73
2325 122 81
2326 120 81
2327 117 74
2328 123 81
2329 131 62
2330 120 69
2331 120 64
2332 133 23
2333 125 14
2334 131 22
2335 123 16
2336 129 12
2337 128 12
2338 121 21
2339 123 15
2340 119 26
2341 118 17
2342 124 16
2343 125 26
2344 127 16
2345 118 17
2346 125 16
2347 127 24
2348 132 22
2349 132 15
2350 118 23
2351 117 17
2352 128 24
2353 122 22
2354 133 18
2355 128 17
2356 128 16
2357 121 18
2358 132 14
2359 130 21
2360 120 21
2361 130 27
2362 88 51
2363 90 56
2364 85 56
2365 100 59
2366 92 50
2367 100 58
2368 97 52
2369 96 48
2370 94 47
2371 84 58
2372 93 46
2373 86 50
2374 93 51
2375 91 46
2376 88 59
2377 91 50
2378 89 51
2379 95 49
2380 89 55
2381 100 61
2382 83 46
2383 92 54
2384 97 60
2385 88 47
2386 90 54
2387 99 48
2388 84 50
2389 96 61
2390 95 60
2391 91 46
2392 147 31
2393 149 40
2394 144 28
2395 152 29
2396 136 43
2397 140 38
2398 144 40
2399 140 32
2400 152 39
2401 136 44
2402 152 43
2403 138 28
2404 140 33
2405 153 35
2406 143 39
2407 145 42
2408 137 31
2409 138 35
2410 148 34
2411 146 44
2412 150 41
2413 136 35
2414 143 43
2415 148 38
2416 138 34
2417 144 40
2418 147 36
2419 146 43
2420 152 44
2421 150 42
2422 209 39
2423 206 38
2424 209 35
2425 210 42
2426 204 41
2427 210 41
2428 217 30
2429 217 30
2430 205 44
2431 210 35
2432 207 33
2433 203 38
2434 212 35
2435 207 39
2436 216 33
2437 202 28
2438 217 43
2439 205 29
2440 217 39
2441 206 29
2442 214 43
2443 217 44
2444 204 31
2445 214 34
2446 203 43
2447 217 36
2448 215 35
2449 207 41
2450 211 35
2451 204 32
2452 231 101
2453 223 114
2454 220 112
2455 222 103
2456 232 102
2457 231 103
2458 232 110
2459 221 110
2460 227 106
2461 222 112
2462 221 113
2463 220 106
2464 222 104
2465 224 104
2466 228 113
2467 221 105
2468 229 111
2469 222 112
2470 224 108
2471 222 109
2472 232 103
2473 227 110
2474 234 114
2475 218 113
2476 221 101
2477 230 104
2478 227 108
2479 223 115
2480 233 113
2481 225 103
2482 6 178
2483 3 178
2484 5 178
2485 3 177
2486 4 170
2487 8 183
2488 0 172
2489 3 174
2490 9 170
2491 0 174
2492 4 183
2493 2 173
2494 8 182
2495 11 174
2496 0 171
2497 10 179
2498 4 172
2499 1 181
2500 5 175
2501 11 170
2502 5 180
2503 9 174
2504 5 177
2505 0 183
2506 4 182
2507 7 173
2508 195 46
2509 200 47
2510 198 50
2511 186 56
2512 187 45
2513 188 54
2514 198 52
2515 194 61
2516 190 46
2517 199 59
2518 195 47
2519 184 59
2520 191 46
2521 187 47
2522 190 55
2523 191 53
2524 196 55
2525 198 55
2526 193 47
2527 190 50
2528 194 46
2529 193 47
2530 192 46
2531 191 48
2532 185 59
2533 199 46
2534 191 50
2535 195 48
2536 185 57
2537 192 56
2538 195 88
2539 184 86
2540 201 93
2541 189 100
2542 201 92
2543 193 99
2544 190 88
2545 188 92
2546 191 91
2547 197 95
2548 191 99
2549 184 99
2550 198 90
2551 200 83
2552 201 90
2553 197 88
2554 193 85
2555 191 82
2556 189 85
2557 191 89
2558 195 85
2559 189 82
2560 185 99
2561 186 90
2562 199 82
2563 195 89
2564 190 89
2565 201 95
2566 193 91
2567 191 86
2568 99 127
2569 83 128
2570 86 132
2571 96 121
2572 91 120
2573 94 130
2574 85 125
2575 94 119
2576 82 125
2577 97 116
2578 82 128
2579 88 127
2580 85 116
2581 91 131
2582 97 131
2583 97 120
2584 91 130
2585 88 121
2586 97 132
2587 89 128
2588 99 116
2589 88 118
2590 86 126
2591 86 131
2592 89 122
2593 86 132
2594 89 131
2595 82 132
2596 82 125
2597 96 120
2598 94 19
2599 91 16
2600 97 25
2601 87 21
2602 94 22
2603 99 16
2604 99 19
2605 98 12
2606 94 12
2607 89 26
2608 92 26
2609 97 15
2610 97 18
2611 89 22
2612 97 23
2613 88 15
2614 83 17
2615 92 14
2616 91 15
2617 89 15
2618 100 22
2619 93 24
2620 82 21
2621 89 22
2622 94 22
2623 93 22
2624 99 18
2625 90 21
2626 87 13
2627 87 14
2628 17 199
2629 23 197
2630 21 199
2631 18 199
2632 20 195
2633 25 189
2634 27 200
2635 15 193
2636 17 198
2637 12 200
2638 20 196
2639 26 189
2640 26 192
2641 22 194
2642 20 194
2643 12 190
2644 12 195
2645 17 186
2646 27 197
2647 27 197
2648 18 193
2649 27 196
2650 24 189
2651 15 187
2652 16 201
2653 19 194
2654 26 191
2655 24 195
2656 20 186
2657 25 188
2658 142 5
2659 153 5
2660 153 11
2661 149 2
2662 139 6
2663 151 9
2664 152 8
2665 139 2
2666 139 4
2667 137 7
2668 142 3
2669 151 3
2670 139 1
2671 135 8
2672 142 5
2673 142 6
2674 139 11
2675 147 9
2676 143 10
2677 151 5
2678 144 6
2679 152 8
2680 145 1
2681 137 11
2682 138 6
2683 143 5
2684 142 6
2685 125 15
2686 123 24
2687 120 19
2688 124 20
2689 133 21
2690 119 15
2691 120 27
2692 130 20
2693 117 16
2694 130 20
2695 124 20
2696 133 13
2697 117 21
2698 132 12
2699 132 17
2700 120 21
2701 117 17
2702 116 16
2703 117 14
2704 123 23
2705 126 21
2706 130 19
2707 116 22
2708 130 21
2709 130 23
2710 124 19
2711 124 15
2712 133 23
2713 121 24
2714 116 27
2715 174 229
2716 169 227
2717 173 221
2718 178 218
2719 183 219
2720 183 227
2721 183 234
2722 175 219
2723 179 224
2724 182 220
2725 180 223
2726 175 228
2727 183 220
2728 171 222
2729 180 218
2730 175 221
2731 179 225
2732 180 230
2733 175 222
2734 178 233
2735 180 225
2736 169 227
2737 180 224
2738 180 219
2739 170 225
2740 175 228
2741 169 234
2742 170 226
2743 173 221
2744 176 225
2745 86 138
2746 88 139
2747 94 147
2748 87 148
2749 90 151
2750 92 142
2751 99 140
2752 93 147
2753 84 137
2754 100 151
2755 98 144
2756 90 149
2757 86 146
2758 85 151
2759 96 142
2760 89 148
2761 100 139
2762 93 136
2763 89 152
2764 95 152
2765 92 142
2766 90 149
2767 92 136
2768 94 149
2769 99 141
2770 87 141
2771 91 149
2772 94 145
2773 91 151
2774 86 140
2775 177 86
2776 174 93
2777 180 86
2778 170 96
2779 174 86
2780 179 86
2781 169 94
2782 172 82
2783 169 88
2784 176 91
2785 181 96
2786 177 93
2787 180 85
2788 181 83
2789 169 95
2790 182 91
2791 177 84
2792 177 83
2793 175 84
2794 176 85
2795 177 98
2796 182 85
2797 178 93
2798 174 88
2799 180 93
2800 171 92
2801 170 84
2802 170 83
2803 174 97
2804 180 98
2805 199 57
2806 189 54
2807 201 58
2808 199 49
2809 187 55
2810 200 45
2811 193 54
2812 195 47
2813 186 50
2814 186 61
2815 196 47
2816 185 60
2817 196 59
2818 188 56
2819 194 55
2820 195 57
2821 185 60
2822 198 60
2823 195 56
2824 191 48
2825 198 51
2826 184 45
2827 195 45
2828 194 57
2829 186 49
2830 192 47
2831 184 60
2832 187 61
2833 192 57
2834 185 55
2835 89 226
2836 88 233
2837 85 234
2838 93 218
2839 90 229
2840 89 232
2841 87 225
2842 94 233
2843 98 221
2844 85 219
2845 85 221
2846 94 229
2847 92 225
2848 85 229
2849 97 232
2850 96 219
2851 100 222
2852 93 229
2853 97 234
2854 84 219
2855 91 228
2856 88 223
2857 83 219
2858 95 228
2859 98 233
2860 91 223
2861 91 231
2862 85 226
2863 96 232
2864 95 224
2865 8 29
2866 11 34
2867 0 37
2868 7 42
2869 0 33
2870 10 44
2871 3 44
2872 11 38
2873 2 34
2874 8 43
2875 9 44
2876 6 42
2877 7 29
2878 10 40
2879 4 44
2880 11 38
2881 2 29
2882 4 35
2883 4 35
2884 2 41
2885 1 36
2886 0 36
2887 3 39
2888 2 34
2889 3 32
2890 7 32
2891 3 38
2892 0 38
2893 4 32
