253 277 10 2869
0 6
1 8
2 6
3 7
4 9
5 9
6 12
7 10
8 8
9 7
10 10
11 8
12 4
13 3
14 3
15 3
16 4
17 4
18 3
19 4
20 3
21 3
22 3
23 4
24 3
25 4
26 3
27 4
28 3
29 3
30 4
31 3
32 3
33 3
34 4
35 3
36 3
37 3
38 4
39 4
40 4
41 3
42 4
43 4
44 3
45 3
46 3
47 4
48 3
49 5
50 5
51 4
52 5
53 3
54 3
55 3
56 3
57 4
58 3
59 4
60 4
61 3
62 3
63 3
64 3
65 4
66 3
67 3
68 3
69 6
70 3
71 5
72 3
73 3
74 3
75 5
76 3
77 5
78 3
79 3
80 3
81 3
82 3
83 3
84 3
85 5
86 4
87 3
88 3
89 4
90 3
91 3
92 3
93 3
94 5
95 4
96 4
97 4
98 4
99 3
100 3
101 3
102 4
103 3
104 3
105 3
106 3
107 3
108 4
109 5
110 3
111 3
112 3
113 3
114 3
115 3
116 3
117 3
118 4
119 3
120 3
121 4
122 5
123 3
124 3
125 3
126 3
127 4
128 4
129 3
130 3
131 3
132 3
133 3
134 3
135 3
136 5
137 3
138 3
139 3
140 4
141 3
142 5
143 5
144 3
145 4
146 3
147 3
148 3
149 3
150 5
151 3
152 3
153 4
154 4
155 5
156 4
157 3
158 3
159 3
160 3
161 3
162 4
163 3
164 4
165 3
166 6
167 3
168 3
169 3
170 3
171 3
172 3
173 3
174 3
175 3
176 3
177 3
178 4
179 4
180 3
181 3
182 3
183 3
184 3
185 3
186 6
187 4
188 4
189 3
190 3
191 3
192 3
193 3
194 6
195 3
196 4
197 3
198 3
199 3
200 3
201 4
202 4
203 3
204 4
205 5
206 4
207 3
208 3
209 3
210 3
211 3
212 4
213 5
214 3
215 3
216 4
217 4
218 3
219 3
220 4
221 4
222 3
223 3
224 4
225 5
226 3
227 3
228 3
229 3
230 3
231 5
232 3
233 3
234 3
235 3
236 3
237 4
238 4
239 3
240 3
241 4
242 3
243 4
244 3
245 3
246 3
247 3
248 3
249 3
250 3
251 3
252 5
0 0 1
1 0 3
2 0 6
3 0 8
4 0 10
5 1 2
6 1 4
7 1 7
8 1 9
9 1 11
10 2 4
11 2 5
12 2 7
13 2 8
14 2 11
15 3 4
16 3 6
17 3 10
18 3 237
19 4 5
20 4 7
21 4 8
22 4 10
23 4 11
24 4 140
25 5 7
26 5 10
27 5 11
28 5 189
29 5 205
30 6 7
31 6 8
32 6 10
33 6 11
34 6 32
35 6 155
36 6 172
37 6 220
38 7 8
39 7 9
40 7 67
41 8 10
42 8 11
43 8 82
44 9 10
45 9 50
46 9 101
47 10 11
48 10 12
49 10 120
50 12 30
51 13 24
52 13 29
53 13 16
54 14 27
55 15 20
56 16 26
57 17 18
58 17 26
59 17 28
60 19 22
61 19 30
62 19 21
63 20 25
64 21 23
65 23 26
66 25 28
67 27 30
68 28 31
69 32 37
70 33 46
71 34 40
72 34 49
73 35 42
74 36 38
75 37 40
76 38 48
77 38 39
78 39 43
79 41 42
80 42 43
81 42 44
82 43 45
83 44 49
84 46 47
85 47 49
86 50 54
87 50 57
88 51 60
89 51 52
90 52 64
91 52 61
92 53 59
93 55 65
94 55 58
95 56 60
96 57 65
97 58 60
98 59 60
99 61 62
100 61 66
101 62 63
102 67 71
103 68 81
104 69 78
105 69 79
106 69 77
107 69 75
108 70 75
109 70 81
110 71 73
111 71 79
112 72 75
113 74 78
114 76 77
115 77 80
116 82 98
117 83 93
118 84 86
119 85 92
120 85 95
121 85 98
122 86 89
123 86 90
124 87 97
125 88 91
126 88 89
127 90 94
128 91 93
129 91 97
130 94 99
131 94 96
132 95 96
133 98 100
134 101 118
135 102 112
136 102 106
137 102 113
138 103 118
139 103 105
140 104 110
141 104 114
142 105 109
143 106 117
144 107 108
145 108 117
146 109 113
147 109 115
148 111 117
149 114 118
150 115 116
151 116 119
152 120 137
153 121 129
154 121 139
155 122 127
156 122 123
157 122 138
158 122 124
159 123 136
160 124 125
161 124 129
162 125 126
163 127 134
164 128 137
165 128 132
166 129 131
167 130 136
168 132 135
169 132 136
170 133 136
171 140 145
172 141 150
173 142 148
174 142 150
175 142 152
176 143 145
177 143 147
178 143 150
179 144 150
180 146 154
181 149 153
182 151 154
183 152 154
184 153 154
185 155 160
186 155 159
187 155 171
188 156 163
189 156 161
190 157 167
191 157 164
192 158 159
193 159 166
194 160 161
195 162 168
196 162 169
197 162 171
198 164 166
199 165 166
200 166 170
201 172 180
202 172 182
203 173 184
204 173 186
205 174 188
206 175 178
207 175 179
208 176 180
209 177 179
210 177 188
211 178 187
212 181 186
213 182 184
214 183 186
215 185 187
216 186 188
217 189 203
218 190 198
219 191 193
220 192 194
221 193 201
222 194 199
223 194 200
224 194 201
225 194 195
226 195 196
227 196 204
228 197 204
229 198 204
230 201 202
231 202 203
232 205 206
233 205 214
234 205 212
235 206 207
236 208 217
237 208 219
238 209 213
239 210 211
240 210 219
241 212 217
242 213 218
243 213 216
244 215 216
245 215 217
246 220 222
247 220 231
248 221 229
249 221 225
250 222 232
251 223 236
252 224 225
253 224 236
254 225 230
255 225 231
256 226 227
257 226 234
258 226 229
259 227 228
260 231 233
261 233 235
262 237 246
263 237 241
264 237 243
265 238 244
266 238 239
267 239 250
268 239 241
269 240 252
270 241 248
271 241 242
272 242 249
273 243 251
274 243 252
275 245 252
276 246 247
0 173 202
1 188 192
2 180 192
3 184 196
4 184 192
5 188 204
6 174 196
7 177 189
8 184 198
9 179 196
10 183 203
11 186 200
12 186 201
13 174 200
14 185 194
15 177 199
16 173 203
17 177 200
18 175 189
19 173 191
20 185 202
21 177 202
22 176 190
23 178 197
24 174 189
25 184 195
26 182 193
27 173 194
28 172 197
29 177 189
30 125 106
31 120 112
32 136 109
33 133 104
34 129 111
35 129 102
36 126 109
37 126 118
38 126 107
39 133 115
40 137 115
41 123 104
42 124 113
43 133 106
44 137 119
45 136 104
46 136 108
47 123 101
48 138 102
49 133 103
50 120 116
51 139 104
52 128 101
53 129 104
54 132 103
55 135 110
56 133 117
57 135 115
58 128 115
59 126 105
60 37 128
61 43 131
62 39 137
63 48 128
64 49 121
65 48 128
66 45 136
67 32 124
68 49 123
69 38 135
70 40 134
71 43 127
72 43 124
73 43 122
74 46 129
75 42 134
76 43 135
77 32 128
78 38 120
79 42 131
80 40 123
81 33 135
82 49 129
83 47 121
84 46 127
85 39 128
86 33 126
87 46 138
88 45 127
89 33 139
90 65 174
91 57 188
92 64 178
93 63 179
94 62 181
95 50 186
96 51 174
97 58 173
98 61 176
99 54 179
100 61 182
101 59 187
102 60 178
103 62 172
104 64 175
105 52 174
106 66 175
107 56 181
108 50 182
109 59 181
110 51 179
111 52 176
112 64 185
113 51 188
114 60 182
115 65 173
116 56 187
117 57 186
118 60 185
119 63 180
120 161 168
121 160 168
122 170 171
123 160 163
124 170 161
125 168 155
126 164 155
127 166 156
128 171 166
129 169 170
130 165 169
131 163 158
132 166 156
133 169 155
134 157 158
135 27 234
136 19 228
137 19 236
138 19 227
139 14 229
140 29 229
141 21 230
142 19 236
143 15 233
144 12 227
145 23 229
146 13 230
147 17 222
148 21 223
149 27 234
150 26 223
151 17 220
152 30 224
153 15 223
154 24 233
155 25 229
156 23 230
157 14 234
158 28 222
159 26 220
160 19 233
161 17 222
162 15 232
163 15 223
164 13 227
165 108 207
166 104 212
167 119 217
168 104 215
169 113 209
170 107 211
171 112 207
172 105 219
173 117 215
174 113 207
175 114 205
176 102 217
177 119 205
178 115 216
179 101 218
180 116 219
181 117 216
182 104 209
183 105 207
184 101 219
185 101 213
186 106 215
187 118 217
188 111 213
189 119 207
190 113 205
191 107 217
192 102 207
193 105 217
194 119 219
195 243 248
196 246 245
197 244 246
198 250 240
199 243 248
200 251 242
201 252 246
202 243 239
203 249 240
204 246 238
205 248 246
206 250 248
207 248 245
208 250 237
209 249 248
210 249 243
211 250 251
212 246 238
213 248 245
214 245 251
215 244 241
216 238 247
217 159 73
218 159 72
219 163 68
220 159 74
221 165 70
222 170 75
223 158 75
224 156 78
225 160 72
226 157 77
227 171 74
228 160 73
229 157 76
230 171 73
231 169 74
232 155 69
233 170 73
234 167 72
235 157 79
236 155 69
237 171 67
238 158 69
239 160 72
240 163 70
241 157 76
242 163 69
243 163 70
244 171 77
245 160 70
246 159 76
247 228 74
248 235 67
249 231 68
250 230 69
251 234 71
252 230 80
253 221 71
254 229 73
255 227 72
256 231 77
257 226 67
258 233 75
259 230 68
260 220 73
261 232 76
262 236 72
263 228 80
264 222 81
265 225 79
266 224 78
267 232 78
268 236 68
269 228 74
270 234 72
271 234 75
272 228 80
273 220 80
274 229 74
275 235 71
276 222 78
277 189 235
278 201 225
279 202 226
280 202 235
281 202 232
282 201 224
283 199 225
284 204 232
285 201 222
286 195 220
287 203 221
288 202 235
289 198 229
290 199 225
291 203 223
292 202 233
293 199 231
294 193 229
295 197 236
296 203 236
297 192 234
298 194 221
299 196 220
300 192 231
301 204 223
302 191 225
303 189 232
304 194 230
305 198 235
306 203 236
307 77 199
308 67 196
309 78 193
310 71 200
311 77 202
312 68 202
313 78 200
314 68 190
315 77 202
316 68 190
317 72 195
318 74 203
319 79 202
320 73 201
321 80 202
322 67 201
323 67 198
324 71 192
325 70 195
326 79 192
327 77 202
328 81 195
329 75 195
330 76 196
331 76 197
332 68 191
333 72 198
334 73 195
335 76 194
336 68 196
337 160 112
338 168 114
339 168 116
340 161 103
341 171 107
342 161 101
343 169 115
344 157 102
345 170 102
346 167 117
347 159 108
348 160 109
349 171 112
350 156 117
351 158 103
352 163 119
353 161 113
354 171 113
355 169 115
356 168 108
357 155 118
358 160 110
359 167 117
360 160 118
361 171 101
362 168 110
363 162 101
364 164 117
365 161 109
366 165 113
367 155 43
368 157 39
369 155 41
370 168 33
371 162 49
372 157 42
373 171 38
374 164 46
375 160 46
376 155 39
377 161 40
378 156 40
379 159 33
380 163 43
381 170 39
382 168 32
383 163 40
384 160 45
385 169 42
386 171 37
387 166 45
388 163 49
389 169 35
390 159 32
391 160 43
392 155 34
393 156 46
394 167 47
395 166 46
396 163 41
397 56 177
398 54 181
399 66 175
400 60 182
401 63 183
402 63 177
403 51 187
404 56 187
405 50 177
406 66 185
407 63 180
408 53 184
409 54 182
410 66 185
411 51 185
412 57 188
413 53 179
414 54 180
415 61 186
416 50 174
417 53 173
418 57 185
419 58 187
420 64 178
421 54 181
422 64 179
423 62 177
424 55 175
425 61 177
426 50 182
427 220 208
428 231 216
429 233 216
430 223 215
431 224 211
432 235 215
433 224 219
434 228 205
435 236 213
436 223 210
437 234 206
438 226 215
439 222 206
440 233 219
441 236 205
442 231 217
443 221 205
444 228 211
445 234 209
446 220 217
447 229 209
448 222 211
449 234 215
450 221 217
451 224 210
452 230 205
453 235 219
454 231 214
455 231 209
456 231 211
457 131 203
458 138 195
459 131 200
460 139 192
461 128 203
462 126 196
463 132 191
464 121 204
465 121 200
466 130 196
467 130 201
468 130 204
469 128 201
470 123 203
471 133 190
472 138 194
473 122 192
474 127 192
475 121 199
476 131 197
477 136 196
478 124 195
479 135 203
480 139 199
481 137 195
482 124 192
483 125 203
484 127 189
485 134 190
486 124 202
487 164 147
488 164 142
489 166 153
490 163 145
491 167 142
492 164 143
493 162 143
494 167 142
495 157 154
496 159 143
497 158 142
498 161 150
499 155 154
500 169 143
501 155 143
502 156 152
503 171 149
504 160 154
505 168 153
506 165 140
507 169 141
508 158 151
509 157 140
510 170 144
511 162 154
512 157 151
513 161 148
514 157 153
515 168 146
516 158 140
517 139 205
518 134 212
519 134 210
520 127 208
521 136 209
522 138 219
523 124 206
524 135 217
525 121 208
526 124 205
527 126 208
528 122 217
529 127 215
530 129 217
531 137 212
532 122 209
533 135 215
534 125 207
535 121 210
536 123 216
537 137 212
538 131 216
539 134 218
540 136 213
541 135 217
542 124 217
543 123 213
544 124 205
545 126 218
546 124 215
547 210 14
548 209 17
549 206 23
550 211 19
551 219 17
552 217 28
553 212 15
554 217 16
555 206 14
556 208 26
557 209 17
558 210 20
559 217 28
560 215 15
561 206 14
562 216 30
563 219 14
564 218 12
565 217 26
566 212 20
567 211 16
568 210 21
569 207 17
570 217 20
571 219 30
572 214 23
573 212 17
574 207 30
575 208 31
576 214 22
577 244 177
578 238 174
579 241 183
580 247 188
581 244 184
582 251 176
583 244 185
584 252 174
585 241 187
586 245 186
587 249 180
588 237 181
589 237 176
590 244 182
591 237 178
592 252 179
593 239 180
594 240 188
595 241 187
596 245 186
597 238 174
598 244 179
599 249 184
600 247 177
601 252 174
602 244 177
603 252 186
604 252 187
605 239 186
606 239 176
607 146 19
608 148 16
609 145 12
610 145 29
611 149 19
612 145 15
613 154 13
614 141 18
615 154 21
616 151 27
617 147 21
618 141 25
619 145 31
620 141 25
621 143 27
622 142 15
623 154 19
624 151 19
625 151 15
626 143 12
627 154 27
628 141 27
629 154 19
630 144 14
631 142 14
632 144 26
633 153 23
634 143 17
635 147 15
636 151 25
637 57 206
638 59 218
639 61 212
640 55 215
641 56 218
642 54 215
643 62 213
644 50 219
645 64 212
646 50 211
647 50 217
648 62 207
649 64 205
650 61 214
651 51 205
652 53 218
653 61 216
654 57 212
655 64 208
656 63 209
657 65 212
658 59 209
659 63 210
660 63 216
661 50 215
662 55 209
663 61 205
664 64 209
665 50 213
666 64 219
667 202 31
668 194 31
669 193 26
670 195 23
671 202 29
672 196 19
673 204 25
674 198 29
675 190 29
676 195 21
677 191 21
678 194 12
679 191 22
680 191 26
681 203 17
682 196 29
683 202 13
684 200 12
685 204 26
686 193 17
687 202 21
688 191 30
689 198 19
690 192 24
691 193 12
692 202 17
693 198 30
694 194 12
695 196 18
696 193 23
697 200 136
698 194 127
699 190 129
700 194 124
701 192 134
702 197 121
703 203 126
704 196 132
705 189 134
706 190 131
707 203 133
708 195 131
709 196 121
710 197 133
711 193 129
712 190 131
713 197 138
714 199 128
715 194 138
716 189 134
717 195 121
718 195 126
719 190 133
720 191 135
721 198 122
722 190 123
723 200 135
724 189 125
725 201 129
726 203 130
727 143 62
728 148 52
729 140 55
730 144 55
731 149 53
732 140 57
733 154 55
734 151 57
735 144 53
736 147 56
737 143 51
738 145 61
739 140 65
740 152 66
741 147 66
742 148 65
743 147 61
744 149 50
745 148 64
746 140 53
747 144 56
748 150 63
749 145 61
750 142 58
751 149 56
752 148 53
753 151 66
754 150 61
755 151 63
756 141 64
757 237 244
758 246 238
759 251 244
760 242 252
761 250 249
762 249 240
763 251 241
764 244 248
765 249 243
766 242 246
767 238 246
768 239 249
769 242 250
770 250 251
771 245 249
772 252 249
773 246 252
774 245 244
775 237 244
776 237 244
777 247 250
778 242 250
779 218 118
780 212 109
781 217 112
782 219 108
783 218 117
784 214 102
785 212 114
786 213 110
787 207 104
788 217 112
789 207 117
790 209 112
791 205 115
792 216 116
793 209 114
794 213 108
795 215 101
796 218 104
797 214 102
798 216 108
799 217 101
800 216 114
801 205 113
802 210 102
803 211 112
804 218 114
805 219 102
806 211 114
807 218 115
808 212 117
809 37 227
810 45 226
811 49 225
812 47 234
813 39 221
814 47 234
815 45 220
816 33 233
817 35 230
818 42 231
819 48 235
820 34 222
821 47 235
822 44 228
823 34 225
824 40 228
825 45 226
826 43 235
827 32 222
828 40 224
829 47 226
830 39 234
831 33 229
832 42 234
833 42 228
834 49 224
835 36 230
836 36 225
837 38 233
838 38 221
839 242 32
840 250 48
841 237 39
842 238 35
843 248 45
844 250 41
845 246 40
846 241 35
847 241 35
848 238 35
849 249 38
850 251 33
851 243 39
852 240 39
853 238 41
854 238 42
855 252 45
856 244 44
857 243 34
858 239 48
859 245 45
860 237 44
861 247 37
862 240 47
863 239 35
864 248 49
865 245 39
866 250 46
867 242 36
868 251 42
869 30 8
870 20 2
871 22 1
872 15 3
873 26 7
874 31 4
875 26 6
876 16 8
877 14 5
878 15 6
879 29 1
880 16 4
881 13 11
882 13 9
883 23 1
884 17 0
885 24 11
886 17 8
887 14 6
888 17 2
889 22 9
890 27 1
891 15 8
892 13 5
893 29 9
894 13 0
895 26 2
896 238 62
897 243 58
898 238 59
899 250 51
900 246 58
901 243 50
902 242 58
903 243 61
904 249 60
905 246 60
906 249 66
907 238 62
908 238 53
909 244 60
910 240 54
911 239 55
912 244 54
913 252 51
914 240 54
915 248 60
916 240 58
917 252 62
918 251 58
919 242 65
920 248 57
921 247 65
922 238 60
923 249 64
924 237 59
925 239 52
926 52 96
927 51 93
928 62 85
929 50 87
930 61 86
931 53 95
932 59 85
933 51 85
934 64 99
935 62 82
936 50 82
937 61 93
938 51 84
939 53 83
940 62 100
941 50 88
942 56 92
943 59 92
944 59 88
945 54 100
946 64 83
947 57 93
948 59 89
949 63 96
950 62 99
951 64 96
952 51 85
953 57 83
954 51 84
955 52 95
956 14 135
957 15 126
958 30 128
959 23 139
960 15 127
961 29 124
962 30 126
963 16 138
964 27 128
965 20 130
966 18 123
967 29 128
968 19 123
969 15 137
970 31 124
971 23 136
972 18 139
973 17 124
974 25 136
975 21 128
976 15 120
977 13 135
978 29 126
979 31 133
980 25 138
981 17 138
982 21 127
983 24 122
984 25 120
985 22 130
986 139 170
987 133 161
988 120 155
989 131 160
990 122 171
991 128 169
992 126 156
993 124 164
994 134 168
995 123 170
996 123 167
997 138 156
998 125 163
999 139 163
1000 131 170
1001 126 160
1002 122 169
1003 123 161
1004 137 160
1005 128 169
1006 130 164
1007 130 169
1008 138 158
1009 128 164
1010 129 164
1011 137 166
1012 128 162
1013 139 160
1014 130 156
1015 122 164
1016 42 176
1017 49 172
1018 32 173
1019 45 181
1020 44 174
1021 36 181
1022 47 188
1023 42 176
1024 42 172
1025 34 176
1026 33 180
1027 40 186
1028 36 185
1029 34 174
1030 37 188
1031 48 185
1032 46 178
1033 39 182
1034 49 186
1035 43 172
1036 48 184
1037 43 174
1038 49 181
1039 45 179
1040 34 175
1041 40 184
1042 35 173
1043 49 179
1044 37 176
1045 46 174
1046 93 59
1047 100 55
1048 97 50
1049 98 59
1050 87 59
1051 87 60
1052 98 62
1053 95 66
1054 86 56
1055 92 57
1056 95 56
1057 84 51
1058 85 62
1059 87 61
1060 94 59
1061 84 58
1062 93 55
1063 100 66
1064 82 57
1065 89 65
1066 92 54
1067 89 65
1068 86 55
1069 83 58
1070 85 64
1071 97 52
1072 85 61
1073 82 54
1074 96 60
1075 88 59
1076 57 136
1077 60 134
1078 65 124
1079 50 130
1080 55 128
1081 57 133
1082 57 133
1083 52 123
1084 60 129
1085 55 120
1086 53 130
1087 55 124
1088 61 136
1089 54 129
1090 55 139
1091 63 136
1092 59 137
1093 52 137
1094 61 128
1095 58 138
1096 64 129
1097 65 122
1098 63 128
1099 63 136
1100 57 122
1101 64 122
1102 51 121
1103 65 121
1104 66 138
1105 54 126
1106 149 138
1107 146 135
1108 153 130
1109 150 122
1110 147 128
1111 148 122
1112 153 122
1113 151 137
1114 150 131
1115 154 123
1116 140 122
1117 146 137
1118 148 132
1119 150 124
1120 145 128
1121 150 127
1122 143 130
1123 141 130
1124 152 138
1125 153 133
1126 150 138
1127 143 136
1128 143 121
1129 149 121
1130 148 130
1131 149 134
1132 144 132
1133 142 134
1134 140 131
1135 143 131
1136 153 109
1137 152 110
1138 144 117
1139 142 119
1140 140 116
1141 152 106
1142 154 113
1143 143 102
1144 151 118
1145 143 111
1146 150 106
1147 154 113
1148 142 109
1149 141 116
1150 145 119
1151 141 102
1152 142 104
1153 153 117
1154 154 105
1155 140 109
1156 153 102
1157 149 105
1158 154 107
1159 150 113
1160 154 119
1161 145 119
1162 143 104
1163 147 105
1164 143 108
1165 153 103
1166 188 42
1167 180 37
1168 181 38
1169 188 40
1170 173 32
1171 176 43
1172 187 43
1173 183 38
1174 174 43
1175 178 34
1176 188 37
1177 187 40
1178 185 36
1179 184 35
1180 177 47
1181 179 33
1182 176 47
1183 181 33
1184 187 37
1185 182 46
1186 175 39
1187 186 47
1188 180 37
1189 187 40
1190 182 43
1191 182 41
1192 181 45
1193 185 35
1194 176 32
1195 197 145
1196 203 152
1197 192 148
1198 195 152
1199 189 146
1200 203 142
1201 194 146
1202 189 143
1203 200 141
1204 200 140
1205 199 143
1206 204 144
1207 197 150
1208 202 152
1209 190 152
1210 198 148
1211 196 147
1212 199 147
1213 196 140
1214 192 151
1215 203 153
1216 195 150
1217 190 151
1218 203 140
1219 196 147
1220 193 142
1221 193 141
1222 194 141
1223 201 146
1224 193 152
1225 171 94
1226 157 93
1227 165 85
1228 166 89
1229 156 93
1230 170 83
1231 171 83
1232 167 98
1233 165 86
1234 165 82
1235 159 83
1236 169 91
1237 158 91
1238 160 84
1239 169 92
1240 166 95
1241 163 96
1242 162 91
1243 166 97
1244 164 92
1245 169 94
1246 159 98
1247 167 97
1248 160 82
1249 160 93
1250 167 84
1251 171 96
1252 159 91
1253 167 94
1254 164 82
1255 54 219
1256 66 206
1257 61 206
1258 63 210
1259 63 218
1260 58 214
1261 50 208
1262 64 207
1263 52 216
1264 51 208
1265 52 216
1266 57 206
1267 53 218
1268 55 215
1269 61 205
1270 65 206
1271 60 215
1272 61 208
1273 59 214
1274 54 219
1275 53 216
1276 61 218
1277 51 208
1278 66 205
1279 63 207
1280 60 209
1281 56 211
1282 64 216
1283 51 215
1284 51 218
1285 99 72
1286 93 79
1287 96 76
1288 92 76
1289 97 78
1290 91 78
1291 94 72
1292 92 72
1293 98 69
1294 89 80
1295 94 69
1296 94 70
1297 83 75
1298 98 80
1299 87 75
1300 88 81
1301 87 67
1302 97 73
1303 93 77
1304 88 70
1305 86 81
1306 92 70
1307 98 76
1308 92 72
1309 85 80
1310 88 75
1311 95 72
1312 89 81
1313 98 67
1314 94 79
1315 211 213
1316 212 209
1317 213 212
1318 210 216
1319 205 210
1320 217 207
1321 218 205
1322 215 211
1323 207 210
1324 210 207
1325 216 211
1326 206 209
1327 207 218
1328 207 218
1329 206 217
1330 210 215
1331 205 213
1332 216 206
1333 2 224
1334 7 231
1335 5 230
1336 5 227
1337 3 236
1338 3 224
1339 8 230
1340 9 234
1341 11 223
1342 3 228
1343 3 234
1344 7 229
1345 10 226
1346 9 222
1347 2 235
1348 6 233
1349 2 228
1350 0 222
1351 3 234
1352 7 235
1353 8 231
1354 11 234
1355 4 235
1356 4 221
1357 7 229
1358 6 225
1359 0 236
1360 9 225
1361 1 220
1362 8 232
1363 42 132
1364 46 135
1365 33 138
1366 38 131
1367 47 134
1368 49 122
1369 41 125
1370 46 127
1371 46 132
1372 39 126
1373 41 123
1374 39 139
1375 42 124
1376 34 121
1377 37 133
1378 47 120
1379 40 135
1380 48 120
1381 35 136
1382 35 134
1383 36 125
1384 41 137
1385 35 129
1386 46 130
1387 32 129
1388 47 138
1389 46 124
1390 36 126
1391 33 133
1392 32 136
1393 35 213
1394 39 206
1395 41 208
1396 45 217
1397 32 218
1398 41 208
1399 42 205
1400 38 214
1401 49 207
1402 36 206
1403 42 212
1404 40 205
1405 48 205
1406 37 209
1407 39 213
1408 46 218
1409 38 218
1410 45 214
1411 41 212
1412 42 207
1413 39 215
1414 32 214
1415 47 205
1416 37 219
1417 35 217
1418 46 211
1419 41 208
1420 46 209
1421 48 207
1422 44 208
1423 238 165
1424 249 170
1425 247 158
1426 240 167
1427 243 168
1428 241 157
1429 252 161
1430 248 166
1431 245 155
1432 238 160
1433 248 160
1434 248 170
1435 241 167
1436 252 167
1437 250 165
1438 245 163
1439 246 169
1440 244 165
1441 241 157
1442 242 155
1443 248 163
1444 251 171
1445 240 163
1446 246 165
1447 251 158
1448 238 169
1449 237 171
1450 246 164
1451 240 165
1452 251 169
1453 171 68
1454 161 73
1455 158 74
1456 155 78
1457 169 77
1458 156 69
1459 159 71
1460 165 77
1461 157 74
1462 170 76
1463 156 80
1464 160 68
1465 169 80
1466 160 67
1467 170 70
1468 155 76
1469 155 68
1470 166 68
1471 171 67
1472 160 75
1473 155 78
1474 163 81
1475 168 74
1476 170 80
1477 160 75
1478 170 74
1479 171 78
1480 169 78
1481 171 70
1482 163 69
1483 230 103
1484 234 102
1485 233 117
1486 226 106
1487 223 114
1488 224 105
1489 236 116
1490 226 114
1491 235 101
1492 222 116
1493 226 106
1494 226 108
1495 233 101
1496 222 103
1497 228 110
1498 220 116
1499 226 115
1500 223 104
1501 226 103
1502 220 115
1503 234 106
1504 230 113
1505 227 115
1506 225 108
1507 231 118
1508 231 105
1509 232 119
1510 236 116
1511 233 114
1512 234 112
1513 108 109
1514 102 118
1515 113 117
1516 106 103
1517 112 108
1518 118 117
1519 119 102
1520 110 116
1521 102 111
1522 106 109
1523 106 101
1524 111 116
1525 116 113
1526 105 101
1527 117 101
1528 110 107
1529 107 118
1530 118 112
1531 110 109
1532 104 108
1533 238 233
1534 246 230
1535 242 223
1536 245 231
1537 238 224
1538 246 221
1539 240 228
1540 240 224
1541 237 231
1542 244 232
1543 244 233
1544 237 236
1545 252 224
1546 247 234
1547 250 225
1548 243 221
1549 242 234
1550 248 221
1551 240 232
1552 247 224
1553 246 234
1554 247 223
1555 248 236
1556 249 221
1557 239 223
1558 250 222
1559 251 224
1560 239 229
1561 250 224
1562 247 229
1563 173 243
1564 176 238
1565 186 244
1566 176 249
1567 186 247
1568 181 240
1569 177 242
1570 182 250
1571 187 245
1572 187 243
1573 176 252
1574 187 245
1575 173 240
1576 174 240
1577 180 249
1578 185 247
1579 182 246
1580 176 244
1581 187 243
1582 186 251
1583 183 245
1584 185 250
1585 173 237
1586 186 250
1587 177 240
1588 183 251
1589 177 241
1590 186 238
1591 187 240
1592 185 249
1593 154 160
1594 150 157
1595 153 159
1596 154 159
1597 147 164
1598 149 165
1599 147 161
1600 146 171
1601 144 166
1602 151 155
1603 140 163
1604 153 166
1605 144 163
1606 151 170
1607 152 171
1608 146 159
1609 149 157
1610 141 157
1611 148 170
1612 141 170
1613 147 156
1614 152 161
1615 149 162
1616 154 159
1617 144 155
1618 148 165
1619 141 157
1620 154 156
1621 149 168
1622 142 170
1623 42 59
1624 38 55
1625 42 51
1626 47 54
1627 38 63
1628 34 58
1629 48 66
1630 46 59
1631 48 60
1632 33 55
1633 42 51
1634 42 51
1635 36 54
1636 47 58
1637 36 50
1638 41 55
1639 36 60
1640 44 53
1641 42 50
1642 49 62
1643 33 51
1644 32 52
1645 38 65
1646 41 50
1647 48 65
1648 36 57
1649 43 58
1650 32 54
1651 37 51
1652 44 60
1653 119 172
1654 116 174
1655 111 179
1656 105 180
1657 112 181
1658 118 188
1659 112 185
1660 109 186
1661 101 176
1662 110 179
1663 113 174
1664 119 187
1665 101 179
1666 116 181
1667 104 178
1668 110 186
1669 107 177
1670 109 177
1671 110 175
1672 110 179
1673 109 185
1674 112 180
1675 111 175
1676 106 178
1677 112 183
1678 109 188
1679 106 184
1680 107 186
1681 108 183
1682 108 186
1683 206 58
1684 212 51
1685 213 55
1686 210 53
1687 209 54
1688 216 63
1689 215 66
1690 206 66
1691 212 58
1692 218 53
1693 210 51
1694 211 51
1695 215 53
1696 214 51
1697 213 59
1698 212 62
1699 207 58
1700 218 56
1701 209 53
1702 208 50
1703 215 57
1704 216 66
1705 215 50
1706 210 59
1707 205 60
1708 216 62
1709 206 59
1710 217 62
1711 207 63
1712 210 56
1713 168 118
1714 157 115
1715 171 102
1716 158 108
1717 163 111
1718 168 102
1719 156 111
1720 166 119
1721 160 109
1722 159 102
1723 162 111
1724 157 116
1725 161 117
1726 170 112
1727 163 113
1728 169 104
1729 168 104
1730 160 108
1731 169 102
1732 169 111
1733 157 101
1734 166 115
1735 163 117
1736 163 101
1737 162 106
1738 167 112
1739 158 101
1740 162 106
1741 171 117
1742 168 112
1743 115 111
1744 105 108
1745 110 111
1746 104 116
1747 108 109
1748 118 110
1749 104 117
1750 116 108
1751 110 106
1752 114 116
1753 111 114
1754 113 116
1755 103 107
1756 101 109
1757 107 111
1758 109 104
1759 109 106
1760 115 104
1761 110 116
1762 104 109
1763 110 113
1764 118 119
1765 190 52
1766 191 59
1767 203 63
1768 196 65
1769 200 50
1770 202 54
1771 201 56
1772 192 54
1773 189 53
1774 191 54
1775 202 63
1776 201 51
1777 202 60
1778 198 55
1779 201 61
1780 193 52
1781 200 61
1782 204 66
1783 200 56
1784 196 66
1785 191 56
1786 199 63
1787 202 66
1788 201 55
1789 192 62
1790 189 51
1791 203 60
1792 199 64
1793 191 58
1794 198 50
1795 40 242
1796 41 247
1797 42 249
1798 37 239
1799 32 243
1800 42 252
1801 34 248
1802 39 240
1803 49 238
1804 32 245
1805 40 246
1806 37 250
1807 49 241
1808 48 243
1809 41 245
1810 48 239
1811 39 240
1812 44 242
1813 35 237
1814 41 241
1815 47 239
1816 35 240
1817 39 240
1818 46 246
1819 48 251
1820 44 241
1821 38 251
1822 47 237
1823 49 244
1824 42 246
1825 145 152
1826 152 149
1827 151 148
1828 145 151
1829 141 145
1830 149 151
1831 149 140
1832 143 146
1833 147 148
1834 142 140
1835 141 140
1836 145 141
1837 151 150
1838 142 145
1839 153 142
1840 154 144
1841 141 148
1842 147 152
1843 144 145
1844 98 20
1845 98 18
1846 91 20
1847 93 30
1848 94 12
1849 84 20
1850 82 19
1851 95 13
1852 91 31
1853 91 24
1854 98 18
1855 95 16
1856 91 31
1857 82 26
1858 84 28
1859 90 15
1860 93 26
1861 84 22
1862 88 21
1863 93 12
1864 85 24
1865 88 22
1866 84 28
1867 84 25
1868 96 27
1869 97 21
1870 85 23
1871 84 19
1872 87 21
1873 94 22
1874 108 172
1875 119 184
1876 104 173
1877 118 187
1878 109 179
1879 112 188
1880 117 186
1881 118 188
1882 104 176
1883 106 184
1884 118 188
1885 112 176
1886 113 178
1887 109 177
1888 117 185
1889 107 173
1890 105 183
1891 102 173
1892 102 173
1893 118 177
1894 118 182
1895 111 177
1896 102 178
1897 117 175
1898 116 182
1899 119 186
1900 101 188
1901 108 176
1902 112 181
1903 119 182
1904 138 155
1905 139 156
1906 137 160
1907 136 158
1908 128 170
1909 121 171
1910 126 156
1911 126 168
1912 136 164
1913 122 170
1914 126 171
1915 125 165
1916 127 158
1917 126 163
1918 132 158
1919 135 159
1920 125 159
1921 132 166
1922 133 159
1923 129 158
1924 137 171
1925 120 167
1926 134 168
1927 139 170
1928 121 166
1929 122 166
1930 129 159
1931 131 156
1932 121 162
1933 122 155
1934 226 151
1935 229 150
1936 222 151
1937 224 149
1938 222 144
1939 228 142
1940 227 154
1941 236 151
1942 224 150
1943 227 148
1944 227 152
1945 227 144
1946 229 151
1947 229 152
1948 222 141
1949 236 146
1950 231 147
1951 225 151
1952 229 140
1953 235 147
1954 228 144
1955 232 140
1956 225 147
1957 227 143
1958 221 143
1959 221 142
1960 231 142
1961 231 149
1962 235 149
1963 224 146
1964 105 50
1965 114 65
1966 113 65
1967 117 61
1968 104 51
1969 106 63
1970 119 57
1971 106 54
1972 113 66
1973 114 60
1974 108 60
1975 109 64
1976 108 61
1977 115 65
1978 104 54
1979 113 53
1980 113 56
1981 111 65
1982 112 52
1983 105 62
1984 103 56
1985 101 57
1986 105 60
1987 114 63
1988 109 64
1989 110 58
1990 103 60
1991 106 59
1992 102 65
1993 110 60
1994 64 239
1995 56 248
1996 50 252
1997 54 248
1998 61 242
1999 51 250
2000 63 239
2001 53 250
2002 52 245
2003 58 252
2004 59 238
2005 51 247
2006 61 239
2007 50 237
2008 61 248
2009 63 246
2010 60 251
2011 62 246
2012 50 239
2013 50 243
2014 62 252
2015 50 244
2016 65 251
2017 51 249
2018 60 245
2019 65 240
2020 66 237
2021 52 240
2022 63 244
2023 58 240
2024 160 129
2025 166 130
2026 166 134
2027 160 125
2028 161 132
2029 163 137
2030 166 120
2031 159 133
2032 161 128
2033 159 125
2034 161 124
2035 163 132
2036 158 138
2037 165 120
2038 159 127
2039 169 125
2040 158 133
2041 165 130
2042 160 128
2043 158 130
2044 167 126
2045 157 136
2046 162 125
2047 160 122
2048 170 121
2049 164 123
2050 155 134
2051 168 120
2052 156 127
2053 168 131
2054 159 197
2055 155 196
2056 156 198
2057 155 195
2058 167 196
2059 161 204
2060 158 194
2061 170 204
2062 171 197
2063 156 199
2064 160 192
2065 167 189
2066 163 201
2067 168 195
2068 155 195
2069 155 204
2070 165 191
2071 160 196
2072 168 198
2073 161 197
2074 169 202
2075 161 204
2076 161 196
2077 162 203
2078 163 190
2079 159 196
2080 164 200
2081 165 193
2082 161 204
2083 160 197
2084 99 177
2085 96 186
2086 97 172
2087 96 175
2088 95 175
2089 87 188
2090 85 172
2091 86 184
2092 89 187
2093 93 179
2094 84 173
2095 99 172
2096 91 172
2097 94 178
2098 99 185
2099 97 175
2100 97 188
2101 96 179
2102 88 184
2103 93 173
2104 89 179
2105 94 184
2106 99 187
2107 98 173
2108 90 184
2109 94 184
2110 100 172
2111 93 175
2112 93 174
2113 92 186
2114 227 132
2115 222 122
2116 228 131
2117 231 139
2118 221 138
2119 233 134
2120 229 134
2121 232 134
2122 233 139
2123 234 138
2124 223 134
2125 232 135
2126 229 129
2127 236 135
2128 236 130
2129 234 126
2130 234 137
2131 231 122
2132 236 127
2133 232 137
2134 226 121
2135 227 123
2136 224 126
2137 223 134
2138 223 132
2139 231 132
2140 221 137
2141 234 121
2142 236 139
2143 223 121
2144 17 27
2145 18 20
2146 18 23
2147 18 15
2148 31 23
2149 17 30
2150 29 26
2151 12 18
2152 13 27
2153 29 15
2154 29 25
2155 24 28
2156 17 21
2157 22 16
2158 28 21
2159 20 18
2160 17 13
2161 16 22
2162 22 18
2163 22 25
2164 214 186
2165 209 180
2166 210 179
2167 219 177
2168 212 177
2169 211 177
2170 211 176
2171 215 181
2172 210 186
2173 210 184
2174 217 182
2175 210 183
2176 206 179
2177 211 187
2178 213 173
2179 215 184
2180 215 179
2181 206 184
2182 211 177
2183 207 176
2184 211 174
2185 214 174
2186 218 186
2187 211 182
2188 218 176
2189 218 178
2190 212 188
2191 217 181
2192 215 177
2193 213 184
2194 207 231
2195 216 236
2196 211 224
2197 219 223
2198 213 224
2199 219 220
2200 208 226
2201 211 228
2202 216 233
2203 214 230
2204 211 228
2205 217 235
2206 207 227
2207 219 224
2208 213 229
2209 209 229
2210 214 235
2211 210 220
2212 218 233
2213 215 231
2214 211 235
2215 214 225
2216 213 235
2217 219 226
2218 214 223
2219 212 223
2220 210 230
2221 214 231
2222 209 225
2223 207 228
2224 79 86
2225 81 94
2226 75 97
2227 76 95
2228 80 89
2229 72 86
2230 76 83
2231 75 82
2232 75 84
2233 81 89
2234 78 100
2235 76 91
2236 68 91
2237 70 88
2238 76 87
2239 76 83
2240 79 100
2241 70 90
2242 79 97
2243 74 97
2244 67 94
2245 81 83
2246 70 96
2247 67 97
2248 81 84
2249 73 83
2250 76 85
2251 69 89
2252 73 82
2253 77 85
2254 213 242
2255 214 249
2256 217 243
2257 207 245
2258 213 242
2259 216 241
2260 218 248
2261 210 251
2262 217 245
2263 206 250
2264 206 240
2265 208 241
2266 206 243
2267 205 245
2268 205 248
2269 205 247
2270 219 237
2271 219 252
2272 216 249
2273 209 252
2274 205 242
2275 208 241
2276 205 251
2277 209 245
2278 205 237
2279 211 237
2280 208 239
2281 210 237
2282 215 240
2283 208 239
2284 164 18
2285 164 26
2286 155 15
2287 160 17
2288 170 25
2289 155 13
2290 155 22
2291 155 16
2292 155 18
2293 160 16
2294 170 12
2295 157 29
2296 156 31
2297 166 12
2298 158 30
2299 157 27
2300 156 15
2301 164 28
2302 157 22
2303 159 17
2304 171 28
2305 168 29
2306 167 21
2307 167 13
2308 158 14
2309 161 17
2310 171 24
2311 162 28
2312 160 14
2313 167 21
2314 46 21
2315 41 13
2316 34 28
2317 41 27
2318 48 26
2319 41 16
2320 41 18
2321 38 26
2322 41 14
2323 36 14
2324 45 12
2325 38 19
2326 38 17
2327 46 23
2328 32 13
2329 34 21
2330 34 22
2331 45 23
2332 36 19
2333 35 31
2334 45 29
2335 35 27
2336 38 22
2337 33 16
2338 44 23
2339 45 27
2340 35 17
2341 33 27
2342 38 31
2343 37 31
2344 93 25
2345 95 21
2346 99 14
2347 83 24
2348 92 19
2349 84 14
2350 90 12
2351 88 18
2352 91 20
2353 94 26
2354 87 31
2355 90 17
2356 87 17
2357 100 13
2358 82 30
2359 87 25
2360 82 27
2361 89 20
2362 97 23
2363 91 24
2364 82 19
2365 95 28
2366 95 26
2367 84 17
2368 97 23
2369 94 24
2370 84 21
2371 87 15
2372 84 16
2373 87 15
2374 52 228
2375 50 220
2376 55 222
2377 63 226
2378 66 225
2379 61 220
2380 54 236
2381 51 233
2382 61 234
2383 66 226
2384 62 230
2385 50 236
2386 61 223
2387 55 228
2388 53 230
2389 56 235
2390 50 225
2391 56 226
2392 62 233
2393 66 224
2394 64 224
2395 66 224
2396 61 228
2397 52 224
2398 54 226
2399 61 230
2400 62 233
2401 65 225
2402 56 222
2403 52 223
2404 181 130
2405 181 127
2406 180 135
2407 175 136
2408 183 129
2409 180 120
2410 183 122
2411 184 137
2412 174 123
2413 181 128
2414 185 132
2415 188 121
2416 177 134
2417 184 131
2418 187 127
2419 182 122
2420 175 121
2421 183 136
2422 187 129
2423 184 128
2424 182 132
2425 176 131
2426 173 124
2427 184 133
2428 184 123
2429 188 139
2430 183 127
2431 172 124
2432 181 129
2433 185 139
2434 65 223
2435 63 221
2436 65 227
2437 53 231
2438 54 231
2439 50 224
2440 52 222
2441 57 233
2442 57 228
2443 52 224
2444 51 234
2445 62 225
2446 52 221
2447 56 220
2448 57 225
2449 65 230
2450 50 230
2451 52 221
2452 54 235
2453 54 222
2454 52 232
2455 50 220
2456 65 232
2457 66 225
2458 62 227
2459 52 232
2460 66 220
2461 63 234
2462 64 227
2463 57 236
2464 203 170
2465 199 165
2466 200 156
2467 202 168
2468 195 170
2469 202 156
2470 189 170
2471 204 161
2472 193 171
2473 196 161
2474 202 167
2475 197 157
2476 202 171
2477 200 166
2478 195 160
2479 191 165
2480 192 157
2481 202 156
2482 190 166
2483 197 157
2484 195 158
2485 192 155
2486 193 168
2487 198 155
2488 195 158
2489 193 166
2490 189 157
2491 189 165
2492 201 168
2493 199 159
2494 146 49
2495 149 48
2496 147 35
2497 147 38
2498 152 36
2499 145 35
2500 152 48
2501 153 49
2502 147 35
2503 150 38
2504 151 35
2505 143 35
2506 152 37
2507 141 37
2508 140 37
2509 152 33
2510 147 40
2511 151 48
2512 149 43
2513 147 37
2514 146 39
2515 152 43
2516 154 42
2517 147 46
2518 148 42
2519 152 37
2520 152 34
2521 144 49
2522 147 39
2523 148 45
2524 61 132
2525 55 136
2526 66 122
2527 60 132
2528 55 129
2529 62 131
2530 63 120
2531 64 129
2532 55 121
2533 62 123
2534 57 127
2535 50 131
2536 61 129
2537 50 134
2538 60 124
2539 51 128
2540 61 123
2541 65 136
2542 59 124
2543 59 129
2544 53 136
2545 52 126
2546 56 120
2547 66 126
2548 64 132
2549 66 126
2550 58 121
2551 61 128
2552 57 127
2553 65 135
2554 246 25
2555 248 30
2556 239 29
2557 252 29
2558 244 27
2559 245 26
2560 242 16
2561 238 16
2562 243 13
2563 243 13
2564 248 19
2565 250 27
2566 251 14
2567 249 21
2568 246 25
2569 251 21
2570 242 21
2571 243 18
2572 249 25
2573 241 15
2574 247 29
2575 244 21
2576 248 13
2577 244 25
2578 241 21
2579 244 31
2580 244 20
2581 237 21
2582 239 18
2583 242 27
2584 70 199
2585 80 200
2586 69 189
2587 73 200
2588 73 189
2589 77 203
2590 73 204
2591 74 202
2592 70 202
2593 71 204
2594 67 201
2595 76 190
2596 70 200
2597 67 191
2598 75 202
2599 72 202
2600 81 202
2601 74 194
2602 71 198
2603 81 200
2604 67 194
2605 76 202
2606 75 190
2607 67 189
2608 75 196
2609 78 201
2610 79 204
2611 71 190
2612 72 192
2613 73 189
2614 149 147
2615 148 141
2616 152 149
2617 149 146
2618 151 148
2619 140 146
2620 147 152
2621 153 148
2622 143 151
2623 151 140
2624 142 147
2625 146 144
2626 149 146
2627 151 145
2628 148 151
2629 150 153
2630 229 217
2631 224 205
2632 226 209
2633 220 214
2634 236 209
2635 224 208
2636 231 212
2637 236 217
2638 220 209
2639 234 207
2640 233 209
2641 227 215
2642 221 211
2643 220 219
2644 222 208
2645 228 210
2646 229 217
2647 225 205
2648 222 216
2649 220 215
2650 222 216
2651 227 215
2652 232 215
2653 231 213
2654 225 210
2655 235 215
2656 232 205
2657 231 210
2658 236 212
2659 223 210
2660 168 133
2661 161 137
2662 165 123
2663 160 136
2664 157 135
2665 157 123
2666 165 132
2667 167 139
2668 161 122
2669 171 125
2670 164 136
2671 170 126
2672 167 128
2673 160 123
2674 156 131
2675 163 131
2676 159 130
2677 159 139
2678 163 121
2679 168 134
2680 168 124
2681 161 138
2682 170 137
2683 161 131
2684 171 133
2685 164 124
2686 163 134
2687 169 122
2688 156 139
2689 170 124
2690 3 99
2691 10 91
2692 0 93
2693 10 98
2694 4 88
2695 1 87
2696 1 94
2697 11 91
2698 1 90
2699 1 91
2700 11 90
2701 4 91
2702 1 83
2703 10 96
2704 7 94
2705 1 95
2706 8 89
2707 0 83
2708 6 92
2709 7 99
2710 3 92
2711 7 99
2712 1 93
2713 2 92
2714 0 100
2715 0 94
2716 10 96
2717 6 91
2718 8 94
2719 71 163
2720 76 158
2721 80 157
2722 76 155
2723 77 157
2724 77 171
2725 71 155
2726 70 157
2727 69 170
2728 72 169
2729 79 163
2730 67 163
2731 69 169
2732 75 159
2733 78 159
2734 77 170
2735 77 165
2736 76 163
2737 70 165
2738 81 168
2739 71 160
2740 67 161
2741 79 158
2742 78 156
2743 75 160
2744 71 158
2745 67 163
2746 79 166
2747 73 158
2748 67 161
2749 182 79
2750 175 73
2751 172 80
2752 177 77
2753 176 77
2754 176 79
2755 186 80
2756 181 71
2757 177 69
2758 185 81
2759 176 70
2760 174 69
2761 187 76
2762 184 77
2763 174 68
2764 183 70
2765 177 75
2766 178 69
2767 184 71
2768 181 78
2769 181 79
2770 185 75
2771 185 76
2772 188 68
2773 175 75
2774 176 75
2775 180 69
2776 185 79
2777 186 79
2778 183 73
2779 17 93
2780 25 93
2781 14 84
2782 23 93
2783 27 96
2784 31 83
2785 22 94
2786 13 91
2787 15 97
2788 13 98
2789 26 91
2790 19 83
2791 25 98
2792 15 86
2793 24 92
2794 27 95
2795 31 86
2796 17 92
2797 31 93
2798 24 87
2799 14 94
2800 13 90
2801 15 83
2802 26 89
2803 31 85
2804 28 87
2805 15 92
2806 12 82
2807 24 100
2808 20 93
2809 58 109
2810 55 108
2811 64 118
2812 66 104
2813 52 106
2814 66 116
2815 57 115
2816 50 112
2817 63 116
2818 57 111
2819 56 118
2820 58 103
2821 65 116
2822 66 116
2823 61 113
2824 65 113
2825 66 103
2826 51 116
2827 57 108
2828 66 119
2829 63 109
2830 57 114
2831 57 105
2832 55 104
2833 52 104
2834 60 114
2835 62 113
2836 62 113
2837 53 112
2838 61 111
2839 90 147
2840 98 153
2841 88 154
2842 93 154
2843 89 145
2844 93 148
2845 85 146
2846 89 151
2847 87 141
2848 98 153
2849 93 141
2850 84 145
2851 83 144
2852 92 152
2853 84 153
2854 82 140
2855 99 154
2856 86 150
2857 84 154
2858 98 144
2859 92 142
2860 94 144
2861 89 152
2862 90 148
2863 88 141
2864 92 154
2865 87 140
2866 96 152
2867 97 149
2868 83 154
