213 236 10 2885
0 10
1 7
2 9
3 6
4 8
5 9
6 6
7 11
8 9
9 8
10 8
11 8
12 4
13 3
14 4
15 3
16 3
17 3
18 3
19 6
20 3
21 3
22 3
23 4
24 3
25 5
26 3
27 3
28 3
29 3
30 3
31 5
32 3
33 3
34 6
35 3
36 3
37 3
38 3
39 3
40 3
41 3
42 3
43 5
44 3
45 6
46 5
47 3
48 4
49 3
50 3
51 3
52 3
53 3
54 4
55 3
56 3
57 4
58 3
59 3
60 3
61 3
62 3
63 4
64 3
65 3
66 6
67 3
68 3
69 3
70 4
71 3
72 4
73 3
74 3
75 3
76 5
77 3
78 3
79 3
80 4
81 3
82 4
83 3
84 3
85 3
86 3
87 4
88 3
89 3
90 4
91 3
92 3
93 5
94 3
95 3
96 3
97 3
98 4
99 3
100 3
101 3
102 4
103 6
104 4
105 3
106 4
107 3
108 5
109 3
110 3
111 3
112 5
113 3
114 3
115 3
116 7
117 3
118 6
119 3
120 3
121 3
122 3
123 3
124 3
125 3
126 4
127 5
128 7
129 3
130 3
131 3
132 3
133 4
134 4
135 4
136 3
137 3
138 3
139 4
140 4
141 3
142 3
143 5
144 3
145 3
146 3
147 3
148 3
149 5
150 3
151 3
152 3
153 3
154 3
155 3
156 3
157 3
158 3
159 4
160 3
161 3
162 3
163 5
164 3
165 4
166 4
167 3
168 3
169 3
170 5
171 3
172 3
173 3
174 3
175 4
176 4
177 3
178 4
179 3
180 6
181 4
182 6
183 3
184 3
185 3
186 3
187 4
188 3
189 3
190 3
191 5
192 4
193 6
194 3
195 3
196 3
197 3
198 5
199 3
200 5
201 3
202 5
203 3
204 3
205 3
206 4
207 3
208 3
209 3
210 4
211 3
212 3
0 0 1
1 0 3
2 0 5
3 0 8
4 0 9
5 0 11
6 0 135
7 0 151
8 1 4
9 1 5
10 1 6
11 1 7
12 1 10
13 1 183
14 2 5
15 2 7
16 2 8
17 2 11
18 2 12
19 2 60
20 2 198
21 3 7
22 3 8
23 3 9
24 3 80
25 4 6
26 4 7
27 4 8
28 4 10
29 4 117
30 4 166
31 5 7
32 5 9
33 5 10
34 5 45
35 6 7
36 6 8
37 6 9
38 6 11
39 7 9
40 7 10
41 7 97
42 8 9
43 8 11
44 9 11
45 10 11
46 10 30
47 12 14
48 12 19
49 13 23
50 13 17
51 14 18
52 15 20
53 15 29
54 16 21
55 16 24
56 17 19
57 18 24
58 19 28
59 19 25
60 22 26
61 22 23
62 25 27
63 25 29
64 30 36
65 31 37
66 31 41
67 31 39
68 32 34
69 33 43
70 34 39
71 34 35
72 34 43
73 35 42
74 36 43
75 38 41
76 40 43
77 43 44
78 45 49
79 45 52
80 45 54
81 45 46
82 46 47
83 46 59
84 47 55
85 47 53
86 48 51
87 48 57
88 50 52
89 53 58
90 54 57
91 56 57
92 60 72
93 61 73
94 62 77
95 63 67
96 63 70
97 64 75
98 65 66
99 66 68
100 66 71
101 66 75
102 66 69
103 69 74
104 70 74
105 72 74
106 72 76
107 73 77
108 75 78
109 76 77
110 76 79
111 80 89
112 81 88
113 82 83
114 82 87
115 83 92
116 84 95
117 84 94
118 85 86
119 85 87
120 87 94
121 88 93
122 89 93
123 90 93
124 90 96
125 91 94
126 91 93
127 97 108
128 98 109
129 98 116
130 99 102
131 100 103
132 101 107
133 101 104
134 102 116
135 103 110
136 103 112
137 103 108
138 104 108
139 105 106
140 106 116
141 108 116
142 111 114
143 112 114
144 112 115
145 113 116
146 117 126
147 118 130
148 118 126
149 118 132
150 118 128
151 119 133
152 119 127
153 120 127
154 121 128
155 122 123
156 122 134
157 124 128
158 125 127
159 126 131
160 127 134
161 128 129
162 128 133
163 135 136
164 135 149
165 137 143
166 138 139
167 139 147
168 139 149
169 140 148
170 140 146
171 141 145
172 142 146
173 142 147
174 143 145
175 143 146
176 144 149
177 144 150
178 151 157
179 151 160
180 152 156
181 152 165
182 153 160
183 154 164
184 155 160
185 155 163
186 157 162
187 158 159
188 159 164
189 159 165
190 161 163
191 163 165
192 166 181
193 167 181
194 167 182
195 168 170
196 169 177
197 169 178
198 170 172
199 170 176
200 171 182
201 173 175
202 174 182
203 175 176
204 175 180
205 178 180
206 179 180
207 180 182
208 183 186
209 184 192
210 184 191
211 185 194
212 186 193
213 187 188
214 187 193
215 189 190
216 189 193
217 191 195
218 191 197
219 192 194
220 193 196
221 193 195
222 198 205
223 198 199
224 198 210
225 199 203
226 199 207
227 200 206
228 200 211
229 200 209
230 201 204
231 201 210
232 202 208
233 202 210
234 202 206
235 209 212
0 209 25
1 198 16
2 204 28
3 199 25
4 207 22
5 201 28
6 207 21
7 210 28
8 198 27
9 207 25
10 207 15
11 207 29
12 202 27
13 205 13
14 206 29
15 203 12
16 199 15
17 205 13
18 207 28
19 199 16
20 206 23
21 208 15
22 208 14
23 200 26
24 209 13
25 205 29
26 199 25
27 203 29
28 208 25
29 203 25
30 4 90
31 3 93
32 0 88
33 4 87
34 4 95
35 4 94
36 10 96
37 5 87
38 10 86
39 2 84
40 9 84
41 1 90
42 8 81
43 0 84
44 8 92
45 5 90
46 0 87
47 8 96
48 1 93
49 1 94
50 2 90
51 8 85
52 6 81
53 11 85
54 10 91
55 5 83
56 2 91
57 5 88
58 8 89
59 1 126
60 10 130
61 3 129
62 10 121
63 2 134
64 9 129
65 2 128
66 11 129
67 11 129
68 4 129
69 4 132
70 11 124
71 6 122
72 3 128
73 9 124
74 9 117
75 9 117
76 4 124
77 2 118
78 3 133
79 10 124
80 0 117
81 8 123
82 5 131
83 9 122
84 1 119
85 5 118
86 9 129
87 1 122
88 7 127
89 145 91
90 137 94
91 136 95
92 149 93
93 140 93
94 142 84
95 136 95
96 135 80
97 142 93
98 145 91
99 149 93
100 141 80
101 138 88
102 143 84
103 147 91
104 145 80
105 139 93
106 143 94
107 137 95
108 136 96
109 140 95
110 142 90
111 144 93
112 138 85
113 141 95
114 139 81
115 148 95
116 135 86
117 148 85
118 146 82
119 86 164
120 92 153
121 96 152
122 85 159
123 83 164
124 92 165
125 93 159
126 96 152
127 80 163
128 96 165
129 81 165
130 92 155
131 89 160
132 80 155
133 86 164
134 95 152
135 95 152
136 93 151
137 93 158
138 88 160
139 89 157
140 85 155
141 90 163
142 82 153
143 94 157
144 91 158
145 88 155
146 90 158
147 86 158
148 96 152
149 123 64
150 117 60
151 126 71
152 117 64
153 134 73
154 117 64
155 123 66
156 125 68
157 126 64
158 127 69
159 134 61
160 132 67
161 117 74
162 133 78
163 121 64
164 122 66
165 118 69
166 134 60
167 121 68
168 123 60
169 121 69
170 122 75
171 117 79
172 128 69
173 123 72
174 131 64
175 133 78
176 126 67
177 127 75
178 125 76
179 19 72
180 12 78
181 23 73
182 20 62
183 29 63
184 13 71
185 19 69
186 22 79
187 26 65
188 27 70
189 14 63
190 19 78
191 12 64
192 21 79
193 18 79
194 12 61
195 24 63
196 23 62
197 28 61
198 26 76
199 28 62
200 12 70
201 14 64
202 18 65
203 29 74
204 24 71
205 18 63
206 26 70
207 21 63
208 29 8
209 23 9
210 15 11
211 15 3
212 25 8
213 15 5
214 21 11
215 16 5
216 29 3
217 17 7
218 28 3
219 29 9
220 23 7
221 12 4
222 16 5
223 22 7
224 12 9
225 18 1
226 24 3
227 15 7
228 26 0
229 28 7
230 19 0
231 29 9
232 27 11
233 24 2
234 25 7
235 25 1
236 27 2
237 16 11
238 18 2
239 29 3
240 13 4
241 15 9
242 23 0
243 27 7
244 26 0
245 19 4
246 22 8
247 23 2
248 22 4
249 26 6
250 24 5
251 21 2
252 16 7
253 19 10
254 19 10
255 18 10
256 12 6
257 27 7
258 21 3
259 21 10
260 28 1
261 12 1
262 29 4
263 14 6
264 17 3
265 188 195
266 196 197
267 193 194
268 195 194
269 195 190
270 186 191
271 189 197
272 186 194
273 186 190
274 197 183
275 190 183
276 194 195
277 192 186
278 193 197
279 194 193
280 192 183
281 185 184
282 18 63
283 29 73
284 27 76
285 24 60
286 12 73
287 12 71
288 23 69
289 29 61
290 18 67
291 21 64
292 14 67
293 27 75
294 16 69
295 12 67
296 13 61
297 29 63
298 12 67
299 19 75
300 25 76
301 24 64
302 29 70
303 13 62
304 29 61
305 16 64
306 17 65
307 12 70
308 15 78
309 29 79
310 24 77
311 13 63
312 137 177
313 145 181
314 140 180
315 143 180
316 142 179
317 141 169
318 140 169
319 137 177
320 149 169
321 148 168
322 135 182
323 139 168
324 148 172
325 142 180
326 138 168
327 145 168
328 142 182
329 147 166
330 144 173
331 142 174
332 149 168
333 140 173
334 146 181
335 137 176
336 145 167
337 139 180
338 140 180
339 137 170
340 136 167
341 147 175
342 206 3
343 204 3
344 205 3
345 199 11
346 207 11
347 207 6
348 206 0
349 204 4
350 200 0
351 200 8
352 198 10
353 199 10
354 202 0
355 203 4
356 209 5
357 205 0
358 203 9
359 200 4
360 212 2
361 201 6
362 199 11
363 200 8
364 199 4
365 209 10
366 210 11
367 201 1
368 206 1
369 211 5
370 64 19
371 70 26
372 63 20
373 62 26
374 63 28
375 65 22
376 72 29
377 62 23
378 77 19
379 60 13
380 70 18
381 66 21
382 68 14
383 61 24
384 73 16
385 77 22
386 76 26
387 70 26
388 75 12
389 65 18
390 65 29
391 64 12
392 79 18
393 60 24
394 79 27
395 64 16
396 68 22
397 73 28
398 66 14
399 66 27
400 0 195
401 5 194
402 3 192
403 8 190
404 8 196
405 6 184
406 11 194
407 2 197
408 4 187
409 3 191
410 2 190
411 2 188
412 6 197
413 2 194
414 0 186
415 7 188
416 11 188
417 5 192
418 9 185
419 5 191
420 7 186
421 6 196
422 6 195
423 4 187
424 5 195
425 2 189
426 4 189
427 7 194
428 144 105
429 150 114
430 140 115
431 143 116
432 148 116
433 142 111
434 145 116
435 139 115
436 140 115
437 142 112
438 142 112
439 147 104
440 148 115
441 135 111
442 148 115
443 135 110
444 137 106
445 137 105
446 143 110
447 145 98
448 144 108
449 141 103
450 144 114
451 137 108
452 145 99
453 139 109
454 137 114
455 140 114
456 144 108
457 141 104
458 201 59
459 210 45
460 210 59
461 205 54
462 210 45
463 208 48
464 210 46
465 210 47
466 207 56
467 210 58
468 212 46
469 202 52
470 199 48
471 209 55
472 206 49
473 212 55
474 211 55
475 209 47
476 198 51
477 202 49
478 200 57
479 198 56
480 205 46
481 201 59
482 200 57
483 201 48
484 203 48
485 209 49
486 204 49
487 201 57
488 203 202
489 203 204
490 209 205
491 203 205
492 201 208
493 203 206
494 212 202
495 199 211
496 207 204
497 208 211
498 208 199
499 204 205
500 199 212
501 198 206
502 207 200
503 212 205
504 211 203
505 208 203
506 211 205
507 200 204
508 204 212
509 31 67
510 44 60
511 37 76
512 35 72
513 41 79
514 35 67
515 44 63
516 43 62
517 38 71
518 43 72
519 36 60
520 41 73
521 41 71
522 35 77
523 41 66
524 43 79
525 30 68
526 36 69
527 33 61
528 42 64
529 33 79
530 41 61
531 44 67
532 42 68
533 37 65
534 41 69
535 32 60
536 40 61
537 40 61
538 33 67
539 210 28
540 201 24
541 198 25
542 205 22
543 208 15
544 198 19
545 207 28
546 203 22
547 209 22
548 203 24
549 210 24
550 206 24
551 198 23
552 203 17
553 211 21
554 205 26
555 201 20
556 212 25
557 211 19
558 210 24
559 204 20
560 206 14
561 212 19
562 202 28
563 198 24
564 207 20
565 208 25
566 210 12
567 209 18
568 200 24
569 86 22
570 93 21
571 94 12
572 89 17
573 85 28
574 81 14
575 89 15
576 85 13
577 95 22
578 90 18
579 95 25
580 90 25
581 90 17
582 96 15
583 92 17
584 89 25
585 91 27
586 94 13
587 95 22
588 85 19
589 83 24
590 86 14
591 81 18
592 92 19
593 96 13
594 80 26
595 94 21
596 87 27
597 88 21
598 83 12
599 168 17
600 168 23
601 177 24
602 180 28
603 181 14
604 170 16
605 171 21
606 170 24
607 174 24
608 166 14
609 175 19
610 182 13
611 175 16
612 169 24
613 167 25
614 172 15
615 166 20
616 177 25
617 178 15
618 172 15
619 166 27
620 166 25
621 178 20
622 172 19
623 171 26
624 168 28
625 175 12
626 182 12
627 167 18
628 181 17
629 34 177
630 42 171
631 43 169
632 35 175
633 33 170
634 36 180
635 40 177
636 41 181
637 37 176
638 42 168
639 33 182
640 41 181
641 40 171
642 30 170
643 39 182
644 32 179
645 37 173
646 38 178
647 34 179
648 34 180
649 31 166
650 41 179
651 41 173
652 40 182
653 32 166
654 40 170
655 36 178
656 34 176
657 33 166
658 30 175
659 36 66
660 35 64
661 41 61
662 32 72
663 42 65
664 40 67
665 38 77
666 31 70
667 42 65
668 40 79
669 36 76
670 33 60
671 33 79
672 38 68
673 43 70
674 39 75
675 36 73
676 40 78
677 31 70
678 41 75
679 43 68
680 41 62
681 31 74
682 32 77
683 41 69
684 43 70
685 33 69
686 41 76
687 35 65
688 36 75
689 111 205
690 114 203
691 113 211
692 107 208
693 105 203
694 111 198
695 109 205
696 107 202
697 115 211
698 112 211
699 114 212
700 106 206
701 102 208
702 99 207
703 106 199
704 106 200
705 109 202
706 106 204
707 110 199
708 101 202
709 111 205
710 101 207
711 100 199
712 112 198
713 103 198
714 106 203
715 106 206
716 108 203
717 113 202
718 104 208
719 21 180
720 17 171
721 13 166
722 13 168
723 27 178
724 17 181
725 23 174
726 19 176
727 19 180
728 21 166
729 26 177
730 27 172
731 21 174
732 12 172
733 29 166
734 28 169
735 20 166
736 22 169
737 27 174
738 24 175
739 29 179
740 29 168
741 26 172
742 24 171
743 17 166
744 12 167
745 25 167
746 26 176
747 20 168
748 24 167
749 194 74
750 189 73
751 190 69
752 184 66
753 191 61
754 188 71
755 188 70
756 190 75
757 193 65
758 196 75
759 185 62
760 190 72
761 185 60
762 186 66
763 188 60
764 187 74
765 186 60
766 188 60
767 187 63
768 188 73
769 184 67
770 187 68
771 194 77
772 193 67
773 190 72
774 186 79
775 197 65
776 190 67
777 187 65
778 196 71
779 154 188
780 153 195
781 157 189
782 164 186
783 152 185
784 163 192
785 157 195
786 158 188
787 161 185
788 154 193
789 164 188
790 157 191
791 158 193
792 158 189
793 158 186
794 156 186
795 165 187
796 152 188
797 164 191
798 151 194
799 158 190
800 162 195
801 159 196
802 161 194
803 154 184
804 165 195
805 158 191
806 160 193
807 154 189
808 164 186
809 174 108
810 176 114
811 170 105
812 170 116
813 167 109
814 182 101
815 169 112
816 171 111
817 179 100
818 182 114
819 175 99
820 176 98
821 173 101
822 169 101
823 170 107
824 172 110
825 176 112
826 181 104
827 172 114
828 172 113
829 177 99
830 177 109
831 172 109
832 172 112
833 179 105
834 166 99
835 171 116
836 166 111
837 169 114
838 174 111
839 118 79
840 132 69
841 123 61
842 118 75
843 130 79
844 131 60
845 118 76
846 132 76
847 117 77
848 123 63
849 117 74
850 124 73
851 126 69
852 129 63
853 121 74
854 128 61
855 126 76
856 130 61
857 121 69
858 128 72
859 119 60
860 127 71
861 118 78
862 121 65
863 120 79
864 117 74
865 130 74
866 121 67
867 126 64
868 117 79
869 140 147
870 149 137
871 140 137
872 146 135
873 137 136
874 141 147
875 144 145
876 149 140
877 145 136
878 143 138
879 141 144
880 146 139
881 148 144
882 150 142
883 150 148
884 150 145
885 148 145
886 149 141
887 142 136
888 150 148
889 145 138
890 148 138
891 212 40
892 201 35
893 208 43
894 212 31
895 198 42
896 202 32
897 203 36
898 199 42
899 209 39
900 202 37
901 204 44
902 202 32
903 208 32
904 198 31
905 198 37
906 203 44
907 198 34
908 198 39
909 210 31
910 206 43
911 200 39
912 200 35
913 204 42
914 205 34
915 211 30
916 203 38
917 211 44
918 198 36
919 201 36
920 203 43
921 187 107
922 185 116
923 188 111
924 195 101
925 190 99
926 187 110
927 191 99
928 193 111
929 192 107
930 196 113
931 193 113
932 192 109
933 188 115
934 189 108
935 192 99
936 197 100
937 183 109
938 190 114
939 189 99
940 195 97
941 186 111
942 188 104
943 188 113
944 191 112
945 196 111
946 183 107
947 187 98
948 184 108
949 194 100
950 189 101
951 103 3
952 116 11
953 107 2
954 99 11
955 106 10
956 113 11
957 110 3
958 101 2
959 104 1
960 107 7
961 108 4
962 103 4
963 101 6
964 108 10
965 113 3
966 105 7
967 99 3
968 115 5
969 107 2
970 113 2
971 97 11
972 111 0
973 99 11
974 102 11
975 98 1
976 112 10
977 102 10
978 103 6
979 101 5
980 116 0
981 198 181
982 198 169
983 208 181
984 201 176
985 211 171
986 207 179
987 203 168
988 207 176
989 200 170
990 204 180
991 212 176
992 205 178
993 210 171
994 200 171
995 208 180
996 198 166
997 211 179
998 208 170
999 200 173
1000 208 179
1001 206 180
1002 209 168
1003 209 181
1004 206 168
1005 208 176
1006 200 167
1007 201 179
1008 199 173
1009 203 179
1010 205 166
1011 34 52
1012 31 59
1013 33 54
1014 34 52
1015 44 52
1016 35 50
1017 31 47
1018 38 54
1019 43 50
1020 42 45
1021 36 50
1022 30 56
1023 33 48
1024 37 49
1025 32 53
1026 40 59
1027 34 52
1028 38 52
1029 43 59
1030 33 55
1031 34 52
1032 37 47
1033 40 54
1034 38 58
1035 39 59
1036 31 52
1037 41 46
1038 41 57
1039 35 51
1040 42 55
1041 117 208
1042 120 207
1043 129 208
1044 134 198
1045 120 211
1046 120 204
1047 124 198
1048 134 200
1049 129 202
1050 132 212
1051 118 208
1052 133 202
1053 130 206
1054 133 210
1055 119 210
1056 127 205
1057 126 207
1058 118 198
1059 127 206
1060 119 199
1061 125 207
1062 117 208
1063 124 199
1064 120 198
1065 127 206
1066 124 199
1067 133 200
1068 126 207
1069 132 205
1070 134 204
1071 4 119
1072 4 127
1073 6 120
1074 4 119
1075 3 129
1076 2 118
1077 6 130
1078 3 117
1079 6 132
1080 8 126
1081 9 129
1082 6 130
1083 5 128
1084 2 134
1085 11 117
1086 5 125
1087 8 128
1088 2 121
1089 6 123
1090 2 130
1091 9 120
1092 0 133
1093 11 128
1094 3 126
1095 5 132
1096 8 118
1097 7 126
1098 10 131
1099 9 133
1100 3 118
1101 194 155
1102 190 163
1103 193 163
1104 195 160
1105 197 162
1106 183 160
1107 187 165
1108 193 154
1109 191 154
1110 192 156
1111 192 163
1112 193 164
1113 190 158
1114 184 163
1115 191 157
1116 194 155
1117 189 153
1118 195 152
1119 183 154
1120 183 156
1121 190 151
1122 192 153
1123 195 160
1124 187 152
1125 191 161
1126 197 152
1127 188 151
1128 193 152
1129 187 162
1130 185 157
1131 47 99
1132 50 112
1133 52 108
1134 49 112
1135 55 110
1136 57 99
1137 52 111
1138 55 102
1139 57 116
1140 48 103
1141 56 105
1142 55 114
1143 49 115
1144 57 110
1145 55 103
1146 53 105
1147 48 116
1148 47 102
1149 51 102
1150 59 108
1151 50 108
1152 52 105
1153 50 110
1154 56 110
1155 46 98
1156 57 109
1157 54 111
1158 50 103
1159 45 115
1160 57 112
1161 212 192
1162 200 184
1163 207 185
1164 200 196
1165 202 187
1166 205 194
1167 211 186
1168 212 190
1169 206 196
1170 204 183
1171 212 192
1172 203 196
1173 207 195
1174 206 189
1175 200 192
1176 208 194
1177 206 194
1178 203 188
1179 199 185
1180 199 188
1181 198 192
1182 199 196
1183 207 188
1184 212 184
1185 200 197
1186 200 195
1187 212 193
1188 201 189
1189 209 186
1190 205 190
1191 15 160
1192 17 156
1193 14 163
1194 29 162
1195 23 165
1196 15 155
1197 16 151
1198 27 161
1199 24 152
1200 12 154
1201 21 157
1202 25 155
1203 21 153
1204 29 161
1205 26 158
1206 18 154
1207 12 164
1208 13 158
1209 14 165
1210 29 163
1211 22 162
1212 28 157
1213 29 152
1214 25 153
1215 29 164
1216 18 152
1217 13 164
1218 19 157
1219 24 159
1220 14 164
1221 67 76
1222 78 65
1223 76 63
1224 63 72
1225 67 64
1226 76 64
1227 65 63
1228 65 72
1229 73 66
1230 62 72
1231 63 77
1232 68 61
1233 79 65
1234 71 61
1235 67 73
1236 62 60
1237 61 70
1238 64 60
1239 75 60
1240 78 61
1241 71 76
1242 78 77
1243 49 42
1244 50 31
1245 46 37
1246 55 30
1247 59 36
1248 56 32
1249 58 39
1250 59 34
1251 49 40
1252 48 30
1253 51 32
1254 58 30
1255 54 44
1256 47 38
1257 53 39
1258 50 36
1259 57 36
1260 59 43
1261 50 39
1262 47 44
1263 49 30
1264 55 40
1265 45 39
1266 46 32
1267 57 33
1268 58 38
1269 48 38
1270 55 31
1271 50 37
1272 58 42
1273 42 188
1274 32 196
1275 34 190
1276 44 195
1277 42 184
1278 40 192
1279 43 196
1280 43 196
1281 37 197
1282 37 194
1283 36 187
1284 38 186
1285 32 194
1286 41 185
1287 30 197
1288 31 187
1289 40 193
1290 38 191
1291 40 196
1292 36 193
1293 44 184
1294 30 192
1295 41 195
1296 39 186
1297 31 188
1298 40 189
1299 31 188
1300 37 194
1301 30 193
1302 40 193
1303 63 158
1304 69 165
1305 72 157
1306 62 162
1307 71 159
1308 64 154
1309 77 157
1310 62 158
1311 79 155
1312 68 163
1313 61 156
1314 76 153
1315 75 163
1316 74 155
1317 67 158
1318 61 163
1319 70 159
1320 79 157
1321 66 161
1322 73 160
1323 67 151
1324 74 151
1325 65 158
1326 79 163
1327 60 153
1328 69 159
1329 65 152
1330 67 158
1331 79 164
1332 67 161
1333 186 119
1334 194 132
1335 189 128
1336 192 131
1337 189 119
1338 190 125
1339 186 119
1340 194 133
1341 183 133
1342 190 130
1343 191 126
1344 188 131
1345 190 130
1346 183 131
1347 183 125
1348 186 134
1349 192 125
1350 191 126
1351 183 119
1352 190 124
1353 186 122
1354 184 130
1355 184 124
1356 195 124
1357 186 129
1358 195 118
1359 194 118
1360 193 118
1361 186 124
1362 189 133
1363 9 183
1364 3 196
1365 5 194
1366 9 191
1367 2 189
1368 6 184
1369 0 196
1370 0 193
1371 10 191
1372 2 192
1373 2 188
1374 5 185
1375 0 195
1376 4 197
1377 5 186
1378 10 192
1379 6 193
1380 4 194
1381 0 194
1382 8 194
1383 11 190
1384 5 186
1385 5 195
1386 6 189
1387 11 191
1388 2 190
1389 11 191
1390 7 187
1391 0 191
1392 150 167
1393 137 179
1394 150 172
1395 147 181
1396 136 182
1397 140 175
1398 147 167
1399 135 177
1400 137 175
1401 144 178
1402 148 173
1403 149 178
1404 143 181
1405 145 170
1406 137 166
1407 141 170
1408 136 172
1409 137 182
1410 149 174
1411 148 174
1412 141 173
1413 150 175
1414 137 167
1415 149 182
1416 136 166
1417 138 172
1418 148 177
1419 147 176
1420 141 166
1421 149 171
1422 197 147
1423 191 138
1424 195 138
1425 192 147
1426 184 136
1427 185 150
1428 187 141
1429 189 135
1430 194 139
1431 191 147
1432 183 145
1433 187 150
1434 197 136
1435 193 142
1436 192 137
1437 189 150
1438 196 137
1439 197 149
1440 195 135
1441 189 138
1442 196 139
1443 191 150
1444 187 149
1445 184 150
1446 185 150
1447 195 137
1448 190 144
1449 185 142
1450 185 148
1451 192 138
1452 56 139
1453 52 141
1454 46 140
1455 52 142
1456 57 143
1457 49 149
1458 47 146
1459 45 143
1460 45 147
1461 45 137
1462 49 137
1463 58 147
1464 48 136
1465 46 142
1466 59 149
1467 56 140
1468 59 136
1469 57 147
1470 45 137
1471 46 150
1472 48 140
1473 58 140
1474 59 138
1475 51 142
1476 52 139
1477 52 135
1478 56 142
1479 46 142
1480 47 148
1481 53 135
1482 49 104
1483 49 109
1484 56 115
1485 59 103
1486 47 102
1487 48 104
1488 47 115
1489 49 101
1490 59 116
1491 54 105
1492 50 115
1493 59 115
1494 59 116
1495 48 99
1496 53 114
1497 52 97
1498 57 102
1499 48 99
1500 45 102
1501 58 100
1502 53 107
1503 48 109
1504 58 107
1505 55 109
1506 45 107
1507 59 112
1508 45 101
1509 58 109
1510 59 99
1511 57 115
1512 189 0
1513 194 4
1514 185 8
1515 186 11
1516 184 11
1517 184 7
1518 190 11
1519 189 8
1520 187 7
1521 196 11
1522 188 4
1523 193 7
1524 197 1
1525 196 1
1526 195 5
1527 183 2
1528 188 1
1529 196 8
1530 194 8
1531 186 11
1532 189 4
1533 188 8
1534 189 11
1535 192 3
1536 183 3
1537 189 8
1538 184 10
1539 192 2
1540 188 2
1541 137 4
1542 147 2
1543 137 2
1544 140 8
1545 143 10
1546 143 5
1547 143 9
1548 141 9
1549 147 11
1550 144 1
1551 146 2
1552 143 9
1553 138 2
1554 150 10
1555 141 11
1556 142 4
1557 139 7
1558 137 0
1559 139 1
1560 146 8
1561 144 10
1562 138 6
1563 142 3
1564 145 10
1565 139 7
1566 207 14
1567 207 29
1568 208 21
1569 201 23
1570 203 21
1571 205 17
1572 201 14
1573 202 25
1574 198 24
1575 207 15
1576 203 19
1577 204 20
1578 212 16
1579 201 14
1580 208 23
1581 210 15
1582 201 16
1583 200 27
1584 207 27
1585 202 13
1586 199 21
1587 205 13
1588 203 19
1589 200 13
1590 207 17
1591 205 18
1592 199 17
1593 199 17
1594 211 24
1595 207 28
1596 67 112
1597 67 97
1598 77 97
1599 73 100
1600 73 97
1601 63 113
1602 66 113
1603 70 98
1604 66 114
1605 66 115
1606 64 114
1607 77 99
1608 77 104
1609 79 113
1610 71 110
1611 77 109
1612 77 108
1613 64 110
1614 72 107
1615 67 113
1616 62 98
1617 67 106
1618 61 97
1619 79 98
1620 65 110
1621 73 111
1622 65 109
1623 73 115
1624 76 106
1625 78 97
1626 27 197
1627 20 192
1628 28 191
1629 26 189
1630 17 193
1631 13 192
1632 25 185
1633 17 196
1634 20 189
1635 24 183
1636 15 189
1637 19 195
1638 19 186
1639 25 194
1640 26 197
1641 23 190
1642 28 197
1643 21 196
1644 22 190
1645 27 186
1646 12 196
1647 22 188
1648 19 191
1649 26 184
1650 27 196
1651 15 184
1652 24 196
1653 28 190
1654 26 183
1655 14 186
1656 79 195
1657 69 196
1658 77 191
1659 63 190
1660 70 190
1661 76 197
1662 64 191
1663 66 195
1664 79 197
1665 75 186
1666 75 189
1667 71 193
1668 73 190
1669 63 187
1670 78 185
1671 69 188
1672 76 197
1673 62 186
1674 78 197
1675 69 191
1676 71 187
1677 70 186
1678 70 188
1679 71 192
1680 70 192
1681 61 186
1682 72 193
1683 65 195
1684 67 183
1685 69 185
1686 59 202
1687 54 198
1688 55 200
1689 47 208
1690 51 206
1691 53 207
1692 59 199
1693 50 212
1694 53 210
1695 53 203
1696 55 209
1697 45 210
1698 53 211
1699 47 211
1700 59 204
1701 46 199
1702 50 205
1703 50 201
1704 51 210
1705 45 203
1706 49 202
1707 51 206
1708 45 200
1709 56 210
1710 57 200
1711 50 199
1712 57 207
1713 55 199
1714 49 208
1715 51 207
1716 177 151
1717 172 163
1718 178 151
1719 170 153
1720 175 154
1721 179 162
1722 167 158
1723 177 155
1724 167 154
1725 182 157
1726 170 160
1727 166 152
1728 175 163
1729 170 164
1730 177 154
1731 167 165
1732 169 157
1733 179 161
1734 171 159
1735 178 156
1736 178 165
1737 180 157
1738 166 165
1739 168 154
1740 180 152
1741 176 159
1742 181 155
1743 181 164
1744 179 157
1745 173 152
1746 207 104
1747 205 103
1748 206 112
1749 212 109
1750 200 100
1751 211 114
1752 199 107
1753 198 110
1754 210 102
1755 211 100
1756 202 115
1757 208 115
1758 207 101
1759 206 101
1760 200 105
1761 208 102
1762 212 100
1763 208 98
1764 209 110
1765 208 103
1766 210 98
1767 204 109
1768 206 115
1769 199 105
1770 202 115
1771 210 116
1772 203 112
1773 198 102
1774 206 108
1775 198 100
1776 193 21
1777 186 25
1778 191 26
1779 194 21
1780 196 17
1781 196 20
1782 190 29
1783 192 22
1784 189 16
1785 184 19
1786 184 21
1787 197 26
1788 192 26
1789 183 21
1790 184 15
1791 192 16
1792 194 19
1793 190 14
1794 183 27
1795 195 26
1796 183 17
1797 195 25
1798 189 16
1799 195 25
1800 185 18
1801 189 16
1802 185 25
1803 183 24
1804 187 24
1805 186 12
1806 33 5
1807 39 0
1808 31 2
1809 41 10
1810 32 3
1811 32 9
1812 30 8
1813 33 10
1814 32 1
1815 30 2
1816 44 2
1817 34 10
1818 36 8
1819 37 9
1820 35 3
1821 30 9
1822 38 8
1823 38 0
1824 31 9
1825 44 4
1826 37 9
1827 30 3
1828 32 8
1829 38 6
1830 32 5
1831 33 5
1832 40 4
1833 39 4
1834 71 96
1835 79 93
1836 65 82
1837 65 91
1838 79 82
1839 75 91
1840 62 84
1841 79 90
1842 64 91
1843 78 88
1844 69 90
1845 60 94
1846 68 80
1847 72 87
1848 65 92
1849 74 93
1850 74 89
1851 63 84
1852 75 96
1853 64 96
1854 68 83
1855 70 83
1856 65 93
1857 76 90
1858 61 84
1859 78 86
1860 62 86
1861 70 83
1862 72 92
1863 78 86
1864 107 172
1865 110 177
1866 110 177
1867 111 178
1868 98 172
1869 114 169
1870 101 173
1871 104 172
1872 107 177
1873 99 171
1874 100 170
1875 116 175
1876 109 168
1877 102 168
1878 100 179
1879 110 176
1880 108 179
1881 105 167
1882 97 169
1883 109 169
1884 111 174
1885 101 175
1886 100 172
1887 98 171
1888 99 180
1889 98 170
1890 100 176
1891 114 175
1892 111 167
1893 99 169
1894 124 178
1895 122 173
1896 117 182
1897 118 167
1898 124 170
1899 127 166
1900 123 176
1901 124 175
1902 127 182
1903 125 182
1904 132 176
1905 126 169
1906 125 181
1907 130 170
1908 134 180
1909 134 178
1910 125 170
1911 120 167
1912 123 179
1913 122 175
1914 127 175
1915 122 182
1916 119 170
1917 129 178
1918 119 180
1919 126 169
1920 127 166
1921 124 169
1922 122 182
1923 125 181
1924 156 160
1925 160 161
1926 161 158
1927 159 161
1928 154 158
1929 157 153
1930 164 151
1931 157 159
1932 160 158
1933 163 154
1934 158 152
1935 159 151
1936 155 159
1937 162 155
1938 163 157
1939 165 162
1940 157 163
1941 158 151
1942 164 162
1943 160 165
1944 166 182
1945 173 171
1946 177 180
1947 170 169
1948 173 169
1949 178 181
1950 171 181
1951 175 177
1952 174 178
1953 179 168
1954 179 166
1955 170 169
1956 166 168
1957 172 178
1958 168 171
1959 177 96
1960 166 84
1961 169 94
1962 179 96
1963 171 88
1964 173 94
1965 173 81
1966 174 87
1967 179 95
1968 176 96
1969 176 85
1970 174 89
1971 178 96
1972 181 88
1973 170 90
1974 174 88
1975 176 81
1976 182 86
1977 180 94
1978 169 80
1979 172 95
1980 170 87
1981 169 89
1982 181 82
1983 175 86
1984 172 86
1985 176 90
1986 175 96
1987 173 80
1988 169 90
1989 205 119
1990 212 132
1991 201 129
1992 208 123
1993 201 118
1994 212 120
1995 208 119
1996 207 130
1997 201 129
1998 210 128
1999 210 131
2000 198 126
2001 210 118
2002 209 124
2003 209 124
2004 207 125
2005 200 117
2006 207 129
2007 205 134
2008 208 132
2009 204 123
2010 205 127
2011 212 117
2012 202 119
2013 198 119
2014 198 132
2015 208 127
2016 200 117
2017 207 130
2018 204 117
2019 89 31
2020 95 38
2021 86 33
2022 95 38
2023 83 31
2024 88 35
2025 84 35
2026 86 30
2027 84 33
2028 92 30
2029 82 42
2030 87 34
2031 95 44
2032 86 36
2033 93 32
2034 91 30
2035 94 35
2036 91 43
2037 95 37
2038 89 42
2039 90 36
2040 91 35
2041 80 38
2042 87 38
2043 87 35
2044 88 41
2045 82 36
2046 86 42
2047 89 44
2048 87 35
2049 49 105
2050 52 104
2051 58 114
2052 58 110
2053 48 105
2054 46 106
2055 52 109
2056 56 106
2057 52 106
2058 54 104
2059 48 106
2060 53 103
2061 57 112
2062 45 109
2063 55 107
2064 57 115
2065 47 101
2066 48 115
2067 59 105
2068 53 116
2069 52 102
2070 49 97
2071 52 111
2072 56 108
2073 57 100
2074 47 100
2075 48 98
2076 54 108
2077 53 112
2078 47 116
2079 109 60
2080 98 66
2081 111 64
2082 102 64
2083 108 61
2084 101 69
2085 112 70
2086 114 64
2087 99 79
2088 100 77
2089 114 62
2090 111 77
2091 97 60
2092 111 63
2093 99 73
2094 113 67
2095 109 70
2096 100 73
2097 99 66
2098 99 62
2099 103 65
2100 100 73
2101 108 66
2102 114 61
2103 115 62
2104 99 64
2105 116 68
2106 112 78
2107 106 61
2108 97 73
2109 199 1
2110 212 11
2111 203 9
2112 207 10
2113 209 11
2114 206 11
2115 206 0
2116 209 8
2117 203 6
2118 211 3
2119 201 1
2120 203 11
2121 206 5
2122 207 6
2123 198 4
2124 212 3
2125 212 0
2126 207 6
2127 198 10
2128 204 0
2129 207 4
2130 199 4
2131 206 8
2132 209 10
2133 200 10
2134 204 1
2135 204 2
2136 200 2
2137 212 10
2138 169 129
2139 178 119
2140 178 127
2141 168 123
2142 172 127
2143 169 128
2144 173 134
2145 172 117
2146 172 118
2147 167 123
2148 168 119
2149 177 128
2150 181 122
2151 179 126
2152 170 127
2153 179 124
2154 181 121
2155 170 128
2156 169 125
2157 173 132
2158 167 121
2159 173 127
2160 167 131
2161 173 124
2162 180 117
2163 167 129
2164 179 126
2165 171 124
2166 172 131
2167 172 132
2168 4 152
2169 9 163
2170 6 161
2171 1 160
2172 7 155
2173 3 155
2174 4 157
2175 2 156
2176 10 163
2177 3 154
2178 9 154
2179 8 158
2180 0 158
2181 11 163
2182 3 157
2183 4 151
2184 4 165
2185 6 156
2186 2 154
2187 0 156
2188 11 163
2189 0 163
2190 0 155
2191 8 156
2192 4 161
2193 10 163
2194 11 154
2195 2 155
2196 7 152
2197 140 172
2198 144 174
2199 145 180
2200 142 178
2201 147 177
2202 149 179
2203 148 166
2204 147 175
2205 143 171
2206 141 171
2207 148 166
2208 147 171
2209 149 175
2210 137 171
2211 141 173
2212 136 168
2213 139 167
2214 140 169
2215 149 166
2216 149 176
2217 148 181
2218 140 180
2219 144 171
2220 149 176
2221 149 176
2222 142 171
2223 135 174
2224 147 167
2225 148 178
2226 135 179
2227 38 81
2228 35 96
2229 35 87
2230 39 91
2231 41 83
2232 30 89
2233 36 81
2234 39 91
2235 34 89
2236 39 80
2237 42 92
2238 32 88
2239 30 87
2240 44 96
2241 31 81
2242 40 88
2243 42 91
2244 40 94
2245 36 82
2246 33 92
2247 36 84
2248 32 92
2249 33 88
2250 30 87
2251 39 83
2252 33 84
2253 42 95
2254 42 84
2255 34 82
2256 31 94
2257 178 56
2258 177 48
2259 180 52
2260 167 46
2261 176 47
2262 182 46
2263 179 45
2264 175 45
2265 167 59
2266 181 45
2267 173 47
2268 170 58
2269 173 51
2270 173 55
2271 174 49
2272 178 58
2273 179 54
2274 173 59
2275 177 50
2276 171 52
2277 177 47
2278 169 49
2279 177 55
2280 176 53
2281 167 47
2282 168 52
2283 166 51
2284 166 47
2285 167 49
2286 168 47
2287 193 127
2288 193 124
2289 188 117
2290 186 125
2291 188 118
2292 183 130
2293 192 119
2294 190 132
2295 190 122
2296 186 125
2297 190 126
2298 192 132
2299 192 134
2300 194 127
2301 183 124
2302 193 118
2303 191 134
2304 186 120
2305 188 124
2306 190 117
2307 193 125
2308 197 117
2309 190 117
2310 191 131
2311 192 128
2312 196 128
2313 196 129
2314 193 133
2315 195 131
2316 189 124
2317 171 43
2318 181 44
2319 171 42
2320 173 37
2321 174 43
2322 179 44
2323 177 36
2324 168 42
2325 181 38
2326 180 32
2327 167 42
2328 181 33
2329 174 33
2330 178 41
2331 172 39
2332 180 35
2333 179 34
2334 169 30
2335 174 32
2336 179 32
2337 180 37
2338 177 43
2339 181 44
2340 167 31
2341 170 33
2342 167 36
2343 182 33
2344 170 40
2345 169 30
2346 174 36
2347 78 197
2348 61 184
2349 65 196
2350 76 195
2351 61 196
2352 68 188
2353 71 183
2354 76 184
2355 77 190
2356 62 191
2357 76 187
2358 73 187
2359 64 188
2360 61 186
2361 65 189
2362 73 196
2363 74 186
2364 74 187
2365 66 194
2366 67 187
2367 78 197
2368 74 191
2369 62 190
2370 72 183
2371 78 195
2372 79 185
2373 73 184
2374 68 190
2375 65 190
2376 70 197
2377 129 158
2378 134 164
2379 123 153
2380 121 155
2381 122 152
2382 126 160
2383 128 161
2384 123 160
2385 124 164
2386 118 161
2387 134 163
2388 128 151
2389 126 154
2390 125 159
2391 129 165
2392 117 155
2393 133 158
2394 119 161
2395 126 155
2396 130 160
2397 133 155
2398 130 164
2399 134 158
2400 127 164
2401 117 163
2402 118 152
2403 131 153
2404 130 153
2405 131 163
2406 126 153
2407 59 123
2408 49 131
2409 59 123
2410 47 133
2411 47 117
2412 52 128
2413 47 133
2414 59 131
2415 55 133
2416 50 118
2417 55 120
2418 55 127
2419 49 134
2420 55 121
2421 49 121
2422 51 130
2423 53 124
2424 46 133
2425 46 131
2426 50 118
2427 59 133
2428 46 120
2429 46 120
2430 59 120
2431 59 122
2432 59 127
2433 52 123
2434 48 125
2435 50 134
2436 56 129
2437 135 107
2438 149 115
2439 136 102
2440 138 103
2441 144 100
2442 148 97
2443 150 112
2444 148 102
2445 147 110
2446 147 102
2447 148 104
2448 135 111
2449 147 112
2450 149 102
2451 140 105
2452 135 106
2453 143 98
2454 150 100
2455 144 110
2456 141 97
2457 137 115
2458 136 114
2459 136 111
2460 149 112
2461 144 109
2462 145 111
2463 143 97
2464 150 106
2465 145 98
2466 142 100
2467 33 171
2468 39 182
2469 40 166
2470 30 180
2471 34 169
2472 30 173
2473 41 175
2474 42 179
2475 43 167
2476 31 170
2477 40 181
2478 30 176
2479 31 174
2480 39 171
2481 30 167
2482 32 179
2483 42 169
2484 30 180
2485 41 182
2486 35 171
2487 35 173
2488 39 173
2489 33 180
2490 40 173
2491 43 167
2492 36 169
2493 37 170
2494 34 176
2495 33 166
2496 32 176
2497 117 26
2498 123 27
2499 121 14
2500 132 16
2501 134 27
2502 121 16
2503 133 13
2504 124 21
2505 131 26
2506 125 25
2507 130 13
2508 125 20
2509 118 28
2510 119 27
2511 120 12
2512 121 22
2513 119 26
2514 125 26
2515 118 14
2516 132 13
2517 121 27
2518 122 17
2519 125 28
2520 128 24
2521 125 14
2522 132 17
2523 123 13
2524 124 25
2525 126 18
2526 127 27
2527 36 66
2528 43 64
2529 32 66
2530 33 65
2531 32 64
2532 44 71
2533 41 63
2534 42 79
2535 42 72
2536 40 77
2537 31 61
2538 37 78
2539 37 71
2540 36 62
2541 39 60
2542 30 62
2543 34 67
2544 30 78
2545 37 68
2546 34 73
2547 39 70
2548 34 61
2549 33 64
2550 39 61
2551 39 74
2552 31 65
2553 36 76
2554 31 66
2555 36 69
2556 31 72
2557 205 100
2558 201 104
2559 208 107
2560 211 109
2561 201 99
2562 208 112
2563 210 105
2564 204 105
2565 205 103
2566 207 106
2567 203 105
2568 204 116
2569 203 116
2570 207 103
2571 205 99
2572 204 106
2573 205 116
2574 210 115
2575 209 101
2576 205 113
2577 200 106
2578 205 109
2579 212 98
2580 211 104
2581 202 102
2582 210 116
2583 201 104
2584 199 114
2585 199 115
2586 200 104
2587 149 26
2588 150 21
2589 144 22
2590 146 22
2591 146 12
2592 147 22
2593 148 18
2594 149 28
2595 143 16
2596 144 24
2597 147 27
2598 139 12
2599 138 23
2600 145 21
2601 143 16
2602 150 15
2603 146 24
2604 139 13
2605 150 16
2606 148 13
2607 139 25
2608 149 17
2609 142 14
2610 142 20
2611 145 22
2612 145 19
2613 142 27
2614 147 20
2615 143 23
2616 140 16
2617 135 37
2618 149 34
2619 137 43
2620 147 41
2621 136 38
2622 146 35
2623 145 30
2624 150 38
2625 140 33
2626 149 30
2627 146 41
2628 139 42
2629 146 32
2630 146 31
2631 136 42
2632 139 34
2633 145 43
2634 148 30
2635 143 40
2636 139 36
2637 147 41
2638 149 41
2639 140 44
2640 141 30
2641 136 32
2642 143 30
2643 141 43
2644 136 33
2645 147 32
2646 143 40
2647 68 152
2648 61 158
2649 74 154
2650 69 155
2651 67 156
2652 63 158
2653 78 162
2654 61 152
2655 67 161
2656 61 155
2657 60 163
2658 67 163
2659 62 164
2660 70 163
2661 78 152
2662 68 160
2663 68 163
2664 61 153
2665 64 152
2666 71 163
2667 69 159
2668 63 151
2669 62 159
2670 73 160
2671 63 165
2672 67 156
2673 69 163
2674 75 153
2675 69 159
2676 68 155
2677 3 25
2678 10 26
2679 9 17
2680 7 28
2681 5 25
2682 5 21
2683 1 17
2684 8 27
2685 0 16
2686 11 25
2687 6 26
2688 8 29
2689 7 13
2690 0 26
2691 3 22
2692 7 28
2693 0 29
2694 4 23
2695 0 19
2696 0 28
2697 0 21
2698 2 13
2699 10 25
2700 1 17
2701 1 20
2702 4 14
2703 2 16
2704 6 25
2705 22 181
2706 28 169
2707 20 181
2708 14 182
2709 19 170
2710 22 173
2711 24 173
2712 27 181
2713 16 170
2714 16 171
2715 13 176
2716 15 166
2717 27 179
2718 29 175
2719 23 167
2720 19 177
2721 13 167
2722 27 173
2723 28 170
2724 17 166
2725 27 178
2726 14 172
2727 24 180
2728 27 174
2729 14 174
2730 12 175
2731 18 173
2732 21 180
2733 23 170
2734 17 180
2735 41 91
2736 39 86
2737 44 91
2738 43 89
2739 35 86
2740 33 83
2741 37 86
2742 36 86
2743 38 95
2744 32 84
2745 43 95
2746 38 89
2747 37 93
2748 30 95
2749 40 95
2750 34 92
2751 32 83
2752 37 84
2753 40 86
2754 33 81
2755 41 93
2756 38 83
2757 36 89
2758 43 87
2759 35 82
2760 40 92
2761 38 90
2762 43 89
2763 41 93
2764 33 84
2765 182 3
2766 172 10
2767 177 7
2768 170 3
2769 181 10
2770 175 6
2771 177 6
2772 182 7
2773 178 6
2774 167 7
2775 180 1
2776 178 10
2777 181 5
2778 174 10
2779 168 9
2780 180 2
2781 175 4
2782 177 0
2783 174 8
2784 179 3
2785 182 0
2786 176 2
2787 172 8
2788 168 6
2789 172 1
2790 178 2
2791 178 6
2792 172 10
2793 169 1
2794 168 10
2795 23 40
2796 27 38
2797 27 34
2798 15 38
2799 18 30
2800 15 44
2801 18 33
2802 27 42
2803 16 39
2804 25 40
2805 16 36
2806 25 31
2807 21 35
2808 19 30
2809 28 36
2810 25 36
2811 22 41
2812 13 42
2813 29 42
2814 18 40
2815 28 31
2816 16 42
2817 24 32
2818 16 42
2819 18 42
2820 14 39
2821 24 30
2822 17 30
2823 20 40
2824 15 32
2825 44 2
2826 33 1
2827 34 2
2828 38 4
2829 33 0
2830 44 2
2831 34 7
2832 34 2
2833 36 7
2834 41 6
2835 39 3
2836 39 2
2837 38 2
2838 38 9
2839 37 8
2840 44 8
2841 35 10
2842 40 5
2843 42 7
2844 34 6
2845 42 7
2846 37 2
2847 38 8
2848 37 7
2849 39 8
2850 35 0
2851 33 10
2852 41 5
2853 39 1
2854 37 10
2855 76 187
2856 77 192
2857 69 188
2858 69 196
2859 70 192
2860 70 186
2861 68 197
2862 60 193
2863 63 197
2864 70 187
2865 79 190
2866 79 195
2867 79 187
2868 79 185
2869 79 196
2870 70 196
2871 68 195
2872 74 191
2873 60 195
2874 65 196
2875 70 196
2876 75 195
2877 68 190
2878 79 187
2879 64 187
2880 72 185
2881 79 191
2882 67 191
2883 75 188
2884 77 186
