238 265 10 2864
0 10
1 13
2 9
3 5
4 9
5 9
6 3
7 8
8 6
9 10
10 8
11 10
12 4
13 3
14 3
15 3
16 3
17 3
18 3
19 3
20 4
21 3
22 3
23 3
24 3
25 4
26 4
27 3
28 3
29 3
30 3
31 7
32 3
33 3
34 3
35 3
36 4
37 3
38 3
39 3
40 3
41 3
42 4
43 3
44 3
45 3
46 3
47 3
48 3
49 3
50 5
51 3
52 3
53 3
54 4
55 5
56 3
57 4
58 3
59 7
60 3
61 3
62 3
63 7
64 3
65 3
66 3
67 3
68 3
69 7
70 3
71 3
72 4
73 3
74 4
75 3
76 3
77 3
78 3
79 3
80 3
81 3
82 3
83 3
84 3
85 4
86 5
87 3
88 4
89 3
90 3
91 4
92 3
93 4
94 3
95 4
96 3
97 3
98 4
99 3
100 3
101 4
102 3
103 3
104 3
105 5
106 3
107 6
108 3
109 7
110 3
111 3
112 3
113 3
114 3
115 3
116 3
117 3
118 3
119 4
120 3
121 3
122 3
123 3
124 3
125 3
126 3
127 4
128 3
129 3
130 3
131 3
132 3
133 4
134 3
135 4
136 3
137 3
138 3
139 3
140 3
141 3
142 3
143 3
144 3
145 4
146 7
147 4
148 4
149 3
150 3
151 3
152 3
153 3
154 3
155 5
156 3
157 5
158 3
159 3
160 3
161 3
162 3
163 3
164 5
165 5
166 4
167 3
168 4
169 4
170 3
171 3
172 3
173 3
174 3
175 3
176 3
177 3
178 3
179 3
180 3
181 3
182 6
183 4
184 4
185 3
186 3
187 3
188 6
189 3
190 3
191 4
192 3
193 5
194 3
195 3
196 3
197 3
198 5
199 3
200 3
201 6
202 3
203 3
204 3
205 4
206 4
207 5
208 5
209 3
210 3
211 3
212 3
213 3
214 3
215 3
216 3
217 4
218 3
219 4
220 4
221 3
222 4
223 3
224 3
225 3
226 3
227 3
228 3
229 3
230 3
231 3
232 3
233 3
234 3
235 5
236 3
237 5
0 0 1
1 0 2
2 0 4
3 0 5
4 0 6
5 0 7
6 0 9
7 0 11
8 1 2
9 1 4
10 1 5
11 1 7
12 1 9
13 1 11
14 1 69
15 1 109
16 1 127
17 1 147
18 2 3
19 2 4
20 2 5
21 2 6
22 2 9
23 2 10
24 2 12
25 3 5
26 3 9
27 3 10
28 3 51
29 4 7
30 4 8
31 4 9
32 4 10
33 5 7
34 5 8
35 5 10
36 5 11
37 5 202
38 6 11
39 7 8
40 7 11
41 7 89
42 8 10
43 8 11
44 9 10
45 9 11
46 9 164
47 9 182
48 9 222
49 10 11
50 10 31
51 12 17
52 12 26
53 13 24
54 13 20
55 14 15
56 14 19
57 16 26
58 17 20
59 17 18
60 18 19
61 18 29
62 20 23
63 20 27
64 21 29
65 22 28
66 22 24
67 25 26
68 25 30
69 31 33
70 31 47
71 31 42
72 31 50
73 32 35
74 34 50
75 35 50
76 36 37
77 36 43
78 36 40
79 38 41
80 38 43
81 39 43
82 40 42
83 42 44
84 42 46
85 45 49
86 45 50
87 46 48
88 51 55
89 52 63
90 53 63
91 54 63
92 54 61
93 55 58
94 55 60
95 55 65
96 55 57
97 56 59
98 57 63
99 59 62
100 59 66
101 59 61
102 59 68
103 63 64
104 65 67
105 69 80
106 69 83
107 69 86
108 69 88
109 70 78
110 71 73
111 71 78
112 72 79
113 72 87
114 72 75
115 73 77
116 74 81
117 74 79
118 75 88
119 76 84
120 76 86
121 78 85
122 82 85
123 85 86
124 89 103
125 90 105
126 91 92
127 91 96
128 91 100
129 91 107
130 93 103
131 93 107
132 94 96
133 95 106
134 95 103
135 97 107
136 97 98
137 98 104
138 98 105
139 99 105
140 101 105
141 101 108
142 102 107
143 109 117
144 109 122
145 109 113
146 109 112
147 110 118
148 110 112
149 110 111
150 111 124
151 113 120
152 113 115
153 114 117
154 115 123
155 116 120
156 119 125
157 119 123
158 121 126
159 124 126
160 127 135
161 128 142
162 128 138
163 129 134
164 130 141
165 131 145
166 131 133
167 132 140
168 133 146
169 134 143
170 135 143
171 135 139
172 136 141
173 137 146
174 138 139
175 139 146
176 140 146
177 141 146
178 144 145
179 147 153
180 147 154
181 147 151
182 148 156
183 148 154
184 149 162
185 149 157
186 150 157
187 151 155
188 152 163
189 155 159
190 155 157
191 155 163
192 157 158
193 159 161
194 160 163
195 164 172
196 164 169
197 164 171
198 165 173
199 165 179
200 165 169
201 166 176
202 166 181
203 167 177
204 167 178
205 167 169
206 168 170
207 168 177
208 171 176
209 174 179
210 175 180
211 175 176
212 182 198
213 182 184
214 182 201
215 183 191
216 183 194
217 183 201
218 184 192
219 184 200
220 185 191
221 186 193
222 187 188
223 188 196
224 188 193
225 188 201
226 189 194
227 190 198
228 193 197
229 195 201
230 198 199
231 202 209
232 202 207
233 203 205
234 204 205
235 204 213
236 206 217
237 206 214
238 207 219
239 207 221
240 208 215
241 208 214
242 208 219
243 209 212
244 210 211
245 210 212
246 213 216
247 213 220
248 217 220
249 218 219
250 222 232
251 222 230
252 223 236
253 223 224
254 224 237
255 225 235
256 226 235
257 226 237
258 227 235
259 228 229
260 228 234
261 228 233
262 230 231
263 231 237
264 233 236
0 126 43
1 112 37
2 125 31
3 124 43
4 126 32
5 116 48
6 117 35
7 113 40
8 109 47
9 120 43
10 118 50
11 110 50
12 113 36
13 112 47
14 119 42
15 112 49
16 125 48
17 126 45
18 116 44
19 122 34
20 121 33
21 109 40
22 110 48
23 118 43
24 120 47
25 112 48
26 109 35
27 114 34
28 125 41
29 123 48
30 55 185
31 55 190
32 65 198
33 55 185
34 57 200
35 62 197
36 57 196
37 53 195
38 51 197
39 52 201
40 67 190
41 60 197
42 63 192
43 58 186
44 51 201
45 51 192
46 66 194
47 56 198
48 54 201
49 68 201
50 58 186
51 61 193
52 55 198
53 51 198
54 67 193
55 57 198
56 61 197
57 57 194
58 54 183
59 67 194
60 187 136
61 182 143
62 193 136
63 182 131
64 195 130
65 192 127
66 187 132
67 193 144
68 196 137
69 201 141
70 183 135
71 186 138
72 182 146
73 199 143
74 198 138
75 184 129
76 201 130
77 199 132
78 190 134
79 199 143
80 198 141
81 187 139
82 185 140
83 198 128
84 191 137
85 187 139
86 186 127
87 197 135
88 192 146
89 189 140
90 209 107
91 219 105
92 216 101
93 217 96
94 220 93
95 210 94
96 220 91
97 218 100
98 202 104
99 212 92
100 217 105
101 219 91
102 208 100
103 213 92
104 221 108
105 221 97
106 211 91
107 221 97
108 221 100
109 218 103
110 209 93
111 217 99
112 214 98
113 203 106
114 216 100
115 219 108
116 202 90
117 209 89
118 207 97
119 206 102
120 118 7
121 125 4
122 117 5
123 121 7
124 123 11
125 124 1
126 110 11
127 122 8
128 123 2
129 118 2
130 114 4
131 120 4
132 115 3
133 120 1
134 125 9
135 113 11
136 123 3
137 122 9
138 120 3
139 119 6
140 123 4
141 113 7
142 118 10
143 125 9
144 121 3
145 115 5
146 110 3
147 233 185
148 230 198
149 227 189
150 233 194
151 229 186
152 234 184
153 226 200
154 231 194
155 224 184
156 224 189
157 223 183
158 232 201
159 225 184
160 237 191
161 234 185
162 236 195
163 231 183
164 231 191
165 237 199
166 236 192
167 236 185
168 225 200
169 224 185
170 227 187
171 236 198
172 233 190
173 227 189
174 235 187
175 235 194
176 233 198
177 182 90
178 201 94
179 197 101
180 195 90
181 191 105
182 183 100
183 190 91
184 196 92
185 196 93
186 183 102
187 200 94
188 200 102
189 193 103
190 194 98
191 191 92
192 184 103
193 186 89
194 198 107
195 182 96
196 191 90
197 192 92
198 198 104
199 200 100
200 184 98
201 195 100
202 192 108
203 183 97
204 187 100
205 194 92
206 185 102
207 20 200
208 27 191
209 13 184
210 24 194
211 15 186
212 14 191
213 23 182
214 25 192
215 12 190
216 12 199
217 30 193
218 13 186
219 28 193
220 17 200
221 18 192
222 29 199
223 12 198
224 23 187
225 28 193
226 12 201
227 22 186
228 18 191
229 29 196
230 21 187
231 28 196
232 14 196
233 16 191
234 27 190
235 15 183
236 23 193
237 202 14
238 221 22
239 216 16
240 215 16
241 207 28
242 208 18
243 205 22
244 221 13
245 217 30
246 207 22
247 203 13
248 211 13
249 207 12
250 214 14
251 212 19
252 207 29
253 209 17
254 217 20
255 220 22
256 203 27
257 221 27
258 210 13
259 208 24
260 211 20
261 216 25
262 218 23
263 219 19
264 205 17
265 202 25
266 219 23
267 58 43
268 56 40
269 67 38
270 65 33
271 65 36
272 63 35
273 52 36
274 68 48
275 61 33
276 54 40
277 53 32
278 64 38
279 51 50
280 58 33
281 64 31
282 52 39
283 62 43
284 58 48
285 67 43
286 55 46
287 68 34
288 64 42
289 64 50
290 58 48
291 51 41
292 54 40
293 60 37
294 63 39
295 61 36
296 68 38
297 203 125
298 219 126
299 221 118
300 218 112
301 212 125
302 210 112
303 203 113
304 205 115
305 210 126
306 217 121
307 210 115
308 221 117
309 217 109
310 212 119
311 214 123
312 217 116
313 220 123
314 212 118
315 203 112
316 215 113
317 205 119
318 209 109
319 209 119
320 221 109
321 206 114
322 213 112
323 216 117
324 221 120
325 207 110
326 220 119
327 58 176
328 62 177
329 56 165
330 54 168
331 68 168
332 60 181
333 63 166
334 67 165
335 60 181
336 62 172
337 65 168
338 62 173
339 57 167
340 51 181
341 63 164
342 64 180
343 64 179
344 63 180
345 62 166
346 52 165
347 54 169
348 60 166
349 56 171
350 64 170
351 65 170
352 55 174
353 66 181
354 62 177
355 55 167
356 54 175
357 228 142
358 222 137
359 230 144
360 223 136
361 228 132
362 223 144
363 233 131
364 227 139
365 235 128
366 226 142
367 237 144
368 235 133
369 231 139
370 233 131
371 225 131
372 228 144
373 231 135
374 234 129
375 233 129
376 230 128
377 232 145
378 228 132
379 222 136
380 232 146
381 225 145
382 224 143
383 224 133
384 226 130
385 231 146
386 229 128
387 133 21
388 133 19
389 139 20
390 129 18
391 132 28
392 144 26
393 136 23
394 137 30
395 140 24
396 144 30
397 127 15
398 131 19
399 133 17
400 135 22
401 130 23
402 143 26
403 138 15
404 127 25
405 135 14
406 138 22
407 130 20
408 146 21
409 139 23
410 132 13
411 137 30
412 131 23
413 128 15
414 138 21
415 143 27
416 141 29
417 187 190
418 201 197
419 199 196
420 198 191
421 196 189
422 190 191
423 190 193
424 186 187
425 186 194
426 194 186
427 192 188
428 184 189
429 200 201
430 188 199
431 201 200
432 192 183
433 182 189
434 200 199
435 199 188
436 144 221
437 146 221
438 136 219
439 146 217
440 138 218
441 144 215
442 134 209
443 145 205
444 133 219
445 139 215
446 146 219
447 137 218
448 130 221
449 146 206
450 131 204
451 142 220
452 145 219
453 145 217
454 142 217
455 134 214
456 144 203
457 144 206
458 138 213
459 138 221
460 131 217
461 142 219
462 146 212
463 144 207
464 143 216
465 135 212
466 185 212
467 191 220
468 195 218
469 192 220
470 187 217
471 184 212
472 190 204
473 184 220
474 188 202
475 184 215
476 196 218
477 188 210
478 197 209
479 188 205
480 198 206
481 200 206
482 182 217
483 183 218
484 193 202
485 185 220
486 193 219
487 199 209
488 196 220
489 183 209
490 188 203
491 198 212
492 197 216
493 197 202
494 199 221
495 183 208
496 65 140
497 52 132
498 57 141
499 55 134
500 51 135
501 52 127
502 67 131
503 52 138
504 54 139
505 64 138
506 60 143
507 58 133
508 57 132
509 59 139
510 68 139
511 59 144
512 68 140
513 60 133
514 58 140
515 55 131
516 52 132
517 58 135
518 52 144
519 52 130
520 55 142
521 63 131
522 61 141
523 65 133
524 53 127
525 68 143
526 49 116
527 36 118
528 31 112
529 37 113
530 40 126
531 34 119
532 37 111
533 44 115
534 45 109
535 35 109
536 50 119
537 39 123
538 38 119
539 31 122
540 39 122
541 33 109
542 34 122
543 39 122
544 34 119
545 47 119
546 31 112
547 31 118
548 35 110
549 38 112
550 49 114
551 49 119
552 50 122
553 41 123
554 37 115
555 33 119
556 218 125
557 212 110
558 217 120
559 207 115
560 203 118
561 216 119
562 215 112
563 206 126
564 203 126
565 220 113
566 217 114
567 202 111
568 209 117
569 221 116
570 213 120
571 213 114
572 204 122
573 213 112
574 211 118
575 215 121
576 217 115
577 210 126
578 211 113
579 210 124
580 207 119
581 205 117
582 215 119
583 210 115
584 220 109
585 218 122
586 206 21
587 213 18
588 215 23
589 209 26
590 216 27
591 216 23
592 209 12
593 221 27
594 210 18
595 205 19
596 211 17
597 207 23
598 206 15
599 203 25
600 212 19
601 208 17
602 208 30
603 208 28
604 211 21
605 213 21
606 221 19
607 207 20
608 211 14
609 203 14
610 202 12
611 218 27
612 213 25
613 204 18
614 209 26
615 214 24
616 132 205
617 141 216
618 132 211
619 142 211
620 138 218
621 128 215
622 129 202
623 130 209
624 136 204
625 137 207
626 131 204
627 139 207
628 142 220
629 133 210
630 132 202
631 131 206
632 137 221
633 131 211
634 138 213
635 137 216
636 129 215
637 140 219
638 128 219
639 127 219
640 133 220
641 130 212
642 145 214
643 127 220
644 137 207
645 146 216
646 218 142
647 210 138
648 221 140
649 218 140
650 207 145
651 221 145
652 217 138
653 219 137
654 221 133
655 218 133
656 212 146
657 212 138
658 218 134
659 204 132
660 209 138
661 203 141
662 205 136
663 215 134
664 208 137
665 217 135
666 215 137
667 207 129
668 204 129
669 220 134
670 218 137
671 214 135
672 214 129
673 220 133
674 210 141
675 207 141
676 64 49
677 68 48
678 64 40
679 56 43
680 53 37
681 55 48
682 61 50
683 66 50
684 63 42
685 66 33
686 52 45
687 62 32
688 65 39
689 66 47
690 56 47
691 68 42
692 59 39
693 59 32
694 56 32
695 56 32
696 54 50
697 67 49
698 63 38
699 53 39
700 61 39
701 63 40
702 65 41
703 58 47
704 62 31
705 65 35
706 207 0
707 204 8
708 215 5
709 219 2
710 213 10
711 214 5
712 204 6
713 213 8
714 206 3
715 219 5
716 208 6
717 206 10
718 211 9
719 216 0
720 213 1
721 205 2
722 211 11
723 203 7
724 221 2
725 216 9
726 209 4
727 205 5
728 211 11
729 216 3
730 219 2
731 203 6
732 213 9
733 220 3
734 206 4
735 210 151
736 220 154
737 202 158
738 203 160
739 211 156
740 207 161
741 203 160
742 206 153
743 213 154
744 216 155
745 207 147
746 208 157
747 221 150
748 219 149
749 214 162
750 213 155
751 214 150
752 207 154
753 214 150
754 218 154
755 218 151
756 220 156
757 212 148
758 210 153
759 210 151
760 212 153
761 219 160
762 206 158
763 221 147
764 217 155
765 4 47
766 9 33
767 7 40
768 8 39
769 9 33
770 11 44
771 9 47
772 3 44
773 0 40
774 2 44
775 10 46
776 2 40
777 1 41
778 5 34
779 7 34
780 3 35
781 9 36
782 0 45
783 10 43
784 0 36
785 2 44
786 0 49
787 10 40
788 8 38
789 1 37
790 1 35
791 4 34
792 8 32
793 2 47
794 141 69
795 144 86
796 136 77
797 134 82
798 141 83
799 127 71
800 136 85
801 130 83
802 135 82
803 128 87
804 142 83
805 141 80
806 135 72
807 134 87
808 134 73
809 138 83
810 129 78
811 139 77
812 134 77
813 139 79
814 130 79
815 142 81
816 135 79
817 132 87
818 143 77
819 129 82
820 132 78
821 138 85
822 127 71
823 142 70
824 143 158
825 130 151
826 131 150
827 139 148
828 138 153
829 130 149
830 140 163
831 139 151
832 128 163
833 142 148
834 143 155
835 136 156
836 145 151
837 131 148
838 133 150
839 142 161
840 128 149
841 145 157
842 144 154
843 142 153
844 142 153
845 127 161
846 138 154
847 127 153
848 132 148
849 128 160
850 145 156
851 146 161
852 145 160
853 144 161
854 42 99
855 31 96
856 37 99
857 46 92
858 43 100
859 48 93
860 45 101
861 36 96
862 50 108
863 31 102
864 37 101
865 44 94
866 34 100
867 34 103
868 34 101
869 45 98
870 43 98
871 43 91
872 50 103
873 47 95
874 47 106
875 44 100
876 41 101
877 47 107
878 47 91
879 42 105
880 48 102
881 49 93
882 38 92
883 45 107
884 163 203
885 158 208
886 151 215
887 149 214
888 158 206
889 163 205
890 162 221
891 155 212
892 161 221
893 159 203
894 147 209
895 151 221
896 151 202
897 154 203
898 159 204
899 156 211
900 150 221
901 159 211
902 161 220
903 148 217
904 152 220
905 151 214
906 163 213
907 158 211
908 149 207
909 153 216
910 154 208
911 150 219
912 157 205
913 153 213
914 33 13
915 36 23
916 39 23
917 37 29
918 45 12
919 46 24
920 44 30
921 34 20
922 39 15
923 44 26
924 47 24
925 31 23
926 40 21
927 41 17
928 44 23
929 34 17
930 44 30
931 41 26
932 50 13
933 45 16
934 43 29
935 49 27
936 37 19
937 32 23
938 40 13
939 45 14
940 42 22
941 39 16
942 42 25
943 47 27
944 69 34
945 84 43
946 70 48
947 74 50
948 88 36
949 71 50
950 84 42
951 77 33
952 85 31
953 78 43
954 70 33
955 72 44
956 88 38
957 78 41
958 80 34
959 80 44
960 84 40
961 78 39
962 88 40
963 81 37
964 82 33
965 75 50
966 74 42
967 80 39
968 83 41
969 85 37
970 86 38
971 81 45
972 82 32
973 73 32
974 6 196
975 8 186
976 9 186
977 10 200
978 1 193
979 0 184
980 10 192
981 11 200
982 0 192
983 7 193
984 4 196
985 6 200
986 8 195
987 7 187
988 11 185
989 8 188
990 0 188
991 1 185
992 0 188
993 4 193
994 2 196
995 6 185
996 3 198
997 10 185
998 8 189
999 8 185
1000 1 190
1001 9 185
1002 78 72
1003 88 77
1004 77 81
1005 74 77
1006 82 87
1007 78 84
1008 83 77
1009 84 81
1010 79 69
1011 88 82
1012 77 85
1013 79 76
1014 84 72
1015 83 73
1016 78 79
1017 82 83
1018 74 82
1019 78 74
1020 76 71
1021 70 82
1022 70 87
1023 70 84
1024 80 73
1025 88 76
1026 80 76
1027 100 6
1028 94 9
1029 107 2
1030 105 9
1031 104 4
1032 102 7
1033 102 9
1034 100 9
1035 95 2
1036 95 7
1037 102 5
1038 93 5
1039 102 2
1040 106 6
1041 90 1
1042 105 3
1043 91 2
1044 90 6
1045 97 9
1046 91 3
1047 95 3
1048 108 4
1049 95 7
1050 108 8
1051 94 7
1052 90 8
1053 89 9
1054 107 2
1055 90 11
1056 102 0
1057 15 45
1058 28 34
1059 16 39
1060 27 44
1061 19 45
1062 21 37
1063 25 35
1064 20 36
1065 20 35
1066 30 43
1067 23 48
1068 24 49
1069 25 34
1070 13 42
1071 29 31
1072 25 35
1073 29 48
1074 21 42
1075 19 31
1076 27 50
1077 16 38
1078 28 45
1079 17 42
1080 27 31
1081 18 37
1082 22 45
1083 17 41
1084 16 34
1085 17 36
1086 12 50
1087 95 15
1088 106 15
1089 99 13
1090 102 21
1091 106 14
1092 101 21
1093 101 16
1094 107 18
1095 93 18
1096 108 23
1097 102 25
1098 96 25
1099 100 24
1100 91 26
1101 106 14
1102 97 19
1103 107 25
1104 95 14
1105 103 16
1106 106 15
1107 106 28
1108 89 27
1109 98 20
1110 105 17
1111 100 16
1112 97 13
1113 89 24
1114 104 22
1115 107 26
1116 102 24
1117 174 40
1118 171 33
1119 173 43
1120 173 46
1121 166 32
1122 180 39
1123 179 37
1124 164 42
1125 169 39
1126 181 36
1127 180 38
1128 167 34
1129 167 31
1130 180 48
1131 174 37
1132 173 46
1133 178 49
1134 176 44
1135 170 44
1136 180 47
1137 180 40
1138 176 42
1139 172 49
1140 170 45
1141 180 39
1142 172 44
1143 177 34
1144 175 50
1145 178 31
1146 171 31
1147 7 17
1148 9 13
1149 10 15
1150 3 25
1151 0 17
1152 1 20
1153 4 28
1154 6 17
1155 0 18
1156 0 16
1157 2 20
1158 6 16
1159 8 23
1160 3 27
1161 3 15
1162 6 23
1163 6 20
1164 7 22
1165 11 27
1166 11 18
1167 3 13
1168 1 20
1169 4 16
1170 4 17
1171 6 16
1172 8 29
1173 5 29
1174 4 15
1175 10 30
1176 74 134
1177 72 127
1178 88 128
1179 83 143
1180 82 134
1181 72 146
1182 82 137
1183 80 131
1184 74 133
1185 86 144
1186 80 128
1187 75 131
1188 86 133
1189 80 144
1190 86 131
1191 83 140
1192 80 136
1193 73 133
1194 81 133
1195 86 144
1196 75 127
1197 85 133
1198 70 127
1199 82 128
1200 72 128
1201 72 144
1202 75 129
1203 77 146
1204 83 130
1205 83 145
1206 141 233
1207 142 222
1208 134 233
1209 135 228
1210 143 225
1211 141 237
1212 131 234
1213 127 231
1214 134 227
1215 139 222
1216 143 233
1217 146 228
1218 133 222
1219 131 237
1220 144 232
1221 139 235
1222 139 236
1223 134 234
1224 135 226
1225 145 229
1226 138 225
1227 140 230
1228 128 232
1229 135 235
1230 131 237
1231 135 232
1232 144 231
1233 140 235
1234 135 228
1235 141 222
1236 117 234
1237 115 223
1238 121 230
1239 117 226
1240 111 224
1241 113 226
1242 118 228
1243 119 236
1244 126 224
1245 125 227
1246 118 233
1247 121 237
1248 126 226
1249 113 222
1250 120 230
1251 122 236
1252 112 225
1253 112 223
1254 119 224
1255 114 236
1256 112 231
1257 126 236
1258 122 227
1259 125 222
1260 116 235
1261 121 224
1262 123 223
1263 123 235
1264 117 237
1265 114 222
1266 63 71
1267 59 83
1268 63 77
1269 65 87
1270 61 85
1271 61 75
1272 60 79
1273 68 75
1274 61 70
1275 67 74
1276 63 69
1277 66 70
1278 66 74
1279 66 73
1280 52 73
1281 56 81
1282 57 81
1283 61 69
1284 54 79
1285 53 86
1286 51 77
1287 63 71
1288 57 75
1289 58 77
1290 67 78
1291 55 88
1292 68 78
1293 57 88
1294 57 69
1295 60 80
1296 195 199
1297 192 193
1298 183 193
1299 182 193
1300 199 192
1301 185 200
1302 195 187
1303 198 193
1304 190 184
1305 195 185
1306 201 192
1307 198 196
1308 196 184
1309 194 195
1310 199 188
1311 184 193
1312 186 200
1313 200 194
1314 190 195
1315 186 199
1316 199 192
1317 196 192
1318 174 9
1319 175 2
1320 173 10
1321 171 2
1322 179 8
1323 177 11
1324 181 10
1325 168 5
1326 176 0
1327 180 0
1328 168 1
1329 176 10
1330 168 10
1331 169 2
1332 181 11
1333 165 11
1334 170 10
1335 170 6
1336 178 1
1337 179 3
1338 165 5
1339 164 6
1340 173 4
1341 178 2
1342 170 2
1343 175 9
1344 180 2
1345 28 74
1346 19 88
1347 15 81
1348 28 76
1349 17 70
1350 24 72
1351 17 76
1352 29 76
1353 22 82
1354 23 82
1355 22 76
1356 12 79
1357 17 82
1358 21 77
1359 25 79
1360 29 79
1361 25 87
1362 15 77
1363 27 82
1364 17 83
1365 15 85
1366 14 86
1367 19 87
1368 23 71
1369 24 81
1370 21 85
1371 19 80
1372 13 79
1373 18 71
1374 23 78
1375 48 17
1376 46 23
1377 37 20
1378 38 18
1379 34 30
1380 31 25
1381 46 29
1382 42 14
1383 39 14
1384 33 29
1385 45 24
1386 40 12
1387 43 22
1388 49 29
1389 47 29
1390 42 13
1391 33 24
1392 39 27
1393 32 24
1394 32 18
1395 48 14
1396 39 22
1397 39 17
1398 31 15
1399 50 14
1400 49 18
1401 46 23
1402 43 29
1403 35 17
1404 48 26
1405 26 112
1406 23 115
1407 18 117
1408 27 121
1409 21 122
1410 24 111
1411 24 121
1412 13 122
1413 16 122
1414 14 113
1415 30 126
1416 22 111
1417 18 119
1418 20 123
1419 17 112
1420 20 119
1421 19 114
1422 21 113
1423 29 109
1424 18 116
1425 15 126
1426 14 118
1427 22 109
1428 20 115
1429 19 121
1430 12 123
1431 21 116
1432 27 121
1433 14 122
1434 27 123
1435 77 141
1436 76 138
1437 84 140
1438 84 144
1439 87 139
1440 69 138
1441 78 133
1442 78 146
1443 77 141
1444 70 140
1445 76 139
1446 85 141
1447 72 145
1448 80 133
1449 81 134
1450 72 136
1451 88 139
1452 75 129
1453 87 130
1454 82 141
1455 74 133
1456 82 131
1457 76 145
1458 85 146
1459 71 140
1460 72 132
1461 85 127
1462 82 138
1463 77 140
1464 86 133
1465 44 17
1466 38 21
1467 49 30
1468 50 21
1469 41 29
1470 46 24
1471 44 13
1472 31 25
1473 37 13
1474 38 25
1475 50 20
1476 32 23
1477 32 25
1478 47 22
1479 44 13
1480 35 30
1481 38 22
1482 45 12
1483 33 15
1484 50 14
1485 40 14
1486 39 24
1487 47 21
1488 38 12
1489 47 16
1490 34 25
1491 35 22
1492 44 22
1493 47 18
1494 44 12
1495 55 112
1496 65 121
1497 53 121
1498 56 126
1499 63 124
1500 58 123
1501 53 114
1502 60 111
1503 52 125
1504 55 125
1505 51 115
1506 67 114
1507 60 118
1508 54 110
1509 62 116
1510 51 121
1511 59 110
1512 55 122
1513 68 119
1514 58 112
1515 52 117
1516 59 120
1517 66 115
1518 53 121
1519 59 111
1520 63 109
1521 58 113
1522 51 111
1523 58 122
1524 56 126
1525 97 160
1526 106 157
1527 94 161
1528 105 163
1529 102 157
1530 91 151
1531 107 161
1532 100 154
1533 104 147
1534 94 156
1535 97 150
1536 96 149
1537 107 150
1538 89 151
1539 103 155
1540 102 150
1541 94 154
1542 94 154
1543 105 154
1544 93 162
1545 104 153
1546 90 159
1547 98 154
1548 106 151
1549 105 156
1550 102 156
1551 92 163
1552 95 148
1553 89 161
1554 98 162
1555 9 117
1556 7 124
1557 7 115
1558 3 121
1559 6 126
1560 7 120
1561 0 110
1562 4 118
1563 4 111
1564 5 112
1565 3 114
1566 3 111
1567 2 121
1568 0 125
1569 2 112
1570 4 111
1571 3 110
1572 2 125
1573 1 115
1574 8 115
1575 5 119
1576 5 124
1577 2 115
1578 0 118
1579 11 115
1580 3 111
1581 0 126
1582 0 126
1583 6 119
1584 60 41
1585 64 40
1586 65 42
1587 51 48
1588 64 48
1589 51 40
1590 55 45
1591 56 36
1592 61 31
1593 67 34
1594 64 50
1595 57 47
1596 56 31
1597 64 50
1598 62 35
1599 51 37
1600 57 36
1601 51 34
1602 53 36
1603 51 32
1604 51 34
1605 55 44
1606 67 34
1607 53 34
1608 55 33
1609 55 36
1610 55 49
1611 59 43
1612 58 31
1613 61 49
1614 130 1
1615 128 4
1616 146 3
1617 142 1
1618 136 9
1619 144 8
1620 134 5
1621 128 2
1622 142 10
1623 143 10
1624 131 6
1625 131 5
1626 146 7
1627 127 10
1628 130 2
1629 132 9
1630 132 9
1631 136 2
1632 146 0
1633 131 10
1634 137 11
1635 141 5
1636 141 4
1637 127 3
1638 131 5
1639 140 4
1640 141 5
1641 142 3
1642 138 6
1643 189 114
1644 190 119
1645 191 116
1646 198 111
1647 197 113
1648 188 125
1649 185 125
1650 196 126
1651 199 121
1652 183 123
1653 187 118
1654 190 114
1655 190 113
1656 190 111
1657 200 117
1658 198 116
1659 189 112
1660 197 125
1661 191 110
1662 185 120
1663 185 126
1664 187 113
1665 187 116
1666 201 112
1667 182 113
1668 184 110
1669 201 113
1670 183 109
1671 201 115
1672 183 113
1673 68 121
1674 57 126
1675 63 115
1676 61 114
1677 51 115
1678 53 111
1679 60 124
1680 61 122
1681 63 117
1682 60 109
1683 67 115
1684 59 112
1685 67 110
1686 66 120
1687 61 121
1688 54 117
1689 57 126
1690 66 126
1691 66 119
1692 59 119
1693 62 114
1694 62 111
1695 64 119
1696 60 115
1697 62 126
1698 52 115
1699 63 122
1700 61 112
1701 58 117
1702 53 109
1703 166 119
1704 166 111
1705 169 124
1706 172 123
1707 164 121
1708 176 120
1709 175 121
1710 176 111
1711 180 126
1712 178 110
1713 168 126
1714 180 112
1715 170 109
1716 165 122
1717 175 126
1718 172 125
1719 165 117
1720 173 111
1721 181 115
1722 168 122
1723 176 124
1724 181 118
1725 172 126
1726 169 121
1727 179 126
1728 177 110
1729 167 118
1730 165 117
1731 171 121
1732 180 120
1733 18 229
1734 20 222
1735 21 225
1736 24 237
1737 15 228
1738 22 227
1739 19 223
1740 21 226
1741 29 222
1742 16 225
1743 23 231
1744 19 234
1745 28 225
1746 29 224
1747 19 225
1748 27 224
1749 23 226
1750 26 230
1751 29 234
1752 27 232
1753 30 232
1754 27 234
1755 29 235
1756 19 228
1757 23 237
1758 30 222
1759 12 227
1760 16 225
1761 29 227
1762 21 223
1763 83 47
1764 81 44
1765 78 37
1766 84 32
1767 73 42
1768 73 49
1769 88 50
1770 87 34
1771 83 41
1772 74 49
1773 86 46
1774 71 34
1775 69 34
1776 77 40
1777 78 45
1778 70 43
1779 88 45
1780 71 42
1781 84 47
1782 76 32
1783 82 37
1784 80 41
1785 70 35
1786 77 47
1787 72 35
1788 82 34
1789 70 41
1790 78 42
1791 79 41
1792 78 44
1793 117 42
1794 115 42
1795 120 46
1796 115 44
1797 125 41
1798 113 36
1799 118 37
1800 117 45
1801 109 32
1802 121 44
1803 121 37
1804 119 48
1805 113 43
1806 121 42
1807 118 48
1808 111 40
1809 112 38
1810 115 35
1811 113 50
1812 121 32
1813 112 50
1814 114 40
1815 110 34
1816 124 42
1817 125 38
1818 121 47
1819 124 46
1820 113 48
1821 121 41
1822 125 46
1823 126 173
1824 125 174
1825 111 181
1826 120 166
1827 122 167
1828 109 180
1829 124 177
1830 123 180
1831 122 167
1832 126 169
1833 118 164
1834 118 166
1835 123 169
1836 118 175
1837 111 180
1838 123 169
1839 126 164
1840 121 178
1841 117 175
1842 125 178
1843 125 168
1844 126 181
1845 113 176
1846 116 179
1847 124 164
1848 124 172
1849 117 170
1850 113 179
1851 123 172
1852 111 168
1853 36 113
1854 48 125
1855 47 111
1856 33 122
1857 42 126
1858 39 110
1859 41 118
1860 45 110
1861 44 114
1862 48 126
1863 36 111
1864 42 123
1865 47 116
1866 48 119
1867 43 120
1868 43 117
1869 34 124
1870 36 110
1871 48 113
1872 42 115
1873 44 109
1874 46 116
1875 45 112
1876 43 112
1877 33 126
1878 31 125
1879 40 112
1880 38 112
1881 42 119
1882 46 117
1883 96 200
1884 96 185
1885 98 189
1886 89 193
1887 89 185
1888 97 189
1889 105 186
1890 96 189
1891 100 193
1892 102 191
1893 97 193
1894 106 195
1895 91 195
1896 102 185
1897 91 196
1898 92 185
1899 100 198
1900 95 184
1901 95 201
1902 89 194
1903 106 192
1904 106 187
1905 97 190
1906 100 196
1907 103 189
1908 106 186
1909 104 201
1910 104 191
1911 101 192
1912 104 199
1913 186 34
1914 190 31
1915 197 34
1916 186 33
1917 198 46
1918 198 48
1919 198 36
1920 197 38
1921 184 48
1922 183 40
1923 185 44
1924 192 33
1925 187 31
1926 196 47
1927 186 47
1928 194 44
1929 200 47
1930 200 39
1931 190 44
1932 196 49
1933 184 31
1934 200 36
1935 192 50
1936 193 36
1937 184 44
1938 191 44
1939 201 37
1940 193 44
1941 182 45
1942 185 33
1943 3 197
1944 11 200
1945 11 190
1946 4 191
1947 0 186
1948 11 190
1949 0 188
1950 9 194
1951 2 199
1952 8 201
1953 2 191
1954 11 183
1955 7 187
1956 2 197
1957 9 189
1958 2 193
1959 3 190
1960 1 189
1961 10 189
1962 5 191
1963 6 188
1964 5 194
1965 11 192
1966 8 184
1967 0 196
1968 4 194
1969 7 201
1970 53 46
1971 68 40
1972 60 33
1973 66 44
1974 65 49
1975 55 48
1976 68 33
1977 60 45
1978 68 39
1979 56 46
1980 55 46
1981 63 36
1982 60 33
1983 58 48
1984 65 36
1985 63 39
1986 55 38
1987 60 48
1988 52 48
1989 67 41
1990 61 31
1991 62 44
1992 54 43
1993 59 40
1994 54 31
1995 66 46
1996 52 37
1997 67 41
1998 56 36
1999 56 47
2000 128 157
2001 146 152
2002 134 148
2003 146 151
2004 142 158
2005 142 151
2006 136 152
2007 142 148
2008 140 162
2009 141 151
2010 139 156
2011 136 154
2012 129 159
2013 146 148
2014 145 159
2015 145 155
2016 127 154
2017 144 155
2018 128 149
2019 132 153
2020 133 147
2021 129 154
2022 131 157
2023 135 150
2024 146 163
2025 137 151
2026 132 162
2027 144 151
2028 130 163
2029 136 152
2030 68 235
2031 58 223
2032 54 232
2033 64 233
2034 60 224
2035 64 223
2036 63 235
2037 62 228
2038 68 229
2039 64 224
2040 64 231
2041 56 237
2042 59 224
2043 65 227
2044 54 235
2045 62 230
2046 64 229
2047 58 222
2048 58 223
2049 54 227
2050 60 237
2051 62 236
2052 64 233
2053 59 230
2054 52 226
2055 51 222
2056 67 228
2057 60 236
2058 59 236
2059 56 226
2060 23 21
2061 21 13
2062 30 21
2063 19 23
2064 27 25
2065 23 18
2066 24 21
2067 29 24
2068 22 20
2069 27 30
2070 18 25
2071 24 19
2072 14 28
2073 29 13
2074 18 15
2075 13 18
2076 27 30
2077 15 13
2078 26 27
2079 24 17
2080 28 17
2081 201 231
2082 194 236
2083 182 223
2084 198 228
2085 189 236
2086 182 235
2087 201 223
2088 193 229
2089 198 224
2090 193 222
2091 191 228
2092 191 232
2093 198 225
2094 185 232
2095 193 232
2096 193 237
2097 189 235
2098 197 226
2099 189 234
2100 189 224
2101 189 232
2102 182 235
2103 182 231
2104 187 227
2105 190 231
2106 196 225
2107 194 226
2108 195 237
2109 189 237
2110 188 233
2111 116 6
2112 123 0
2113 120 7
2114 126 11
2115 117 4
2116 110 1
2117 119 2
2118 113 4
2119 123 2
2120 111 2
2121 117 11
2122 124 5
2123 124 6
2124 114 0
2125 118 3
2126 119 0
2127 121 2
2128 119 10
2129 118 6
2130 125 8
2131 114 8
2132 122 11
2133 112 10
2134 110 3
2135 111 6
2136 122 10
2137 125 4
2138 124 11
2139 118 1
2140 68 97
2141 61 108
2142 53 100
2143 51 92
2144 59 105
2145 63 104
2146 52 107
2147 66 97
2148 63 94
2149 64 99
2150 51 104
2151 68 90
2152 62 94
2153 61 100
2154 68 106
2155 59 108
2156 54 99
2157 63 98
2158 55 104
2159 61 97
2160 63 101
2161 65 95
2162 52 105
2163 67 102
2164 68 108
2165 64 100
2166 51 96
2167 60 108
2168 62 98
2169 62 91
2170 51 48
2171 60 31
2172 68 50
2173 58 43
2174 57 36
2175 68 32
2176 61 39
2177 59 32
2178 53 36
2179 56 39
2180 62 48
2181 57 32
2182 67 49
2183 66 44
2184 61 50
2185 65 48
2186 57 36
2187 60 33
2188 63 32
2189 63 42
2190 64 31
2191 61 31
2192 67 44
2193 52 43
2194 54 50
2195 66 32
2196 54 43
2197 55 47
2198 54 42
2199 59 46
2200 152 184
2201 155 201
2202 158 198
2203 156 189
2204 147 199
2205 159 200
2206 150 186
2207 150 199
2208 158 194
2209 148 191
2210 152 196
2211 153 192
2212 156 182
2213 162 190
2214 153 200
2215 151 185
2216 147 189
2217 156 184
2218 149 189
2219 155 196
2220 156 189
2221 150 184
2222 147 193
2223 153 196
2224 161 184
2225 147 186
2226 156 187
2227 155 190
2228 153 188
2229 158 183
2230 48 40
2231 47 45
2232 44 37
2233 49 46
2234 42 35
2235 44 49
2236 35 43
2237 44 41
2238 37 41
2239 34 42
2240 37 44
2241 37 39
2242 42 39
2243 44 45
2244 44 35
2245 34 37
2246 36 45
2247 32 42
2248 47 36
2249 45 32
2250 87 18
2251 74 13
2252 88 18
2253 78 27
2254 69 13
2255 70 25
2256 75 23
2257 86 15
2258 81 29
2259 76 21
2260 74 17
2261 85 25
2262 77 23
2263 69 29
2264 82 20
2265 84 28
2266 80 21
2267 87 21
2268 82 24
2269 80 16
2270 69 16
2271 71 22
2272 85 23
2273 80 30
2274 85 25
2275 86 17
2276 81 18
2277 72 16
2278 81 29
2279 69 30
2280 155 148
2281 163 149
2282 147 157
2283 154 160
2284 149 148
2285 156 157
2286 163 154
2287 151 160
2288 161 162
2289 162 156
2290 147 150
2291 162 160
2292 148 157
2293 151 150
2294 154 163
2295 147 158
2296 160 154
2297 152 157
2298 167 218
2299 169 208
2300 167 214
2301 176 220
2302 168 205
2303 172 219
2304 165 219
2305 165 210
2306 170 203
2307 168 203
2308 173 211
2309 170 218
2310 172 217
2311 177 219
2312 170 212
2313 166 205
2314 174 205
2315 168 218
2316 165 209
2317 174 207
2318 175 211
2319 178 202
2320 168 219
2321 174 212
2322 166 206
2323 164 206
2324 178 217
2325 164 202
2326 180 209
2327 173 219
2328 109 60
2329 122 54
2330 119 56
2331 109 52
2332 121 65
2333 111 58
2334 124 56
2335 126 67
2336 120 53
2337 114 54
2338 122 61
2339 124 61
2340 117 66
2341 109 55
2342 117 56
2343 119 66
2344 113 68
2345 125 54
2346 117 51
2347 113 58
2348 122 56
2349 120 65
2350 111 54
2351 122 68
2352 116 67
2353 120 65
2354 114 53
2355 112 58
2356 122 54
2357 114 59
2358 229 51
2359 225 51
2360 225 62
2361 228 60
2362 233 65
2363 232 61
2364 234 55
2365 230 58
2366 230 53
2367 237 58
2368 236 67
2369 227 64
2370 235 51
2371 223 59
2372 233 60
2373 237 63
2374 230 51
2375 230 67
2376 224 66
2377 226 62
2378 231 68
2379 237 55
2380 227 53
2381 228 62
2382 231 56
2383 231 54
2384 225 67
2385 237 52
2386 230 68
2387 231 57
2388 216 155
2389 208 162
2390 207 156
2391 209 157
2392 217 154
2393 203 147
2394 211 163
2395 220 160
2396 210 155
2397 211 162
2398 212 150
2399 217 148
2400 217 148
2401 215 163
2402 210 162
2403 213 156
2404 218 160
2405 216 157
2406 217 160
2407 208 159
2408 219 147
2409 214 155
2410 219 150
2411 216 161
2412 217 155
2413 217 162
2414 220 150
2415 216 158
2416 220 150
2417 207 157
2418 161 81
2419 148 76
2420 151 80
2421 160 75
2422 159 86
2423 155 69
2424 153 86
2425 156 85
2426 156 84
2427 150 84
2428 148 74
2429 162 88
2430 160 84
2431 159 72
2432 149 81
2433 153 76
2434 161 80
2435 147 76
2436 150 78
2437 158 75
2438 163 88
2439 151 72
2440 154 81
2441 163 69
2442 147 72
2443 162 72
2444 153 79
2445 157 76
2446 153 79
2447 159 87
2448 24 7
2449 26 3
2450 25 6
2451 17 4
2452 28 5
2453 26 8
2454 18 10
2455 22 5
2456 16 8
2457 19 9
2458 24 4
2459 18 7
2460 17 3
2461 25 5
2462 26 7
2463 26 5
2464 25 9
2465 27 1
2466 15 10
2467 23 3
2468 29 6
2469 23 1
2470 24 7
2471 13 6
2472 15 10
2473 17 0
2474 21 5
2475 13 1
2476 29 9
2477 23 9
2478 130 235
2479 134 235
2480 131 234
2481 129 234
2482 142 233
2483 143 232
2484 132 226
2485 128 233
2486 139 226
2487 143 232
2488 143 222
2489 135 235
2490 144 234
2491 130 229
2492 146 230
2493 130 236
2494 137 230
2495 143 231
2496 127 228
2497 127 228
2498 142 237
2499 132 224
2500 137 232
2501 135 229
2502 143 237
2503 139 226
2504 140 231
2505 127 226
2506 127 233
2507 139 225
2508 38 233
2509 41 228
2510 36 222
2511 40 235
2512 41 224
2513 41 228
2514 39 237
2515 33 233
2516 33 237
2517 36 231
2518 36 223
2519 40 228
2520 41 228
2521 38 228
2522 33 233
2523 44 222
2524 44 222
2525 44 231
2526 37 226
2527 34 226
2528 41 235
2529 48 237
2530 35 231
2531 48 232
2532 32 229
2533 34 225
2534 33 224
2535 38 232
2536 49 237
2537 44 224
2538 64 119
2539 60 119
2540 65 126
2541 64 125
2542 63 121
2543 61 118
2544 52 113
2545 52 123
2546 57 123
2547 53 126
2548 56 122
2549 64 115
2550 52 124
2551 64 120
2552 61 121
2553 67 119
2554 51 123
2555 53 114
2556 53 116
2557 60 124
2558 59 124
2559 51 125
2560 62 116
2561 65 116
2562 66 123
2563 61 125
2564 61 118
2565 58 112
2566 65 118
2567 66 118
2568 236 7
2569 234 2
2570 222 5
2571 236 8
2572 227 7
2573 235 11
2574 232 5
2575 237 3
2576 236 4
2577 231 8
2578 230 5
2579 232 10
2580 230 4
2581 227 7
2582 237 6
2583 226 1
2584 227 10
2585 236 7
2586 237 5
2587 236 7
2588 236 5
2589 224 9
2590 228 11
2591 223 9
2592 237 11
2593 235 3
2594 234 11
2595 226 3
2596 206 25
2597 217 21
2598 203 17
2599 214 21
2600 202 16
2601 219 29
2602 221 23
2603 214 25
2604 220 30
2605 212 24
2606 215 29
2607 205 25
2608 214 18
2609 221 26
2610 202 15
2611 210 23
2612 210 24
2613 220 24
2614 204 21
2615 202 27
2616 217 22
2617 212 29
2618 204 12
2619 221 18
2620 206 29
2621 214 13
2622 208 18
2623 215 12
2624 217 14
2625 209 22
2626 107 227
2627 97 234
2628 91 235
2629 95 227
2630 95 225
2631 105 222
2632 107 229
2633 98 224
2634 100 229
2635 95 227
2636 97 223
2637 102 222
2638 104 231
2639 92 223
2640 98 230
2641 105 235
2642 104 229
2643 105 228
2644 100 227
2645 96 233
2646 96 229
2647 108 227
2648 108 234
2649 100 231
2650 90 236
2651 105 229
2652 100 235
2653 98 229
2654 92 226
2655 93 222
2656 237 64
2657 229 66
2658 233 51
2659 229 55
2660 232 59
2661 224 58
2662 233 56
2663 230 62
2664 227 55
2665 234 67
2666 223 62
2667 222 61
2668 234 64
2669 233 66
2670 237 52
2671 231 53
2672 229 67
2673 234 60
2674 222 52
2675 232 55
2676 228 59
2677 224 63
2678 222 54
2679 222 66
2680 233 68
2681 235 63
2682 232 51
2683 234 58
2684 233 51
2685 233 67
2686 162 46
2687 161 33
2688 162 48
2689 152 32
2690 153 35
2691 163 37
2692 152 32
2693 160 48
2694 147 43
2695 154 39
2696 150 47
2697 159 47
2698 153 33
2699 151 45
2700 154 47
2701 148 46
2702 148 35
2703 162 34
2704 148 38
2705 149 47
2706 149 41
2707 154 44
2708 161 40
2709 156 46
2710 151 44
2711 156 32
2712 154 35
2713 150 42
2714 157 45
2715 154 40
2716 148 178
2717 148 178
2718 156 167
2719 161 170
2720 154 166
2721 149 175
2722 159 179
2723 159 168
2724 153 173
2725 147 178
2726 154 167
2727 151 167
2728 153 169
2729 150 173
2730 150 164
2731 147 177
2732 153 175
2733 151 174
2734 147 178
2735 158 165
2736 154 164
2737 154 177
2738 151 172
2739 159 167
2740 148 181
2741 148 179
2742 148 167
2743 159 171
2744 163 174
2745 156 171
2746 4 65
2747 11 68
2748 3 66
2749 9 57
2750 10 68
2751 11 68
2752 10 55
2753 9 67
2754 8 60
2755 7 59
2756 9 57
2757 11 51
2758 5 64
2759 3 58
2760 4 55
2761 11 55
2762 6 65
2763 8 66
2764 9 65
2765 10 67
2766 10 68
2767 11 61
2768 5 61
2769 9 61
2770 5 62
2771 0 66
2772 6 51
2773 4 63
2774 5 63
2775 183 128
2776 189 132
2777 193 131
2778 188 132
2779 185 146
2780 197 134
2781 183 135
2782 194 132
2783 195 143
2784 190 129
2785 189 143
2786 184 136
2787 182 144
2788 190 131
2789 188 129
2790 197 127
2791 189 129
2792 195 139
2793 193 133
2794 193 127
2795 199 142
2796 194 143
2797 182 141
2798 199 146
2799 182 129
2800 187 142
2801 189 133
2802 200 141
2803 193 137
2804 182 138
2805 1 161
2806 2 153
2807 1 150
2808 10 160
2809 8 155
2810 10 153
2811 5 160
2812 4 149
2813 9 153
2814 5 148
2815 4 160
2816 8 150
2817 2 148
2818 1 157
2819 5 162
2820 8 159
2821 3 153
2822 0 150
2823 6 147
2824 3 148
2825 8 156
2826 11 160
2827 3 163
2828 6 160
2829 4 157
2830 10 158
2831 10 156
2832 4 160
2833 3 153
2834 204 152
2835 219 147
2836 206 159
2837 209 147
2838 219 159
2839 221 160
2840 207 147
2841 203 160
2842 207 148
2843 207 155
2844 216 157
2845 212 150
2846 211 157
2847 208 152
2848 219 159
2849 217 147
2850 209 150
2851 214 148
2852 211 159
2853 216 162
2854 219 163
2855 202 151
2856 207 153
2857 212 151
2858 220 155
2859 210 163
2860 221 161
2861 205 158
2862 214 148
2863 203 160
