266 282 10 2907
0 7
1 6
2 4
3 9
4 8
5 8
6 6
7 8
8 7
9 6
10 6
11 6
12 4
13 4
14 3
15 3
16 4
17 3
18 5
19 3
20 3
21 3
22 5
23 3
24 3
25 3
26 4
27 3
28 4
29 7
30 3
31 4
32 3
33 3
34 3
35 3
36 3
37 4
38 3
39 3
40 3
41 3
42 3
43 3
44 3
45 3
46 5
47 3
48 4
49 3
50 3
51 4
52 4
53 5
54 5
55 3
56 3
57 3
58 3
59 3
60 3
61 3
62 3
63 3
64 3
65 4
66 3
67 3
68 3
69 3
70 3
71 3
72 3
73 5
74 3
75 3
76 3
77 3
78 3
79 6
80 4
81 3
82 3
83 3
84 3
85 6
86 4
87 3
88 3
89 3
90 3
91 3
92 3
93 3
94 3
95 3
96 3
97 4
98 3
99 3
100 4
101 4
102 4
103 3
104 3
105 5
106 3
107 3
108 5
109 3
110 4
111 3
112 4
113 3
114 3
115 3
116 3
117 4
118 4
119 3
120 5
121 5
122 3
123 3
124 3
125 3
126 3
127 3
128 3
129 3
130 4
131 5
132 3
133 3
134 4
135 3
136 4
137 5
138 3
139 4
140 3
141 6
142 3
143 3
144 3
145 3
146 6
147 3
148 4
149 3
150 3
151 3
152 3
153 4
154 3
155 5
156 3
157 4
158 3
159 5
160 5
161 3
162 3
163 3
164 3
165 3
166 3
167 3
168 3
169 3
170 4
171 3
172 3
173 4
174 3
175 3
176 4
177 3
178 3
179 3
180 3
181 3
182 4
183 3
184 3
185 5
186 3
187 3
188 3
189 4
190 3
191 3
192 5
193 3
194 5
195 3
196 5
197 3
198 4
199 3
200 3
201 6
202 3
203 4
204 3
205 4
206 3
207 3
208 3
209 3
210 3
211 6
212 3
213 3
214 3
215 3
216 3
217 3
218 7
219 3
220 5
221 3
222 3
223 4
224 3
225 4
226 3
227 3
228 5
229 3
230 3
231 3
232 4
233 3
234 3
235 4
236 3
237 3
238 4
239 3
240 3
241 3
242 4
243 3
244 3
245 3
246 3
247 4
248 3
249 4
250 4
251 4
252 3
253 3
254 3
255 3
256 3
257 3
258 3
259 3
260 3
261 3
262 6
263 3
264 3
265 5
0 0 4
1 0 5
2 0 6
3 0 7
4 0 28
5 0 137
6 0 192
7 1 4
8 1 5
9 1 7
10 1 48
11 2 3
12 2 4
13 2 6
14 2 7
15 3 4
16 3 8
17 3 9
18 3 10
19 3 11
20 3 67
21 4 5
22 4 8
23 4 9
24 4 231
25 5 7
26 5 8
27 5 10
28 5 11
29 6 7
30 6 176
31 6 249
32 7 9
33 7 10
34 7 86
35 8 10
36 8 12
37 8 117
38 9 11
39 9 157
40 10 102
41 11 211
42 12 14
43 12 22
44 12 18
45 13 23
46 13 26
47 15 18
48 15 16
49 16 26
50 17 19
51 17 22
52 18 20
53 21 22
54 22 24
55 24 25
56 26 27
57 28 38
58 28 30
59 28 29
60 29 33
61 29 35
62 29 44
63 29 46
64 29 47
65 30 41
66 30 31
67 31 42
68 32 37
69 34 40
70 34 37
71 36 45
72 36 43
73 37 46
74 39 41
75 43 46
76 48 52
77 48 53
78 49 53
79 50 51
80 51 59
81 51 62
82 52 56
83 52 65
84 53 63
85 53 66
86 54 55
87 54 57
88 54 60
89 56 60
90 57 64
91 58 63
92 61 65
93 62 65
94 67 80
95 67 84
96 68 79
97 69 77
98 70 75
99 70 79
100 71 74
101 71 85
102 72 85
103 73 81
104 73 79
105 73 85
106 76 80
107 77 84
108 77 79
109 78 85
110 80 83
111 82 83
112 86 87
113 86 93
114 86 89
115 88 94
116 89 100
117 89 101
118 90 101
119 91 97
120 92 95
121 92 93
122 94 99
123 96 101
124 97 100
125 98 99
126 98 100
127 102 109
128 102 116
129 103 105
130 104 113
131 104 112
132 105 111
133 105 113
134 106 108
135 107 112
136 108 114
137 108 110
138 109 112
139 109 115
140 110 113
141 117 123
142 117 127
143 118 135
144 118 136
145 119 121
146 119 134
147 120 125
148 120 129
149 120 133
150 120 121
151 121 130
152 121 127
153 122 131
154 124 131
155 126 130
156 127 132
157 128 134
158 131 136
159 134 136
160 137 142
161 137 144
162 137 155
163 137 139
164 138 146
165 139 145
166 139 149
167 140 143
168 141 143
169 141 153
170 141 149
171 141 148
172 146 147
173 146 150
174 146 152
175 146 155
176 148 156
177 151 153
178 154 155
179 157 159
180 157 175
181 158 164
182 158 168
183 158 160
184 159 161
185 159 172
186 160 169
187 160 161
188 162 166
189 162 170
190 163 173
191 165 174
192 167 170
193 167 175
194 168 171
195 168 173
196 172 174
197 176 179
198 177 184
199 178 180
200 179 189
201 180 184
202 180 185
203 181 182
204 181 188
205 182 183
206 183 189
207 185 186
208 185 187
209 187 189
210 188 190
211 188 191
212 192 199
213 192 198
214 192 205
215 193 200
216 193 201
217 194 197
218 194 207
219 194 206
220 195 196
221 196 201
222 196 198
223 199 204
224 201 208
225 201 203
226 202 210
227 203 209
228 205 206
229 205 210
230 211 215
231 211 229
232 211 223
233 212 220
234 212 226
235 213 222
236 213 227
237 214 228
238 214 218
239 216 218
240 217 228
241 218 219
242 218 224
243 218 223
244 220 221
245 220 227
246 223 225
247 225 230
248 226 228
249 231 247
250 231 238
251 232 233
252 232 247
253 234 240
254 234 241
255 235 239
256 235 241
257 235 245
258 235 244
259 236 237
260 236 247
261 238 246
262 238 248
263 240 243
264 242 244
265 242 246
266 249 262
267 250 259
268 250 265
269 251 254
270 251 265
271 252 260
272 252 264
273 253 265
274 255 261
275 255 262
276 255 264
277 256 262
278 257 258
279 258 262
280 260 263
281 264 265
0 244 198
1 246 206
2 237 193
3 231 205
4 246 194
5 234 194
6 233 192
7 234 206
8 247 206
9 241 196
10 239 196
11 247 195
12 235 192
13 248 205
14 246 209
15 236 205
16 243 208
17 242 199
18 231 198
19 242 200
20 235 193
21 248 195
22 244 204
23 237 193
24 243 196
25 233 198
26 237 209
27 236 193
28 232 192
29 237 192
30 20 4
31 23 8
32 20 1
33 25 6
34 25 8
35 23 11
36 19 5
37 15 2
38 20 2
39 22 2
40 15 9
41 14 10
42 15 2
43 22 0
44 14 5
45 13 5
46 26 6
47 25 10
48 21 5
49 25 6
50 19 6
51 15 8
52 26 2
53 21 9
54 21 7
55 14 1
56 23 8
57 27 5
58 21 7
59 20 1
60 3 28
61 0 32
62 4 45
63 9 41
64 3 35
65 5 41
66 0 47
67 6 31
68 10 45
69 6 44
70 4 38
71 7 38
72 1 33
73 3 46
74 4 35
75 8 34
76 9 35
77 7 44
78 0 46
79 0 42
80 2 42
81 6 29
82 2 33
83 2 43
84 9 38
85 11 43
86 10 35
87 8 34
88 6 46
89 264 184
90 262 185
91 255 180
92 262 185
93 250 188
94 261 189
95 263 181
96 258 185
97 253 187
98 261 180
99 253 180
100 261 178
101 256 185
102 251 187
103 265 182
104 265 184
105 260 185
106 263 181
107 259 184
108 263 184
109 258 183
110 255 176
111 250 180
112 249 190
113 249 182
114 263 189
115 264 181
116 263 179
117 251 179
118 259 188
119 43 133
120 28 130
121 31 128
122 38 130
123 31 133
124 33 132
125 39 135
126 33 131
127 47 117
128 41 128
129 44 130
130 32 130
131 38 122
132 34 124
133 39 127
134 32 126
135 43 134
136 29 122
137 33 127
138 34 128
139 33 129
140 31 129
141 44 122
142 41 122
143 43 119
144 46 118
145 30 120
146 39 132
147 44 126
148 42 132
149 207 156
150 199 139
151 199 137
152 193 155
153 207 147
154 202 137
155 208 138
156 210 138
157 195 139
158 202 155
159 206 139
160 203 151
161 198 155
162 207 137
163 210 139
164 203 145
165 196 144
166 209 139
167 208 151
168 208 143
169 201 142
170 194 149
171 200 137
172 199 146
173 192 141
174 210 144
175 206 147
176 209 139
177 196 147
178 194 138
179 122 138
180 118 141
181 135 154
182 127 153
183 130 144
184 134 150
185 130 140
186 118 143
187 121 141
188 127 144
189 131 147
190 134 154
191 121 150
192 117 151
193 133 146
194 136 156
195 128 142
196 118 139
197 124 150
198 131 147
199 127 142
200 122 144
201 120 145
202 122 152
203 125 140
204 134 146
205 136 138
206 126 149
207 118 140
208 121 141
209 40 231
210 44 239
211 30 237
212 41 244
213 47 232
214 34 239
215 33 240
216 30 248
217 29 247
218 28 240
219 41 240
220 38 232
221 45 232
222 47 239
223 45 235
224 28 235
225 40 244
226 35 244
227 44 244
228 38 238
229 32 240
230 41 238
231 43 247
232 29 234
233 41 246
234 33 233
235 39 231
236 39 244
237 39 246
238 36 235
239 48 244
240 54 246
241 66 240
242 62 235
243 60 245
244 48 246
245 60 245
246 64 240
247 62 235
248 66 247
249 54 236
250 51 247
251 55 235
252 55 244
253 65 234
254 49 235
255 62 232
256 65 241
257 49 240
258 48 235
259 56 243
260 55 231
261 59 233
262 56 233
263 57 231
264 48 243
265 49 240
266 60 238
267 56 242
268 59 239
269 253 190
270 256 177
271 260 190
272 250 178
273 261 186
274 261 178
275 251 177
276 252 179
277 251 190
278 255 189
279 261 189
280 263 188
281 258 190
282 262 183
283 263 188
284 265 183
285 251 180
286 262 190
287 260 191
288 249 186
289 251 184
290 262 191
291 261 182
292 265 188
293 254 190
294 258 182
295 261 176
296 265 187
297 264 182
298 261 176
299 54 170
300 59 167
301 62 163
302 56 168
303 55 169
304 60 166
305 63 173
306 65 158
307 64 163
308 66 157
309 63 174
310 55 173
311 55 171
312 60 161
313 64 175
314 54 164
315 56 157
316 57 170
317 49 160
318 54 174
319 63 157
320 61 167
321 60 164
322 61 159
323 60 175
324 57 162
325 66 157
326 56 173
327 50 172
328 63 162
329 231 158
330 246 161
331 246 175
332 247 174
333 236 161
334 234 174
335 245 166
336 234 168
337 233 170
338 246 158
339 241 175
340 235 169
341 245 163
342 236 159
343 238 169
344 248 166
345 244 169
346 243 159
347 240 157
348 234 169
349 240 162
350 233 169
351 231 165
352 237 175
353 231 167
354 243 168
355 245 158
356 234 171
357 235 162
358 231 169
359 188 25
360 191 22
361 182 14
362 182 15
363 178 15
364 180 24
365 191 14
366 183 17
367 177 27
368 181 23
369 186 15
370 183 25
371 180 19
372 190 14
373 178 19
374 183 22
375 191 27
376 191 22
377 177 14
378 188 21
379 186 17
380 178 22
381 178 12
382 189 19
383 186 26
384 186 22
385 182 13
386 182 21
387 186 26
388 188 26
389 146 94
390 152 97
391 155 100
392 152 91
393 150 92
394 143 101
395 142 92
396 142 96
397 156 91
398 137 86
399 149 95
400 141 91
401 155 101
402 147 88
403 150 96
404 144 91
405 138 96
406 145 96
407 154 95
408 144 87
409 147 88
410 153 94
411 155 86
412 152 92
413 152 100
414 140 87
415 147 87
416 156 101
417 147 100
418 143 101
419 49 132
420 49 125
421 62 119
422 64 122
423 65 120
424 66 129
425 54 123
426 56 129
427 52 125
428 51 136
429 51 134
430 48 125
431 50 124
432 63 128
433 64 135
434 51 122
435 60 124
436 50 136
437 62 119
438 48 131
439 60 124
440 51 135
441 49 124
442 56 135
443 62 130
444 50 119
445 52 117
446 56 121
447 52 130
448 50 121
449 68 109
450 79 108
451 71 105
452 69 107
453 80 107
454 85 111
455 83 103
456 68 114
457 78 107
458 67 104
459 82 115
460 77 112
461 78 110
462 82 107
463 81 108
464 81 116
465 77 115
466 74 108
467 75 104
468 85 107
469 78 111
470 82 104
471 85 116
472 75 110
473 83 103
474 69 102
475 72 104
476 71 115
477 69 107
478 75 116
479 222 203
480 223 195
481 222 199
482 221 206
483 224 209
484 217 196
485 216 208
486 230 194
487 216 204
488 218 199
489 221 194
490 214 210
491 223 194
492 223 198
493 224 197
494 215 195
495 219 210
496 227 199
497 223 193
498 224 200
499 220 201
500 224 192
501 222 194
502 212 193
503 212 210
504 212 196
505 212 208
506 213 194
507 212 205
508 221 194
509 228 83
510 217 78
511 216 84
512 223 79
513 219 82
514 217 68
515 229 83
516 223 77
517 221 70
518 224 72
519 218 76
520 223 75
521 211 84
522 225 67
523 221 84
524 211 73
525 222 77
526 225 69
527 219 81
528 222 71
529 225 84
530 214 73
531 212 71
532 227 74
533 220 76
534 229 67
535 213 70
536 222 82
537 230 77
538 215 75
539 83 19
540 76 22
541 70 24
542 68 17
543 78 20
544 71 17
545 71 21
546 73 20
547 79 16
548 73 19
549 76 15
550 84 19
551 83 25
552 78 12
553 79 24
554 74 20
555 71 15
556 84 21
557 85 27
558 68 24
559 79 23
560 72 18
561 77 25
562 77 22
563 71 27
564 75 25
565 68 26
566 80 23
567 71 15
568 69 12
569 139 169
570 147 158
571 151 174
572 137 172
573 145 174
574 147 172
575 149 162
576 153 161
577 142 169
578 153 165
579 155 160
580 148 164
581 142 168
582 156 173
583 148 159
584 137 157
585 143 159
586 140 160
587 140 166
588 143 169
589 148 161
590 153 173
591 137 175
592 154 169
593 146 170
594 151 157
595 149 167
596 155 172
597 142 157
598 147 171
599 127 151
600 135 146
601 131 141
602 124 148
603 126 144
604 119 154
605 125 139
606 129 155
607 134 144
608 130 140
609 118 142
610 123 145
611 124 150
612 135 141
613 120 149
614 117 156
615 125 139
616 127 139
617 129 156
618 128 146
619 126 151
620 125 139
621 124 145
622 130 146
623 134 137
624 118 155
625 134 140
626 136 153
627 120 141
628 120 141
629 119 13
630 123 27
631 124 17
632 121 13
633 127 15
634 119 12
635 120 14
636 124 16
637 129 16
638 136 18
639 123 13
640 134 15
641 122 19
642 126 25
643 119 12
644 135 17
645 117 22
646 129 14
647 119 23
648 121 18
649 121 21
650 117 17
651 121 24
652 118 13
653 117 19
654 126 22
655 129 27
656 119 16
657 135 13
658 117 24
659 206 84
660 197 82
661 195 81
662 207 77
663 202 69
664 204 73
665 206 84
666 208 85
667 207 70
668 210 76
669 209 71
670 201 68
671 192 76
672 200 77
673 208 82
674 199 81
675 208 82
676 202 68
677 194 68
678 209 83
679 209 70
680 196 83
681 208 76
682 207 72
683 193 73
684 196 78
685 210 70
686 206 72
687 195 76
688 195 70
689 32 99
690 30 93
691 37 97
692 30 87
693 33 86
694 42 100
695 47 95
696 34 94
697 29 90
698 39 96
699 35 99
700 37 90
701 46 91
702 43 93
703 40 86
704 46 91
705 42 100
706 47 98
707 36 96
708 41 100
709 30 87
710 39 87
711 43 87
712 36 95
713 46 93
714 46 99
715 39 93
716 38 94
717 38 95
718 46 96
719 6 94
720 2 87
721 10 90
722 1 92
723 11 87
724 3 95
725 8 91
726 5 87
727 3 95
728 1 92
729 2 89
730 4 98
731 3 94
732 4 96
733 2 100
734 6 95
735 5 88
736 10 92
737 1 97
738 11 95
739 6 88
740 8 100
741 6 95
742 8 92
743 2 93
744 131 100
745 131 88
746 135 97
747 136 87
748 128 88
749 123 99
750 124 90
751 124 87
752 117 93
753 126 94
754 123 100
755 129 97
756 118 97
757 123 94
758 118 92
759 130 90
760 128 97
761 134 93
762 117 86
763 136 101
764 136 94
765 136 89
766 134 91
767 121 90
768 134 90
769 135 90
770 135 86
771 119 89
772 133 99
773 117 91
774 99 244
775 100 239
776 90 232
777 91 240
778 89 233
779 86 246
780 89 236
781 92 244
782 91 242
783 96 234
784 98 231
785 89 245
786 101 244
787 92 242
788 95 235
789 89 235
790 98 248
791 96 244
792 91 236
793 96 242
794 97 238
795 93 240
796 86 238
797 98 231
798 95 231
799 97 232
800 90 247
801 99 245
802 99 245
803 90 234
804 181 41
805 177 42
806 186 36
807 180 47
808 181 40
809 191 31
810 179 42
811 184 28
812 184 39
813 187 34
814 178 40
815 179 31
816 178 30
817 180 39
818 187 34
819 189 44
820 187 45
821 180 41
822 182 44
823 176 34
824 184 47
825 178 37
826 185 47
827 179 43
828 177 32
829 189 29
830 181 46
831 186 36
832 182 38
833 186 35
834 159 245
835 162 236
836 171 248
837 173 248
838 167 237
839 161 246
840 161 248
841 171 236
842 166 246
843 173 247
844 160 235
845 171 248
846 164 235
847 171 238
848 175 241
849 175 242
850 172 243
851 166 246
852 157 238
853 174 237
854 172 239
855 163 248
856 169 247
857 169 233
858 161 244
859 166 234
860 174 234
861 173 233
862 171 233
863 174 246
864 150 159
865 151 172
866 150 162
867 142 161
868 151 169
869 138 169
870 139 158
871 156 162
872 142 160
873 154 167
874 148 161
875 149 171
876 142 172
877 145 164
878 144 171
879 151 163
880 150 166
881 141 170
882 154 160
883 139 161
884 147 174
885 142 164
886 146 168
887 137 161
888 156 174
889 154 163
890 150 174
891 137 164
892 148 173
893 140 165
894 254 57
895 259 55
896 265 51
897 256 62
898 263 58
899 255 66
900 253 66
901 253 50
902 256 64
903 258 60
904 257 52
905 259 52
906 257 63
907 252 61
908 251 63
909 249 64
910 258 65
911 250 53
912 263 58
913 263 65
914 253 50
915 261 62
916 253 61
917 257 55
918 252 57
919 253 65
920 249 50
921 253 55
922 263 66
923 259 49
924 23 198
925 17 203
926 26 192
927 18 196
928 25 206
929 23 192
930 21 206
931 25 207
932 26 210
933 26 192
934 20 195
935 15 194
936 17 196
937 18 210
938 13 195
939 25 200
940 14 192
941 23 210
942 23 192
943 17 210
944 19 204
945 12 195
946 25 201
947 14 207
948 21 198
949 26 200
950 14 200
951 25 195
952 23 192
953 15 199
954 57 0
955 54 9
956 53 0
957 52 7
958 57 11
959 58 7
960 65 3
961 60 8
962 63 10
963 63 5
964 65 10
965 64 10
966 50 10
967 65 10
968 62 8
969 66 2
970 60 2
971 59 7
972 60 0
973 58 1
974 62 1
975 52 4
976 58 11
977 62 1
978 64 1
979 62 5
980 51 5
981 50 9
982 233 236
983 239 246
984 231 240
985 235 236
986 240 245
987 232 245
988 234 246
989 238 236
990 233 240
991 239 238
992 236 248
993 237 233
994 243 237
995 237 243
996 245 237
997 61 182
998 60 185
999 48 186
1000 54 186
1001 48 180
1002 56 191
1003 51 179
1004 66 186
1005 52 183
1006 55 190
1007 55 176
1008 50 178
1009 51 180
1010 64 176
1011 54 181
1012 50 186
1013 59 182
1014 58 180
1015 54 191
1016 63 183
1017 61 177
1018 66 182
1019 65 188
1020 64 183
1021 58 187
1022 49 190
1023 48 181
1024 64 188
1025 56 191
1026 57 187
1027 182 139
1028 191 150
1029 183 152
1030 180 155
1031 189 147
1032 188 141
1033 188 141
1034 191 139
1035 188 156
1036 183 148
1037 186 148
1038 191 142
1039 182 156
1040 178 144
1041 188 145
1042 188 138
1043 179 147
1044 179 152
1045 180 156
1046 177 151
1047 181 153
1048 190 141
1049 190 147
1050 184 141
1051 181 155
1052 190 138
1053 179 141
1054 185 145
1055 183 144
1056 185 155
1057 2 93
1058 8 101
1059 6 100
1060 2 100
1061 3 100
1062 8 90
1063 11 86
1064 0 91
1065 3 96
1066 10 95
1067 3 90
1068 8 97
1069 0 89
1070 3 93
1071 10 96
1072 0 94
1073 11 97
1074 6 97
1075 7 101
1076 3 96
1077 6 96
1078 5 87
1079 4 91
1080 10 93
1081 5 99
1082 7 95
1083 6 98
1084 11 96
1085 167 206
1086 171 192
1087 169 208
1088 160 210
1089 174 209
1090 166 205
1091 163 204
1092 174 194
1093 166 205
1094 163 203
1095 172 194
1096 167 205
1097 171 204
1098 172 209
1099 157 194
1100 158 210
1101 161 206
1102 174 197
1103 158 196
1104 168 201
1105 171 205
1106 167 205
1107 174 193
1108 171 206
1109 173 197
1110 168 200
1111 160 206
1112 171 210
1113 163 201
1114 160 192
1115 206 127
1116 196 122
1117 209 124
1118 200 132
1119 202 135
1120 201 126
1121 207 132
1122 205 129
1123 193 119
1124 199 127
1125 196 135
1126 206 119
1127 205 121
1128 193 118
1129 208 121
1130 204 135
1131 203 121
1132 210 117
1133 194 117
1134 205 134
1135 201 128
1136 204 131
1137 197 136
1138 204 129
1139 210 123
1140 193 122
1141 198 135
1142 204 119
1143 204 136
1144 194 134
1145 31 5
1146 31 3
1147 38 2
1148 35 6
1149 42 2
1150 35 9
1151 44 2
1152 30 7
1153 43 7
1154 33 7
1155 29 2
1156 31 5
1157 36 10
1158 32 4
1159 44 0
1160 41 11
1161 36 0
1162 31 10
1163 46 2
1164 44 9
1165 41 8
1166 39 6
1167 32 0
1168 45 11
1169 33 4
1170 38 7
1171 45 4
1172 31 10
1173 36 1
1174 42 2
1175 8 95
1176 8 96
1177 10 90
1178 5 101
1179 8 96
1180 10 101
1181 4 101
1182 3 89
1183 1 91
1184 1 94
1185 3 95
1186 5 88
1187 1 92
1188 6 101
1189 1 91
1190 5 93
1191 11 99
1192 1 99
1193 5 101
1194 9 97
1195 11 93
1196 5 87
1197 8 100
1198 1 99
1199 4 98
1200 8 95
1201 7 98
1202 5 89
1203 3 89
1204 6 88
1205 199 52
1206 209 49
1207 198 58
1208 195 59
1209 198 56
1210 193 59
1211 200 48
1212 203 63
1213 193 66
1214 199 62
1215 203 54
1216 192 49
1217 194 51
1218 208 48
1219 202 60
1220 210 56
1221 192 63
1222 208 52
1223 199 59
1224 208 52
1225 199 51
1226 200 51
1227 209 63
1228 198 49
1229 195 57
1230 203 65
1231 195 52
1232 208 48
1233 199 51
1234 198 62
1235 125 88
1236 120 100
1237 128 91
1238 136 92
1239 125 97
1240 122 94
1241 128 101
1242 126 101
1243 122 91
1244 117 92
1245 129 99
1246 126 86
1247 131 96
1248 121 95
1249 119 98
1250 136 89
1251 133 99
1252 120 88
1253 122 101
1254 130 96
1255 126 92
1256 133 86
1257 124 101
1258 121 99
1259 118 91
1260 122 89
1261 132 99
1262 136 101
1263 134 94
1264 134 87
1265 238 67
1266 233 79
1267 234 74
1268 242 72
1269 240 83
1270 244 81
1271 238 82
1272 239 79
1273 234 75
1274 239 70
1275 238 84
1276 239 74
1277 248 77
1278 233 68
1279 234 85
1280 247 85
1281 239 77
1282 237 73
1283 235 69
1284 243 85
1285 242 76
1286 239 85
1287 242 69
1288 237 77
1289 235 73
1290 246 69
1291 247 76
1292 242 73
1293 245 67
1294 232 72
1295 154 61
1296 141 49
1297 154 61
1298 146 59
1299 151 59
1300 138 54
1301 155 61
1302 145 59
1303 139 59
1304 140 49
1305 153 59
1306 154 48
1307 147 59
1308 137 56
1309 153 66
1310 143 66
1311 153 52
1312 141 57
1313 141 66
1314 138 56
1315 150 61
1316 144 53
1317 149 51
1318 155 49
1319 155 60
1320 153 60
1321 153 48
1322 155 48
1323 145 54
1324 147 55
1325 147 149
1326 154 152
1327 142 152
1328 138 137
1329 153 144
1330 156 139
1331 153 140
1332 150 145
1333 142 156
1334 139 147
1335 152 149
1336 140 146
1337 156 147
1338 145 147
1339 146 141
1340 149 142
1341 154 153
1342 142 151
1343 154 145
1344 145 151
1345 262 5
1346 264 3
1347 261 2
1348 251 4
1349 252 0
1350 254 10
1351 253 1
1352 264 7
1353 253 7
1354 254 6
1355 256 1
1356 256 2
1357 260 5
1358 261 9
1359 253 11
1360 256 10
1361 255 4
1362 259 0
1363 254 10
1364 256 0
1365 258 11
1366 249 10
1367 264 8
1368 255 5
1369 256 2
1370 260 7
1371 252 8
1372 261 6
1373 249 11
1374 69 136
1375 74 119
1376 69 123
1377 82 120
1378 67 119
1379 68 132
1380 72 121
1381 74 136
1382 69 129
1383 79 131
1384 81 123
1385 83 134
1386 74 133
1387 72 135
1388 78 136
1389 81 118
1390 72 124
1391 71 119
1392 82 136
1393 78 133
1394 78 120
1395 69 131
1396 73 131
1397 75 118
1398 75 134
1399 72 134
1400 68 125
1401 70 133
1402 72 135
1403 67 119
1404 158 127
1405 170 125
1406 168 119
1407 165 136
1408 160 136
1409 172 130
1410 170 121
1411 171 123
1412 166 132
1413 170 124
1414 168 135
1415 162 126
1416 171 131
1417 167 124
1418 163 122
1419 172 120
1420 171 134
1421 168 126
1422 171 121
1423 168 124
1424 158 124
1425 157 133
1426 174 134
1427 166 123
1428 166 136
1429 165 123
1430 167 126
1431 167 129
1432 159 134
1433 165 117
1434 28 8
1435 40 0
1436 32 7
1437 45 7
1438 33 5
1439 29 11
1440 41 9
1441 46 4
1442 45 11
1443 33 0
1444 40 0
1445 37 10
1446 37 9
1447 44 2
1448 45 5
1449 32 11
1450 37 11
1451 29 3
1452 44 1
1453 33 5
1454 47 2
1455 35 6
1456 39 9
1457 29 5
1458 40 3
1459 44 10
1460 29 1
1461 30 8
1462 36 0
1463 1 153
1464 6 146
1465 2 140
1466 5 153
1467 6 149
1468 9 147
1469 1 152
1470 9 138
1471 4 145
1472 7 142
1473 4 142
1474 7 156
1475 0 149
1476 8 142
1477 2 144
1478 3 154
1479 3 156
1480 5 149
1481 5 143
1482 8 143
1483 10 151
1484 5 148
1485 3 143
1486 6 150
1487 3 146
1488 5 146
1489 9 137
1490 2 144
1491 71 147
1492 79 149
1493 81 143
1494 80 147
1495 69 147
1496 83 149
1497 80 144
1498 79 144
1499 75 149
1500 68 141
1501 71 146
1502 85 147
1503 68 137
1504 70 140
1505 79 144
1506 77 154
1507 85 139
1508 83 143
1509 73 154
1510 74 139
1511 83 150
1512 72 137
1513 79 149
1514 67 153
1515 85 151
1516 75 139
1517 72 155
1518 78 147
1519 76 141
1520 77 144
1521 14 35
1522 17 46
1523 15 38
1524 14 45
1525 16 42
1526 27 36
1527 13 38
1528 17 34
1529 16 35
1530 20 43
1531 27 28
1532 22 40
1533 16 36
1534 13 44
1535 15 39
1536 18 42
1537 17 37
1538 25 29
1539 19 33
1540 15 41
1541 18 32
1542 26 35
1543 23 38
1544 25 46
1545 25 45
1546 18 46
1547 16 39
1548 21 47
1549 27 42
1550 26 34
1551 239 128
1552 236 131
1553 246 122
1554 247 132
1555 235 136
1556 231 136
1557 231 131
1558 236 136
1559 240 131
1560 237 126
1561 239 129
1562 245 123
1563 244 121
1564 233 119
1565 247 133
1566 234 129
1567 232 128
1568 234 133
1569 239 122
1570 244 125
1571 238 128
1572 243 132
1573 241 124
1574 237 124
1575 244 128
1576 239 133
1577 235 128
1578 238 127
1579 239 125
1580 244 123
1581 143 241
1582 150 232
1583 147 231
1584 138 245
1585 137 242
1586 139 237
1587 142 241
1588 144 246
1589 149 232
1590 156 240
1591 139 232
1592 142 243
1593 139 243
1594 137 246
1595 141 247
1596 146 238
1597 138 236
1598 154 247
1599 138 231
1600 144 244
1601 144 234
1602 151 239
1603 140 236
1604 137 246
1605 147 234
1606 154 240
1607 143 245
1608 156 235
1609 152 246
1610 154 243
1611 21 148
1612 21 156
1613 23 139
1614 13 137
1615 20 142
1616 14 147
1617 23 138
1618 13 155
1619 16 150
1620 21 143
1621 17 146
1622 19 142
1623 26 152
1624 26 146
1625 19 140
1626 14 148
1627 23 140
1628 23 143
1629 13 141
1630 18 137
1631 12 147
1632 14 140
1633 21 152
1634 21 138
1635 14 139
1636 25 147
1637 14 145
1638 24 152
1639 17 138
1640 13 142
1641 114 259
1642 110 252
1643 107 262
1644 114 259
1645 103 249
1646 107 254
1647 111 265
1648 111 256
1649 116 257
1650 113 252
1651 108 257
1652 116 265
1653 113 255
1654 113 265
1655 112 260
1656 108 252
1657 114 250
1658 115 264
1659 113 260
1660 105 262
1661 104 262
1662 104 264
1663 114 254
1664 111 249
1665 113 256
1666 110 263
1667 109 258
1668 116 255
1669 104 263
1670 110 256
1671 209 200
1672 199 195
1673 206 209
1674 199 194
1675 209 193
1676 199 203
1677 193 205
1678 198 204
1679 205 204
1680 208 205
1681 197 203
1682 192 208
1683 200 199
1684 208 206
1685 195 193
1686 210 209
1687 200 209
1688 196 202
1689 201 199
1690 209 208
1691 200 196
1692 149 123
1693 144 125
1694 141 123
1695 145 123
1696 146 123
1697 139 131
1698 139 123
1699 140 123
1700 146 126
1701 138 123
1702 154 126
1703 156 132
1704 137 131
1705 146 133
1706 142 129
1707 140 132
1708 155 127
1709 149 126
1710 150 122
1711 137 126
1712 142 118
1713 156 132
1714 142 135
1715 143 136
1716 141 133
1717 154 126
1718 139 119
1719 137 132
1720 137 124
1721 142 128
1722 108 155
1723 107 148
1724 111 154
1725 114 144
1726 112 149
1727 105 138
1728 105 145
1729 107 141
1730 110 137
1731 105 144
1732 113 147
1733 103 144
1734 111 155
1735 112 150
1736 103 144
1737 114 146
1738 113 154
1739 110 156
1740 105 154
1741 103 150
1742 105 137
1743 105 139
1744 102 152
1745 113 156
1746 106 150
1747 105 151
1748 108 148
1749 108 148
1750 115 156
1751 110 138
1752 92 253
1753 86 252
1754 96 255
1755 100 249
1756 91 251
1757 100 259
1758 101 253
1759 95 250
1760 96 252
1761 94 261
1762 100 250
1763 101 265
1764 93 254
1765 93 252
1766 99 259
1767 100 260
1768 98 255
1769 89 254
1770 97 258
1771 90 257
1772 89 255
1773 87 250
1774 96 252
1775 97 250
1776 93 254
1777 97 258
1778 100 249
1779 100 249
1780 87 258
1781 98 251
1782 254 4
1783 254 2
1784 262 5
1785 257 8
1786 259 2
1787 260 5
1788 261 3
1789 251 8
1790 253 2
1791 251 2
1792 263 3
1793 262 2
1794 255 11
1795 262 10
1796 255 4
1797 253 7
1798 258 2
1799 258 1
1800 251 8
1801 253 9
1802 264 5
1803 256 4
1804 258 9
1805 252 9
1806 264 8
1807 261 6
1808 254 10
1809 225 253
1810 212 260
1811 223 259
1812 213 252
1813 219 257
1814 218 261
1815 214 251
1816 213 262
1817 219 253
1818 230 255
1819 230 256
1820 224 264
1821 224 259
1822 219 257
1823 225 252
1824 220 257
1825 221 252
1826 216 253
1827 221 249
1828 224 261
1829 214 263
1830 230 256
1831 230 253
1832 211 264
1833 212 249
1834 227 264
1835 217 262
1836 220 257
1837 214 250
1838 229 252
1839 200 189
1840 199 187
1841 209 181
1842 202 191
1843 207 184
1844 193 176
1845 196 181
1846 205 178
1847 206 179
1848 200 178
1849 196 178
1850 210 190
1851 198 177
1852 203 176
1853 196 180
1854 192 180
1855 197 185
1856 198 187
1857 201 179
1858 204 176
1859 207 186
1860 207 177
1861 208 188
1862 202 187
1863 202 178
1864 195 185
1865 200 184
1866 204 180
1867 208 176
1868 202 185
1869 111 104
1870 108 112
1871 112 105
1872 102 106
1873 116 110
1874 102 111
1875 113 116
1876 113 116
1877 107 106
1878 115 104
1879 103 106
1880 111 109
1881 111 107
1882 103 102
1883 107 106
1884 106 112
1885 111 107
1886 106 109
1887 116 108
1888 112 105
1889 102 108
1890 77 75
1891 79 82
1892 85 68
1893 75 68
1894 71 75
1895 76 78
1896 84 76
1897 72 67
1898 78 77
1899 73 69
1900 83 72
1901 71 77
1902 82 70
1903 72 69
1904 73 74
1905 72 70
1906 82 74
1907 79 80
1908 83 75
1909 104 87
1910 108 92
1911 109 88
1912 112 86
1913 105 101
1914 112 95
1915 102 90
1916 103 99
1917 110 87
1918 116 101
1919 114 97
1920 105 100
1921 102 98
1922 111 100
1923 107 101
1924 111 87
1925 115 97
1926 114 86
1927 104 89
1928 106 98
1929 113 92
1930 113 99
1931 115 94
1932 102 101
1933 108 97
1934 115 100
1935 108 98
1936 116 91
1937 102 87
1938 115 101
1939 70 249
1940 67 250
1941 74 256
1942 68 251
1943 80 259
1944 81 251
1945 82 253
1946 72 249
1947 67 251
1948 77 253
1949 69 259
1950 84 265
1951 67 249
1952 81 262
1953 77 259
1954 81 255
1955 69 258
1956 73 252
1957 83 255
1958 72 258
1959 72 260
1960 75 252
1961 68 256
1962 84 260
1963 75 255
1964 68 251
1965 83 265
1966 68 265
1967 67 258
1968 68 257
1969 207 210
1970 210 207
1971 197 193
1972 207 200
1973 210 201
1974 208 205
1975 206 200
1976 195 194
1977 207 205
1978 208 192
1979 194 209
1980 200 204
1981 198 210
1982 193 204
1983 207 205
1984 203 202
1985 194 202
1986 200 198
1987 196 202
1988 199 203
1989 200 199
1990 192 203
1991 207 204
1992 202 200
1993 207 195
1994 201 204
1995 56 221
1996 66 222
1997 51 224
1998 60 223
1999 54 219
2000 57 213
2001 66 216
2002 61 217
2003 65 228
2004 63 216
2005 57 225
2006 49 220
2007 60 225
2008 64 220
2009 50 212
2010 58 211
2011 48 226
2012 48 228
2013 48 228
2014 50 225
2015 51 228
2016 57 220
2017 56 226
2018 63 213
2019 60 218
2020 64 225
2021 62 226
2022 55 225
2023 66 216
2024 58 217
2025 129 71
2026 127 67
2027 132 75
2028 120 74
2029 121 73
2030 119 85
2031 121 82
2032 124 68
2033 126 76
2034 117 67
2035 127 82
2036 121 80
2037 125 69
2038 127 71
2039 132 77
2040 124 77
2041 127 72
2042 132 76
2043 128 79
2044 130 82
2045 133 75
2046 133 83
2047 128 79
2048 125 84
2049 129 75
2050 130 80
2051 118 74
2052 129 81
2053 118 84
2054 132 79
2055 112 7
2056 116 9
2057 116 3
2058 115 0
2059 103 11
2060 114 6
2061 106 5
2062 105 7
2063 109 11
2064 116 1
2065 110 2
2066 102 11
2067 106 7
2068 105 5
2069 108 8
2070 113 6
2071 111 8
2072 106 10
2073 113 2
2074 113 11
2075 109 6
2076 103 4
2077 112 1
2078 109 1
2079 113 3
2080 105 8
2081 112 3
2082 196 0
2083 201 4
2084 206 6
2085 208 0
2086 194 0
2087 205 9
2088 202 5
2089 203 9
2090 193 7
2091 205 3
2092 198 7
2093 205 8
2094 200 11
2095 205 11
2096 193 0
2097 210 1
2098 203 11
2099 197 11
2100 203 2
2101 206 9
2102 209 9
2103 202 11
2104 204 4
2105 207 3
2106 208 6
2107 203 2
2108 204 3
2109 196 5
2110 194 10
2111 117 13
2112 126 23
2113 131 19
2114 136 27
2115 126 14
2116 117 26
2117 132 15
2118 130 24
2119 136 23
2120 135 15
2121 118 16
2122 134 15
2123 118 14
2124 131 27
2125 134 23
2126 128 21
2127 118 19
2128 133 12
2129 126 12
2130 136 24
2131 131 26
2132 130 14
2133 133 17
2134 119 19
2135 123 14
2136 127 25
2137 132 21
2138 134 17
2139 130 15
2140 256 177
2141 257 182
2142 261 190
2143 251 179
2144 254 185
2145 251 178
2146 251 186
2147 263 190
2148 262 179
2149 250 183
2150 252 179
2151 249 190
2152 252 178
2153 264 186
2154 260 184
2155 254 186
2156 257 185
2157 261 177
2158 262 181
2159 260 179
2160 264 183
2161 261 181
2162 260 176
2163 260 186
2164 259 176
2165 265 181
2166 253 190
2167 258 191
2168 251 190
2169 253 181
2170 226 29
2171 220 36
2172 221 32
2173 212 43
2174 217 40
2175 224 38
2176 224 43
2177 225 42
2178 213 30
2179 221 32
2180 214 34
2181 215 44
2182 217 41
2183 225 40
2184 217 47
2185 229 36
2186 211 28
2187 226 30
2188 220 40
2189 230 28
2190 230 28
2191 230 41
2192 224 36
2193 223 44
2194 217 40
2195 211 37
2196 218 34
2197 217 34
2198 211 46
2199 223 33
2200 221 5
2201 216 0
2202 229 6
2203 227 5
2204 224 10
2205 214 9
2206 212 6
2207 211 1
2208 212 7
2209 214 7
2210 218 1
2211 217 4
2212 229 6
2213 228 9
2214 221 2
2215 230 6
2216 227 5
2217 215 4
2218 216 9
2219 223 10
2220 211 0
2221 219 7
2222 222 3
2223 230 9
2224 227 1
2225 212 4
2226 225 5
2227 223 8
2228 186 20
2229 180 20
2230 179 15
2231 190 23
2232 183 15
2233 177 17
2234 191 19
2235 190 19
2236 183 18
2237 188 14
2238 187 13
2239 179 18
2240 191 12
2241 178 19
2242 182 20
2243 188 27
2244 180 20
2245 183 17
2246 188 23
2247 185 13
2248 182 17
2249 176 18
2250 182 18
2251 188 18
2252 181 15
2253 183 16
2254 189 22
2255 184 25
2256 191 22
2257 178 24
2258 55 82
2259 56 72
2260 64 78
2261 55 67
2262 49 77
2263 53 76
2264 59 82
2265 59 81
2266 59 73
2267 48 76
2268 59 70
2269 57 69
2270 61 69
2271 59 76
2272 60 71
2273 50 68
2274 48 72
2275 57 78
2276 54 68
2277 50 73
2278 55 73
2279 65 68
2280 51 81
2281 61 68
2282 58 67
2283 55 69
2284 65 85
2285 51 80
2286 55 70
2287 56 77
2288 12 188
2289 15 187
2290 23 191
2291 22 179
2292 23 181
2293 12 182
2294 14 184
2295 24 182
2296 14 191
2297 16 179
2298 27 179
2299 14 178
2300 16 179
2301 27 189
2302 21 190
2303 19 186
2304 19 176
2305 14 188
2306 13 185
2307 21 191
2308 25 182
2309 24 178
2310 19 181
2311 21 181
2312 18 176
2313 27 182
2314 24 179
2315 19 183
2316 21 190
2317 27 181
2318 111 11
2319 108 3
2320 103 2
2321 109 5
2322 110 3
2323 108 0
2324 106 2
2325 105 5
2326 116 5
2327 112 11
2328 115 9
2329 114 11
2330 113 0
2331 112 5
2332 107 8
2333 116 6
2334 105 11
2335 113 11
2336 105 0
2337 109 9
2338 105 3
2339 104 10
2340 113 3
2341 106 2
2342 111 9
2343 106 7
2344 115 11
2345 105 7
2346 108 7
2347 102 9
2348 226 195
2349 217 193
2350 227 210
2351 219 201
2352 211 208
2353 217 194
2354 216 204
2355 229 196
2356 215 193
2357 220 197
2358 224 203
2359 222 210
2360 215 209
2361 213 192
2362 212 201
2363 230 196
2364 225 194
2365 229 205
2366 213 194
2367 225 205
2368 230 207
2369 230 204
2370 220 203
2371 222 201
2372 216 202
2373 221 195
2374 217 207
2375 217 198
2376 213 199
2377 217 210
2378 252 1
2379 265 10
2380 255 1
2381 265 8
2382 256 10
2383 264 6
2384 255 6
2385 262 9
2386 253 5
2387 262 2
2388 263 1
2389 262 2
2390 256 11
2391 260 9
2392 255 1
2393 249 1
2394 263 1
2395 257 0
2396 261 4
2397 254 6
2398 264 5
2399 261 10
2400 251 3
2401 253 5
2402 263 3
2403 258 11
2404 254 11
2405 253 11
2406 250 11
2407 253 6
2408 175 244
2409 162 235
2410 161 243
2411 169 247
2412 158 244
2413 165 234
2414 158 244
2415 161 235
2416 173 246
2417 167 246
2418 173 248
2419 158 246
2420 174 246
2421 159 234
2422 157 241
2423 158 240
2424 175 242
2425 163 247
2426 172 245
2427 168 246
2428 160 244
2429 157 234
2430 165 247
2431 171 241
2432 169 240
2433 172 237
2434 166 241
2435 166 245
2436 157 245
2437 164 232
2438 133 229
2439 118 216
2440 132 217
2441 119 224
2442 119 230
2443 135 221
2444 134 212
2445 118 228
2446 125 230
2447 132 228
2448 118 212
2449 124 220
2450 128 217
2451 127 219
2452 125 211
2453 124 216
2454 129 220
2455 131 218
2456 119 213
2457 127 227
2458 135 226
2459 118 221
2460 132 221
2461 125 215
2462 135 211
2463 134 228
2464 118 223
2465 135 226
2466 123 216
2467 125 227
2468 213 236
2469 228 243
2470 216 246
2471 220 240
2472 216 245
2473 212 234
2474 215 232
2475 219 233
2476 226 247
2477 227 240
2478 219 245
2479 212 235
2480 213 243
2481 225 244
2482 223 239
2483 217 238
2484 221 241
2485 227 236
2486 221 240
2487 217 232
2488 223 233
2489 213 245
2490 220 241
2491 220 235
2492 224 237
2493 226 248
2494 212 238
2495 225 235
2496 219 247
2497 214 236
2498 110 36
2499 104 30
2500 102 47
2501 111 43
2502 107 34
2503 111 43
2504 107 47
2505 109 29
2506 103 47
2507 107 33
2508 104 30
2509 105 42
2510 116 31
2511 108 36
2512 106 29
2513 111 47
2514 108 36
2515 115 30
2516 107 31
2517 112 33
2518 105 41
2519 105 39
2520 102 28
2521 108 44
2522 105 43
2523 109 38
2524 111 35
2525 110 34
2526 107 30
2527 108 29
2528 43 134
2529 41 128
2530 33 132
2531 41 130
2532 39 120
2533 31 131
2534 42 130
2535 29 123
2536 46 121
2537 47 118
2538 40 119
2539 34 134
2540 35 133
2541 30 134
2542 36 120
2543 39 118
2544 32 134
2545 31 128
2546 31 117
2547 28 130
2548 44 128
2549 41 130
2550 42 130
2551 38 135
2552 39 121
2553 45 135
2554 37 128
2555 45 128
2556 33 136
2557 35 127
2558 145 127
2559 144 118
2560 138 127
2561 142 130
2562 148 121
2563 149 132
2564 141 127
2565 137 118
2566 151 121
2567 147 121
2568 153 131
2569 154 120
2570 150 123
2571 146 133
2572 150 136
2573 147 131
2574 151 130
2575 143 122
2576 137 125
2577 141 126
2578 148 127
2579 143 131
2580 153 131
2581 145 125
2582 147 118
2583 154 132
2584 146 129
2585 151 135
2586 143 131
2587 146 122
2588 135 133
2589 135 120
2590 125 117
2591 136 123
2592 133 119
2593 132 130
2594 131 135
2595 117 125
2596 135 133
2597 120 136
2598 127 122
2599 125 124
2600 134 132
2601 118 125
2602 129 126
2603 125 123
2604 133 127
2605 124 125
2606 135 123
2607 122 135
2608 122 120
2609 195 174
2610 208 165
2611 196 159
2612 208 174
2613 198 164
2614 201 169
2615 210 166
2616 207 157
2617 195 166
2618 208 163
2619 198 168
2620 200 160
2621 192 175
2622 204 172
2623 199 163
2624 203 157
2625 194 160
2626 200 174
2627 205 174
2628 209 160
2629 202 160
2630 203 160
2631 210 167
2632 207 172
2633 205 171
2634 195 169
2635 204 157
2636 193 175
2637 202 158
2638 195 161
2639 0 239
2640 0 233
2641 9 247
2642 9 240
2643 8 235
2644 3 236
2645 11 244
2646 0 247
2647 3 236
2648 11 243
2649 8 246
2650 10 233
2651 0 240
2652 1 240
2653 1 232
2654 10 248
2655 6 234
2656 1 247
2657 3 235
2658 7 246
2659 7 243
2660 7 235
2661 10 243
2662 5 246
2663 10 245
2664 3 234
2665 2 248
2666 6 234
2667 3 246
2668 7 125
2669 5 119
2670 3 126
2671 11 136
2672 2 126
2673 3 123
2674 4 123
2675 6 129
2676 0 131
2677 6 130
2678 3 121
2679 6 136
2680 4 124
2681 2 123
2682 7 128
2683 9 120
2684 2 134
2685 11 129
2686 5 125
2687 6 126
2688 2 122
2689 4 133
2690 9 128
2691 0 136
2692 9 136
2693 11 132
2694 3 128
2695 6 134
2696 2 132
2697 4 130
2698 166 18
2699 166 24
2700 166 19
2701 159 16
2702 168 19
2703 174 17
2704 157 23
2705 171 12
2706 162 21
2707 174 12
2708 159 22
2709 170 12
2710 165 15
2711 163 16
2712 159 24
2713 158 22
2714 159 24
2715 170 26
2716 167 26
2717 157 16
2718 172 13
2719 157 12
2720 163 24
2721 174 27
2722 165 24
2723 165 17
2724 167 14
2725 169 21
2726 172 17
2727 164 12
2728 251 113
2729 262 104
2730 264 113
2731 258 115
2732 261 114
2733 250 107
2734 254 112
2735 262 110
2736 249 112
2737 263 116
2738 260 105
2739 264 113
2740 256 107
2741 249 105
2742 260 102
2743 251 112
2744 249 113
2745 261 103
2746 263 108
2747 259 102
2748 262 115
2749 264 102
2750 251 105
2751 250 113
2752 251 102
2753 253 112
2754 251 113
2755 258 105
2756 256 110
2757 253 109
2758 237 12
2759 240 21
2760 236 18
2761 234 23
2762 232 19
2763 239 21
2764 241 26
2765 244 21
2766 238 15
2767 238 27
2768 236 13
2769 237 23
2770 241 23
2771 242 25
2772 238 17
2773 241 16
2774 241 19
2775 247 16
2776 235 18
2777 236 13
2778 235 14
2779 239 26
2780 237 27
2781 239 21
2782 231 26
2783 246 26
2784 244 17
2785 239 12
2786 239 19
2787 235 17
2788 218 255
2789 224 259
2790 224 264
2791 211 257
2792 211 255
2793 223 250
2794 223 251
2795 212 250
2796 219 258
2797 221 251
2798 229 255
2799 223 255
2800 227 261
2801 229 257
2802 222 257
2803 224 260
2804 221 255
2805 216 253
2806 221 262
2807 212 261
2808 222 253
2809 219 249
2810 227 250
2811 219 252
2812 214 255
2813 213 250
2814 229 257
2815 214 251
2816 229 265
2817 227 256
2818 118 33
2819 128 43
2820 129 30
2821 124 44
2822 125 43
2823 129 44
2824 136 44
2825 119 28
2826 117 34
2827 129 28
2828 124 43
2829 135 28
2830 134 28
2831 121 37
2832 122 37
2833 131 38
2834 121 33
2835 123 41
2836 126 30
2837 122 47
2838 127 30
2839 120 39
2840 128 33
2841 125 30
2842 124 42
2843 120 30
2844 135 29
2845 136 30
2846 134 33
2847 123 30
2848 17 180
2849 23 185
2850 14 190
2851 12 176
2852 16 178
2853 24 189
2854 26 176
2855 21 181
2856 19 184
2857 24 184
2858 19 180
2859 13 178
2860 15 189
2861 19 177
2862 20 187
2863 18 183
2864 12 178
2865 17 185
2866 25 185
2867 15 185
2868 27 182
2869 24 190
2870 15 189
2871 13 180
2872 25 178
2873 19 183
2874 13 191
2875 18 185
2876 14 185
2877 17 183
2878 95 7
2879 90 11
2880 88 9
2881 90 1
2882 92 8
2883 97 1
2884 93 0
2885 98 9
2886 96 4
2887 91 7
2888 98 5
2889 100 0
2890 96 5
2891 98 2
2892 96 5
2893 89 11
2894 97 9
2895 88 9
2896 88 1
2897 100 4
2898 90 2
2899 100 1
2900 90 8
2901 99 5
2902 89 2
2903 92 8
2904 91 10
2905 101 1
2906 100 1
