224 251 10 2937
0 10
1 7
2 11
3 6
4 6
5 9
6 11
7 6
8 10
9 7
10 7
11 9
12 3
13 3
14 5
15 5
16 4
17 3
18 3
19 4
20 3
21 3
22 4
23 3
24 4
25 3
26 3
27 7
28 7
29 3
30 4
31 3
32 3
33 3
34 3
35 3
36 3
37 3
38 3
39 3
40 3
41 4
42 3
43 3
44 3
45 3
46 3
47 3
48 3
49 3
50 3
51 3
52 5
53 5
54 3
55 3
56 3
57 3
58 4
59 3
60 4
61 4
62 4
63 4
64 3
65 3
66 3
67 3
68 4
69 3
70 4
71 3
72 3
73 3
74 3
75 3
76 3
77 5
78 5
79 5
80 3
81 5
82 3
83 3
84 3
85 3
86 3
87 5
88 3
89 3
90 3
91 3
92 3
93 3
94 3
95 5
96 3
97 3
98 3
99 3
100 4
101 3
102 3
103 4
104 3
105 3
106 4
107 3
108 4
109 3
110 4
111 4
112 3
113 3
114 3
115 5
116 3
117 3
118 3
119 3
120 3
121 4
122 3
123 4
124 6
125 3
126 3
127 5
128 3
129 3
130 3
131 3
132 3
133 3
134 3
135 3
136 3
137 5
138 4
139 3
140 3
141 4
142 3
143 3
144 4
145 3
146 3
147 3
148 3
149 4
150 5
151 4
152 3
153 3
154 3
155 3
156 5
157 3
158 3
159 3
160 3
161 3
162 4
163 3
164 3
165 3
166 5
167 3
168 3
169 3
170 3
171 3
172 4
173 3
174 3
175 3
176 3
177 3
178 3
179 3
180 3
181 3
182 3
183 3
184 3
185 5
186 4
187 3
188 4
189 4
190 3
191 4
192 3
193 3
194 3
195 3
196 4
197 3
198 3
199 3
200 4
201 4
202 3
203 4
204 5
205 3
206 3
207 4
208 3
209 4
210 4
211 3
212 3
213 3
214 3
215 3
216 4
217 3
218 3
219 3
220 3
221 3
222 3
223 3
0 0 2
1 0 3
2 0 4
3 0 6
4 0 8
5 0 9
6 0 10
7 0 11
8 1 3
9 1 5
10 1 6
11 1 7
12 1 8
13 1 10
14 2 3
15 2 5
16 2 6
17 2 7
18 2 8
19 2 10
20 2 11
21 2 99
22 3 5
23 3 9
24 3 204
25 4 6
26 4 7
27 4 8
28 4 11
29 5 6
30 5 9
31 5 10
32 5 62
33 5 135
34 5 154
35 6 7
36 6 9
37 6 11
38 6 27
39 6 115
40 7 8
41 7 11
42 8 9
43 8 11
44 8 44
45 8 187
46 9 10
47 9 169
48 10 11
49 10 79
50 11 12
51 12 18
52 12 17
53 13 14
54 14 24
55 14 22
56 15 23
57 15 25
58 15 16
59 16 19
60 16 26
61 17 19
62 20 22
63 21 24
64 22 23
65 27 31
66 27 36
67 27 37
68 27 38
69 27 41
70 28 29
71 28 30
72 28 32
73 28 42
74 28 34
75 30 39
76 32 41
77 33 39
78 34 43
79 35 43
80 38 40
81 44 46
82 44 49
83 45 58
84 46 57
85 47 60
86 48 61
87 49 54
88 50 52
89 51 52
90 52 53
91 52 61
92 53 56
93 53 58
94 54 59
95 54 56
96 55 58
97 58 60
98 62 72
99 62 68
100 63 65
101 63 67
102 63 76
103 63 78
104 64 73
105 64 77
106 66 70
107 68 69
108 69 75
109 69 71
110 70 71
111 71 78
112 74 77
113 77 78
114 79 96
115 79 98
116 80 82
117 80 89
118 80 85
119 81 94
120 81 87
121 81 92
122 83 95
123 84 88
124 84 94
125 85 96
126 86 95
127 87 91
128 87 93
129 89 92
130 90 97
131 93 97
132 95 96
133 99 107
134 99 105
135 100 104
136 100 106
137 101 103
138 101 109
139 102 111
140 102 103
141 105 108
142 105 112
143 106 110
144 107 110
145 108 113
146 109 114
147 111 112
148 115 127
149 115 118
150 116 130
151 117 123
152 118 121
153 119 126
154 119 123
155 120 121
156 121 124
157 122 130
158 122 127
159 123 124
160 123 129
161 124 125
162 124 131
163 127 133
164 128 134
165 129 132
166 132 134
167 135 144
168 136 150
169 137 140
170 137 146
171 137 141
172 138 144
173 138 151
174 138 149
175 139 142
176 139 153
177 141 143
178 141 151
179 142 150
180 143 152
181 145 147
182 147 149
183 148 149
184 149 150
185 154 160
186 154 162
187 155 160
188 156 159
189 156 166
190 156 168
191 157 158
192 158 162
193 158 166
194 159 161
195 161 165
196 163 167
197 164 166
198 167 168
199 169 181
200 169 185
201 170 183
202 171 186
203 172 182
204 172 183
205 172 184
206 172 186
207 173 185
208 174 185
209 175 185
210 175 179
211 176 181
212 177 178
213 177 179
214 177 186
215 180 182
216 187 196
217 188 202
218 188 196
219 189 190
220 189 203
221 190 193
222 191 196
223 191 194
224 192 200
225 193 198
226 194 199
227 194 197
228 195 197
229 195 201
230 200 202
231 201 203
232 204 207
233 204 216
234 205 218
235 205 207
236 206 212
237 206 215
238 208 221
239 208 216
240 209 216
241 209 222
242 209 212
243 210 217
244 210 220
245 210 211
246 211 216
247 213 219
248 213 223
249 214 221
250 215 223
0 12 137
1 12 142
2 26 137
3 26 135
4 22 143
5 12 137
6 21 146
7 21 143
8 18 150
9 14 140
10 17 140
11 21 152
12 24 138
13 25 147
14 25 150
15 16 150
16 13 136
17 14 146
18 26 152
19 17 152
20 18 141
21 14 150
22 20 140
23 24 144
24 22 144
25 12 148
26 13 145
27 21 142
28 26 138
29 18 147
30 188 197
31 197 202
32 189 194
33 198 197
34 198 196
35 193 187
36 191 192
37 199 198
38 202 187
39 198 194
40 198 189
41 191 189
42 192 199
43 196 197
44 203 194
45 200 198
46 197 198
47 198 188
48 199 190
49 198 195
50 193 202
51 187 189
52 215 81
53 222 89
54 207 81
55 217 97
56 211 83
57 204 82
58 211 89
59 207 89
60 215 82
61 210 83
62 207 81
63 218 95
64 205 87
65 221 90
66 206 91
67 215 81
68 223 79
69 223 79
70 217 94
71 220 88
72 223 79
73 207 95
74 214 79
75 216 82
76 221 81
77 218 90
78 213 94
79 221 91
80 219 93
81 208 80
82 50 103
83 45 113
84 59 103
85 46 103
86 55 113
87 48 104
88 46 103
89 61 106
90 55 101
91 61 106
92 49 113
93 44 108
94 52 104
95 57 112
96 44 113
97 59 113
98 59 106
99 47 113
100 52 101
101 59 103
102 52 105
103 48 105
104 44 107
105 54 112
106 50 110
107 61 108
108 48 110
109 55 100
110 44 105
111 60 110
112 70 26
113 72 19
114 65 21
115 62 14
116 74 12
117 67 22
118 66 17
119 69 21
120 77 20
121 71 22
122 68 22
123 69 20
124 62 21
125 67 17
126 72 15
127 66 25
128 75 14
129 71 26
130 71 17
131 70 15
132 72 13
133 72 22
134 67 18
135 69 15
136 71 20
137 62 25
138 63 25
139 77 22
140 69 18
141 72 17
142 168 208
143 158 204
144 159 216
145 164 217
146 164 214
147 160 219
148 165 222
149 157 209
150 154 219
151 166 209
152 159 222
153 164 211
154 158 218
155 160 207
156 168 206
157 156 222
158 166 216
159 157 212
160 154 223
161 158 218
162 165 204
163 160 206
164 155 210
165 154 205
166 159 214
167 164 205
168 156 211
169 160 208
170 158 206
171 159 215
172 178 34
173 170 29
174 177 42
175 178 39
176 177 35
177 169 34
178 181 34
179 179 42
180 186 35
181 173 30
182 185 38
183 169 32
184 178 30
185 180 40
186 177 28
187 180 42
188 174 37
189 176 40
190 175 40
191 173 31
192 174 27
193 175 34
194 172 31
195 171 38
196 179 28
197 170 29
198 170 36
199 176 39
200 175 41
201 183 40
202 1 193
203 5 195
204 6 193
205 9 195
206 0 197
207 9 196
208 3 197
209 7 202
210 3 189
211 4 192
212 11 189
213 9 191
214 3 191
215 4 193
216 11 202
217 3 198
218 3 190
219 9 191
220 10 196
221 0 192
222 8 203
223 7 195
224 4 203
225 7 197
226 2 202
227 6 202
228 8 191
229 7 188
230 85 21
231 91 16
232 85 14
233 82 26
234 79 14
235 79 20
236 79 26
237 81 12
238 87 17
239 92 22
240 93 18
241 81 12
242 90 21
243 85 26
244 82 22
245 79 24
246 90 16
247 86 24
248 92 14
249 91 25
250 90 21
251 93 25
252 93 13
253 93 15
254 98 21
255 84 25
256 98 25
257 98 23
258 95 26
259 95 12
260 175 29
261 173 35
262 177 41
263 175 32
264 175 29
265 181 37
266 172 37
267 174 39
268 172 28
269 170 29
270 175 28
271 169 27
272 176 33
273 183 35
274 181 38
275 182 33
276 174 39
277 184 42
278 180 28
279 170 43
280 170 27
281 179 41
282 172 39
283 175 36
284 183 28
285 172 42
286 183 33
287 179 43
288 185 27
289 177 41
290 219 199
291 211 198
292 206 197
293 219 188
294 222 197
295 218 193
296 214 198
297 214 199
298 223 195
299 215 203
300 223 198
301 206 193
302 223 187
303 222 203
304 217 192
305 213 189
306 218 196
307 221 193
308 205 187
309 213 188
310 222 203
311 221 201
312 214 196
313 206 199
314 213 193
315 206 200
316 221 189
317 217 192
318 205 187
319 220 193
320 200 10
321 196 9
322 194 11
323 193 11
324 197 9
325 200 4
326 195 5
327 189 3
328 189 8
329 197 5
330 196 6
331 191 9
332 188 11
333 193 11
334 196 0
335 194 5
336 200 2
337 191 2
338 192 9
339 188 10
340 195 8
341 203 11
342 200 9
343 202 7
344 195 11
345 189 10
346 203 6
347 197 11
348 187 5
349 68 15
350 63 17
351 74 22
352 74 12
353 75 18
354 64 23
355 67 18
356 72 23
357 63 23
358 69 24
359 67 20
360 72 23
361 78 17
362 77 13
363 78 20
364 65 15
365 64 12
366 70 26
367 70 14
368 72 15
369 70 13
370 64 17
371 66 13
372 70 16
373 67 24
374 65 18
375 67 13
376 64 23
377 62 26
378 74 18
379 189 99
380 200 109
381 202 101
382 198 113
383 201 113
384 194 114
385 192 102
386 202 109
387 201 111
388 195 109
389 193 105
390 192 109
391 192 104
392 188 105
393 198 104
394 191 111
395 191 108
396 203 111
397 201 111
398 192 99
399 190 104
400 188 106
401 194 114
402 192 103
403 187 105
404 198 99
405 189 99
406 200 99
407 198 112
408 199 114
409 163 148
410 161 147
411 166 152
412 156 147
413 159 149
414 160 153
415 168 151
416 154 145
417 168 146
418 165 151
419 166 142
420 157 147
421 158 135
422 155 144
423 163 153
424 166 141
425 160 140
426 167 152
427 168 151
428 168 148
429 163 147
430 168 143
431 160 146
432 154 153
433 160 147
434 165 152
435 157 144
436 168 146
437 167 144
438 157 152
439 222 16
440 220 22
441 207 19
442 213 17
443 204 21
444 206 14
445 216 21
446 209 25
447 216 25
448 217 20
449 207 22
450 214 16
451 219 18
452 219 13
453 207 20
454 215 19
455 205 23
456 205 23
457 218 18
458 206 16
459 215 24
460 220 23
461 220 14
462 208 23
463 220 15
464 212 19
465 219 21
466 208 19
467 209 20
468 216 20
469 148 183
470 151 169
471 151 182
472 140 177
473 137 176
474 147 183
475 142 171
476 146 179
477 136 180
478 149 185
479 142 183
480 145 178
481 152 186
482 137 179
483 143 172
484 139 180
485 139 184
486 139 177
487 137 169
488 146 175
489 153 172
490 143 177
491 151 172
492 152 171
493 144 183
494 144 176
495 139 180
496 150 178
497 148 177
498 146 169
499 72 109
500 64 113
501 72 111
502 73 101
503 72 106
504 67 113
505 65 102
506 76 110
507 72 109
508 66 102
509 66 106
510 69 100
511 72 111
512 62 101
513 67 102
514 73 107
515 66 105
516 72 106
517 75 100
518 71 99
519 71 108
520 72 101
521 70 113
522 65 109
523 66 104
524 62 107
525 70 109
526 67 107
527 73 114
528 75 107
529 102 190
530 113 202
531 108 193
532 99 190
533 108 196
534 113 192
535 112 193
536 104 197
537 105 202
538 105 190
539 104 190
540 102 194
541 103 189
542 102 193
543 108 199
544 108 191
545 112 193
546 101 193
547 101 201
548 109 195
549 112 190
550 108 194
551 111 188
552 99 189
553 102 191
554 103 201
555 110 193
556 104 190
557 105 201
558 106 199
559 120 93
560 118 83
561 130 98
562 133 93
563 132 85
564 126 88
565 123 79
566 131 82
567 115 79
568 118 89
569 119 81
570 132 80
571 123 79
572 116 79
573 119 89
574 123 86
575 119 96
576 128 93
577 133 86
578 122 88
579 132 86
580 126 82
581 128 81
582 123 96
583 132 80
584 123 84
585 129 92
586 131 82
587 118 82
588 119 93
589 157 193
590 163 191
591 156 193
592 164 203
593 160 187
594 163 202
595 156 188
596 166 188
597 158 188
598 166 194
599 164 192
600 160 194
601 165 193
602 160 199
603 154 193
604 159 188
605 161 190
606 161 188
607 158 187
608 162 187
609 168 200
610 156 192
611 154 199
612 159 203
613 154 202
614 164 203
615 158 200
616 167 192
617 167 192
618 157 203
619 127 180
620 127 178
621 119 171
622 118 180
623 130 178
624 117 185
625 133 172
626 120 172
627 122 180
628 129 176
629 121 178
630 124 169
631 123 173
632 124 184
633 119 176
634 120 179
635 123 171
636 116 172
637 130 178
638 115 176
639 123 176
640 117 176
641 134 173
642 133 176
643 134 180
644 130 178
645 130 177
646 128 179
647 121 170
648 120 175
649 157 17
650 156 26
651 164 24
652 158 26
653 165 19
654 154 12
655 159 22
656 155 15
657 157 18
658 155 15
659 167 24
660 155 13
661 166 16
662 161 16
663 159 18
664 166 25
665 164 21
666 156 17
667 157 15
668 154 21
669 159 16
670 164 15
671 166 22
672 162 17
673 167 24
674 163 12
675 161 19
676 160 22
677 162 12
678 156 23
679 219 11
680 211 11
681 218 0
682 208 8
683 208 8
684 216 5
685 212 7
686 205 2
687 222 2
688 223 2
689 222 4
690 213 3
691 222 7
692 212 10
693 221 7
694 205 10
695 220 6
696 215 1
697 221 7
698 219 0
699 209 10
700 218 2
701 223 2
702 217 0
703 217 11
704 213 4
705 215 9
706 219 4
707 222 10
708 147 221
709 136 206
710 137 212
711 148 209
712 146 220
713 144 218
714 142 207
715 138 214
716 149 205
717 146 215
718 138 216
719 142 207
720 152 216
721 146 221
722 151 214
723 138 214
724 145 209
725 140 218
726 152 217
727 147 220
728 145 210
729 140 221
730 137 216
731 139 218
732 144 215
733 143 220
734 151 222
735 139 211
736 145 211
737 148 204
738 162 207
739 168 206
740 155 204
741 159 210
742 162 223
743 164 221
744 166 221
745 164 204
746 159 219
747 154 221
748 166 221
749 166 219
750 157 222
751 160 207
752 156 212
753 156 214
754 154 221
755 161 212
756 156 209
757 165 213
758 160 210
759 154 217
760 154 204
761 167 222
762 155 209
763 157 215
764 162 209
765 161 210
766 157 220
767 156 217
768 110 120
769 109 126
770 104 118
771 107 129
772 114 131
773 108 117
774 113 128
775 107 115
776 110 115
777 110 129
778 107 128
779 113 132
780 113 125
781 108 126
782 110 119
783 101 120
784 102 115
785 101 115
786 99 123
787 113 134
788 112 115
789 110 119
790 113 123
791 114 130
792 109 120
793 101 130
794 107 125
795 109 125
796 106 127
797 107 131
798 87 32
799 85 39
800 94 38
801 94 40
802 83 42
803 83 34
804 93 33
805 92 33
806 97 40
807 94 42
808 97 38
809 90 32
810 93 28
811 91 43
812 88 39
813 95 34
814 89 38
815 80 41
816 85 36
817 81 31
818 94 32
819 88 38
820 89 28
821 82 41
822 89 35
823 94 43
824 79 27
825 85 35
826 82 31
827 91 37
828 161 168
829 154 163
830 167 158
831 161 166
832 166 160
833 155 167
834 167 157
835 165 168
836 167 161
837 161 168
838 163 162
839 162 161
840 156 154
841 156 162
842 159 158
843 163 159
844 163 157
845 168 164
846 159 163
847 165 160
848 165 168
849 167 166
850 167 158
851 154 165
852 162 164
853 8 140
854 6 144
855 7 144
856 6 153
857 10 138
858 1 148
859 2 148
860 9 145
861 3 149
862 6 136
863 9 152
864 0 145
865 11 141
866 10 141
867 3 140
868 2 146
869 1 148
870 0 138
871 9 143
872 6 142
873 8 136
874 8 146
875 11 151
876 4 138
877 8 147
878 2 139
879 10 149
880 2 150
881 10 149
882 99 147
883 100 149
884 107 141
885 101 146
886 112 135
887 106 135
888 102 152
889 107 140
890 104 146
891 106 144
892 104 144
893 109 147
894 107 137
895 101 151
896 102 135
897 109 145
898 105 146
899 107 135
900 112 146
901 102 145
902 106 137
903 99 137
904 100 145
905 110 137
906 103 153
907 106 140
908 105 146
909 113 142
910 110 146
911 100 145
912 206 136
913 205 146
914 223 148
915 209 148
916 208 147
917 211 147
918 209 136
919 220 148
920 204 147
921 216 135
922 204 150
923 212 149
924 220 143
925 207 135
926 220 140
927 207 152
928 212 140
929 222 142
930 213 141
931 204 148
932 219 150
933 214 151
934 214 140
935 206 137
936 213 143
937 221 147
938 223 153
939 206 145
940 206 153
941 218 144
942 39 126
943 43 116
944 29 122
945 29 124
946 30 126
947 39 127
948 33 132
949 34 118
950 27 133
951 35 120
952 29 133
953 43 121
954 35 118
955 34 120
956 28 122
957 35 130
958 37 120
959 37 121
960 28 129
961 27 128
962 43 118
963 41 120
964 39 122
965 28 117
966 27 121
967 34 132
968 40 133
969 29 116
970 32 118
971 41 120
972 125 146
973 115 152
974 132 149
975 133 136
976 120 152
977 118 138
978 121 136
979 128 146
980 131 148
981 118 140
982 119 136
983 116 146
984 129 143
985 124 148
986 134 152
987 131 151
988 119 144
989 122 135
990 126 146
991 119 136
992 117 140
993 130 142
994 128 148
995 131 136
996 131 143
997 129 137
998 131 150
999 123 143
1000 134 151
1001 116 137
1002 136 34
1003 146 37
1004 147 42
1005 151 40
1006 151 43
1007 146 36
1008 137 31
1009 149 43
1010 141 40
1011 137 33
1012 142 38
1013 136 28
1014 144 43
1015 140 35
1016 147 37
1017 146 31
1018 144 33
1019 138 30
1020 139 37
1021 148 37
1022 135 34
1023 148 37
1024 145 30
1025 145 34
1026 136 43
1027 146 34
1028 150 35
1029 141 33
1030 137 35
1031 142 34
1032 49 0
1033 53 11
1034 61 7
1035 55 7
1036 46 5
1037 55 7
1038 57 6
1039 53 11
1040 61 0
1041 48 11
1042 51 4
1043 55 9
1044 56 11
1045 60 11
1046 59 11
1047 52 7
1048 48 6
1049 55 8
1050 61 4
1051 55 5
1052 59 11
1053 56 3
1054 49 3
1055 55 0
1056 47 9
1057 45 3
1058 55 10
1059 58 3
1060 47 104
1061 53 104
1062 48 107
1063 59 111
1064 52 109
1065 48 102
1066 60 102
1067 60 108
1068 48 106
1069 61 104
1070 44 108
1071 60 110
1072 50 107
1073 61 109
1074 49 108
1075 44 114
1076 53 109
1077 45 111
1078 49 111
1079 52 109
1080 60 109
1081 45 107
1082 51 109
1083 55 109
1084 51 109
1085 59 100
1086 46 112
1087 60 110
1088 57 100
1089 57 112
1090 21 120
1091 15 130
1092 25 125
1093 23 133
1094 24 115
1095 18 133
1096 23 133
1097 15 134
1098 22 122
1099 20 116
1100 15 117
1101 16 126
1102 15 134
1103 13 116
1104 26 120
1105 18 124
1106 26 122
1107 14 133
1108 25 132
1109 13 134
1110 24 117
1111 16 116
1112 12 128
1113 12 119
1114 12 123
1115 16 134
1116 14 123
1117 26 133
1118 22 121
1119 20 116
1120 167 178
1121 166 183
1122 159 185
1123 156 174
1124 156 179
1125 158 170
1126 156 185
1127 164 178
1128 159 170
1129 158 170
1130 154 185
1131 155 173
1132 165 178
1133 166 178
1134 161 186
1135 167 169
1136 164 183
1137 166 184
1138 168 171
1139 163 186
1140 158 186
1141 159 178
1142 165 177
1143 159 175
1144 168 173
1145 167 169
1146 156 170
1147 158 186
1148 163 182
1149 168 169
1150 132 107
1151 131 112
1152 128 100
1153 133 102
1154 121 104
1155 133 112
1156 120 111
1157 120 107
1158 126 107
1159 115 112
1160 134 107
1161 132 106
1162 128 102
1163 124 103
1164 128 100
1165 121 109
1166 128 107
1167 127 107
1168 122 111
1169 117 110
1170 121 101
1171 131 99
1172 123 100
1173 121 114
1174 127 104
1175 119 101
1176 126 101
1177 131 112
1178 122 114
1179 133 112
1180 84 43
1181 91 40
1182 96 36
1183 95 33
1184 81 30
1185 91 37
1186 93 30
1187 80 40
1188 85 33
1189 97 31
1190 87 40
1191 93 31
1192 82 43
1193 95 34
1194 87 35
1195 84 28
1196 87 31
1197 97 38
1198 93 43
1199 88 39
1200 98 40
1201 86 40
1202 86 42
1203 92 37
1204 85 40
1205 81 42
1206 94 36
1207 80 31
1208 89 43
1209 85 27
1210 97 104
1211 87 106
1212 91 106
1213 82 106
1214 94 103
1215 88 108
1216 98 106
1217 87 102
1218 81 99
1219 92 113
1220 86 100
1221 97 112
1222 88 114
1223 82 107
1224 88 103
1225 83 100
1226 93 105
1227 81 100
1228 84 107
1229 80 109
1230 90 103
1231 89 111
1232 89 112
1233 94 107
1234 81 110
1235 89 104
1236 94 114
1237 96 105
1238 96 111
1239 80 105
1240 156 88
1241 155 86
1242 167 91
1243 159 83
1244 157 96
1245 167 90
1246 161 88
1247 164 87
1248 165 86
1249 163 90
1250 160 91
1251 168 89
1252 163 97
1253 158 81
1254 155 80
1255 158 97
1256 155 96
1257 155 96
1258 156 94
1259 167 94
1260 166 87
1261 168 90
1262 155 95
1263 165 79
1264 164 86
1265 155 89
1266 159 94
1267 161 88
1268 157 80
1269 166 90
1270 33 0
1271 42 3
1272 32 2
1273 33 2
1274 35 0
1275 36 9
1276 32 0
1277 40 10
1278 29 10
1279 34 10
1280 42 3
1281 39 10
1282 39 11
1283 43 2
1284 39 2
1285 40 10
1286 36 7
1287 35 9
1288 27 3
1289 41 7
1290 42 7
1291 39 8
1292 40 4
1293 43 3
1294 39 7
1295 43 9
1296 31 2
1297 37 2
1298 178 189
1299 186 195
1300 172 198
1301 178 193
1302 179 187
1303 170 188
1304 177 195
1305 178 188
1306 185 187
1307 173 198
1308 172 195
1309 174 201
1310 177 189
1311 173 199
1312 174 188
1313 179 201
1314 171 197
1315 177 189
1316 183 202
1317 174 200
1318 181 190
1319 175 188
1320 186 201
1321 172 198
1322 173 197
1323 179 201
1324 173 202
1325 171 187
1326 169 193
1327 186 200
1328 109 161
1329 106 159
1330 101 165
1331 99 160
1332 107 158
1333 113 166
1334 103 158
1335 102 161
1336 103 161
1337 107 163
1338 114 161
1339 113 164
1340 106 156
1341 101 162
1342 108 163
1343 114 157
1344 108 162
1345 108 155
1346 109 154
1347 110 155
1348 107 155
1349 105 164
1350 114 166
1351 111 167
1352 114 154
1353 114 168
1354 102 165
1355 109 166
1356 102 162
1357 101 159
1358 16 94
1359 12 91
1360 12 87
1361 19 84
1362 20 85
1363 14 86
1364 15 88
1365 24 93
1366 24 86
1367 23 92
1368 24 88
1369 21 91
1370 12 83
1371 17 79
1372 22 84
1373 12 98
1374 12 92
1375 16 81
1376 24 98
1377 15 95
1378 19 97
1379 20 91
1380 15 95
1381 19 89
1382 17 98
1383 18 92
1384 20 83
1385 26 84
1386 15 93
1387 26 88
1388 174 55
1389 179 50
1390 169 61
1391 181 45
1392 179 52
1393 184 55
1394 177 47
1395 182 51
1396 183 46
1397 179 50
1398 180 50
1399 171 58
1400 173 49
1401 186 58
1402 176 61
1403 178 55
1404 174 57
1405 182 46
1406 179 45
1407 184 48
1408 176 60
1409 182 46
1410 185 56
1411 182 53
1412 171 45
1413 184 60
1414 174 45
1415 171 46
1416 171 52
1417 169 48
1418 97 124
1419 85 120
1420 80 123
1421 91 117
1422 79 121
1423 95 122
1424 84 127
1425 86 118
1426 98 128
1427 96 126
1428 88 117
1429 85 125
1430 87 128
1431 85 117
1432 95 122
1433 81 125
1434 89 128
1435 80 130
1436 81 117
1437 80 129
1438 95 121
1439 88 123
1440 96 122
1441 97 125
1442 84 124
1443 96 119
1444 89 133
1445 96 121
1446 96 116
1447 79 119
1448 208 163
1449 221 166
1450 219 167
1451 211 158
1452 217 161
1453 205 164
1454 209 156
1455 211 158
1456 211 163
1457 219 160
1458 219 165
1459 218 168
1460 206 155
1461 217 166
1462 223 168
1463 208 162
1464 213 166
1465 220 157
1466 204 160
1467 208 161
1468 210 168
1469 216 164
1470 222 166
1471 206 164
1472 209 154
1473 213 166
1474 209 165
1475 210 157
1476 219 166
1477 208 157
1478 166 118
1479 155 132
1480 159 122
1481 159 118
1482 165 126
1483 160 124
1484 167 116
1485 165 115
1486 163 129
1487 162 116
1488 167 115
1489 165 133
1490 163 124
1491 164 120
1492 168 120
1493 155 127
1494 160 128
1495 164 120
1496 155 115
1497 166 129
1498 154 126
1499 159 128
1500 158 129
1501 158 124
1502 156 124
1503 158 120
1504 166 122
1505 157 120
1506 162 133
1507 162 125
1508 203 159
1509 191 155
1510 187 164
1511 187 160
1512 194 165
1513 192 166
1514 200 163
1515 190 168
1516 198 160
1517 195 159
1518 188 168
1519 199 157
1520 191 160
1521 198 166
1522 191 154
1523 189 155
1524 188 165
1525 195 165
1526 203 162
1527 192 167
1528 187 155
1529 202 162
1530 188 168
1531 200 162
1532 197 159
1533 189 162
1534 200 163
1535 188 155
1536 189 159
1537 199 163
1538 103 181
1539 99 179
1540 99 176
1541 112 175
1542 104 170
1543 112 171
1544 108 182
1545 107 175
1546 111 185
1547 99 170
1548 106 172
1549 99 183
1550 108 182
1551 108 174
1552 109 179
1553 102 185
1554 109 172
1555 106 173
1556 114 181
1557 104 171
1558 101 184
1559 109 173
1560 106 175
1561 110 172
1562 103 176
1563 99 174
1564 99 186
1565 107 176
1566 110 180
1567 114 169
1568 142 157
1569 145 158
1570 142 158
1571 146 160
1572 146 156
1573 145 158
1574 146 157
1575 148 163
1576 138 161
1577 139 161
1578 137 154
1579 146 160
1580 150 165
1581 135 160
1582 152 165
1583 149 161
1584 151 155
1585 137 160
1586 141 163
1587 139 167
1588 144 168
1589 153 158
1590 143 159
1591 141 158
1592 145 165
1593 140 156
1594 145 160
1595 145 155
1596 146 167
1597 136 160
1598 5 29
1599 2 36
1600 0 41
1601 10 34
1602 5 43
1603 11 28
1604 6 35
1605 1 35
1606 3 37
1607 5 39
1608 5 35
1609 2 39
1610 0 38
1611 6 34
1612 4 41
1613 7 36
1614 6 34
1615 8 35
1616 4 40
1617 1 39
1618 9 39
1619 5 35
1620 2 31
1621 6 39
1622 11 28
1623 0 28
1624 7 40
1625 10 34
1626 167 104
1627 155 104
1628 159 113
1629 168 105
1630 155 103
1631 162 99
1632 164 107
1633 164 103
1634 159 108
1635 168 99
1636 166 104
1637 158 104
1638 161 112
1639 166 104
1640 165 103
1641 165 104
1642 155 113
1643 165 103
1644 164 105
1645 165 112
1646 165 114
1647 161 112
1648 160 109
1649 155 106
1650 157 100
1651 164 108
1652 168 101
1653 164 101
1654 166 100
1655 159 108
1656 51 89
1657 57 80
1658 61 94
1659 54 85
1660 45 91
1661 57 82
1662 51 79
1663 53 87
1664 49 91
1665 60 88
1666 57 91
1667 60 90
1668 51 83
1669 57 88
1670 59 86
1671 47 86
1672 56 84
1673 53 88
1674 55 91
1675 59 96
1676 61 79
1677 52 94
1678 48 87
1679 54 95
1680 58 91
1681 49 83
1682 55 90
1683 60 95
1684 56 96
1685 49 87
1686 178 168
1687 171 160
1688 169 154
1689 175 159
1690 172 159
1691 180 168
1692 173 162
1693 178 156
1694 170 161
1695 170 167
1696 171 160
1697 171 154
1698 173 156
1699 170 160
1700 179 161
1701 171 155
1702 177 154
1703 171 156
1704 185 163
1705 179 166
1706 181 156
1707 169 155
1708 178 155
1709 183 157
1710 186 165
1711 183 166
1712 184 166
1713 183 158
1714 182 154
1715 184 156
1716 26 101
1717 24 106
1718 14 109
1719 17 112
1720 14 103
1721 22 104
1722 15 114
1723 15 103
1724 23 114
1725 13 114
1726 15 107
1727 21 101
1728 20 105
1729 20 103
1730 12 106
1731 13 112
1732 26 109
1733 22 106
1734 26 108
1735 13 113
1736 18 113
1737 24 105
1738 14 107
1739 15 114
1740 20 99
1741 15 99
1742 22 108
1743 16 104
1744 23 113
1745 12 110
1746 105 166
1747 114 156
1748 102 165
1749 104 160
1750 101 162
1751 112 162
1752 108 165
1753 114 162
1754 105 157
1755 105 156
1756 111 158
1757 108 158
1758 113 168
1759 103 155
1760 105 162
1761 108 166
1762 107 159
1763 114 159
1764 104 155
1765 104 165
1766 112 159
1767 101 155
1768 112 166
1769 103 164
1770 112 161
1771 112 168
1772 102 161
1773 101 164
1774 102 162
1775 108 157
1776 153 44
1777 149 54
1778 144 52
1779 141 52
1780 141 54
1781 137 50
1782 146 50
1783 140 50
1784 151 50
1785 142 53
1786 153 52
1787 139 58
1788 148 45
1789 138 56
1790 138 59
1791 139 44
1792 152 52
1793 146 58
1794 149 46
1795 152 55
1796 136 60
1797 135 44
1798 142 53
1799 145 53
1800 145 52
1801 147 58
1802 153 51
1803 153 59
1804 149 52
1805 149 47
1806 207 71
1807 217 76
1808 223 66
1809 204 69
1810 213 62
1811 206 77
1812 211 66
1813 217 72
1814 215 64
1815 213 77
1816 214 62
1817 213 76
1818 211 78
1819 212 68
1820 208 76
1821 207 65
1822 208 63
1823 205 72
1824 221 75
1825 208 62
1826 223 75
1827 210 73
1828 223 77
1829 212 73
1830 206 77
1831 216 70
1832 211 67
1833 223 67
1834 209 69
1835 208 77
1836 192 107
1837 194 105
1838 203 102
1839 193 114
1840 194 114
1841 197 102
1842 201 106
1843 195 109
1844 200 110
1845 200 101
1846 196 105
1847 203 105
1848 198 102
1849 192 104
1850 202 102
1851 194 110
1852 202 107
1853 190 114
1854 197 103
1855 199 102
1856 190 109
1857 201 111
1858 201 114
1859 188 107
1860 193 102
1861 191 106
1862 193 100
1863 193 109
1864 191 105
1865 201 99
1866 175 88
1867 175 82
1868 174 94
1869 181 83
1870 178 90
1871 173 80
1872 177 92
1873 170 86
1874 176 93
1875 186 93
1876 173 97
1877 184 94
1878 178 85
1879 185 81
1880 181 92
1881 185 93
1882 180 91
1883 174 86
1884 170 87
1885 179 85
1886 172 98
1887 178 88
1888 172 96
1889 184 84
1890 181 89
1891 183 81
1892 171 84
1893 183 87
1894 177 94
1895 183 90
1896 59 212
1897 53 217
1898 50 208
1899 56 222
1900 53 209
1901 56 221
1902 44 214
1903 56 204
1904 51 219
1905 49 214
1906 44 205
1907 45 219
1908 45 223
1909 49 222
1910 48 210
1911 58 222
1912 56 223
1913 55 216
1914 45 219
1915 53 219
1916 51 205
1917 55 205
1918 56 204
1919 49 213
1920 47 210
1921 60 219
1922 47 220
1923 57 220
1924 59 216
1925 56 221
1926 135 12
1927 142 16
1928 137 12
1929 151 13
1930 147 26
1931 150 22
1932 135 23
1933 145 18
1934 153 13
1935 142 25
1936 145 24
1937 152 26
1938 144 15
1939 141 13
1940 151 12
1941 146 26
1942 143 22
1943 149 18
1944 153 24
1945 149 12
1946 147 15
1947 144 23
1948 137 13
1949 141 23
1950 135 18
1951 141 25
1952 153 20
1953 140 14
1954 141 21
1955 148 14
1956 25 201
1957 21 199
1958 15 202
1959 16 187
1960 14 192
1961 13 187
1962 21 193
1963 26 197
1964 23 200
1965 18 199
1966 18 190
1967 14 192
1968 24 196
1969 23 200
1970 16 191
1971 12 193
1972 19 203
1973 12 188
1974 13 187
1975 25 190
1976 18 201
1977 14 196
1978 15 194
1979 26 188
1980 22 197
1981 12 200
1982 15 193
1983 19 192
1984 25 202
1985 12 203
1986 21 156
1987 26 166
1988 26 160
1989 26 167
1990 23 159
1991 14 168
1992 18 167
1993 24 158
1994 17 167
1995 16 156
1996 12 158
1997 17 160
1998 22 156
1999 20 163
2000 17 160
2001 15 160
2002 17 163
2003 12 158
2004 23 166
2005 21 158
2006 20 165
2007 21 155
2008 16 166
2009 14 167
2010 12 155
2011 22 157
2012 17 167
2013 15 165
2014 13 159
2015 20 160
2016 73 200
2017 64 200
2018 67 200
2019 62 197
2020 78 200
2021 67 202
2022 71 189
2023 63 194
2024 74 198
2025 64 198
2026 71 197
2027 66 187
2028 71 200
2029 78 202
2030 71 199
2031 75 202
2032 78 195
2033 71 197
2034 64 193
2035 73 195
2036 67 190
2037 64 196
2038 72 197
2039 73 202
2040 65 195
2041 71 197
2042 63 194
2043 75 199
2044 70 187
2045 74 188
2046 53 26
2047 49 23
2048 45 16
2049 52 13
2050 46 25
2051 61 18
2052 54 25
2053 48 25
2054 45 13
2055 61 12
2056 48 25
2057 61 23
2058 51 21
2059 59 15
2060 48 25
2061 44 18
2062 44 12
2063 52 24
2064 59 14
2065 52 17
2066 56 12
2067 60 26
2068 49 12
2069 51 16
2070 57 20
2071 50 19
2072 61 14
2073 52 12
2074 46 23
2075 61 23
2076 161 8
2077 157 1
2078 166 1
2079 162 10
2080 162 2
2081 165 11
2082 162 2
2083 160 11
2084 167 5
2085 165 9
2086 156 11
2087 155 8
2088 159 7
2089 163 11
2090 160 1
2091 165 0
2092 155 6
2093 168 8
2094 154 7
2095 167 4
2096 156 5
2097 157 7
2098 161 2
2099 162 1
2100 161 3
2101 156 7
2102 162 10
2103 197 35
2104 196 38
2105 193 40
2106 195 43
2107 187 30
2108 201 28
2109 202 29
2110 199 28
2111 187 30
2112 203 34
2113 197 38
2114 196 43
2115 203 36
2116 195 38
2117 190 32
2118 195 38
2119 202 29
2120 191 40
2121 191 39
2122 200 29
2123 194 39
2124 198 28
2125 200 43
2126 198 28
2127 200 31
2128 187 28
2129 197 30
2130 193 31
2131 200 40
2132 203 41
2133 213 26
2134 206 25
2135 216 23
2136 215 26
2137 217 19
2138 205 14
2139 209 19
2140 210 17
2141 207 25
2142 211 22
2143 209 22
2144 212 12
2145 212 16
2146 210 15
2147 205 25
2148 206 20
2149 209 19
2150 215 12
2151 218 17
2152 221 21
2153 209 17
2154 205 23
2155 218 20
2156 218 17
2157 206 15
2158 215 22
2159 222 20
2160 217 21
2161 204 13
2162 217 22
2163 11 172
2164 2 179
2165 9 170
2166 11 184
2167 4 174
2168 4 179
2169 11 172
2170 1 173
2171 7 173
2172 5 171
2173 5 175
2174 10 174
2175 11 183
2176 1 180
2177 7 184
2178 8 177
2179 1 171
2180 6 176
2181 5 174
2182 8 177
2183 1 174
2184 8 174
2185 5 173
2186 1 170
2187 8 170
2188 3 180
2189 10 184
2190 9 180
2191 0 172
2192 141 49
2193 146 58
2194 135 49
2195 152 48
2196 149 54
2197 148 47
2198 135 59
2199 138 57
2200 144 45
2201 136 52
2202 138 59
2203 142 56
2204 145 49
2205 148 59
2206 146 57
2207 152 49
2208 153 52
2209 147 53
2210 135 60
2211 147 46
2212 145 46
2213 148 56
2214 146 53
2215 142 45
2216 141 58
2217 153 60
2218 135 57
2219 138 59
2220 137 53
2221 140 58
2222 155 103
2223 161 106
2224 156 114
2225 154 105
2226 154 103
2227 165 113
2228 158 102
2229 155 99
2230 163 106
2231 165 109
2232 154 108
2233 158 99
2234 166 111
2235 165 103
2236 164 102
2237 158 102
2238 157 112
2239 163 102
2240 158 101
2241 154 101
2242 165 101
2243 163 111
2244 155 102
2245 167 99
2246 157 108
2247 167 109
2248 157 105
2249 163 101
2250 162 110
2251 163 108
2252 205 43
2253 216 39
2254 214 30
2255 222 31
2256 205 33
2257 204 43
2258 222 34
2259 216 29
2260 222 33
2261 221 43
2262 218 35
2263 220 39
2264 208 36
2265 206 28
2266 208 28
2267 212 40
2268 220 34
2269 204 40
2270 205 38
2271 216 43
2272 206 32
2273 204 29
2274 215 35
2275 214 42
2276 217 36
2277 209 35
2278 218 43
2279 211 31
2280 210 29
2281 218 36
2282 127 186
2283 119 177
2284 124 184
2285 133 181
2286 134 174
2287 127 185
2288 127 181
2289 115 170
2290 125 177
2291 122 177
2292 128 178
2293 132 179
2294 130 182
2295 127 182
2296 126 186
2297 132 173
2298 115 177
2299 129 185
2300 121 178
2301 127 171
2302 116 184
2303 131 177
2304 124 176
2305 127 181
2306 128 185
2307 130 181
2308 132 183
2309 128 173
2310 130 171
2311 120 175
2312 59 216
2313 47 212
2314 57 207
2315 47 214
2316 44 208
2317 51 204
2318 49 207
2319 55 217
2320 61 214
2321 52 206
2322 49 208
2323 54 204
2324 52 220
2325 44 214
2326 46 211
2327 49 210
2328 59 212
2329 50 219
2330 46 217
2331 46 213
2332 54 204
2333 58 218
2334 60 221
2335 57 223
2336 57 207
2337 55 211
2338 51 212
2339 55 217
2340 54 223
2341 60 215
2342 157 64
2343 158 68
2344 166 63
2345 160 77
2346 165 63
2347 167 75
2348 167 69
2349 162 62
2350 159 69
2351 164 74
2352 166 65
2353 165 71
2354 161 69
2355 161 65
2356 161 74
2357 155 77
2358 165 78
2359 163 77
2360 156 63
2361 162 66
2362 154 70
2363 159 68
2364 161 62
2365 154 66
2366 167 65
2367 154 75
2368 155 68
2369 157 73
2370 156 66
2371 160 64
2372 204 168
2373 212 167
2374 223 166
2375 206 162
2376 212 156
2377 205 158
2378 219 167
2379 217 164
2380 206 168
2381 214 162
2382 209 165
2383 211 158
2384 217 166
2385 212 162
2386 209 158
2387 213 159
2388 212 160
2389 204 160
2390 206 165
2391 208 168
2392 213 158
2393 205 155
2394 222 155
2395 214 166
2396 217 164
2397 208 165
2398 207 161
2399 219 166
2400 213 157
2401 211 167
2402 203 219
2403 203 205
2404 202 206
2405 196 213
2406 194 209
2407 189 214
2408 188 221
2409 192 207
2410 194 207
2411 197 222
2412 197 205
2413 198 208
2414 189 223
2415 190 223
2416 197 210
2417 189 218
2418 191 213
2419 196 216
2420 188 215
2421 190 217
2422 191 219
2423 195 218
2424 199 205
2425 193 208
2426 203 204
2427 193 215
2428 192 208
2429 196 211
2430 201 216
2431 187 221
2432 150 183
2433 145 180
2434 140 184
2435 142 170
2436 139 169
2437 144 171
2438 137 180
2439 147 178
2440 146 183
2441 148 175
2442 141 177
2443 149 173
2444 140 185
2445 147 177
2446 138 178
2447 139 179
2448 149 176
2449 151 182
2450 143 176
2451 142 180
2452 143 186
2453 152 182
2454 152 183
2455 142 180
2456 140 176
2457 145 180
2458 143 178
2459 141 177
2460 143 186
2461 139 178
2462 15 37
2463 12 40
2464 23 36
2465 26 42
2466 13 31
2467 20 34
2468 17 42
2469 14 43
2470 26 30
2471 16 39
2472 24 30
2473 13 30
2474 12 35
2475 13 41
2476 20 38
2477 14 34
2478 16 37
2479 14 30
2480 26 28
2481 20 39
2482 25 42
2483 18 42
2484 16 32
2485 16 30
2486 19 41
2487 24 31
2488 21 36
2489 25 30
2490 16 36
2491 24 37
2492 159 67
2493 166 73
2494 167 76
2495 163 69
2496 162 76
2497 164 69
2498 154 68
2499 166 68
2500 156 67
2501 162 64
2502 160 71
2503 154 73
2504 163 69
2505 155 78
2506 165 77
2507 159 74
2508 161 71
2509 165 64
2510 167 65
2511 157 62
2512 161 70
2513 155 67
2514 158 69
2515 160 75
2516 160 64
2517 157 64
2518 168 62
2519 159 64
2520 184 0
2521 171 11
2522 172 3
2523 175 4
2524 172 3
2525 183 0
2526 178 8
2527 177 2
2528 185 11
2529 179 10
2530 178 0
2531 180 11
2532 185 6
2533 171 6
2534 176 7
2535 179 7
2536 169 11
2537 182 0
2538 176 8
2539 169 2
2540 186 10
2541 183 4
2542 171 9
2543 169 11
2544 175 5
2545 185 0
2546 171 9
2547 170 9
2548 101 12
2549 100 21
2550 106 18
2551 101 13
2552 111 18
2553 110 15
2554 99 20
2555 99 18
2556 100 14
2557 104 23
2558 105 13
2559 102 15
2560 101 26
2561 105 18
2562 99 18
2563 108 23
2564 106 24
2565 105 26
2566 99 15
2567 114 21
2568 106 20
2569 113 14
2570 100 22
2571 106 24
2572 107 15
2573 107 12
2574 106 26
2575 109 25
2576 113 16
2577 109 12
2578 66 209
2579 70 223
2580 63 204
2581 72 222
2582 75 206
2583 69 210
2584 67 214
2585 66 220
2586 73 205
2587 73 217
2588 72 219
2589 74 206
2590 77 223
2591 78 221
2592 73 219
2593 64 206
2594 62 215
2595 75 209
2596 67 213
2597 78 212
2598 77 206
2599 70 205
2600 64 221
2601 66 218
2602 75 208
2603 68 206
2604 67 207
2605 62 222
2606 73 208
2607 68 207
2608 194 63
2609 192 66
2610 199 78
2611 203 69
2612 193 71
2613 196 67
2614 198 72
2615 200 63
2616 194 63
2617 202 64
2618 188 76
2619 192 73
2620 193 70
2621 192 73
2622 193 64
2623 187 73
2624 200 67
2625 193 63
2626 193 72
2627 196 71
2628 192 66
2629 203 68
2630 196 72
2631 200 76
2632 189 69
2633 201 72
2634 190 68
2635 195 69
2636 189 74
2637 188 71
2638 89 103
2639 89 107
2640 87 99
2641 96 101
2642 90 101
2643 90 103
2644 95 109
2645 91 108
2646 90 100
2647 98 106
2648 80 102
2649 87 103
2650 91 102
2651 89 110
2652 95 104
2653 81 108
2654 85 101
2655 93 108
2656 97 114
2657 91 101
2658 83 100
2659 94 100
2660 97 101
2661 94 102
2662 88 99
2663 79 105
2664 80 107
2665 90 104
2666 95 112
2667 80 110
2668 48 1
2669 49 11
2670 44 6
2671 49 10
2672 54 7
2673 55 4
2674 56 2
2675 56 11
2676 51 6
2677 48 2
2678 56 5
2679 52 11
2680 53 5
2681 44 5
2682 58 7
2683 57 2
2684 59 11
2685 48 1
2686 59 10
2687 55 10
2688 45 10
2689 52 11
2690 59 2
2691 44 3
2692 54 8
2693 50 8
2694 59 7
2695 45 4
2696 54 3
2697 119 157
2698 115 161
2699 127 155
2700 118 160
2701 133 160
2702 116 167
2703 115 156
2704 133 166
2705 128 154
2706 129 163
2707 132 156
2708 123 160
2709 116 155
2710 134 158
2711 118 166
2712 126 162
2713 121 168
2714 128 165
2715 126 162
2716 123 161
2717 121 157
2718 134 166
2719 125 167
2720 134 156
2721 134 160
2722 128 154
2723 118 164
2724 130 166
2725 125 167
2726 132 167
2727 48 107
2728 58 113
2729 58 103
2730 44 109
2731 48 110
2732 58 106
2733 60 105
2734 58 114
2735 60 108
2736 48 104
2737 55 105
2738 57 103
2739 54 102
2740 59 102
2741 60 101
2742 47 100
2743 53 107
2744 49 106
2745 45 112
2746 60 113
2747 57 103
2748 56 109
2749 57 100
2750 50 113
2751 61 101
2752 45 100
2753 49 100
2754 53 104
2755 45 106
2756 45 111
2757 28 0
2758 36 11
2759 27 8
2760 31 2
2761 32 5
2762 43 10
2763 40 4
2764 38 3
2765 41 7
2766 38 2
2767 42 3
2768 34 6
2769 43 10
2770 32 4
2771 34 1
2772 39 1
2773 30 4
2774 40 0
2775 34 5
2776 34 11
2777 30 8
2778 39 7
2779 30 2
2780 37 8
2781 40 3
2782 38 5
2783 35 8
2784 36 8
2785 28 1
2786 36 1
2787 90 118
2788 79 119
2789 81 129
2790 96 119
2791 95 122
2792 91 126
2793 96 121
2794 82 120
2795 80 134
2796 88 133
2797 91 127
2798 93 122
2799 90 134
2800 93 132
2801 97 133
2802 92 115
2803 95 128
2804 90 130
2805 89 130
2806 86 118
2807 92 117
2808 84 128
2809 97 133
2810 88 122
2811 94 131
2812 89 133
2813 98 119
2814 82 115
2815 88 125
2816 97 117
2817 186 40
2818 178 31
2819 173 43
2820 170 43
2821 171 35
2822 169 32
2823 184 37
2824 184 33
2825 182 36
2826 178 27
2827 185 36
2828 174 36
2829 184 31
2830 172 42
2831 177 35
2832 185 30
2833 174 37
2834 181 43
2835 183 35
2836 183 43
2837 173 31
2838 185 41
2839 182 29
2840 177 30
2841 178 38
2842 179 33
2843 183 34
2844 182 34
2845 181 39
2846 176 34
2847 100 47
2848 103 45
2849 101 59
2850 114 46
2851 106 48
2852 102 54
2853 104 60
2854 107 56
2855 111 52
2856 101 54
2857 107 47
2858 100 50
2859 100 57
2860 103 59
2861 105 61
2862 106 45
2863 112 51
2864 103 47
2865 109 53
2866 103 59
2867 105 44
2868 103 44
2869 107 54
2870 102 58
2871 114 53
2872 101 58
2873 103 53
2874 103 50
2875 110 47
2876 112 58
2877 2 195
2878 0 189
2879 2 189
2880 9 192
2881 10 188
2882 3 190
2883 5 189
2884 7 201
2885 10 203
2886 6 199
2887 5 194
2888 11 193
2889 1 189
2890 1 190
2891 4 190
2892 8 191
2893 2 194
2894 10 203
2895 4 197
2896 2 201
2897 10 191
2898 4 196
2899 6 192
2900 11 199
2901 3 196
2902 7 193
2903 8 192
2904 3 196
2905 9 191
2906 5 200
2907 67 12
2908 66 14
2909 74 24
2910 78 14
2911 67 13
2912 65 12
2913 78 22
2914 72 25
2915 65 20
2916 69 15
2917 70 20
2918 73 22
2919 63 16
2920 63 14
2921 68 16
2922 63 21
2923 66 21
2924 73 24
2925 66 26
2926 76 12
2927 69 14
2928 71 19
2929 76 23
2930 69 16
2931 65 14
2932 64 26
2933 77 18
2934 67 18
2935 75 23
2936 73 18
