229 256 10 2875
0 8
1 11
2 7
3 9
4 4
5 8
6 9
7 11
8 8
9 7
10 11
11 9
12 3
13 4
14 3
15 4
16 4
17 4
18 4
19 3
20 3
21 3
22 5
23 5
24 3
25 4
26 3
27 5
28 3
29 3
30 3
31 4
32 3
33 3
34 3
35 6
36 3
37 3
38 3
39 3
40 3
41 3
42 4
43 3
44 3
45 3
46 5
47 5
48 3
49 3
50 3
51 3
52 3
53 4
54 4
55 3
56 3
57 3
58 3
59 5
60 3
61 3
62 3
63 3
64 3
65 3
66 3
67 3
68 4
69 5
70 3
71 3
72 3
73 4
74 4
75 3
76 3
77 3
78 3
79 3
80 3
81 4
82 3
83 4
84 4
85 3
86 3
87 4
88 3
89 4
90 3
91 3
92 4
93 3
94 3
95 4
96 3
97 5
98 3
99 5
100 3
101 3
102 3
103 5
104 3
105 3
106 3
107 3
108 3
109 5
110 3
111 3
112 3
113 3
114 3
115 4
116 3
117 4
118 4
119 5
120 4
121 3
122 5
123 3
124 5
125 3
126 3
127 3
128 4
129 3
130 3
131 3
132 3
133 4
134 3
135 3
136 3
137 3
138 3
139 5
140 3
141 3
142 5
143 6
144 6
145 3
146 3
147 3
148 3
149 3
150 3
151 3
152 3
153 3
154 3
155 3
156 3
157 3
158 3
159 3
160 4
161 3
162 3
163 3
164 3
165 4
166 5
167 3
168 3
169 3
170 3
171 4
172 3
173 4
174 5
175 4
176 4
177 4
178 5
179 3
180 3
181 3
182 3
183 3
184 5
185 3
186 3
187 3
188 4
189 3
190 7
191 3
192 3
193 3
194 3
195 3
196 3
197 4
198 4
199 3
200 3
201 4
202 3
203 4
204 3
205 3
206 3
207 3
208 3
209 5
210 5
211 3
212 3
213 3
214 3
215 4
216 3
217 4
218 3
219 3
220 3
221 4
222 3
223 3
224 3
225 3
226 3
227 3
228 4
0 0 1
1 0 3
2 0 7
3 0 8
4 0 9
5 0 10
6 0 11
7 1 2
8 1 3
9 1 4
10 1 5
11 1 7
12 1 8
13 1 9
14 1 10
15 1 11
16 2 7
17 2 10
18 2 11
19 2 66
20 2 83
21 2 156
22 3 4
23 3 6
24 3 8
25 3 10
26 3 11
27 3 103
28 3 190
29 4 6
30 4 10
31 5 7
32 5 8
33 5 10
34 5 12
35 5 118
36 6 7
37 6 8
38 6 9
39 6 10
40 6 209
41 7 8
42 7 11
43 7 31
44 7 50
45 8 10
46 8 11
47 9 10
48 9 11
49 10 175
50 11 138
51 12 17
52 13 17
53 13 27
54 14 22
55 15 18
56 15 23
57 16 22
58 16 17
59 18 25
60 19 23
61 19 30
62 20 23
63 21 29
64 22 24
65 23 27
66 23 29
67 25 28
68 26 27
69 31 35
70 32 44
71 32 47
72 33 42
73 33 46
74 34 41
75 35 40
76 35 48
77 35 49
78 36 37
79 37 38
80 38 47
81 39 45
82 39 42
83 40 47
84 41 46
85 43 49
86 46 47
87 50 61
88 50 59
89 51 64
90 52 61
91 53 63
92 53 65
93 54 58
94 54 63
95 55 59
96 56 57
97 56 65
98 57 59
99 59 62
100 60 62
101 63 64
102 66 67
103 67 68
104 67 73
105 68 69
106 69 70
107 69 78
108 71 72
109 72 76
110 72 74
111 73 75
112 73 81
113 73 74
114 74 82
115 76 79
116 77 79
117 80 81
118 83 97
119 84 91
120 84 87
121 84 90
122 85 100
123 86 99
124 86 102
125 87 94
126 88 101
127 88 96
128 89 95
129 89 96
130 89 99
131 90 97
132 92 98
133 92 94
134 93 95
135 96 97
136 99 100
137 103 107
138 103 111
139 103 116
140 103 106
141 104 107
142 105 109
143 106 109
144 106 117
145 108 112
146 109 115
147 110 117
148 111 112
149 112 113
150 114 115
151 118 128
152 118 134
153 118 120
154 119 125
155 119 132
156 119 136
157 119 124
158 120 135
159 121 122
160 122 131
161 122 124
162 123 133
163 124 134
164 126 137
165 127 135
166 127 137
167 128 129
168 128 133
169 130 133
170 138 140
171 138 143
172 139 146
173 139 150
174 139 143
175 141 148
176 141 144
177 142 151
178 142 144
179 142 153
180 143 154
181 143 144
182 144 145
183 145 147
184 145 152
185 149 153
186 149 155
187 156 162
188 157 174
189 158 161
190 158 164
191 159 168
192 160 169
193 160 165
194 162 171
195 163 165
196 163 170
197 164 174
198 166 171
199 166 170
200 166 174
201 167 174
202 168 173
203 169 173
204 172 173
205 175 188
206 175 187
207 176 181
208 176 178
209 177 185
210 177 182
211 178 183
212 178 184
213 179 182
214 179 184
215 180 189
216 184 187
217 184 189
218 186 188
219 190 194
220 190 203
221 190 195
222 190 208
223 191 196
224 192 202
225 192 200
226 193 195
227 194 197
228 195 198
229 196 197
230 198 201
231 199 204
232 199 203
233 200 205
234 201 207
235 203 205
236 206 207
237 209 217
238 209 210
239 210 225
240 210 226
241 211 218
242 211 219
243 212 221
244 213 228
245 214 224
246 215 220
247 215 227
248 215 228
249 216 218
250 217 219
251 217 224
252 218 221
253 222 227
254 223 228
255 226 228
0 146 184
1 139 184
2 148 185
3 150 180
4 154 177
5 146 181
6 150 184
7 153 187
8 149 187
9 144 177
10 143 177
11 146 185
12 147 180
13 138 181
14 140 182
15 153 189
16 143 179
17 140 187
18 151 187
19 154 188
20 151 189
21 145 189
22 144 186
23 154 178
24 148 180
25 146 178
26 149 188
27 152 180
28 144 180
29 151 180
30 178 81
31 178 78
32 179 75
33 181 82
34 185 70
35 180 71
36 186 71
37 189 79
38 186 77
39 179 66
40 181 78
41 181 82
42 188 75
43 185 68
44 182 80
45 186 78
46 180 73
47 189 77
48 187 74
49 177 76
50 180 78
51 183 78
52 181 68
53 183 69
54 180 77
55 186 76
56 179 73
57 176 73
58 182 68
59 178 74
60 16 75
61 15 78
62 12 80
63 25 75
64 23 74
65 30 75
66 24 68
67 22 67
68 24 71
69 30 78
70 26 73
71 20 69
72 24 79
73 23 79
74 27 72
75 14 71
76 26 73
77 28 69
78 29 76
79 14 68
80 14 82
81 14 68
82 30 77
83 18 70
84 29 78
85 13 74
86 19 72
87 30 76
88 27 66
89 25 78
90 11 168
91 10 165
92 3 167
93 8 167
94 1 170
95 1 169
96 0 157
97 8 156
98 0 166
99 9 173
100 5 158
101 3 166
102 5 167
103 10 159
104 8 172
105 6 171
106 0 174
107 10 165
108 11 161
109 8 159
110 5 161
111 11 169
112 6 167
113 1 171
114 5 170
115 5 167
116 8 166
117 3 160
118 6 159
119 6 174
120 133 62
121 132 54
122 123 54
123 128 63
124 137 55
125 132 61
126 121 55
127 132 64
128 122 53
129 134 54
130 119 55
131 135 50
132 124 53
133 123 63
134 127 51
135 136 50
136 121 54
137 129 50
138 128 60
139 137 55
140 123 53
141 130 58
142 130 58
143 131 54
144 118 55
145 120 55
146 122 64
147 119 50
148 128 50
149 136 64
150 29 152
151 18 150
152 21 141
153 16 155
154 18 151
155 14 141
156 22 149
157 24 146
158 22 150
159 12 146
160 28 147
161 14 140
162 26 152
163 27 155
164 15 144
165 17 148
166 18 150
167 23 154
168 23 146
169 12 144
170 12 151
171 16 145
172 19 145
173 16 140
174 15 154
175 20 143
176 25 154
177 24 138
178 21 141
179 18 149
180 61 53
181 56 61
182 53 59
183 62 53
184 64 62
185 51 55
186 58 57
187 51 61
188 61 65
189 58 55
190 65 61
191 56 62
192 56 62
193 50 60
194 62 54
195 58 57
196 51 50
197 56 50
198 58 50
199 50 60
200 51 52
201 60 54
202 57 53
203 52 151
204 58 151
205 62 152
206 60 150
207 54 146
208 54 143
209 52 152
210 57 148
211 65 148
212 59 150
213 57 148
214 55 139
215 51 148
216 57 138
217 55 146
218 51 142
219 51 148
220 65 146
221 58 143
222 61 141
223 60 154
224 50 141
225 64 153
226 61 145
227 60 145
228 53 145
229 63 154
230 57 143
231 63 142
232 51 152
233 37 57
234 35 55
235 32 64
236 46 59
237 48 54
238 37 59
239 48 61
240 34 63
241 49 55
242 44 61
243 47 65
244 41 51
245 46 55
246 45 62
247 31 62
248 47 51
249 47 63
250 37 59
251 33 50
252 47 58
253 44 50
254 33 63
255 45 56
256 37 54
257 38 57
258 33 51
259 35 51
260 37 52
261 36 50
262 61 17
263 60 14
264 50 18
265 51 14
266 63 27
267 62 18
268 60 23
269 64 18
270 63 25
271 63 21
272 57 26
273 60 24
274 63 25
275 55 17
276 64 23
277 57 14
278 50 25
279 61 21
280 55 14
281 65 23
282 57 22
283 65 20
284 57 17
285 52 30
286 64 29
287 55 13
288 55 30
289 52 20
290 56 25
291 62 26
292 56 64
293 52 59
294 52 65
295 65 50
296 51 52
297 65 50
298 55 52
299 62 65
300 64 65
301 53 57
302 64 57
303 54 55
304 60 51
305 58 57
306 59 64
307 56 52
308 63 57
309 54 50
310 55 61
311 52 54
312 60 53
313 58 57
314 18 212
315 20 217
316 22 211
317 15 227
318 15 217
319 24 211
320 30 222
321 18 218
322 14 227
323 12 213
324 13 218
325 27 223
326 29 226
327 18 216
328 27 226
329 22 218
330 27 217
331 25 223
332 20 221
333 18 218
334 24 210
335 20 223
336 15 226
337 16 212
338 21 217
339 24 210
340 20 225
341 28 225
342 16 226
343 12 215
344 177 8
345 180 9
346 177 3
347 177 9
348 183 6
349 183 8
350 181 2
351 188 2
352 188 1
353 176 9
354 180 8
355 179 4
356 180 8
357 186 6
358 183 6
359 177 3
360 179 9
361 188 7
362 184 0
363 181 0
364 177 5
365 178 10
366 186 7
367 188 7
368 181 0
369 180 11
370 188 3
371 187 7
372 183 0
373 157 52
374 159 65
375 169 59
376 174 65
377 164 57
378 172 58
379 165 56
380 159 64
381 167 64
382 165 64
383 161 64
384 165 60
385 157 61
386 159 60
387 165 56
388 159 61
389 159 61
390 163 61
391 159 60
392 172 51
393 165 61
394 161 62
395 158 62
396 166 50
397 163 50
398 163 51
399 163 61
400 169 50
401 158 51
402 172 54
403 98 55
404 96 55
405 87 60
406 92 53
407 99 65
408 94 54
409 84 63
410 100 56
411 89 63
412 98 65
413 95 63
414 96 53
415 90 57
416 90 65
417 92 59
418 90 56
419 99 58
420 89 62
421 85 62
422 86 50
423 92 64
424 91 52
425 101 59
426 93 51
427 95 58
428 83 56
429 88 60
430 101 58
431 90 57
432 100 58
433 24 205
434 27 197
435 25 200
436 28 191
437 13 205
438 14 197
439 30 200
440 23 196
441 17 194
442 15 207
443 21 202
444 25 192
445 21 204
446 21 193
447 19 208
448 27 203
449 12 194
450 29 194
451 22 193
452 28 204
453 28 190
454 25 205
455 12 208
456 14 196
457 23 197
458 16 193
459 29 208
460 29 197
461 28 199
462 30 201
463 32 13
464 37 27
465 43 26
466 37 29
467 49 16
468 43 18
469 44 24
470 43 23
471 34 24
472 31 28
473 41 12
474 46 27
475 43 18
476 31 13
477 42 18
478 47 17
479 45 13
480 37 30
481 42 28
482 47 22
483 33 18
484 43 18
485 39 28
486 49 18
487 46 23
488 46 29
489 42 28
490 32 17
491 31 26
492 31 19
493 183 5
494 182 2
495 180 0
496 182 11
497 188 0
498 180 8
499 189 7
500 188 0
501 189 8
502 185 5
503 183 0
504 182 10
505 185 2
506 176 9
507 184 0
508 180 7
509 176 4
510 184 11
511 176 11
512 185 9
513 184 3
514 181 4
515 188 11
516 187 4
517 184 3
518 181 9
519 186 3
520 188 8
521 28 183
522 25 179
523 30 182
524 20 184
525 17 187
526 26 181
527 29 181
528 27 189
529 21 183
530 13 179
531 24 186
532 19 182
533 22 180
534 12 178
535 12 181
536 29 178
537 23 179
538 24 181
539 21 179
540 14 183
541 19 183
542 22 178
543 22 186
544 18 186
545 14 180
546 27 185
547 17 179
548 13 185
549 15 180
550 22 178
551 181 10
552 189 1
553 188 3
554 188 11
555 178 1
556 187 1
557 177 6
558 176 11
559 181 9
560 185 4
561 183 10
562 180 6
563 183 2
564 184 11
565 182 8
566 188 6
567 186 8
568 180 7
569 177 6
570 176 2
571 180 2
572 186 9
573 185 7
574 187 2
575 188 7
576 184 1
577 180 2
578 178 11
579 188 8
580 189 5
581 153 225
582 153 218
583 145 218
584 145 212
585 141 213
586 154 215
587 151 218
588 141 218
589 148 226
590 153 218
591 150 211
592 151 222
593 149 216
594 138 228
595 142 216
596 147 209
597 148 218
598 140 227
599 145 211
600 148 227
601 145 209
602 140 222
603 152 228
604 151 228
605 155 214
606 149 222
607 149 222
608 151 216
609 141 226
610 152 223
611 76 117
612 77 114
613 68 116
614 72 108
615 70 104
616 68 112
617 81 114
618 67 107
619 78 104
620 73 104
621 69 104
622 72 116
623 66 107
624 80 105
625 68 117
626 80 116
627 69 103
628 67 115
629 68 115
630 76 117
631 81 106
632 66 111
633 81 113
634 74 112
635 76 113
636 73 117
637 67 112
638 78 104
639 77 105
640 73 114
641 133 68
642 136 76
643 130 81
644 132 74
645 125 78
646 137 79
647 118 72
648 127 70
649 133 67
650 127 70
651 126 68
652 135 66
653 127 69
654 129 66
655 125 67
656 134 70
657 118 68
658 131 77
659 129 78
660 134 73
661 124 68
662 131 79
663 121 71
664 128 70
665 122 73
666 137 78
667 118 74
668 130 72
669 136 76
670 123 78
671 124 107
672 127 108
673 124 111
674 131 109
675 133 113
676 127 106
677 120 110
678 136 107
679 135 106
680 118 103
681 119 117
682 137 113
683 136 105
684 129 107
685 129 104
686 129 114
687 137 112
688 122 113
689 125 117
690 132 115
691 135 112
692 125 116
693 131 105
694 132 104
695 120 110
696 119 105
697 125 103
698 121 113
699 134 115
700 118 108
701 127 189
702 121 179
703 127 175
704 120 189
705 127 182
706 134 185
707 122 186
708 127 179
709 131 189
710 126 185
711 127 186
712 126 180
713 124 183
714 118 187
715 132 181
716 125 185
717 136 184
718 130 188
719 118 179
720 123 181
721 127 189
722 127 187
723 121 175
724 130 175
725 131 183
726 129 180
727 128 185
728 123 177
729 118 180
730 132 182
731 159 170
732 174 161
733 159 166
734 165 171
735 167 168
736 168 167
737 160 162
738 162 170
739 166 160
740 156 172
741 165 158
742 170 172
743 158 167
744 166 159
745 163 173
746 169 161
747 160 164
748 164 162
749 172 157
750 172 159
751 170 172
752 163 156
753 170 156
754 0 22
755 6 13
756 10 27
757 7 19
758 8 26
759 9 19
760 11 15
761 3 26
762 0 19
763 0 12
764 10 13
765 9 18
766 0 15
767 9 12
768 3 26
769 3 24
770 0 30
771 5 15
772 2 30
773 7 15
774 6 21
775 10 19
776 1 20
777 10 21
778 1 24
779 0 27
780 4 29
781 6 19
782 89 190
783 102 193
784 93 206
785 88 196
786 89 206
787 93 207
788 97 208
789 95 202
790 91 196
791 99 208
792 100 191
793 99 206
794 86 207
795 92 202
796 88 206
797 84 201
798 85 192
799 102 202
800 100 199
801 91 192
802 96 205
803 95 208
804 87 208
805 99 191
806 100 194
807 100 198
808 99 198
809 98 195
810 98 201
811 95 196
812 6 80
813 10 67
814 11 67
815 8 69
816 10 76
817 11 77
818 6 67
819 6 81
820 8 77
821 1 76
822 9 68
823 8 66
824 0 81
825 3 76
826 0 79
827 11 70
828 3 70
829 11 76
830 9 70
831 1 67
832 7 70
833 11 78
834 5 70
835 1 78
836 6 82
837 0 82
838 10 80
839 3 67
840 10 78
841 94 71
842 99 72
843 88 72
844 97 78
845 91 70
846 86 74
847 85 66
848 84 70
849 85 70
850 97 76
851 100 74
852 92 72
853 99 81
854 91 70
855 90 73
856 101 68
857 98 79
858 97 74
859 83 81
860 95 82
861 99 69
862 87 71
863 99 72
864 96 71
865 84 76
866 89 80
867 101 82
868 94 74
869 87 76
870 94 81
871 111 185
872 113 181
873 108 180
874 103 175
875 105 185
876 107 179
877 110 182
878 116 175
879 117 176
880 108 183
881 113 181
882 103 187
883 112 181
884 114 182
885 103 176
886 109 176
887 116 185
888 108 177
889 116 175
890 111 180
891 107 176
892 104 180
893 108 184
894 109 181
895 113 177
896 114 182
897 112 186
898 104 184
899 117 181
900 116 180
901 19 0
902 18 10
903 23 5
904 27 0
905 22 11
906 18 8
907 25 5
908 22 11
909 25 8
910 15 3
911 23 2
912 18 4
913 17 1
914 20 7
915 14 6
916 18 0
917 26 9
918 30 10
919 20 7
920 13 4
921 14 5
922 30 11
923 14 7
924 12 9
925 13 4
926 28 7
927 16 7
928 19 5
929 21 4
930 30 8
931 115 9
932 117 4
933 113 8
934 107 10
935 116 9
936 105 4
937 105 4
938 116 9
939 111 7
940 108 8
941 109 4
942 105 4
943 115 5
944 105 9
945 111 10
946 115 8
947 113 2
948 105 7
949 107 8
950 117 7
951 110 11
952 112 11
953 105 3
954 108 0
955 113 2
956 116 7
957 115 6
958 113 5
959 106 11
960 160 170
961 158 167
962 174 165
963 162 174
964 169 163
965 166 165
966 168 171
967 160 172
968 158 165
969 162 167
970 161 174
971 163 172
972 162 169
973 173 167
974 159 165
975 172 165
976 172 166
977 160 157
978 171 167
979 168 167
980 166 158
981 83 187
982 102 179
983 102 185
984 92 176
985 92 185
986 100 188
987 88 182
988 90 181
989 86 181
990 96 179
991 98 181
992 99 175
993 102 180
994 86 177
995 97 189
996 99 187
997 97 180
998 94 175
999 91 179
1000 92 188
1001 99 185
1002 101 186
1003 85 187
1004 83 179
1005 91 179
1006 87 177
1007 101 182
1008 90 176
1009 98 187
1010 89 183
1011 119 194
1012 122 200
1013 134 206
1014 130 203
1015 129 191
1016 134 207
1017 122 194
1018 124 192
1019 131 193
1020 120 197
1021 134 203
1022 122 207
1023 121 199
1024 128 197
1025 128 198
1026 134 193
1027 127 202
1028 126 195
1029 125 199
1030 125 199
1031 120 190
1032 119 200
1033 137 203
1034 131 201
1035 125 192
1036 127 199
1037 118 208
1038 133 194
1039 134 198
1040 123 199
1041 28 6
1042 29 7
1043 26 7
1044 21 7
1045 29 2
1046 15 4
1047 23 8
1048 21 4
1049 17 3
1050 15 2
1051 14 6
1052 21 0
1053 16 3
1054 12 6
1055 27 8
1056 27 9
1057 15 0
1058 29 11
1059 15 6
1060 29 0
1061 15 4
1062 24 8
1063 23 11
1064 16 7
1065 23 1
1066 26 9
1067 14 6
1068 20 8
1069 16 3
1070 27 3
1071 3 110
1072 5 110
1073 0 114
1074 6 107
1075 11 111
1076 5 111
1077 0 111
1078 0 116
1079 3 114
1080 6 107
1081 6 108
1082 7 108
1083 4 111
1084 8 115
1085 9 116
1086 8 110
1087 9 108
1088 6 109
1089 2 113
1090 4 109
1091 8 106
1092 3 114
1093 10 108
1094 4 105
1095 8 117
1096 10 113
1097 10 104
1098 5 104
1099 183 159
1100 187 174
1101 175 168
1102 185 158
1103 189 174
1104 180 167
1105 183 168
1106 188 160
1107 187 157
1108 186 166
1109 180 168
1110 186 173
1111 181 165
1112 179 169
1113 186 170
1114 175 157
1115 184 157
1116 177 170
1117 187 161
1118 181 156
1119 176 172
1120 175 159
1121 187 161
1122 178 167
1123 183 169
1124 187 162
1125 180 167
1126 183 173
1127 183 169
1128 182 166
1129 55 208
1130 59 199
1131 54 204
1132 58 201
1133 65 205
1134 50 205
1135 50 192
1136 54 192
1137 50 208
1138 62 199
1139 65 202
1140 54 192
1141 52 208
1142 64 204
1143 65 202
1144 61 196
1145 54 203
1146 62 208
1147 60 197
1148 65 201
1149 58 205
1150 51 192
1151 55 201
1152 54 200
1153 61 205
1154 59 206
1155 53 194
1156 59 206
1157 52 206
1158 56 207
1159 116 82
1160 107 66
1161 111 67
1162 103 74
1163 107 78
1164 105 78
1165 110 76
1166 104 82
1167 108 67
1168 113 79
1169 110 69
1170 115 78
1171 108 74
1172 114 81
1173 117 74
1174 109 79
1175 109 77
1176 108 70
1177 115 78
1178 104 66
1179 106 77
1180 110 70
1181 117 73
1182 112 81
1183 106 78
1184 115 66
1185 106 67
1186 105 78
1187 112 66
1188 105 77
1189 66 136
1190 71 124
1191 79 120
1192 80 121
1193 66 137
1194 82 125
1195 69 120
1196 72 126
1197 67 137
1198 73 137
1199 71 130
1200 68 121
1201 68 124
1202 79 118
1203 70 119
1204 82 119
1205 82 127
1206 66 119
1207 76 122
1208 82 122
1209 72 122
1210 78 133
1211 75 137
1212 72 123
1213 67 119
1214 77 127
1215 69 129
1216 82 122
1217 66 119
1218 69 129
1219 51 117
1220 62 107
1221 65 113
1222 59 105
1223 60 103
1224 56 106
1225 52 113
1226 50 112
1227 56 117
1228 51 105
1229 55 106
1230 50 109
1231 58 105
1232 54 111
1233 57 114
1234 53 115
1235 61 103
1236 50 103
1237 60 116
1238 58 110
1239 62 111
1240 60 107
1241 57 112
1242 59 106
1243 54 115
1244 53 112
1245 63 103
1246 52 107
1247 53 109
1248 56 106
1249 112 135
1250 104 134
1251 109 118
1252 106 128
1253 103 119
1254 116 137
1255 117 120
1256 114 130
1257 114 134
1258 116 130
1259 107 128
1260 108 134
1261 114 131
1262 107 134
1263 117 124
1264 112 137
1265 107 118
1266 112 128
1267 105 137
1268 117 134
1269 114 126
1270 107 122
1271 110 133
1272 104 130
1273 106 119
1274 116 123
1275 112 118
1276 110 118
1277 113 122
1278 115 131
1279 185 154
1280 179 154
1281 175 145
1282 186 150
1283 177 154
1284 179 149
1285 175 147
1286 182 140
1287 176 151
1288 188 146
1289 185 151
1290 189 152
1291 186 146
1292 182 140
1293 175 146
1294 187 144
1295 185 145
1296 177 146
1297 182 149
1298 186 151
1299 183 143
1300 188 144
1301 177 153
1302 188 150
1303 186 155
1304 188 139
1305 189 149
1306 178 145
1307 185 144
1308 180 149
1309 129 208
1310 137 205
1311 137 196
1312 127 205
1313 120 192
1314 120 201
1315 127 198
1316 135 198
1317 135 208
1318 135 206
1319 118 200
1320 126 190
1321 122 197
1322 133 206
1323 132 204
1324 123 207
1325 121 193
1326 137 193
1327 129 203
1328 134 192
1329 128 199
1330 130 201
1331 121 203
1332 120 195
1333 127 204
1334 134 200
1335 135 199
1336 131 196
1337 130 194
1338 127 196
1339 212 161
1340 221 162
1341 223 159
1342 225 159
1343 211 161
1344 222 159
1345 216 166
1346 221 158
1347 219 172
1348 210 170
1349 226 165
1350 217 157
1351 212 169
1352 224 167
1353 219 157
1354 215 162
1355 227 172
1356 209 161
1357 218 162
1358 213 167
1359 211 166
1360 224 164
1361 216 170
1362 226 165
1363 214 170
1364 214 159
1365 223 171
1366 210 172
1367 223 158
1368 218 156
1369 16 117
1370 18 117
1371 30 103
1372 19 113
1373 22 108
1374 20 116
1375 21 109
1376 19 107
1377 29 116
1378 18 106
1379 20 103
1380 12 117
1381 21 108
1382 24 103
1383 14 112
1384 28 113
1385 16 106
1386 16 116
1387 17 105
1388 29 111
1389 27 114
1390 16 112
1391 30 109
1392 22 107
1393 24 111
1394 21 106
1395 19 114
1396 12 108
1397 12 108
1398 30 115
1399 93 70
1400 92 76
1401 102 82
1402 85 80
1403 83 69
1404 98 71
1405 100 71
1406 92 70
1407 91 74
1408 96 74
1409 90 70
1410 96 70
1411 102 76
1412 86 74
1413 97 68
1414 98 75
1415 98 75
1416 92 72
1417 98 74
1418 102 80
1419 90 78
1420 84 66
1421 91 82
1422 99 80
1423 84 78
1424 87 74
1425 98 68
1426 91 68
1427 84 68
1428 100 69
1429 171 32
1430 166 47
1431 156 40
1432 158 47
1433 163 40
1434 158 40
1435 174 44
1436 165 49
1437 172 33
1438 169 36
1439 174 33
1440 167 38
1441 168 34
1442 157 36
1443 172 37
1444 158 32
1445 171 47
1446 172 33
1447 165 45
1448 170 48
1449 157 32
1450 165 38
1451 174 39
1452 156 36
1453 161 46
1454 173 49
1455 165 39
1456 157 46
1457 166 33
1458 168 45
1459 34 36
1460 48 41
1461 48 44
1462 36 45
1463 48 39
1464 36 41
1465 40 44
1466 37 34
1467 42 32
1468 45 31
1469 45 47
1470 38 42
1471 41 39
1472 41 35
1473 33 32
1474 34 47
1475 45 47
1476 37 34
1477 48 43
1478 42 37
1479 31 36
1480 37 45
1481 127 2
1482 125 11
1483 135 9
1484 123 6
1485 131 4
1486 125 2
1487 121 9
1488 121 4
1489 125 2
1490 119 8
1491 120 9
1492 127 5
1493 130 11
1494 133 5
1495 121 2
1496 122 8
1497 129 9
1498 126 3
1499 122 0
1500 137 5
1501 134 9
1502 124 11
1503 131 4
1504 127 8
1505 130 6
1506 136 6
1507 122 3
1508 182 167
1509 182 166
1510 182 166
1511 187 161
1512 183 168
1513 179 170
1514 189 174
1515 178 160
1516 188 173
1517 187 171
1518 188 162
1519 182 162
1520 177 161
1521 176 156
1522 187 166
1523 183 169
1524 187 159
1525 175 159
1526 177 174
1527 183 161
1528 178 161
1529 189 170
1530 179 158
1531 183 166
1532 187 164
1533 175 167
1534 181 166
1535 182 163
1536 177 156
1537 180 166
1538 106 146
1539 103 145
1540 111 150
1541 106 148
1542 106 145
1543 108 145
1544 115 147
1545 112 144
1546 116 145
1547 107 152
1548 109 150
1549 107 150
1550 112 139
1551 112 140
1552 103 153
1553 105 144
1554 106 153
1555 111 148
1556 104 144
1557 113 151
1558 108 140
1559 108 150
1560 117 142
1561 106 149
1562 107 141
1563 105 154
1564 104 140
1565 117 148
1566 110 153
1567 108 149
1568 110 182
1569 107 177
1570 110 175
1571 104 179
1572 112 185
1573 112 180
1574 115 183
1575 116 175
1576 114 183
1577 117 176
1578 113 181
1579 112 189
1580 104 185
1581 105 181
1582 104 185
1583 115 178
1584 114 183
1585 111 189
1586 105 187
1587 115 178
1588 117 175
1589 111 175
1590 103 186
1591 105 188
1592 106 188
1593 106 186
1594 109 183
1595 106 182
1596 108 186
1597 109 187
1598 159 3
1599 168 7
1600 165 9
1601 170 4
1602 172 8
1603 169 4
1604 165 0
1605 167 3
1606 164 1
1607 161 6
1608 161 0
1609 160 5
1610 173 4
1611 159 7
1612 174 11
1613 169 10
1614 168 1
1615 164 0
1616 164 4
1617 170 4
1618 168 1
1619 163 8
1620 172 6
1621 160 8
1622 159 1
1623 161 8
1624 160 8
1625 157 9
1626 160 8
1627 163 4
1628 110 109
1629 107 115
1630 114 117
1631 115 107
1632 109 110
1633 116 114
1634 114 116
1635 103 110
1636 113 115
1637 115 107
1638 103 115
1639 108 117
1640 115 104
1641 141 74
1642 153 78
1643 153 69
1644 151 80
1645 139 72
1646 142 79
1647 147 74
1648 145 72
1649 143 70
1650 149 71
1651 145 81
1652 155 71
1653 142 82
1654 141 81
1655 144 77
1656 155 78
1657 143 78
1658 142 81
1659 138 69
1660 141 74
1661 145 75
1662 149 72
1663 146 69
1664 143 67
1665 149 70
1666 144 76
1667 145 72
1668 141 71
1669 145 66
1670 154 72
1671 181 41
1672 186 34
1673 177 37
1674 178 42
1675 188 33
1676 187 37
1677 183 44
1678 178 34
1679 179 44
1680 188 37
1681 187 37
1682 177 36
1683 184 35
1684 176 37
1685 176 31
1686 178 46
1687 189 44
1688 177 37
1689 187 49
1690 184 41
1691 188 47
1692 181 37
1693 184 39
1694 178 34
1695 187 38
1696 177 42
1697 186 35
1698 175 48
1699 181 41
1700 185 43
1701 102 45
1702 86 40
1703 101 42
1704 93 34
1705 100 36
1706 93 33
1707 91 42
1708 97 38
1709 99 31
1710 88 39
1711 88 40
1712 91 31
1713 88 41
1714 84 39
1715 88 37
1716 84 42
1717 86 43
1718 86 32
1719 92 48
1720 102 38
1721 94 31
1722 90 40
1723 94 31
1724 91 49
1725 100 42
1726 100 38
1727 85 40
1728 101 34
1729 84 46
1730 90 49
1731 82 165
1732 68 172
1733 81 160
1734 74 161
1735 73 158
1736 76 164
1737 81 159
1738 77 166
1739 69 174
1740 76 160
1741 79 162
1742 79 166
1743 82 166
1744 82 173
1745 75 158
1746 75 171
1747 77 156
1748 82 174
1749 72 159
1750 67 174
1751 77 173
1752 78 171
1753 78 162
1754 79 168
1755 70 156
1756 75 163
1757 80 163
1758 82 174
1759 76 157
1760 68 165
1761 153 9
1762 150 3
1763 147 0
1764 149 4
1765 154 6
1766 153 4
1767 141 7
1768 150 4
1769 152 9
1770 148 3
1771 152 0
1772 154 8
1773 143 0
1774 145 4
1775 148 7
1776 139 5
1777 153 4
1778 154 7
1779 152 6
1780 153 2
1781 149 3
1782 155 3
1783 154 10
1784 145 3
1785 153 7
1786 150 0
1787 148 8
1788 144 2
1789 52 9
1790 57 6
1791 62 6
1792 63 1
1793 54 6
1794 61 5
1795 57 0
1796 60 2
1797 65 6
1798 62 11
1799 62 8
1800 62 7
1801 51 11
1802 53 9
1803 63 8
1804 65 0
1805 57 4
1806 58 10
1807 55 5
1808 55 9
1809 62 1
1810 63 6
1811 55 5
1812 61 2
1813 54 7
1814 65 2
1815 59 3
1816 62 4
1817 58 4
1818 52 5
1819 61 3
1820 64 3
1821 56 0
1822 51 0
1823 58 2
1824 53 1
1825 60 0
1826 51 2
1827 51 9
1828 58 0
1829 56 7
1830 63 10
1831 51 5
1832 52 6
1833 62 8
1834 60 11
1835 57 6
1836 56 3
1837 51 7
1838 51 6
1839 57 1
1840 58 2
1841 52 5
1842 62 6
1843 53 9
1844 56 0
1845 59 5
1846 61 11
1847 51 7
1848 36 85
1849 34 100
1850 34 101
1851 47 97
1852 48 97
1853 34 88
1854 31 87
1855 35 98
1856 37 84
1857 33 84
1858 41 94
1859 49 86
1860 45 89
1861 41 102
1862 32 96
1863 38 85
1864 38 102
1865 49 84
1866 36 86
1867 48 100
1868 40 93
1869 40 100
1870 43 91
1871 43 100
1872 33 93
1873 35 89
1874 31 90
1875 46 86
1876 32 83
1877 44 101
1878 53 125
1879 57 120
1880 57 125
1881 58 124
1882 60 128
1883 56 122
1884 58 129
1885 60 135
1886 51 137
1887 61 123
1888 59 129
1889 55 118
1890 53 134
1891 60 135
1892 51 127
1893 55 137
1894 50 128
1895 51 123
1896 60 121
1897 65 118
1898 59 123
1899 60 128
1900 50 136
1901 59 130
1902 56 120
1903 64 130
1904 55 137
1905 65 131
1906 52 132
1907 65 128
1908 83 119
1909 100 133
1910 90 128
1911 98 131
1912 99 132
1913 83 123
1914 91 120
1915 88 123
1916 95 124
1917 92 123
1918 102 124
1919 92 137
1920 100 133
1921 100 137
1922 88 132
1923 91 125
1924 87 121
1925 86 133
1926 95 136
1927 89 122
1928 88 120
1929 102 133
1930 86 128
1931 99 118
1932 85 136
1933 98 136
1934 90 127
1935 97 118
1936 83 121
1937 85 130
1938 133 37
1939 120 34
1940 128 32
1941 133 40
1942 124 43
1943 131 38
1944 127 34
1945 127 39
1946 121 49
1947 124 45
1948 129 40
1949 134 37
1950 134 42
1951 123 38
1952 130 36
1953 135 38
1954 122 47
1955 118 48
1956 127 31
1957 137 35
1958 127 38
1959 133 41
1960 133 47
1961 135 34
1962 119 48
1963 128 41
1964 132 47
1965 122 33
1966 133 32
1967 130 46
1968 224 103
1969 223 117
1970 228 115
1971 228 113
1972 211 104
1973 218 117
1974 217 106
1975 216 117
1976 211 105
1977 224 108
1978 227 114
1979 210 111
1980 216 117
1981 223 115
1982 220 115
1983 218 115
1984 228 114
1985 220 112
1986 228 116
1987 213 113
1988 226 115
1989 218 107
1990 209 107
1991 221 113
1992 227 109
1993 217 106
1994 221 106
1995 220 110
1996 225 107
1997 220 115
1998 50 222
1999 63 225
2000 62 228
2001 52 211
2002 56 222
2003 59 223
2004 50 213
2005 58 222
2006 58 224
2007 58 212
2008 52 228
2009 50 214
2010 65 221
2011 57 227
2012 64 226
2013 64 225
2014 50 213
2015 62 220
2016 55 211
2017 64 228
2018 55 209
2019 51 218
2020 55 217
2021 62 226
2022 62 214
2023 61 218
2024 60 212
2025 56 225
2026 54 213
2027 53 209
2028 212 62
2029 227 63
2030 220 63
2031 225 51
2032 223 50
2033 209 54
2034 216 56
2035 228 64
2036 215 62
2037 209 60
2038 220 50
2039 228 53
2040 215 50
2041 220 53
2042 213 56
2043 211 60
2044 215 51
2045 222 64
2046 227 60
2047 222 63
2048 213 61
2049 217 53
2050 209 58
2051 228 63
2052 225 60
2053 219 59
2054 209 60
2055 216 54
2056 220 57
2057 223 58
2058 58 88
2059 55 96
2060 58 91
2061 52 102
2062 52 93
2063 50 87
2064 59 99
2065 52 90
2066 61 89
2067 54 97
2068 57 83
2069 56 91
2070 59 100
2071 59 92
2072 56 95
2073 54 99
2074 61 101
2075 65 87
2076 52 93
2077 60 85
2078 60 97
2079 54 83
2080 50 101
2081 56 101
2082 64 96
2083 54 99
2084 52 102
2085 54 102
2086 52 95
2087 54 99
2088 8 77
2089 10 82
2090 0 70
2091 6 72
2092 9 66
2093 8 76
2094 9 68
2095 7 82
2096 3 70
2097 3 77
2098 7 81
2099 4 82
2100 6 78
2101 11 82
2102 2 81
2103 2 70
2104 3 70
2105 1 78
2106 9 67
2107 0 77
2108 11 70
2109 5 80
2110 2 77
2111 8 76
2112 7 69
2113 4 68
2114 5 82
2115 4 76
2116 0 68
2117 5 67
2118 19 80
2119 24 76
2120 20 67
2121 18 76
2122 26 80
2123 18 73
2124 24 74
2125 15 82
2126 15 76
2127 22 68
2128 25 77
2129 18 81
2130 23 74
2131 21 76
2132 15 69
2133 19 74
2134 21 79
2135 24 77
2136 12 77
2137 25 67
2138 23 69
2139 18 79
2140 21 81
2141 13 79
2142 15 66
2143 25 79
2144 28 77
2145 27 68
2146 30 79
2147 12 68
2148 109 220
2149 110 214
2150 112 220
2151 113 214
2152 113 219
2153 111 211
2154 116 215
2155 113 214
2156 115 215
2157 105 219
2158 109 222
2159 117 221
2160 116 219
2161 114 224
2162 115 217
2163 113 211
2164 110 211
2165 110 225
2166 106 221
2167 105 222
2168 111 224
2169 110 228
2170 108 221
2171 112 218
2172 113 212
2173 108 213
2174 104 228
2175 113 211
2176 113 219
2177 109 227
2178 213 51
2179 215 60
2180 217 62
2181 227 52
2182 221 50
2183 225 61
2184 215 63
2185 228 59
2186 222 59
2187 227 54
2188 214 59
2189 218 50
2190 219 53
2191 216 64
2192 211 62
2193 220 64
2194 226 60
2195 219 54
2196 222 54
2197 219 55
2198 225 55
2199 216 50
2200 215 53
2201 209 52
2202 219 60
2203 209 56
2204 214 53
2205 213 62
2206 215 52
2207 218 60
2208 141 80
2209 142 72
2210 144 73
2211 154 69
2212 148 81
2213 142 69
2214 139 80
2215 142 82
2216 146 73
2217 141 82
2218 151 72
2219 150 78
2220 153 73
2221 155 70
2222 150 73
2223 148 73
2224 150 70
2225 141 66
2226 155 75
2227 145 72
2228 146 68
2229 140 74
2230 150 80
2231 143 75
2232 150 75
2233 151 77
2234 140 78
2235 141 72
2236 149 70
2237 138 78
2238 160 64
2239 164 60
2240 168 52
2241 174 53
2242 173 57
2243 166 50
2244 160 59
2245 166 65
2246 174 56
2247 169 60
2248 169 64
2249 160 60
2250 170 59
2251 157 65
2252 174 59
2253 161 52
2254 170 58
2255 165 58
2256 171 53
2257 163 61
2258 157 53
2259 173 60
2260 173 55
2261 162 53
2262 173 62
2263 173 57
2264 159 53
2265 164 57
2266 163 51
2267 169 63
2268 136 104
2269 133 117
2270 133 108
2271 125 117
2272 129 116
2273 131 112
2274 129 111
2275 131 113
2276 128 114
2277 122 111
2278 134 108
2279 129 111
2280 122 111
2281 119 108
2282 124 117
2283 133 113
2284 136 112
2285 130 115
2286 122 104
2287 122 115
2288 126 107
2289 135 113
2290 129 105
2291 132 109
2292 120 109
2293 124 108
2294 126 113
2295 127 109
2296 119 108
2297 133 104
2298 8 184
2299 11 188
2300 2 186
2301 8 186
2302 4 187
2303 9 180
2304 6 183
2305 4 182
2306 10 180
2307 9 183
2308 0 180
2309 1 187
2310 7 176
2311 9 176
2312 2 189
2313 7 178
2314 1 185
2315 6 188
2316 11 181
2317 8 188
2318 2 183
2319 6 176
2320 3 188
2321 6 188
2322 11 175
2323 4 178
2324 0 177
2325 0 186
2326 7 180
2327 8 183
2328 191 89
2329 193 96
2330 192 92
2331 205 100
2332 191 101
2333 190 94
2334 195 87
2335 202 94
2336 204 90
2337 205 89
2338 193 97
2339 192 85
2340 197 101
2341 194 84
2342 205 98
2343 208 102
2344 204 86
2345 201 101
2346 197 98
2347 202 93
2348 197 92
2349 192 88
2350 206 88
2351 197 84
2352 190 99
2353 204 98
2354 204 88
2355 199 95
2356 191 88
2357 202 92
2358 53 130
2359 64 127
2360 59 134
2361 65 129
2362 61 122
2363 51 120
2364 61 131
2365 55 134
2366 58 118
2367 62 120
2368 63 123
2369 53 122
2370 54 123
2371 57 121
2372 63 128
2373 57 135
2374 62 124
2375 63 130
2376 59 124
2377 61 132
2378 54 121
2379 56 126
2380 62 137
2381 55 124
2382 52 136
2383 52 127
2384 56 128
2385 59 135
2386 50 137
2387 63 131
2388 0 129
2389 8 120
2390 10 127
2391 9 130
2392 4 121
2393 2 129
2394 0 127
2395 6 123
2396 5 133
2397 0 136
2398 1 126
2399 2 127
2400 4 129
2401 2 123
2402 4 133
2403 10 123
2404 1 133
2405 7 125
2406 7 135
2407 4 121
2408 9 131
2409 7 123
2410 11 132
2411 1 129
2412 0 121
2413 8 137
2414 8 122
2415 0 125
2416 78 177
2417 69 187
2418 78 186
2419 82 184
2420 74 188
2421 74 186
2422 72 186
2423 79 183
2424 79 187
2425 68 183
2426 71 185
2427 67 188
2428 69 176
2429 82 177
2430 67 189
2431 82 180
2432 69 189
2433 68 186
2434 68 180
2435 80 179
2436 68 187
2437 82 189
2438 79 177
2439 78 182
2440 66 187
2441 70 187
2442 70 181
2443 82 179
2444 77 188
2445 79 184
2446 27 58
2447 22 58
2448 28 55
2449 22 61
2450 29 59
2451 22 54
2452 23 51
2453 29 61
2454 25 54
2455 20 53
2456 22 60
2457 23 58
2458 28 53
2459 20 54
2460 21 63
2461 16 56
2462 25 54
2463 24 50
2464 27 53
2465 22 51
2466 30 60
2467 23 52
2468 30 60
2469 24 56
2470 15 52
2471 25 57
2472 18 53
2473 29 57
2474 25 55
2475 22 52
2476 193 31
2477 203 43
2478 195 46
2479 208 41
2480 191 34
2481 196 43
2482 205 35
2483 191 36
2484 199 41
2485 194 31
2486 203 34
2487 193 40
2488 207 48
2489 204 35
2490 208 40
2491 201 41
2492 196 47
2493 206 31
2494 203 41
2495 196 45
2496 207 48
2497 208 49
2498 203 34
2499 196 38
2500 195 47
2501 205 39
2502 195 38
2503 198 37
2504 201 46
2505 196 33
2506 185 86
2507 177 100
2508 186 98
2509 185 99
2510 179 87
2511 188 93
2512 183 102
2513 188 90
2514 182 102
2515 189 99
2516 177 99
2517 176 98
2518 183 98
2519 186 92
2520 180 99
2521 177 84
2522 176 94
2523 177 93
2524 189 88
2525 178 97
2526 183 97
2527 188 89
2528 187 88
2529 179 89
2530 178 86
2531 180 95
2532 176 99
2533 187 98
2534 180 98
2535 187 95
2536 82 142
2537 67 139
2538 71 145
2539 74 153
2540 79 140
2541 69 150
2542 79 144
2543 75 147
2544 80 149
2545 73 145
2546 78 150
2547 82 145
2548 66 155
2549 71 152
2550 73 144
2551 81 150
2552 71 154
2553 76 149
2554 66 146
2555 77 139
2556 76 139
2557 74 153
2558 69 147
2559 76 154
2560 72 151
2561 71 145
2562 77 142
2563 75 150
2564 69 146
2565 69 154
2566 107 24
2567 106 27
2568 106 27
2569 113 20
2570 112 23
2571 113 28
2572 108 23
2573 117 14
2574 103 23
2575 106 26
2576 112 24
2577 104 23
2578 106 20
2579 117 24
2580 116 19
2581 106 21
2582 104 16
2583 107 20
2584 106 27
2585 111 24
2586 111 28
2587 103 26
2588 104 20
2589 107 13
2590 112 14
2591 116 20
2592 108 23
2593 113 13
2594 114 17
2595 106 27
2596 23 25
2597 18 24
2598 14 18
2599 29 12
2600 24 19
2601 21 28
2602 25 26
2603 16 28
2604 26 28
2605 16 25
2606 27 18
2607 23 14
2608 30 28
2609 16 23
2610 14 20
2611 14 27
2612 216 212
2613 213 210
2614 215 224
2615 223 219
2616 227 210
2617 217 226
2618 216 210
2619 217 228
2620 215 214
2621 228 224
2622 210 221
2623 223 220
2624 225 223
2625 213 218
2626 225 213
2627 219 215
2628 209 211
2629 226 227
2630 222 209
2631 221 215
2632 223 216
2633 209 228
2634 218 209
2635 220 214
2636 227 221
2637 112 191
2638 106 205
2639 117 191
2640 111 195
2641 113 207
2642 108 194
2643 110 208
2644 112 196
2645 112 204
2646 107 193
2647 104 195
2648 117 197
2649 109 195
2650 109 204
2651 109 207
2652 106 197
2653 108 206
2654 115 196
2655 107 203
2656 113 192
2657 114 194
2658 114 197
2659 113 208
2660 108 190
2661 117 193
2662 104 202
2663 109 197
2664 116 207
2665 106 203
2666 106 208
2667 67 182
2668 72 182
2669 73 189
2670 70 186
2671 66 175
2672 76 188
2673 71 186
2674 73 189
2675 71 181
2676 76 175
2677 71 186
2678 81 181
2679 74 181
2680 66 187
2681 79 177
2682 82 189
2683 80 184
2684 68 189
2685 72 182
2686 71 177
2687 81 179
2688 76 184
2689 70 187
2690 77 187
2691 76 184
2692 76 175
2693 79 189
2694 82 184
2695 74 189
2696 74 186
2697 165 57
2698 165 60
2699 165 50
2700 166 52
2701 166 60
2702 160 58
2703 159 53
2704 158 57
2705 168 58
2706 165 50
2707 167 53
2708 160 61
2709 163 50
2710 172 56
2711 162 62
2712 163 65
2713 174 51
2714 159 59
2715 159 60
2716 162 60
2717 163 57
2718 168 65
2719 174 53
2720 159 55
2721 158 60
2722 158 56
2723 168 56
2724 170 50
2725 160 58
2726 165 54
2727 40 219
2728 31 215
2729 43 220
2730 48 211
2731 39 218
2732 39 213
2733 39 225
2734 34 213
2735 48 226
2736 47 228
2737 35 209
2738 31 215
2739 38 209
2740 32 228
2741 43 226
2742 34 220
2743 31 228
2744 49 213
2745 42 224
2746 44 216
2747 47 228
2748 37 227
2749 35 218
2750 33 218
2751 45 217
2752 43 223
2753 36 215
2754 34 213
2755 43 216
2756 47 225
2757 145 110
2758 151 109
2759 139 108
2760 140 106
2761 145 108
2762 154 115
2763 144 115
2764 150 106
2765 139 112
2766 147 112
2767 151 107
2768 146 115
2769 155 113
2770 138 105
2771 145 104
2772 148 116
2773 151 114
2774 141 112
2775 140 115
2776 146 109
2777 143 104
2778 139 112
2779 143 114
2780 146 103
2781 147 107
2782 142 103
2783 151 112
2784 147 112
2785 138 105
2786 146 104
2787 172 134
2788 174 124
2789 168 135
2790 158 120
2791 172 122
2792 162 128
2793 171 134
2794 158 120
2795 166 130
2796 164 133
2797 169 125
2798 163 120
2799 174 129
2800 161 135
2801 170 132
2802 161 137
2803 164 126
2804 159 128
2805 162 128
2806 156 120
2807 171 133
2808 156 121
2809 171 133
2810 156 133
2811 169 137
2812 173 126
2813 158 120
2814 173 131
2815 158 134
2816 171 135
2817 113 46
2818 106 46
2819 114 37
2820 109 31
2821 110 48
2822 114 47
2823 108 48
2824 108 41
2825 110 39
2826 106 32
2827 105 36
2828 109 46
2829 115 46
2830 112 35
2831 103 34
2832 110 47
2833 105 45
2834 110 38
2835 112 48
2836 117 41
2837 103 35
2838 117 48
2839 104 45
2840 105 44
2841 107 40
2842 111 35
2843 110 37
2844 117 35
2845 105 34
2846 104 43
2847 115 6
2848 117 9
2849 110 6
2850 104 9
2851 110 2
2852 108 8
2853 104 9
2854 105 4
2855 115 3
2856 115 11
2857 107 9
2858 103 9
2859 107 11
2860 113 2
2861 105 2
2862 105 2
2863 114 2
2864 117 8
2865 116 7
2866 112 0
2867 113 11
2868 107 8
2869 103 5
2870 106 2
2871 108 9
2872 106 2
2873 107 0
2874 113 10
