274 291 10 2899
0 6
1 8
2 7
3 4
4 9
5 4
6 12
7 8
8 5
9 9
10 6
11 10
12 4
13 3
14 3
15 4
16 3
17 3
18 3
19 3
20 4
21 3
22 5
23 5
24 3
25 3
26 4
27 4
28 4
29 5
30 3
31 4
32 3
33 3
34 3
35 4
36 4
37 3
38 3
39 4
40 3
41 3
42 3
43 3
44 3
45 3
46 3
47 3
48 3
49 3
50 3
51 4
52 4
53 3
54 3
55 3
56 3
57 3
58 5
59 3
60 5
61 3
62 5
63 4
64 3
65 5
66 3
67 3
68 4
69 3
70 3
71 4
72 3
73 4
74 3
75 3
76 3
77 3
78 3
79 3
80 6
81 3
82 3
83 3
84 3
85 3
86 5
87 4
88 4
89 3
90 4
91 3
92 3
93 3
94 4
95 3
96 4
97 4
98 3
99 4
100 3
101 3
102 3
103 3
104 4
105 4
106 3
107 3
108 3
109 4
110 3
111 3
112 3
113 3
114 3
115 3
116 3
117 3
118 5
119 3
120 3
121 3
122 3
123 3
124 3
125 6
126 3
127 4
128 3
129 3
130 4
131 3
132 3
133 6
134 3
135 3
136 4
137 3
138 4
139 3
140 3
141 3
142 3
143 3
144 4
145 4
146 4
147 3
148 4
149 4
150 3
151 3
152 4
153 5
154 3
155 3
156 3
157 3
158 3
159 3
160 6
161 3
162 4
163 3
164 3
165 3
166 4
167 3
168 3
169 4
170 3
171 3
172 6
173 3
174 4
175 3
176 3
177 3
178 3
179 4
180 3
181 6
182 5
183 3
184 3
185 3
186 3
187 5
188 4
189 3
190 3
191 5
192 3
193 3
194 4
195 3
196 3
197 3
198 4
199 4
200 3
201 3
202 4
203 5
204 5
205 3
206 3
207 3
208 3
209 3
210 3
211 3
212 3
213 3
214 3
215 5
216 3
217 3
218 3
219 3
220 4
221 3
222 3
223 3
224 4
225 3
226 5
227 3
228 3
229 5
230 4
231 3
232 3
233 3
234 6
235 3
236 4
237 4
238 3
239 4
240 3
241 3
242 6
243 3
244 3
245 3
246 4
247 4
248 3
249 3
250 4
251 4
252 5
253 3
254 4
255 3
256 4
257 3
258 3
259 4
260 3
261 3
262 3
263 3
264 4
265 3
266 3
267 3
268 4
269 3
270 3
271 3
272 3
273 4
0 0 1
1 0 4
2 0 8
3 0 9
4 0 10
5 0 11
6 1 2
7 1 4
8 1 6
9 1 7
10 1 9
11 2 5
12 2 6
13 2 95
14 2 149
15 3 6
16 3 9
17 4 6
18 4 7
19 4 10
20 4 29
21 4 217
22 5 7
23 5 11
24 5 78
25 6 7
26 6 9
27 6 10
28 6 11
29 6 12
30 6 44
31 6 133
32 7 10
33 7 11
34 8 182
35 8 237
36 8 254
37 9 10
38 9 11
39 9 165
40 10 11
41 11 60
42 11 115
43 11 199
44 12 24
45 12 22
46 13 14
47 13 23
48 15 27
49 15 23
50 16 23
51 17 27
52 18 26
53 18 21
54 19 26
55 20 23
56 20 22
57 21 27
58 22 28
59 25 28
60 29 30
61 29 36
62 30 37
63 31 32
64 31 38
65 31 43
66 32 34
67 33 38
68 35 41
69 35 36
70 36 40
71 36 39
72 37 42
73 39 43
74 44 55
75 44 51
76 45 54
77 46 52
78 46 58
79 47 51
80 48 57
81 49 51
82 50 51
83 50 56
84 52 57
85 53 55
86 54 56
87 56 58
88 58 59
89 60 62
90 60 63
91 61 62
92 62 70
93 63 72
94 64 74
95 65 68
96 65 74
97 65 69
98 66 69
99 66 73
100 67 71
101 68 72
102 71 76
103 71 77
104 73 75
105 75 77
106 78 82
107 78 86
108 79 94
109 80 83
110 80 88
111 80 85
112 80 90
113 81 85
114 84 87
115 85 93
116 86 90
117 86 94
118 87 92
119 87 88
120 88 91
121 89 91
122 95 96
123 95 97
124 96 111
125 96 107
126 97 109
127 98 113
128 98 99
129 99 104
130 100 102
131 100 105
132 101 108
133 101 106
134 103 110
135 103 107
136 104 107
137 105 111
138 106 112
139 109 114
140 110 112
141 115 127
142 116 118
143 117 130
144 117 121
145 118 120
146 118 123
147 118 126
148 119 125
149 120 122
150 121 129
151 121 126
152 124 125
153 125 126
154 125 131
155 127 131
156 128 130
157 131 132
158 133 137
159 133 145
160 133 148
161 134 146
162 135 147
163 135 145
164 136 143
165 136 145
166 137 142
167 138 139
168 138 142
169 140 147
170 141 144
171 144 146
172 146 148
173 149 156
174 149 163
175 149 153
176 150 157
177 151 160
178 152 157
179 152 163
180 153 162
181 153 164
182 154 160
183 155 156
184 158 160
185 158 162
186 159 160
187 160 161
188 165 168
189 166 171
190 166 169
191 167 181
192 168 171
193 169 176
194 169 181
195 170 178
196 170 172
197 171 174
198 172 173
199 172 175
200 172 181
201 174 179
202 177 179
203 180 181
204 182 184
205 182 191
206 182 198
207 183 193
208 185 191
209 186 188
210 186 187
211 187 192
212 187 194
213 188 196
214 189 197
215 190 194
216 191 194
217 192 193
218 194 197
219 195 198
220 199 211
221 199 215
222 200 206
223 200 204
224 201 207
225 201 204
226 202 205
227 202 209
228 202 215
229 203 214
230 203 215
231 203 216
232 204 213
233 205 208
234 209 213
235 210 211
236 212 215
237 217 234
238 218 235
239 218 234
240 219 229
241 220 227
242 220 230
243 221 223
244 222 224
245 223 229
246 224 232
247 224 226
248 225 226
249 225 236
250 226 229
251 228 231
252 228 234
253 230 236
254 233 234
255 233 236
256 237 246
257 237 252
258 238 252
259 239 244
260 239 249
261 239 247
262 239 242
263 240 252
264 241 250
265 242 243
266 242 252
267 242 253
268 245 251
269 246 251
270 247 248
271 248 250
272 254 263
273 254 257
274 255 258
275 255 263
276 256 266
277 256 271
278 256 272
279 257 267
280 257 262
281 259 260
282 259 261
283 261 264
284 262 270
285 263 269
286 264 271
287 265 268
288 268 273
289 270 272
290 272 273
0 206 17
1 203 20
2 216 23
3 214 26
4 206 25
5 212 27
6 203 20
7 209 17
8 201 27
9 199 26
10 214 28
11 209 25
12 211 28
13 209 12
14 216 20
15 216 12
16 209 23
17 199 15
18 203 18
19 207 28
20 212 27
21 204 16
22 210 21
23 216 28
24 216 26
25 206 23
26 211 14
27 209 16
28 205 25
29 200 14
30 263 204
31 271 207
32 273 200
33 257 215
34 267 203
35 273 214
36 254 201
37 265 200
38 269 209
39 270 204
40 254 208
41 264 210
42 263 205
43 268 212
44 267 211
45 261 212
46 265 200
47 255 203
48 269 209
49 263 215
50 267 210
51 255 215
52 268 200
53 260 201
54 273 210
55 254 209
56 272 215
57 267 209
58 255 215
59 266 213
60 3 96
61 6 103
62 11 113
63 3 100
64 11 99
65 7 112
66 2 104
67 6 100
68 9 97
69 8 111
70 11 95
71 9 105
72 10 102
73 6 104
74 2 100
75 1 106
76 2 108
77 2 104
78 5 103
79 5 104
80 10 104
81 11 114
82 9 106
83 3 101
84 5 96
85 1 114
86 7 107
87 7 113
88 223 218
89 219 227
90 231 217
91 218 220
92 224 236
93 224 221
94 231 232
95 217 222
96 231 219
97 224 230
98 221 235
99 219 234
100 217 223
101 229 231
102 218 221
103 222 236
104 222 223
105 230 232
106 222 221
107 219 218
108 228 219
109 145 61
110 142 75
111 135 77
112 133 60
113 144 69
114 142 71
115 143 76
116 134 61
117 145 60
118 144 69
119 137 70
120 143 77
121 142 69
122 140 70
123 133 62
124 144 63
125 139 70
126 140 69
127 137 61
128 145 73
129 138 74
130 133 69
131 142 63
132 145 72
133 148 76
134 146 65
135 144 69
136 142 70
137 144 64
138 140 63
139 21 266
140 22 260
141 12 271
142 13 265
143 24 262
144 20 259
145 22 268
146 14 273
147 21 261
148 22 265
149 26 271
150 24 262
151 14 260
152 19 267
153 13 264
154 16 257
155 18 254
156 16 273
157 17 273
158 17 268
159 14 268
160 15 261
161 26 271
162 24 270
163 15 267
164 27 267
165 16 267
166 13 264
167 27 271
168 25 269
169 175 149
170 173 158
171 174 160
172 165 152
173 174 151
174 178 155
175 176 149
176 174 161
177 170 153
178 180 153
179 178 164
180 174 163
181 166 161
182 179 162
183 171 159
184 170 161
185 173 150
186 165 149
187 171 157
188 177 155
189 174 156
190 175 159
191 175 151
192 170 157
193 165 149
194 174 152
195 166 154
196 178 154
197 166 152
198 167 159
199 228 114
200 218 114
201 219 102
202 235 100
203 218 98
204 225 99
205 235 110
206 236 101
207 223 109
208 225 102
209 217 96
210 219 101
211 221 99
212 219 99
213 221 107
214 236 97
215 222 104
216 218 100
217 234 100
218 234 107
219 234 112
220 233 97
221 223 107
222 224 97
223 221 102
224 230 114
225 222 114
226 233 106
227 232 97
228 234 112
229 151 268
230 158 260
231 153 265
232 158 258
233 155 260
234 158 264
235 164 258
236 150 266
237 154 260
238 160 265
239 151 254
240 153 258
241 164 255
242 163 263
243 158 269
244 155 257
245 156 261
246 158 263
247 158 258
248 163 259
249 160 262
250 155 270
251 156 261
252 164 272
253 157 270
254 154 267
255 158 264
256 149 257
257 152 266
258 158 260
259 136 260
260 142 268
261 144 255
262 133 257
263 145 266
264 140 264
265 141 273
266 139 256
267 146 254
268 134 265
269 140 271
270 146 255
271 145 270
272 147 271
273 134 262
274 133 264
275 137 270
276 134 259
277 142 255
278 134 254
279 142 263
280 136 260
281 146 267
282 136 273
283 133 254
284 147 270
285 139 261
286 133 260
287 139 273
288 140 273
289 119 200
290 124 206
291 129 209
292 117 212
293 118 199
294 127 215
295 124 200
296 129 211
297 131 202
298 118 215
299 122 211
300 126 214
301 116 209
302 129 214
303 124 208
304 117 210
305 129 215
306 124 199
307 118 199
308 126 201
309 127 201
310 127 213
311 123 212
312 127 210
313 131 208
314 118 202
315 130 211
316 132 210
317 119 206
318 131 212
319 36 127
320 42 123
321 31 123
322 39 125
323 41 132
324 40 132
325 32 121
326 31 115
327 43 116
328 42 132
329 38 116
330 39 132
331 31 128
332 38 118
333 35 122
334 30 123
335 41 119
336 29 129
337 31 124
338 39 122
339 36 128
340 29 119
341 39 126
342 34 117
343 35 122
344 31 115
345 29 122
346 42 119
347 31 117
348 39 130
349 37 208
350 39 203
351 36 214
352 36 207
353 38 202
354 33 210
355 30 203
356 41 202
357 40 201
358 40 202
359 40 205
360 36 200
361 39 199
362 39 201
363 29 214
364 34 206
365 29 202
366 35 201
367 29 212
368 33 202
369 29 215
370 33 212
371 29 204
372 30 205
373 39 209
374 30 210
375 35 213
376 42 201
377 32 206
378 34 203
379 133 168
380 143 178
381 134 177
382 137 173
383 139 179
384 145 181
385 142 166
386 146 168
387 134 176
388 144 176
389 144 169
390 143 174
391 140 171
392 142 177
393 143 174
394 135 167
395 142 170
396 143 176
397 138 175
398 143 168
399 139 173
400 136 176
401 143 174
402 143 181
403 135 169
404 133 170
405 147 175
406 148 174
407 139 170
408 133 167
409 103 3
410 95 7
411 112 4
412 100 5
413 107 2
414 104 6
415 110 10
416 105 9
417 102 0
418 112 10
419 99 2
420 96 4
421 97 1
422 111 5
423 109 5
424 112 9
425 100 1
426 114 7
427 111 11
428 100 3
429 107 5
430 113 8
431 104 10
432 106 9
433 106 10
434 100 5
435 104 11
436 106 7
437 98 7
438 117 146
439 131 142
440 128 136
441 121 140
442 123 146
443 132 134
444 126 134
445 117 142
446 115 144
447 115 144
448 127 148
449 126 146
450 118 144
451 115 140
452 117 134
453 128 137
454 123 142
455 131 134
456 118 141
457 120 143
458 120 133
459 121 133
460 115 145
461 126 135
462 116 139
463 127 140
464 118 145
465 123 147
466 119 135
467 126 137
468 244 188
469 238 192
470 240 195
471 243 192
472 246 187
473 243 195
474 252 197
475 244 197
476 245 190
477 247 198
478 237 197
479 240 187
480 248 183
481 247 193
482 250 184
483 243 182
484 253 195
485 251 188
486 246 187
487 245 197
488 251 197
489 242 186
490 243 196
491 253 194
492 247 194
493 237 191
494 240 198
495 243 187
496 242 197
497 239 196
498 15 114
499 18 97
500 16 97
501 24 105
502 12 96
503 12 101
504 15 107
505 16 100
506 28 98
507 27 99
508 27 110
509 21 104
510 21 108
511 16 109
512 24 102
513 27 108
514 28 96
515 16 114
516 26 97
517 15 109
518 24 100
519 14 107
520 28 99
521 13 102
522 20 105
523 22 95
524 17 105
525 28 104
526 20 114
527 28 104
528 269 245
529 261 251
530 270 240
531 272 247
532 254 240
533 267 252
534 272 251
535 264 242
536 271 241
537 273 249
538 267 240
539 261 246
540 256 253
541 255 250
542 258 250
543 260 237
544 268 244
545 268 238
546 257 248
547 262 253
548 262 241
549 254 240
550 266 253
551 260 240
552 268 248
553 255 244
554 261 251
555 272 249
556 256 238
557 255 238
558 239 172
559 238 175
560 242 173
561 239 167
562 243 168
563 244 167
564 241 168
565 252 170
566 245 177
567 237 180
568 249 180
569 245 180
570 249 168
571 252 180
572 249 169
573 252 178
574 237 170
575 241 169
576 238 168
577 249 177
578 237 176
579 243 177
580 252 178
581 238 176
582 239 168
583 240 172
584 244 181
585 251 177
586 250 165
587 242 175
588 209 219
589 209 233
590 214 235
591 209 227
592 212 233
593 214 229
594 215 228
595 208 223
596 203 235
597 201 228
598 214 220
599 216 236
600 210 223
601 200 226
602 215 218
603 201 223
604 206 229
605 212 225
606 215 224
607 203 219
608 207 228
609 205 231
610 203 230
611 212 234
612 202 235
613 201 220
614 203 234
615 215 229
616 212 227
617 203 228
618 47 168
619 45 169
620 47 176
621 55 181
622 51 166
623 57 180
624 51 174
625 44 170
626 52 172
627 56 175
628 45 181
629 45 173
630 52 179
631 46 172
632 45 181
633 53 166
634 47 169
635 56 169
636 59 174
637 46 168
638 57 177
639 48 175
640 59 175
641 52 181
642 53 172
643 57 181
644 58 167
645 54 176
646 56 179
647 53 170
648 162 90
649 149 78
650 163 86
651 152 82
652 162 93
653 153 94
654 154 82
655 155 88
656 156 78
657 162 93
658 164 86
659 155 89
660 152 87
661 150 88
662 156 85
663 150 86
664 162 79
665 159 85
666 155 83
667 159 84
668 158 93
669 156 92
670 149 94
671 164 93
672 161 86
673 157 86
674 151 92
675 149 84
676 163 79
677 151 88
678 222 236
679 231 219
680 224 220
681 230 232
682 233 226
683 227 221
684 222 235
685 222 217
686 230 218
687 235 222
688 221 227
689 236 231
690 219 234
691 217 224
692 217 232
693 235 221
694 220 226
695 234 225
696 217 226
697 221 224
698 234 221
699 219 230
700 223 232
701 123 177
702 129 169
703 125 176
704 130 181
705 126 180
706 122 165
707 130 179
708 121 166
709 125 171
710 127 175
711 126 169
712 132 167
713 124 180
714 115 168
715 129 177
716 125 172
717 131 165
718 128 173
719 132 181
720 121 165
721 130 171
722 128 177
723 130 178
724 127 178
725 123 169
726 123 172
727 130 167
728 118 181
729 118 175
730 115 165
731 51 0
732 53 3
733 47 7
734 45 10
735 53 7
736 50 0
737 47 9
738 49 1
739 49 4
740 48 6
741 54 6
742 50 9
743 52 3
744 59 3
745 55 3
746 46 3
747 54 10
748 56 5
749 59 5
750 49 6
751 55 7
752 57 10
753 44 8
754 55 3
755 45 6
756 53 2
757 54 6
758 46 5
759 156 137
760 157 135
761 150 139
762 156 143
763 150 141
764 154 135
765 162 140
766 159 148
767 154 147
768 158 137
769 163 138
770 159 137
771 159 141
772 151 142
773 161 147
774 154 134
775 154 141
776 164 147
777 158 148
778 151 136
779 156 139
780 163 137
781 164 136
782 157 137
783 159 135
784 152 144
785 161 140
786 151 141
787 161 146
788 162 139
789 58 195
790 53 186
791 52 190
792 55 198
793 48 191
794 50 191
795 53 193
796 45 185
797 59 186
798 49 186
799 48 188
800 59 194
801 44 187
802 56 188
803 57 195
804 48 196
805 46 183
806 58 189
807 48 196
808 55 182
809 59 183
810 48 190
811 44 196
812 50 197
813 51 184
814 44 194
815 58 187
816 52 185
817 48 192
818 58 182
819 247 7
820 244 8
821 246 4
822 245 7
823 252 6
824 246 11
825 240 10
826 245 0
827 244 6
828 252 0
829 249 11
830 242 1
831 239 9
832 247 11
833 243 11
834 240 3
835 242 2
836 242 6
837 245 2
838 239 9
839 240 5
840 242 0
841 250 9
842 237 6
843 252 0
844 242 8
845 237 5
846 252 9
847 248 0
848 191 19
849 185 25
850 190 23
851 188 13
852 188 15
853 193 24
854 182 24
855 197 15
856 184 27
857 193 16
858 193 12
859 197 14
860 184 14
861 198 17
862 182 25
863 182 15
864 187 20
865 193 17
866 186 18
867 185 20
868 196 22
869 196 17
870 183 16
871 182 22
872 193 24
873 189 17
874 183 25
875 185 24
876 192 21
877 198 13
878 228 250
879 230 252
880 233 242
881 229 244
882 235 250
883 234 252
884 230 249
885 221 242
886 229 238
887 226 239
888 223 238
889 236 239
890 229 241
891 230 246
892 231 250
893 224 249
894 223 243
895 225 244
896 218 241
897 222 243
898 227 252
899 227 248
900 222 241
901 217 252
902 228 241
903 232 246
904 217 238
905 217 249
906 227 249
907 236 253
908 157 182
909 154 190
910 151 183
911 153 183
912 157 193
913 159 190
914 154 190
915 162 185
916 151 188
917 158 182
918 151 192
919 153 189
920 161 186
921 149 196
922 159 189
923 163 194
924 159 187
925 150 190
926 164 183
927 155 186
928 163 183
929 162 183
930 158 186
931 163 193
932 151 196
933 157 194
934 150 185
935 150 191
936 150 189
937 160 193
938 51 23
939 55 24
940 54 19
941 56 21
942 47 24
943 50 15
944 52 21
945 44 17
946 44 21
947 52 14
948 55 18
949 48 16
950 58 15
951 54 20
952 52 25
953 46 19
954 59 18
955 55 25
956 54 27
957 49 28
958 48 12
959 59 24
960 56 21
961 46 23
962 58 21
963 55 14
964 45 18
965 45 27
966 46 17
967 52 19
968 86 141
969 87 139
970 87 146
971 82 137
972 90 139
973 90 140
974 93 139
975 90 143
976 84 141
977 84 144
978 89 145
979 83 142
980 91 139
981 82 146
982 92 148
983 82 139
984 91 145
985 91 141
986 79 148
987 79 140
988 90 142
989 90 140
990 88 146
991 89 136
992 88 144
993 78 142
994 84 144
995 87 143
996 89 135
997 91 142
998 51 253
999 49 247
1000 59 243
1001 59 239
1002 54 242
1003 53 247
1004 59 241
1005 49 239
1006 51 248
1007 53 253
1008 47 253
1009 58 251
1010 54 247
1011 49 249
1012 53 249
1013 45 242
1014 52 253
1015 51 243
1016 50 248
1017 59 240
1018 57 240
1019 59 243
1020 49 251
1021 59 249
1022 52 246
1023 57 247
1024 54 238
1025 46 245
1026 50 246
1027 57 245
1028 14 262
1029 28 270
1030 15 268
1031 13 262
1032 15 264
1033 25 263
1034 21 265
1035 27 257
1036 15 273
1037 12 271
1038 26 261
1039 18 266
1040 22 263
1041 24 259
1042 25 260
1043 20 263
1044 20 258
1045 15 268
1046 21 262
1047 13 255
1048 17 262
1049 15 254
1050 26 267
1051 23 255
1052 17 260
1053 25 269
1054 16 262
1055 17 259
1056 20 271
1057 27 262
1058 243 131
1059 252 125
1060 241 128
1061 243 127
1062 239 124
1063 247 118
1064 251 118
1065 243 129
1066 242 118
1067 247 122
1068 251 124
1069 240 117
1070 238 118
1071 240 128
1072 244 116
1073 241 121
1074 239 116
1075 240 117
1076 249 121
1077 252 123
1078 248 118
1079 245 125
1080 237 117
1081 249 122
1082 244 118
1083 243 132
1084 250 116
1085 241 132
1086 240 117
1087 253 125
1088 56 179
1089 54 179
1090 58 172
1091 54 177
1092 46 176
1093 47 174
1094 44 169
1095 57 180
1096 50 166
1097 57 170
1098 58 177
1099 55 165
1100 54 175
1101 56 165
1102 53 170
1103 50 172
1104 48 168
1105 51 175
1106 48 167
1107 49 176
1108 45 171
1109 51 180
1110 55 172
1111 44 173
1112 59 169
1113 51 165
1114 47 172
1115 47 177
1116 52 167
1117 46 172
1118 61 228
1119 67 235
1120 60 220
1121 64 226
1122 66 218
1123 72 234
1124 64 233
1125 75 223
1126 65 217
1127 75 217
1128 74 224
1129 65 219
1130 62 235
1131 72 228
1132 68 217
1133 77 217
1134 71 228
1135 64 236
1136 68 223
1137 69 227
1138 67 228
1139 75 229
1140 69 235
1141 66 228
1142 77 232
1143 61 231
1144 73 229
1145 77 225
1146 70 226
1147 76 222
1148 200 176
1149 199 175
1150 201 179
1151 212 181
1152 210 165
1153 199 168
1154 207 179
1155 209 172
1156 206 170
1157 207 167
1158 207 173
1159 205 180
1160 201 174
1161 212 170
1162 207 178
1163 204 165
1164 208 169
1165 204 174
1166 212 180
1167 211 178
1168 215 178
1169 212 169
1170 206 173
1171 216 166
1172 202 176
1173 201 173
1174 213 168
1175 212 179
1176 211 173
1177 208 173
1178 87 215
1179 78 199
1180 82 202
1181 82 202
1182 83 206
1183 86 209
1184 94 213
1185 79 203
1186 92 203
1187 86 215
1188 87 210
1189 81 206
1190 82 199
1191 78 216
1192 80 216
1193 87 199
1194 94 214
1195 78 215
1196 81 214
1197 94 207
1198 89 214
1199 86 214
1200 92 202
1201 78 200
1202 86 210
1203 80 207
1204 86 201
1205 86 212
1206 90 203
1207 88 208
1208 209 58
1209 213 55
1210 206 49
1211 204 57
1212 207 58
1213 204 57
1214 201 46
1215 206 57
1216 210 59
1217 210 59
1218 213 49
1219 212 45
1220 205 54
1221 199 46
1222 208 59
1223 216 46
1224 209 52
1225 201 57
1226 202 52
1227 215 50
1228 211 54
1229 207 48
1230 206 44
1231 211 55
1232 212 58
1233 205 51
1234 207 46
1235 201 54
1236 208 50
1237 215 45
1238 261 258
1239 261 262
1240 258 261
1241 260 256
1242 273 269
1243 259 263
1244 259 269
1245 267 271
1246 266 269
1247 268 269
1248 271 255
1249 263 270
1250 266 273
1251 262 271
1252 267 272
1253 257 264
1254 272 260
1255 267 261
1256 268 266
1257 268 258
1258 264 268
1259 267 270
1260 260 270
1261 256 267
1262 271 178
1263 258 179
1264 264 165
1265 260 181
1266 265 173
1267 260 180
1268 262 172
1269 270 167
1270 271 166
1271 266 175
1272 269 170
1273 257 174
1274 267 169
1275 257 178
1276 272 178
1277 269 165
1278 255 180
1279 261 181
1280 269 169
1281 262 177
1282 265 173
1283 254 172
1284 272 178
1285 271 169
1286 267 171
1287 266 179
1288 261 169
1289 256 173
1290 262 172
1291 271 170
1292 154 162
1293 164 150
1294 157 160
1295 164 152
1296 158 164
1297 151 156
1298 155 158
1299 160 153
1300 158 157
1301 157 159
1302 158 163
1303 157 161
1304 163 160
1305 151 152
1306 164 156
1307 155 152
1308 158 164
1309 152 162
1310 153 154
1311 90 180
1312 91 180
1313 93 176
1314 81 168
1315 88 174
1316 84 166
1317 81 172
1318 81 171
1319 83 177
1320 93 177
1321 86 169
1322 79 174
1323 93 165
1324 89 181
1325 88 173
1326 80 171
1327 85 181
1328 82 169
1329 79 176
1330 94 173
1331 86 176
1332 91 178
1333 78 170
1334 81 172
1335 86 173
1336 85 174
1337 83 174
1338 92 172
1339 79 167
1340 82 167
1341 35 99
1342 37 113
1343 32 113
1344 42 102
1345 43 97
1346 34 114
1347 35 102
1348 35 99
1349 37 110
1350 30 110
1351 42 98
1352 30 107
1353 29 108
1354 35 98
1355 36 103
1356 39 108
1357 31 101
1358 40 112
1359 31 104
1360 31 105
1361 41 112
1362 29 110
1363 33 110
1364 30 99
1365 41 96
1366 31 95
1367 38 106
1368 32 103
1369 37 106
1370 36 109
1371 194 14
1372 184 22
1373 198 15
1374 195 18
1375 192 25
1376 193 14
1377 188 13
1378 184 20
1379 188 22
1380 184 17
1381 192 15
1382 184 27
1383 197 17
1384 195 20
1385 197 27
1386 188 28
1387 185 19
1388 194 22
1389 195 17
1390 194 21
1391 196 13
1392 182 22
1393 195 13
1394 193 19
1395 194 13
1396 193 21
1397 189 14
1398 184 24
1399 185 23
1400 185 13
1401 55 173
1402 54 167
1403 51 166
1404 57 173
1405 49 167
1406 57 176
1407 56 166
1408 57 181
1409 55 179
1410 50 168
1411 52 174
1412 55 170
1413 46 177
1414 46 169
1415 49 166
1416 54 177
1417 53 174
1418 45 176
1419 58 170
1420 52 176
1421 47 168
1422 53 178
1423 57 174
1424 44 167
1425 47 170
1426 52 172
1427 44 167
1428 51 168
1429 55 175
1430 51 174
1431 1 117
1432 1 129
1433 8 129
1434 0 130
1435 0 117
1436 6 128
1437 2 132
1438 3 130
1439 4 124
1440 6 125
1441 11 128
1442 4 123
1443 9 128
1444 4 130
1445 0 129
1446 7 123
1447 7 120
1448 1 118
1449 1 131
1450 10 124
1451 3 119
1452 3 132
1453 2 124
1454 4 125
1455 1 124
1456 6 124
1457 3 128
1458 6 121
1459 1 117
1460 170 271
1461 173 262
1462 166 260
1463 171 255
1464 170 255
1465 181 261
1466 172 259
1467 173 259
1468 174 263
1469 170 261
1470 172 267
1471 169 257
1472 171 260
1473 173 262
1474 168 258
1475 176 254
1476 165 260
1477 172 272
1478 171 269
1479 168 267
1480 176 264
1481 165 269
1482 168 261
1483 176 255
1484 165 273
1485 173 261
1486 171 257
1487 177 272
1488 165 262
1489 167 256
1490 134 145
1491 133 138
1492 139 141
1493 143 148
1494 146 139
1495 147 144
1496 140 144
1497 140 139
1498 147 146
1499 133 141
1500 142 140
1501 146 140
1502 140 142
1503 148 135
1504 146 136
1505 141 137
1506 139 143
1507 139 136
1508 142 144
1509 158 163
1510 154 155
1511 161 164
1512 156 151
1513 152 164
1514 163 161
1515 153 161
1516 162 155
1517 163 151
1518 151 153
1519 155 164
1520 149 150
1521 159 156
1522 155 151
1523 155 160
1524 158 163
1525 149 157
1526 161 157
1527 162 156
1528 152 162
1529 158 157
1530 241 87
1531 245 85
1532 244 91
1533 239 94
1534 242 80
1535 251 89
1536 252 84
1537 251 88
1538 240 91
1539 245 80
1540 238 78
1541 252 82
1542 253 81
1543 250 90
1544 244 90
1545 250 79
1546 248 92
1547 252 89
1548 253 87
1549 245 85
1550 252 93
1551 243 90
1552 237 86
1553 245 80
1554 238 91
1555 243 82
1556 239 88
1557 238 88
1558 248 87
1559 251 80
1560 90 261
1561 91 261
1562 80 272
1563 86 270
1564 85 270
1565 81 267
1566 83 267
1567 91 268
1568 89 257
1569 83 257
1570 83 267
1571 93 265
1572 90 254
1573 87 264
1574 94 265
1575 84 261
1576 84 262
1577 83 270
1578 94 257
1579 91 260
1580 80 265
1581 94 256
1582 86 270
1583 91 273
1584 83 273
1585 92 255
1586 89 266
1587 86 273
1588 90 266
1589 78 255
1590 273 200
1591 259 211
1592 268 210
1593 256 213
1594 260 206
1595 265 207
1596 260 200
1597 265 213
1598 272 204
1599 271 202
1600 258 215
1601 263 212
1602 258 216
1603 264 200
1604 257 211
1605 256 213
1606 259 206
1607 260 208
1608 257 209
1609 255 199
1610 254 212
1611 261 212
1612 258 216
1613 266 201
1614 261 212
1615 256 209
1616 265 204
1617 257 208
1618 260 202
1619 262 200
1620 135 2
1621 148 3
1622 144 0
1623 144 4
1624 134 5
1625 141 1
1626 148 5
1627 140 6
1628 134 8
1629 143 4
1630 145 8
1631 138 0
1632 136 7
1633 136 3
1634 136 7
1635 141 4
1636 136 8
1637 134 8
1638 133 8
1639 141 6
1640 139 8
1641 135 5
1642 140 3
1643 136 1
1644 143 1
1645 134 10
1646 144 10
1647 139 4
1648 24 28
1649 21 20
1650 25 14
1651 26 25
1652 14 15
1653 14 17
1654 18 20
1655 12 13
1656 12 19
1657 15 26
1658 16 14
1659 25 20
1660 21 25
1661 23 26
1662 16 17
1663 18 25
1664 28 26
1665 27 22
1666 22 26
1667 22 26
1668 20 18
1669 12 17
1670 16 19
1671 12 19
1672 27 12
1673 65 156
1674 62 159
1675 73 163
1676 66 154
1677 72 150
1678 66 151
1679 75 149
1680 60 155
1681 69 155
1682 76 163
1683 76 155
1684 74 151
1685 69 156
1686 71 154
1687 72 161
1688 64 151
1689 77 157
1690 77 149
1691 60 162
1692 77 159
1693 71 155
1694 73 159
1695 60 156
1696 70 158
1697 71 159
1698 74 152
1699 65 151
1700 76 153
1701 65 151
1702 68 163
1703 155 128
1704 161 116
1705 163 115
1706 152 124
1707 154 120
1708 156 125
1709 151 121
1710 149 116
1711 160 117
1712 161 118
1713 157 126
1714 163 118
1715 162 118
1716 158 129
1717 157 122
1718 150 121
1719 150 127
1720 154 132
1721 159 122
1722 154 132
1723 158 132
1724 157 117
1725 154 117
1726 161 127
1727 154 128
1728 156 117
1729 160 117
1730 153 117
1731 149 132
1732 152 127
1733 178 145
1734 173 142
1735 167 143
1736 176 141
1737 169 140
1738 177 140
1739 168 142
1740 181 133
1741 179 141
1742 169 143
1743 179 146
1744 179 136
1745 169 143
1746 165 134
1747 180 140
1748 174 143
1749 165 133
1750 172 137
1751 170 134
1752 165 139
1753 180 146
1754 170 147
1755 174 140
1756 167 133
1757 175 146
1758 171 134
1759 179 139
1760 181 139
1761 165 137
1762 179 137
1763 209 39
1764 209 38
1765 212 30
1766 200 37
1767 212 29
1768 203 38
1769 204 36
1770 204 29
1771 213 32
1772 209 38
1773 208 34
1774 214 37
1775 206 29
1776 211 33
1777 215 29
1778 209 36
1779 212 33
1780 210 34
1781 216 30
1782 204 38
1783 205 43
1784 204 30
1785 204 40
1786 209 31
1787 215 39
1788 206 43
1789 214 32
1790 201 35
1791 205 40
1792 207 37
1793 59 93
1794 49 79
1795 49 93
1796 44 86
1797 47 83
1798 51 81
1799 44 91
1800 46 90
1801 47 92
1802 45 94
1803 58 78
1804 51 84
1805 48 86
1806 46 79
1807 59 88
1808 59 78
1809 51 93
1810 50 78
1811 46 80
1812 58 89
1813 46 87
1814 54 89
1815 50 85
1816 55 85
1817 46 87
1818 45 79
1819 46 89
1820 46 91
1821 47 78
1822 45 91
1823 73 131
1824 71 124
1825 76 129
1826 76 129
1827 72 119
1828 67 131
1829 63 126
1830 61 130
1831 65 117
1832 76 120
1833 72 122
1834 77 131
1835 71 115
1836 76 118
1837 61 120
1838 74 125
1839 75 122
1840 62 119
1841 61 119
1842 63 121
1843 66 120
1844 69 132
1845 76 128
1846 60 131
1847 70 120
1848 67 129
1849 60 129
1850 70 128
1851 68 116
1852 61 120
1853 12 226
1854 22 224
1855 26 234
1856 18 235
1857 13 235
1858 27 235
1859 25 223
1860 26 233
1861 18 221
1862 13 236
1863 25 223
1864 27 220
1865 17 217
1866 17 230
1867 15 218
1868 12 229
1869 28 228
1870 14 234
1871 14 234
1872 15 217
1873 18 220
1874 13 219
1875 24 235
1876 12 223
1877 12 224
1878 21 226
1879 26 228
1880 13 219
1881 20 221
1882 14 224
1883 8 89
1884 0 88
1885 7 93
1886 8 80
1887 8 92
1888 6 89
1889 4 84
1890 11 93
1891 10 94
1892 4 81
1893 7 80
1894 4 94
1895 2 88
1896 10 85
1897 9 81
1898 9 79
1899 1 83
1900 8 91
1901 1 91
1902 8 83
1903 1 79
1904 5 80
1905 5 83
1906 8 86
1907 9 90
1908 10 82
1909 6 90
1910 9 79
1911 2 89
1912 98 221
1913 103 234
1914 97 223
1915 114 232
1916 103 223
1917 103 229
1918 97 226
1919 112 226
1920 107 231
1921 104 225
1922 114 230
1923 95 227
1924 101 228
1925 102 236
1926 109 227
1927 96 234
1928 97 222
1929 109 236
1930 101 235
1931 110 227
1932 111 233
1933 113 218
1934 107 225
1935 99 233
1936 112 221
1937 100 223
1938 101 228
1939 112 225
1940 109 218
1941 105 231
1942 11 50
1943 10 54
1944 2 50
1945 10 45
1946 8 45
1947 1 46
1948 8 50
1949 10 49
1950 5 53
1951 2 49
1952 3 49
1953 1 47
1954 6 58
1955 7 58
1956 1 58
1957 7 48
1958 7 57
1959 7 46
1960 9 55
1961 5 58
1962 10 48
1963 7 46
1964 6 54
1965 1 52
1966 3 49
1967 6 53
1968 11 54
1969 9 59
1970 10 58
1971 5 55
1972 168 40
1973 167 34
1974 169 34
1975 165 42
1976 176 42
1977 169 40
1978 179 32
1979 176 40
1980 173 40
1981 170 39
1982 180 31
1983 168 38
1984 165 32
1985 178 35
1986 173 32
1987 174 42
1988 174 43
1989 171 42
1990 166 38
1991 181 43
1992 165 37
1993 166 36
1994 170 43
1995 168 40
1996 180 31
1997 174 37
1998 171 40
1999 175 43
2000 167 30
2001 165 31
2002 262 23
2003 269 16
2004 262 13
2005 270 24
2006 273 24
2007 263 21
2008 256 22
2009 270 17
2010 255 28
2011 267 20
2012 271 19
2013 266 22
2014 260 18
2015 257 15
2016 263 22
2017 255 19
2018 262 19
2019 259 28
2020 266 24
2021 256 15
2022 260 19
2023 259 27
2024 261 16
2025 258 22
2026 264 16
2027 271 20
2028 271 14
2029 264 23
2030 260 26
2031 266 23
2032 15 260
2033 26 270
2034 19 267
2035 13 272
2036 24 255
2037 17 260
2038 21 260
2039 27 272
2040 19 260
2041 19 268
2042 18 268
2043 14 256
2044 26 272
2045 20 272
2046 24 264
2047 26 265
2048 27 257
2049 20 257
2050 20 259
2051 26 270
2052 16 258
2053 26 258
2054 24 259
2055 23 262
2056 17 264
2057 18 255
2058 20 273
2059 28 271
2060 14 269
2061 19 261
2062 103 88
2063 106 78
2064 113 94
2065 107 94
2066 96 88
2067 100 92
2068 114 89
2069 111 82
2070 113 92
2071 100 90
2072 113 81
2073 107 89
2074 100 90
2075 105 89
2076 114 81
2077 98 88
2078 95 83
2079 107 94
2080 112 92
2081 109 94
2082 107 81
2083 98 94
2084 111 91
2085 101 81
2086 113 84
2087 99 91
2088 102 82
2089 99 79
2090 102 79
2091 113 91
2092 237 144
2093 253 141
2094 237 145
2095 247 147
2096 240 147
2097 251 137
2098 247 138
2099 239 138
2100 238 144
2101 239 134
2102 250 140
2103 253 143
2104 250 145
2105 247 134
2106 238 145
2107 240 138
2108 253 136
2109 244 139
2110 238 134
2111 246 139
2112 243 139
2113 247 140
2114 243 139
2115 249 140
2116 252 143
2117 250 133
2118 250 142
2119 242 138
2120 248 146
2121 243 145
2122 71 97
2123 77 97
2124 68 99
2125 75 104
2126 70 105
2127 67 104
2128 71 106
2129 73 105
2130 69 95
2131 75 113
2132 73 99
2133 71 112
2134 63 103
2135 71 114
2136 72 114
2137 63 113
2138 76 102
2139 75 108
2140 73 113
2141 64 105
2142 69 111
2143 64 99
2144 62 102
2145 70 111
2146 65 99
2147 66 106
2148 74 105
2149 65 100
2150 76 112
2151 68 100
2152 252 214
2153 239 209
2154 246 201
2155 243 211
2156 248 210
2157 242 203
2158 253 212
2159 237 207
2160 242 215
2161 252 216
2162 250 213
2163 249 206
2164 243 208
2165 245 211
2166 247 199
2167 246 199
2168 244 212
2169 253 209
2170 248 212
2171 253 206
2172 249 200
2173 249 204
2174 252 210
2175 244 200
2176 253 209
2177 241 200
2178 237 212
2179 237 208
2180 249 213
2181 242 206
2182 65 165
2183 73 168
2184 71 178
2185 68 173
2186 67 170
2187 64 180
2188 76 175
2189 73 174
2190 60 165
2191 61 169
2192 68 167
2193 60 169
2194 68 181
2195 74 170
2196 64 166
2197 76 175
2198 69 171
2199 64 173
2200 76 167
2201 67 165
2202 72 168
2203 76 174
2204 67 171
2205 74 171
2206 65 175
2207 72 181
2208 60 172
2209 77 173
2210 61 177
2211 64 173
2212 230 241
2213 232 253
2214 223 246
2215 225 244
2216 232 245
2217 223 245
2218 220 249
2219 231 241
2220 222 244
2221 220 252
2222 227 243
2223 227 250
2224 227 242
2225 220 241
2226 226 239
2227 224 245
2228 224 253
2229 233 250
2230 224 241
2231 225 248
2232 231 252
2233 230 237
2234 234 237
2235 217 239
2236 235 241
2237 220 242
2238 231 243
2239 217 247
2240 228 241
2241 233 238
2242 123 220
2243 126 225
2244 127 235
2245 119 235
2246 117 231
2247 125 232
2248 120 221
2249 127 231
2250 118 228
2251 132 229
2252 132 227
2253 129 220
2254 116 231
2255 123 224
2256 118 231
2257 116 221
2258 116 217
2259 124 233
2260 116 219
2261 127 228
2262 125 233
2263 126 230
2264 121 226
2265 115 230
2266 121 235
2267 128 227
2268 122 218
2269 119 229
2270 127 217
2271 126 235
2272 195 119
2273 185 124
2274 184 129
2275 189 117
2276 192 132
2277 192 131
2278 184 128
2279 190 132
2280 192 127
2281 196 121
2282 186 120
2283 187 132
2284 196 130
2285 196 121
2286 188 121
2287 190 121
2288 197 115
2289 186 117
2290 182 131
2291 182 126
2292 188 126
2293 182 124
2294 185 120
2295 197 128
2296 190 126
2297 187 122
2298 197 132
2299 189 123
2300 195 120
2301 188 117
2302 258 202
2303 255 212
2304 260 208
2305 255 199
2306 260 208
2307 267 215
2308 265 199
2309 270 212
2310 268 208
2311 267 207
2312 266 211
2313 254 216
2314 254 209
2315 272 212
2316 262 215
2317 262 214
2318 257 213
2319 272 204
2320 262 212
2321 261 216
2322 264 202
2323 271 203
2324 273 216
2325 263 213
2326 269 215
2327 258 207
2328 264 214
2329 271 216
2330 272 204
2331 269 199
2332 49 156
2333 47 160
2334 46 151
2335 56 164
2336 59 154
2337 48 164
2338 54 153
2339 56 154
2340 55 150
2341 47 154
2342 56 162
2343 54 164
2344 53 160
2345 44 154
2346 46 150
2347 53 149
2348 53 152
2349 47 162
2350 49 161
2351 52 150
2352 47 155
2353 44 158
2354 47 153
2355 55 158
2356 52 153
2357 48 164
2358 54 153
2359 54 150
2360 58 149
2361 45 155
2362 36 254
2363 32 261
2364 35 258
2365 31 269
2366 42 273
2367 30 258
2368 36 266
2369 30 268
2370 40 257
2371 30 264
2372 32 264
2373 31 268
2374 41 259
2375 43 270
2376 33 261
2377 40 271
2378 36 266
2379 32 260
2380 33 266
2381 33 263
2382 40 271
2383 38 261
2384 39 270
2385 39 272
2386 33 265
2387 38 259
2388 42 269
2389 40 256
2390 41 267
2391 32 263
2392 71 242
2393 68 246
2394 67 238
2395 68 247
2396 77 253
2397 62 240
2398 62 250
2399 74 251
2400 63 240
2401 66 240
2402 72 247
2403 64 249
2404 75 237
2405 62 242
2406 64 250
2407 74 249
2408 71 238
2409 68 237
2410 67 244
2411 77 240
2412 77 250
2413 62 239
2414 69 247
2415 76 247
2416 77 249
2417 76 247
2418 62 249
2419 76 240
2420 76 244
2421 66 245
2422 263 95
2423 271 98
2424 269 99
2425 269 98
2426 257 104
2427 268 96
2428 255 107
2429 263 99
2430 257 108
2431 257 98
2432 259 96
2433 254 111
2434 264 106
2435 263 97
2436 262 104
2437 269 104
2438 264 100
2439 265 99
2440 269 113
2441 269 105
2442 259 98
2443 261 98
2444 263 97
2445 264 96
2446 265 111
2447 260 107
2448 266 98
2449 261 96
2450 255 113
2451 264 112
2452 18 264
2453 24 255
2454 21 258
2455 19 272
2456 25 260
2457 13 273
2458 13 264
2459 16 260
2460 17 269
2461 14 267
2462 22 273
2463 17 264
2464 13 258
2465 20 270
2466 28 256
2467 18 269
2468 17 258
2469 12 271
2470 16 263
2471 12 257
2472 23 264
2473 19 256
2474 19 265
2475 19 263
2476 16 273
2477 15 272
2478 27 258
2479 28 271
2480 26 255
2481 26 272
2482 148 136
2483 134 133
2484 144 138
2485 148 139
2486 147 143
2487 147 134
2488 142 145
2489 138 147
2490 136 146
2491 140 136
2492 140 143
2493 138 148
2494 144 143
2495 139 147
2496 135 134
2497 138 145
2498 139 143
2499 133 147
2500 147 146
2501 137 146
2502 148 140
2503 147 133
2504 139 134
2505 271 219
2506 259 219
2507 270 230
2508 272 223
2509 266 233
2510 260 233
2511 272 234
2512 264 222
2513 267 219
2514 272 234
2515 262 235
2516 264 228
2517 273 226
2518 268 221
2519 273 234
2520 260 225
2521 264 221
2522 258 231
2523 259 236
2524 267 227
2525 258 222
2526 266 218
2527 268 218
2528 262 226
2529 263 230
2530 257 232
2531 269 220
2532 260 229
2533 256 230
2534 257 222
2535 125 116
2536 120 125
2537 116 124
2538 124 127
2539 115 129
2540 132 130
2541 121 116
2542 118 130
2543 120 130
2544 129 130
2545 128 118
2546 127 122
2547 115 128
2548 130 124
2549 126 130
2550 122 127
2551 125 123
2552 117 127
2553 127 119
2554 120 121
2555 129 116
2556 131 94
2557 115 94
2558 132 90
2559 129 90
2560 121 81
2561 126 86
2562 125 90
2563 116 89
2564 120 84
2565 132 80
2566 123 80
2567 115 82
2568 124 87
2569 132 84
2570 118 94
2571 118 79
2572 124 89
2573 118 92
2574 119 90
2575 126 78
2576 123 92
2577 117 90
2578 132 80
2579 126 78
2580 124 88
2581 126 80
2582 116 86
2583 130 82
2584 118 91
2585 120 90
2586 108 184
2587 114 190
2588 109 188
2589 98 189
2590 111 185
2591 97 188
2592 98 189
2593 95 196
2594 112 186
2595 104 184
2596 103 194
2597 95 193
2598 97 191
2599 109 184
2600 105 182
2601 109 194
2602 101 188
2603 103 185
2604 111 198
2605 111 194
2606 109 192
2607 105 183
2608 113 182
2609 110 198
2610 113 197
2611 103 197
2612 105 197
2613 105 197
2614 103 186
2615 100 196
2616 271 179
2617 271 177
2618 262 179
2619 264 173
2620 256 179
2621 261 169
2622 260 170
2623 261 168
2624 269 180
2625 263 177
2626 273 168
2627 271 171
2628 259 180
2629 271 179
2630 271 179
2631 259 179
2632 254 170
2633 271 174
2634 265 179
2635 268 176
2636 270 169
2637 254 168
2638 260 165
2639 255 172
2640 258 172
2641 265 173
2642 273 167
2643 258 178
2644 258 178
2645 256 181
2646 192 40
2647 189 42
2648 187 38
2649 188 40
2650 197 31
2651 196 31
2652 182 31
2653 183 30
2654 193 33
2655 188 37
2656 186 42
2657 198 39
2658 192 36
2659 183 39
2660 185 38
2661 183 41
2662 192 30
2663 193 43
2664 191 35
2665 196 39
2666 194 39
2667 189 29
2668 185 30
2669 192 37
2670 182 33
2671 182 29
2672 194 36
2673 190 29
2674 186 40
2675 184 29
2676 29 42
2677 33 36
2678 29 38
2679 37 43
2680 42 39
2681 34 41
2682 38 39
2683 35 30
2684 35 33
2685 43 34
2686 34 43
2687 39 30
2688 34 43
2689 34 29
2690 41 42
2691 34 40
2692 43 40
2693 41 30
2694 37 34
2695 36 32
2696 37 34
2697 38 36
2698 41 34
2699 167 31
2700 173 31
2701 169 43
2702 178 32
2703 178 39
2704 177 39
2705 173 33
2706 181 38
2707 180 42
2708 167 43
2709 169 37
2710 168 31
2711 174 41
2712 165 37
2713 179 39
2714 168 41
2715 177 32
2716 175 32
2717 174 38
2718 178 40
2719 174 34
2720 178 31
2721 167 37
2722 179 43
2723 167 33
2724 178 41
2725 178 41
2726 178 34
2727 181 30
2728 170 40
2729 222 60
2730 230 63
2731 228 73
2732 217 77
2733 235 74
2734 229 73
2735 234 67
2736 229 73
2737 231 60
2738 224 69
2739 226 67
2740 222 68
2741 225 64
2742 218 60
2743 226 67
2744 230 70
2745 217 71
2746 230 73
2747 221 75
2748 220 68
2749 233 71
2750 221 62
2751 220 76
2752 220 77
2753 230 76
2754 218 61
2755 231 60
2756 234 75
2757 236 74
2758 227 63
2759 163 150
2760 159 164
2761 150 155
2762 164 150
2763 151 149
2764 158 150
2765 164 154
2766 163 158
2767 149 150
2768 158 156
2769 155 161
2770 160 155
2771 152 158
2772 156 157
2773 151 150
2774 156 161
2775 150 162
2776 154 156
2777 155 163
2778 153 159
2779 6 238
2780 10 241
2781 3 247
2782 1 246
2783 9 248
2784 5 249
2785 8 238
2786 5 242
2787 2 241
2788 1 242
2789 3 244
2790 1 253
2791 7 253
2792 11 242
2793 7 244
2794 2 237
2795 6 237
2796 1 239
2797 5 251
2798 10 253
2799 9 249
2800 7 251
2801 1 246
2802 4 246
2803 2 240
2804 10 251
2805 1 251
2806 8 239
2807 2 248
2808 0 253
2809 144 246
2810 135 243
2811 137 244
2812 137 239
2813 148 244
2814 140 251
2815 138 245
2816 142 248
2817 147 246
2818 135 246
2819 145 238
2820 134 253
2821 136 239
2822 147 247
2823 134 240
2824 135 239
2825 135 241
2826 143 247
2827 148 243
2828 133 243
2829 145 239
2830 135 239
2831 138 237
2832 137 251
2833 146 242
2834 134 245
2835 138 240
2836 142 250
2837 148 247
2838 140 242
2839 100 173
2840 95 177
2841 103 178
2842 100 179
2843 107 174
2844 102 178
2845 99 176
2846 95 179
2847 98 176
2848 110 169
2849 99 176
2850 108 171
2851 98 172
2852 106 177
2853 99 178
2854 108 173
2855 97 177
2856 110 179
2857 103 177
2858 97 168
2859 98 174
2860 114 166
2861 96 173
2862 97 175
2863 108 180
2864 105 176
2865 101 174
2866 103 170
2867 110 176
2868 103 170
2869 253 267
2870 240 264
2871 251 268
2872 246 261
2873 247 259
2874 241 257
2875 243 266
2876 252 262
2877 241 268
2878 245 263
2879 250 263
2880 246 273
2881 245 258
2882 237 257
2883 242 262
2884 246 268
2885 241 266
2886 240 272
2887 245 268
2888 247 259
2889 246 255
2890 248 273
2891 243 259
2892 250 257
2893 249 259
2894 237 272
2895 247 256
2896 249 256
2897 243 260
2898 245 259
