258 280 10 2874
0 12
1 11
2 7
3 4
4 6
5 6
6 10
7 9
8 7
9 11
10 5
11 5
12 5
13 4
14 3
15 5
16 3
17 4
18 3
19 3
20 3
21 5
22 3
23 5
24 3
25 3
26 3
27 3
28 3
29 4
30 5
31 3
32 3
33 3
34 3
35 3
36 5
37 3
38 3
39 3
40 4
41 4
42 3
43 4
44 3
45 3
46 4
47 3
48 3
49 3
50 3
51 4
52 3
53 3
54 4
55 4
56 4
57 4
58 4
59 4
60 3
61 3
62 3
63 3
64 4
65 4
66 4
67 3
68 6
69 4
70 3
71 4
72 3
73 3
74 3
75 4
76 4
77 3
78 3
79 3
80 3
81 3
82 3
83 3
84 4
85 3
86 5
87 3
88 4
89 3
90 3
91 3
92 6
93 4
94 3
95 4
96 3
97 3
98 3
99 3
100 3
101 4
102 5
103 3
104 3
105 3
106 4
107 4
108 3
109 3
110 3
111 3
112 3
113 4
114 3
115 3
116 3
117 3
118 3
119 5
120 4
121 5
122 3
123 3
124 3
125 3
126 3
127 3
128 4
129 3
130 3
131 3
132 4
133 3
134 4
135 3
136 3
137 3
138 4
139 3
140 3
141 4
142 3
143 3
144 3
145 3
146 4
147 3
148 3
149 3
150 3
151 4
152 3
153 3
154 3
155 4
156 5
157 3
158 3
159 3
160 3
161 4
162 4
163 3
164 3
165 3
166 3
167 3
168 4
169 4
170 3
171 3
172 4
173 3
174 3
175 3
176 3
177 4
178 3
179 3
180 4
181 3
182 3
183 3
184 3
185 4
186 3
187 4
188 5
189 4
190 5
191 5
192 3
193 3
194 3
195 3
196 3
197 3
198 3
199 3
200 3
201 3
202 3
203 3
204 4
205 3
206 3
207 5
208 3
209 3
210 3
211 4
212 4
213 3
214 5
215 5
216 3
217 3
218 4
219 3
220 4
221 3
222 4
223 3
224 3
225 3
226 3
227 4
228 3
229 3
230 3
231 4
232 3
233 4
234 3
235 4
236 3
237 3
238 3
239 6
240 7
241 5
242 3
243 3
244 3
245 4
246 3
247 3
248 3
249 4
250 3
251 3
252 3
253 3
254 4
255 3
256 3
257 3
0 0 1
1 0 2
2 0 3
3 0 4
4 0 5
5 0 6
6 0 7
7 0 8
8 0 9
9 0 11
10 0 49
11 1 2
12 1 4
13 1 7
14 1 9
15 1 11
16 1 30
17 1 119
18 1 190
19 1 205
20 2 3
21 2 4
22 2 6
23 2 9
24 3 5
25 3 7
26 4 6
27 4 7
28 4 102
29 5 9
30 5 11
31 5 138
32 6 9
33 6 10
34 6 11
35 6 86
36 6 240
37 7 8
38 7 9
39 7 11
40 7 175
41 8 9
42 8 10
43 8 12
44 9 10
45 9 67
46 9 158
47 10 220
48 12 15
49 12 14
50 13 14
51 13 23
52 13 29
53 15 18
54 15 21
55 16 24
56 16 23
57 17 20
58 17 21
59 19 20
60 21 26
61 22 25
62 23 28
63 25 27
64 27 29
65 30 32
66 30 46
67 31 35
68 31 44
69 31 47
70 33 40
71 34 39
72 34 37
73 36 42
74 36 37
75 36 41
76 37 47
77 38 48
78 40 45
79 41 43
80 43 48
81 45 46
82 46 48
83 49 54
84 50 55
85 51 58
86 51 64
87 52 58
88 53 60
89 54 57
90 55 59
91 56 63
92 56 65
93 57 58
94 58 65
95 59 64
96 60 66
97 61 64
98 61 66
99 62 63
100 67 73
101 67 68
102 68 75
103 68 81
104 68 85
105 69 74
106 69 75
107 70 77
108 71 84
109 71 76
110 72 82
111 72 81
112 76 83
113 77 82
114 78 79
115 79 84
116 80 84
117 82 83
118 86 89
119 86 100
120 87 89
121 88 92
122 88 90
123 90 93
124 91 92
125 92 94
126 92 99
127 92 100
128 93 97
129 93 101
130 95 96
131 95 98
132 95 101
133 102 108
134 102 115
135 102 107
136 103 107
137 104 110
138 104 112
139 104 117
140 105 117
141 106 107
142 106 113
143 106 112
144 109 113
145 111 115
146 113 116
147 114 118
148 117 118
149 119 124
150 119 136
151 120 131
152 120 135
153 120 122
154 120 137
155 121 129
156 121 132
157 121 127
158 122 136
159 123 129
160 125 135
161 126 130
162 127 128
163 128 131
164 130 136
165 132 134
166 133 134
167 138 156
168 139 150
169 139 141
170 140 155
171 140 146
172 141 154
173 142 149
174 142 151
175 143 146
176 143 149
177 144 147
178 145 153
179 145 148
180 146 154
181 147 150
182 148 156
183 151 153
184 152 155
185 156 157
186 158 159
187 159 165
188 160 163
189 160 174
190 161 164
191 161 171
192 161 170
193 162 168
194 162 169
195 162 171
196 163 170
197 165 166
198 166 172
199 167 168
200 169 173
201 172 173
202 175 176
203 175 180
204 177 180
205 177 182
206 177 178
207 177 188
208 178 186
209 179 187
210 179 186
211 181 189
212 183 187
213 184 188
214 185 188
215 185 189
216 190 194
217 190 202
218 191 199
219 191 193
220 191 196
221 192 200
222 192 199
223 193 203
224 195 198
225 196 197
226 196 204
227 198 201
228 198 200
229 202 204
230 205 213
231 206 207
232 207 209
233 207 213
234 207 214
235 208 215
236 210 215
237 211 218
238 211 219
239 212 217
240 212 214
241 214 215
242 214 219
243 216 218
244 220 226
245 221 225
246 222 229
247 222 232
248 222 239
249 223 226
250 223 234
251 223 239
252 224 231
253 225 233
254 227 230
255 227 235
256 228 236
257 228 237
258 228 232
259 231 233
260 231 239
261 232 238
262 235 239
263 240 243
264 240 244
265 240 255
266 240 256
267 241 242
268 241 248
269 241 257
270 242 249
271 245 246
272 245 250
273 245 254
274 246 247
275 248 256
276 249 251
277 249 252
278 249 253
279 254 255
0 30 105
1 35 112
2 36 115
3 34 104
4 44 107
5 39 114
6 32 106
7 30 114
8 33 116
9 39 117
10 46 115
11 33 116
12 33 117
13 44 109
14 33 111
15 30 107
16 48 103
17 35 112
18 39 107
19 32 105
20 34 109
21 34 112
22 48 102
23 43 106
24 38 118
25 46 108
26 44 110
27 36 118
28 38 112
29 34 117
30 80 35
31 71 34
32 81 43
33 85 44
34 69 31
35 73 30
36 85 36
37 78 43
38 69 44
39 84 31
40 69 44
41 80 38
42 74 33
43 81 32
44 70 47
45 80 34
46 81 32
47 71 34
48 84 40
49 79 48
50 83 42
51 77 43
52 78 34
53 81 47
54 77 31
55 77 34
56 81 37
57 70 37
58 74 41
59 77 46
60 149 8
61 142 1
62 151 5
63 153 10
64 156 7
65 156 1
66 141 1
67 141 0
68 139 8
69 157 9
70 151 2
71 149 0
72 138 6
73 157 0
74 139 6
75 146 9
76 157 2
77 156 9
78 149 4
79 150 5
80 144 0
81 152 11
82 154 2
83 146 5
84 156 11
85 149 9
86 156 0
87 143 5
88 151 1
89 142 5
90 145 165
91 141 166
92 146 174
93 157 168
94 154 164
95 156 167
96 142 174
97 150 169
98 146 172
99 143 171
100 155 160
101 140 174
102 146 171
103 143 170
104 148 158
105 157 167
106 146 169
107 152 170
108 149 166
109 140 163
110 155 173
111 153 172
112 144 159
113 144 158
114 150 169
115 146 174
116 142 160
117 153 173
118 147 166
119 146 169
120 82 115
121 80 111
122 77 105
123 83 117
124 69 115
125 80 105
126 73 112
127 70 118
128 78 109
129 67 114
130 83 118
131 80 106
132 85 109
133 71 112
134 77 109
135 79 115
136 67 117
137 81 115
138 79 104
139 80 111
140 84 117
141 78 102
142 75 102
143 85 103
144 78 116
145 70 112
146 70 117
147 77 102
148 76 105
149 69 112
150 139 187
151 151 180
152 157 185
153 155 181
154 151 175
155 145 180
156 144 179
157 152 189
158 146 176
159 140 181
160 150 184
161 142 189
162 145 188
163 150 181
164 151 186
165 151 179
166 141 182
167 154 176
168 153 177
169 147 181
170 141 185
171 143 189
172 144 179
173 141 175
174 156 187
175 150 175
176 156 181
177 154 176
178 157 184
179 150 189
180 148 165
181 149 173
182 139 160
183 140 158
184 152 169
185 153 167
186 147 165
187 142 162
188 146 173
189 140 172
190 152 171
191 155 164
192 143 158
193 144 162
194 156 159
195 144 167
196 142 174
197 140 165
198 140 174
199 151 172
200 141 163
201 139 159
202 138 159
203 141 161
204 140 170
205 143 164
206 141 172
207 151 160
208 152 158
209 147 164
210 124 171
211 126 168
212 136 165
213 135 171
214 135 171
215 125 167
216 120 168
217 125 163
218 122 167
219 131 167
220 121 164
221 134 161
222 119 171
223 120 166
224 135 160
225 137 170
226 136 173
227 128 167
228 132 163
229 122 169
230 133 172
231 124 158
232 126 171
233 124 174
234 128 173
235 132 170
236 119 174
237 122 169
238 128 159
239 136 159
240 80 226
241 81 232
242 85 226
243 81 226
244 82 222
245 74 221
246 79 237
247 68 226
248 67 235
249 73 225
250 80 226
251 73 238
252 76 226
253 83 225
254 75 222
255 68 232
256 82 234
257 67 226
258 75 236
259 72 222
260 67 222
261 73 227
262 77 227
263 85 230
264 82 221
265 71 223
266 70 238
267 79 222
268 80 226
269 75 225
270 253 51
271 252 49
272 254 60
273 254 58
274 254 53
275 244 63
276 249 53
277 255 64
278 254 52
279 256 54
280 243 59
281 246 64
282 256 64
283 244 60
284 247 59
285 257 63
286 253 64
287 245 58
288 243 57
289 249 63
290 255 50
291 255 59
292 255 59
293 257 50
294 241 61
295 256 52
296 249 65
297 253 60
298 251 64
299 244 59
300 252 156
301 246 155
302 252 143
303 253 146
304 240 138
305 250 149
306 255 152
307 244 151
308 252 143
309 255 143
310 245 144
311 253 150
312 242 142
313 257 156
314 250 149
315 249 139
316 242 157
317 255 138
318 244 152
319 250 146
320 254 146
321 255 151
322 250 154
323 241 144
324 242 156
325 249 143
326 251 156
327 251 148
328 252 150
329 255 142
330 180 88
331 185 99
332 185 96
333 178 97
334 186 86
335 176 96
336 178 92
337 185 101
338 183 92
339 187 101
340 179 86
341 182 88
342 175 97
343 181 94
344 181 88
345 189 98
346 180 88
347 188 91
348 189 93
349 176 89
350 175 98
351 179 92
352 179 101
353 176 92
354 188 92
355 186 91
356 175 98
357 177 91
358 189 89
359 188 86
360 249 257
361 249 256
362 243 257
363 242 240
364 240 242
365 256 253
366 254 243
367 253 244
368 255 241
369 247 244
370 249 240
371 243 249
372 243 254
373 244 247
374 257 250
375 247 252
376 241 250
377 243 247
378 186 227
379 177 225
380 178 225
381 183 232
382 176 230
383 186 220
384 180 236
385 180 228
386 175 221
387 179 236
388 189 238
389 179 236
390 183 233
391 176 227
392 188 228
393 186 228
394 188 230
395 177 235
396 185 239
397 179 223
398 179 232
399 178 233
400 184 224
401 175 237
402 175 223
403 178 228
404 182 225
405 180 227
406 186 235
407 182 238
408 81 229
409 74 223
410 81 228
411 74 235
412 70 235
413 81 234
414 81 233
415 77 232
416 76 239
417 77 225
418 79 231
419 77 236
420 79 228
421 74 233
422 82 235
423 78 232
424 71 231
425 76 229
426 69 233
427 72 222
428 77 220
429 77 227
430 74 234
431 71 236
432 68 233
433 74 227
434 83 231
435 75 239
436 68 221
437 70 237
438 190 176
439 197 184
440 192 183
441 202 177
442 203 187
443 201 177
444 191 181
445 191 185
446 201 183
447 203 175
448 204 184
449 201 175
450 201 189
451 191 178
452 196 185
453 200 179
454 201 183
455 193 182
456 190 185
457 195 182
458 199 189
459 200 187
460 197 175
461 200 177
462 203 188
463 202 179
464 203 183
465 194 186
466 204 182
467 198 188
468 254 32
469 244 47
470 256 35
471 250 39
472 250 31
473 247 38
474 244 33
475 252 41
476 241 36
477 249 34
478 240 46
479 251 42
480 250 46
481 242 35
482 248 40
483 254 34
484 243 34
485 254 47
486 247 40
487 252 42
488 255 36
489 250 42
490 250 48
491 240 39
492 241 43
493 243 36
494 246 36
495 242 43
496 249 37
497 249 36
498 168 21
499 170 18
500 168 19
501 163 29
502 161 21
503 160 12
504 172 16
505 166 25
506 158 17
507 159 12
508 164 21
509 163 14
510 174 20
511 168 21
512 170 29
513 174 18
514 162 27
515 159 22
516 171 23
517 174 23
518 162 22
519 167 26
520 167 14
521 167 12
522 170 26
523 174 26
524 168 19
525 174 16
526 171 25
527 169 13
528 104 64
529 113 55
530 104 55
531 111 54
532 114 53
533 115 58
534 107 66
535 111 59
536 103 66
537 107 51
538 110 57
539 112 60
540 108 58
541 112 57
542 105 55
543 106 63
544 107 53
545 110 54
546 107 61
547 110 65
548 109 61
549 115 51
550 106 55
551 103 56
552 103 56
553 109 57
554 112 57
555 103 54
556 102 56
557 109 59
558 146 205
559 154 205
560 148 210
561 143 207
562 154 217
563 146 209
564 144 214
565 141 213
566 157 206
567 152 209
568 155 218
569 155 211
570 157 218
571 139 209
572 155 217
573 140 217
574 140 212
575 148 209
576 156 214
577 146 216
578 140 214
579 157 213
580 155 207
581 146 211
582 157 210
583 154 215
584 153 210
585 140 219
586 144 208
587 143 205
588 48 99
589 38 98
590 31 100
591 46 87
592 33 98
593 44 88
594 43 86
595 41 97
596 47 94
597 47 99
598 42 87
599 33 86
600 37 100
601 35 94
602 38 98
603 42 96
604 36 91
605 39 98
606 34 95
607 47 101
608 42 94
609 44 88
610 44 96
611 40 92
612 46 93
613 48 93
614 32 98
615 32 87
616 43 93
617 41 90
618 27 20
619 17 24
620 29 24
621 20 23
622 14 17
623 27 16
624 18 29
625 28 20
626 18 14
627 23 25
628 23 27
629 22 26
630 23 26
631 27 19
632 27 20
633 23 18
634 23 19
635 17 24
636 20 29
637 124 184
638 129 182
639 123 180
640 125 185
641 124 181
642 128 184
643 132 188
644 132 177
645 135 186
646 131 188
647 123 183
648 126 179
649 131 187
650 122 182
651 137 189
652 136 183
653 125 188
654 126 180
655 133 175
656 119 186
657 131 188
658 130 181
659 120 184
660 123 177
661 133 183
662 134 177
663 127 178
664 132 188
665 130 175
666 127 177
667 173 38
668 171 33
669 168 35
670 159 46
671 173 35
672 170 33
673 169 46
674 165 46
675 174 31
676 161 48
677 173 39
678 169 36
679 174 38
680 160 37
681 166 42
682 166 44
683 159 34
684 161 44
685 164 48
686 165 35
687 163 36
688 168 37
689 170 48
690 172 35
691 161 39
692 160 32
693 168 35
694 167 36
695 164 47
696 168 46
697 138 142
698 138 149
699 146 144
700 150 148
701 141 151
702 156 151
703 157 145
704 138 146
705 149 145
706 153 141
707 143 153
708 146 138
709 157 140
710 157 144
711 153 146
712 143 144
713 155 154
714 155 154
715 146 153
716 138 150
717 153 139
718 148 144
719 156 139
720 153 154
721 153 150
722 156 139
723 138 139
724 140 139
725 155 157
726 143 141
727 142 154
728 138 152
729 155 153
730 154 138
731 146 144
732 148 154
733 138 152
734 148 151
735 146 151
736 151 157
737 147 152
738 189 11
739 189 1
740 187 0
741 181 11
742 188 9
743 187 6
744 180 9
745 182 9
746 183 1
747 180 2
748 189 2
749 179 9
750 181 4
751 182 9
752 188 10
753 179 0
754 178 3
755 184 0
756 181 0
757 184 10
758 178 1
759 185 6
760 177 4
761 189 0
762 185 9
763 181 2
764 181 2
765 180 0
766 40 190
767 35 193
768 45 204
769 39 195
770 42 204
771 45 194
772 45 204
773 44 200
774 38 203
775 37 195
776 48 203
777 43 197
778 46 194
779 31 198
780 35 201
781 42 198
782 31 198
783 32 192
784 46 200
785 39 199
786 32 196
787 47 198
788 44 200
789 42 202
790 32 195
791 30 204
792 38 204
793 47 192
794 44 196
795 48 192
796 132 6
797 122 5
798 127 5
799 137 6
800 136 11
801 124 11
802 136 8
803 134 4
804 131 10
805 127 0
806 122 10
807 121 8
808 129 1
809 135 5
810 121 6
811 134 0
812 127 0
813 135 5
814 126 5
815 121 1
816 133 11
817 130 4
818 123 1
819 120 2
820 119 3
821 121 2
822 122 0
823 128 3
824 121 11
825 134 5
826 82 179
827 72 184
828 85 176
829 79 181
830 79 181
831 69 183
832 83 183
833 82 177
834 74 175
835 68 183
836 67 175
837 84 178
838 68 177
839 76 186
840 84 182
841 80 189
842 85 176
843 76 175
844 78 189
845 78 184
846 71 180
847 74 188
848 84 179
849 76 181
850 77 177
851 81 186
852 85 180
853 82 181
854 84 185
855 71 187
856 224 127
857 235 127
858 235 126
859 228 123
860 239 134
861 228 132
862 225 132
863 233 127
864 235 133
865 230 127
866 239 128
867 224 133
868 230 122
869 237 130
870 231 133
871 236 137
872 237 132
873 222 135
874 228 121
875 239 124
876 229 133
877 226 120
878 236 137
879 226 126
880 221 126
881 221 129
882 220 137
883 224 128
884 233 129
885 239 122
886 184 113
887 177 116
888 184 110
889 180 105
890 177 107
891 177 104
892 183 117
893 189 118
894 177 102
895 182 102
896 186 106
897 178 118
898 189 117
899 179 103
900 185 114
901 186 116
902 189 108
903 189 113
904 183 111
905 184 118
906 175 108
907 175 117
908 179 117
909 182 107
910 179 105
911 189 109
912 183 113
913 186 110
914 184 110
915 183 102
916 254 114
917 241 108
918 255 115
919 246 107
920 245 115
921 242 104
922 243 110
923 250 111
924 249 102
925 246 113
926 255 102
927 250 105
928 253 108
929 254 113
930 242 107
931 256 111
932 254 117
933 256 103
934 249 115
935 255 111
936 244 110
937 248 103
938 250 108
939 243 112
940 242 113
941 247 107
942 244 105
943 252 107
944 256 113
945 255 103
946 213 79
947 211 72
948 211 74
949 209 67
950 210 78
951 209 75
952 216 70
953 206 74
954 206 77
955 205 73
956 208 80
957 214 81
958 208 82
959 217 85
960 213 74
961 205 72
962 216 76
963 216 83
964 207 68
965 211 84
966 206 74
967 217 73
968 205 73
969 211 75
970 215 74
971 212 70
972 219 74
973 207 73
974 213 75
975 216 71
976 218 15
977 211 15
978 217 18
979 211 22
980 211 25
981 205 26
982 215 18
983 207 21
984 210 27
985 219 26
986 214 20
987 210 19
988 216 17
989 205 22
990 212 28
991 213 19
992 218 15
993 219 17
994 219 14
995 212 12
996 209 15
997 217 24
998 214 14
999 216 27
1000 207 15
1001 207 26
1002 210 16
1003 216 13
1004 208 18
1005 215 27
1006 192 195
1007 201 199
1008 197 194
1009 200 197
1010 190 203
1011 194 193
1012 200 190
1013 197 202
1014 195 197
1015 191 200
1016 201 202
1017 197 203
1018 203 194
1019 199 195
1020 194 192
1021 57 184
1022 58 175
1023 52 175
1024 65 182
1025 52 188
1026 51 175
1027 56 179
1028 62 188
1029 54 177
1030 59 184
1031 58 185
1032 49 181
1033 54 176
1034 62 178
1035 56 187
1036 60 177
1037 66 185
1038 55 183
1039 49 180
1040 64 178
1041 60 176
1042 63 188
1043 65 178
1044 53 175
1045 57 184
1046 51 184
1047 57 186
1048 64 188
1049 56 179
1050 54 182
1051 40 170
1052 37 174
1053 35 165
1054 31 167
1055 44 174
1056 40 160
1057 41 169
1058 36 166
1059 45 158
1060 45 165
1061 30 173
1062 40 169
1063 47 158
1064 41 163
1065 41 173
1066 36 169
1067 40 169
1068 43 163
1069 41 169
1070 33 162
1071 35 168
1072 37 166
1073 32 167
1074 30 164
1075 48 173
1076 48 161
1077 39 164
1078 36 174
1079 37 172
1080 41 159
1081 191 188
1082 199 180
1083 202 177
1084 202 178
1085 195 179
1086 201 176
1087 202 178
1088 193 187
1089 193 183
1090 192 187
1091 202 186
1092 201 186
1093 203 179
1094 193 175
1095 194 184
1096 191 187
1097 195 186
1098 195 185
1099 203 180
1100 201 178
1101 197 179
1102 190 181
1103 193 189
1104 193 185
1105 202 184
1106 202 179
1107 199 176
1108 195 181
1109 201 177
1110 191 185
1111 35 75
1112 44 76
1113 35 74
1114 39 76
1115 35 67
1116 36 67
1117 33 71
1118 37 82
1119 33 79
1120 37 73
1121 33 70
1122 45 68
1123 35 73
1124 34 78
1125 39 82
1126 33 75
1127 36 73
1128 45 80
1129 46 79
1130 34 67
1131 31 84
1132 45 76
1133 44 79
1134 38 84
1135 32 80
1136 35 84
1137 39 67
1138 43 80
1139 36 72
1140 39 83
1141 21 221
1142 28 239
1143 29 239
1144 17 226
1145 14 232
1146 21 234
1147 26 223
1148 24 234
1149 23 229
1150 26 237
1151 28 229
1152 18 233
1153 17 232
1154 18 224
1155 17 222
1156 17 229
1157 19 232
1158 24 230
1159 13 236
1160 13 224
1161 15 227
1162 12 227
1163 24 230
1164 13 227
1165 14 238
1166 14 235
1167 12 237
1168 25 231
1169 27 221
1170 27 224
1171 68 226
1172 73 233
1173 69 223
1174 74 224
1175 74 239
1176 81 231
1177 76 234
1178 73 230
1179 75 236
1180 75 228
1181 83 228
1182 82 226
1183 76 238
1184 69 239
1185 71 220
1186 84 237
1187 67 222
1188 67 233
1189 80 233
1190 73 228
1191 83 230
1192 74 220
1193 82 233
1194 78 223
1195 71 230
1196 81 223
1197 79 227
1198 68 233
1199 68 226
1200 77 233
1201 73 4
1202 76 2
1203 77 6
1204 71 7
1205 78 1
1206 72 8
1207 77 3
1208 76 5
1209 80 4
1210 71 8
1211 72 4
1212 80 4
1213 68 1
1214 81 2
1215 81 5
1216 79 3
1217 72 5
1218 84 6
1219 70 2
1220 80 5
1221 82 0
1222 68 11
1223 82 3
1224 67 11
1225 74 1
1226 85 0
1227 81 9
1228 70 11
1229 153 254
1230 149 246
1231 148 252
1232 145 256
1233 154 251
1234 157 257
1235 144 253
1236 139 243
1237 140 242
1238 139 247
1239 155 250
1240 150 244
1241 149 252
1242 156 254
1243 141 255
1244 147 256
1245 149 241
1246 157 245
1247 154 250
1248 138 241
1249 147 248
1250 141 252
1251 145 246
1252 157 240
1253 152 244
1254 148 248
1255 151 246
1256 150 254
1257 142 249
1258 142 245
1259 9 50
1260 0 55
1261 10 58
1262 0 55
1263 8 60
1264 8 61
1265 8 60
1266 5 64
1267 3 58
1268 7 58
1269 10 55
1270 5 60
1271 2 55
1272 3 59
1273 6 66
1274 7 53
1275 7 61
1276 2 54
1277 0 51
1278 1 54
1279 0 62
1280 1 50
1281 7 57
1282 5 54
1283 9 52
1284 9 60
1285 2 51
1286 3 57
1287 257 115
1288 254 105
1289 242 107
1290 242 118
1291 254 109
1292 242 107
1293 251 117
1294 251 107
1295 254 107
1296 249 102
1297 241 114
1298 245 110
1299 243 107
1300 249 107
1301 253 105
1302 248 108
1303 240 114
1304 254 104
1305 250 115
1306 252 102
1307 250 102
1308 242 114
1309 249 110
1310 240 117
1311 256 106
1312 240 104
1313 256 109
1314 251 115
1315 257 104
1316 251 107
1317 237 82
1318 230 75
1319 233 67
1320 239 76
1321 233 75
1322 225 77
1323 227 67
1324 236 76
1325 236 78
1326 239 67
1327 237 69
1328 236 77
1329 227 75
1330 235 82
1331 230 67
1332 233 73
1333 223 76
1334 230 74
1335 225 85
1336 226 73
1337 239 77
1338 229 75
1339 231 72
1340 232 75
1341 235 73
1342 226 74
1343 228 84
1344 225 74
1345 221 82
1346 231 77
1347 122 49
1348 132 56
1349 135 53
1350 130 63
1351 131 64
1352 137 52
1353 133 63
1354 122 63
1355 132 56
1356 132 49
1357 121 54
1358 136 56
1359 129 53
1360 134 59
1361 137 57
1362 132 50
1363 121 51
1364 132 52
1365 136 64
1366 125 56
1367 125 50
1368 136 66
1369 127 62
1370 128 49
1371 129 61
1372 130 51
1373 120 49
1374 131 61
1375 132 61
1376 125 63
1377 153 34
1378 149 45
1379 152 40
1380 144 37
1381 154 39
1382 156 34
1383 156 37
1384 155 33
1385 143 31
1386 155 46
1387 146 30
1388 143 45
1389 146 32
1390 141 42
1391 140 47
1392 153 48
1393 140 32
1394 156 47
1395 141 40
1396 151 45
1397 141 39
1398 157 32
1399 140 32
1400 150 40
1401 139 44
1402 146 46
1403 145 48
1404 139 36
1405 156 39
1406 155 48
1407 15 125
1408 21 121
1409 23 133
1410 21 125
1411 21 125
1412 16 124
1413 24 123
1414 20 129
1415 15 124
1416 18 134
1417 19 133
1418 24 121
1419 26 130
1420 22 120
1421 22 136
1422 28 129
1423 21 132
1424 21 129
1425 27 123
1426 18 132
1427 22 131
1428 22 127
1429 18 134
1430 15 127
1431 19 128
1432 25 131
1433 22 124
1434 18 123
1435 29 129
1436 21 126
1437 177 71
1438 177 72
1439 177 81
1440 186 85
1441 179 82
1442 186 84
1443 188 77
1444 185 84
1445 186 69
1446 175 67
1447 189 67
1448 186 67
1449 176 75
1450 184 77
1451 175 71
1452 189 77
1453 188 67
1454 189 72
1455 189 84
1456 181 75
1457 189 77
1458 179 67
1459 189 67
1460 188 75
1461 178 71
1462 183 79
1463 180 67
1464 181 84
1465 188 71
1466 184 73
1467 93 175
1468 96 176
1469 86 182
1470 93 178
1471 89 187
1472 93 181
1473 90 177
1474 93 183
1475 92 180
1476 99 180
1477 99 182
1478 94 181
1479 96 189
1480 91 186
1481 87 188
1482 94 177
1483 89 182
1484 91 178
1485 100 180
1486 92 187
1487 96 181
1488 86 184
1489 88 185
1490 97 181
1491 91 178
1492 94 181
1493 97 182
1494 96 176
1495 100 186
1496 101 188
1497 0 48
1498 7 46
1499 7 45
1500 11 45
1501 5 40
1502 1 43
1503 3 34
1504 1 40
1505 7 36
1506 4 48
1507 10 42
1508 2 43
1509 1 39
1510 9 41
1511 8 37
1512 3 30
1513 2 41
1514 11 35
1515 4 45
1516 4 36
1517 9 41
1518 11 36
1519 4 43
1520 11 31
1521 8 31
1522 10 47
1523 2 48
1524 5 40
1525 158 49
1526 173 65
1527 165 61
1528 171 52
1529 170 50
1530 159 53
1531 170 55
1532 172 65
1533 161 64
1534 169 63
1535 164 64
1536 158 53
1537 159 65
1538 174 60
1539 168 52
1540 164 50
1541 159 51
1542 162 49
1543 169 51
1544 165 50
1545 173 64
1546 160 61
1547 169 57
1548 159 51
1549 164 65
1550 162 65
1551 161 56
1552 173 61
1553 168 65
1554 171 58
1555 179 209
1556 180 217
1557 186 206
1558 176 215
1559 187 212
1560 179 213
1561 180 214
1562 181 210
1563 178 209
1564 189 215
1565 178 208
1566 188 218
1567 187 209
1568 184 206
1569 188 219
1570 187 210
1571 182 206
1572 178 213
1573 182 210
1574 186 217
1575 175 216
1576 175 217
1577 181 212
1578 178 209
1579 183 211
1580 182 217
1581 187 219
1582 189 206
1583 186 208
1584 181 212
1585 32 31
1586 38 44
1587 33 46
1588 30 41
1589 36 32
1590 48 31
1591 48 37
1592 32 33
1593 45 36
1594 39 35
1595 42 34
1596 38 44
1597 35 42
1598 42 47
1599 42 33
1600 39 35
1601 44 42
1602 38 47
1603 43 35
1604 37 45
1605 46 39
1606 39 31
1607 44 34
1608 31 46
1609 35 45
1610 24 6
1611 15 3
1612 26 9
1613 13 11
1614 18 3
1615 25 10
1616 14 0
1617 28 9
1618 19 7
1619 22 11
1620 13 0
1621 25 11
1622 19 3
1623 20 1
1624 22 5
1625 20 11
1626 19 3
1627 18 7
1628 24 7
1629 19 8
1630 17 2
1631 29 3
1632 20 4
1633 23 10
1634 28 1
1635 26 4
1636 15 0
1637 21 0
1638 24 3
1639 131 156
1640 127 145
1641 121 155
1642 126 148
1643 130 150
1644 124 146
1645 123 147
1646 128 153
1647 122 149
1648 131 157
1649 120 153
1650 134 140
1651 133 151
1652 124 139
1653 121 150
1654 124 150
1655 136 156
1656 137 155
1657 134 157
1658 133 140
1659 130 140
1660 123 145
1661 121 151
1662 122 143
1663 129 157
1664 127 141
1665 131 157
1666 119 142
1667 120 144
1668 134 144
1669 28 56
1670 29 53
1671 12 49
1672 19 61
1673 13 58
1674 19 53
1675 16 65
1676 18 49
1677 24 65
1678 15 61
1679 26 51
1680 23 64
1681 26 51
1682 28 54
1683 21 65
1684 29 54
1685 19 64
1686 13 61
1687 24 49
1688 28 61
1689 16 55
1690 13 65
1691 16 54
1692 21 55
1693 12 51
1694 26 54
1695 23 64
1696 22 58
1697 17 54
1698 24 49
1699 80 58
1700 84 58
1701 70 51
1702 73 56
1703 85 63
1704 70 50
1705 80 62
1706 81 62
1707 72 61
1708 76 50
1709 82 58
1710 74 60
1711 68 61
1712 80 54
1713 70 57
1714 83 65
1715 74 56
1716 77 65
1717 78 49
1718 79 54
1719 81 59
1720 77 58
1721 72 62
1722 81 66
1723 85 58
1724 79 56
1725 69 65
1726 68 58
1727 85 59
1728 76 51
1729 22 130
1730 21 136
1731 24 136
1732 12 123
1733 23 128
1734 13 126
1735 24 136
1736 12 130
1737 17 126
1738 29 135
1739 27 129
1740 20 127
1741 21 133
1742 16 134
1743 18 121
1744 26 133
1745 26 129
1746 12 122
1747 14 129
1748 29 137
1749 20 127
1750 24 120
1751 14 125
1752 25 123
1753 16 124
1754 29 131
1755 28 135
1756 21 120
1757 26 131
1758 14 133
1759 170 0
1760 170 4
1761 165 8
1762 163 10
1763 163 11
1764 161 7
1765 166 4
1766 162 2
1767 168 4
1768 174 3
1769 165 8
1770 165 3
1771 168 9
1772 167 7
1773 162 7
1774 163 7
1775 173 2
1776 158 11
1777 171 4
1778 164 4
1779 161 10
1780 174 2
1781 158 3
1782 159 4
1783 169 0
1784 165 6
1785 165 5
1786 117 4
1787 115 3
1788 103 6
1789 108 1
1790 102 9
1791 105 3
1792 116 3
1793 104 11
1794 118 1
1795 105 8
1796 106 11
1797 106 10
1798 107 0
1799 109 11
1800 113 9
1801 103 9
1802 104 5
1803 105 7
1804 117 7
1805 117 8
1806 107 9
1807 111 7
1808 113 5
1809 115 1
1810 106 7
1811 108 6
1812 118 3
1813 111 4
1814 90 86
1815 101 94
1816 91 98
1817 100 95
1818 92 89
1819 99 93
1820 98 89
1821 94 98
1822 100 101
1823 92 95
1824 95 92
1825 91 95
1826 96 89
1827 90 94
1828 97 96
1829 88 101
1830 90 98
1831 87 98
1832 90 96
1833 97 94
1834 90 99
1835 100 101
1836 87 100
1837 87 94
1838 164 208
1839 169 206
1840 162 209
1841 158 217
1842 171 205
1843 161 206
1844 159 213
1845 164 208
1846 159 213
1847 167 213
1848 171 205
1849 174 206
1850 167 210
1851 174 208
1852 171 205
1853 172 208
1854 165 211
1855 160 216
1856 169 213
1857 161 211
1858 174 213
1859 172 216
1860 163 211
1861 171 214
1862 161 213
1863 168 217
1864 162 210
1865 167 210
1866 166 212
1867 170 214
1868 199 142
1869 190 157
1870 203 149
1871 198 138
1872 192 144
1873 202 144
1874 192 152
1875 201 153
1876 194 146
1877 193 153
1878 190 157
1879 197 149
1880 204 140
1881 202 151
1882 199 147
1883 194 157
1884 195 143
1885 194 144
1886 190 150
1887 191 147
1888 191 150
1889 192 140
1890 202 157
1891 204 147
1892 204 145
1893 191 151
1894 204 146
1895 199 144
1896 204 150
1897 191 153
1898 254 85
1899 243 85
1900 254 74
1901 248 74
1902 244 69
1903 241 69
1904 242 68
1905 240 77
1906 255 82
1907 250 68
1908 241 75
1909 248 69
1910 247 71
1911 253 74
1912 253 82
1913 240 71
1914 244 77
1915 243 68
1916 256 85
1917 252 84
1918 248 80
1919 257 69
1920 244 67
1921 255 84
1922 242 74
1923 255 77
1924 256 82
1925 246 69
1926 254 70
1927 256 78
1928 139 206
1929 147 218
1930 154 213
1931 143 205
1932 151 208
1933 146 207
1934 150 213
1935 138 208
1936 145 215
1937 155 214
1938 155 215
1939 150 205
1940 157 211
1941 144 217
1942 149 207
1943 154 209
1944 153 211
1945 148 215
1946 151 210
1947 152 210
1948 148 211
1949 155 218
1950 144 216
1951 155 206
1952 150 213
1953 143 210
1954 140 217
1955 146 215
1956 144 210
1957 150 207
1958 89 196
1959 101 191
1960 93 192
1961 97 200
1962 96 195
1963 95 193
1964 92 203
1965 100 203
1966 101 199
1967 89 192
1968 98 193
1969 93 202
1970 90 191
1971 91 190
1972 99 197
1973 90 199
1974 101 202
1975 92 198
1976 97 202
1977 86 195
1978 92 194
1979 100 194
1980 99 191
1981 87 199
1982 99 199
1983 86 190
1984 92 191
1985 94 192
1986 90 200
1987 89 190
1988 208 103
1989 205 118
1990 210 104
1991 205 106
1992 207 116
1993 208 111
1994 215 104
1995 215 108
1996 214 103
1997 212 114
1998 214 115
1999 209 114
2000 211 105
2001 211 111
2002 210 117
2003 205 115
2004 212 113
2005 218 109
2006 216 107
2007 208 106
2008 208 102
2009 212 115
2010 213 112
2011 216 104
2012 216 111
2013 211 111
2014 217 107
2015 206 116
2016 219 114
2017 218 102
2018 109 241
2019 109 252
2020 107 241
2021 104 248
2022 106 253
2023 108 252
2024 110 253
2025 113 248
2026 102 244
2027 110 243
2028 108 241
2029 111 255
2030 104 253
2031 108 255
2032 105 251
2033 102 245
2034 115 255
2035 112 250
2036 106 250
2037 108 247
2038 115 246
2039 113 242
2040 112 240
2041 112 240
2042 111 242
2043 112 248
2044 108 251
2045 105 249
2046 112 256
2047 118 244
2048 192 151
2049 199 151
2050 193 150
2051 203 138
2052 196 143
2053 200 153
2054 202 140
2055 195 155
2056 198 141
2057 199 149
2058 197 152
2059 191 154
2060 200 145
2061 200 150
2062 192 148
2063 197 157
2064 196 149
2065 201 153
2066 196 154
2067 192 141
2068 199 146
2069 192 142
2070 190 138
2071 191 151
2072 196 152
2073 199 154
2074 193 150
2075 197 154
2076 190 142
2077 201 152
2078 241 55
2079 256 64
2080 248 50
2081 248 56
2082 243 61
2083 252 49
2084 248 53
2085 257 59
2086 244 64
2087 250 58
2088 240 61
2089 246 54
2090 250 51
2091 251 51
2092 255 52
2093 252 52
2094 251 55
2095 253 56
2096 244 66
2097 252 56
2098 251 60
2099 242 52
2100 247 56
2101 242 58
2102 250 52
2103 253 50
2104 249 58
2105 248 49
2106 252 57
2107 256 56
2108 222 35
2109 238 43
2110 231 44
2111 222 46
2112 233 37
2113 235 33
2114 233 36
2115 223 30
2116 221 42
2117 239 37
2118 223 32
2119 230 44
2120 235 37
2121 220 43
2122 238 47
2123 234 47
2124 230 48
2125 235 34
2126 230 48
2127 233 33
2128 232 44
2129 223 45
2130 239 48
2131 230 30
2132 233 48
2133 222 39
2134 222 38
2135 222 36
2136 224 33
2137 225 35
2138 104 39
2139 108 42
2140 115 35
2141 113 36
2142 107 44
2143 106 38
2144 103 36
2145 104 36
2146 114 41
2147 103 35
2148 118 34
2149 103 38
2150 108 39
2151 114 41
2152 102 42
2153 105 32
2154 103 40
2155 118 37
2156 109 35
2157 102 46
2158 106 38
2159 106 30
2160 113 41
2161 111 48
2162 115 38
2163 103 40
2164 114 32
2165 114 39
2166 116 46
2167 113 35
2168 246 3
2169 256 11
2170 244 8
2171 246 0
2172 251 10
2173 248 9
2174 251 5
2175 253 5
2176 255 2
2177 252 7
2178 254 11
2179 252 2
2180 257 7
2181 247 2
2182 254 6
2183 251 5
2184 243 7
2185 248 9
2186 257 6
2187 246 1
2188 254 11
2189 252 2
2190 257 8
2191 256 10
2192 248 2
2193 243 2
2194 252 10
2195 243 129
2196 246 122
2197 244 123
2198 253 123
2199 240 131
2200 253 133
2201 253 134
2202 257 130
2203 248 129
2204 247 121
2205 245 130
2206 242 125
2207 250 129
2208 248 123
2209 244 131
2210 243 124
2211 256 129
2212 243 127
2213 245 127
2214 240 132
2215 246 120
2216 255 121
2217 240 122
2218 248 122
2219 249 137
2220 248 121
2221 247 128
2222 248 131
2223 256 136
2224 255 131
2225 240 3
2226 241 2
2227 257 3
2228 257 6
2229 245 8
2230 254 9
2231 249 9
2232 247 2
2233 250 2
2234 253 3
2235 253 1
2236 253 9
2237 250 5
2238 255 8
2239 254 6
2240 241 5
2241 244 9
2242 253 0
2243 245 0
2244 242 9
2245 248 2
2246 254 2
2247 257 3
2248 243 5
2249 248 7
2250 256 10
2251 46 141
2252 31 149
2253 47 145
2254 31 157
2255 45 142
2256 41 149
2257 48 149
2258 35 139
2259 36 151
2260 31 155
2261 47 155
2262 44 144
2263 42 149
2264 44 157
2265 41 149
2266 34 157
2267 41 157
2268 40 148
2269 43 157
2270 40 151
2271 36 156
2272 45 155
2273 44 152
2274 36 143
2275 43 145
2276 46 151
2277 35 143
2278 32 150
2279 45 143
2280 30 155
2281 201 191
2282 194 193
2283 198 190
2284 192 193
2285 204 198
2286 200 194
2287 204 192
2288 200 196
2289 198 197
2290 198 196
2291 190 196
2292 193 192
2293 194 204
2294 191 202
2295 204 201
2296 191 202
2297 200 203
2298 202 191
2299 195 193
2300 194 191
2301 196 192
2302 172 77
2303 158 84
2304 172 71
2305 161 70
2306 158 83
2307 170 67
2308 170 80
2309 165 84
2310 163 81
2311 158 78
2312 172 78
2313 168 74
2314 171 83
2315 167 77
2316 174 74
2317 158 76
2318 171 68
2319 163 72
2320 172 73
2321 164 76
2322 163 78
2323 163 68
2324 172 70
2325 167 67
2326 174 69
2327 159 67
2328 170 71
2329 164 80
2330 163 69
2331 158 82
2332 145 203
2333 157 192
2334 156 202
2335 140 196
2336 153 196
2337 144 198
2338 152 191
2339 144 204
2340 145 193
2341 147 201
2342 152 203
2343 154 203
2344 144 204
2345 138 204
2346 139 197
2347 153 196
2348 155 197
2349 144 202
2350 143 191
2351 155 191
2352 157 194
2353 156 198
2354 149 202
2355 138 190
2356 154 201
2357 140 192
2358 150 200
2359 140 194
2360 145 202
2361 143 191
2362 191 249
2363 192 253
2364 196 250
2365 198 251
2366 198 253
2367 191 241
2368 196 241
2369 204 257
2370 197 253
2371 198 241
2372 190 254
2373 191 245
2374 197 248
2375 193 244
2376 198 255
2377 204 253
2378 192 243
2379 192 242
2380 196 253
2381 199 243
2382 191 252
2383 204 252
2384 197 254
2385 198 242
2386 196 245
2387 199 242
2388 198 243
2389 191 247
2390 197 251
2391 191 247
2392 124 131
2393 120 126
2394 127 130
2395 129 133
2396 130 128
2397 127 123
2398 121 125
2399 119 135
2400 131 136
2401 130 132
2402 134 137
2403 121 130
2404 129 120
2405 132 120
2406 127 126
2407 137 128
2408 123 119
2409 125 124
2410 136 131
2411 123 133
2412 128 133
2413 132 131
2414 127 135
2415 188 201
2416 179 195
2417 178 202
2418 177 198
2419 180 204
2420 180 204
2421 182 196
2422 188 202
2423 188 200
2424 181 204
2425 180 194
2426 188 196
2427 186 192
2428 186 202
2429 177 195
2430 181 203
2431 177 202
2432 182 201
2433 175 200
2434 187 196
2435 178 204
2436 186 201
2437 184 191
2438 186 197
2439 181 197
2440 175 204
2441 187 204
2442 185 195
2443 184 191
2444 176 203
2445 196 241
2446 199 257
2447 190 240
2448 192 248
2449 193 256
2450 199 240
2451 193 249
2452 195 241
2453 198 247
2454 193 244
2455 204 249
2456 202 240
2457 195 255
2458 198 250
2459 203 257
2460 200 251
2461 198 246
2462 201 247
2463 195 250
2464 194 257
2465 204 242
2466 198 252
2467 195 251
2468 192 250
2469 190 242
2470 196 251
2471 202 248
2472 201 245
2473 204 250
2474 193 253
2475 215 177
2476 208 175
2477 217 189
2478 207 175
2479 206 177
2480 215 183
2481 218 178
2482 209 175
2483 208 176
2484 210 177
2485 215 182
2486 219 188
2487 219 181
2488 207 177
2489 206 181
2490 205 181
2491 207 182
2492 215 188
2493 211 186
2494 216 178
2495 217 180
2496 217 187
2497 207 181
2498 207 186
2499 216 186
2500 213 183
2501 208 188
2502 213 177
2503 205 187
2504 206 180
2505 33 195
2506 44 198
2507 31 200
2508 35 199
2509 33 195
2510 39 194
2511 33 201
2512 41 197
2513 41 194
2514 34 197
2515 45 202
2516 37 196
2517 44 192
2518 33 195
2519 38 191
2520 34 201
2521 37 203
2522 30 194
2523 36 190
2524 39 204
2525 36 195
2526 44 195
2527 44 191
2528 38 202
2529 42 200
2530 44 192
2531 34 198
2532 39 196
2533 30 197
2534 42 204
2535 116 214
2536 116 205
2537 117 209
2538 118 219
2539 116 207
2540 108 207
2541 117 218
2542 104 208
2543 117 207
2544 116 213
2545 115 214
2546 115 210
2547 111 215
2548 104 211
2549 108 211
2550 116 205
2551 109 213
2552 116 218
2553 113 215
2554 110 207
2555 111 214
2556 111 216
2557 113 212
2558 107 210
2559 117 218
2560 118 208
2561 109 206
2562 116 212
2563 110 216
2564 106 214
2565 87 101
2566 98 97
2567 96 86
2568 89 91
2569 97 96
2570 93 96
2571 96 94
2572 87 99
2573 96 90
2574 90 98
2575 89 99
2576 100 96
2577 89 95
2578 90 89
2579 98 91
2580 96 90
2581 88 97
2582 94 86
2583 91 96
2584 101 99
2585 101 88
2586 125 10
2587 132 2
2588 120 9
2589 124 10
2590 135 2
2591 127 6
2592 126 4
2593 129 11
2594 127 8
2595 131 11
2596 125 9
2597 122 10
2598 137 6
2599 122 8
2600 121 3
2601 127 9
2602 128 11
2603 128 3
2604 125 4
2605 120 9
2606 130 3
2607 130 7
2608 137 1
2609 124 2
2610 132 1
2611 137 7
2612 124 5
2613 124 9
2614 136 4
2615 122 0
2616 158 208
2617 158 215
2618 170 217
2619 165 214
2620 160 218
2621 172 214
2622 163 209
2623 174 216
2624 170 216
2625 160 216
2626 166 212
2627 171 209
2628 168 213
2629 167 218
2630 169 208
2631 159 219
2632 174 208
2633 164 214
2634 158 217
2635 164 215
2636 174 207
2637 167 217
2638 159 211
2639 173 205
2640 165 214
2641 170 215
2642 172 208
2643 168 218
2644 169 211
2645 165 206
2646 203 201
2647 190 200
2648 200 194
2649 194 198
2650 194 203
2651 200 204
2652 197 202
2653 194 203
2654 195 190
2655 193 201
2656 191 194
2657 195 192
2658 202 192
2659 192 196
2660 194 195
2661 201 204
2662 198 204
2663 192 194
2664 202 201
2665 28 49
2666 24 53
2667 15 55
2668 15 54
2669 27 61
2670 19 66
2671 22 56
2672 20 61
2673 28 52
2674 29 57
2675 14 55
2676 24 55
2677 19 56
2678 29 65
2679 27 56
2680 17 53
2681 17 65
2682 13 64
2683 16 53
2684 20 64
2685 23 65
2686 12 66
2687 28 60
2688 18 65
2689 19 62
2690 24 51
2691 13 65
2692 21 63
2693 17 59
2694 22 63
2695 183 23
2696 187 28
2697 176 17
2698 177 27
2699 185 22
2700 175 26
2701 178 17
2702 184 27
2703 178 12
2704 189 12
2705 182 21
2706 183 22
2707 179 23
2708 181 26
2709 175 15
2710 185 12
2711 186 14
2712 188 15
2713 177 19
2714 175 19
2715 178 29
2716 179 26
2717 188 27
2718 180 28
2719 181 27
2720 184 12
2721 176 23
2722 181 27
2723 176 18
2724 179 26
2725 208 17
2726 207 13
2727 207 25
2728 215 24
2729 206 15
2730 219 23
2731 208 23
2732 215 25
2733 206 22
2734 219 20
2735 215 20
2736 215 18
2737 209 28
2738 212 14
2739 211 15
2740 215 16
2741 205 17
2742 218 20
2743 207 18
2744 209 19
2745 212 26
2746 209 28
2747 213 21
2748 205 13
2749 207 25
2750 210 16
2751 218 20
2752 216 12
2753 207 16
2754 213 13
2755 201 217
2756 192 205
2757 199 209
2758 196 216
2759 190 208
2760 198 205
2761 193 219
2762 200 208
2763 197 210
2764 197 205
2765 191 218
2766 199 211
2767 203 212
2768 197 217
2769 192 205
2770 204 213
2771 199 219
2772 192 209
2773 196 205
2774 193 207
2775 201 215
2776 191 219
2777 194 211
2778 193 206
2779 197 217
2780 199 206
2781 197 211
2782 194 209
2783 194 208
2784 245 228
2785 246 225
2786 257 237
2787 251 235
2788 248 221
2789 247 239
2790 244 233
2791 243 232
2792 249 220
2793 256 227
2794 240 235
2795 253 233
2796 245 237
2797 253 221
2798 253 234
2799 245 228
2800 247 233
2801 250 236
2802 243 226
2803 244 235
2804 252 234
2805 243 221
2806 248 223
2807 248 221
2808 248 221
2809 256 226
2810 253 224
2811 241 227
2812 252 229
2813 245 227
2814 178 36
2815 188 41
2816 188 48
2817 189 34
2818 183 33
2819 189 30
2820 179 31
2821 183 31
2822 186 36
2823 189 34
2824 189 38
2825 181 31
2826 178 33
2827 189 48
2828 175 30
2829 179 32
2830 177 37
2831 183 38
2832 176 38
2833 175 34
2834 182 31
2835 182 48
2836 176 41
2837 181 39
2838 181 45
2839 178 48
2840 177 33
2841 176 31
2842 188 35
2843 183 47
2844 95 213
2845 91 215
2846 93 219
2847 95 212
2848 90 218
2849 89 207
2850 87 217
2851 95 209
2852 94 209
2853 95 213
2854 88 207
2855 96 218
2856 100 218
2857 98 218
2858 92 209
2859 91 218
2860 88 208
2861 98 210
2862 94 211
2863 99 209
2864 86 219
2865 90 212
2866 86 211
2867 88 207
2868 90 218
2869 91 207
2870 91 206
2871 98 213
2872 91 206
2873 94 216
