262 283 10 2919
0 6
1 11
2 6
3 7
4 7
5 9
6 8
7 9
8 6
9 9
10 7
11 10
12 3
13 3
14 3
15 3
16 3
17 4
18 4
19 3
20 3
21 3
22 3
23 3
24 7
25 3
26 5
27 3
28 3
29 3
30 3
31 3
32 3
33 3
34 4
35 3
36 3
37 3
38 5
39 3
40 3
41 4
42 3
43 3
44 4
45 3
46 4
47 3
48 3
49 3
50 3
51 3
52 3
53 4
54 3
55 3
56 4
57 3
58 3
59 4
60 3
61 3
62 3
63 3
64 6
65 3
66 5
67 4
68 5
69 3
70 3
71 3
72 3
73 3
74 3
75 4
76 3
77 4
78 3
79 3
80 4
81 3
82 6
83 3
84 3
85 3
86 3
87 3
88 3
89 3
90 5
91 4
92 3
93 5
94 3
95 5
96 3
97 3
98 3
99 4
100 3
101 3
102 4
103 3
104 3
105 3
106 3
107 4
108 3
109 3
110 4
111 3
112 3
113 4
114 3
115 3
116 3
117 3
118 3
119 3
120 3
121 5
122 3
123 3
124 3
125 3
126 4
127 4
128 3
129 3
130 5
131 4
132 3
133 3
134 3
135 3
136 3
137 6
138 3
139 3
140 4
141 3
142 3
143 3
144 3
145 3
146 3
147 3
148 4
149 3
150 3
151 3
152 3
153 3
154 4
155 3
156 3
157 3
158 3
159 3
160 3
161 4
162 3
163 3
164 3
165 3
166 4
167 3
168 4
169 3
170 6
171 4
172 3
173 3
174 3
175 5
176 3
177 3
178 4
179 3
180 3
181 3
182 3
183 3
184 3
185 5
186 3
187 3
188 3
189 5
190 3
191 3
192 3
193 3
194 3
195 4
196 3
197 3
198 3
199 4
200 3
201 5
202 5
203 5
204 3
205 4
206 3
207 3
208 3
209 3
210 3
211 3
212 5
213 3
214 3
215 5
216 4
217 4
218 3
219 3
220 3
221 4
222 3
223 3
224 3
225 3
226 3
227 3
228 3
229 3
230 5
231 3
232 4
233 3
234 6
235 3
236 3
237 3
238 3
239 3
240 3
241 3
242 3
243 3
244 3
245 4
246 3
247 5
248 4
249 3
250 4
251 3
252 3
253 3
254 4
255 4
256 3
257 3
258 3
259 4
260 3
261 3
0 0 3
1 0 6
2 0 7
3 0 208
4 1 2
5 1 4
6 1 5
7 1 7
8 1 8
9 1 9
10 1 11
11 1 31
12 1 84
13 2 3
14 2 5
15 2 8
16 2 9
17 2 171
18 3 7
19 3 10
20 3 11
21 3 244
22 4 6
23 4 10
24 4 11
25 4 152
26 5 7
27 5 8
28 5 11
29 5 12
30 5 66
31 6 9
32 6 10
33 6 11
34 6 191
35 7 9
36 7 11
37 7 137
38 8 9
39 8 10
40 8 11
41 9 11
42 9 226
43 10 11
44 10 46
45 10 119
46 11 102
47 12 18
48 13 20
49 13 26
50 14 17
51 14 18
52 14 29
53 15 26
54 16 24
55 17 22
56 18 27
57 19 29
58 21 24
59 23 25
60 23 28
61 24 26
62 24 29
63 24 30
64 27 28
65 31 43
66 32 43
67 32 41
68 33 36
69 33 38
70 34 42
71 34 36
72 35 43
73 36 39
74 37 40
75 37 42
76 38 44
77 38 45
78 41 44
79 46 55
80 46 62
81 47 48
82 47 60
83 47 56
84 49 63
85 49 65
86 50 56
87 51 61
88 51 53
89 52 57
90 52 64
91 53 64
92 54 63
93 56 58
94 58 64
95 59 64
96 59 63
97 62 64
98 66 69
99 66 74
100 67 70
101 67 77
102 68 71
103 68 82
104 68 75
105 72 80
106 73 78
107 73 82
108 74 77
109 75 81
110 75 80
111 76 82
112 77 78
113 79 82
114 80 83
115 84 91
116 84 101
117 85 93
118 85 95
119 86 88
120 87 90
121 88 96
122 89 92
123 90 95
124 90 100
125 91 100
126 92 93
127 93 99
128 94 97
129 95 98
130 96 99
131 97 101
132 102 107
133 102 104
134 103 115
135 104 112
136 105 109
137 105 117
138 106 110
139 107 114
140 107 117
141 108 115
142 108 109
143 110 111
144 110 112
145 112 118
146 113 116
147 113 117
148 119 120
149 120 122
150 121 124
151 121 131
152 121 135
153 122 128
154 122 136
155 123 131
156 124 129
157 125 126
158 126 130
159 127 134
160 127 133
161 128 130
162 130 133
163 130 135
164 132 133
165 137 139
166 137 150
167 137 151
168 138 147
169 139 140
170 140 142
171 140 143
172 141 149
173 142 144
174 143 145
175 143 148
176 144 146
177 146 147
178 148 149
179 152 154
180 153 163
181 154 160
182 154 155
183 154 166
184 155 161
185 156 161
186 157 158
187 157 168
188 159 164
189 162 166
190 162 168
191 162 170
192 163 170
193 164 169
194 164 170
195 165 170
196 167 169
197 171 183
198 171 177
199 171 178
200 172 178
201 172 185
202 173 179
203 174 175
204 175 186
205 175 185
206 176 187
207 177 179
208 178 189
209 179 188
210 180 189
211 181 185
212 181 190
213 182 185
214 184 189
215 186 187
216 191 205
217 192 194
218 192 202
219 193 203
220 195 202
221 195 206
222 196 201
223 197 203
224 198 205
225 199 206
226 199 201
227 200 201
228 201 207
229 202 205
230 203 204
231 203 205
232 208 219
233 209 211
234 210 223
235 211 212
236 212 219
237 212 213
238 213 223
239 214 217
240 215 223
241 215 224
242 215 217
243 216 221
244 216 219
245 217 220
246 217 225
247 218 225
248 221 222
249 226 243
250 227 239
251 227 241
252 228 239
253 229 240
254 230 237
255 230 242
256 230 232
257 231 242
258 232 236
259 233 241
260 234 235
261 234 240
262 234 241
263 234 236
264 234 243
265 238 240
266 244 260
267 244 254
268 245 246
269 245 255
270 245 256
271 247 248
272 247 254
273 247 259
274 248 253
275 249 254
276 250 259
277 250 252
278 251 255
279 252 257
280 256 258
281 257 258
282 257 261
0 156 37
1 163 38
2 169 33
3 161 33
4 169 37
5 167 40
6 160 34
7 164 33
8 159 39
9 166 45
10 153 42
11 165 42
12 163 39
13 156 36
14 162 31
15 163 32
16 161 43
17 164 34
18 158 42
19 169 33
20 160 42
21 155 38
22 156 44
23 167 34
24 155 44
25 158 39
26 162 38
27 153 42
28 170 36
29 165 33
30 78 243
31 67 235
32 68 233
33 72 232
34 72 243
35 74 238
36 73 232
37 69 235
38 67 230
39 78 243
40 72 240
41 82 234
42 67 243
43 76 232
44 72 230
45 67 239
46 66 241
47 78 236
48 68 235
49 83 240
50 80 238
51 72 228
52 72 235
53 78 228
54 67 231
55 79 233
56 76 227
57 70 231
58 78 236
59 75 243
60 18 226
61 20 231
62 29 238
63 14 228
64 19 230
65 20 226
66 20 237
67 20 242
68 17 242
69 19 242
70 17 235
71 30 229
72 18 231
73 25 232
74 21 236
75 18 228
76 22 233
77 29 238
78 26 236
79 27 233
80 25 235
81 30 242
82 12 238
83 27 227
84 19 233
85 22 228
86 23 230
87 15 233
88 17 237
89 30 230
90 216 211
91 211 221
92 220 209
93 208 224
94 218 216
95 218 211
96 225 216
97 214 221
98 209 224
99 217 221
100 209 210
101 217 211
102 208 222
103 218 221
104 221 208
105 211 210
106 224 214
107 212 222
108 217 208
109 212 218
110 212 220
111 122 249
112 126 253
113 124 256
114 126 248
115 133 244
116 132 246
117 128 259
118 122 249
119 134 245
120 125 244
121 128 251
122 134 250
123 119 254
124 124 256
125 121 259
126 120 260
127 126 253
128 127 246
129 132 256
130 129 257
131 133 253
132 127 248
133 135 244
134 122 249
135 132 261
136 134 261
137 131 244
138 130 254
139 136 251
140 120 260
141 172 220
142 174 225
143 181 213
144 181 222
145 172 221
146 173 208
147 179 213
148 188 209
149 177 211
150 181 210
151 172 219
152 176 222
153 174 216
154 172 210
155 180 215
156 175 212
157 171 217
158 180 218
159 185 221
160 179 208
161 185 209
162 181 213
163 185 210
164 175 208
165 182 217
166 190 210
167 176 212
168 184 208
169 177 216
170 180 210
171 149 34
172 151 35
173 145 40
174 140 45
175 140 44
176 145 44
177 139 36
178 137 34
179 145 35
180 150 39
181 139 39
182 137 38
183 142 31
184 150 32
185 148 39
186 143 42
187 148 45
188 144 42
189 140 32
190 148 33
191 145 38
192 144 36
193 138 33
194 146 38
195 138 38
196 145 31
197 150 32
198 149 34
199 150 45
200 139 32
201 188 234
202 174 236
203 186 234
204 190 242
205 180 228
206 177 230
207 179 231
208 178 226
209 181 243
210 187 240
211 175 237
212 190 238
213 176 236
214 175 237
215 187 236
216 177 242
217 176 240
218 184 234
219 184 236
220 190 231
221 190 228
222 175 237
223 182 227
224 172 240
225 174 234
226 175 238
227 175 236
228 190 233
229 177 235
230 190 233
231 228 57
232 239 63
233 237 48
234 235 51
235 237 64
236 233 65
237 233 49
238 231 55
239 243 57
240 233 58
241 238 56
242 242 60
243 227 48
244 232 64
245 236 62
246 230 53
247 227 55
248 240 61
249 235 55
250 235 56
251 231 47
252 232 54
253 235 65
254 227 61
255 237 65
256 243 55
257 243 52
258 234 62
259 238 58
260 235 48
261 49 259
262 56 257
263 47 258
264 52 244
265 53 261
266 64 245
267 62 256
268 53 260
269 55 247
270 49 248
271 56 256
272 65 259
273 57 245
274 59 258
275 56 258
276 60 247
277 52 258
278 63 257
279 47 258
280 65 261
281 58 248
282 50 250
283 53 247
284 47 248
285 49 247
286 46 253
287 50 256
288 48 261
289 63 249
290 64 244
291 239 245
292 240 257
293 237 259
294 238 254
295 231 256
296 231 261
297 231 256
298 237 257
299 232 250
300 241 244
301 240 256
302 241 251
303 235 256
304 241 256
305 237 246
306 231 244
307 231 252
308 241 258
309 227 260
310 232 249
311 234 254
312 228 258
313 233 254
314 231 245
315 232 248
316 242 245
317 226 250
318 237 256
319 228 258
320 242 248
321 52 7
322 54 7
323 57 1
324 58 6
325 58 11
326 57 9
327 59 5
328 49 2
329 54 4
330 53 6
331 47 2
332 61 7
333 52 7
334 57 3
335 47 1
336 53 4
337 64 6
338 63 5
339 55 2
340 60 6
341 62 6
342 55 0
343 56 11
344 48 9
345 47 2
346 51 2
347 54 7
348 54 11
349 57 10
350 241 112
351 233 103
352 241 112
353 233 106
354 241 105
355 229 103
356 233 110
357 238 108
358 227 111
359 236 109
360 230 111
361 231 111
362 240 116
363 226 114
364 236 103
365 230 108
366 228 114
367 232 110
368 239 114
369 232 108
370 228 112
371 229 113
372 232 103
373 241 111
374 228 104
375 243 115
376 235 116
377 238 113
378 238 113
379 227 105
380 102 29
381 118 23
382 110 26
383 108 19
384 111 19
385 118 26
386 118 14
387 118 23
388 107 22
389 109 29
390 103 23
391 110 24
392 112 26
393 114 23
394 111 29
395 104 23
396 107 15
397 110 17
398 107 23
399 113 25
400 113 23
401 103 29
402 105 29
403 104 24
404 109 26
405 109 24
406 109 18
407 102 13
408 105 15
409 118 23
410 136 11
411 131 1
412 134 1
413 131 6
414 136 7
415 125 9
416 130 8
417 134 2
418 130 3
419 127 5
420 134 11
421 126 4
422 125 11
423 128 5
424 121 2
425 125 4
426 129 0
427 125 0
428 121 8
429 129 4
430 120 3
431 122 3
432 131 10
433 136 6
434 129 1
435 132 0
436 120 0
437 124 0
438 246 178
439 246 175
440 256 188
441 255 183
442 257 180
443 249 177
444 257 186
445 251 185
446 252 176
447 252 188
448 257 171
449 246 172
450 249 179
451 247 182
452 258 178
453 252 189
454 261 186
455 248 189
456 259 182
457 258 174
458 252 172
459 253 175
460 254 171
461 244 184
462 258 178
463 246 179
464 252 188
465 252 190
466 247 180
467 247 178
468 73 241
469 72 239
470 81 235
471 74 242
472 73 238
473 83 236
474 73 237
475 74 229
476 66 234
477 66 239
478 81 235
479 80 238
480 83 240
481 71 243
482 68 227
483 67 236
484 73 233
485 77 229
486 74 228
487 81 228
488 80 235
489 68 226
490 68 237
491 83 226
492 66 241
493 77 242
494 71 243
495 81 227
496 66 236
497 71 234
498 3 76
499 7 79
500 5 83
501 7 70
502 2 82
503 4 75
504 2 70
505 8 68
506 7 70
507 6 83
508 7 74
509 2 83
510 0 76
511 6 73
512 9 70
513 5 70
514 5 75
515 0 72
516 4 77
517 7 76
518 10 74
519 9 76
520 7 82
521 11 78
522 4 72
523 1 75
524 1 73
525 8 80
526 1 75
527 113 89
528 102 99
529 113 96
530 114 84
531 106 100
532 117 101
533 102 96
534 106 100
535 107 95
536 107 94
537 117 92
538 104 99
539 108 100
540 106 100
541 115 101
542 116 90
543 115 100
544 118 86
545 109 98
546 107 101
547 114 93
548 118 97
549 107 85
550 115 94
551 102 98
552 118 86
553 113 99
554 110 84
555 110 85
556 117 101
557 75 136
558 83 123
559 68 122
560 67 132
561 73 119
562 66 136
563 72 126
564 80 129
565 66 128
566 80 134
567 81 125
568 79 132
569 77 129
570 72 123
571 77 123
572 81 127
573 78 122
574 75 124
575 82 136
576 66 133
577 68 136
578 82 127
579 76 134
580 70 123
581 70 129
582 79 129
583 82 131
584 77 135
585 82 135
586 76 128
587 82 115
588 83 102
589 73 108
590 81 118
591 83 118
592 67 116
593 68 111
594 68 108
595 74 114
596 83 117
597 73 102
598 80 112
599 80 115
600 83 113
601 82 117
602 80 102
603 72 116
604 80 110
605 75 106
606 68 113
607 69 112
608 68 114
609 77 109
610 82 116
611 83 112
612 76 103
613 80 103
614 75 112
615 69 116
616 81 104
617 52 50
618 52 51
619 59 65
620 50 51
621 48 53
622 54 51
623 49 57
624 52 56
625 54 65
626 57 48
627 54 55
628 60 49
629 50 48
630 62 60
631 61 54
632 60 65
633 54 60
634 62 57
635 59 46
636 63 62
637 57 61
638 62 49
639 53 46
640 32 20
641 42 29
642 37 29
643 33 29
644 38 17
645 44 15
646 41 20
647 42 12
648 45 23
649 31 26
650 34 12
651 42 21
652 31 12
653 43 13
654 34 24
655 43 14
656 32 12
657 41 30
658 38 30
659 36 30
660 39 12
661 37 19
662 42 23
663 40 23
664 44 22
665 36 26
666 31 23
667 45 12
668 37 18
669 38 19
670 179 243
671 173 234
672 179 227
673 176 242
674 175 237
675 171 242
676 184 237
677 175 237
678 183 243
679 186 233
680 179 226
681 186 234
682 181 228
683 187 238
684 186 236
685 174 238
686 179 227
687 180 227
688 185 240
689 188 233
690 171 228
691 171 227
692 189 231
693 182 237
694 186 230
695 171 234
696 180 241
697 189 241
698 173 230
699 180 238
700 110 5
701 112 5
702 103 11
703 113 1
704 106 8
705 117 3
706 107 1
707 106 2
708 113 4
709 108 4
710 111 5
711 113 4
712 116 1
713 115 10
714 111 4
715 110 11
716 112 2
717 103 0
718 111 4
719 106 6
720 104 8
721 106 10
722 111 4
723 116 5
724 118 1
725 104 2
726 107 2
727 112 8
728 113 7
729 26 147
730 12 151
731 20 142
732 17 140
733 17 147
734 20 151
735 20 138
736 18 144
737 15 145
738 18 151
739 30 138
740 25 137
741 29 138
742 21 151
743 14 143
744 14 151
745 12 142
746 26 146
747 19 140
748 14 146
749 26 144
750 16 142
751 25 143
752 27 149
753 13 148
754 16 148
755 21 138
756 28 148
757 15 151
758 18 142
759 241 125
760 238 126
761 229 121
762 229 133
763 231 125
764 232 129
765 231 126
766 226 135
767 231 135
768 241 120
769 228 124
770 241 129
771 232 127
772 238 121
773 235 129
774 228 123
775 231 122
776 234 132
777 242 128
778 243 124
779 238 119
780 238 127
781 240 135
782 240 131
783 235 119
784 243 119
785 239 128
786 241 119
787 229 136
788 233 120
789 157 139
790 155 144
791 165 137
792 152 147
793 169 149
794 168 151
795 162 150
796 161 147
797 161 139
798 159 145
799 168 144
800 152 141
801 161 140
802 156 140
803 156 140
804 166 141
805 152 148
806 154 140
807 167 138
808 169 142
809 155 150
810 167 148
811 156 148
812 169 140
813 152 148
814 160 145
815 168 148
816 167 141
817 155 140
818 165 147
819 196 177
820 204 174
821 196 173
822 198 185
823 203 178
824 203 185
825 206 172
826 203 175
827 205 183
828 205 187
829 194 182
830 201 189
831 194 174
832 200 183
833 197 182
834 204 181
835 201 188
836 206 188
837 200 174
838 205 173
839 194 179
840 201 184
841 191 187
842 205 186
843 191 173
844 205 180
845 199 184
846 193 180
847 206 181
848 194 184
849 80 219
850 68 220
851 66 221
852 83 216
853 81 217
854 67 221
855 69 221
856 80 221
857 68 221
858 72 224
859 67 222
860 75 223
861 76 216
862 81 216
863 77 212
864 79 214
865 77 223
866 77 209
867 72 208
868 73 223
869 80 219
870 80 213
871 82 225
872 76 220
873 80 214
874 82 221
875 74 222
876 69 215
877 74 214
878 70 216
879 44 225
880 38 212
881 39 210
882 37 213
883 43 214
884 40 211
885 31 210
886 39 211
887 38 213
888 42 218
889 40 213
890 44 210
891 43 216
892 40 213
893 34 217
894 43 224
895 40 220
896 33 212
897 42 224
898 39 210
899 42 222
900 40 211
901 39 211
902 34 219
903 43 210
904 37 209
905 35 222
906 36 209
907 42 208
908 34 216
909 53 48
910 57 51
911 56 62
912 61 47
913 57 51
914 56 57
915 49 55
916 61 64
917 54 60
918 52 55
919 62 56
920 50 49
921 49 56
922 49 64
923 57 48
924 47 53
925 52 63
926 58 63
927 55 54
928 247 243
929 260 226
930 248 243
931 256 227
932 255 236
933 250 240
934 250 229
935 253 233
936 249 229
937 246 228
938 257 233
939 260 227
940 261 229
941 249 239
942 244 241
943 259 232
944 254 231
945 248 231
946 252 226
947 261 229
948 245 228
949 246 228
950 256 241
951 261 242
952 249 238
953 259 238
954 255 229
955 261 238
956 244 227
957 246 243
958 240 33
959 237 37
960 233 39
961 242 34
962 230 41
963 227 44
964 238 32
965 229 32
966 233 32
967 231 31
968 227 45
969 240 41
970 227 40
971 234 40
972 227 41
973 239 45
974 234 37
975 231 39
976 235 42
977 239 41
978 235 40
979 242 43
980 234 35
981 237 32
982 240 31
983 229 34
984 228 43
985 226 36
986 243 31
987 231 36
988 258 33
989 251 42
990 244 40
991 248 32
992 260 41
993 246 40
994 259 32
995 245 41
996 250 40
997 244 45
998 250 32
999 251 33
1000 247 40
1001 248 45
1002 261 45
1003 246 38
1004 246 41
1005 252 43
1006 254 34
1007 260 31
1008 256 37
1009 252 37
1010 244 36
1011 261 34
1012 259 44
1013 260 38
1014 255 45
1015 256 37
1016 250 34
1017 258 39
1018 202 3
1019 196 2
1020 200 4
1021 195 3
1022 200 3
1023 199 8
1024 198 3
1025 203 0
1026 193 3
1027 200 3
1028 200 6
1029 198 6
1030 197 10
1031 191 1
1032 207 2
1033 207 11
1034 192 7
1035 197 10
1036 202 5
1037 192 3
1038 204 7
1039 194 8
1040 192 4
1041 207 8
1042 205 10
1043 198 9
1044 192 9
1045 201 4
1046 207 11
1047 194 4
1048 187 182
1049 178 176
1050 190 182
1051 188 175
1052 176 185
1053 190 177
1054 186 177
1055 175 180
1056 187 190
1057 176 184
1058 185 188
1059 173 172
1060 173 189
1061 179 183
1062 190 187
1063 177 189
1064 179 176
1065 184 179
1066 173 171
1067 182 173
1068 43 167
1069 35 155
1070 40 161
1071 33 166
1072 32 161
1073 36 170
1074 41 159
1075 39 169
1076 37 154
1077 41 168
1078 45 169
1079 38 161
1080 40 167
1081 41 160
1082 32 166
1083 37 158
1084 38 154
1085 45 155
1086 35 163
1087 35 164
1088 33 155
1089 32 162
1090 39 156
1091 40 164
1092 40 162
1093 33 167
1094 34 169
1095 31 168
1096 38 156
1097 39 168
1098 229 161
1099 237 154
1100 229 162
1101 229 156
1102 240 162
1103 239 166
1104 234 161
1105 241 160
1106 234 167
1107 228 165
1108 238 167
1109 228 155
1110 231 158
1111 233 155
1112 230 168
1113 242 155
1114 242 162
1115 236 161
1116 230 154
1117 229 167
1118 241 165
1119 236 164
1120 242 164
1121 240 153
1122 231 170
1123 240 166
1124 238 153
1125 236 161
1126 236 167
1127 238 153
1128 247 40
1129 247 36
1130 257 38
1131 260 45
1132 254 38
1133 249 40
1134 245 40
1135 255 39
1136 249 40
1137 255 32
1138 253 31
1139 246 35
1140 255 42
1141 254 44
1142 261 31
1143 248 42
1144 244 37
1145 255 31
1146 252 39
1147 246 43
1148 245 44
1149 256 38
1150 252 41
1151 257 35
1152 259 43
1153 259 41
1154 250 34
1155 256 44
1156 244 39
1157 261 45
1158 103 116
1159 114 108
1160 109 111
1161 112 103
1162 104 105
1163 109 114
1164 117 103
1165 107 111
1166 105 103
1167 118 109
1168 103 110
1169 114 118
1170 116 103
1171 102 109
1172 111 102
1173 113 102
1174 103 114
1175 109 111
1176 118 103
1177 106 103
1178 109 114
1179 256 66
1180 252 77
1181 260 76
1182 255 78
1183 261 80
1184 261 67
1185 261 83
1186 251 80
1187 247 82
1188 248 72
1189 250 74
1190 257 81
1191 248 77
1192 254 77
1193 252 70
1194 251 75
1195 250 67
1196 247 81
1197 256 72
1198 254 81
1199 249 68
1200 261 80
1201 245 67
1202 258 66
1203 260 75
1204 258 66
1205 253 80
1206 255 81
1207 260 78
1208 259 78
1209 102 69
1210 106 72
1211 104 77
1212 103 77
1213 112 79
1214 118 80
1215 113 83
1216 115 77
1217 105 77
1218 115 82
1219 102 76
1220 103 73
1221 106 72
1222 102 72
1223 111 78
1224 103 73
1225 107 69
1226 105 68
1227 106 68
1228 111 73
1229 118 81
1230 118 70
1231 106 74
1232 118 69
1233 107 82
1234 116 69
1235 107 83
1236 115 73
1237 112 72
1238 110 78
1239 133 253
1240 126 244
1241 130 246
1242 127 257
1243 135 246
1244 130 258
1245 120 261
1246 126 253
1247 135 257
1248 124 257
1249 135 248
1250 126 254
1251 134 260
1252 128 248
1253 132 249
1254 122 255
1255 119 254
1256 124 246
1257 127 258
1258 124 244
1259 122 257
1260 128 253
1261 127 257
1262 131 253
1263 121 250
1264 126 249
1265 120 251
1266 126 245
1267 123 253
1268 121 253
1269 155 113
1270 169 107
1271 167 112
1272 167 117
1273 157 102
1274 166 112
1275 153 106
1276 155 118
1277 159 115
1278 166 106
1279 165 105
1280 163 116
1281 152 103
1282 156 113
1283 168 108
1284 161 115
1285 152 110
1286 166 117
1287 152 110
1288 161 113
1289 167 117
1290 170 111
1291 160 114
1292 156 116
1293 169 118
1294 170 113
1295 166 109
1296 160 104
1297 157 115
1298 153 117
1299 72 180
1300 78 188
1301 66 180
1302 73 181
1303 83 176
1304 76 179
1305 80 178
1306 81 186
1307 76 182
1308 71 174
1309 69 175
1310 69 177
1311 82 173
1312 83 173
1313 80 186
1314 73 178
1315 68 171
1316 83 176
1317 75 187
1318 75 181
1319 74 171
1320 69 187
1321 67 187
1322 68 180
1323 67 188
1324 74 179
1325 78 185
1326 69 189
1327 67 173
1328 78 190
1329 93 210
1330 97 221
1331 101 217
1332 86 221
1333 85 219
1334 95 216
1335 85 211
1336 92 210
1337 86 220
1338 88 215
1339 95 208
1340 86 223
1341 99 220
1342 90 210
1343 97 219
1344 87 213
1345 86 215
1346 98 218
1347 88 216
1348 97 220
1349 96 220
1350 88 212
1351 84 208
1352 90 219
1353 94 213
1354 85 225
1355 96 221
1356 101 218
1357 96 211
1358 90 223
1359 117 32
1360 107 38
1361 108 41
1362 112 36
1363 113 32
1364 109 36
1365 105 32
1366 106 40
1367 103 42
1368 116 44
1369 113 43
1370 103 44
1371 104 34
1372 114 45
1373 110 37
1374 115 35
1375 115 37
1376 118 38
1377 118 44
1378 109 38
1379 113 41
1380 118 34
1381 112 41
1382 118 38
1383 117 45
1384 117 38
1385 103 35
1386 110 38
1387 102 43
1388 106 40
1389 128 216
1390 128 212
1391 129 213
1392 122 217
1393 133 211
1394 136 211
1395 119 219
1396 124 219
1397 119 209
1398 131 215
1399 133 215
1400 128 217
1401 134 225
1402 131 209
1403 129 224
1404 123 213
1405 131 217
1406 129 209
1407 127 221
1408 122 221
1409 126 217
1410 132 221
1411 121 224
1412 129 209
1413 120 223
1414 126 218
1415 121 219
1416 122 208
1417 128 218
1418 120 214
1419 195 197
1420 192 203
1421 200 195
1422 204 198
1423 197 194
1424 191 207
1425 198 192
1426 193 196
1427 192 191
1428 197 196
1429 206 203
1430 202 204
1431 196 198
1432 207 202
1433 203 195
1434 196 195
1435 205 207
1436 195 191
1437 193 199
1438 193 195
1439 196 191
1440 192 200
1441 168 60
1442 167 51
1443 154 54
1444 153 54
1445 163 65
1446 152 63
1447 153 54
1448 155 48
1449 155 62
1450 166 51
1451 169 50
1452 155 53
1453 169 50
1454 167 65
1455 163 46
1456 168 56
1457 157 63
1458 166 54
1459 158 50
1460 166 53
1461 167 63
1462 162 50
1463 159 64
1464 157 52
1465 154 51
1466 169 48
1467 152 62
1468 152 59
1469 166 46
1470 157 56
1471 10 49
1472 3 53
1473 3 49
1474 9 46
1475 9 47
1476 7 58
1477 2 56
1478 6 48
1479 2 52
1480 7 65
1481 4 52
1482 5 60
1483 3 51
1484 10 60
1485 5 53
1486 7 50
1487 11 48
1488 3 65
1489 3 62
1490 3 63
1491 9 55
1492 0 58
1493 8 48
1494 8 51
1495 9 54
1496 6 52
1497 0 59
1498 9 63
1499 10 49
1500 0 47
1501 185 194
1502 182 200
1503 179 197
1504 172 193
1505 171 203
1506 190 203
1507 178 195
1508 182 196
1509 177 196
1510 175 204
1511 176 200
1512 173 192
1513 183 191
1514 181 205
1515 180 194
1516 181 204
1517 177 204
1518 183 202
1519 184 192
1520 190 201
1521 187 192
1522 187 195
1523 180 193
1524 182 195
1525 190 202
1526 175 200
1527 179 204
1528 189 204
1529 176 195
1530 190 201
1531 135 52
1532 121 65
1533 126 47
1534 125 58
1535 125 59
1536 126 60
1537 130 46
1538 134 55
1539 129 58
1540 126 47
1541 119 61
1542 119 53
1543 125 48
1544 131 60
1545 126 58
1546 125 49
1547 128 56
1548 134 57
1549 133 61
1550 136 47
1551 122 55
1552 120 54
1553 129 56
1554 134 57
1555 129 51
1556 121 50
1557 125 63
1558 132 50
1559 123 63
1560 121 51
1561 51 250
1562 46 246
1563 63 253
1564 64 247
1565 65 259
1566 54 259
1567 51 254
1568 48 257
1569 57 253
1570 57 254
1571 52 252
1572 59 244
1573 55 253
1574 46 250
1575 55 252
1576 49 261
1577 57 244
1578 50 261
1579 46 247
1580 63 248
1581 58 252
1582 49 254
1583 64 252
1584 58 251
1585 47 250
1586 61 244
1587 46 257
1588 59 249
1589 61 252
1590 49 244
1591 45 40
1592 31 40
1593 42 41
1594 32 45
1595 39 32
1596 32 42
1597 40 39
1598 37 33
1599 39 44
1600 42 32
1601 37 33
1602 37 41
1603 39 45
1604 39 31
1605 44 39
1606 39 38
1607 31 38
1608 41 31
1609 36 44
1610 26 214
1611 15 216
1612 18 212
1613 23 220
1614 29 212
1615 16 209
1616 15 221
1617 27 215
1618 13 209
1619 23 218
1620 17 225
1621 24 217
1622 30 223
1623 26 225
1624 24 216
1625 28 218
1626 28 214
1627 18 211
1628 15 225
1629 22 224
1630 21 224
1631 14 217
1632 22 218
1633 13 210
1634 19 222
1635 29 220
1636 22 209
1637 28 218
1638 19 213
1639 23 210
1640 189 257
1641 174 251
1642 173 254
1643 183 254
1644 188 256
1645 187 254
1646 171 255
1647 179 251
1648 176 248
1649 175 244
1650 183 255
1651 185 261
1652 176 252
1653 183 255
1654 173 249
1655 182 244
1656 171 248
1657 179 261
1658 181 247
1659 174 244
1660 179 253
1661 184 256
1662 182 246
1663 180 251
1664 183 247
1665 187 247
1666 187 256
1667 171 251
1668 184 258
1669 174 261
1670 259 21
1671 256 25
1672 257 20
1673 248 20
1674 257 18
1675 254 29
1676 254 21
1677 261 20
1678 261 12
1679 244 26
1680 245 16
1681 248 30
1682 247 12
1683 253 20
1684 248 25
1685 249 15
1686 251 14
1687 247 21
1688 247 24
1689 257 20
1690 250 12
1691 248 22
1692 261 26
1693 261 24
1694 246 26
1695 244 26
1696 244 22
1697 255 21
1698 250 15
1699 257 15
1700 90 162
1701 87 152
1702 93 156
1703 88 168
1704 98 166
1705 92 163
1706 91 152
1707 96 159
1708 98 163
1709 94 154
1710 87 158
1711 98 162
1712 101 152
1713 86 158
1714 89 165
1715 97 159
1716 100 167
1717 89 152
1718 89 163
1719 84 170
1720 85 157
1721 87 162
1722 97 164
1723 85 160
1724 96 152
1725 92 161
1726 90 160
1727 101 157
1728 95 158
1729 96 162
1730 178 190
1731 184 172
1732 184 190
1733 182 183
1734 179 181
1735 182 183
1736 178 174
1737 188 175
1738 171 184
1739 188 175
1740 172 177
1741 184 188
1742 173 182
1743 183 190
1744 182 171
1745 179 174
1746 190 183
1747 186 181
1748 177 190
1749 175 178
1750 188 181
1751 171 181
1752 183 186
1753 140 248
1754 139 261
1755 139 259
1756 146 255
1757 148 246
1758 151 249
1759 148 249
1760 142 256
1761 144 252
1762 146 260
1763 144 254
1764 148 254
1765 140 244
1766 146 256
1767 143 254
1768 147 257
1769 141 245
1770 142 247
1771 146 245
1772 139 245
1773 137 250
1774 145 254
1775 145 246
1776 150 260
1777 137 253
1778 143 246
1779 149 254
1780 148 244
1781 150 255
1782 150 248
1783 181 157
1784 181 156
1785 186 161
1786 172 155
1787 183 158
1788 189 167
1789 188 165
1790 171 163
1791 186 160
1792 180 168
1793 189 167
1794 184 159
1795 179 165
1796 171 157
1797 176 166
1798 181 167
1799 175 162
1800 189 153
1801 188 159
1802 186 162
1803 172 159
1804 171 164
1805 171 166
1806 179 154
1807 178 163
1808 176 166
1809 179 167
1810 189 167
1811 173 163
1812 181 169
1813 32 72
1814 39 71
1815 42 69
1816 45 66
1817 38 77
1818 40 74
1819 37 77
1820 32 82
1821 31 75
1822 31 83
1823 42 71
1824 41 70
1825 40 80
1826 31 70
1827 39 70
1828 44 71
1829 41 82
1830 32 81
1831 42 81
1832 38 79
1833 43 73
1834 37 67
1835 45 71
1836 41 76
1837 38 77
1838 31 81
1839 39 73
1840 44 75
1841 37 82
1842 31 78
1843 212 180
1844 210 176
1845 220 187
1846 213 190
1847 223 176
1848 221 178
1849 210 183
1850 210 182
1851 220 185
1852 215 186
1853 218 189
1854 215 181
1855 218 180
1856 219 176
1857 222 176
1858 220 185
1859 219 182
1860 221 189
1861 215 182
1862 212 175
1863 217 190
1864 217 177
1865 210 183
1866 210 190
1867 220 185
1868 221 184
1869 210 175
1870 222 175
1871 220 177
1872 216 172
1873 240 216
1874 235 214
1875 232 224
1876 229 225
1877 236 222
1878 227 209
1879 235 217
1880 236 215
1881 241 209
1882 239 220
1883 235 216
1884 238 215
1885 243 213
1886 230 223
1887 243 218
1888 237 218
1889 226 221
1890 232 209
1891 234 209
1892 238 222
1893 227 213
1894 236 219
1895 240 212
1896 231 223
1897 242 222
1898 231 223
1899 227 217
1900 233 224
1901 234 218
1902 238 209
1903 21 127
1904 30 121
1905 22 134
1906 13 129
1907 19 136
1908 27 131
1909 13 122
1910 28 131
1911 20 133
1912 13 128
1913 25 128
1914 19 126
1915 16 131
1916 13 136
1917 17 121
1918 13 125
1919 19 120
1920 21 127
1921 26 131
1922 17 119
1923 24 127
1924 14 122
1925 23 130
1926 12 129
1927 20 136
1928 12 125
1929 26 123
1930 22 123
1931 13 120
1932 26 123
1933 96 47
1934 97 57
1935 94 59
1936 89 50
1937 91 59
1938 95 56
1939 100 48
1940 100 65
1941 91 57
1942 90 53
1943 89 62
1944 86 47
1945 93 52
1946 84 64
1947 93 61
1948 97 65
1949 96 50
1950 90 50
1951 96 50
1952 98 47
1953 89 52
1954 92 50
1955 99 65
1956 97 56
1957 87 51
1958 100 65
1959 94 63
1960 100 55
1961 85 46
1962 93 59
1963 163 250
1964 162 255
1965 165 252
1966 159 256
1967 154 250
1968 160 257
1969 164 258
1970 168 247
1971 152 259
1972 159 248
1973 152 252
1974 156 252
1975 164 249
1976 162 261
1977 163 260
1978 155 245
1979 168 248
1980 162 261
1981 167 247
1982 170 251
1983 164 258
1984 158 258
1985 166 248
1986 153 244
1987 166 247
1988 165 245
1989 169 253
1990 158 244
1991 159 254
1992 168 260
1993 3 65
1994 2 50
1995 0 60
1996 0 57
1997 9 64
1998 3 50
1999 11 53
2000 7 63
2001 11 62
2002 5 65
2003 6 51
2004 0 46
2005 7 48
2006 7 50
2007 7 49
2008 2 61
2009 5 64
2010 3 62
2011 4 58
2012 1 56
2013 2 49
2014 7 52
2015 3 54
2016 11 57
2017 0 57
2018 5 49
2019 9 52
2020 67 44
2021 73 35
2022 68 36
2023 68 43
2024 66 31
2025 82 34
2026 75 41
2027 83 45
2028 77 41
2029 82 41
2030 83 43
2031 75 42
2032 78 36
2033 81 41
2034 66 31
2035 68 45
2036 67 31
2037 67 37
2038 72 39
2039 83 36
2040 69 40
2041 70 31
2042 71 41
2043 77 33
2044 72 32
2045 79 32
2046 82 38
2047 80 37
2048 70 33
2049 75 41
2050 41 67
2051 40 75
2052 32 66
2053 37 66
2054 36 80
2055 33 75
2056 41 75
2057 31 76
2058 42 78
2059 31 82
2060 31 72
2061 42 67
2062 36 71
2063 35 80
2064 45 70
2065 35 81
2066 37 66
2067 40 75
2068 35 68
2069 37 81
2070 37 68
2071 33 80
2072 39 76
2073 43 79
2074 43 76
2075 31 70
2076 37 72
2077 36 68
2078 42 83
2079 32 80
2080 208 70
2081 218 66
2082 222 76
2083 219 74
2084 209 76
2085 214 70
2086 209 68
2087 221 71
2088 224 83
2089 224 74
2090 209 67
2091 212 82
2092 223 73
2093 208 71
2094 215 67
2095 225 79
2096 210 67
2097 222 77
2098 210 67
2099 214 80
2100 215 66
2101 218 83
2102 208 69
2103 213 73
2104 216 71
2105 210 74
2106 223 76
2107 225 73
2108 211 75
2109 221 73
2110 212 170
2111 219 152
2112 221 157
2113 218 153
2114 225 154
2115 212 157
2116 212 162
2117 220 170
2118 211 165
2119 223 163
2120 221 165
2121 224 168
2122 219 163
2123 212 162
2124 219 162
2125 220 163
2126 215 159
2127 217 165
2128 211 162
2129 216 160
2130 223 154
2131 219 168
2132 219 155
2133 210 159
2134 221 167
2135 218 164
2136 210 166
2137 223 164
2138 214 168
2139 219 154
2140 42 156
2141 32 165
2142 38 158
2143 38 164
2144 41 160
2145 45 165
2146 32 153
2147 40 162
2148 36 154
2149 33 152
2150 38 162
2151 42 165
2152 35 157
2153 32 168
2154 34 161
2155 38 164
2156 33 166
2157 41 168
2158 41 170
2159 33 167
2160 33 169
2161 35 163
2162 31 164
2163 42 158
2164 40 165
2165 45 169
2166 34 167
2167 41 167
2168 42 157
2169 42 158
2170 58 165
2171 46 162
2172 52 167
2173 54 161
2174 46 152
2175 62 154
2176 51 153
2177 46 157
2178 56 155
2179 59 160
2180 51 154
2181 62 154
2182 47 157
2183 50 157
2184 61 169
2185 55 162
2186 50 154
2187 47 158
2188 61 165
2189 48 170
2190 60 166
2191 56 155
2192 51 162
2193 53 153
2194 58 168
2195 48 154
2196 52 156
2197 60 152
2198 63 159
2199 60 163
2200 88 153
2201 90 154
2202 97 155
2203 93 162
2204 93 168
2205 99 157
2206 91 158
2207 98 157
2208 89 159
2209 93 170
2210 97 153
2211 98 154
2212 96 163
2213 96 159
2214 95 162
2215 95 167
2216 93 170
2217 90 155
2218 98 158
2219 91 154
2220 92 161
2221 94 157
2222 84 160
2223 95 170
2224 95 163
2225 99 169
2226 85 168
2227 98 170
2228 84 154
2229 95 169
2230 213 9
2231 224 11
2232 219 5
2233 214 11
2234 210 4
2235 222 2
2236 223 7
2237 221 0
2238 220 1
2239 222 4
2240 213 0
2241 214 4
2242 210 8
2243 213 3
2244 219 11
2245 221 4
2246 224 3
2247 216 8
2248 210 4
2249 224 3
2250 213 5
2251 210 0
2252 222 8
2253 218 2
2254 212 5
2255 215 5
2256 214 6
2257 208 9
2258 213 5
2259 13 96
2260 24 94
2261 27 95
2262 18 97
2263 22 101
2264 12 88
2265 29 86
2266 24 93
2267 15 93
2268 15 87
2269 17 89
2270 21 85
2271 20 88
2272 17 95
2273 29 96
2274 22 95
2275 25 97
2276 30 100
2277 26 94
2278 15 88
2279 28 88
2280 17 84
2281 14 95
2282 14 90
2283 26 90
2284 17 91
2285 14 100
2286 17 93
2287 29 88
2288 21 84
2289 207 48
2290 192 61
2291 196 57
2292 200 54
2293 207 57
2294 203 57
2295 192 58
2296 197 59
2297 199 51
2298 201 61
2299 196 64
2300 205 58
2301 195 53
2302 198 47
2303 198 64
2304 195 58
2305 199 56
2306 199 59
2307 201 55
2308 200 61
2309 200 56
2310 198 62
2311 198 60
2312 203 47
2313 202 57
2314 193 59
2315 199 63
2316 197 61
2317 192 52
2318 206 50
2319 67 250
2320 72 260
2321 78 259
2322 67 250
2323 70 256
2324 71 247
2325 76 261
2326 68 252
2327 73 244
2328 80 252
2329 71 246
2330 78 260
2331 73 249
2332 77 261
2333 71 251
2334 69 249
2335 68 247
2336 66 245
2337 76 245
2338 79 244
2339 74 250
2340 82 246
2341 70 258
2342 67 261
2343 78 245
2344 73 257
2345 78 254
2346 72 249
2347 75 259
2348 74 248
2349 172 86
2350 187 95
2351 172 100
2352 179 87
2353 175 96
2354 182 85
2355 185 100
2356 185 101
2357 175 95
2358 185 87
2359 172 91
2360 173 92
2361 178 93
2362 189 99
2363 183 92
2364 188 96
2365 186 87
2366 175 100
2367 172 91
2368 188 92
2369 174 92
2370 180 91
2371 184 101
2372 183 84
2373 189 92
2374 171 91
2375 178 98
2376 178 88
2377 182 97
2378 183 88
2379 103 101
2380 104 90
2381 102 98
2382 113 84
2383 114 84
2384 110 85
2385 108 88
2386 111 97
2387 112 101
2388 118 93
2389 118 91
2390 107 101
2391 117 96
2392 108 92
2393 109 100
2394 116 85
2395 114 100
2396 117 86
2397 113 97
2398 103 92
2399 115 84
2400 107 95
2401 110 96
2402 115 91
2403 116 88
2404 115 90
2405 112 85
2406 103 85
2407 106 100
2408 111 88
2409 227 92
2410 237 101
2411 236 95
2412 231 96
2413 236 85
2414 229 91
2415 232 95
2416 229 91
2417 238 96
2418 230 86
2419 239 89
2420 240 90
2421 240 86
2422 237 98
2423 226 87
2424 235 85
2425 231 90
2426 230 94
2427 226 94
2428 229 91
2429 233 101
2430 235 88
2431 233 99
2432 234 91
2433 233 97
2434 235 94
2435 241 92
2436 229 95
2437 235 95
2438 236 97
2439 48 86
2440 58 87
2441 47 89
2442 54 96
2443 53 86
2444 62 85
2445 48 96
2446 57 96
2447 47 87
2448 57 90
2449 56 94
2450 64 92
2451 48 100
2452 52 87
2453 51 95
2454 49 88
2455 54 84
2456 53 100
2457 46 88
2458 58 91
2459 59 88
2460 56 89
2461 53 101
2462 58 86
2463 54 87
2464 52 93
2465 61 98
2466 46 99
2467 46 93
2468 64 94
2469 210 147
2470 212 148
2471 208 137
2472 222 139
2473 209 139
2474 211 149
2475 217 144
2476 212 145
2477 223 143
2478 218 145
2479 214 150
2480 224 151
2481 216 149
2482 220 150
2483 212 151
2484 214 141
2485 217 140
2486 218 142
2487 209 140
2488 212 138
2489 218 142
2490 213 143
2491 209 150
2492 210 149
2493 217 143
2494 223 144
2495 217 146
2496 221 150
2497 213 146
2498 218 140
2499 214 153
2500 214 161
2501 215 157
2502 218 169
2503 224 165
2504 223 165
2505 214 152
2506 223 160
2507 222 153
2508 212 153
2509 217 152
2510 215 161
2511 221 163
2512 221 152
2513 222 161
2514 223 153
2515 215 154
2516 210 156
2517 224 157
2518 208 170
2519 217 162
2520 209 170
2521 221 166
2522 223 152
2523 217 161
2524 210 153
2525 223 169
2526 219 168
2527 210 161
2528 208 161
2529 201 247
2530 202 260
2531 201 245
2532 199 246
2533 207 254
2534 191 255
2535 197 245
2536 206 252
2537 201 258
2538 204 261
2539 191 246
2540 201 258
2541 196 260
2542 202 246
2543 204 249
2544 194 255
2545 191 260
2546 198 255
2547 207 247
2548 202 257
2549 205 250
2550 196 249
2551 194 252
2552 206 252
2553 195 246
2554 194 254
2555 199 255
2556 199 259
2557 205 245
2558 200 261
2559 140 183
2560 146 188
2561 144 180
2562 151 171
2563 148 184
2564 149 179
2565 148 190
2566 148 180
2567 147 179
2568 147 176
2569 138 188
2570 140 187
2571 137 182
2572 148 184
2573 144 188
2574 138 186
2575 143 173
2576 144 185
2577 141 184
2578 143 186
2579 147 187
2580 143 182
2581 147 174
2582 139 173
2583 143 182
2584 137 187
2585 151 183
2586 147 187
2587 143 177
2588 146 184
2589 25 66
2590 15 74
2591 29 82
2592 22 70
2593 24 66
2594 20 79
2595 27 66
2596 24 76
2597 19 69
2598 25 67
2599 24 83
2600 17 77
2601 17 80
2602 18 74
2603 25 67
2604 28 69
2605 28 81
2606 27 79
2607 25 81
2608 30 69
2609 30 71
2610 15 76
2611 26 66
2612 22 70
2613 12 74
2614 30 74
2615 26 74
2616 17 68
2617 18 83
2618 28 72
2619 134 116
2620 129 117
2621 120 105
2622 124 112
2623 119 117
2624 136 118
2625 127 105
2626 135 117
2627 132 112
2628 136 110
2629 127 106
2630 124 102
2631 127 117
2632 125 104
2633 135 107
2634 126 111
2635 124 114
2636 136 105
2637 133 111
2638 128 116
2639 124 108
2640 135 105
2641 122 102
2642 128 112
2643 125 105
2644 120 110
2645 135 113
2646 132 109
2647 133 110
2648 128 111
2649 221 9
2650 220 0
2651 209 0
2652 208 11
2653 212 5
2654 217 10
2655 213 6
2656 215 6
2657 212 2
2658 211 3
2659 219 9
2660 214 3
2661 218 9
2662 208 5
2663 217 7
2664 219 2
2665 212 2
2666 222 10
2667 216 7
2668 222 7
2669 222 4
2670 220 1
2671 214 9
2672 217 7
2673 220 4
2674 212 9
2675 211 4
2676 213 10
2677 213 8
2678 224 1
2679 93 124
2680 89 130
2681 100 119
2682 101 120
2683 101 133
2684 99 119
2685 90 120
2686 100 121
2687 94 133
2688 93 122
2689 98 129
2690 93 124
2691 98 125
2692 90 127
2693 87 127
2694 95 127
2695 94 132
2696 101 135
2697 88 136
2698 86 129
2699 98 131
2700 99 119
2701 92 129
2702 86 124
2703 99 121
2704 94 124
2705 86 120
2706 94 133
2707 88 134
2708 94 126
2709 194 145
2710 192 151
2711 194 139
2712 206 144
2713 198 137
2714 194 138
2715 198 138
2716 194 143
2717 194 137
2718 194 147
2719 191 142
2720 197 151
2721 206 148
2722 204 147
2723 193 137
2724 205 139
2725 198 145
2726 195 138
2727 205 148
2728 198 148
2729 199 147
2730 201 137
2731 205 140
2732 206 138
2733 194 142
2734 204 147
2735 195 148
2736 202 143
2737 192 139
2738 191 147
2739 236 46
2740 235 63
2741 240 64
2742 228 47
2743 237 48
2744 241 49
2745 242 57
2746 233 60
2747 229 62
2748 232 47
2749 240 65
2750 228 46
2751 240 49
2752 238 58
2753 226 65
2754 242 63
2755 232 61
2756 228 61
2757 237 52
2758 240 48
2759 226 55
2760 236 49
2761 237 47
2762 233 47
2763 236 56
2764 227 46
2765 240 64
2766 237 53
2767 236 58
2768 226 53
2769 215 59
2770 213 47
2771 208 59
2772 208 50
2773 208 58
2774 212 47
2775 213 53
2776 223 51
2777 223 53
2778 211 55
2779 215 62
2780 211 50
2781 221 51
2782 212 63
2783 214 49
2784 211 59
2785 216 49
2786 219 60
2787 223 64
2788 209 56
2789 217 59
2790 218 58
2791 212 51
2792 224 58
2793 220 58
2794 222 58
2795 219 59
2796 219 47
2797 220 48
2798 224 48
2799 261 140
2800 253 143
2801 255 141
2802 257 137
2803 260 149
2804 258 138
2805 254 141
2806 260 143
2807 245 142
2808 254 149
2809 247 141
2810 254 149
2811 246 146
2812 261 148
2813 249 146
2814 249 149
2815 246 151
2816 261 138
2817 249 140
2818 260 148
2819 251 138
2820 254 140
2821 252 138
2822 256 142
2823 244 139
2824 247 150
2825 261 142
2826 249 146
2827 244 139
2828 256 146
2829 205 150
2830 197 143
2831 203 141
2832 192 147
2833 194 142
2834 207 143
2835 207 137
2836 203 139
2837 198 151
2838 191 138
2839 200 141
2840 194 142
2841 194 139
2842 192 139
2843 198 142
2844 192 141
2845 203 146
2846 204 145
2847 204 142
2848 199 146
2849 199 146
2850 197 140
2851 197 142
2852 204 138
2853 192 149
2854 202 149
2855 192 143
2856 193 144
2857 200 141
2858 204 141
2859 177 12
2860 190 24
2861 185 20
2862 174 21
2863 174 30
2864 188 29
2865 189 22
2866 173 27
2867 177 19
2868 179 28
2869 187 20
2870 184 16
2871 179 21
2872 178 25
2873 183 19
2874 172 22
2875 174 13
2876 174 18
2877 186 22
2878 184 16
2879 185 18
2880 183 19
2881 182 20
2882 181 17
2883 178 26
2884 171 29
2885 172 22
2886 186 27
2887 175 30
2888 174 27
2889 213 36
2890 222 32
2891 209 33
2892 216 35
2893 224 44
2894 212 45
2895 215 36
2896 212 37
2897 221 41
2898 221 38
2899 209 45
2900 208 42
2901 222 44
2902 216 38
2903 209 38
2904 211 31
2905 221 41
2906 220 40
2907 221 43
2908 217 35
2909 224 33
2910 214 36
2911 211 39
2912 216 41
2913 213 38
2914 222 37
2915 222 37
2916 211 32
2917 209 33
2918 221 36
