271 292 10 2955
0 6
1 9
2 7
3 8
4 10
5 11
6 3
7 7
8 10
9 9
10 8
11 4
12 4
13 3
14 4
15 3
16 3
17 3
18 3
19 3
20 3
21 3
22 3
23 3
24 4
25 6
26 3
27 6
28 4
29 4
30 3
31 3
32 3
33 4
34 3
35 3
36 3
37 3
38 3
39 3
40 3
41 3
42 3
43 4
44 3
45 4
46 3
47 3
48 3
49 4
50 3
51 3
52 3
53 5
54 3
55 3
56 5
57 6
58 3
59 3
60 3
61 3
62 3
63 4
64 4
65 4
66 4
67 4
68 3
69 3
70 3
71 3
72 3
73 3
74 4
75 4
76 4
77 3
78 4
79 3
80 4
81 4
82 4
83 3
84 3
85 4
86 3
87 3
88 3
89 3
90 3
91 3
92 3
93 3
94 5
95 4
96 3
97 4
98 5
99 4
100 4
101 3
102 4
103 3
104 3
105 3
106 3
107 3
108 3
109 3
110 3
111 3
112 3
113 6
114 3
115 3
116 3
117 3
118 3
119 3
120 3
121 3
122 4
123 3
124 4
125 5
126 4
127 3
128 3
129 4
130 4
131 3
132 3
133 3
134 6
135 4
136 3
137 3
138 4
139 3
140 6
141 3
142 3
143 5
144 4
145 3
146 3
147 3
148 3
149 3
150 4
151 3
152 3
153 7
154 3
155 3
156 4
157 4
158 3
159 3
160 4
161 3
162 3
163 4
164 3
165 3
166 4
167 3
168 3
169 3
170 4
171 3
172 4
173 3
174 5
175 3
176 4
177 6
178 3
179 3
180 3
181 3
182 3
183 3
184 3
185 3
186 3
187 4
188 3
189 3
190 3
191 5
192 3
193 4
194 5
195 3
196 4
197 4
198 3
199 3
200 3
201 3
202 3
203 3
204 3
205 4
206 3
207 3
208 3
209 4
210 3
211 3
212 5
213 4
214 3
215 3
216 3
217 3
218 3
219 3
220 3
221 4
222 3
223 4
224 3
225 3
226 3
227 4
228 6
229 3
230 3
231 3
232 3
233 3
234 5
235 3
236 3
237 4
238 3
239 4
240 3
241 3
242 4
243 3
244 3
245 3
246 3
247 3
248 3
249 3
250 3
251 3
252 3
253 3
254 3
255 3
256 4
257 3
258 3
259 4
260 3
261 3
262 3
263 4
264 4
265 3
266 4
267 3
268 5
269 3
270 3
0 0 2
1 0 4
2 0 5
3 0 9
4 1 3
5 1 4
6 1 5
7 1 6
8 1 7
9 1 11
10 1 81
11 2 3
12 2 4
13 2 6
14 2 8
15 2 9
16 2 12
17 3 5
18 3 7
19 3 9
20 3 10
21 3 116
22 3 253
23 4 5
24 4 9
25 4 10
26 4 11
27 4 169
28 4 220
29 5 7
30 5 9
31 5 10
32 5 27
33 5 100
34 6 10
35 7 8
36 7 9
37 7 10
38 7 237
39 8 10
40 8 11
41 8 46
42 8 153
43 8 189
44 8 205
45 9 11
46 9 65
47 10 136
48 12 14
49 13 25
50 14 22
51 15 19
52 16 23
53 16 24
54 17 22
55 18 25
56 19 20
57 19 26
58 20 22
59 20 24
60 21 25
61 24 25
62 27 35
63 27 28
64 27 38
65 27 45
66 28 40
67 29 36
68 29 39
69 29 38
70 30 36
71 31 35
72 32 43
73 33 42
74 33 44
75 33 37
76 34 41
77 34 39
78 37 45
79 43 45
80 46 56
81 47 64
82 48 59
83 48 56
84 49 63
85 49 53
86 50 57
87 51 52
88 51 56
89 51 53
90 53 61
91 53 55
92 53 64
93 54 57
94 54 55
95 57 60
96 57 62
97 58 63
98 65 66
99 66 80
100 67 76
101 67 73
102 67 79
103 67 75
104 68 72
105 68 74
106 68 76
107 69 78
108 70 75
109 71 77
110 73 78
111 74 77
112 75 80
113 81 98
114 82 96
115 82 99
116 83 85
117 84 90
118 84 98
119 85 88
120 86 97
121 87 97
122 87 96
123 88 98
124 89 95
125 89 99
126 91 94
127 92 95
128 93 94
129 94 97
130 97 98
131 100 103
132 100 102
133 101 111
134 102 108
135 102 114
136 102 105
137 103 107
138 104 113
139 105 110
140 105 109
141 106 109
142 109 113
143 111 115
144 112 113
145 113 115
146 116 118
147 117 119
148 117 127
149 117 135
150 118 126
151 120 128
152 121 124
153 122 134
154 122 123
155 123 130
156 124 129
157 125 128
158 125 131
159 125 133
160 125 135
161 126 134
162 129 134
163 130 135
164 132 134
165 136 140
166 136 138
167 137 146
168 137 138
169 138 147
170 139 143
171 140 145
172 140 148
173 140 150
174 141 144
175 142 148
176 143 147
177 143 152
178 144 145
179 149 150
180 150 151
181 153 158
182 153 166
183 153 163
184 153 164
185 154 156
186 155 166
187 156 157
188 156 163
189 157 162
190 159 161
191 160 161
192 160 162
193 163 167
194 164 168
195 165 166
196 169 177
197 170 177
198 170 178
199 170 184
200 170 188
201 171 176
202 172 174
203 172 180
204 172 181
205 173 177
206 174 175
207 174 179
208 176 182
209 176 177
210 177 185
211 178 183
212 181 187
213 183 186
214 184 187
215 189 195
216 189 202
217 190 200
218 190 193
219 191 194
220 191 196
221 191 193
222 191 203
223 191 202
224 192 194
225 194 198
226 196 199
227 197 201
228 197 202
229 197 204
230 205 210
231 205 214
232 205 212
233 206 211
234 207 212
235 207 209
236 208 211
237 208 217
238 208 214
239 209 219
240 212 215
241 213 218
242 213 215
243 216 217
244 220 227
245 221 222
246 221 223
247 223 224
248 223 230
249 223 228
250 225 228
251 226 228
252 227 228
253 228 235
254 229 234
255 230 231
256 231 233
257 232 233
258 234 235
259 234 236
260 237 242
261 237 252
262 238 248
263 238 249
264 238 251
265 239 243
266 239 240
267 239 250
268 240 247
269 241 249
270 242 250
271 242 244
272 244 251
273 245 246
274 245 247
275 253 262
276 254 269
277 254 263
278 255 256
279 255 264
280 256 263
281 257 266
282 257 259
283 258 264
284 259 265
285 259 264
286 259 270
287 260 263
288 261 268
289 262 268
290 266 267
291 268 269
0 251 228
1 248 230
2 244 220
3 252 231
4 237 222
5 252 223
6 247 227
7 239 236
8 245 226
9 237 223
10 251 220
11 248 228
12 250 226
13 252 228
14 237 226
15 243 226
16 248 231
17 240 231
18 250 231
19 237 229
20 246 236
21 238 223
22 249 220
23 247 231
24 248 235
25 238 220
26 240 228
27 245 227
28 251 227
29 239 231
30 245 71
31 237 78
32 238 72
33 246 70
34 243 69
35 241 65
36 252 68
37 241 65
38 245 65
39 247 71
40 239 69
41 249 75
42 240 65
43 243 65
44 249 73
45 244 65
46 242 65
47 248 77
48 240 74
49 251 74
50 237 73
51 251 66
52 250 67
53 249 72
54 251 68
55 251 78
56 245 71
57 238 71
58 240 75
59 250 73
60 78 266
61 78 263
62 66 256
63 75 257
64 72 268
65 76 269
66 76 257
67 67 260
68 74 260
69 75 261
70 73 262
71 79 260
72 66 260
73 78 266
74 79 256
75 72 264
76 69 265
77 74 255
78 78 268
79 67 254
80 80 260
81 69 255
82 65 258
83 70 269
84 79 254
85 73 257
86 76 260
87 65 269
88 73 254
89 75 260
90 232 159
91 223 155
92 230 162
93 220 160
94 223 167
95 223 162
96 227 155
97 220 167
98 223 167
99 234 154
100 225 156
101 225 167
102 233 160
103 232 154
104 221 167
105 233 161
106 233 153
107 221 164
108 235 155
109 230 155
110 220 161
111 232 156
112 227 157
113 223 155
114 220 168
115 231 155
116 227 156
117 224 162
118 232 153
119 232 165
120 12 252
121 13 247
122 21 242
123 26 244
124 15 243
125 22 248
126 24 251
127 20 247
128 25 247
129 24 252
130 26 243
131 20 243
132 22 246
133 23 239
134 18 250
135 25 237
136 12 238
137 17 239
138 15 250
139 25 237
140 12 240
141 19 250
142 12 252
143 15 248
144 17 246
145 16 248
146 22 246
147 15 244
148 20 248
149 16 241
150 32 30
151 35 43
152 35 30
153 30 42
154 42 29
155 39 31
156 35 32
157 43 42
158 45 40
159 30 27
160 35 43
161 32 35
162 39 42
163 44 32
164 42 34
165 28 31
166 30 45
167 39 42
168 30 38
169 29 42
170 38 41
171 81 231
172 95 234
173 84 232
174 82 233
175 81 229
176 83 231
177 89 230
178 81 221
179 92 221
180 89 227
181 96 225
182 82 228
183 96 236
184 97 225
185 94 224
186 94 233
187 84 229
188 93 228
189 87 228
190 90 234
191 95 221
192 89 225
193 94 220
194 81 226
195 92 225
196 83 222
197 84 235
198 93 236
199 83 229
200 93 236
201 106 64
202 102 47
203 115 47
204 109 60
205 107 51
206 100 60
207 100 50
208 102 56
209 104 61
210 108 60
211 105 49
212 103 60
213 107 56
214 106 64
215 112 53
216 103 50
217 115 60
218 111 57
219 114 62
220 107 57
221 103 52
222 114 46
223 114 64
224 107 60
225 100 60
226 107 52
227 103 55
228 104 56
229 103 59
230 112 46
231 124 10
232 130 11
233 134 10
234 134 3
235 122 10
236 125 4
237 121 1
238 125 10
239 126 5
240 122 9
241 131 7
242 124 8
243 125 7
244 129 3
245 122 5
246 123 2
247 119 10
248 134 7
249 116 4
250 134 5
251 128 0
252 117 6
253 131 4
254 133 3
255 116 0
256 130 8
257 133 3
258 121 4
259 145 22
260 146 19
261 143 21
262 139 20
263 140 16
264 141 12
265 145 14
266 141 25
267 139 12
268 147 24
269 140 19
270 150 13
271 146 23
272 149 16
273 138 13
274 141 25
275 150 25
276 136 18
277 141 17
278 139 15
279 149 22
280 149 19
281 147 24
282 152 23
283 148 25
284 146 14
285 142 18
286 146 16
287 152 24
288 140 21
289 195 254
290 198 259
291 196 268
292 190 261
293 194 261
294 190 257
295 190 255
296 200 253
297 204 264
298 195 262
299 200 266
300 196 263
301 199 253
302 193 255
303 200 270
304 195 262
305 201 262
306 199 265
307 201 257
308 199 269
309 190 259
310 194 260
311 189 257
312 204 254
313 200 261
314 194 255
315 196 258
316 200 260
317 201 256
318 202 270
319 187 84
320 173 92
321 187 99
322 181 85
323 187 83
324 175 84
325 173 87
326 175 94
327 175 98
328 187 92
329 172 97
330 187 83
331 181 83
332 186 84
333 173 99
334 187 82
335 180 83
336 173 97
337 171 96
338 188 86
339 173 92
340 171 87
341 182 91
342 171 84
343 172 94
344 176 82
345 180 87
346 178 92
347 178 95
348 179 89
349 198 182
350 198 175
351 189 179
352 204 173
353 192 178
354 194 182
355 199 169
356 197 182
357 193 171
358 197 187
359 189 188
360 192 185
361 195 187
362 204 182
363 189 170
364 193 175
365 195 173
366 203 188
367 197 177
368 198 184
369 198 170
370 203 180
371 201 183
372 194 185
373 201 184
374 200 173
375 202 180
376 193 187
377 201 175
378 203 174
379 149 153
380 140 160
381 152 156
382 150 162
383 145 161
384 148 158
385 149 162
386 141 162
387 137 154
388 152 168
389 149 165
390 143 165
391 149 153
392 139 155
393 142 158
394 150 153
395 152 161
396 149 155
397 147 154
398 151 156
399 144 155
400 136 161
401 141 155
402 143 161
403 151 168
404 146 156
405 137 161
406 149 162
407 139 167
408 139 158
409 220 183
410 234 182
411 222 181
412 222 180
413 236 173
414 234 179
415 231 175
416 236 177
417 231 187
418 230 173
419 227 185
420 226 176
421 231 179
422 232 169
423 223 185
424 235 182
425 224 176
426 227 169
427 222 172
428 225 188
429 223 174
430 235 188
431 235 188
432 220 185
433 225 176
434 229 169
435 222 176
436 225 172
437 234 170
438 235 184
439 2 76
440 2 74
441 1 79
442 0 80
443 11 66
444 10 67
445 9 68
446 11 67
447 1 79
448 5 70
449 9 72
450 6 76
451 6 74
452 0 76
453 10 76
454 7 75
455 8 76
456 10 80
457 1 66
458 0 68
459 7 68
460 2 74
461 0 72
462 4 79
463 1 76
464 6 69
465 0 75
466 5 76
467 69 168
468 80 166
469 66 168
470 73 157
471 72 166
472 76 158
473 71 164
474 75 156
475 74 159
476 69 162
477 74 158
478 75 154
479 73 161
480 77 159
481 78 154
482 77 164
483 79 159
484 67 154
485 69 167
486 79 168
487 75 155
488 74 158
489 68 163
490 72 153
491 79 168
492 70 159
493 78 160
494 65 166
495 77 157
496 73 165
497 114 152
498 113 150
499 109 142
500 114 145
501 107 148
502 113 136
503 102 151
504 103 146
505 100 136
506 102 145
507 107 145
508 112 139
509 107 140
510 109 136
511 108 152
512 109 152
513 107 142
514 112 144
515 106 151
516 101 139
517 115 144
518 105 148
519 103 148
520 104 137
521 106 148
522 109 142
523 105 138
524 100 139
525 108 142
526 114 145
527 218 69
528 219 68
529 219 76
530 211 66
531 213 73
532 213 76
533 208 67
534 212 78
535 211 70
536 206 67
537 206 68
538 208 69
539 219 67
540 207 74
541 214 71
542 206 69
543 208 76
544 208 69
545 205 65
546 212 66
547 212 65
548 211 80
549 211 73
550 216 75
551 213 75
552 213 69
553 212 71
554 214 74
555 208 68
556 218 71
557 224 152
558 236 144
559 225 148
560 230 136
561 229 152
562 229 150
563 221 150
564 234 138
565 231 148
566 225 150
567 232 137
568 226 152
569 220 150
570 227 140
571 235 138
572 233 146
573 220 145
574 220 137
575 230 136
576 223 145
577 231 144
578 232 139
579 226 136
580 229 148
581 223 138
582 225 152
583 228 138
584 236 144
585 229 137
586 236 143
587 104 21
588 109 16
589 107 21
590 109 16
591 108 25
592 113 17
593 104 26
594 110 22
595 107 24
596 111 25
597 106 13
598 114 22
599 107 24
600 115 23
601 105 16
602 104 14
603 100 25
604 113 13
605 107 17
606 109 22
607 109 16
608 105 18
609 115 16
610 105 21
611 113 26
612 112 23
613 107 12
614 113 26
615 103 25
616 106 26
617 218 219
618 218 212
619 217 206
620 215 206
621 217 218
622 212 216
623 208 212
624 215 217
625 209 216
626 209 217
627 216 212
628 216 206
629 210 219
630 207 211
631 207 213
632 217 219
633 210 217
634 219 217
635 219 213
636 214 215
637 248 235
638 240 228
639 239 234
640 244 233
641 246 220
642 246 226
643 246 232
644 249 233
645 248 220
646 242 226
647 248 228
648 251 230
649 248 232
650 246 227
651 242 222
652 245 222
653 250 235
654 246 232
655 246 230
656 237 229
657 248 234
658 237 228
659 252 221
660 249 223
661 248 224
662 239 223
663 252 233
664 243 227
665 238 229
666 249 228
667 27 239
668 33 240
669 33 239
670 27 238
671 40 251
672 40 240
673 31 246
674 44 240
675 32 248
676 27 243
677 31 241
678 40 242
679 45 243
680 45 246
681 38 241
682 45 245
683 44 243
684 45 242
685 33 252
686 39 252
687 29 241
688 31 251
689 35 248
690 36 237
691 28 252
692 37 242
693 41 252
694 41 238
695 31 240
696 43 244
697 92 84
698 87 81
699 83 86
700 94 84
701 88 96
702 88 93
703 85 94
704 90 91
705 89 84
706 98 99
707 94 92
708 85 91
709 92 99
710 93 92
711 90 89
712 98 82
713 92 90
714 84 95
715 85 97
716 88 82
717 88 86
718 88 90
719 95 88
720 261 104
721 265 106
722 258 112
723 261 111
724 263 111
725 268 105
726 268 100
727 258 102
728 266 104
729 269 103
730 262 102
731 266 104
732 260 103
733 256 109
734 261 113
735 269 113
736 269 100
737 267 112
738 263 110
739 255 111
740 268 100
741 256 104
742 267 107
743 260 115
744 268 107
745 261 113
746 263 102
747 267 104
748 256 103
749 255 113
750 48 16
751 51 13
752 56 23
753 46 19
754 46 23
755 64 16
756 53 12
757 51 20
758 56 24
759 50 24
760 64 22
761 48 12
762 46 26
763 49 26
764 61 15
765 47 24
766 50 19
767 57 16
768 58 24
769 60 13
770 48 14
771 49 16
772 46 25
773 52 23
774 64 26
775 49 12
776 47 26
777 50 15
778 57 15
779 58 20
780 127 21
781 116 16
782 129 14
783 118 16
784 121 23
785 134 25
786 123 24
787 127 16
788 123 13
789 134 22
790 125 20
791 122 26
792 134 18
793 128 22
794 121 15
795 133 17
796 131 16
797 128 22
798 122 22
799 132 21
800 127 24
801 125 12
802 126 26
803 131 13
804 123 14
805 120 17
806 122 13
807 135 26
808 131 15
809 129 13
810 13 162
811 25 155
812 24 161
813 21 162
814 17 157
815 26 168
816 13 167
817 25 158
818 24 168
819 23 167
820 24 163
821 26 153
822 23 165
823 13 154
824 22 167
825 18 155
826 18 155
827 24 161
828 14 162
829 12 161
830 22 165
831 18 153
832 21 158
833 20 159
834 24 157
835 23 160
836 14 158
837 24 161
838 13 158
839 14 166
840 239 56
841 242 63
842 249 61
843 252 53
844 245 60
845 237 50
846 237 50
847 238 50
848 247 46
849 252 56
850 247 57
851 246 48
852 238 54
853 238 59
854 240 59
855 248 51
856 239 57
857 249 56
858 248 59
859 239 62
860 248 53
861 243 52
862 251 46
863 243 49
864 240 54
865 240 52
866 245 60
867 243 49
868 238 63
869 241 62
870 256 57
871 270 60
872 256 61
873 255 54
874 254 58
875 255 58
876 257 56
877 263 49
878 268 57
879 257 60
880 270 55
881 266 46
882 255 55
883 268 63
884 270 51
885 255 52
886 256 49
887 266 54
888 253 54
889 263 64
890 265 48
891 264 47
892 260 60
893 265 57
894 254 46
895 267 58
896 259 54
897 254 63
898 268 60
899 262 55
900 8 13
901 11 12
902 4 16
903 1 16
904 7 16
905 7 22
906 0 21
907 5 18
908 3 23
909 9 21
910 8 21
911 7 22
912 3 25
913 10 13
914 6 22
915 4 14
916 9 23
917 11 14
918 3 25
919 11 13
920 0 18
921 5 17
922 10 22
923 1 19
924 2 23
925 4 24
926 2 26
927 5 20
928 89 40
929 84 28
930 81 36
931 84 27
932 86 32
933 92 33
934 95 29
935 82 31
936 98 33
937 87 32
938 91 40
939 81 42
940 92 31
941 84 31
942 93 43
943 81 43
944 93 45
945 91 35
946 81 33
947 96 30
948 95 27
949 89 38
950 87 40
951 83 32
952 88 33
953 90 31
954 91 43
955 86 30
956 94 43
957 97 36
958 116 256
959 126 260
960 134 267
961 122 263
962 129 269
963 121 270
964 124 268
965 121 254
966 134 267
967 117 257
968 123 267
969 128 264
970 127 253
971 133 259
972 128 268
973 130 258
974 129 268
975 130 256
976 117 268
977 125 267
978 119 260
979 128 253
980 131 261
981 134 265
982 129 255
983 129 258
984 131 262
985 127 264
986 129 263
987 117 266
988 33 227
989 39 235
990 29 225
991 41 220
992 44 231
993 28 225
994 43 232
995 44 221
996 32 231
997 30 232
998 45 235
999 39 220
1000 35 224
1001 29 221
1002 43 234
1003 34 225
1004 35 236
1005 42 222
1006 35 230
1007 41 234
1008 42 232
1009 32 226
1010 32 221
1011 44 227
1012 45 235
1013 33 230
1014 34 228
1015 33 220
1016 35 223
1017 42 226
1018 216 238
1019 217 243
1020 205 239
1021 215 250
1022 215 247
1023 215 252
1024 206 252
1025 210 241
1026 210 250
1027 210 243
1028 207 248
1029 219 250
1030 207 248
1031 218 252
1032 205 246
1033 217 239
1034 208 247
1035 209 242
1036 206 240
1037 212 250
1038 215 250
1039 212 245
1040 215 247
1041 207 250
1042 219 243
1043 213 243
1044 212 244
1045 207 249
1046 216 247
1047 208 248
1048 252 78
1049 247 80
1050 246 75
1051 239 78
1052 246 66
1053 248 68
1054 239 79
1055 238 75
1056 244 76
1057 238 75
1058 252 79
1059 251 76
1060 237 80
1061 238 73
1062 249 67
1063 246 80
1064 250 65
1065 242 72
1066 252 76
1067 246 68
1068 238 67
1069 241 78
1070 247 79
1071 243 74
1072 243 74
1073 250 68
1074 242 78
1075 242 67
1076 250 66
1077 239 74
1078 8 150
1079 5 149
1080 7 138
1081 5 146
1082 2 144
1083 5 151
1084 3 146
1085 4 147
1086 11 152
1087 8 150
1088 2 149
1089 1 143
1090 2 138
1091 5 143
1092 4 141
1093 4 142
1094 0 151
1095 2 152
1096 3 144
1097 3 145
1098 4 145
1099 11 146
1100 0 152
1101 8 138
1102 9 145
1103 5 140
1104 11 151
1105 7 148
1106 7 144
1107 6 198
1108 2 194
1109 2 190
1110 6 191
1111 7 198
1112 4 192
1113 2 202
1114 11 194
1115 3 204
1116 8 204
1117 0 194
1118 0 194
1119 0 191
1120 4 191
1121 3 191
1122 6 198
1123 4 194
1124 1 198
1125 2 196
1126 4 201
1127 3 190
1128 11 201
1129 4 192
1130 10 196
1131 0 193
1132 8 201
1133 3 201
1134 10 193
1135 7 201
1136 7 199
1137 49 236
1138 59 228
1139 55 225
1140 46 236
1141 58 232
1142 46 234
1143 63 224
1144 52 222
1145 60 234
1146 54 223
1147 55 228
1148 55 232
1149 47 225
1150 63 230
1151 52 232
1152 61 232
1153 56 224
1154 54 225
1155 48 235
1156 63 226
1157 60 222
1158 49 223
1159 47 220
1160 61 224
1161 46 220
1162 64 227
1163 56 227
1164 58 236
1165 46 224
1166 60 220
1167 198 159
1168 193 158
1169 198 163
1170 198 153
1171 190 160
1172 189 167
1173 191 168
1174 199 161
1175 190 155
1176 198 157
1177 202 162
1178 192 161
1179 199 161
1180 201 153
1181 197 155
1182 192 154
1183 202 164
1184 201 155
1185 190 155
1186 202 165
1187 199 155
1188 199 168
1189 192 165
1190 197 168
1191 194 166
1192 190 153
1193 201 158
1194 190 156
1195 202 158
1196 202 167
1197 196 113
1198 195 103
1199 190 100
1200 201 102
1201 199 113
1202 194 105
1203 196 102
1204 192 101
1205 193 113
1206 201 113
1207 191 106
1208 198 110
1209 190 115
1210 197 105
1211 202 109
1212 199 112
1213 200 110
1214 189 110
1215 191 102
1216 191 114
1217 190 108
1218 193 100
1219 196 108
1220 194 110
1221 189 103
1222 198 105
1223 191 106
1224 203 102
1225 191 103
1226 204 102
1227 264 137
1228 263 151
1229 255 151
1230 269 138
1231 265 140
1232 264 151
1233 257 136
1234 270 150
1235 262 142
1236 265 144
1237 263 140
1238 264 147
1239 263 137
1240 262 136
1241 264 149
1242 260 138
1243 263 150
1244 254 142
1245 254 142
1246 270 143
1247 259 142
1248 254 147
1249 255 144
1250 263 152
1251 269 149
1252 265 142
1253 263 141
1254 266 152
1255 260 143
1256 265 138
1257 83 50
1258 88 63
1259 88 60
1260 86 52
1261 98 54
1262 87 48
1263 98 56
1264 99 57
1265 94 50
1266 98 62
1267 96 55
1268 89 53
1269 84 53
1270 93 62
1271 86 59
1272 88 59
1273 86 61
1274 98 61
1275 95 62
1276 92 48
1277 85 58
1278 81 55
1279 83 59
1280 87 64
1281 93 60
1282 95 62
1283 85 47
1284 97 62
1285 96 46
1286 82 62
1287 164 191
1288 160 196
1289 168 189
1290 158 199
1291 159 190
1292 166 189
1293 158 192
1294 163 203
1295 160 200
1296 159 203
1297 155 202
1298 163 198
1299 166 194
1300 156 201
1301 158 189
1302 164 202
1303 162 195
1304 157 194
1305 159 195
1306 165 197
1307 162 200
1308 163 204
1309 157 200
1310 159 193
1311 156 190
1312 161 195
1313 154 194
1314 163 197
1315 162 202
1316 162 200
1317 137 124
1318 136 134
1319 152 132
1320 150 126
1321 138 125
1322 152 116
1323 150 125
1324 150 131
1325 150 131
1326 140 129
1327 147 126
1328 141 127
1329 149 125
1330 140 122
1331 150 124
1332 151 118
1333 137 116
1334 141 133
1335 139 128
1336 141 121
1337 136 131
1338 150 121
1339 141 120
1340 151 119
1341 143 128
1342 143 126
1343 144 127
1344 149 133
1345 142 117
1346 138 131
1347 39 139
1348 37 138
1349 42 145
1350 35 137
1351 43 139
1352 31 151
1353 28 140
1354 37 143
1355 39 149
1356 37 141
1357 38 142
1358 28 146
1359 38 137
1360 42 152
1361 35 145
1362 31 136
1363 29 151
1364 32 152
1365 44 136
1366 34 145
1367 34 139
1368 42 140
1369 37 144
1370 27 146
1371 37 136
1372 44 137
1373 33 145
1374 39 139
1375 28 140
1376 35 141
1377 212 187
1378 210 175
1379 218 172
1380 208 178
1381 211 178
1382 208 177
1383 209 176
1384 213 170
1385 206 169
1386 212 181
1387 213 178
1388 212 183
1389 210 182
1390 218 186
1391 216 171
1392 212 184
1393 216 172
1394 217 185
1395 209 179
1396 219 175
1397 218 186
1398 214 177
1399 216 187
1400 207 171
1401 218 173
1402 213 183
1403 213 178
1404 205 174
1405 208 183
1406 217 188
1407 252 221
1408 244 226
1409 242 230
1410 240 231
1411 243 226
1412 241 228
1413 246 226
1414 244 236
1415 247 228
1416 243 231
1417 246 223
1418 237 236
1419 245 220
1420 242 222
1421 251 232
1422 240 232
1423 240 234
1424 239 234
1425 245 220
1426 245 228
1427 246 230
1428 243 224
1429 247 232
1430 244 233
1431 243 225
1432 250 223
1433 251 232
1434 251 220
1435 242 226
1436 246 228
1437 48 202
1438 53 200
1439 51 196
1440 50 195
1441 57 197
1442 58 195
1443 55 194
1444 60 194
1445 64 192
1446 55 196
1447 61 199
1448 46 201
1449 63 198
1450 57 202
1451 59 204
1452 49 189
1453 53 199
1454 56 200
1455 47 199
1456 49 197
1457 61 202
1458 64 192
1459 56 195
1460 53 196
1461 63 199
1462 47 203
1463 57 190
1464 57 196
1465 56 195
1466 62 200
1467 70 29
1468 75 45
1469 65 30
1470 67 45
1471 76 42
1472 80 44
1473 67 37
1474 72 31
1475 79 32
1476 72 34
1477 70 38
1478 73 29
1479 72 27
1480 75 41
1481 80 29
1482 66 30
1483 76 32
1484 65 34
1485 77 31
1486 80 42
1487 73 31
1488 75 32
1489 68 34
1490 72 33
1491 66 27
1492 69 40
1493 80 44
1494 69 35
1495 68 35
1496 77 40
1497 11 78
1498 8 72
1499 1 79
1500 5 69
1501 8 71
1502 11 69
1503 1 75
1504 3 77
1505 8 67
1506 9 69
1507 1 73
1508 4 79
1509 3 71
1510 0 80
1511 11 69
1512 7 76
1513 8 76
1514 2 76
1515 1 69
1516 6 79
1517 1 65
1518 1 77
1519 5 79
1520 11 66
1521 7 72
1522 10 78
1523 9 72
1524 5 74
1525 0 72
1526 150 52
1527 145 49
1528 140 49
1529 136 60
1530 147 49
1531 145 59
1532 149 61
1533 144 64
1534 142 46
1535 136 48
1536 137 59
1537 150 54
1538 143 60
1539 151 61
1540 149 48
1541 138 54
1542 143 63
1543 137 49
1544 150 55
1545 151 50
1546 149 47
1547 145 55
1548 136 49
1549 137 56
1550 136 47
1551 137 53
1552 150 55
1553 143 48
1554 145 53
1555 145 52
1556 62 12
1557 54 26
1558 62 14
1559 60 13
1560 56 24
1561 64 21
1562 46 21
1563 55 18
1564 51 23
1565 58 26
1566 46 24
1567 59 13
1568 49 24
1569 55 15
1570 57 21
1571 55 18
1572 47 18
1573 52 12
1574 62 24
1575 55 22
1576 59 14
1577 53 16
1578 47 16
1579 54 21
1580 59 13
1581 49 23
1582 57 18
1583 54 13
1584 55 19
1585 63 14
1586 42 196
1587 35 194
1588 31 201
1589 35 192
1590 36 191
1591 31 196
1592 35 204
1593 35 199
1594 45 204
1595 45 202
1596 35 202
1597 42 201
1598 29 203
1599 38 189
1600 43 203
1601 38 193
1602 37 191
1603 35 190
1604 35 201
1605 36 191
1606 31 199
1607 39 191
1608 31 190
1609 44 198
1610 37 199
1611 37 198
1612 30 199
1613 44 192
1614 39 192
1615 44 193
1616 179 122
1617 171 134
1618 175 132
1619 181 125
1620 172 135
1621 179 122
1622 171 125
1623 186 125
1624 175 131
1625 170 124
1626 180 135
1627 169 120
1628 184 126
1629 176 117
1630 175 120
1631 174 130
1632 181 134
1633 181 119
1634 180 121
1635 176 131
1636 181 121
1637 184 119
1638 182 121
1639 179 133
1640 170 135
1641 180 116
1642 173 130
1643 175 120
1644 184 121
1645 177 135
1646 127 38
1647 121 33
1648 126 30
1649 125 43
1650 122 34
1651 133 42
1652 120 28
1653 128 32
1654 128 40
1655 124 31
1656 128 41
1657 131 39
1658 117 36
1659 124 43
1660 133 28
1661 134 27
1662 134 43
1663 116 42
1664 121 42
1665 122 38
1666 127 33
1667 132 45
1668 127 37
1669 117 37
1670 131 27
1671 121 30
1672 133 30
1673 116 42
1674 124 44
1675 118 40
1676 18 213
1677 18 209
1678 21 216
1679 20 219
1680 16 214
1681 24 211
1682 16 211
1683 23 219
1684 25 216
1685 23 208
1686 13 212
1687 25 212
1688 24 207
1689 24 210
1690 15 206
1691 18 205
1692 24 212
1693 26 215
1694 15 219
1695 18 219
1696 17 216
1697 23 208
1698 15 211
1699 16 216
1700 24 206
1701 24 216
1702 22 215
1703 23 213
1704 15 217
1705 19 211
1706 177 74
1707 184 77
1708 169 67
1709 181 75
1710 172 68
1711 186 69
1712 186 68
1713 176 68
1714 184 78
1715 173 69
1716 178 71
1717 173 73
1718 185 71
1719 181 67
1720 173 76
1721 179 70
1722 185 68
1723 176 74
1724 172 74
1725 185 78
1726 188 70
1727 174 80
1728 175 76
1729 181 69
1730 173 78
1731 170 68
1732 185 74
1733 182 80
1734 182 74
1735 182 78
1736 22 137
1737 19 151
1738 12 139
1739 15 152
1740 18 146
1741 25 142
1742 20 144
1743 26 139
1744 22 147
1745 12 138
1746 23 142
1747 18 137
1748 20 139
1749 14 141
1750 12 146
1751 15 148
1752 17 139
1753 13 152
1754 18 146
1755 13 151
1756 22 147
1757 25 143
1758 15 136
1759 23 143
1760 12 142
1761 19 142
1762 25 147
1763 24 147
1764 17 139
1765 26 147
1766 203 167
1767 196 162
1768 189 167
1769 194 153
1770 195 160
1771 195 167
1772 191 167
1773 201 158
1774 200 154
1775 190 165
1776 196 166
1777 199 159
1778 203 157
1779 189 165
1780 197 161
1781 199 163
1782 200 168
1783 197 158
1784 200 155
1785 203 153
1786 193 157
1787 196 168
1788 191 168
1789 198 168
1790 199 165
1791 197 153
1792 200 157
1793 203 155
1794 190 157
1795 193 166
1796 76 83
1797 70 90
1798 72 97
1799 65 83
1800 66 99
1801 76 89
1802 70 94
1803 73 84
1804 78 90
1805 79 98
1806 69 95
1807 69 93
1808 77 85
1809 70 94
1810 69 88
1811 76 98
1812 78 89
1813 76 98
1814 71 92
1815 67 93
1816 76 91
1817 72 96
1818 80 98
1819 68 85
1820 77 88
1821 66 92
1822 77 98
1823 71 89
1824 79 88
1825 77 91
1826 42 169
1827 43 172
1828 43 173
1829 27 176
1830 41 181
1831 41 182
1832 43 169
1833 40 186
1834 29 188
1835 33 169
1836 45 187
1837 42 174
1838 36 174
1839 42 182
1840 43 178
1841 30 182
1842 45 170
1843 38 172
1844 35 186
1845 45 184
1846 36 183
1847 34 173
1848 27 180
1849 29 169
1850 38 187
1851 28 184
1852 27 184
1853 27 187
1854 30 174
1855 31 169
1856 255 163
1857 256 162
1858 259 156
1859 262 160
1860 269 160
1861 255 168
1862 254 154
1863 258 165
1864 265 159
1865 264 157
1866 269 166
1867 259 161
1868 268 155
1869 263 167
1870 257 156
1871 255 166
1872 264 165
1873 256 158
1874 253 156
1875 260 163
1876 260 166
1877 260 168
1878 257 165
1879 262 155
1880 266 163
1881 267 168
1882 256 162
1883 268 166
1884 264 163
1885 266 157
1886 121 76
1887 123 79
1888 116 77
1889 121 65
1890 116 71
1891 124 80
1892 123 78
1893 126 70
1894 126 76
1895 117 73
1896 134 73
1897 123 66
1898 117 70
1899 124 70
1900 120 67
1901 124 75
1902 132 76
1903 132 74
1904 127 65
1905 125 76
1906 135 78
1907 132 73
1908 135 77
1909 121 73
1910 124 65
1911 128 80
1912 119 73
1913 117 69
1914 127 72
1915 123 65
1916 242 264
1917 237 255
1918 238 268
1919 243 253
1920 249 261
1921 237 256
1922 239 268
1923 250 263
1924 252 253
1925 246 265
1926 241 260
1927 244 260
1928 245 265
1929 248 268
1930 251 269
1931 239 266
1932 242 267
1933 247 263
1934 239 265
1935 249 262
1936 244 259
1937 241 263
1938 240 255
1939 243 264
1940 244 255
1941 246 258
1942 245 255
1943 250 268
1944 249 258
1945 247 268
1946 212 51
1947 217 52
1948 217 58
1949 205 64
1950 212 61
1951 210 64
1952 215 63
1953 213 49
1954 214 53
1955 210 50
1956 205 54
1957 214 58
1958 212 60
1959 218 60
1960 212 60
1961 212 60
1962 214 64
1963 211 59
1964 209 64
1965 209 63
1966 217 62
1967 210 50
1968 209 48
1969 215 48
1970 217 64
1971 207 60
1972 218 59
1973 206 49
1974 214 49
1975 209 54
1976 6 39
1977 6 45
1978 7 45
1979 3 40
1980 1 32
1981 3 38
1982 2 34
1983 4 37
1984 7 43
1985 3 31
1986 3 43
1987 5 36
1988 10 34
1989 7 35
1990 2 31
1991 2 32
1992 6 30
1993 3 33
1994 1 41
1995 9 33
1996 0 30
1997 3 43
1998 7 31
1999 8 27
2000 5 36
2001 2 27
2002 1 39
2003 8 43
2004 8 30
2005 3 33
2006 147 180
2007 137 179
2008 151 184
2009 141 188
2010 137 186
2011 137 184
2012 148 187
2013 137 181
2014 148 182
2015 146 175
2016 149 172
2017 152 185
2018 147 171
2019 141 169
2020 137 184
2021 142 185
2022 136 183
2023 145 172
2024 136 179
2025 143 175
2026 136 181
2027 149 188
2028 145 181
2029 150 187
2030 145 176
2031 140 184
2032 147 183
2033 144 177
2034 150 180
2035 146 179
2036 174 231
2037 178 220
2038 187 220
2039 172 231
2040 177 221
2041 183 226
2042 188 225
2043 178 230
2044 184 228
2045 176 224
2046 180 220
2047 186 227
2048 185 224
2049 187 223
2050 173 231
2051 185 234
2052 185 231
2053 172 229
2054 172 224
2055 184 235
2056 172 220
2057 171 234
2058 179 223
2059 183 233
2060 185 235
2061 182 233
2062 177 231
2063 184 220
2064 177 222
2065 188 227
2066 181 260
2067 176 261
2068 183 263
2069 181 260
2070 178 259
2071 188 266
2072 186 269
2073 178 259
2074 178 266
2075 182 269
2076 185 260
2077 170 269
2078 170 258
2079 175 267
2080 176 255
2081 176 255
2082 172 254
2083 187 265
2084 180 267
2085 169 255
2086 177 261
2087 185 257
2088 188 268
2089 176 259
2090 177 258
2091 187 266
2092 170 260
2093 169 259
2094 173 265
2095 171 265
2096 204 126
2097 199 120
2098 197 122
2099 198 119
2100 201 131
2101 201 116
2102 201 134
2103 189 120
2104 196 122
2105 190 122
2106 202 119
2107 204 122
2108 199 121
2109 201 127
2110 198 131
2111 190 121
2112 198 121
2113 202 135
2114 202 117
2115 192 135
2116 203 128
2117 202 122
2118 194 116
2119 192 131
2120 198 121
2121 191 129
2122 200 120
2123 192 126
2124 199 122
2125 192 120
2126 55 101
2127 64 115
2128 61 112
2129 61 112
2130 49 112
2131 53 115
2132 49 110
2133 54 109
2134 46 115
2135 50 112
2136 60 110
2137 58 106
2138 60 114
2139 64 107
2140 46 114
2141 62 113
2142 48 103
2143 52 107
2144 57 113
2145 61 106
2146 53 106
2147 46 114
2148 63 107
2149 51 112
2150 62 106
2151 54 105
2152 46 104
2153 53 111
2154 50 111
2155 49 103
2156 48 244
2157 57 246
2158 53 248
2159 52 238
2160 58 241
2161 48 242
2162 52 249
2163 56 248
2164 57 243
2165 58 238
2166 49 249
2167 62 249
2168 52 249
2169 52 242
2170 60 252
2171 52 244
2172 54 237
2173 58 249
2174 61 238
2175 58 239
2176 58 247
2177 54 238
2178 53 251
2179 62 244
2180 50 240
2181 56 251
2182 48 243
2183 52 246
2184 63 249
2185 50 237
2186 259 189
2187 269 194
2188 262 202
2189 256 203
2190 258 200
2191 259 204
2192 253 200
2193 258 200
2194 265 197
2195 265 195
2196 268 202
2197 262 204
2198 256 199
2199 262 204
2200 264 190
2201 258 190
2202 268 197
2203 265 203
2204 254 197
2205 257 198
2206 255 196
2207 263 204
2208 256 191
2209 257 197
2210 267 191
2211 258 195
2212 265 199
2213 255 204
2214 260 193
2215 268 192
2216 155 55
2217 157 47
2218 165 61
2219 162 56
2220 158 49
2221 156 60
2222 153 55
2223 159 60
2224 160 64
2225 158 48
2226 166 55
2227 156 49
2228 166 55
2229 160 53
2230 154 51
2231 159 56
2232 167 51
2233 165 49
2234 157 60
2235 168 59
2236 167 48
2237 157 58
2238 159 54
2239 163 52
2240 167 63
2241 166 56
2242 159 60
2243 160 47
2244 163 52
2245 162 63
2246 97 27
2247 91 35
2248 96 34
2249 98 36
2250 93 42
2251 87 39
2252 90 44
2253 99 27
2254 87 40
2255 95 40
2256 98 35
2257 93 37
2258 84 42
2259 99 41
2260 98 40
2261 83 39
2262 85 40
2263 87 31
2264 88 36
2265 88 33
2266 84 43
2267 92 37
2268 95 44
2269 89 43
2270 99 35
2271 93 39
2272 88 45
2273 84 35
2274 99 33
2275 86 45
2276 264 101
2277 265 108
2278 268 114
2279 269 102
2280 260 109
2281 268 111
2282 253 114
2283 268 102
2284 261 109
2285 253 100
2286 268 105
2287 264 101
2288 270 110
2289 257 108
2290 256 104
2291 259 101
2292 265 110
2293 261 114
2294 257 115
2295 263 115
2296 258 111
2297 256 105
2298 256 113
2299 262 102
2300 258 110
2301 261 113
2302 262 106
2303 259 104
2304 257 101
2305 265 105
2306 147 193
2307 138 199
2308 152 195
2309 151 199
2310 143 204
2311 151 200
2312 152 195
2313 137 201
2314 142 190
2315 140 201
2316 145 194
2317 150 193
2318 136 200
2319 148 202
2320 152 203
2321 142 191
2322 152 201
2323 150 194
2324 149 198
2325 151 198
2326 151 189
2327 150 203
2328 147 189
2329 152 196
2330 145 200
2331 149 193
2332 145 197
2333 143 196
2334 140 200
2335 150 192
2336 231 3
2337 222 7
2338 226 0
2339 227 7
2340 223 0
2341 228 8
2342 226 3
2343 236 7
2344 229 3
2345 225 9
2346 226 6
2347 236 4
2348 220 6
2349 226 3
2350 234 2
2351 225 3
2352 236 5
2353 221 7
2354 226 4
2355 230 11
2356 232 7
2357 230 0
2358 231 7
2359 234 7
2360 231 1
2361 234 5
2362 227 1
2363 230 9
2364 225 11
2365 234 4
2366 58 44
2367 53 36
2368 55 36
2369 58 28
2370 60 40
2371 48 42
2372 54 40
2373 52 31
2374 46 27
2375 58 42
2376 62 28
2377 51 37
2378 49 40
2379 59 27
2380 60 36
2381 61 40
2382 54 35
2383 62 44
2384 58 37
2385 49 33
2386 53 29
2387 50 30
2388 55 34
2389 61 35
2390 53 41
2391 51 37
2392 49 28
2393 59 33
2394 59 37
2395 60 27
2396 114 204
2397 106 204
2398 114 189
2399 115 198
2400 105 197
2401 107 196
2402 114 201
2403 106 200
2404 106 193
2405 103 199
2406 106 197
2407 103 202
2408 107 197
2409 113 198
2410 109 192
2411 111 201
2412 114 190
2413 112 193
2414 106 194
2415 113 198
2416 106 198
2417 115 202
2418 102 195
2419 114 194
2420 103 202
2421 101 198
2422 103 199
2423 100 192
2424 101 203
2425 103 193
2426 158 219
2427 157 215
2428 159 214
2429 168 219
2430 161 218
2431 155 205
2432 167 217
2433 164 207
2434 155 210
2435 166 210
2436 155 217
2437 164 207
2438 163 208
2439 158 211
2440 167 215
2441 167 213
2442 158 209
2443 167 208
2444 160 215
2445 155 207
2446 155 211
2447 161 206
2448 164 211
2449 155 208
2450 164 217
2451 159 218
2452 167 217
2453 166 218
2454 156 217
2455 154 207
2456 251 211
2457 239 210
2458 243 214
2459 244 215
2460 240 211
2461 247 214
2462 248 207
2463 249 211
2464 237 211
2465 244 219
2466 240 216
2467 238 218
2468 239 205
2469 244 210
2470 252 211
2471 239 206
2472 244 211
2473 240 206
2474 248 213
2475 251 216
2476 241 206
2477 237 209
2478 251 213
2479 243 214
2480 242 211
2481 252 205
2482 242 210
2483 251 207
2484 248 210
2485 248 219
2486 237 49
2487 239 56
2488 242 48
2489 244 48
2490 241 48
2491 244 59
2492 239 46
2493 250 55
2494 249 61
2495 240 53
2496 252 56
2497 251 54
2498 244 64
2499 242 61
2500 251 59
2501 250 51
2502 240 49
2503 242 59
2504 241 62
2505 243 59
2506 250 53
2507 240 59
2508 250 52
2509 242 64
2510 247 47
2511 242 52
2512 250 50
2513 252 61
2514 249 59
2515 250 55
2516 209 12
2517 210 16
2518 215 26
2519 205 22
2520 219 24
2521 214 15
2522 212 19
2523 217 23
2524 207 25
2525 218 24
2526 218 14
2527 216 14
2528 214 25
2529 209 26
2530 209 17
2531 213 22
2532 207 21
2533 217 22
2534 208 15
2535 213 20
2536 206 26
2537 215 18
2538 218 26
2539 218 18
2540 212 21
2541 209 21
2542 211 19
2543 209 12
2544 207 24
2545 217 25
2546 209 194
2547 208 201
2548 211 189
2549 212 191
2550 213 197
2551 211 204
2552 210 200
2553 217 195
2554 219 202
2555 206 199
2556 206 194
2557 218 204
2558 207 198
2559 215 191
2560 212 197
2561 206 203
2562 210 198
2563 206 192
2564 206 201
2565 212 202
2566 210 191
2567 218 197
2568 213 189
2569 206 199
2570 215 199
2571 214 191
2572 218 196
2573 217 204
2574 210 194
2575 209 200
2576 205 185
2577 208 176
2578 206 183
2579 214 179
2580 209 182
2581 212 171
2582 212 179
2583 213 176
2584 205 174
2585 205 184
2586 213 181
2587 208 177
2588 213 186
2589 213 176
2590 217 184
2591 217 178
2592 218 187
2593 211 175
2594 206 181
2595 208 175
2596 211 173
2597 216 181
2598 215 171
2599 217 177
2600 208 179
2601 210 181
2602 212 172
2603 216 181
2604 219 180
2605 206 188
2606 36 153
2607 27 158
2608 29 160
2609 45 158
2610 29 167
2611 41 154
2612 30 161
2613 30 162
2614 39 162
2615 29 165
2616 32 161
2617 37 155
2618 31 167
2619 45 167
2620 35 156
2621 32 162
2622 42 161
2623 38 161
2624 36 166
2625 41 163
2626 43 161
2627 42 165
2628 29 156
2629 27 165
2630 45 156
2631 28 161
2632 41 165
2633 45 165
2634 41 168
2635 34 155
2636 158 76
2637 153 75
2638 153 71
2639 167 75
2640 162 71
2641 161 66
2642 164 71
2643 156 74
2644 158 71
2645 160 68
2646 160 79
2647 162 76
2648 159 77
2649 153 72
2650 153 72
2651 154 71
2652 157 70
2653 154 70
2654 166 65
2655 159 72
2656 161 72
2657 165 71
2658 160 78
2659 159 75
2660 161 72
2661 164 73
2662 155 76
2663 163 73
2664 168 66
2665 153 69
2666 72 202
2667 80 199
2668 73 198
2669 70 197
2670 73 190
2671 66 189
2672 68 204
2673 72 194
2674 73 201
2675 69 204
2676 79 204
2677 67 196
2678 76 203
2679 71 199
2680 75 189
2681 75 197
2682 75 192
2683 75 204
2684 77 199
2685 73 189
2686 68 194
2687 79 200
2688 68 195
2689 66 194
2690 78 193
2691 74 203
2692 79 194
2693 76 196
2694 69 199
2695 72 192
2696 239 262
2697 239 270
2698 240 267
2699 250 255
2700 248 256
2701 247 259
2702 238 258
2703 252 261
2704 240 256
2705 249 269
2706 240 267
2707 243 254
2708 244 256
2709 240 255
2710 251 268
2711 248 253
2712 237 261
2713 238 262
2714 241 253
2715 239 264
2716 245 264
2717 239 266
2718 241 255
2719 244 264
2720 252 268
2721 248 253
2722 251 270
2723 246 264
2724 247 270
2725 241 262
2726 102 186
2727 100 180
2728 110 169
2729 111 186
2730 100 186
2731 107 184
2732 106 186
2733 103 181
2734 100 170
2735 108 188
2736 110 175
2737 107 176
2738 106 170
2739 106 171
2740 114 187
2741 102 176
2742 100 169
2743 105 185
2744 114 181
2745 102 184
2746 110 188
2747 105 170
2748 114 182
2749 108 181
2750 107 185
2751 113 171
2752 110 180
2753 104 180
2754 104 185
2755 106 180
2756 17 50
2757 18 59
2758 23 47
2759 19 59
2760 22 63
2761 25 59
2762 15 50
2763 22 59
2764 18 60
2765 21 57
2766 15 64
2767 24 49
2768 12 64
2769 23 57
2770 14 46
2771 26 53
2772 22 62
2773 16 54
2774 20 54
2775 21 64
2776 21 53
2777 21 54
2778 15 53
2779 20 57
2780 16 62
2781 16 57
2782 12 50
2783 16 62
2784 15 55
2785 21 54
2786 179 119
2787 184 121
2788 179 129
2789 184 122
2790 185 134
2791 169 130
2792 180 127
2793 175 128
2794 177 129
2795 184 117
2796 179 120
2797 186 125
2798 174 132
2799 188 122
2800 176 129
2801 172 122
2802 178 130
2803 169 134
2804 183 118
2805 178 128
2806 187 131
2807 179 126
2808 179 120
2809 186 135
2810 178 130
2811 185 132
2812 187 124
2813 180 117
2814 175 128
2815 181 116
2816 269 16
2817 260 15
2818 262 24
2819 268 14
2820 262 17
2821 265 14
2822 253 18
2823 260 23
2824 265 12
2825 263 25
2826 261 18
2827 258 15
2828 267 12
2829 257 15
2830 268 25
2831 257 22
2832 256 20
2833 264 20
2834 255 12
2835 259 23
2836 260 23
2837 263 21
2838 253 17
2839 256 26
2840 262 12
2841 257 17
2842 263 26
2843 268 22
2844 255 20
2845 267 16
2846 256 144
2847 268 150
2848 259 151
2849 262 146
2850 255 140
2851 264 140
2852 256 145
2853 269 137
2854 257 147
2855 259 149
2856 266 147
2857 266 146
2858 265 148
2859 257 144
2860 261 136
2861 262 148
2862 258 152
2863 254 151
2864 265 139
2865 265 148
2866 253 141
2867 256 144
2868 255 143
2869 256 141
2870 263 148
2871 270 148
2872 266 145
2873 254 138
2874 256 139
2875 262 147
2876 14 195
2877 24 204
2878 26 190
2879 19 194
2880 16 192
2881 20 190
2882 18 203
2883 16 203
2884 17 197
2885 14 200
2886 16 201
2887 20 196
2888 19 198
2889 15 197
2890 20 190
2891 25 192
2892 16 202
2893 17 199
2894 15 198
2895 26 194
2896 18 204
2897 23 191
2898 14 190
2899 21 203
2900 19 201
2901 14 196
2902 18 194
2903 15 189
2904 23 191
2905 23 198
2906 130 131
2907 128 124
2908 123 125
2909 127 129
2910 124 119
2911 123 118
2912 120 122
2913 124 118
2914 127 122
2915 134 117
2916 131 124
2917 124 119
2918 127 129
2919 127 124
2920 116 133
2921 116 134
2922 124 131
2923 116 121
2924 127 134
2925 261 56
2926 269 57
2927 267 46
2928 257 58
2929 264 54
2930 259 54
2931 261 48
2932 261 60
2933 259 62
2934 256 58
2935 268 58
2936 265 62
2937 265 60
2938 257 56
2939 268 60
2940 253 51
2941 267 62
2942 263 61
2943 266 60
2944 253 47
2945 268 55
2946 255 46
2947 260 61
2948 265 53
2949 263 53
2950 260 57
2951 259 54
2952 265 60
2953 261 51
2954 261 50
