262 283 10 2920
0 8
1 5
2 6
3 6
4 8
5 8
6 7
7 12
8 10
9 9
10 5
11 7
12 3
13 5
14 4
15 4
16 3
17 3
18 4
19 3
20 3
21 3
22 3
23 3
24 4
25 3
26 5
27 3
28 5
29 3
30 4
31 5
32 5
33 3
34 3
35 3
36 4
37 4
38 6
39 3
40 4
41 3
42 3
43 3
44 4
45 3
46 5
47 3
48 3
49 3
50 4
51 3
52 3
53 3
54 3
55 3
56 3
57 4
58 3
59 4
60 5
61 4
62 3
63 3
64 3
65 3
66 3
67 3
68 5
69 4
70 3
71 3
72 5
73 3
74 3
75 3
76 3
77 3
78 3
79 4
80 3
81 3
82 5
83 3
84 3
85 3
86 4
87 3
88 4
89 3
90 4
91 3
92 5
93 3
94 3
95 4
96 3
97 3
98 4
99 3
100 3
101 3
102 3
103 3
104 4
105 8
106 3
107 3
108 3
109 3
110 3
111 3
112 4
113 3
114 3
115 3
116 5
117 3
118 3
119 3
120 4
121 4
122 3
123 3
124 3
125 5
126 4
127 3
128 3
129 3
130 6
131 3
132 3
133 3
134 3
135 3
136 4
137 3
138 3
139 4
140 3
141 3
142 6
143 3
144 3
145 3
146 3
147 3
148 6
149 3
150 4
151 3
152 3
153 3
154 5
155 4
156 3
157 3
158 3
159 3
160 3
161 3
162 5
163 3
164 3
165 3
166 4
167 7
168 3
169 3
170 3
171 4
172 4
173 5
174 3
175 3
176 3
177 3
178 5
179 4
180 3
181 3
182 5
183 4
184 3
185 3
186 3
187 3
188 3
189 5
190 4
191 3
192 3
193 3
194 3
195 3
196 3
197 3
198 3
199 3
200 6
201 5
202 3
203 3
204 4
205 3
206 4
207 3
208 3
209 4
210 4
211 4
212 3
213 3
214 3
215 4
216 3
217 7
218 4
219 3
220 4
221 3
222 3
223 5
224 3
225 3
226 6
227 3
228 3
229 3
230 3
231 4
232 3
233 4
234 3
235 3
236 3
237 3
238 4
239 3
240 3
241 6
242 3
243 6
244 3
245 3
246 4
247 3
248 3
249 4
250 3
251 3
252 3
253 4
254 3
255 3
256 4
257 3
258 4
259 3
260 3
261 3
0 0 2
1 0 7
2 0 8
3 0 10
4 0 11
5 0 206
6 1 2
7 1 4
8 1 5
9 1 7
10 1 226
11 2 4
12 2 5
13 2 8
14 2 10
15 3 6
16 3 8
17 3 11
18 3 97
19 4 5
20 4 6
21 4 8
22 4 11
23 4 173
24 5 6
25 5 7
26 5 8
27 5 10
28 5 29
29 6 7
30 6 8
31 6 9
32 6 189
33 7 9
34 7 10
35 7 11
36 7 64
37 7 136
38 7 155
39 8 9
40 8 11
41 8 245
42 9 12
43 9 46
44 9 82
45 9 116
46 10 11
47 12 28
48 13 21
49 13 17
50 13 14
51 14 28
52 15 22
53 15 27
54 15 28
55 16 25
56 17 18
57 18 23
58 19 24
59 20 26
60 24 26
61 24 28
62 25 26
63 29 31
64 30 39
65 30 40
66 30 37
67 31 37
68 31 32
69 32 35
70 32 44
71 32 43
72 33 38
73 34 38
74 36 43
75 36 45
76 38 41
77 38 40
78 42 44
79 46 61
80 46 50
81 47 48
82 47 55
83 48 62
84 49 57
85 50 59
86 51 59
87 51 60
88 52 60
89 53 59
90 54 60
91 54 62
92 55 58
93 56 61
94 57 58
95 57 63
96 64 79
97 64 75
98 65 70
99 65 73
100 65 74
101 66 80
102 67 71
103 67 68
104 68 75
105 68 81
106 69 72
107 69 81
108 72 78
109 72 80
110 74 81
111 76 79
112 77 80
113 82 84
114 82 87
115 83 91
116 83 95
117 84 92
118 85 92
119 86 94
120 86 96
121 87 94
122 88 89
123 88 90
124 88 92
125 90 95
126 93 96
127 97 98
128 98 106
129 99 105
130 100 104
131 100 102
132 101 105
133 102 115
134 103 114
135 104 109
136 105 110
137 105 111
138 105 113
139 105 112
140 105 109
141 106 107
142 107 114
143 108 115
144 112 114
145 116 117
146 116 130
147 117 118
148 119 127
149 119 130
150 120 123
151 120 130
152 120 135
153 121 131
154 121 129
155 121 130
156 122 124
157 122 135
158 124 126
159 125 128
160 125 132
161 125 134
162 125 126
163 129 133
164 136 140
165 137 143
166 138 148
167 139 147
168 139 142
169 140 141
170 141 143
171 142 144
172 142 153
173 142 152
174 143 154
175 144 151
176 145 154
177 146 148
178 148 149
179 148 152
180 148 150
181 150 154
182 155 169
183 156 167
184 157 172
185 158 167
186 159 162
187 160 168
188 160 170
189 160 172
190 161 166
191 162 171
192 162 167
193 163 164
194 163 167
195 165 172
196 166 171
197 167 172
198 169 170
199 173 175
200 173 187
201 174 179
202 176 184
203 177 183
204 178 184
205 178 179
206 178 188
207 179 183
208 180 182
209 181 186
210 181 182
211 182 185
212 182 188
213 183 187
214 189 191
215 189 195
216 189 201
217 190 196
218 190 199
219 192 201
220 193 200
221 194 204
222 194 201
223 195 198
224 197 200
225 199 205
226 200 203
227 200 204
228 201 202
229 201 205
230 206 223
231 207 224
232 207 217
233 208 217
234 209 215
235 209 217
236 210 214
237 210 218
238 211 212
239 211 221
240 211 222
241 213 223
242 215 223
243 216 218
244 217 218
245 217 222
246 217 225
247 219 220
248 220 225
249 226 236
250 226 239
251 226 243
252 226 230
253 227 235
254 228 230
255 229 238
256 230 238
257 231 238
258 231 244
259 232 233
260 233 243
261 234 241
262 235 237
263 237 241
264 240 243
265 241 242
266 241 243
267 245 248
268 246 248
269 246 255
270 247 260
271 247 250
272 248 253
273 249 256
274 249 261
275 250 261
276 251 255
277 252 258
278 253 254
279 254 259
280 255 256
281 257 258
282 257 261
0 101 259
1 100 248
2 109 245
3 101 258
4 110 261
5 99 260
6 112 248
7 99 258
8 114 251
9 106 253
10 98 253
11 107 255
12 113 261
13 100 257
14 107 253
15 105 257
16 112 250
17 104 256
18 98 245
19 112 256
20 102 246
21 102 247
22 105 261
23 107 251
24 112 258
25 103 259
26 103 256
27 101 254
28 100 251
29 112 255
30 165 248
31 158 254
32 156 257
33 160 253
34 161 260
35 164 261
36 166 260
37 168 249
38 163 251
39 160 255
40 157 248
41 162 259
42 162 249
43 167 249
44 159 246
45 157 245
46 168 250
47 168 252
48 164 260
49 170 259
50 163 255
51 161 248
52 171 247
53 162 248
54 159 251
55 172 261
56 156 248
57 159 256
58 161 248
59 157 259
60 252 60
61 254 56
62 261 49
63 252 52
64 248 47
65 253 49
66 246 53
67 247 62
68 247 51
69 260 53
70 258 47
71 258 46
72 252 63
73 245 46
74 255 46
75 257 60
76 250 53
77 249 47
78 256 56
79 257 58
80 251 51
81 245 59
82 247 57
83 260 55
84 246 57
85 249 63
86 250 59
87 253 63
88 256 59
89 251 55
90 188 1
91 182 2
92 178 5
93 184 7
94 187 11
95 174 11
96 176 4
97 173 3
98 185 4
99 175 1
100 186 9
101 183 8
102 187 10
103 178 7
104 185 9
105 182 4
106 177 10
107 187 1
108 181 11
109 187 5
110 185 5
111 180 6
112 175 7
113 188 6
114 184 11
115 174 7
116 178 9
117 249 104
118 258 106
119 256 107
120 245 108
121 254 114
122 252 111
123 260 97
124 254 110
125 258 112
126 253 107
127 250 103
128 256 113
129 260 114
130 256 113
131 249 114
132 245 115
133 248 97
134 250 109
135 248 101
136 250 99
137 251 115
138 257 102
139 249 111
140 252 113
141 260 102
142 251 108
143 245 113
144 246 113
145 259 107
146 247 103
147 183 35
148 180 42
149 181 37
150 180 38
151 175 38
152 184 38
153 175 40
154 178 29
155 181 41
156 181 43
157 176 30
158 176 32
159 186 29
160 184 29
161 177 43
162 184 29
163 188 37
164 180 41
165 176 29
166 176 45
167 174 42
168 186 29
169 185 33
170 179 35
171 175 35
172 188 29
173 178 35
174 183 31
175 180 33
176 181 34
177 186 72
178 179 67
179 178 75
180 181 75
181 174 75
182 187 77
183 185 80
184 187 81
185 174 68
186 174 70
187 184 79
188 182 67
189 185 65
190 181 78
191 176 73
192 181 65
193 183 71
194 186 66
195 173 79
196 185 67
197 187 72
198 184 79
199 186 67
200 174 64
201 186 66
202 174 67
203 181 72
204 187 72
205 177 67
206 184 64
207 250 201
208 254 194
209 248 189
210 260 192
211 257 200
212 255 200
213 260 195
214 255 193
215 256 201
216 251 192
217 251 201
218 255 189
219 254 193
220 247 197
221 256 201
222 258 194
223 246 193
224 256 190
225 252 203
226 258 195
227 252 203
228 246 198
229 260 194
230 248 195
231 260 204
232 257 191
233 261 205
234 248 200
235 252 201
236 258 193
237 189 161
238 199 163
239 189 162
240 191 162
241 197 165
242 201 165
243 192 171
244 191 157
245 197 164
246 201 162
247 204 162
248 204 169
249 193 172
250 196 172
251 205 170
252 192 169
253 202 169
254 189 172
255 198 162
256 198 162
257 194 168
258 196 171
259 201 156
260 189 160
261 190 169
262 199 159
263 200 162
264 202 167
265 203 159
266 196 165
267 78 253
268 71 250
269 81 256
270 73 248
271 81 255
272 79 246
273 65 256
274 79 256
275 76 250
276 65 250
277 73 261
278 75 258
279 75 254
280 70 250
281 73 261
282 68 245
283 68 252
284 72 245
285 71 255
286 65 247
287 71 257
288 64 246
289 78 255
290 81 252
291 72 252
292 70 247
293 65 253
294 76 254
295 65 246
296 68 253
297 168 216
298 169 219
299 159 209
300 168 218
301 164 209
302 161 216
303 166 208
304 171 223
305 163 218
306 165 211
307 169 215
308 171 217
309 163 209
310 155 222
311 168 217
312 168 218
313 167 206
314 168 222
315 156 220
316 171 224
317 172 221
318 159 213
319 161 212
320 163 220
321 163 213
322 166 214
323 168 208
324 161 214
325 158 215
326 163 209
327 158 7
328 169 8
329 164 1
330 168 3
331 165 1
332 155 2
333 162 6
334 162 1
335 159 5
336 169 11
337 159 6
338 156 2
339 171 3
340 168 7
341 171 6
342 165 10
343 157 0
344 165 2
345 157 3
346 161 1
347 156 5
348 164 3
349 171 6
350 156 11
351 165 5
352 163 11
353 165 9
354 163 4
355 159 9
356 172 6
357 237 1
358 244 0
359 235 8
360 235 0
361 244 2
362 237 1
363 227 5
364 233 1
365 231 5
366 242 1
367 238 10
368 244 5
369 243 8
370 226 11
371 228 4
372 227 3
373 232 4
374 228 4
375 238 10
376 226 8
377 243 7
378 235 9
379 243 7
380 235 9
381 230 9
382 232 4
383 233 10
384 231 1
385 241 4
386 88 218
387 89 219
388 96 220
389 87 222
390 94 225
391 88 210
392 86 217
393 96 219
394 83 215
395 90 217
396 86 217
397 93 220
398 85 209
399 93 221
400 86 217
401 85 210
402 96 208
403 89 217
404 91 214
405 90 213
406 90 221
407 88 218
408 85 214
409 92 225
410 83 224
411 88 219
412 88 207
413 96 213
414 87 218
415 91 212
416 140 144
417 139 148
418 142 154
419 149 151
420 137 138
421 136 146
422 152 137
423 151 153
424 141 151
425 154 140
426 142 138
427 149 144
428 141 145
429 143 136
430 143 148
431 139 136
432 141 142
433 147 152
434 136 151
435 150 136
436 151 148
437 29 130
438 33 125
439 30 134
440 38 117
441 45 123
442 38 125
443 37 119
444 42 117
445 38 120
446 36 124
447 35 123
448 39 123
449 37 133
450 36 128
451 36 133
452 42 131
453 42 130
454 42 124
455 32 131
456 32 129
457 31 132
458 31 119
459 35 118
460 44 117
461 43 116
462 31 116
463 43 124
464 29 134
465 45 127
466 32 131
467 193 249
468 193 256
469 205 251
470 193 248
471 199 245
472 195 253
473 196 247
474 200 255
475 191 252
476 203 250
477 204 258
478 199 261
479 197 255
480 199 249
481 190 260
482 191 259
483 205 257
484 201 257
485 192 260
486 193 256
487 202 260
488 194 253
489 195 254
490 204 251
491 196 258
492 191 258
493 205 248
494 199 257
495 199 257
496 202 254
497 60 67
498 52 81
499 46 68
500 46 74
501 62 65
502 48 74
503 52 81
504 58 72
505 57 65
506 59 75
507 63 80
508 55 81
509 56 64
510 58 73
511 58 72
512 62 75
513 53 76
514 59 64
515 62 75
516 52 78
517 49 72
518 55 66
519 60 72
520 63 78
521 62 65
522 49 67
523 48 69
524 59 68
525 53 80
526 53 79
527 59 256
528 54 250
529 61 261
530 60 260
531 63 247
532 46 253
533 61 259
534 51 247
535 63 251
536 63 253
537 53 257
538 57 256
539 48 253
540 60 249
541 52 261
542 52 260
543 49 253
544 46 252
545 56 249
546 59 252
547 46 259
548 60 255
549 50 261
550 48 258
551 63 259
552 52 256
553 63 252
554 52 250
555 57 254
556 58 256
557 87 252
558 95 260
559 86 249
560 87 260
561 90 247
562 95 252
563 95 251
564 90 260
565 89 251
566 82 245
567 90 261
568 82 257
569 95 248
570 82 254
571 94 253
572 87 255
573 92 245
574 96 245
575 87 258
576 92 259
577 84 251
578 85 251
579 86 250
580 94 247
581 86 246
582 91 256
583 89 249
584 96 252
585 90 257
586 90 254
587 45 51
588 45 63
589 45 58
590 29 56
591 30 47
592 38 60
593 41 59
594 43 51
595 34 51
596 45 63
597 39 55
598 34 60
599 33 58
600 38 52
601 45 62
602 45 46
603 43 50
604 34 52
605 45 52
606 42 58
607 37 53
608 38 60
609 39 54
610 31 57
611 35 54
612 35 51
613 30 53
614 30 48
615 30 47
616 42 59
617 6 43
618 2 43
619 0 40
620 8 37
621 1 32
622 0 41
623 8 42
624 5 34
625 7 38
626 11 33
627 3 37
628 8 38
629 6 43
630 7 34
631 10 38
632 3 30
633 0 31
634 10 45
635 6 45
636 10 35
637 11 42
638 8 42
639 10 30
640 3 29
641 0 32
642 11 36
643 2 33
644 9 35
645 0 36
646 120 8
647 116 3
648 134 2
649 125 7
650 133 3
651 128 7
652 122 8
653 120 7
654 128 4
655 125 3
656 123 7
657 118 2
658 127 11
659 121 3
660 130 8
661 121 7
662 124 3
663 124 6
664 117 8
665 118 4
666 126 3
667 117 8
668 123 11
669 130 7
670 131 8
671 123 6
672 131 10
673 130 4
674 119 3
675 238 133
676 228 117
677 233 132
678 234 127
679 242 123
680 234 135
681 226 130
682 239 133
683 235 119
684 232 124
685 244 131
686 232 123
687 232 134
688 242 118
689 230 135
690 233 119
691 232 123
692 227 121
693 233 119
694 241 119
695 231 132
696 240 135
697 244 126
698 228 131
699 232 125
700 231 123
701 238 124
702 233 117
703 232 123
704 238 134
705 16 212
706 18 210
707 17 215
708 22 215
709 20 225
710 23 223
711 28 216
712 14 213
713 13 217
714 22 209
715 13 222
716 28 220
717 13 223
718 25 209
719 19 217
720 17 223
721 12 208
722 27 215
723 19 215
724 18 207
725 23 224
726 24 210
727 25 208
728 24 216
729 26 213
730 27 224
731 16 207
732 27 212
733 13 211
734 12 212
735 114 133
736 109 120
737 99 129
738 109 127
739 112 119
740 111 124
741 109 131
742 103 129
743 110 123
744 110 122
745 109 120
746 100 120
747 98 132
748 111 120
749 102 135
750 115 122
751 111 120
752 100 126
753 97 130
754 97 130
755 110 131
756 113 133
757 105 131
758 99 125
759 108 131
760 103 119
761 103 128
762 114 125
763 99 123
764 112 135
765 87 59
766 88 51
767 84 55
768 83 57
769 91 57
770 89 57
771 92 60
772 83 62
773 82 56
774 96 53
775 84 52
776 91 46
777 92 55
778 89 54
779 87 60
780 86 47
781 88 47
782 89 46
783 91 51
784 92 58
785 89 48
786 90 56
787 87 46
788 83 57
789 95 57
790 82 48
791 96 62
792 86 54
793 94 58
794 92 57
795 71 175
796 70 173
797 64 179
798 67 185
799 80 174
800 75 187
801 69 186
802 64 179
803 77 184
804 65 182
805 68 187
806 66 184
807 77 186
808 64 181
809 77 181
810 77 184
811 71 179
812 74 186
813 70 187
814 81 183
815 80 177
816 80 173
817 75 176
818 70 180
819 66 186
820 79 176
821 69 176
822 70 185
823 66 175
824 80 173
825 95 13
826 94 21
827 87 14
828 89 26
829 91 24
830 87 27
831 91 23
832 94 17
833 82 25
834 93 18
835 86 20
836 91 23
837 89 20
838 87 23
839 94 20
840 91 14
841 83 18
842 89 18
843 91 28
844 82 23
845 88 17
846 82 24
847 86 22
848 85 21
849 90 13
850 92 24
851 88 23
852 96 19
853 94 22
854 85 14
855 189 221
856 197 215
857 196 212
858 197 221
859 205 218
860 203 216
861 202 219
862 204 208
863 205 209
864 203 220
865 196 219
866 203 224
867 204 223
868 194 221
869 189 223
870 205 225
871 198 216
872 198 209
873 190 210
874 205 207
875 196 213
876 197 208
877 189 222
878 205 216
879 191 214
880 192 222
881 195 213
882 195 207
883 191 208
884 193 217
885 2 258
886 8 258
887 5 247
888 7 249
889 4 257
890 4 257
891 0 256
892 11 259
893 11 260
894 4 261
895 3 255
896 6 258
897 4 247
898 7 245
899 0 249
900 2 254
901 1 252
902 11 246
903 10 255
904 3 253
905 10 245
906 7 253
907 11 246
908 6 252
909 11 249
910 1 248
911 0 254
912 6 255
913 4 256
914 1 246
915 121 76
916 125 73
917 121 72
918 122 79
919 119 67
920 125 71
921 135 65
922 126 81
923 135 72
924 126 64
925 122 73
926 129 79
927 132 65
928 130 79
929 134 67
930 123 81
931 120 76
932 128 80
933 130 67
934 119 71
935 116 74
936 130 66
937 133 64
938 120 79
939 119 71
940 127 77
941 118 69
942 126 66
943 120 70
944 119 78
945 197 103
946 193 99
947 194 110
948 189 105
949 191 108
950 191 104
951 201 105
952 189 111
953 205 113
954 196 101
955 194 102
956 191 101
957 205 106
958 194 99
959 205 100
960 189 100
961 195 106
962 199 106
963 204 113
964 200 110
965 201 106
966 201 115
967 200 100
968 198 97
969 197 107
970 197 102
971 194 105
972 204 98
973 192 104
974 200 104
975 37 196
976 42 203
977 33 205
978 45 199
979 33 193
980 32 201
981 33 191
982 32 197
983 35 199
984 34 205
985 35 192
986 44 198
987 31 189
988 44 201
989 40 189
990 44 197
991 31 202
992 39 192
993 33 190
994 40 199
995 36 198
996 39 189
997 38 193
998 34 197
999 31 198
1000 29 195
1001 38 194
1002 37 196
1003 36 198
1004 33 197
1005 195 127
1006 202 117
1007 190 135
1008 205 119
1009 199 128
1010 197 116
1011 190 129
1012 195 133
1013 194 134
1014 203 130
1015 198 132
1016 205 123
1017 192 128
1018 194 116
1019 203 127
1020 189 129
1021 203 120
1022 190 133
1023 193 116
1024 198 125
1025 199 120
1026 202 119
1027 195 118
1028 204 129
1029 191 121
1030 193 135
1031 197 122
1032 193 126
1033 192 130
1034 205 131
1035 30 12
1036 36 17
1037 41 12
1038 43 12
1039 43 28
1040 42 26
1041 37 26
1042 31 14
1043 31 21
1044 32 22
1045 33 24
1046 34 17
1047 38 14
1048 42 16
1049 33 28
1050 35 26
1051 37 28
1052 33 22
1053 34 23
1054 34 16
1055 33 18
1056 36 18
1057 42 26
1058 39 18
1059 36 14
1060 44 15
1061 35 26
1062 43 28
1063 38 25
1064 34 16
1065 115 23
1066 108 21
1067 97 16
1068 100 28
1069 100 24
1070 113 24
1071 99 26
1072 107 18
1073 102 14
1074 103 19
1075 103 17
1076 99 22
1077 102 21
1078 112 19
1079 104 27
1080 105 27
1081 97 14
1082 98 21
1083 111 20
1084 111 16
1085 99 22
1086 106 16
1087 108 20
1088 104 27
1089 112 18
1090 97 26
1091 97 18
1092 100 18
1093 104 16
1094 107 12
1095 164 107
1096 167 101
1097 172 106
1098 162 114
1099 161 105
1100 169 106
1101 170 110
1102 170 102
1103 156 104
1104 160 99
1105 168 101
1106 169 112
1107 159 102
1108 156 115
1109 157 99
1110 161 114
1111 159 106
1112 162 109
1113 163 102
1114 159 112
1115 157 113
1116 155 106
1117 163 109
1118 159 107
1119 171 98
1120 157 109
1121 162 112
1122 167 111
1123 170 110
1124 171 105
1125 54 127
1126 53 125
1127 61 120
1128 46 135
1129 46 135
1130 57 134
1131 50 116
1132 62 122
1133 63 131
1134 58 118
1135 55 133
1136 53 119
1137 53 116
1138 60 127
1139 63 132
1140 59 125
1141 59 133
1142 50 118
1143 49 130
1144 57 126
1145 54 116
1146 51 134
1147 61 132
1148 46 133
1149 63 135
1150 58 125
1151 62 127
1152 62 117
1153 63 133
1154 50 130
1155 43 37
1156 32 30
1157 37 34
1158 31 34
1159 30 36
1160 29 38
1161 39 35
1162 29 33
1163 40 29
1164 33 44
1165 37 38
1166 30 35
1167 30 33
1168 44 34
1169 40 43
1170 42 31
1171 45 42
1172 29 38
1173 34 36
1174 29 38
1175 41 42
1176 37 33
1177 39 32
1178 137 185
1179 141 174
1180 152 187
1181 152 176
1182 148 181
1183 149 185
1184 144 175
1185 137 175
1186 136 176
1187 148 173
1188 136 176
1189 153 173
1190 150 177
1191 153 174
1192 145 180
1193 145 175
1194 140 176
1195 143 174
1196 139 180
1197 152 185
1198 143 186
1199 138 181
1200 149 178
1201 148 179
1202 142 186
1203 148 185
1204 144 173
1205 152 185
1206 138 177
1207 143 178
1208 55 106
1209 57 100
1210 54 112
1211 58 112
1212 48 111
1213 57 99
1214 46 108
1215 52 106
1216 52 103
1217 49 106
1218 49 111
1219 57 103
1220 50 108
1221 56 99
1222 48 110
1223 58 103
1224 61 108
1225 58 105
1226 63 110
1227 63 106
1228 54 106
1229 51 115
1230 62 100
1231 61 108
1232 48 101
1233 58 113
1234 54 101
1235 53 105
1236 53 103
1237 60 109
1238 246 26
1239 250 24
1240 259 18
1241 254 17
1242 248 28
1243 255 21
1244 259 25
1245 247 18
1246 251 20
1247 250 27
1248 249 16
1249 259 13
1250 255 12
1251 252 12
1252 251 22
1253 254 17
1254 247 28
1255 249 16
1256 258 22
1257 248 16
1258 261 25
1259 246 18
1260 261 28
1261 257 23
1262 245 25
1263 257 21
1264 245 19
1265 254 28
1266 246 27
1267 255 24
1268 195 63
1269 205 51
1270 189 58
1271 200 48
1272 203 62
1273 195 60
1274 195 59
1275 195 56
1276 196 55
1277 193 62
1278 200 56
1279 189 58
1280 204 58
1281 204 48
1282 205 46
1283 201 48
1284 190 57
1285 199 61
1286 196 59
1287 199 53
1288 204 56
1289 194 52
1290 191 47
1291 198 55
1292 195 49
1293 203 50
1294 190 54
1295 202 62
1296 201 46
1297 196 59
1298 253 247
1299 245 250
1300 252 247
1301 260 257
1302 246 260
1303 251 258
1304 249 246
1305 257 248
1306 247 245
1307 247 254
1308 245 247
1309 249 252
1310 253 250
1311 249 254
1312 261 252
1313 254 245
1314 246 257
1315 247 245
1316 258 248
1317 256 245
1318 251 257
1319 248 259
1320 250 251
1321 259 257
1322 53 72
1323 46 72
1324 51 67
1325 57 80
1326 59 66
1327 59 79
1328 56 68
1329 46 74
1330 62 65
1331 54 77
1332 57 65
1333 58 75
1334 63 72
1335 46 68
1336 47 74
1337 49 81
1338 60 69
1339 54 72
1340 51 77
1341 58 68
1342 59 81
1343 51 80
1344 56 65
1345 60 64
1346 48 66
1347 54 66
1348 48 67
1349 47 70
1350 61 76
1351 60 68
1352 33 205
1353 35 204
1354 44 204
1355 36 201
1356 32 202
1357 43 205
1358 35 202
1359 32 204
1360 34 190
1361 35 192
1362 34 189
1363 35 200
1364 37 195
1365 32 201
1366 37 203
1367 35 191
1368 39 191
1369 32 189
1370 31 190
1371 39 197
1372 39 195
1373 36 192
1374 34 205
1375 33 205
1376 45 194
1377 37 191
1378 32 197
1379 41 200
1380 40 191
1381 43 199
1382 6 206
1383 6 224
1384 2 213
1385 2 225
1386 7 223
1387 5 219
1388 3 218
1389 5 217
1390 1 207
1391 0 219
1392 8 218
1393 1 209
1394 6 208
1395 4 212
1396 1 213
1397 10 212
1398 5 208
1399 11 216
1400 8 224
1401 11 221
1402 1 219
1403 11 212
1404 4 218
1405 11 220
1406 5 210
1407 6 212
1408 8 217
1409 3 206
1410 5 222
1411 114 11
1412 107 1
1413 98 11
1414 104 3
1415 101 8
1416 100 2
1417 108 4
1418 115 2
1419 105 5
1420 106 4
1421 100 3
1422 104 0
1423 103 6
1424 103 3
1425 100 11
1426 101 2
1427 102 10
1428 103 0
1429 99 2
1430 100 7
1431 97 7
1432 110 5
1433 108 1
1434 104 3
1435 102 11
1436 114 1
1437 106 7
1438 104 11
1439 104 11
1440 106 104
1441 113 103
1442 97 100
1443 115 109
1444 101 106
1445 105 103
1446 103 97
1447 98 100
1448 100 98
1449 113 97
1450 113 115
1451 115 113
1452 111 107
1453 111 102
1454 100 110
1455 251 120
1456 257 131
1457 258 123
1458 258 123
1459 249 133
1460 247 132
1461 258 130
1462 260 134
1463 245 116
1464 259 125
1465 260 124
1466 245 122
1467 252 135
1468 249 120
1469 252 125
1470 258 132
1471 249 118
1472 250 125
1473 246 119
1474 246 134
1475 247 133
1476 257 132
1477 255 134
1478 250 123
1479 245 126
1480 258 132
1481 259 126
1482 251 120
1483 257 116
1484 246 133
1485 45 61
1486 41 62
1487 30 52
1488 40 54
1489 33 56
1490 39 51
1491 38 58
1492 30 58
1493 42 51
1494 42 62
1495 35 60
1496 42 49
1497 35 47
1498 30 55
1499 34 61
1500 31 62
1501 31 51
1502 40 51
1503 32 57
1504 32 60
1505 37 54
1506 39 58
1507 39 60
1508 44 58
1509 43 51
1510 43 47
1511 39 48
1512 39 60
1513 40 51
1514 32 53
1515 239 3
1516 235 5
1517 232 11
1518 235 4
1519 227 10
1520 241 3
1521 241 9
1522 239 8
1523 242 7
1524 226 0
1525 231 10
1526 230 2
1527 237 1
1528 227 1
1529 241 5
1530 228 8
1531 244 10
1532 238 9
1533 232 7
1534 234 10
1535 233 2
1536 232 6
1537 237 2
1538 236 8
1539 227 11
1540 233 8
1541 243 3
1542 227 7
1543 228 8
1544 244 1
1545 11 14
1546 2 22
1547 1 19
1548 2 20
1549 7 23
1550 1 26
1551 2 27
1552 5 20
1553 10 23
1554 0 22
1555 6 15
1556 2 17
1557 6 17
1558 5 13
1559 4 18
1560 0 23
1561 7 17
1562 3 21
1563 3 19
1564 10 13
1565 11 22
1566 3 28
1567 4 17
1568 2 20
1569 7 18
1570 4 17
1571 0 13
1572 0 24
1573 9 25
1574 208 62
1575 220 53
1576 220 56
1577 212 60
1578 220 63
1579 223 62
1580 208 62
1581 225 46
1582 223 63
1583 224 60
1584 207 58
1585 206 63
1586 223 52
1587 213 51
1588 222 52
1589 208 55
1590 210 56
1591 225 58
1592 213 63
1593 221 51
1594 216 51
1595 208 52
1596 224 60
1597 223 49
1598 222 47
1599 219 51
1600 222 47
1601 207 48
1602 216 55
1603 207 54
1604 238 257
1605 237 248
1606 238 261
1607 233 261
1608 242 250
1609 229 259
1610 243 245
1611 243 258
1612 233 255
1613 232 259
1614 243 259
1615 244 249
1616 241 250
1617 232 256
1618 227 259
1619 237 259
1620 239 247
1621 230 245
1622 235 253
1623 239 254
1624 228 252
1625 235 248
1626 232 247
1627 227 255
1628 234 249
1629 233 252
1630 230 259
1631 231 251
1632 240 248
1633 231 257
1634 183 168
1635 176 171
1636 176 163
1637 183 163
1638 185 169
1639 174 156
1640 178 172
1641 177 160
1642 179 164
1643 185 160
1644 187 157
1645 174 161
1646 185 167
1647 173 167
1648 184 156
1649 183 171
1650 182 163
1651 174 159
1652 178 164
1653 176 159
1654 182 155
1655 176 158
1656 179 164
1657 180 160
1658 177 166
1659 179 167
1660 186 161
1661 181 155
1662 179 160
1663 173 156
1664 57 250
1665 60 249
1666 56 248
1667 63 253
1668 61 249
1669 48 255
1670 59 260
1671 51 256
1672 53 256
1673 59 256
1674 54 248
1675 62 255
1676 47 251
1677 50 258
1678 53 256
1679 46 260
1680 52 258
1681 57 247
1682 61 246
1683 51 257
1684 53 256
1685 57 255
1686 56 253
1687 61 259
1688 61 249
1689 62 259
1690 50 249
1691 62 253
1692 55 253
1693 53 260
1694 209 39
1695 220 29
1696 219 42
1697 223 29
1698 206 40
1699 225 33
1700 212 39
1701 214 36
1702 225 29
1703 217 43
1704 225 43
1705 216 35
1706 221 45
1707 222 30
1708 212 30
1709 212 32
1710 224 41
1711 212 30
1712 212 37
1713 221 41
1714 221 34
1715 211 41
1716 224 29
1717 211 34
1718 209 38
1719 215 29
1720 221 31
1721 209 40
1722 222 33
1723 222 38
1724 46 91
1725 54 94
1726 59 93
1727 54 86
1728 56 89
1729 62 84
1730 60 91
1731 56 88
1732 58 94
1733 47 92
1734 54 84
1735 52 89
1736 59 87
1737 52 90
1738 63 87
1739 60 96
1740 52 87
1741 51 87
1742 58 89
1743 51 95
1744 56 91
1745 61 88
1746 50 82
1747 62 87
1748 61 86
1749 57 92
1750 46 91
1751 62 83
1752 51 84
1753 51 90
1754 124 34
1755 129 29
1756 125 44
1757 132 36
1758 125 44
1759 134 37
1760 132 31
1761 128 39
1762 121 36
1763 120 34
1764 121 32
1765 119 34
1766 135 32
1767 119 29
1768 132 43
1769 119 31
1770 119 39
1771 126 38
1772 117 35
1773 130 36
1774 130 39
1775 134 38
1776 130 32
1777 134 37
1778 128 45
1779 133 43
1780 116 43
1781 130 41
1782 134 32
1783 132 33
1784 90 222
1785 95 215
1786 83 207
1787 88 210
1788 87 224
1789 87 211
1790 84 222
1791 94 219
1792 94 213
1793 96 206
1794 83 218
1795 92 215
1796 90 217
1797 96 223
1798 96 224
1799 95 209
1800 88 224
1801 83 222
1802 90 210
1803 86 215
1804 88 215
1805 87 207
1806 86 213
1807 88 212
1808 84 222
1809 85 206
1810 96 225
1811 87 214
1812 94 210
1813 88 207
1814 101 237
1815 98 230
1816 110 234
1817 115 227
1818 114 238
1819 105 241
1820 109 237
1821 111 226
1822 110 227
1823 100 240
1824 104 231
1825 112 244
1826 99 243
1827 105 242
1828 99 227
1829 97 241
1830 97 228
1831 105 237
1832 115 232
1833 107 239
1834 113 239
1835 114 230
1836 112 244
1837 104 243
1838 107 236
1839 98 234
1840 103 231
1841 104 239
1842 110 226
1843 102 230
1844 82 33
1845 88 32
1846 84 41
1847 83 36
1848 85 38
1849 84 39
1850 89 41
1851 90 39
1852 93 29
1853 95 34
1854 91 38
1855 87 38
1856 90 36
1857 95 36
1858 83 34
1859 96 36
1860 96 32
1861 95 44
1862 87 39
1863 83 38
1864 84 43
1865 87 40
1866 94 45
1867 87 44
1868 84 38
1869 91 42
1870 90 29
1871 95 37
1872 91 41
1873 83 45
1874 74 164
1875 79 160
1876 79 156
1877 76 165
1878 71 162
1879 71 160
1880 73 171
1881 81 158
1882 70 168
1883 79 157
1884 70 155
1885 68 168
1886 77 171
1887 66 165
1888 65 159
1889 73 165
1890 69 158
1891 69 155
1892 75 157
1893 65 170
1894 80 169
1895 80 167
1896 74 172
1897 78 165
1898 81 156
1899 73 167
1900 64 156
1901 75 172
1902 69 156
1903 153 55
1904 140 58
1905 137 59
1906 138 48
1907 148 54
1908 153 51
1909 147 56
1910 146 53
1911 144 55
1912 154 61
1913 150 56
1914 139 53
1915 148 53
1916 152 63
1917 149 57
1918 149 61
1919 142 60
1920 144 46
1921 136 58
1922 144 46
1923 142 49
1924 147 51
1925 153 53
1926 139 63
1927 136 59
1928 150 48
1929 154 46
1930 140 55
1931 137 50
1932 153 62
1933 242 45
1934 233 42
1935 239 40
1936 235 35
1937 231 44
1938 238 45
1939 239 39
1940 239 40
1941 231 34
1942 233 41
1943 232 45
1944 237 36
1945 228 33
1946 227 37
1947 240 29
1948 232 32
1949 242 43
1950 244 35
1951 241 37
1952 244 38
1953 233 43
1954 237 31
1955 242 41
1956 239 29
1957 238 35
1958 226 37
1959 238 42
1960 244 34
1961 239 32
1962 233 45
1963 21 5
1964 24 9
1965 22 8
1966 27 10
1967 16 3
1968 12 10
1969 12 0
1970 23 7
1971 26 9
1972 17 7
1973 26 4
1974 13 5
1975 20 0
1976 19 9
1977 25 5
1978 24 1
1979 20 8
1980 24 0
1981 21 2
1982 24 5
1983 21 0
1984 22 11
1985 27 2
1986 25 11
1987 25 3
1988 13 1
1989 26 5
1990 24 3
1991 28 10
1992 75 123
1993 70 118
1994 77 126
1995 79 129
1996 79 132
1997 76 134
1998 73 127
1999 79 124
2000 64 117
2001 66 124
2002 68 130
2003 72 121
2004 71 124
2005 79 133
2006 77 132
2007 78 127
2008 74 122
2009 68 122
2010 76 132
2011 66 126
2012 71 135
2013 64 121
2014 68 134
2015 71 134
2016 77 120
2017 68 124
2018 80 122
2019 72 126
2020 80 117
2021 79 127
2022 19 148
2023 23 136
2024 23 147
2025 24 149
2026 19 150
2027 15 153
2028 26 139
2029 20 138
2030 25 149
2031 25 136
2032 21 153
2033 21 142
2034 18 140
2035 23 137
2036 16 140
2037 18 137
2038 12 143
2039 12 144
2040 15 143
2041 28 152
2042 14 152
2043 20 143
2044 24 147
2045 22 150
2046 15 154
2047 14 140
2048 27 139
2049 20 153
2050 13 154
2051 12 140
2052 237 57
2053 227 63
2054 234 53
2055 230 47
2056 232 50
2057 241 60
2058 237 50
2059 226 56
2060 233 61
2061 232 63
2062 240 58
2063 233 49
2064 239 57
2065 232 49
2066 239 63
2067 230 51
2068 243 52
2069 228 46
2070 230 60
2071 229 48
2072 227 53
2073 227 55
2074 235 52
2075 236 63
2076 241 56
2077 232 57
2078 244 53
2079 243 49
2080 232 51
2081 229 52
2082 39 26
2083 33 18
2084 37 27
2085 34 22
2086 35 13
2087 37 16
2088 36 17
2089 38 25
2090 44 18
2091 32 21
2092 35 26
2093 29 16
2094 34 28
2095 41 24
2096 33 15
2097 45 16
2098 29 19
2099 45 13
2100 30 15
2101 29 22
2102 39 24
2103 37 26
2104 31 22
2105 37 23
2106 33 18
2107 30 16
2108 34 28
2109 29 28
2110 33 22
2111 39 20
2112 92 96
2113 90 91
2114 87 92
2115 95 86
2116 88 87
2117 83 87
2118 91 90
2119 93 89
2120 90 96
2121 91 90
2122 82 90
2123 95 82
2124 93 94
2125 82 90
2126 87 92
2127 92 94
2128 96 95
2129 91 82
2130 95 82
2131 83 87
2132 38 0
2133 31 6
2134 38 5
2135 45 11
2136 37 5
2137 43 11
2138 37 2
2139 42 10
2140 40 11
2141 43 10
2142 38 0
2143 42 6
2144 31 1
2145 34 3
2146 35 7
2147 33 4
2148 32 4
2149 35 6
2150 32 1
2151 35 1
2152 33 8
2153 34 10
2154 29 3
2155 39 3
2156 45 4
2157 37 10
2158 32 10
2159 33 2
2160 33 2
2161 158 91
2162 167 86
2163 158 82
2164 169 91
2165 171 84
2166 168 92
2167 162 83
2168 156 83
2169 169 95
2170 162 96
2171 163 87
2172 165 95
2173 155 83
2174 157 86
2175 167 87
2176 170 82
2177 172 87
2178 156 83
2179 168 91
2180 157 90
2181 172 82
2182 169 84
2183 156 83
2184 157 84
2185 156 90
2186 170 95
2187 168 83
2188 158 95
2189 167 90
2190 156 94
2191 126 249
2192 124 254
2193 134 261
2194 131 248
2195 117 256
2196 129 249
2197 135 257
2198 123 252
2199 125 253
2200 118 249
2201 132 261
2202 128 258
2203 120 251
2204 121 250
2205 121 247
2206 132 257
2207 124 261
2208 128 249
2209 118 259
2210 132 254
2211 133 249
2212 116 251
2213 135 260
2214 121 253
2215 116 254
2216 126 249
2217 121 248
2218 129 259
2219 134 257
2220 127 245
2221 27 130
2222 22 132
2223 18 123
2224 13 128
2225 23 134
2226 25 124
2227 18 123
2228 18 135
2229 17 134
2230 12 121
2231 21 117
2232 22 122
2233 18 126
2234 16 135
2235 26 135
2236 24 130
2237 17 129
2238 19 129
2239 18 134
2240 13 119
2241 12 127
2242 12 127
2243 17 126
2244 19 118
2245 20 132
2246 15 133
2247 24 118
2248 24 123
2249 28 122
2250 102 220
2251 108 217
2252 114 220
2253 97 223
2254 98 217
2255 101 207
2256 114 207
2257 98 225
2258 113 220
2259 106 218
2260 104 213
2261 99 225
2262 114 215
2263 103 214
2264 103 217
2265 105 210
2266 106 215
2267 105 220
2268 105 207
2269 103 222
2270 105 206
2271 112 218
2272 98 220
2273 99 215
2274 106 207
2275 98 219
2276 107 209
2277 108 223
2278 111 208
2279 114 210
2280 39 68
2281 35 64
2282 41 79
2283 36 70
2284 30 75
2285 37 70
2286 37 70
2287 35 73
2288 40 74
2289 45 67
2290 30 68
2291 39 79
2292 37 76
2293 40 65
2294 30 72
2295 30 66
2296 31 75
2297 29 69
2298 39 73
2299 32 68
2300 45 66
2301 33 78
2302 38 75
2303 31 68
2304 41 77
2305 35 77
2306 34 76
2307 31 79
2308 43 80
2309 45 74
2310 233 119
2311 236 124
2312 238 120
2313 231 128
2314 228 131
2315 241 132
2316 233 127
2317 234 125
2318 227 128
2319 235 118
2320 226 130
2321 240 126
2322 233 133
2323 232 131
2324 226 128
2325 235 134
2326 231 133
2327 234 121
2328 241 133
2329 232 120
2330 230 119
2331 228 121
2332 239 133
2333 231 129
2334 233 131
2335 238 121
2336 244 130
2337 239 122
2338 237 117
2339 233 124
2340 187 231
2341 173 229
2342 180 228
2343 175 240
2344 179 231
2345 188 241
2346 187 240
2347 186 237
2348 174 234
2349 186 240
2350 180 233
2351 173 243
2352 181 231
2353 183 236
2354 185 241
2355 181 238
2356 176 238
2357 175 234
2358 177 228
2359 180 243
2360 183 229
2361 185 241
2362 182 234
2363 177 229
2364 182 240
2365 179 239
2366 176 235
2367 186 236
2368 184 240
2369 181 229
2370 240 192
2371 242 189
2372 241 191
2373 240 194
2374 242 198
2375 236 198
2376 227 196
2377 232 192
2378 235 200
2379 235 190
2380 236 201
2381 235 198
2382 242 198
2383 226 202
2384 242 205
2385 226 193
2386 226 194
2387 232 195
2388 241 193
2389 234 202
2390 235 204
2391 228 189
2392 230 193
2393 232 205
2394 239 195
2395 233 191
2396 242 191
2397 231 195
2398 233 203
2399 234 191
2400 229 3
2401 228 10
2402 238 1
2403 227 8
2404 234 5
2405 242 3
2406 240 1
2407 239 6
2408 241 3
2409 242 10
2410 236 6
2411 235 8
2412 240 4
2413 244 5
2414 236 10
2415 230 8
2416 235 2
2417 238 2
2418 239 11
2419 229 3
2420 232 9
2421 235 11
2422 242 4
2423 237 6
2424 241 10
2425 232 2
2426 232 0
2427 238 7
2428 243 4
2429 234 7
2430 91 84
2431 91 90
2432 89 82
2433 93 83
2434 91 94
2435 91 85
2436 82 88
2437 95 94
2438 88 96
2439 88 87
2440 96 87
2441 94 92
2442 84 91
2443 82 86
2444 83 93
2445 86 88
2446 89 82
2447 96 92
2448 87 95
2449 237 2
2450 232 11
2451 236 4
2452 240 6
2453 240 2
2454 244 2
2455 239 7
2456 239 11
2457 229 0
2458 233 3
2459 241 10
2460 234 0
2461 231 7
2462 231 7
2463 230 3
2464 230 4
2465 233 6
2466 228 10
2467 228 3
2468 236 3
2469 227 6
2470 233 8
2471 227 7
2472 239 2
2473 242 1
2474 228 2
2475 240 11
2476 236 7
2477 243 11
2478 237 6
2479 29 27
2480 41 25
2481 37 24
2482 37 27
2483 38 18
2484 41 23
2485 44 15
2486 45 16
2487 37 14
2488 36 26
2489 35 28
2490 31 23
2491 45 14
2492 40 19
2493 30 28
2494 34 18
2495 36 21
2496 43 14
2497 37 22
2498 29 17
2499 44 26
2500 36 17
2501 36 18
2502 38 18
2503 40 26
2504 45 12
2505 40 12
2506 36 25
2507 42 16
2508 35 18
2509 152 134
2510 149 133
2511 151 130
2512 148 117
2513 148 131
2514 146 127
2515 152 120
2516 150 125
2517 152 124
2518 140 116
2519 144 134
2520 136 119
2521 151 125
2522 136 129
2523 149 135
2524 142 128
2525 143 118
2526 146 130
2527 140 128
2528 147 121
2529 138 132
2530 146 116
2531 144 117
2532 146 131
2533 144 122
2534 148 126
2535 146 126
2536 139 130
2537 147 122
2538 137 116
2539 175 207
2540 175 206
2541 183 224
2542 187 216
2543 179 210
2544 180 217
2545 186 206
2546 181 216
2547 188 207
2548 180 211
2549 177 214
2550 181 207
2551 187 219
2552 179 222
2553 187 225
2554 184 207
2555 176 209
2556 179 216
2557 176 208
2558 176 208
2559 186 223
2560 183 208
2561 185 223
2562 182 221
2563 178 224
2564 175 215
2565 178 220
2566 182 208
2567 185 213
2568 177 220
2569 143 83
2570 146 88
2571 137 85
2572 141 85
2573 139 93
2574 143 93
2575 148 90
2576 151 86
2577 149 95
2578 142 83
2579 145 82
2580 150 84
2581 146 93
2582 146 93
2583 149 90
2584 139 87
2585 145 96
2586 147 94
2587 145 94
2588 148 84
2589 136 83
2590 139 88
2591 151 86
2592 147 89
2593 136 93
2594 149 96
2595 145 82
2596 153 92
2597 145 93
2598 139 95
2599 124 159
2600 128 169
2601 117 164
2602 128 156
2603 124 168
2604 120 166
2605 131 162
2606 128 157
2607 118 168
2608 123 160
2609 133 172
2610 128 160
2611 120 167
2612 133 172
2613 117 157
2614 117 162
2615 134 155
2616 130 158
2617 131 157
2618 131 166
2619 117 155
2620 135 158
2621 135 172
2622 117 162
2623 125 156
2624 121 168
2625 125 158
2626 119 170
2627 130 157
2628 125 155
2629 32 148
2630 31 148
2631 30 148
2632 42 142
2633 44 145
2634 33 146
2635 29 137
2636 37 141
2637 40 148
2638 37 149
2639 33 138
2640 44 142
2641 34 148
2642 34 139
2643 41 146
2644 32 137
2645 30 139
2646 34 142
2647 41 149
2648 44 141
2649 32 146
2650 45 136
2651 31 137
2652 39 154
2653 30 140
2654 35 153
2655 29 154
2656 39 149
2657 32 139
2658 36 141
2659 238 114
2660 229 99
2661 230 100
2662 234 106
2663 228 105
2664 241 106
2665 236 104
2666 235 109
2667 227 100
2668 238 102
2669 241 104
2670 244 110
2671 226 108
2672 226 111
2673 233 100
2674 238 108
2675 244 97
2676 239 114
2677 228 103
2678 231 106
2679 231 113
2680 230 114
2681 237 115
2682 231 102
2683 244 104
2684 242 102
2685 226 102
2686 229 110
2687 233 112
2688 231 97
2689 138 160
2690 141 161
2691 153 162
2692 147 158
2693 136 156
2694 150 155
2695 151 172
2696 138 157
2697 147 171
2698 137 155
2699 146 159
2700 150 166
2701 144 170
2702 145 157
2703 153 170
2704 139 170
2705 149 160
2706 152 156
2707 140 163
2708 142 160
2709 150 158
2710 149 168
2711 136 165
2712 141 156
2713 145 155
2714 140 170
2715 139 163
2716 147 163
2717 143 163
2718 139 155
2719 98 78
2720 97 74
2721 98 64
2722 113 73
2723 98 67
2724 103 75
2725 104 68
2726 112 79
2727 105 69
2728 107 74
2729 103 68
2730 112 80
2731 112 73
2732 102 64
2733 110 74
2734 109 69
2735 106 76
2736 113 79
2737 111 74
2738 114 64
2739 108 65
2740 98 67
2741 113 66
2742 109 78
2743 102 72
2744 101 80
2745 104 72
2746 113 75
2747 105 68
2748 105 68
2749 118 236
2750 121 240
2751 121 236
2752 122 229
2753 118 229
2754 127 236
2755 118 238
2756 126 236
2757 126 237
2758 128 232
2759 120 226
2760 135 227
2761 119 228
2762 133 240
2763 133 236
2764 123 243
2765 117 227
2766 126 239
2767 134 235
2768 135 237
2769 134 241
2770 125 226
2771 128 233
2772 125 228
2773 122 238
2774 135 228
2775 118 244
2776 123 227
2777 133 235
2778 125 230
2779 109 200
2780 97 192
2781 97 191
2782 106 204
2783 107 197
2784 110 196
2785 106 198
2786 106 201
2787 104 190
2788 98 205
2789 99 201
2790 101 196
2791 98 203
2792 111 204
2793 108 201
2794 115 205
2795 108 194
2796 111 203
2797 105 199
2798 113 196
2799 112 204
2800 108 189
2801 107 198
2802 101 200
2803 111 203
2804 111 204
2805 109 194
2806 97 192
2807 103 199
2808 97 191
2809 149 239
2810 144 239
2811 148 243
2812 147 242
2813 151 230
2814 153 233
2815 151 243
2816 149 237
2817 151 238
2818 141 243
2819 151 229
2820 153 241
2821 148 240
2822 145 235
2823 142 244
2824 142 244
2825 137 231
2826 140 236
2827 144 236
2828 151 228
2829 142 238
2830 144 229
2831 137 235
2832 136 243
2833 146 233
2834 145 231
2835 151 231
2836 148 233
2837 149 230
2838 150 233
2839 53 49
2840 56 62
2841 59 61
2842 48 52
2843 60 50
2844 56 63
2845 61 58
2846 48 50
2847 60 56
2848 56 50
2849 57 46
2850 48 51
2851 49 51
2852 59 47
2853 61 54
2854 62 57
2855 52 53
2856 61 52
2857 60 48
2858 46 52
2859 49 59
2860 156 36
2861 160 41
2862 172 33
2863 161 43
2864 165 44
2865 169 37
2866 167 42
2867 156 36
2868 158 35
2869 162 35
2870 156 29
2871 160 32
2872 163 41
2873 158 35
2874 161 42
2875 170 43
2876 172 42
2877 172 32
2878 162 44
2879 171 31
2880 159 29
2881 165 32
2882 160 44
2883 161 32
2884 159 35
2885 163 40
2886 156 40
2887 161 29
2888 158 33
2889 157 42
2890 86 61
2891 89 63
2892 87 46
2893 87 47
2894 86 58
2895 87 57
2896 84 58
2897 95 51
2898 95 46
2899 89 49
2900 89 52
2901 88 50
2902 90 51
2903 84 62
2904 84 54
2905 87 61
2906 87 48
2907 87 46
2908 87 53
2909 88 56
2910 85 55
2911 93 62
2912 95 46
2913 90 55
2914 87 49
2915 96 63
2916 88 60
2917 88 46
2918 83 50
2919 93 51
