258 279 10 2981
0 8
1 6
2 9
3 6
4 8
5 5
6 10
7 11
8 9
9 6
10 6
11 9
12 3
13 3
14 4
15 3
16 4
17 5
18 4
19 3
20 3
21 4
22 3
23 3
24 3
25 3
26 3
27 3
28 4
29 3
30 3
31 3
32 3
33 5
34 3
35 4
36 3
37 3
38 3
39 3
40 4
41 3
42 3
43 4
44 3
45 3
46 3
47 3
48 4
49 3
50 3
51 3
52 3
53 3
54 3
55 3
56 3
57 4
58 3
59 3
60 3
61 4
62 6
63 3
64 3
65 3
66 3
67 3
68 3
69 3
70 3
71 3
72 3
73 3
74 3
75 4
76 3
77 4
78 3
79 5
80 3
81 4
82 4
83 3
84 3
85 3
86 5
87 5
88 3
89 6
90 4
91 3
92 4
93 4
94 3
95 3
96 3
97 3
98 3
99 3
100 3
101 3
102 3
103 3
104 3
105 3
106 5
107 3
108 3
109 3
110 4
111 3
112 4
113 3
114 3
115 5
116 3
117 3
118 5
119 3
120 3
121 3
122 3
123 3
124 3
125 4
126 3
127 4
128 3
129 3
130 3
131 3
132 3
133 3
134 4
135 5
136 4
137 3
138 4
139 3
140 3
141 3
142 4
143 4
144 3
145 3
146 3
147 3
148 3
149 3
150 3
151 5
152 6
153 4
154 3
155 3
156 4
157 3
158 3
159 3
160 3
161 3
162 4
163 5
164 4
165 3
166 3
167 3
168 3
169 3
170 3
171 3
172 3
173 3
174 3
175 3
176 3
177 3
178 3
179 3
180 6
181 4
182 5
183 3
184 5
185 4
186 5
187 3
188 3
189 3
190 3
191 3
192 5
193 3
194 3
195 3
196 4
197 3
198 3
199 3
200 3
201 3
202 4
203 3
204 3
205 3
206 6
207 4
208 3
209 3
210 5
211 4
212 4
213 3
214 3
215 3
216 4
217 3
218 3
219 4
220 3
221 3
222 3
223 3
224 3
225 6
226 3
227 4
228 3
229 3
230 5
231 3
232 4
233 5
234 3
235 3
236 3
237 3
238 4
239 3
240 3
241 4
242 6
243 3
244 3
245 3
246 3
247 3
248 3
249 6
250 5
251 3
252 3
253 3
254 4
255 3
256 3
257 3
0 0 1
1 0 2
2 0 4
3 0 7
4 0 8
5 0 10
6 0 208
7 1 2
8 1 6
9 1 11
10 2 3
11 2 7
12 2 10
13 2 11
14 2 67
15 2 192
16 3 4
17 3 8
18 3 9
19 3 173
20 3 225
21 4 5
22 4 6
23 4 11
24 4 141
25 5 6
26 5 7
27 5 157
28 6 8
29 6 9
30 6 10
31 6 11
32 6 106
33 7 8
34 7 9
35 7 10
36 7 11
37 7 47
38 7 240
39 8 9
40 8 11
41 8 87
42 9 11
43 9 30
44 10 11
45 10 12
46 11 124
47 12 28
48 13 21
49 14 21
50 14 17
51 15 23
52 15 26
53 15 17
54 16 20
55 16 18
56 17 22
57 18 28
58 19 22
59 19 29
60 23 25
61 24 27
62 24 29
63 27 28
64 30 33
65 31 32
66 31 42
67 32 41
68 32 35
69 33 38
70 33 44
71 33 35
72 34 45
73 36 42
74 36 43
75 37 43
76 39 45
77 40 45
78 40 42
79 43 46
80 47 53
81 48 55
82 48 63
83 49 61
84 50 56
85 50 57
86 51 52
87 51 57
88 51 62
89 52 60
90 52 59
91 53 55
92 54 62
93 57 65
94 58 65
95 59 63
96 61 62
97 62 64
98 62 66
99 67 76
100 67 86
101 68 85
102 69 84
103 70 80
104 70 78
105 71 85
106 72 86
107 73 80
108 74 78
109 74 79
110 75 82
111 75 79
112 77 83
113 77 79
114 77 86
115 78 85
116 81 84
117 81 82
118 87 91
119 87 96
120 88 94
121 89 92
122 89 98
123 89 99
124 89 93
125 90 102
126 90 93
127 90 101
128 91 100
129 92 97
130 93 95
131 94 98
132 96 105
133 99 104
134 100 103
135 101 103
136 106 116
137 106 115
138 107 118
139 107 120
140 107 121
141 108 119
142 109 110
143 110 115
144 110 121
145 111 119
146 111 118
147 112 113
148 112 117
149 114 115
150 117 118
151 121 122
152 122 123
153 124 135
154 125 132
155 125 138
156 126 132
157 127 133
158 127 134
159 127 140
160 128 130
161 128 132
162 129 137
163 129 135
164 131 138
165 134 135
166 134 136
167 136 138
168 138 139
169 141 142
170 142 152
171 143 145
172 143 155
173 144 147
174 146 151
175 147 152
176 148 150
177 149 150
178 149 155
179 151 155
180 151 152
181 152 153
182 153 156
183 154 156
184 157 162
185 158 163
186 159 166
187 159 162
188 160 164
189 161 164
190 161 171
191 161 170
192 162 169
193 163 165
194 163 168
195 163 170
196 166 170
197 167 171
198 169 172
199 173 174
200 173 176
201 175 187
202 176 182
203 177 178
204 177 183
205 179 184
206 180 188
207 180 181
208 180 184
209 180 186
210 181 185
211 182 186
212 182 191
213 183 190
214 184 190
215 185 189
216 186 187
217 192 205
218 192 206
219 193 198
220 193 202
221 194 202
222 195 196
223 196 207
224 197 198
225 198 199
226 199 200
227 199 204
228 201 203
229 201 206
230 202 206
231 206 207
232 208 221
233 209 219
234 210 219
235 210 222
236 210 224
237 211 220
238 211 212
239 211 218
240 211 224
241 212 215
242 212 221
243 213 216
244 214 221
245 216 223
246 217 224
247 218 223
248 225 236
249 225 229
250 225 230
251 226 233
252 227 228
253 227 238
254 227 232
255 229 233
256 230 231
257 230 238
258 231 235
259 232 239
260 233 234
261 233 237
262 240 241
263 241 250
264 242 243
265 242 251
266 242 255
267 242 249
268 243 246
269 244 249
270 244 257
271 245 248
272 245 255
273 247 254
274 249 250
275 249 254
276 250 253
277 252 257
278 254 256
0 31 0
1 42 10
2 41 7
3 31 2
4 38 1
5 36 11
6 39 11
7 31 8
8 30 10
9 31 9
10 38 4
11 30 2
12 43 6
13 41 10
14 33 3
15 36 9
16 36 6
17 33 1
18 40 8
19 37 2
20 37 1
21 41 8
22 32 11
23 46 2
24 40 1
25 31 6
26 43 2
27 33 3
28 37 10
29 5 202
30 5 198
31 8 202
32 3 197
33 2 203
34 0 197
35 0 194
36 6 194
37 9 200
38 10 199
39 5 196
40 5 193
41 10 200
42 5 203
43 7 196
44 4 198
45 5 196
46 4 198
47 3 204
48 8 192
49 1 200
50 10 193
51 8 199
52 7 197
53 2 199
54 1 202
55 8 206
56 30 193
57 36 200
58 32 197
59 43 204
60 45 198
61 36 206
62 39 196
63 45 204
64 33 199
65 45 207
66 32 201
67 46 205
68 35 193
69 43 206
70 45 206
71 30 195
72 32 198
73 33 199
74 34 193
75 42 201
76 38 205
77 36 207
78 38 206
79 42 204
80 36 203
81 46 197
82 41 207
83 35 192
84 31 199
85 33 199
86 103 176
87 97 186
88 93 186
89 103 191
90 93 184
91 89 173
92 105 182
93 87 191
94 88 174
95 103 177
96 99 178
97 90 188
98 90 185
99 99 188
100 96 180
101 102 180
102 101 187
103 104 182
104 92 178
105 101 183
106 95 179
107 90 179
108 98 180
109 97 178
110 93 183
111 97 190
112 102 181
113 104 183
114 92 188
115 97 180
116 176 121
117 187 118
118 184 111
119 184 115
120 177 109
121 184 115
122 190 109
123 176 106
124 182 114
125 176 108
126 183 122
127 188 113
128 173 113
129 174 115
130 181 115
131 185 120
132 185 118
133 173 123
134 181 119
135 178 116
136 189 117
137 188 118
138 181 111
139 190 121
140 178 106
141 186 115
142 188 120
143 189 120
144 180 108
145 181 118
146 193 253
147 197 256
148 193 257
149 203 256
150 196 245
151 207 241
152 198 241
153 196 241
154 197 247
155 196 248
156 200 251
157 201 245
158 201 248
159 202 245
160 204 257
161 197 240
162 200 254
163 200 256
164 193 242
165 201 244
166 196 240
167 206 246
168 200 240
169 199 257
170 205 244
171 195 240
172 192 246
173 193 248
174 203 244
175 203 250
176 138 94
177 131 93
178 140 89
179 139 88
180 130 105
181 131 102
182 136 104
183 131 95
184 138 93
185 132 93
186 133 98
187 125 88
188 139 101
189 130 100
190 129 103
191 134 104
192 135 104
193 127 99
194 125 91
195 136 92
196 139 96
197 132 95
198 129 100
199 140 105
200 125 101
201 129 88
202 140 90
203 129 90
204 126 87
205 135 102
206 160 67
207 172 80
208 172 74
209 171 79
210 158 85
211 166 71
212 166 70
213 162 70
214 166 69
215 165 69
216 168 69
217 157 70
218 165 71
219 157 79
220 163 77
221 166 78
222 166 86
223 159 85
224 161 84
225 163 86
226 159 74
227 166 81
228 162 83
229 161 72
230 165 86
231 171 78
232 169 67
233 168 71
234 161 69
235 172 70
236 210 123
237 218 109
238 214 116
239 217 123
240 220 113
241 215 107
242 208 123
243 222 116
244 217 117
245 221 112
246 221 118
247 223 122
248 209 110
249 221 106
250 212 120
251 214 115
252 214 117
253 221 109
254 220 109
255 222 113
256 220 109
257 210 106
258 223 118
259 222 107
260 218 119
261 213 118
262 212 121
263 219 119
264 210 118
265 208 122
266 208 139
267 208 126
268 213 135
269 212 135
270 219 132
271 223 137
272 215 124
273 218 124
274 224 140
275 216 127
276 211 131
277 223 127
278 211 134
279 209 133
280 216 134
281 208 127
282 219 136
283 215 125
284 224 126
285 212 128
286 224 137
287 215 140
288 221 130
289 218 140
290 222 130
291 222 125
292 208 135
293 218 136
294 212 125
295 209 132
296 31 111
297 30 122
298 34 115
299 33 109
300 42 112
301 31 120
302 40 122
303 36 107
304 41 119
305 40 114
306 36 117
307 30 106
308 31 118
309 37 116
310 44 117
311 36 115
312 39 106
313 36 106
314 31 107
315 45 122
316 41 116
317 42 113
318 42 117
319 33 114
320 40 118
321 35 118
322 31 110
323 45 118
324 40 108
325 42 116
326 227 184
327 226 178
328 235 188
329 229 177
330 232 181
331 239 185
332 232 176
333 226 176
334 231 187
335 226 178
336 228 189
337 233 191
338 229 174
339 227 173
340 232 189
341 231 184
342 233 191
343 239 177
344 226 180
345 228 186
346 235 175
347 232 175
348 228 176
349 228 183
350 237 190
351 227 182
352 227 179
353 228 191
354 231 190
355 235 186
356 203 20
357 202 16
358 194 24
359 192 14
360 198 16
361 206 12
362 198 24
363 200 27
364 206 29
365 194 14
366 198 14
367 196 17
368 203 29
369 204 13
370 204 16
371 202 13
372 193 24
373 199 17
374 195 13
375 207 21
376 195 21
377 195 28
378 196 15
379 198 20
380 199 18
381 201 15
382 194 15
383 201 12
384 200 12
385 197 20
386 136 230
387 138 226
388 132 234
389 131 226
390 125 232
391 140 235
392 137 238
393 136 234
394 140 228
395 136 235
396 129 235
397 126 234
398 124 226
399 124 226
400 132 239
401 138 235
402 140 239
403 136 226
404 125 239
405 133 227
406 136 226
407 136 234
408 133 237
409 129 237
410 137 235
411 130 235
412 131 228
413 137 229
414 129 229
415 138 233
416 150 179
417 152 175
418 146 178
419 154 182
420 151 180
421 148 177
422 148 179
423 151 188
424 141 184
425 156 177
426 145 191
427 149 187
428 143 186
429 142 173
430 149 181
431 152 187
432 149 176
433 152 188
434 155 184
435 145 181
436 142 186
437 150 180
438 154 188
439 149 174
440 145 179
441 146 185
442 151 189
443 143 184
444 143 188
445 149 177
446 162 197
447 170 203
448 161 203
449 172 195
450 166 205
451 157 196
452 164 193
453 158 204
454 157 203
455 172 200
456 172 198
457 171 202
458 164 199
459 172 196
460 157 193
461 170 203
462 171 204
463 158 206
464 166 192
465 161 207
466 163 198
467 167 197
468 172 202
469 171 204
470 164 195
471 163 202
472 165 199
473 160 193
474 172 197
475 158 205
476 61 40
477 52 30
478 65 46
479 52 36
480 53 31
481 65 36
482 58 33
483 64 38
484 49 33
485 59 41
486 52 37
487 60 36
488 58 31
489 52 31
490 50 41
491 53 31
492 63 45
493 52 33
494 57 32
495 50 39
496 53 40
497 51 34
498 66 32
499 58 35
500 47 36
501 53 36
502 47 37
503 54 44
504 62 36
505 63 41
506 129 9
507 128 2
508 140 10
509 126 8
510 128 1
511 128 7
512 135 8
513 127 7
514 126 3
515 133 11
516 131 5
517 129 4
518 139 9
519 129 9
520 128 7
521 138 7
522 139 0
523 127 2
524 136 2
525 138 7
526 134 9
527 129 1
528 130 4
529 127 1
530 130 11
531 131 11
532 128 0
533 130 6
534 140 2
535 129 8
536 137 8
537 130 11
538 134 6
539 136 2
540 126 5
541 138 9
542 128 1
543 140 7
544 140 3
545 138 7
546 134 3
547 140 5
548 135 8
549 135 5
550 133 1
551 135 7
552 137 2
553 126 2
554 135 6
555 129 0
556 132 2
557 130 6
558 129 3
559 129 6
560 125 4
561 128 5
562 133 0
563 133 0
564 139 4
565 171 80
566 166 86
567 170 69
568 165 85
569 161 85
570 166 71
571 160 76
572 159 79
573 159 72
574 166 74
575 159 85
576 163 75
577 161 84
578 165 86
579 169 67
580 171 69
581 168 76
582 167 78
583 170 68
584 159 73
585 159 74
586 159 67
587 161 70
588 170 69
589 163 85
590 163 86
591 161 69
592 158 69
593 163 72
594 161 83
595 184 249
596 190 256
597 181 247
598 176 250
599 173 247
600 184 247
601 175 253
602 183 250
603 175 249
604 175 242
605 185 256
606 173 255
607 180 246
608 188 254
609 177 257
610 174 243
611 181 252
612 175 240
613 191 254
614 180 240
615 185 240
616 190 245
617 174 257
618 184 252
619 182 251
620 176 243
621 191 247
622 188 252
623 178 243
624 190 250
625 85 162
626 85 161
627 71 170
628 82 165
629 70 157
630 69 164
631 81 168
632 79 160
633 69 159
634 80 171
635 83 168
636 85 167
637 81 167
638 67 172
639 83 167
640 82 160
641 72 165
642 80 163
643 74 160
644 76 170
645 72 158
646 81 157
647 79 160
648 80 159
649 78 170
650 74 172
651 69 165
652 78 158
653 76 170
654 79 167
655 25 185
656 21 178
657 25 180
658 13 191
659 22 182
660 18 176
661 22 189
662 27 182
663 21 191
664 14 191
665 12 188
666 13 191
667 28 177
668 25 186
669 13 180
670 24 190
671 19 176
672 25 181
673 17 180
674 13 181
675 25 176
676 21 191
677 25 176
678 18 180
679 12 182
680 12 186
681 12 174
682 29 187
683 20 175
684 29 182
685 114 91
686 113 88
687 111 88
688 121 87
689 120 94
690 115 100
691 121 91
692 116 97
693 117 104
694 110 87
695 115 93
696 107 104
697 111 88
698 121 97
699 110 91
700 122 102
701 107 98
702 110 101
703 118 87
704 110 89
705 106 100
706 111 91
707 122 88
708 106 95
709 110 91
710 112 96
711 119 104
712 110 100
713 119 87
714 120 92
715 205 7
716 204 10
717 201 4
718 195 0
719 194 4
720 193 4
721 201 0
722 199 0
723 195 3
724 199 8
725 194 6
726 196 3
727 203 3
728 194 9
729 192 9
730 193 3
731 206 0
732 194 7
733 200 5
734 205 6
735 194 2
736 204 5
737 199 3
738 197 1
739 204 8
740 201 1
741 204 4
742 193 4
743 100 172
744 101 161
745 89 169
746 95 169
747 98 170
748 104 164
749 96 160
750 97 157
751 94 169
752 87 171
753 103 161
754 99 166
755 94 166
756 89 163
757 88 162
758 91 164
759 95 162
760 93 165
761 92 169
762 105 159
763 101 159
764 99 158
765 92 167
766 105 159
767 93 158
768 98 159
769 96 171
770 90 166
771 93 162
772 99 171
773 183 235
774 187 228
775 185 229
776 189 237
777 183 236
778 180 233
779 188 229
780 177 236
781 185 234
782 185 236
783 181 226
784 175 237
785 191 239
786 175 225
787 174 236
788 174 235
789 184 235
790 185 228
791 185 229
792 173 229
793 182 228
794 175 238
795 179 227
796 187 226
797 188 233
798 174 226
799 179 233
800 188 231
801 191 229
802 187 234
803 194 187
804 192 191
805 199 188
806 199 185
807 195 191
808 207 174
809 198 190
810 198 183
811 193 174
812 207 177
813 204 177
814 205 191
815 196 180
816 193 182
817 207 188
818 196 177
819 200 191
820 197 177
821 200 175
822 192 177
823 207 186
824 201 184
825 196 175
826 200 180
827 196 176
828 197 174
829 206 190
830 202 191
831 198 182
832 197 184
833 249 63
834 247 62
835 247 52
836 253 48
837 241 52
838 240 65
839 257 52
840 242 53
841 249 57
842 250 66
843 241 65
844 247 65
845 242 50
846 242 64
847 246 54
848 242 57
849 243 61
850 254 60
851 254 63
852 250 50
853 242 66
854 241 48
855 256 66
856 249 54
857 241 53
858 248 50
859 249 53
860 254 61
861 241 52
862 255 60
863 128 208
864 128 220
865 130 215
866 140 217
867 135 214
868 137 210
869 130 210
870 135 210
871 129 221
872 128 212
873 137 213
874 137 217
875 133 215
876 131 218
877 135 221
878 130 210
879 125 216
880 138 218
881 126 224
882 133 224
883 140 218
884 124 219
885 135 221
886 138 220
887 133 210
888 134 224
889 129 223
890 134 222
891 125 221
892 128 219
893 212 123
894 215 120
895 214 123
896 215 111
897 214 109
898 221 121
899 217 107
900 209 116
901 215 119
902 218 116
903 214 118
904 220 121
905 217 117
906 221 109
907 208 111
908 209 111
909 212 112
910 213 114
911 213 112
912 210 118
913 222 113
914 209 123
915 212 120
916 222 119
917 215 109
918 223 116
919 214 106
920 221 116
921 215 115
922 215 114
923 212 149
924 218 153
925 208 154
926 213 153
927 215 150
928 222 142
929 211 154
930 209 147
931 215 149
932 216 141
933 208 156
934 211 149
935 208 148
936 224 142
937 215 142
938 209 156
939 212 155
940 208 142
941 216 147
942 209 150
943 211 150
944 212 151
945 221 144
946 224 145
947 216 149
948 224 150
949 214 153
950 211 143
951 223 144
952 215 144
953 115 80
954 108 67
955 120 81
956 115 79
957 119 85
958 109 71
959 110 79
960 116 77
961 112 68
962 120 86
963 112 74
964 122 79
965 106 69
966 111 75
967 111 67
968 108 85
969 108 75
970 118 69
971 111 76
972 121 69
973 112 81
974 116 84
975 122 77
976 120 74
977 106 67
978 114 67
979 117 71
980 118 83
981 107 72
982 118 72
983 104 130
984 102 127
985 89 132
986 93 139
987 98 125
988 105 140
989 87 135
990 97 130
991 105 129
992 90 139
993 103 132
994 95 133
995 92 138
996 90 127
997 93 129
998 98 126
999 93 135
1000 101 125
1001 97 139
1002 92 139
1003 101 139
1004 103 126
1005 100 138
1006 101 137
1007 89 138
1008 92 139
1009 102 132
1010 101 136
1011 90 129
1012 90 134
1013 148 49
1014 156 50
1015 149 54
1016 143 52
1017 145 60
1018 144 56
1019 143 56
1020 144 50
1021 142 52
1022 143 61
1023 150 58
1024 151 53
1025 149 64
1026 143 59
1027 147 65
1028 147 59
1029 149 58
1030 144 54
1031 142 53
1032 142 49
1033 146 54
1034 142 47
1035 148 50
1036 145 50
1037 146 63
1038 145 63
1039 153 65
1040 147 65
1041 141 50
1042 155 55
1043 138 154
1044 132 142
1045 126 148
1046 127 142
1047 129 145
1048 132 154
1049 139 147
1050 134 154
1051 138 150
1052 132 144
1053 130 153
1054 130 156
1055 139 147
1056 127 151
1057 135 151
1058 133 152
1059 140 155
1060 137 147
1061 130 147
1062 138 142
1063 140 146
1064 130 147
1065 127 146
1066 132 148
1067 129 142
1068 134 145
1069 130 141
1070 137 144
1071 133 146
1072 139 146
1073 140 123
1074 136 116
1075 137 113
1076 135 118
1077 124 116
1078 132 110
1079 134 119
1080 125 111
1081 127 116
1082 140 119
1083 140 115
1084 136 115
1085 137 121
1086 137 122
1087 131 106
1088 138 117
1089 140 121
1090 130 117
1091 134 110
1092 134 120
1093 134 116
1094 132 121
1095 136 119
1096 132 115
1097 126 116
1098 137 114
1099 124 107
1100 126 109
1101 136 120
1102 134 107
1103 21 188
1104 15 190
1105 24 179
1106 26 185
1107 22 176
1108 25 186
1109 12 174
1110 23 184
1111 15 180
1112 13 187
1113 25 181
1114 27 185
1115 28 183
1116 28 174
1117 13 186
1118 25 183
1119 17 190
1120 27 191
1121 25 180
1122 20 180
1123 20 179
1124 22 183
1125 21 184
1126 19 186
1127 24 177
1128 18 177
1129 26 188
1130 16 190
1131 24 185
1132 29 190
1133 235 116
1134 227 116
1135 239 110
1136 229 110
1137 228 108
1138 236 110
1139 231 120
1140 229 118
1141 229 123
1142 237 111
1143 237 108
1144 228 120
1145 236 109
1146 234 123
1147 226 110
1148 228 111
1149 229 114
1150 225 115
1151 233 108
1152 239 107
1153 237 109
1154 235 109
1155 233 122
1156 227 111
1157 229 106
1158 227 108
1159 229 106
1160 225 119
1161 231 119
1162 227 112
1163 21 58
1164 23 56
1165 14 55
1166 27 61
1167 17 57
1168 25 65
1169 23 48
1170 22 61
1171 24 50
1172 27 56
1173 25 60
1174 17 56
1175 25 51
1176 20 48
1177 23 61
1178 12 51
1179 22 60
1180 24 54
1181 26 58
1182 14 64
1183 18 65
1184 25 63
1185 24 53
1186 25 60
1187 23 50
1188 27 66
1189 17 53
1190 23 63
1191 14 66
1192 29 62
1193 176 137
1194 191 132
1195 176 125
1196 174 129
1197 191 140
1198 185 128
1199 185 131
1200 191 136
1201 187 128
1202 188 133
1203 175 140
1204 174 136
1205 177 131
1206 179 131
1207 178 139
1208 185 133
1209 187 138
1210 181 133
1211 180 134
1212 175 139
1213 189 125
1214 190 138
1215 188 139
1216 173 129
1217 178 125
1218 186 129
1219 180 136
1220 189 137
1221 185 132
1222 188 133
1223 65 155
1224 50 152
1225 53 146
1226 58 151
1227 49 148
1228 60 148
1229 53 143
1230 61 153
1231 49 150
1232 65 150
1233 58 151
1234 53 151
1235 57 149
1236 53 141
1237 54 141
1238 54 142
1239 58 149
1240 58 147
1241 57 151
1242 60 142
1243 56 143
1244 64 145
1245 47 151
1246 50 153
1247 59 152
1248 48 150
1249 50 144
1250 56 145
1251 54 150
1252 53 152
1253 169 124
1254 168 136
1255 170 135
1256 161 128
1257 172 139
1258 164 133
1259 161 135
1260 161 129
1261 167 139
1262 157 140
1263 161 135
1264 171 129
1265 167 131
1266 163 129
1267 163 134
1268 166 137
1269 168 135
1270 165 132
1271 170 139
1272 163 126
1273 158 130
1274 159 134
1275 157 129
1276 162 129
1277 165 134
1278 169 136
1279 158 137
1280 172 130
1281 168 134
1282 164 136
1283 223 240
1284 208 254
1285 223 251
1286 210 252
1287 213 245
1288 216 255
1289 222 246
1290 220 253
1291 220 256
1292 210 246
1293 212 241
1294 211 245
1295 219 248
1296 212 249
1297 210 250
1298 224 252
1299 217 240
1300 224 242
1301 212 249
1302 214 246
1303 216 254
1304 215 241
1305 222 247
1306 223 249
1307 210 255
1308 219 250
1309 216 243
1310 209 242
1311 224 255
1312 223 240
1313 73 48
1314 78 53
1315 81 63
1316 71 51
1317 67 58
1318 81 64
1319 74 59
1320 77 63
1321 77 60
1322 84 48
1323 69 63
1324 75 61
1325 77 49
1326 86 66
1327 70 64
1328 70 48
1329 82 51
1330 72 51
1331 77 64
1332 76 53
1333 71 49
1334 84 59
1335 83 66
1336 83 64
1337 86 66
1338 69 66
1339 86 66
1340 83 59
1341 75 64
1342 70 53
1343 0 78
1344 0 79
1345 2 84
1346 3 81
1347 8 86
1348 4 86
1349 1 75
1350 2 73
1351 6 73
1352 9 73
1353 3 79
1354 9 80
1355 9 73
1356 1 84
1357 11 82
1358 6 72
1359 1 69
1360 3 79
1361 11 77
1362 1 68
1363 9 75
1364 1 84
1365 6 77
1366 0 84
1367 9 78
1368 0 71
1369 5 72
1370 9 75
1371 7 83
1372 0 77
1373 124 249
1374 129 242
1375 129 256
1376 135 240
1377 127 246
1378 127 245
1379 139 243
1380 126 248
1381 131 254
1382 136 245
1383 135 245
1384 135 246
1385 124 256
1386 124 253
1387 135 248
1388 126 248
1389 133 247
1390 136 245
1391 125 250
1392 124 245
1393 131 242
1394 134 256
1395 124 241
1396 137 241
1397 130 254
1398 138 246
1399 131 251
1400 131 249
1401 131 253
1402 127 247
1403 221 235
1404 213 236
1405 217 235
1406 214 230
1407 224 227
1408 222 226
1409 221 227
1410 221 238
1411 219 238
1412 208 237
1413 216 225
1414 211 238
1415 213 238
1416 210 232
1417 208 231
1418 213 229
1419 219 237
1420 220 230
1421 215 236
1422 216 231
1423 220 230
1424 211 237
1425 221 227
1426 211 232
1427 220 231
1428 216 225
1429 213 232
1430 217 237
1431 223 232
1432 208 236
1433 2 43
1434 10 30
1435 4 33
1436 5 31
1437 7 31
1438 3 38
1439 5 36
1440 2 38
1441 1 46
1442 5 46
1443 7 38
1444 2 33
1445 1 43
1446 8 35
1447 10 32
1448 7 46
1449 11 35
1450 4 42
1451 5 45
1452 10 33
1453 11 34
1454 4 34
1455 4 32
1456 4 42
1457 2 40
1458 5 44
1459 9 43
1460 3 35
1461 0 30
1462 11 45
1463 129 65
1464 136 57
1465 137 56
1466 135 55
1467 135 54
1468 134 59
1469 130 51
1470 138 60
1471 130 47
1472 139 66
1473 124 52
1474 125 58
1475 130 66
1476 124 66
1477 137 50
1478 137 50
1479 128 62
1480 135 59
1481 131 53
1482 126 54
1483 139 49
1484 127 49
1485 129 48
1486 129 56
1487 134 53
1488 128 56
1489 132 50
1490 135 51
1491 136 58
1492 130 56
1493 87 165
1494 95 167
1495 90 167
1496 97 158
1497 92 157
1498 99 172
1499 97 170
1500 96 170
1501 95 165
1502 101 165
1503 97 158
1504 103 172
1505 87 164
1506 90 159
1507 91 167
1508 93 168
1509 103 158
1510 102 158
1511 104 163
1512 90 168
1513 101 159
1514 87 159
1515 102 161
1516 105 166
1517 101 164
1518 96 169
1519 94 169
1520 102 167
1521 92 161
1522 87 164
1523 98 208
1524 101 222
1525 96 213
1526 96 212
1527 100 208
1528 98 208
1529 90 223
1530 102 209
1531 87 209
1532 103 220
1533 96 218
1534 95 208
1535 105 219
1536 93 210
1537 92 214
1538 102 209
1539 95 218
1540 100 211
1541 89 213
1542 102 213
1543 90 214
1544 104 223
1545 98 211
1546 88 213
1547 91 211
1548 100 219
1549 102 220
1550 95 216
1551 89 209
1552 104 210
1553 227 257
1554 226 245
1555 228 255
1556 233 256
1557 230 253
1558 229 246
1559 232 253
1560 233 243
1561 226 250
1562 233 247
1563 228 256
1564 234 244
1565 237 241
1566 230 247
1567 230 242
1568 231 251
1569 227 252
1570 229 245
1571 226 249
1572 230 251
1573 233 242
1574 228 250
1575 226 250
1576 228 254
1577 231 250
1578 239 250
1579 225 257
1580 233 246
1581 229 249
1582 228 249
1583 153 96
1584 142 88
1585 153 103
1586 152 101
1587 143 88
1588 146 89
1589 142 97
1590 143 104
1591 155 92
1592 144 96
1593 153 87
1594 142 104
1595 156 98
1596 155 94
1597 153 93
1598 149 91
1599 145 87
1600 155 92
1601 151 87
1602 151 88
1603 141 93
1604 144 94
1605 148 100
1606 150 97
1607 152 105
1608 143 88
1609 156 87
1610 155 88
1611 146 105
1612 152 97
1613 126 84
1614 130 82
1615 133 85
1616 134 81
1617 137 80
1618 130 72
1619 135 85
1620 134 70
1621 137 85
1622 127 70
1623 124 72
1624 128 80
1625 136 76
1626 137 82
1627 139 72
1628 128 84
1629 134 69
1630 127 73
1631 130 75
1632 139 68
1633 125 86
1634 129 71
1635 134 82
1636 135 82
1637 128 70
1638 125 84
1639 136 76
1640 132 77
1641 135 81
1642 125 75
1643 115 142
1644 121 143
1645 114 147
1646 118 149
1647 120 152
1648 116 156
1649 111 153
1650 121 143
1651 107 153
1652 119 142
1653 122 145
1654 112 149
1655 116 152
1656 121 145
1657 108 156
1658 114 145
1659 111 141
1660 120 147
1661 111 153
1662 106 149
1663 121 151
1664 113 145
1665 117 148
1666 114 144
1667 114 150
1668 108 151
1669 117 144
1670 121 143
1671 122 146
1672 113 143
1673 178 62
1674 188 54
1675 183 63
1676 181 59
1677 176 49
1678 182 47
1679 188 54
1680 186 64
1681 184 60
1682 177 59
1683 181 66
1684 181 55
1685 181 58
1686 174 53
1687 178 50
1688 175 61
1689 185 63
1690 175 48
1691 173 47
1692 186 56
1693 173 59
1694 180 65
1695 187 51
1696 175 47
1697 177 61
1698 179 59
1699 186 64
1700 186 56
1701 188 47
1702 179 64
1703 2 200
1704 8 198
1705 4 194
1706 0 207
1707 2 207
1708 8 202
1709 0 193
1710 5 195
1711 6 200
1712 3 195
1713 4 202
1714 2 196
1715 3 200
1716 1 194
1717 10 195
1718 9 193
1719 1 201
1720 9 199
1721 8 202
1722 10 205
1723 6 207
1724 4 204
1725 5 204
1726 10 200
1727 1 195
1728 8 200
1729 0 199
1730 1 205
1731 10 207
1732 7 203
1733 25 150
1734 13 148
1735 24 156
1736 18 153
1737 16 152
1738 13 154
1739 19 152
1740 21 147
1741 28 154
1742 28 156
1743 15 155
1744 17 141
1745 27 142
1746 23 144
1747 23 146
1748 28 153
1749 16 155
1750 22 154
1751 21 146
1752 14 143
1753 19 144
1754 20 141
1755 12 149
1756 19 145
1757 25 141
1758 28 141
1759 16 152
1760 20 154
1761 21 145
1762 12 151
1763 171 70
1764 165 75
1765 167 82
1766 170 83
1767 168 71
1768 163 83
1769 172 68
1770 163 83
1771 171 71
1772 170 78
1773 162 75
1774 169 68
1775 158 72
1776 163 81
1777 168 83
1778 167 77
1779 158 67
1780 157 75
1781 160 74
1782 158 76
1783 172 86
1784 166 76
1785 167 69
1786 157 75
1787 158 82
1788 161 76
1789 170 77
1790 158 71
1791 157 80
1792 167 76
1793 34 55
1794 44 56
1795 36 55
1796 35 51
1797 39 63
1798 37 66
1799 34 47
1800 40 60
1801 46 59
1802 30 61
1803 39 51
1804 42 59
1805 30 58
1806 39 47
1807 40 61
1808 31 59
1809 45 52
1810 40 63
1811 33 55
1812 35 66
1813 38 57
1814 30 60
1815 41 48
1816 32 59
1817 35 62
1818 42 55
1819 43 60
1820 41 51
1821 35 62
1822 32 56
1823 248 83
1824 247 80
1825 256 71
1826 257 80
1827 244 75
1828 246 81
1829 244 79
1830 247 80
1831 249 77
1832 257 68
1833 242 74
1834 240 84
1835 243 79
1836 251 69
1837 252 68
1838 249 67
1839 256 70
1840 255 68
1841 244 68
1842 243 69
1843 245 85
1844 243 82
1845 243 71
1846 240 72
1847 250 67
1848 240 84
1849 253 69
1850 244 83
1851 251 78
1852 249 86
1853 175 172
1854 182 163
1855 179 164
1856 190 162
1857 190 165
1858 181 165
1859 191 159
1860 181 159
1861 186 160
1862 181 172
1863 187 166
1864 175 167
1865 181 160
1866 185 164
1867 179 172
1868 181 170
1869 185 167
1870 180 160
1871 187 158
1872 185 162
1873 187 158
1874 188 157
1875 174 165
1876 189 161
1877 181 164
1878 175 171
1879 189 157
1880 183 172
1881 186 160
1882 188 159
1883 240 74
1884 246 82
1885 254 83
1886 241 85
1887 255 70
1888 250 82
1889 255 67
1890 247 86
1891 249 75
1892 249 86
1893 253 82
1894 257 77
1895 250 73
1896 249 78
1897 240 70
1898 242 86
1899 240 71
1900 251 80
1901 256 83
1902 251 84
1903 257 77
1904 255 86
1905 251 85
1906 253 78
1907 257 74
1908 254 67
1909 246 76
1910 242 84
1911 250 73
1912 250 67
1913 223 15
1914 216 20
1915 220 19
1916 217 13
1917 221 26
1918 209 17
1919 217 13
1920 218 28
1921 217 26
1922 214 19
1923 214 13
1924 214 27
1925 220 13
1926 223 15
1927 223 22
1928 217 16
1929 222 15
1930 224 19
1931 224 25
1932 221 17
1933 222 20
1934 221 15
1935 217 16
1936 220 16
1937 216 18
1938 211 24
1939 216 26
1940 223 16
1941 212 23
1942 212 13
1943 189 37
1944 185 46
1945 187 32
1946 175 36
1947 179 44
1948 183 40
1949 187 33
1950 178 34
1951 177 46
1952 181 33
1953 189 31
1954 174 31
1955 186 32
1956 174 30
1957 191 30
1958 191 41
1959 189 35
1960 177 30
1961 191 30
1962 181 31
1963 187 42
1964 189 40
1965 176 43
1966 190 36
1967 178 31
1968 185 46
1969 191 38
1970 190 30
1971 185 46
1972 179 36
1973 198 18
1974 207 17
1975 199 23
1976 197 15
1977 204 16
1978 200 17
1979 195 18
1980 194 25
1981 203 18
1982 194 17
1983 197 17
1984 194 13
1985 207 28
1986 199 19
1987 206 22
1988 199 27
1989 199 16
1990 205 17
1991 193 23
1992 198 23
1993 202 24
1994 201 12
1995 194 13
1996 205 27
1997 203 23
1998 204 12
1999 207 21
2000 207 23
2001 206 21
2002 207 25
2003 211 181
2004 211 175
2005 210 178
2006 213 178
2007 219 189
2008 218 191
2009 222 179
2010 212 174
2011 219 180
2012 219 178
2013 223 174
2014 214 191
2015 221 186
2016 217 182
2017 214 182
2018 210 173
2019 213 178
2020 213 180
2021 220 177
2022 220 182
2023 209 185
2024 222 180
2025 221 179
2026 216 174
2027 215 180
2028 222 190
2029 223 185
2030 220 189
2031 210 185
2032 219 187
2033 208 120
2034 224 107
2035 218 114
2036 214 107
2037 208 120
2038 217 120
2039 222 112
2040 214 113
2041 220 108
2042 219 109
2043 212 108
2044 218 119
2045 210 112
2046 211 106
2047 224 107
2048 209 114
2049 223 111
2050 214 109
2051 224 120
2052 211 118
2053 218 113
2054 217 107
2055 214 117
2056 224 120
2057 211 118
2058 211 114
2059 218 123
2060 219 113
2061 210 115
2062 216 118
2063 147 193
2064 156 201
2065 154 200
2066 145 200
2067 156 200
2068 142 192
2069 153 203
2070 153 206
2071 149 192
2072 155 202
2073 152 202
2074 143 200
2075 146 199
2076 155 204
2077 154 200
2078 151 192
2079 149 199
2080 151 196
2081 152 194
2082 142 194
2083 150 204
2084 152 196
2085 144 207
2086 141 200
2087 150 194
2088 141 195
2089 153 202
2090 148 195
2091 143 201
2092 144 205
2093 202 232
2094 196 235
2095 196 225
2096 205 234
2097 192 235
2098 193 226
2099 196 228
2100 196 238
2101 206 237
2102 207 225
2103 203 229
2104 192 229
2105 204 225
2106 207 239
2107 205 234
2108 203 233
2109 202 235
2110 201 227
2111 200 236
2112 200 236
2113 203 235
2114 203 239
2115 194 225
2116 195 234
2117 205 227
2118 194 239
2119 198 234
2120 207 226
2121 204 236
2122 192 235
2123 130 25
2124 131 26
2125 140 29
2126 134 12
2127 124 19
2128 124 13
2129 127 20
2130 136 22
2131 135 19
2132 127 18
2133 134 29
2134 135 24
2135 130 12
2136 131 27
2137 135 23
2138 137 29
2139 137 15
2140 139 26
2141 131 13
2142 125 14
2143 132 21
2144 139 17
2145 139 18
2146 131 21
2147 139 16
2148 127 12
2149 126 28
2150 132 14
2151 139 19
2152 140 26
2153 210 68
2154 219 76
2155 222 79
2156 218 68
2157 214 67
2158 210 84
2159 208 72
2160 215 73
2161 210 73
2162 223 85
2163 212 75
2164 211 84
2165 222 86
2166 224 69
2167 209 72
2168 209 80
2169 212 81
2170 216 83
2171 208 84
2172 209 71
2173 216 85
2174 209 75
2175 217 74
2176 213 84
2177 210 71
2178 216 82
2179 213 79
2180 215 79
2181 218 84
2182 224 68
2183 33 257
2184 40 240
2185 38 247
2186 35 245
2187 40 248
2188 40 252
2189 34 248
2190 46 248
2191 31 252
2192 30 243
2193 31 249
2194 41 242
2195 45 253
2196 31 255
2197 45 248
2198 30 247
2199 42 241
2200 31 249
2201 44 244
2202 41 249
2203 38 248
2204 30 245
2205 31 251
2206 45 256
2207 38 253
2208 42 255
2209 30 254
2210 34 255
2211 32 254
2212 34 244
2213 42 202
2214 43 204
2215 33 204
2216 38 195
2217 30 207
2218 34 206
2219 34 207
2220 46 195
2221 31 199
2222 34 205
2223 35 202
2224 37 195
2225 35 194
2226 33 200
2227 32 197
2228 46 195
2229 32 194
2230 40 205
2231 32 203
2232 36 198
2233 37 201
2234 31 198
2235 46 203
2236 32 198
2237 42 197
2238 34 205
2239 46 205
2240 33 206
2241 41 203
2242 45 204
2243 43 9
2244 46 3
2245 37 1
2246 32 5
2247 34 8
2248 44 2
2249 30 0
2250 40 10
2251 30 0
2252 46 7
2253 40 2
2254 33 2
2255 30 0
2256 41 6
2257 40 5
2258 41 5
2259 32 5
2260 36 7
2261 41 7
2262 32 10
2263 38 2
2264 38 6
2265 41 4
2266 34 1
2267 46 11
2268 40 10
2269 34 6
2270 30 1
2271 35 3
2272 14 184
2273 26 179
2274 15 186
2275 22 188
2276 28 174
2277 21 184
2278 20 179
2279 13 191
2280 20 175
2281 23 177
2282 13 173
2283 22 180
2284 19 173
2285 21 173
2286 21 188
2287 17 176
2288 16 182
2289 27 175
2290 18 191
2291 15 179
2292 16 183
2293 28 179
2294 22 174
2295 24 175
2296 27 176
2297 19 173
2298 21 178
2299 17 176
2300 19 181
2301 24 178
2302 239 106
2303 233 115
2304 235 123
2305 236 110
2306 227 117
2307 230 112
2308 236 115
2309 233 118
2310 237 111
2311 232 117
2312 232 116
2313 238 117
2314 238 121
2315 236 123
2316 239 117
2317 226 115
2318 227 113
2319 238 115
2320 238 123
2321 231 107
2322 239 111
2323 236 114
2324 232 106
2325 235 106
2326 225 118
2327 235 123
2328 230 116
2329 235 108
2330 226 113
2331 225 123
2332 230 228
2333 225 237
2334 236 234
2335 234 231
2336 232 226
2337 230 234
2338 233 236
2339 238 229
2340 235 234
2341 225 234
2342 239 228
2343 236 237
2344 238 229
2345 231 237
2346 229 231
2347 231 234
2348 234 238
2349 232 234
2350 228 231
2351 232 226
2352 225 232
2353 117 199
2354 108 195
2355 120 199
2356 118 206
2357 109 195
2358 114 201
2359 116 206
2360 119 207
2361 107 204
2362 111 206
2363 112 198
2364 112 196
2365 107 205
2366 122 199
2367 116 197
2368 121 198
2369 111 197
2370 112 198
2371 122 202
2372 109 203
2373 121 205
2374 119 199
2375 110 201
2376 123 192
2377 108 207
2378 106 198
2379 111 199
2380 111 202
2381 114 198
2382 122 203
2383 107 250
2384 113 250
2385 107 251
2386 106 254
2387 112 241
2388 110 256
2389 121 249
2390 113 241
2391 112 243
2392 121 255
2393 106 240
2394 115 251
2395 123 255
2396 114 248
2397 114 241
2398 108 247
2399 115 242
2400 117 253
2401 118 251
2402 121 250
2403 112 240
2404 119 242
2405 121 255
2406 116 247
2407 121 243
2408 120 250
2409 115 255
2410 118 245
2411 117 240
2412 112 242
2413 139 95
2414 125 88
2415 124 96
2416 137 92
2417 134 94
2418 124 104
2419 125 98
2420 126 104
2421 126 102
2422 140 91
2423 138 87
2424 132 91
2425 138 93
2426 129 100
2427 130 98
2428 138 94
2429 124 105
2430 126 99
2431 132 94
2432 138 104
2433 125 90
2434 139 89
2435 128 92
2436 134 96
2437 132 89
2438 133 99
2439 125 99
2440 139 103
2441 128 101
2442 124 93
2443 203 66
2444 204 62
2445 207 60
2446 206 59
2447 202 62
2448 199 48
2449 203 61
2450 203 55
2451 199 60
2452 193 61
2453 205 49
2454 198 49
2455 192 58
2456 204 55
2457 203 63
2458 202 60
2459 207 59
2460 199 65
2461 198 56
2462 201 57
2463 199 49
2464 207 62
2465 198 63
2466 196 59
2467 194 59
2468 200 58
2469 207 65
2470 199 59
2471 201 53
2472 207 58
2473 103 0
2474 92 10
2475 97 10
2476 97 2
2477 105 2
2478 103 3
2479 101 1
2480 87 10
2481 87 10
2482 97 1
2483 105 11
2484 99 7
2485 98 10
2486 105 5
2487 95 0
2488 104 8
2489 101 9
2490 95 7
2491 99 8
2492 101 0
2493 91 7
2494 105 8
2495 94 6
2496 94 8
2497 104 4
2498 94 6
2499 102 7
2500 92 7
2501 31 256
2502 30 256
2503 44 255
2504 42 255
2505 30 242
2506 46 249
2507 38 255
2508 32 257
2509 31 246
2510 44 254
2511 46 251
2512 41 248
2513 34 254
2514 32 257
2515 45 256
2516 37 240
2517 31 248
2518 35 241
2519 39 241
2520 39 248
2521 41 244
2522 35 246
2523 38 244
2524 44 251
2525 44 255
2526 36 243
2527 34 252
2528 33 252
2529 45 244
2530 40 242
2531 202 34
2532 195 37
2533 205 37
2534 198 42
2535 199 41
2536 198 36
2537 202 32
2538 198 41
2539 203 42
2540 206 31
2541 202 36
2542 202 38
2543 195 32
2544 199 32
2545 207 45
2546 193 45
2547 200 44
2548 201 38
2549 204 36
2550 199 36
2551 197 44
2552 204 44
2553 205 46
2554 200 35
2555 197 46
2556 193 46
2557 201 41
2558 196 31
2559 201 32
2560 193 46
2561 227 165
2562 236 167
2563 236 167
2564 226 168
2565 237 172
2566 235 165
2567 237 170
2568 235 163
2569 231 158
2570 238 163
2571 227 162
2572 234 167
2573 236 167
2574 225 162
2575 238 164
2576 236 165
2577 235 157
2578 230 171
2579 233 163
2580 233 170
2581 237 172
2582 231 166
2583 236 166
2584 232 168
2585 238 167
2586 225 165
2587 237 165
2588 236 164
2589 239 161
2590 231 160
2591 89 217
2592 97 224
2593 103 212
2594 99 219
2595 89 219
2596 101 217
2597 97 214
2598 96 223
2599 91 220
2600 105 223
2601 88 223
2602 99 221
2603 102 211
2604 105 222
2605 98 215
2606 99 219
2607 90 219
2608 104 216
2609 100 213
2610 102 211
2611 97 208
2612 95 222
2613 103 212
2614 94 210
2615 100 212
2616 91 219
2617 96 214
2618 97 222
2619 93 213
2620 96 212
2621 212 85
2622 212 75
2623 220 72
2624 208 78
2625 209 83
2626 209 81
2627 218 68
2628 223 81
2629 210 77
2630 217 82
2631 211 84
2632 210 76
2633 217 68
2634 218 82
2635 215 81
2636 210 70
2637 222 86
2638 211 71
2639 218 82
2640 215 67
2641 208 73
2642 218 82
2643 220 84
2644 210 73
2645 220 80
2646 217 71
2647 218 80
2648 210 71
2649 209 75
2650 213 73
2651 20 101
2652 26 92
2653 14 102
2654 25 91
2655 14 99
2656 19 99
2657 12 91
2658 24 93
2659 22 88
2660 19 91
2661 29 104
2662 23 94
2663 23 97
2664 17 89
2665 13 102
2666 12 95
2667 20 99
2668 25 100
2669 16 88
2670 13 96
2671 29 87
2672 16 97
2673 22 89
2674 19 90
2675 27 94
2676 15 92
2677 18 95
2678 21 98
2679 14 104
2680 13 93
2681 231 199
2682 228 206
2683 238 196
2684 236 203
2685 237 201
2686 228 194
2687 238 197
2688 235 199
2689 237 195
2690 232 202
2691 238 200
2692 238 199
2693 226 200
2694 230 196
2695 232 207
2696 226 201
2697 232 201
2698 230 197
2699 235 195
2700 233 196
2701 225 204
2702 232 199
2703 231 203
2704 237 194
2705 230 199
2706 236 199
2707 229 203
2708 233 207
2709 237 197
2710 230 203
2711 191 14
2712 185 15
2713 174 29
2714 179 17
2715 182 23
2716 186 27
2717 186 29
2718 178 13
2719 189 29
2720 178 29
2721 173 17
2722 182 25
2723 176 21
2724 173 19
2725 187 21
2726 175 25
2727 183 17
2728 180 25
2729 189 18
2730 177 15
2731 178 24
2732 174 29
2733 183 12
2734 180 17
2735 180 24
2736 189 15
2737 184 29
2738 178 27
2739 182 17
2740 175 17
2741 153 74
2742 155 73
2743 152 77
2744 144 68
2745 154 83
2746 152 79
2747 144 73
2748 155 79
2749 151 83
2750 143 78
2751 150 67
2752 153 82
2753 151 81
2754 148 80
2755 150 74
2756 145 72
2757 152 84
2758 153 71
2759 151 79
2760 142 79
2761 141 81
2762 144 77
2763 155 76
2764 143 79
2765 149 71
2766 141 82
2767 152 72
2768 149 86
2769 141 74
2770 156 78
2771 97 57
2772 91 64
2773 93 56
2774 101 47
2775 105 54
2776 98 49
2777 88 47
2778 100 57
2779 99 52
2780 97 49
2781 99 60
2782 97 62
2783 103 53
2784 94 59
2785 90 48
2786 88 47
2787 99 48
2788 97 47
2789 90 55
2790 95 57
2791 90 52
2792 99 62
2793 94 60
2794 102 52
2795 97 66
2796 105 56
2797 89 47
2798 98 55
2799 89 61
2800 96 53
2801 214 172
2802 212 162
2803 222 158
2804 220 171
2805 212 157
2806 215 172
2807 216 164
2808 215 161
2809 224 165
2810 224 168
2811 209 172
2812 224 162
2813 222 160
2814 220 166
2815 208 168
2816 208 170
2817 216 162
2818 214 161
2819 213 169
2820 224 169
2821 222 161
2822 215 162
2823 213 171
2824 224 172
2825 214 170
2826 210 171
2827 218 162
2828 220 157
2829 216 168
2830 208 162
2831 169 137
2832 157 133
2833 171 131
2834 159 135
2835 166 135
2836 162 130
2837 165 133
2838 162 125
2839 169 138
2840 166 138
2841 162 132
2842 172 134
2843 165 125
2844 165 140
2845 162 125
2846 162 132
2847 168 134
2848 168 140
2849 157 125
2850 168 131
2851 162 127
2852 167 126
2853 159 140
2854 166 130
2855 168 139
2856 164 138
2857 160 138
2858 161 136
2859 169 131
2860 163 140
2861 80 187
2862 82 186
2863 78 174
2864 82 182
2865 76 173
2866 86 187
2867 84 186
2868 70 181
2869 74 189
2870 86 188
2871 76 182
2872 71 175
2873 72 174
2874 73 180
2875 82 191
2876 74 176
2877 83 174
2878 75 189
2879 85 180
2880 70 176
2881 73 185
2882 80 180
2883 73 182
2884 79 185
2885 84 173
2886 76 179
2887 72 184
2888 77 176
2889 67 175
2890 80 180
2891 221 8
2892 220 10
2893 224 5
2894 212 6
2895 221 2
2896 213 4
2897 219 0
2898 224 2
2899 209 9
2900 211 9
2901 221 5
2902 222 6
2903 209 11
2904 221 11
2905 211 6
2906 217 0
2907 210 8
2908 223 11
2909 210 7
2910 208 6
2911 220 10
2912 212 8
2913 209 5
2914 222 3
2915 218 2
2916 216 11
2917 216 3
2918 224 5
2919 222 7
2920 211 9
2921 34 138
2922 33 137
2923 39 129
2924 44 131
2925 32 135
2926 30 126
2927 39 130
2928 39 125
2929 43 136
2930 33 139
2931 43 136
2932 40 137
2933 31 132
2934 34 130
2935 37 136
2936 43 126
2937 38 125
2938 35 138
2939 43 134
2940 35 133
2941 42 126
2942 43 140
2943 30 125
2944 44 128
2945 34 129
2946 35 134
2947 37 128
2948 38 139
2949 31 132
2950 33 126
2951 32 13
2952 30 27
2953 39 29
2954 42 20
2955 42 24
2956 32 13
2957 40 22
2958 42 19
2959 40 20
2960 30 18
2961 44 15
2962 41 18
2963 45 21
2964 34 22
2965 42 25
2966 35 21
2967 33 24
2968 31 18
2969 43 23
2970 40 13
2971 34 28
2972 46 19
2973 46 26
2974 42 19
2975 33 17
2976 39 29
2977 41 18
2978 32 20
2979 30 29
2980 42 19
