273 294 10 2964
0 12
1 10
2 9
3 6
4 11
5 8
6 5
7 7
8 3
9 7
10 8
11 8
12 3
13 3
14 3
15 3
16 3
17 4
18 4
19 4
20 4
21 5
22 3
23 3
24 3
25 3
26 3
27 3
28 6
29 3
30 3
31 3
32 3
33 3
34 4
35 3
36 3
37 3
38 3
39 3
40 5
41 5
42 3
43 3
44 3
45 3
46 3
47 3
48 3
49 5
50 5
51 3
52 3
53 4
54 6
55 3
56 3
57 3
58 3
59 3
60 4
61 4
62 3
63 4
64 3
65 3
66 3
67 3
68 5
69 3
70 3
71 4
72 3
73 4
74 3
75 3
76 3
77 5
78 3
79 4
80 3
81 4
82 3
83 3
84 3
85 3
86 3
87 3
88 3
89 5
90 3
91 3
92 3
93 3
94 3
95 3
96 4
97 3
98 3
99 4
100 3
101 3
102 3
103 5
104 3
105 3
106 3
107 3
108 3
109 3
110 3
111 3
112 3
113 5
114 4
115 3
116 4
117 5
118 5
119 3
120 3
121 4
122 3
123 3
124 3
125 4
126 3
127 3
128 3
129 3
130 3
131 3
132 3
133 3
134 4
135 3
136 5
137 4
138 3
139 3
140 3
141 3
142 4
143 3
144 4
145 5
146 3
147 3
148 5
149 4
150 4
151 3
152 3
153 3
154 3
155 3
156 3
157 3
158 3
159 3
160 4
161 3
162 4
163 4
164 3
165 3
166 5
167 3
168 5
169 4
170 5
171 3
172 4
173 3
174 3
175 4
176 3
177 3
178 3
179 4
180 3
181 3
182 4
183 4
184 6
185 3
186 3
187 4
188 3
189 3
190 3
191 3
192 3
193 3
194 4
195 4
196 3
197 3
198 3
199 5
200 5
201 3
202 3
203 5
204 3
205 5
206 4
207 3
208 3
209 3
210 3
211 3
212 3
213 3
214 3
215 4
216 3
217 4
218 5
219 5
220 3
221 5
222 5
223 3
224 3
225 3
226 3
227 3
228 4
229 3
230 3
231 3
232 4
233 3
234 5
235 3
236 3
237 3
238 4
239 3
240 5
241 3
242 4
243 4
244 4
245 3
246 3
247 3
248 3
249 3
250 3
251 3
252 3
253 6
254 3
255 3
256 3
257 3
258 3
259 6
260 3
261 3
262 3
263 4
264 5
265 3
266 3
267 4
268 3
269 3
270 3
271 4
272 3
0 0 1
1 0 2
2 0 3
3 0 4
4 0 5
5 0 8
6 0 9
7 0 10
8 0 11
9 0 204
10 1 3
11 1 4
12 1 5
13 1 6
14 1 7
15 1 8
16 1 11
17 1 95
18 2 4
19 2 6
20 2 7
21 2 10
22 2 11
23 2 61
24 3 4
25 3 10
26 3 168
27 4 5
28 4 9
29 4 10
30 4 11
31 4 240
32 5 7
33 5 8
34 5 10
35 5 11
36 6 9
37 6 46
38 6 151
39 7 77
40 7 114
41 7 221
42 9 28
43 9 131
44 9 255
45 10 11
46 10 184
47 11 12
48 12 14
49 13 21
50 14 18
51 14 21
52 15 22
53 15 19
54 16 24
55 16 19
56 17 25
57 17 27
58 18 23
59 18 26
60 19 20
61 19 25
62 20 21
63 28 34
64 28 43
65 28 38
66 28 45
67 29 44
68 30 33
69 31 37
70 32 40
71 32 42
72 33 41
73 33 40
74 34 39
75 35 41
76 36 41
77 37 38
78 38 42
79 40 44
80 46 53
81 47 50
82 48 51
83 48 49
84 49 58
85 49 60
86 50 55
87 50 54
88 51 57
89 52 54
90 53 54
91 54 56
92 56 60
93 58 59
94 61 73
95 62 64
96 62 66
97 63 73
98 63 70
99 63 67
100 65 71
101 66 68
102 67 68
103 68 72
104 69 74
105 69 76
106 70 75
107 71 75
108 72 76
109 77 78
110 77 93
111 79 80
112 79 81
113 79 82
114 79 89
115 81 83
116 81 92
117 82 93
118 84 88
119 85 91
120 86 90
121 86 89
122 87 89
123 88 91
124 88 94
125 89 91
126 95 112
127 95 99
128 96 102
129 96 107
130 96 111
131 96 105
132 97 108
133 98 103
134 99 108
135 99 105
136 99 113
137 100 103
138 100 109
139 101 113
140 102 104
141 103 106
142 108 109
143 110 113
144 114 121
145 115 120
146 115 127
147 116 123
148 116 125
149 117 122
150 117 128
151 117 118
152 118 119
153 118 125
154 120 124
155 120 126
156 121 124
157 123 129
158 125 127
159 125 130
160 131 137
161 132 136
162 133 144
163 134 136
164 134 150
165 135 145
166 136 138
167 137 143
168 137 149
169 137 142
170 138 139
171 139 142
172 140 145
173 141 148
174 144 148
175 145 150
176 146 148
177 146 147
178 147 149
179 151 163
180 152 166
181 153 166
182 154 155
183 154 166
184 156 164
185 156 162
186 157 162
187 158 161
188 158 166
189 159 163
190 160 163
191 160 165
192 160 162
193 161 162
194 166 167
195 168 173
196 168 183
197 169 181
198 169 174
199 170 172
200 170 178
201 170 182
202 171 180
203 171 178
204 172 176
205 174 177
206 175 182
207 175 181
208 177 179
209 179 183
210 184 190
211 184 195
212 184 203
213 185 199
214 185 189
215 186 194
216 186 199
217 187 192
218 187 194
219 188 192
220 189 203
221 191 200
222 193 203
223 194 196
224 194 200
225 195 201
226 196 197
227 198 199
228 200 202
229 204 219
230 204 206
231 205 208
232 205 206
233 205 214
234 207 218
235 209 210
236 209 217
237 211 215
238 211 219
239 212 214
240 213 215
241 214 218
242 216 218
243 216 220
244 217 219
245 221 233
246 221 234
247 222 230
248 222 225
249 222 236
250 222 238
251 223 232
252 224 236
253 225 234
254 226 238
255 227 232
256 228 237
257 228 239
258 229 234
259 230 232
260 231 232
261 235 238
262 235 239
263 240 249
264 240 242
265 240 254
266 241 252
267 242 251
268 243 244
269 243 254
270 244 245
271 245 253
272 246 252
273 247 253
274 248 253
275 250 253
276 252 253
277 255 259
278 256 257
279 256 272
280 257 264
281 258 267
282 259 265
283 259 267
284 259 269
285 259 263
286 260 264
287 261 262
288 261 263
289 261 264
290 263 271
291 265 266
292 268 271
293 269 270
0 130 200
1 120 189
2 127 193
3 121 190
4 128 189
5 117 198
6 125 184
7 130 191
8 120 190
9 121 200
10 120 193
11 122 193
12 125 203
13 120 201
14 127 191
15 122 197
16 116 195
17 119 192
18 128 190
19 118 199
20 128 188
21 122 190
22 124 184
23 122 186
24 117 184
25 116 201
26 130 189
27 125 189
28 114 193
29 114 188
30 69 166
31 67 154
32 65 163
33 73 153
34 70 152
35 64 163
36 61 162
37 75 151
38 63 154
39 64 155
40 63 154
41 69 153
42 61 163
43 68 156
44 75 165
45 76 153
46 72 154
47 69 165
48 71 161
49 74 167
50 68 151
51 75 159
52 70 164
53 69 167
54 75 160
55 66 160
56 71 160
57 61 160
58 76 155
59 75 162
60 259 209
61 258 206
62 265 217
63 267 212
64 261 208
65 258 219
66 256 212
67 269 214
68 259 207
69 264 218
70 259 213
71 261 213
72 255 211
73 271 207
74 266 208
75 257 208
76 268 210
77 272 220
78 271 207
79 256 212
80 269 207
81 263 210
82 257 217
83 268 220
84 258 219
85 270 216
86 270 218
87 268 209
88 262 204
89 263 207
90 236 180
91 222 180
92 227 175
93 232 178
94 223 178
95 229 182
96 222 176
97 229 171
98 224 171
99 229 179
100 234 169
101 239 175
102 239 172
103 235 171
104 239 183
105 238 172
106 227 170
107 222 183
108 238 175
109 233 177
110 230 182
111 231 182
112 223 172
113 230 175
114 227 179
115 228 182
116 238 172
117 238 178
118 233 180
119 227 174
120 129 214
121 127 215
122 124 220
123 116 219
124 130 215
125 127 207
126 121 209
127 119 214
128 129 208
129 116 220
130 114 207
131 118 213
132 130 213
133 128 214
134 115 219
135 124 215
136 127 206
137 129 219
138 123 204
139 120 214
140 130 218
141 126 211
142 122 212
143 128 212
144 127 205
145 115 216
146 128 210
147 116 215
148 118 208
149 120 204
150 129 265
151 121 263
152 120 268
153 119 272
154 125 263
155 116 260
156 116 256
157 128 260
158 129 255
159 119 271
160 127 258
161 121 261
162 121 268
163 129 270
164 121 258
165 121 261
166 127 258
167 126 271
168 128 258
169 128 255
170 115 263
171 125 256
172 115 260
173 123 255
174 117 261
175 124 270
176 115 270
177 122 267
178 128 255
179 122 266
180 67 15
181 68 21
182 61 20
183 72 15
184 74 14
185 61 27
186 67 24
187 70 21
188 62 24
189 68 16
190 67 21
191 61 12
192 62 24
193 72 13
194 69 19
195 62 18
196 61 20
197 67 20
198 62 27
199 64 13
200 62 26
201 64 26
202 66 14
203 69 24
204 66 18
205 64 25
206 68 14
207 74 15
208 65 12
209 68 24
210 82 42
211 79 30
212 86 32
213 83 37
214 92 35
215 90 43
216 85 41
217 93 43
218 82 43
219 80 37
220 92 41
221 89 44
222 78 31
223 83 40
224 94 28
225 82 33
226 94 41
227 87 41
228 81 45
229 83 35
230 77 40
231 90 44
232 81 28
233 82 45
234 89 37
235 82 42
236 88 29
237 92 38
238 77 32
239 80 40
240 249 147
241 246 142
242 250 134
243 245 141
244 245 141
245 240 146
246 252 136
247 254 138
248 240 150
249 246 149
250 242 133
251 241 143
252 240 138
253 240 138
254 254 141
255 251 133
256 254 147
257 246 145
258 243 137
259 243 131
260 251 141
261 243 131
262 242 140
263 245 144
264 251 148
265 248 147
266 240 145
267 242 133
268 245 147
269 251 150
270 8 50
271 1 47
272 1 54
273 1 58
274 9 60
275 9 52
276 5 56
277 11 55
278 7 52
279 1 49
280 6 52
281 5 58
282 10 48
283 10 50
284 4 46
285 8 60
286 3 48
287 11 59
288 6 48
289 0 59
290 10 54
291 1 59
292 6 52
293 1 51
294 7 50
295 193 98
296 184 101
297 203 103
298 201 107
299 199 110
300 198 106
301 187 107
302 184 97
303 186 105
304 188 101
305 185 104
306 186 106
307 203 95
308 195 98
309 194 111
310 201 96
311 189 112
312 202 98
313 189 96
314 184 97
315 203 102
316 200 101
317 198 97
318 200 101
319 191 107
320 191 113
321 203 113
322 201 99
323 202 109
324 199 96
325 129 112
326 128 95
327 129 113
328 119 96
329 128 102
330 129 102
331 130 112
332 124 111
333 124 102
334 127 101
335 114 103
336 122 111
337 129 96
338 119 113
339 122 98
340 126 95
341 118 102
342 117 110
343 118 97
344 128 105
345 127 108
346 129 100
347 120 96
348 118 106
349 124 95
350 115 111
351 130 104
352 119 105
353 114 100
354 124 109
355 161 257
356 164 260
357 159 272
358 153 271
359 167 258
360 151 267
361 162 264
362 157 260
363 156 271
364 153 256
365 165 261
366 155 270
367 159 272
368 166 256
369 153 271
370 166 272
371 152 265
372 153 263
373 166 258
374 165 255
375 156 263
376 163 260
377 161 256
378 152 263
379 166 267
380 159 261
381 164 267
382 157 264
383 155 261
384 165 272
385 43 138
386 36 134
387 34 147
388 30 142
389 41 137
390 34 150
391 30 143
392 34 135
393 44 136
394 30 140
395 30 135
396 43 145
397 31 132
398 37 138
399 34 148
400 35 149
401 30 136
402 41 143
403 34 138
404 41 137
405 36 146
406 38 139
407 30 132
408 37 146
409 36 147
410 41 137
411 35 145
412 31 134
413 31 137
414 41 134
415 7 69
416 2 62
417 5 61
418 11 65
419 10 66
420 6 64
421 9 75
422 7 67
423 2 67
424 6 74
425 8 75
426 5 69
427 11 65
428 11 70
429 10 64
430 2 69
431 11 71
432 0 66
433 0 74
434 1 68
435 8 72
436 5 66
437 4 68
438 0 75
439 9 73
440 3 64
441 0 64
442 8 73
443 1 72
444 0 73
445 201 133
446 197 131
447 194 132
448 194 144
449 187 135
450 194 145
451 195 139
452 187 147
453 200 137
454 192 148
455 196 133
456 189 147
457 199 141
458 191 148
459 194 144
460 201 134
461 195 150
462 202 142
463 191 147
464 187 139
465 196 138
466 201 142
467 198 136
468 187 144
469 189 139
470 203 144
471 186 135
472 199 150
473 197 138
474 194 144
475 102 68
476 107 73
477 112 72
478 106 65
479 109 72
480 101 72
481 105 74
482 104 66
483 111 75
484 104 69
485 113 66
486 104 72
487 108 75
488 111 65
489 110 63
490 106 62
491 112 63
492 95 76
493 102 64
494 104 65
495 97 61
496 106 67
497 106 62
498 110 61
499 112 67
500 110 61
501 107 70
502 111 65
503 112 74
504 106 68
505 263 50
506 263 48
507 255 47
508 270 60
509 259 49
510 271 47
511 265 53
512 267 58
513 258 49
514 267 48
515 267 60
516 263 55
517 261 56
518 256 57
519 255 51
520 268 47
521 262 55
522 259 57
523 257 56
524 268 57
525 266 59
526 267 56
527 265 46
528 271 59
529 255 52
530 267 53
531 268 50
532 268 57
533 270 51
534 262 49
535 258 121
536 262 119
537 269 114
538 261 126
539 264 128
540 260 128
541 259 121
542 268 118
543 265 130
544 256 120
545 265 127
546 264 120
547 270 116
548 264 122
549 255 128
550 257 128
551 262 117
552 257 125
553 257 115
554 270 124
555 257 125
556 257 118
557 257 128
558 270 119
559 256 114
560 260 126
561 255 122
562 255 130
563 264 123
564 257 126
565 34 173
566 37 178
567 37 180
568 34 177
569 35 170
570 37 176
571 28 172
572 30 181
573 41 170
574 37 169
575 44 178
576 44 169
577 40 177
578 37 174
579 35 179
580 30 178
581 44 174
582 35 180
583 36 172
584 33 172
585 42 178
586 36 180
587 33 179
588 38 171
589 34 182
590 30 183
591 35 181
592 45 173
593 35 182
594 43 183
595 194 130
596 196 121
597 197 118
598 189 130
599 191 117
600 201 122
601 195 123
602 185 120
603 190 115
604 194 130
605 201 130
606 185 116
607 190 122
608 193 117
609 197 125
610 194 115
611 185 122
612 190 123
613 188 120
614 184 119
615 188 115
616 187 127
617 187 117
618 202 123
619 188 119
620 187 114
621 193 127
622 187 114
623 187 121
624 193 116
625 121 202
626 114 197
627 114 194
628 119 192
629 121 196
630 120 203
631 124 199
632 126 189
633 121 202
634 123 191
635 123 197
636 122 200
637 129 185
638 127 188
639 127 187
640 116 193
641 124 190
642 116 203
643 117 188
644 127 187
645 125 193
646 124 199
647 118 184
648 120 201
649 117 187
650 120 200
651 129 192
652 122 194
653 130 187
654 118 200
655 221 64
656 232 62
657 222 61
658 236 64
659 226 63
660 232 68
661 225 71
662 222 74
663 226 68
664 228 74
665 226 71
666 223 72
667 232 72
668 236 71
669 235 68
670 224 61
671 226 72
672 239 68
673 234 76
674 234 72
675 234 70
676 226 75
677 229 71
678 225 68
679 235 66
680 232 66
681 232 62
682 236 65
683 235 64
684 228 62
685 122 131
686 128 134
687 119 138
688 117 136
689 128 148
690 123 147
691 130 134
692 117 148
693 127 135
694 117 147
695 129 149
696 118 138
697 130 145
698 123 150
699 127 141
700 116 148
701 129 131
702 119 139
703 123 150
704 123 149
705 120 141
706 120 142
707 114 133
708 115 146
709 118 140
710 121 146
711 124 132
712 116 138
713 128 139
714 119 137
715 223 171
716 229 176
717 227 169
718 237 174
719 233 170
720 234 180
721 227 177
722 238 178
723 225 179
724 237 171
725 228 179
726 227 170
727 227 182
728 225 173
729 225 182
730 230 169
731 238 171
732 230 169
733 227 179
734 230 182
735 222 173
736 231 178
737 237 171
738 238 180
739 236 175
740 222 170
741 232 175
742 237 175
743 226 175
744 228 169
745 107 200
746 99 186
747 95 186
748 108 185
749 95 202
750 112 199
751 113 200
752 104 193
753 103 199
754 110 203
755 112 196
756 99 203
757 113 191
758 109 187
759 112 193
760 96 196
761 97 189
762 110 195
763 108 188
764 109 195
765 95 201
766 109 192
767 97 194
768 101 197
769 99 188
770 103 195
771 109 194
772 112 203
773 97 190
774 112 193
775 7 97
776 2 96
777 8 104
778 9 107
779 11 101
780 11 106
781 4 102
782 2 111
783 8 103
784 10 107
785 2 107
786 10 111
787 9 105
788 3 110
789 0 106
790 1 107
791 1 113
792 5 103
793 5 101
794 5 108
795 11 105
796 2 95
797 4 105
798 10 113
799 7 100
800 10 110
801 3 98
802 11 110
803 67 266
804 63 270
805 65 262
806 71 270
807 64 262
808 66 255
809 61 272
810 74 267
811 65 261
812 68 260
813 76 261
814 67 271
815 64 264
816 63 264
817 76 264
818 71 258
819 68 263
820 61 267
821 75 262
822 67 268
823 68 263
824 76 263
825 70 267
826 65 272
827 71 263
828 62 256
829 72 272
830 73 271
831 72 271
832 73 270
833 76 271
834 69 271
835 71 264
836 67 256
837 68 255
838 72 266
839 73 268
840 61 267
841 63 265
842 70 264
843 64 263
844 72 270
845 69 255
846 67 261
847 67 256
848 68 269
849 63 258
850 61 259
851 64 261
852 72 268
853 70 262
854 68 266
855 63 263
856 72 262
857 74 259
858 63 261
859 73 270
860 65 258
861 71 269
862 69 259
863 178 87
864 177 80
865 175 90
866 174 86
867 174 88
868 182 82
869 176 89
870 174 83
871 169 78
872 176 93
873 179 82
874 172 81
875 172 90
876 179 84
877 182 89
878 177 91
879 180 91
880 168 91
881 172 79
882 171 85
883 179 89
884 183 86
885 177 81
886 172 80
887 183 87
888 174 89
889 182 91
890 176 93
891 180 87
892 168 80
893 218 28
894 211 28
895 208 32
896 219 32
897 205 38
898 217 37
899 220 36
900 204 36
901 212 38
902 207 43
903 216 29
904 218 36
905 207 34
906 204 30
907 213 44
908 214 38
909 219 45
910 210 41
911 219 44
912 217 35
913 212 33
914 204 31
915 219 37
916 211 33
917 210 32
918 212 36
919 210 29
920 219 29
921 218 28
922 204 44
923 191 151
924 187 152
925 193 160
926 202 157
927 200 154
928 196 158
929 195 162
930 188 152
931 199 167
932 198 161
933 185 166
934 186 157
935 188 155
936 203 157
937 193 166
938 198 159
939 184 153
940 194 157
941 201 163
942 187 154
943 198 157
944 195 155
945 187 163
946 198 164
947 199 163
948 200 166
949 199 160
950 200 164
951 194 163
952 196 156
953 123 214
954 126 204
955 123 211
956 120 204
957 121 217
958 128 213
959 121 214
960 125 214
961 129 212
962 116 218
963 123 205
964 125 213
965 126 211
966 127 220
967 120 214
968 127 218
969 128 214
970 126 209
971 121 213
972 129 220
973 125 209
974 130 211
975 118 212
976 126 208
977 127 213
978 129 206
979 124 218
980 122 216
981 129 217
982 114 204
983 108 215
984 109 210
985 97 212
986 113 216
987 111 210
988 95 207
989 101 215
990 97 219
991 96 212
992 106 208
993 96 218
994 113 212
995 100 209
996 102 211
997 104 204
998 103 211
999 108 217
1000 108 209
1001 110 216
1002 98 209
1003 99 209
1004 99 206
1005 112 215
1006 108 204
1007 101 220
1008 113 217
1009 103 204
1010 112 215
1011 104 215
1012 97 209
1013 24 1
1014 12 3
1015 15 3
1016 17 3
1017 17 7
1018 27 1
1019 25 8
1020 21 11
1021 18 6
1022 19 10
1023 13 8
1024 16 3
1025 14 6
1026 14 9
1027 19 0
1028 12 6
1029 22 5
1030 21 3
1031 16 0
1032 22 3
1033 25 11
1034 26 6
1035 20 5
1036 17 6
1037 15 11
1038 23 8
1039 27 1
1040 25 0
1041 13 3
1042 24 2
1043 124 52
1044 114 59
1045 123 59
1046 129 51
1047 117 55
1048 115 60
1049 124 54
1050 114 49
1051 117 59
1052 122 53
1053 123 51
1054 122 50
1055 118 56
1056 125 47
1057 129 57
1058 124 48
1059 128 55
1060 122 58
1061 114 58
1062 116 58
1063 130 58
1064 116 50
1065 120 47
1066 124 60
1067 130 47
1068 123 53
1069 129 55
1070 124 56
1071 115 55
1072 121 53
1073 28 213
1074 38 205
1075 35 220
1076 43 206
1077 31 212
1078 29 212
1079 45 216
1080 38 205
1081 30 218
1082 40 215
1083 28 211
1084 42 219
1085 28 212
1086 45 205
1087 37 214
1088 29 211
1089 45 210
1090 43 217
1091 28 216
1092 40 209
1093 30 217
1094 33 218
1095 42 217
1096 35 209
1097 31 218
1098 32 216
1099 44 209
1100 38 211
1101 33 205
1102 42 208
1103 230 9
1104 222 1
1105 222 6
1106 230 4
1107 227 0
1108 226 2
1109 231 6
1110 232 0
1111 223 10
1112 238 5
1113 231 3
1114 222 4
1115 231 7
1116 230 10
1117 225 4
1118 232 3
1119 229 11
1120 222 8
1121 226 1
1122 237 2
1123 228 8
1124 235 1
1125 229 5
1126 227 4
1127 237 6
1128 231 0
1129 222 0
1130 223 10
1131 226 2
1132 230 11
1133 43 218
1134 34 208
1135 34 204
1136 43 204
1137 44 212
1138 42 218
1139 29 215
1140 32 214
1141 39 208
1142 42 215
1143 28 205
1144 42 214
1145 39 210
1146 36 208
1147 44 214
1148 36 209
1149 38 215
1150 36 205
1151 31 217
1152 35 210
1153 30 220
1154 38 210
1155 32 220
1156 41 208
1157 37 206
1158 29 216
1159 32 218
1160 42 208
1161 38 220
1162 28 207
1163 94 79
1164 86 84
1165 80 86
1166 87 90
1167 93 80
1168 92 94
1169 92 82
1170 78 85
1171 87 80
1172 93 89
1173 86 83
1174 84 87
1175 77 80
1176 90 85
1177 94 83
1178 78 91
1179 93 91
1180 92 88
1181 86 82
1182 90 83
1183 23 137
1184 26 132
1185 13 142
1186 14 139
1187 15 144
1188 21 145
1189 25 147
1190 23 133
1191 25 148
1192 19 135
1193 20 149
1194 24 150
1195 25 134
1196 16 131
1197 25 150
1198 20 138
1199 18 144
1200 18 141
1201 17 135
1202 12 148
1203 25 135
1204 13 136
1205 13 142
1206 22 139
1207 18 139
1208 26 148
1209 24 143
1210 21 141
1211 26 133
1212 23 147
1213 22 190
1214 23 193
1215 14 192
1216 12 192
1217 12 203
1218 25 197
1219 18 186
1220 25 186
1221 18 188
1222 15 193
1223 18 189
1224 18 203
1225 20 190
1226 24 193
1227 20 203
1228 24 203
1229 22 198
1230 15 191
1231 26 194
1232 25 184
1233 20 200
1234 25 186
1235 16 203
1236 25 193
1237 12 187
1238 16 201
1239 18 194
1240 19 187
1241 19 195
1242 19 187
1243 196 85
1244 192 81
1245 203 87
1246 202 85
1247 186 79
1248 188 83
1249 194 89
1250 200 77
1251 202 80
1252 187 92
1253 203 80
1254 187 79
1255 190 91
1256 188 87
1257 197 89
1258 184 86
1259 199 79
1260 184 78
1261 185 91
1262 188 87
1263 187 93
1264 192 82
1265 195 77
1266 192 92
1267 185 86
1268 191 79
1269 189 80
1270 197 77
1271 189 89
1272 191 82
1273 229 51
1274 231 50
1275 239 52
1276 226 50
1277 234 55
1278 234 55
1279 236 48
1280 232 51
1281 238 52
1282 230 59
1283 224 50
1284 239 50
1285 232 53
1286 223 51
1287 235 57
1288 225 54
1289 228 50
1290 221 55
1291 229 55
1292 233 51
1293 222 58
1294 235 60
1295 221 59
1296 228 55
1297 224 54
1298 233 54
1299 222 53
1300 229 59
1301 225 58
1302 224 50
1303 49 103
1304 58 110
1305 58 106
1306 47 98
1307 52 97
1308 51 99
1309 50 103
1310 59 104
1311 47 106
1312 55 101
1313 51 96
1314 51 95
1315 59 107
1316 53 103
1317 57 105
1318 50 96
1319 46 110
1320 50 107
1321 51 102
1322 56 107
1323 56 101
1324 57 104
1325 53 101
1326 57 101
1327 46 101
1328 46 101
1329 48 101
1330 51 112
1331 57 111
1332 55 96
1333 116 254
1334 124 252
1335 121 245
1336 115 242
1337 114 242
1338 115 251
1339 125 247
1340 119 244
1341 121 244
1342 122 252
1343 129 244
1344 128 249
1345 123 244
1346 117 244
1347 120 245
1348 115 241
1349 117 243
1350 115 244
1351 118 245
1352 127 249
1353 124 243
1354 128 250
1355 119 240
1356 128 254
1357 121 241
1358 124 241
1359 128 249
1360 115 254
1361 127 247
1362 114 244
1363 236 193
1364 238 184
1365 234 185
1366 233 202
1367 223 189
1368 239 188
1369 236 201
1370 239 186
1371 229 194
1372 236 188
1373 235 193
1374 226 185
1375 234 194
1376 224 198
1377 224 200
1378 230 199
1379 229 203
1380 222 189
1381 238 197
1382 234 196
1383 230 198
1384 233 198
1385 222 198
1386 230 203
1387 234 185
1388 233 203
1389 239 191
1390 239 191
1391 229 192
1392 223 189
1393 239 179
1394 226 169
1395 228 172
1396 237 180
1397 239 178
1398 228 180
1399 236 183
1400 235 171
1401 239 176
1402 222 168
1403 234 171
1404 228 170
1405 225 176
1406 221 177
1407 223 180
1408 238 183
1409 237 171
1410 237 182
1411 235 173
1412 226 175
1413 239 183
1414 226 181
1415 235 173
1416 226 182
1417 229 168
1418 224 172
1419 236 168
1420 238 183
1421 223 183
1422 237 170
1423 226 122
1424 234 123
1425 231 115
1426 235 115
1427 234 114
1428 223 127
1429 229 114
1430 234 123
1431 233 120
1432 221 119
1433 226 119
1434 233 120
1435 239 130
1436 231 121
1437 232 127
1438 237 120
1439 239 117
1440 235 126
1441 226 119
1442 235 127
1443 239 116
1444 229 126
1445 234 116
1446 234 115
1447 234 118
1448 239 127
1449 236 130
1450 239 116
1451 224 128
1452 227 117
1453 234 208
1454 228 204
1455 238 219
1456 227 213
1457 227 218
1458 238 220
1459 233 207
1460 238 209
1461 237 212
1462 236 209
1463 221 206
1464 231 212
1465 224 205
1466 226 214
1467 227 219
1468 221 204
1469 230 219
1470 231 204
1471 238 218
1472 225 211
1473 232 209
1474 224 216
1475 223 208
1476 235 207
1477 226 209
1478 230 210
1479 230 204
1480 238 220
1481 238 220
1482 227 217
1483 98 245
1484 113 240
1485 99 246
1486 100 253
1487 99 244
1488 106 252
1489 103 240
1490 110 246
1491 112 248
1492 100 241
1493 97 248
1494 99 247
1495 96 241
1496 105 247
1497 98 251
1498 100 250
1499 113 244
1500 105 244
1501 102 244
1502 97 254
1503 113 250
1504 106 247
1505 97 244
1506 107 244
1507 100 251
1508 112 247
1509 102 253
1510 95 251
1511 111 246
1512 99 254
1513 29 34
1514 30 32
1515 40 45
1516 29 45
1517 45 40
1518 28 35
1519 33 28
1520 34 40
1521 40 45
1522 31 35
1523 38 40
1524 41 32
1525 43 41
1526 28 36
1527 33 38
1528 44 42
1529 31 33
1530 43 29
1531 35 43
1532 42 39
1533 43 30
1534 31 43
1535 39 44
1536 40 28
1537 30 43
1538 34 37
1539 225 168
1540 225 173
1541 238 172
1542 234 173
1543 236 168
1544 226 172
1545 229 180
1546 221 182
1547 225 178
1548 227 180
1549 223 178
1550 228 183
1551 233 168
1552 223 182
1553 222 168
1554 237 174
1555 231 173
1556 238 177
1557 225 172
1558 230 176
1559 235 181
1560 221 172
1561 238 172
1562 227 175
1563 227 175
1564 233 179
1565 224 174
1566 239 178
1567 232 173
1568 237 177
1569 31 16
1570 32 19
1571 31 22
1572 37 12
1573 45 18
1574 43 12
1575 28 23
1576 30 23
1577 34 15
1578 39 27
1579 34 24
1580 42 13
1581 34 20
1582 28 13
1583 39 15
1584 35 23
1585 37 21
1586 40 14
1587 38 25
1588 29 18
1589 39 19
1590 41 16
1591 32 16
1592 42 14
1593 30 15
1594 34 21
1595 37 14
1596 38 17
1597 41 27
1598 36 24
1599 241 23
1600 241 27
1601 254 20
1602 249 15
1603 245 20
1604 246 15
1605 254 15
1606 246 26
1607 251 14
1608 246 14
1609 247 27
1610 252 13
1611 243 19
1612 248 15
1613 241 12
1614 240 13
1615 240 19
1616 242 14
1617 252 16
1618 244 13
1619 250 12
1620 252 14
1621 249 21
1622 244 19
1623 243 21
1624 244 16
1625 251 13
1626 248 16
1627 254 18
1628 244 21
1629 196 96
1630 193 112
1631 201 103
1632 184 109
1633 203 95
1634 195 95
1635 198 101
1636 198 98
1637 195 108
1638 188 106
1639 191 107
1640 190 98
1641 201 108
1642 195 98
1643 200 100
1644 186 101
1645 185 97
1646 198 112
1647 194 111
1648 200 107
1649 190 96
1650 202 100
1651 188 98
1652 196 96
1653 190 97
1654 199 105
1655 194 98
1656 189 113
1657 191 113
1658 203 110
1659 197 24
1660 189 18
1661 203 27
1662 197 26
1663 195 16
1664 203 27
1665 200 16
1666 196 23
1667 200 18
1668 197 21
1669 198 22
1670 193 22
1671 185 14
1672 200 18
1673 185 23
1674 196 15
1675 187 18
1676 203 22
1677 195 14
1678 192 17
1679 195 25
1680 186 14
1681 190 20
1682 200 15
1683 190 12
1684 186 15
1685 203 21
1686 192 26
1687 200 26
1688 196 17
1689 59 102
1690 58 104
1691 51 109
1692 59 107
1693 46 103
1694 46 107
1695 49 99
1696 55 100
1697 60 113
1698 52 111
1699 51 112
1700 46 109
1701 55 113
1702 55 96
1703 51 98
1704 55 110
1705 52 113
1706 48 113
1707 51 95
1708 55 110
1709 58 108
1710 58 95
1711 53 97
1712 59 105
1713 50 104
1714 53 112
1715 60 112
1716 46 106
1717 56 99
1718 54 109
1719 65 36
1720 67 41
1721 63 34
1722 66 40
1723 67 28
1724 71 36
1725 73 32
1726 75 36
1727 62 28
1728 74 42
1729 63 36
1730 74 32
1731 69 38
1732 71 32
1733 72 33
1734 73 31
1735 68 31
1736 75 43
1737 74 43
1738 73 45
1739 65 31
1740 68 39
1741 76 36
1742 62 44
1743 71 45
1744 62 39
1745 62 35
1746 75 35
1747 72 41
1748 66 34
1749 196 149
1750 201 144
1751 197 137
1752 185 143
1753 196 141
1754 195 137
1755 196 131
1756 187 140
1757 195 136
1758 201 141
1759 197 133
1760 199 142
1761 187 132
1762 194 134
1763 184 143
1764 192 142
1765 191 140
1766 201 136
1767 192 143
1768 201 145
1769 189 140
1770 193 143
1771 200 136
1772 189 133
1773 199 141
1774 184 141
1775 202 134
1776 190 136
1777 197 133
1778 200 144
1779 222 25
1780 231 18
1781 232 12
1782 222 22
1783 239 12
1784 236 17
1785 231 14
1786 224 18
1787 235 13
1788 227 16
1789 222 25
1790 239 27
1791 228 16
1792 238 22
1793 228 18
1794 235 27
1795 229 12
1796 238 21
1797 234 12
1798 231 25
1799 231 20
1800 225 19
1801 227 13
1802 239 14
1803 234 18
1804 236 15
1805 225 17
1806 225 17
1807 234 15
1808 226 23
1809 114 189
1810 115 201
1811 119 200
1812 115 187
1813 121 188
1814 121 201
1815 125 195
1816 129 198
1817 121 194
1818 125 189
1819 115 200
1820 123 203
1821 126 194
1822 128 187
1823 124 195
1824 130 190
1825 122 202
1826 125 190
1827 124 200
1828 117 187
1829 116 197
1830 117 195
1831 114 188
1832 116 185
1833 115 187
1834 128 199
1835 115 194
1836 116 199
1837 115 184
1838 117 194
1839 154 171
1840 163 171
1841 153 170
1842 160 172
1843 153 170
1844 166 183
1845 156 170
1846 154 183
1847 156 177
1848 159 180
1849 159 179
1850 160 168
1851 167 177
1852 166 182
1853 166 168
1854 151 169
1855 153 169
1856 165 170
1857 157 183
1858 158 174
1859 164 182
1860 153 171
1861 164 176
1862 163 177
1863 157 169
1864 154 183
1865 158 168
1866 159 183
1867 156 179
1868 155 183
1869 102 100
1870 97 104
1871 99 104
1872 111 95
1873 96 109
1874 97 96
1875 102 101
1876 101 100
1877 107 110
1878 96 101
1879 95 103
1880 113 109
1881 102 98
1882 104 98
1883 110 97
1884 105 100
1885 104 105
1886 100 99
1887 111 113
1888 104 99
1889 101 108
1890 113 104
1891 109 104
1892 102 103
1893 19 265
1894 12 263
1895 12 268
1896 23 263
1897 25 265
1898 12 267
1899 24 272
1900 27 262
1901 20 257
1902 22 262
1903 12 260
1904 18 270
1905 16 267
1906 21 262
1907 20 260
1908 12 266
1909 22 259
1910 17 257
1911 25 263
1912 24 271
1913 20 259
1914 18 261
1915 20 263
1916 18 272
1917 15 271
1918 16 271
1919 16 266
1920 27 255
1921 25 270
1922 18 261
1923 80 265
1924 80 266
1925 91 270
1926 93 263
1927 94 255
1928 90 255
1929 94 260
1930 84 258
1931 82 260
1932 93 260
1933 84 270
1934 89 269
1935 88 257
1936 84 269
1937 88 256
1938 90 269
1939 86 259
1940 81 271
1941 78 267
1942 93 270
1943 88 262
1944 94 267
1945 84 264
1946 85 260
1947 77 265
1948 90 269
1949 81 258
1950 92 272
1951 80 271
1952 83 262
1953 240 31
1954 245 34
1955 240 38
1956 241 32
1957 246 31
1958 254 29
1959 249 41
1960 244 43
1961 240 38
1962 254 32
1963 246 44
1964 247 28
1965 246 29
1966 243 41
1967 248 40
1968 251 29
1969 241 34
1970 253 44
1971 251 43
1972 251 29
1973 252 28
1974 242 32
1975 252 39
1976 240 40
1977 243 33
1978 244 40
1979 252 31
1980 242 41
1981 248 28
1982 246 35
1983 272 240
1984 261 243
1985 270 250
1986 263 247
1987 260 251
1988 260 247
1989 261 254
1990 267 249
1991 256 244
1992 263 247
1993 264 249
1994 258 248
1995 270 241
1996 257 243
1997 265 244
1998 264 242
1999 268 247
2000 263 249
2001 258 248
2002 255 241
2003 265 249
2004 256 247
2005 256 246
2006 270 249
2007 267 250
2008 259 249
2009 266 243
2010 266 250
2011 255 247
2012 255 241
2013 239 267
2014 236 268
2015 231 258
2016 232 260
2017 226 260
2018 232 265
2019 237 268
2020 234 259
2021 231 257
2022 225 260
2023 237 270
2024 238 255
2025 226 269
2026 229 260
2027 228 263
2028 239 256
2029 224 272
2030 234 257
2031 229 261
2032 221 255
2033 221 262
2034 232 265
2035 222 265
2036 239 261
2037 222 263
2038 232 270
2039 224 255
2040 238 269
2041 238 261
2042 234 272
2043 201 8
2044 192 7
2045 186 4
2046 188 1
2047 197 1
2048 195 5
2049 187 8
2050 191 6
2051 195 7
2052 186 6
2053 192 10
2054 202 5
2055 189 1
2056 193 4
2057 189 10
2058 199 1
2059 195 6
2060 198 1
2061 185 9
2062 201 2
2063 197 10
2064 193 0
2065 184 7
2066 190 3
2067 192 5
2068 188 9
2069 194 9
2070 197 10
2071 190 6
2072 7 29
2073 10 39
2074 5 45
2075 3 42
2076 1 44
2077 10 29
2078 2 39
2079 3 41
2080 0 45
2081 5 32
2082 3 43
2083 3 33
2084 4 42
2085 10 35
2086 2 29
2087 5 36
2088 11 41
2089 4 34
2090 5 39
2091 6 40
2092 2 32
2093 3 30
2094 3 34
2095 6 40
2096 2 45
2097 11 32
2098 5 30
2099 10 38
2100 1 28
2101 2 217
2102 7 211
2103 6 208
2104 6 209
2105 3 206
2106 5 220
2107 0 212
2108 7 216
2109 1 212
2110 7 219
2111 7 210
2112 4 216
2113 5 209
2114 1 219
2115 4 206
2116 1 213
2117 4 216
2118 1 213
2119 1 215
2120 7 212
2121 7 210
2122 8 220
2123 6 214
2124 3 210
2125 3 208
2126 11 209
2127 7 217
2128 206 35
2129 214 38
2130 218 30
2131 210 41
2132 206 45
2133 216 36
2134 207 43
2135 209 39
2136 206 35
2137 209 28
2138 205 36
2139 216 32
2140 214 36
2141 215 43
2142 207 39
2143 217 33
2144 205 33
2145 210 29
2146 208 32
2147 206 38
2148 217 35
2149 217 34
2150 211 32
2151 207 34
2152 219 28
2153 215 32
2154 212 30
2155 204 33
2156 216 37
2157 217 35
2158 123 113
2159 121 100
2160 127 101
2161 126 112
2162 127 96
2163 115 99
2164 121 102
2165 117 98
2166 117 98
2167 124 95
2168 121 99
2169 130 105
2170 125 110
2171 122 103
2172 118 110
2173 118 102
2174 117 111
2175 119 107
2176 129 96
2177 125 111
2178 129 106
2179 121 98
2180 125 108
2181 118 101
2182 128 102
2183 130 112
2184 119 102
2185 116 109
2186 114 98
2187 128 97
2188 261 111
2189 270 95
2190 267 111
2191 255 104
2192 261 97
2193 260 105
2194 258 99
2195 264 108
2196 272 109
2197 271 103
2198 256 108
2199 258 103
2200 263 110
2201 260 103
2202 258 113
2203 272 111
2204 267 98
2205 264 109
2206 263 109
2207 263 105
2208 263 104
2209 255 108
2210 272 113
2211 267 108
2212 261 98
2213 260 97
2214 269 103
2215 265 108
2216 257 103
2217 259 106
2218 189 65
2219 186 63
2220 184 63
2221 197 75
2222 203 76
2223 191 66
2224 203 71
2225 193 69
2226 188 63
2227 185 71
2228 194 70
2229 190 64
2230 200 64
2231 189 71
2232 197 62
2233 202 75
2234 198 64
2235 186 72
2236 184 75
2237 195 71
2238 192 71
2239 203 73
2240 195 65
2241 203 64
2242 202 69
2243 189 74
2244 195 63
2245 192 66
2246 200 70
2247 199 61
2248 21 142
2249 25 138
2250 20 142
2251 20 144
2252 25 140
2253 21 132
2254 19 146
2255 16 144
2256 17 150
2257 26 148
2258 13 150
2259 24 142
2260 17 139
2261 15 144
2262 22 144
2263 25 148
2264 17 149
2265 21 138
2266 15 132
2267 24 145
2268 23 144
2269 20 131
2270 22 140
2271 16 149
2272 19 149
2273 12 135
2274 19 141
2275 16 141
2276 21 139
2277 16 136
2278 54 88
2279 47 79
2280 52 89
2281 59 79
2282 47 84
2283 59 91
2284 50 85
2285 49 91
2286 48 82
2287 49 90
2288 50 80
2289 58 77
2290 56 89
2291 56 85
2292 57 86
2293 54 78
2294 48 77
2295 54 78
2296 54 90
2297 54 91
2298 57 85
2299 59 79
2300 51 80
2301 55 84
2302 57 82
2303 49 79
2304 58 81
2305 49 85
2306 50 94
2307 60 91
2308 86 19
2309 88 26
2310 82 23
2311 82 26
2312 81 27
2313 93 12
2314 78 23
2315 84 19
2316 84 18
2317 90 20
2318 88 18
2319 81 13
2320 79 13
2321 77 27
2322 78 20
2323 81 14
2324 83 24
2325 77 17
2326 84 16
2327 81 12
2328 94 12
2329 78 17
2330 86 13
2331 88 22
2332 84 27
2333 89 23
2334 92 16
2335 81 19
2336 89 13
2337 89 25
2338 260 144
2339 258 136
2340 267 150
2341 260 145
2342 261 131
2343 256 138
2344 264 138
2345 263 144
2346 262 132
2347 258 133
2348 260 135
2349 262 135
2350 265 145
2351 269 143
2352 263 140
2353 263 131
2354 258 140
2355 267 142
2356 260 138
2357 264 144
2358 270 135
2359 269 148
2360 258 133
2361 264 132
2362 269 149
2363 257 143
2364 259 144
2365 260 150
2366 261 149
2367 265 139
2368 229 113
2369 234 109
2370 231 95
2371 232 98
2372 223 105
2373 231 110
2374 223 98
2375 225 104
2376 229 97
2377 231 106
2378 224 99
2379 228 113
2380 235 105
2381 224 100
2382 225 101
2383 230 95
2384 235 106
2385 239 99
2386 238 102
2387 235 107
2388 230 105
2389 231 95
2390 224 97
2391 239 105
2392 223 99
2393 234 107
2394 239 105
2395 223 97
2396 223 100
2397 235 108
2398 118 98
2399 123 100
2400 129 98
2401 125 102
2402 128 109
2403 124 96
2404 119 106
2405 122 96
2406 127 102
2407 126 105
2408 115 98
2409 116 110
2410 119 102
2411 127 101
2412 122 103
2413 119 98
2414 120 108
2415 122 110
2416 125 105
2417 125 99
2418 119 107
2419 121 110
2420 122 103
2421 129 100
2422 129 96
2423 119 107
2424 129 102
2425 128 99
2426 123 106
2427 114 103
2428 3 212
2429 11 208
2430 6 215
2431 4 220
2432 2 211
2433 9 215
2434 5 213
2435 5 209
2436 11 215
2437 9 207
2438 10 217
2439 9 211
2440 1 209
2441 0 218
2442 3 207
2443 0 209
2444 10 212
2445 2 214
2446 3 218
2447 11 208
2448 4 212
2449 10 216
2450 4 217
2451 5 208
2452 6 211
2453 0 208
2454 5 212
2455 4 218
2456 1 215
2457 181 42
2458 178 35
2459 182 36
2460 169 39
2461 182 29
2462 171 42
2463 182 45
2464 182 34
2465 169 36
2466 181 37
2467 169 29
2468 182 42
2469 183 29
2470 177 43
2471 172 37
2472 181 38
2473 175 40
2474 180 29
2475 176 43
2476 178 42
2477 172 45
2478 168 31
2479 176 32
2480 178 29
2481 169 28
2482 171 32
2483 183 42
2484 170 33
2485 179 42
2486 172 34
2487 48 226
2488 50 228
2489 47 221
2490 53 225
2491 56 229
2492 52 239
2493 56 232
2494 55 231
2495 59 224
2496 49 223
2497 57 235
2498 53 232
2499 60 234
2500 47 227
2501 50 236
2502 52 237
2503 47 225
2504 49 239
2505 47 221
2506 58 234
2507 55 223
2508 46 228
2509 60 235
2510 46 234
2511 59 235
2512 55 222
2513 51 227
2514 52 223
2515 54 227
2516 50 237
2517 155 241
2518 151 250
2519 158 248
2520 159 240
2521 160 240
2522 160 249
2523 151 249
2524 164 240
2525 162 243
2526 161 241
2527 160 246
2528 164 250
2529 163 243
2530 152 249
2531 152 251
2532 154 252
2533 163 250
2534 165 254
2535 164 248
2536 161 245
2537 161 244
2538 154 240
2539 155 241
2540 159 240
2541 151 248
2542 154 253
2543 159 241
2544 162 251
2545 162 250
2546 160 249
2547 106 264
2548 103 267
2549 97 257
2550 103 255
2551 101 257
2552 104 257
2553 109 255
2554 103 263
2555 109 265
2556 109 265
2557 97 272
2558 110 263
2559 101 260
2560 109 263
2561 101 266
2562 106 265
2563 106 268
2564 97 270
2565 101 259
2566 112 264
2567 100 259
2568 110 258
2569 99 255
2570 103 262
2571 98 261
2572 95 272
2573 108 263
2574 104 267
2575 107 263
2576 95 265
2577 31 139
2578 30 144
2579 37 144
2580 35 136
2581 33 141
2582 44 141
2583 43 149
2584 38 132
2585 44 136
2586 33 139
2587 40 143
2588 42 149
2589 36 143
2590 39 143
2591 30 140
2592 41 132
2593 39 131
2594 36 145
2595 36 140
2596 29 147
2597 45 148
2598 39 145
2599 41 142
2600 42 138
2601 45 137
2602 28 134
2603 42 131
2604 39 137
2605 41 134
2606 34 138
2607 125 60
2608 128 52
2609 115 59
2610 115 58
2611 127 52
2612 126 60
2613 120 60
2614 128 46
2615 120 47
2616 116 51
2617 116 52
2618 125 56
2619 127 55
2620 118 60
2621 129 59
2622 124 60
2623 114 51
2624 130 50
2625 125 48
2626 122 60
2627 119 47
2628 123 57
2629 121 57
2630 127 52
2631 116 51
2632 127 47
2633 123 46
2634 118 46
2635 117 50
2636 122 46
2637 99 35
2638 107 31
2639 98 28
2640 97 45
2641 95 28
2642 110 36
2643 103 44
2644 98 37
2645 113 43
2646 105 38
2647 95 39
2648 100 29
2649 108 38
2650 97 35
2651 105 28
2652 111 39
2653 109 43
2654 108 30
2655 99 44
2656 99 44
2657 95 28
2658 102 28
2659 104 28
2660 113 44
2661 103 31
2662 97 31
2663 106 31
2664 95 30
2665 98 32
2666 106 43
2667 234 215
2668 231 220
2669 239 210
2670 233 208
2671 228 204
2672 223 216
2673 236 207
2674 223 210
2675 221 208
2676 232 216
2677 225 206
2678 232 208
2679 223 204
2680 225 205
2681 234 218
2682 234 220
2683 222 212
2684 229 210
2685 227 215
2686 228 218
2687 230 216
2688 239 209
2689 223 220
2690 228 208
2691 230 215
2692 233 204
2693 239 210
2694 224 204
2695 229 208
2696 235 219
2697 88 27
2698 84 16
2699 82 16
2700 86 18
2701 93 13
2702 86 14
2703 79 18
2704 84 23
2705 83 24
2706 86 16
2707 94 16
2708 80 22
2709 93 25
2710 78 21
2711 84 19
2712 82 23
2713 89 27
2714 87 14
2715 80 21
2716 88 26
2717 87 27
2718 78 26
2719 81 24
2720 86 23
2721 84 16
2722 93 25
2723 80 16
2724 89 15
2725 90 12
2726 81 25
2727 206 79
2728 208 84
2729 218 86
2730 208 79
2731 205 92
2732 209 93
2733 217 84
2734 213 92
2735 217 87
2736 217 90
2737 216 91
2738 206 79
2739 216 83
2740 210 78
2741 216 87
2742 218 89
2743 214 89
2744 207 94
2745 210 93
2746 205 80
2747 210 80
2748 214 79
2749 218 91
2750 216 87
2751 205 80
2752 217 93
2753 206 85
2754 219 88
2755 208 93
2756 213 86
2757 22 168
2758 18 175
2759 21 180
2760 20 176
2761 18 173
2762 22 181
2763 20 173
2764 23 173
2765 14 183
2766 14 179
2767 17 174
2768 21 169
2769 27 173
2770 15 179
2771 18 180
2772 12 171
2773 18 178
2774 26 177
2775 13 183
2776 26 179
2777 22 178
2778 24 180
2779 18 177
2780 12 173
2781 19 173
2782 13 182
2783 23 169
2784 15 174
2785 25 173
2786 16 183
2787 10 37
2788 3 43
2789 5 35
2790 3 41
2791 3 38
2792 6 34
2793 8 41
2794 11 37
2795 6 30
2796 5 44
2797 0 40
2798 5 40
2799 1 32
2800 2 36
2801 5 41
2802 10 28
2803 3 37
2804 9 29
2805 9 32
2806 7 28
2807 6 43
2808 1 44
2809 0 34
2810 10 45
2811 11 45
2812 10 32
2813 6 43
2814 10 38
2815 0 18
2816 1 24
2817 1 21
2818 9 21
2819 10 19
2820 3 24
2821 0 20
2822 1 19
2823 5 18
2824 5 20
2825 1 26
2826 0 18
2827 4 27
2828 1 26
2829 1 17
2830 1 18
2831 2 26
2832 4 14
2833 4 16
2834 3 21
2835 10 26
2836 2 24
2837 6 14
2838 10 26
2839 11 24
2840 5 18
2841 6 19
2842 8 22
2843 5 16
2844 198 233
2845 199 224
2846 198 221
2847 202 221
2848 187 226
2849 197 233
2850 184 235
2851 184 233
2852 192 233
2853 198 226
2854 197 236
2855 196 229
2856 195 224
2857 195 221
2858 188 237
2859 184 236
2860 201 239
2861 187 225
2862 188 238
2863 195 231
2864 193 222
2865 185 235
2866 187 238
2867 185 231
2868 188 229
2869 184 230
2870 195 228
2871 202 227
2872 190 221
2873 203 230
2874 174 62
2875 174 63
2876 177 62
2877 180 67
2878 178 70
2879 174 69
2880 183 72
2881 183 62
2882 182 72
2883 179 65
2884 182 74
2885 175 65
2886 174 73
2887 176 64
2888 173 62
2889 175 63
2890 180 72
2891 175 71
2892 181 71
2893 173 64
2894 178 69
2895 170 67
2896 178 75
2897 178 69
2898 171 71
2899 178 76
2900 179 75
2901 181 65
2902 179 69
2903 177 73
2904 206 88
2905 214 83
2906 211 84
2907 208 84
2908 219 85
2909 220 85
2910 220 81
2911 205 82
2912 209 83
2913 206 88
2914 219 90
2915 204 89
2916 216 88
2917 206 94
2918 208 77
2919 204 92
2920 219 81
2921 209 79
2922 220 83
2923 211 81
2924 205 86
2925 212 86
2926 205 78
2927 216 80
2928 217 87
2929 218 91
2930 214 86
2931 218 91
2932 218 82
2933 213 89
2934 167 84
2935 151 86
2936 153 81
2937 151 77
2938 156 79
2939 164 85
2940 157 84
2941 154 89
2942 152 89
2943 163 87
2944 153 93
2945 155 78
2946 161 80
2947 161 81
2948 152 86
2949 162 82
2950 164 88
2951 166 89
2952 151 82
2953 158 91
2954 155 91
2955 166 79
2956 160 77
2957 153 80
2958 166 93
2959 167 91
2960 164 82
2961 152 80
2962 155 77
2963 160 77
