250 268 10 2916
0 6
1 10
2 8
3 7
4 8
5 9
6 6
7 8
8 6
9 7
10 8
11 3
12 3
13 3
14 3
15 3
16 3
17 3
18 3
19 3
20 3
21 3
22 5
23 3
24 3
25 3
26 5
27 4
28 3
29 4
30 3
31 4
32 3
33 3
34 3
35 3
36 3
37 5
38 3
39 3
40 3
41 3
42 4
43 5
44 3
45 3
46 3
47 3
48 5
49 4
50 3
51 4
52 3
53 3
54 3
55 3
56 3
57 4
58 3
59 3
60 3
61 3
62 5
63 6
64 3
65 3
66 4
67 4
68 3
69 4
70 3
71 3
72 4
73 3
74 3
75 3
76 3
77 3
78 3
79 6
80 3
81 4
82 3
83 3
84 3
85 3
86 3
87 3
88 3
89 3
90 5
91 5
92 3
93 3
94 3
95 3
96 3
97 3
98 3
99 3
100 3
101 4
102 4
103 3
104 4
105 3
106 3
107 3
108 3
109 3
110 3
111 3
112 3
113 3
114 3
115 4
116 3
117 3
118 3
119 3
120 3
121 3
122 3
123 3
124 3
125 3
126 3
127 4
128 3
129 3
130 3
131 3
132 4
133 3
134 4
135 3
136 3
137 3
138 5
139 3
140 5
141 4
142 3
143 3
144 3
145 3
146 3
147 3
148 3
149 3
150 3
151 4
152 3
153 3
154 3
155 3
156 3
157 3
158 3
159 3
160 3
161 3
162 4
163 5
164 3
165 3
166 4
167 3
168 3
169 5
170 3
171 5
172 4
173 3
174 4
175 3
176 3
177 5
178 3
179 4
180 3
181 3
182 3
183 3
184 3
185 5
186 3
187 3
188 3
189 3
190 3
191 3
192 5
193 3
194 4
195 6
196 3
197 3
198 4
199 4
200 4
201 3
202 3
203 4
204 4
205 5
206 3
207 4
208 4
209 3
210 3
211 4
212 3
213 3
214 3
215 3
216 3
217 3
218 3
219 3
220 3
221 3
222 3
223 3
224 4
225 3
226 4
227 5
228 3
229 4
230 4
231 4
232 3
233 3
234 3
235 3
236 3
237 3
238 5
239 3
240 3
241 3
242 3
243 3
244 3
245 4
246 4
247 3
248 3
249 3
0 0 1
1 0 3
2 0 4
3 0 6
4 0 7
5 1 2
6 1 4
7 1 5
8 1 8
9 1 31
10 1 134
11 1 166
12 2 4
13 2 5
14 2 7
15 2 8
16 2 9
17 3 5
18 3 7
19 3 8
20 3 12
21 3 200
22 3 219
23 4 7
24 4 9
25 4 10
26 4 185
27 5 7
28 5 8
29 5 9
30 5 11
31 5 101
32 6 10
33 6 48
34 6 118
35 6 151
36 7 9
37 7 10
38 7 11
39 8 9
40 9 10
41 10 64
42 10 84
43 10 234
44 12 26
45 13 23
46 14 27
47 14 20
48 15 26
49 16 29
50 16 22
51 17 22
52 17 19
53 18 24
54 18 27
55 19 26
56 19 24
57 20 30
58 21 29
59 22 23
60 22 25
61 22 28
62 31 32
63 31 36
64 33 37
65 34 37
66 34 40
67 35 38
68 35 43
69 36 45
70 37 39
71 37 46
72 40 47
73 41 42
74 41 46
75 42 44
76 43 45
77 43 47
78 48 50
79 48 62
80 49 59
81 49 52
82 50 53
83 51 60
84 51 58
85 52 63
86 54 63
87 55 57
88 56 60
89 57 63
90 58 62
91 61 63
92 62 63
93 64 76
94 65 69
95 66 69
96 66 76
97 66 71
98 66 72
99 67 73
100 67 79
101 68 75
102 68 74
103 68 79
104 70 79
105 71 81
106 72 78
107 72 83
108 74 77
109 78 82
110 79 82
111 80 81
112 84 89
113 84 92
114 85 97
115 86 95
116 86 90
117 87 96
118 88 93
119 89 99
120 90 98
121 90 91
122 91 97
123 91 92
124 91 96
125 93 100
126 94 98
127 96 100
128 101 103
129 101 114
130 101 109
131 102 115
132 102 116
133 102 117
134 104 107
135 104 111
136 104 113
137 104 109
138 105 114
139 106 117
140 107 108
141 109 115
142 110 112
143 110 116
144 118 127
145 118 123
146 119 125
147 120 132
148 120 124
149 121 130
150 121 131
151 122 127
152 123 129
153 123 132
154 124 133
155 125 131
156 125 129
157 126 128
158 128 133
159 134 144
160 135 141
161 135 150
162 136 142
163 136 140
164 136 148
165 137 145
166 138 146
167 138 147
168 138 141
169 139 142
170 140 144
171 140 145
172 141 148
173 142 143
174 149 150
175 151 164
176 151 154
177 152 155
178 153 156
179 153 161
180 153 163
181 154 161
182 155 157
183 157 162
184 158 159
185 159 163
186 160 161
187 162 164
188 163 165
189 166 182
190 166 169
191 166 177
192 167 175
193 167 168
194 168 178
195 169 178
196 169 171
197 170 173
198 170 171
199 171 183
200 172 176
201 172 177
202 172 179
203 174 181
204 174 177
205 179 180
206 179 184
207 185 196
208 185 197
209 185 199
210 186 188
211 186 195
212 187 193
213 187 195
214 189 192
215 190 192
216 191 193
217 192 198
218 194 195
219 194 199
220 195 198
221 200 207
222 200 204
223 200 205
224 201 213
225 201 202
226 202 212
227 203 209
228 203 207
229 204 212
230 204 215
231 205 216
232 205 218
233 206 216
234 208 210
235 208 217
236 211 217
237 211 215
238 214 216
239 219 229
240 219 233
241 220 226
242 221 224
243 222 223
244 223 227
245 224 231
246 224 233
247 225 226
248 225 231
249 226 227
250 227 228
251 229 230
252 230 232
253 234 246
254 235 241
255 236 244
256 237 240
257 237 239
258 238 242
259 238 245
260 238 249
261 239 247
262 240 243
263 241 249
264 242 246
265 243 248
266 244 249
267 245 247
0 92 56
1 94 49
2 95 60
3 92 49
4 86 60
5 95 49
6 91 60
7 88 48
8 96 48
9 87 58
10 86 55
11 86 49
12 87 57
13 94 63
14 90 48
15 89 62
16 100 50
17 95 57
18 86 58
19 86 49
20 88 56
21 98 49
22 97 50
23 91 58
24 86 51
25 99 50
26 93 63
27 84 58
28 97 55
29 95 61
30 103 148
31 105 139
32 117 136
33 106 138
34 116 138
35 104 137
36 110 149
37 115 135
38 109 144
39 102 139
40 101 147
41 105 143
42 102 145
43 116 140
44 103 143
45 102 145
46 109 134
47 104 135
48 107 142
49 103 146
50 115 137
51 116 147
52 111 136
53 106 134
54 113 149
55 109 138
56 105 146
57 107 139
58 110 147
59 117 150
60 96 131
61 87 126
62 85 131
63 96 125
64 85 126
65 92 129
66 99 132
67 91 120
68 90 121
69 95 118
70 85 125
71 84 126
72 93 122
73 87 127
74 99 119
75 90 126
76 86 119
77 95 122
78 99 119
79 87 120
80 99 131
81 94 124
82 97 122
83 87 131
84 98 127
85 88 118
86 89 125
87 89 121
88 97 128
89 93 133
90 245 155
91 244 161
92 244 163
93 235 161
94 240 159
95 234 151
96 243 157
97 249 163
98 246 157
99 247 164
100 245 152
101 248 161
102 235 159
103 246 161
104 238 153
105 238 156
106 239 161
107 238 151
108 248 152
109 238 155
110 243 157
111 242 153
112 240 162
113 234 151
114 235 163
115 241 164
116 243 157
117 245 152
118 242 162
119 234 161
120 33 40
121 37 36
122 34 31
123 36 41
124 45 32
125 38 37
126 41 36
127 46 38
128 37 38
129 42 34
130 38 47
131 31 42
132 44 45
133 35 46
134 35 44
135 36 41
136 41 36
137 33 43
138 32 37
139 31 34
140 178 124
141 166 124
142 179 131
143 169 131
144 184 128
145 178 123
146 173 130
147 171 127
148 179 122
149 183 126
150 175 120
151 174 127
152 170 126
153 171 132
154 179 120
155 176 126
156 180 122
157 175 126
158 178 127
159 174 122
160 167 124
161 173 132
162 167 126
163 170 121
164 166 124
165 167 132
166 178 133
167 179 129
168 181 118
169 173 125
170 171 174
171 168 177
172 183 182
173 184 171
174 184 176
175 178 177
176 171 172
177 184 173
178 173 176
179 166 179
180 175 181
181 168 182
182 181 180
183 167 166
184 172 173
185 178 182
186 170 167
187 181 183
188 175 182
189 167 180
190 133 138
191 119 146
192 132 143
193 122 147
194 120 135
195 120 141
196 125 144
197 120 141
198 131 149
199 119 146
200 118 148
201 130 147
202 133 138
203 126 138
204 121 142
205 133 144
206 131 145
207 124 143
208 131 146
209 130 135
210 127 150
211 131 139
212 131 144
213 127 138
214 124 147
215 132 143
216 120 148
217 131 145
218 126 142
219 128 144
220 28 96
221 28 97
222 18 91
223 19 100
224 15 100
225 29 88
226 16 84
227 12 88
228 30 92
229 28 99
230 30 87
231 24 85
232 29 92
233 18 88
234 13 84
235 13 96
236 22 99
237 29 90
238 15 85
239 23 85
240 26 93
241 27 94
242 18 96
243 21 100
244 30 88
245 12 91
246 27 85
247 27 84
248 27 88
249 26 93
250 167 243
251 167 234
252 174 245
253 181 237
254 178 236
255 183 241
256 170 237
257 168 243
258 169 243
259 180 248
260 171 247
261 168 247
262 169 241
263 180 246
264 184 234
265 170 237
266 166 243
267 182 240
268 169 245
269 170 248
270 166 248
271 175 241
272 173 248
273 183 236
274 174 241
275 175 241
276 171 243
277 166 243
278 181 246
279 171 236
280 132 235
281 127 236
282 129 240
283 119 246
284 118 242
285 126 240
286 128 240
287 118 242
288 119 234
289 130 234
290 118 239
291 120 238
292 118 241
293 123 238
294 130 247
295 120 240
296 126 236
297 125 237
298 130 247
299 122 236
300 129 236
301 125 236
302 118 235
303 133 247
304 122 246
305 123 249
306 124 243
307 126 249
308 124 235
309 127 241
310 95 112
311 97 115
312 96 112
313 88 108
314 93 114
315 85 117
316 84 102
317 99 102
318 89 114
319 92 115
320 88 105
321 90 114
322 88 106
323 90 113
324 96 110
325 92 109
326 99 113
327 85 106
328 87 107
329 86 113
330 89 110
331 95 108
332 97 110
333 98 103
334 91 105
335 96 115
336 97 108
337 85 103
338 100 108
339 93 116
340 205 178
341 216 173
342 202 174
343 216 172
344 206 180
345 206 180
346 217 181
347 217 167
348 209 181
349 218 180
350 216 182
351 214 171
352 205 178
353 212 169
354 209 178
355 206 176
356 218 171
357 206 169
358 216 173
359 205 174
360 200 181
361 210 180
362 206 183
363 211 176
364 210 175
365 209 175
366 209 171
367 206 179
368 206 184
369 205 183
370 243 117
371 245 110
372 249 115
373 241 107
374 242 102
375 241 116
376 246 114
377 237 105
378 238 106
379 236 103
380 234 116
381 235 101
382 249 104
383 240 103
384 237 101
385 248 112
386 248 108
387 244 112
388 240 111
389 239 102
390 240 113
391 234 113
392 238 105
393 237 117
394 247 101
395 235 108
396 243 108
397 235 114
398 245 112
399 242 111
400 157 183
401 153 176
402 163 179
403 153 179
404 156 171
405 159 167
406 162 181
407 153 184
408 160 176
409 155 167
410 165 167
411 158 174
412 156 166
413 165 176
414 165 173
415 159 178
416 161 172
417 160 168
418 151 173
419 160 169
420 151 174
421 151 168
422 160 179
423 156 177
424 165 171
425 157 181
426 155 176
427 163 167
428 152 181
429 160 172
430 117 100
431 113 99
432 116 87
433 104 91
434 105 100
435 115 85
436 111 84
437 107 98
438 111 98
439 106 92
440 101 84
441 113 85
442 106 84
443 102 84
444 108 96
445 101 99
446 108 100
447 106 90
448 102 99
449 104 88
450 109 99
451 105 93
452 108 96
453 101 84
454 115 87
455 109 94
456 116 90
457 117 97
458 117 86
459 111 87
460 156 209
461 154 201
462 154 205
463 152 213
464 152 207
465 162 206
466 151 205
467 160 202
468 165 215
469 164 211
470 163 203
471 165 213
472 151 206
473 159 209
474 152 214
475 157 212
476 161 214
477 161 203
478 163 210
479 153 202
480 159 202
481 156 211
482 161 208
483 165 201
484 156 212
485 161 217
486 154 204
487 162 207
488 151 204
489 152 205
490 249 23
491 237 28
492 247 25
493 246 15
494 239 22
495 247 13
496 244 24
497 239 29
498 248 28
499 234 23
500 243 30
501 248 28
502 240 20
503 238 27
504 246 20
505 235 14
506 241 21
507 243 28
508 247 18
509 240 20
510 244 21
511 243 24
512 235 16
513 241 21
514 248 28
515 241 13
516 241 25
517 243 16
518 236 15
519 235 30
520 133 151
521 119 164
522 122 157
523 124 151
524 129 162
525 130 156
526 123 153
527 118 154
528 124 162
529 131 156
530 119 155
531 119 155
532 121 155
533 122 160
534 118 164
535 129 155
536 119 164
537 124 164
538 132 165
539 133 156
540 121 162
541 120 153
542 122 163
543 133 159
544 120 159
545 122 153
546 127 165
547 127 151
548 129 165
549 129 152
550 77 51
551 79 58
552 75 61
553 66 61
554 76 55
555 68 53
556 64 60
557 71 49
558 80 51
559 65 48
560 73 51
561 69 63
562 68 58
563 71 56
564 70 54
565 67 48
566 80 56
567 79 56
568 65 48
569 82 61
570 76 57
571 82 52
572 71 54
573 75 61
574 82 53
575 81 60
576 83 56
577 80 48
578 73 51
579 65 55
580 61 233
581 58 233
582 52 233
583 58 225
584 54 221
585 61 233
586 53 224
587 56 227
588 59 225
589 60 225
590 60 227
591 59 232
592 50 232
593 57 225
594 54 233
595 50 220
596 63 227
597 57 222
598 60 227
599 52 222
600 48 224
601 59 224
602 62 226
603 56 228
604 63 227
605 60 219
606 63 231
607 56 225
608 55 221
609 58 230
610 144 222
611 141 231
612 146 228
613 142 231
614 150 224
615 146 230
616 141 224
617 144 232
618 145 231
619 136 221
620 140 228
621 147 222
622 136 219
623 135 226
624 146 223
625 145 225
626 136 223
627 135 227
628 143 225
629 148 231
630 144 222
631 142 224
632 148 219
633 141 220
634 146 220
635 145 232
636 148 220
637 144 221
638 146 227
639 141 221
640 115 245
641 116 240
642 113 242
643 104 247
644 106 248
645 116 237
646 114 243
647 101 240
648 114 240
649 111 239
650 108 245
651 117 248
652 115 235
653 112 240
654 104 248
655 114 248
656 107 234
657 106 241
658 117 249
659 113 242
660 101 240
661 110 239
662 102 247
663 117 246
664 111 235
665 109 234
666 107 234
667 113 234
668 107 240
669 103 248
670 57 136
671 53 147
672 58 149
673 54 147
674 61 146
675 57 150
676 59 147
677 61 135
678 53 150
679 51 136
680 48 138
681 55 135
682 50 143
683 48 140
684 53 141
685 59 138
686 57 136
687 55 139
688 53 146
689 55 146
690 63 139
691 55 142
692 55 146
693 54 146
694 50 145
695 52 141
696 50 149
697 63 137
698 49 149
699 61 145
700 221 14
701 226 15
702 228 25
703 219 24
704 229 15
705 222 18
706 230 20
707 232 21
708 231 20
709 223 20
710 232 13
711 228 12
712 231 13
713 230 22
714 233 26
715 223 20
716 223 28
717 221 19
718 222 12
719 222 29
720 220 29
721 226 28
722 221 26
723 228 30
724 230 18
725 219 17
726 231 28
727 227 29
728 220 25
729 228 29
730 38 207
731 47 216
732 43 210
733 35 203
734 31 203
735 43 213
736 45 217
737 37 217
738 35 209
739 45 205
740 39 201
741 46 218
742 37 218
743 47 200
744 40 214
745 38 201
746 36 207
747 45 207
748 37 205
749 44 207
750 46 200
751 38 209
752 45 212
753 42 218
754 40 206
755 47 215
756 46 210
757 40 207
758 36 211
759 45 211
760 167 136
761 170 146
762 172 150
763 184 138
764 184 138
765 169 146
766 169 148
767 170 144
768 179 138
769 169 139
770 181 146
771 169 135
772 170 144
773 172 147
774 169 136
775 173 134
776 167 135
777 167 138
778 171 149
779 166 147
780 169 137
781 182 142
782 174 148
783 180 138
784 167 139
785 173 137
786 166 149
787 179 145
788 182 143
789 180 140
790 234 53
791 244 49
792 249 54
793 247 56
794 235 62
795 234 48
796 249 48
797 245 50
798 241 55
799 246 62
800 240 54
801 235 63
802 238 59
803 241 54
804 238 50
805 240 48
806 235 58
807 234 48
808 241 51
809 241 57
810 241 56
811 239 56
812 236 51
813 243 48
814 247 61
815 246 61
816 249 56
817 234 61
818 247 61
819 246 62
820 25 26
821 20 13
822 16 20
823 26 13
824 17 15
825 24 30
826 26 14
827 12 21
828 24 30
829 21 24
830 27 28
831 21 23
832 24 29
833 27 12
834 14 22
835 14 19
836 15 29
837 24 22
838 21 20
839 15 14
840 12 13
841 176 50
842 180 62
843 175 48
844 168 60
845 166 63
846 170 53
847 181 60
848 170 50
849 183 56
850 171 54
851 182 49
852 182 50
853 168 48
854 167 60
855 182 60
856 166 59
857 173 62
858 180 55
859 166 63
860 168 53
861 169 56
862 173 51
863 169 50
864 183 48
865 175 54
866 178 56
867 184 53
868 177 56
869 178 48
870 176 63
871 79 62
872 75 57
873 76 51
874 81 53
875 65 50
876 70 62
877 77 59
878 70 58
879 72 58
880 80 57
881 78 48
882 66 48
883 64 56
884 69 54
885 72 61
886 75 50
887 64 49
888 78 55
889 81 59
890 74 54
891 77 56
892 71 58
893 81 59
894 65 51
895 77 49
896 73 51
897 66 60
898 71 54
899 82 53
900 78 53
901 214 201
902 202 203
903 209 205
904 204 217
905 209 214
906 207 212
907 216 215
908 209 200
909 202 217
910 200 206
911 205 215
912 207 202
913 202 208
914 213 214
915 208 216
916 211 206
917 205 210
918 204 210
919 218 209
920 200 123
921 205 123
922 208 130
923 205 131
924 209 125
925 208 130
926 205 120
927 211 130
928 216 133
929 205 126
930 211 125
931 215 123
932 211 127
933 207 121
934 203 132
935 216 128
936 203 124
937 200 128
938 207 118
939 205 125
940 201 119
941 217 123
942 206 128
943 203 132
944 201 133
945 207 123
946 211 126
947 213 118
948 208 130
949 201 123
950 190 0
951 191 8
952 193 11
953 191 3
954 199 6
955 187 5
956 186 3
957 193 3
958 190 1
959 193 10
960 186 3
961 197 1
962 198 2
963 186 11
964 192 6
965 189 10
966 190 7
967 186 7
968 196 7
969 194 6
970 197 10
971 199 9
972 199 7
973 190 6
974 199 8
975 193 5
976 189 2
977 189 1
978 197 0
979 61 130
980 54 132
981 63 119
982 57 130
983 58 131
984 50 129
985 51 130
986 50 132
987 56 125
988 53 129
989 52 118
990 55 118
991 52 122
992 59 130
993 63 127
994 60 122
995 57 128
996 62 120
997 56 130
998 49 131
999 49 118
1000 56 129
1001 55 132
1002 57 130
1003 58 132
1004 63 121
1005 59 126
1006 55 126
1007 51 126
1008 51 128
1009 216 213
1010 210 204
1011 214 210
1012 217 216
1013 212 205
1014 207 210
1015 202 207
1016 210 203
1017 207 206
1018 205 202
1019 217 200
1020 215 201
1021 205 201
1022 211 206
1023 213 215
1024 214 218
1025 202 218
1026 216 202
1027 210 204
1028 210 205
1029 215 209
1030 217 216
1031 206 201
1032 214 215
1033 200 214
1034 204 216
1035 203 22
1036 202 15
1037 216 30
1038 202 24
1039 207 26
1040 201 25
1041 217 23
1042 202 21
1043 212 27
1044 207 14
1045 206 30
1046 206 26
1047 211 16
1048 214 28
1049 217 22
1050 211 28
1051 203 18
1052 209 15
1053 206 12
1054 216 23
1055 206 22
1056 205 12
1057 201 27
1058 206 16
1059 203 25
1060 210 22
1061 214 23
1062 214 29
1063 213 23
1064 215 16
1065 77 103
1066 74 114
1067 67 104
1068 65 115
1069 74 103
1070 81 116
1071 81 107
1072 68 109
1073 68 115
1074 73 103
1075 65 110
1076 71 110
1077 74 111
1078 77 102
1079 79 105
1080 77 112
1081 74 108
1082 72 103
1083 64 110
1084 82 102
1085 76 110
1086 68 115
1087 82 102
1088 70 106
1089 67 106
1090 66 117
1091 81 101
1092 75 112
1093 76 107
1094 72 110
1095 39 171
1096 36 184
1097 36 170
1098 37 177
1099 36 179
1100 32 179
1101 46 167
1102 41 175
1103 45 184
1104 43 183
1105 41 177
1106 43 177
1107 38 176
1108 33 183
1109 39 166
1110 43 176
1111 45 178
1112 34 169
1113 46 171
1114 31 169
1115 43 173
1116 34 177
1117 45 166
1118 46 174
1119 35 168
1120 35 178
1121 38 177
1122 38 171
1123 41 172
1124 45 175
1125 163 238
1126 151 246
1127 154 243
1128 157 245
1129 156 245
1130 160 247
1131 163 241
1132 160 236
1133 163 247
1134 156 237
1135 161 240
1136 161 236
1137 158 243
1138 151 244
1139 160 237
1140 159 236
1141 153 235
1142 151 245
1143 155 243
1144 161 237
1145 155 249
1146 156 241
1147 157 249
1148 151 236
1149 157 248
1150 161 242
1151 165 242
1152 157 240
1153 153 246
1154 164 245
1155 205 179
1156 201 171
1157 206 177
1158 215 177
1159 213 178
1160 218 175
1161 208 184
1162 215 182
1163 216 170
1164 200 174
1165 213 176
1166 215 175
1167 213 176
1168 211 168
1169 201 184
1170 216 182
1171 208 182
1172 207 169
1173 207 184
1174 206 181
1175 205 172
1176 209 177
1177 202 171
1178 211 166
1179 216 174
1180 212 176
1181 213 173
1182 207 171
1183 201 182
1184 204 179
1185 149 20
1186 136 27
1187 136 30
1188 145 13
1189 148 20
1190 141 15
1191 148 16
1192 146 17
1193 143 23
1194 147 29
1195 149 26
1196 139 28
1197 149 29
1198 139 29
1199 140 21
1200 138 25
1201 143 23
1202 134 22
1203 149 22
1204 150 22
1205 137 17
1206 138 25
1207 137 17
1208 139 25
1209 144 26
1210 138 17
1211 144 29
1212 147 21
1213 148 28
1214 143 26
1215 226 71
1216 232 68
1217 228 80
1218 219 68
1219 221 76
1220 223 73
1221 220 67
1222 219 77
1223 233 79
1224 232 67
1225 227 67
1226 223 71
1227 225 76
1228 226 68
1229 221 76
1230 222 67
1231 222 82
1232 220 80
1233 228 65
1234 221 76
1235 227 69
1236 219 68
1237 219 73
1238 223 71
1239 223 79
1240 220 69
1241 223 69
1242 226 81
1243 220 74
1244 225 71
1245 227 158
1246 219 158
1247 231 158
1248 221 156
1249 230 165
1250 226 161
1251 222 163
1252 228 162
1253 231 164
1254 231 152
1255 230 157
1256 231 153
1257 222 157
1258 231 151
1259 220 155
1260 220 157
1261 227 161
1262 227 160
1263 233 162
1264 233 156
1265 221 159
1266 231 158
1267 228 165
1268 232 164
1269 233 152
1270 233 159
1271 226 156
1272 219 162
1273 223 152
1274 233 163
1275 111 96
1276 109 96
1277 108 100
1278 109 93
1279 116 86
1280 111 94
1281 108 87
1282 113 91
1283 111 96
1284 109 99
1285 102 95
1286 108 84
1287 116 100
1288 117 90
1289 104 98
1290 112 99
1291 101 87
1292 114 87
1293 101 93
1294 116 87
1295 109 95
1296 103 96
1297 105 93
1298 102 89
1299 115 99
1300 113 85
1301 111 95
1302 106 99
1303 105 90
1304 109 94
1305 191 231
1306 192 231
1307 185 226
1308 187 233
1309 199 224
1310 199 223
1311 199 221
1312 187 228
1313 198 227
1314 187 228
1315 191 227
1316 198 229
1317 191 227
1318 190 231
1319 190 228
1320 194 223
1321 191 225
1322 195 221
1323 193 220
1324 194 225
1325 190 227
1326 191 232
1327 196 227
1328 188 222
1329 186 221
1330 199 232
1331 187 219
1332 188 228
1333 188 220
1334 196 227
1335 90 134
1336 91 136
1337 100 134
1338 87 150
1339 97 148
1340 91 136
1341 89 144
1342 97 140
1343 100 149
1344 99 137
1345 97 146
1346 100 136
1347 84 146
1348 91 134
1349 99 150
1350 93 149
1351 84 134
1352 91 147
1353 88 135
1354 85 142
1355 87 136
1356 96 140
1357 92 150
1358 99 150
1359 92 141
1360 85 150
1361 97 135
1362 88 148
1363 98 144
1364 93 137
1365 66 169
1366 81 182
1367 74 179
1368 73 173
1369 83 175
1370 64 175
1371 77 170
1372 73 171
1373 64 174
1374 65 173
1375 78 171
1376 81 173
1377 76 174
1378 72 184
1379 78 166
1380 73 179
1381 83 178
1382 71 167
1383 64 174
1384 77 177
1385 72 176
1386 83 180
1387 82 176
1388 80 170
1389 68 178
1390 70 184
1391 76 181
1392 72 182
1393 65 178
1394 75 175
1395 24 93
1396 25 86
1397 16 85
1398 27 98
1399 20 94
1400 20 99
1401 26 88
1402 17 86
1403 20 92
1404 19 92
1405 20 90
1406 13 85
1407 17 94
1408 27 96
1409 30 97
1410 29 93
1411 14 100
1412 28 100
1413 18 88
1414 22 95
1415 23 93
1416 18 94
1417 13 90
1418 27 100
1419 19 94
1420 22 96
1421 20 93
1422 30 95
1423 12 92
1424 21 84
1425 77 39
1426 70 33
1427 73 47
1428 78 44
1429 82 47
1430 80 34
1431 79 34
1432 64 35
1433 77 32
1434 73 41
1435 81 32
1436 81 35
1437 78 43
1438 76 40
1439 67 41
1440 72 44
1441 70 38
1442 79 34
1443 80 46
1444 80 35
1445 65 36
1446 69 46
1447 78 31
1448 68 46
1449 76 37
1450 81 34
1451 70 40
1452 72 40
1453 71 40
1454 68 47
1455 238 5
1456 246 4
1457 244 8
1458 248 2
1459 238 7
1460 240 3
1461 235 11
1462 243 5
1463 236 9
1464 239 0
1465 236 10
1466 241 10
1467 245 8
1468 248 9
1469 234 1
1470 244 10
1471 240 3
1472 239 9
1473 242 5
1474 235 9
1475 235 11
1476 241 7
1477 249 9
1478 238 0
1479 237 2
1480 241 0
1481 240 10
1482 238 6
1483 133 178
1484 127 183
1485 130 168
1486 128 167
1487 122 166
1488 132 170
1489 123 177
1490 133 172
1491 121 175
1492 128 178
1493 126 174
1494 124 175
1495 119 166
1496 131 174
1497 125 170
1498 120 171
1499 122 177
1500 131 168
1501 132 181
1502 126 180
1503 120 180
1504 118 179
1505 130 167
1506 125 183
1507 121 170
1508 132 169
1509 127 168
1510 133 172
1511 130 171
1512 133 183
1513 31 218
1514 33 205
1515 47 207
1516 34 217
1517 42 211
1518 31 206
1519 47 207
1520 41 204
1521 39 208
1522 44 206
1523 36 218
1524 46 213
1525 44 213
1526 42 203
1527 46 207
1528 35 218
1529 33 205
1530 41 212
1531 46 206
1532 41 211
1533 46 208
1534 33 213
1535 34 206
1536 39 216
1537 47 210
1538 40 209
1539 31 215
1540 35 217
1541 39 208
1542 34 213
1543 233 245
1544 219 242
1545 220 242
1546 231 243
1547 227 246
1548 228 249
1549 224 243
1550 220 240
1551 230 243
1552 227 244
1553 224 245
1554 220 234
1555 227 243
1556 226 237
1557 224 249
1558 232 239
1559 225 239
1560 219 245
1561 229 239
1562 222 238
1563 223 246
1564 222 236
1565 222 247
1566 232 237
1567 233 244
1568 231 237
1569 222 243
1570 221 244
1571 219 238
1572 225 235
1573 190 7
1574 186 2
1575 186 1
1576 189 6
1577 189 10
1578 187 11
1579 188 4
1580 194 5
1581 186 2
1582 188 10
1583 196 1
1584 197 1
1585 198 8
1586 192 6
1587 187 5
1588 186 4
1589 194 9
1590 199 5
1591 197 5
1592 198 5
1593 196 6
1594 189 6
1595 193 1
1596 194 11
1597 196 2
1598 199 6
1599 189 8
1600 193 4
1601 187 9
1602 134 159
1603 141 153
1604 137 152
1605 136 163
1606 147 158
1607 141 164
1608 148 156
1609 145 156
1610 147 155
1611 137 163
1612 147 163
1613 141 151
1614 142 155
1615 144 162
1616 148 156
1617 142 162
1618 150 154
1619 140 164
1620 136 159
1621 144 163
1622 145 156
1623 148 159
1624 140 152
1625 145 152
1626 141 155
1627 145 158
1628 145 155
1629 149 158
1630 136 164
1631 140 152
1632 222 9
1633 232 7
1634 228 7
1635 222 0
1636 226 10
1637 230 5
1638 226 8
1639 221 0
1640 228 6
1641 229 2
1642 219 4
1643 220 3
1644 225 2
1645 221 9
1646 229 6
1647 227 6
1648 231 11
1649 219 2
1650 229 8
1651 221 8
1652 231 11
1653 225 10
1654 221 8
1655 233 1
1656 223 10
1657 231 5
1658 233 1
1659 230 9
1660 231 11
1661 212 34
1662 214 42
1663 216 31
1664 204 43
1665 203 40
1666 212 44
1667 214 31
1668 201 45
1669 209 37
1670 210 44
1671 214 40
1672 215 43
1673 211 32
1674 211 45
1675 216 44
1676 211 36
1677 213 34
1678 213 31
1679 212 43
1680 200 40
1681 213 37
1682 211 37
1683 209 44
1684 212 32
1685 211 37
1686 211 46
1687 218 35
1688 202 38
1689 218 35
1690 204 41
1691 116 2
1692 112 1
1693 102 7
1694 113 2
1695 115 7
1696 114 7
1697 111 9
1698 104 8
1699 114 8
1700 104 2
1701 110 2
1702 108 7
1703 112 3
1704 103 3
1705 117 7
1706 110 5
1707 117 3
1708 108 7
1709 115 3
1710 102 6
1711 104 11
1712 102 9
1713 116 0
1714 109 4
1715 106 3
1716 113 5
1717 110 11
1718 115 5
1719 116 7
1720 104 5
1721 32 186
1722 39 189
1723 47 195
1724 42 191
1725 38 193
1726 41 186
1727 44 197
1728 41 188
1729 39 198
1730 36 193
1731 36 186
1732 47 191
1733 35 189
1734 35 199
1735 31 198
1736 36 185
1737 42 192
1738 39 198
1739 40 186
1740 40 194
1741 34 187
1742 41 199
1743 35 199
1744 46 194
1745 41 194
1746 46 188
1747 31 186
1748 44 187
1749 32 196
1750 41 196
1751 37 53
1752 46 55
1753 46 61
1754 40 52
1755 45 62
1756 34 55
1757 34 53
1758 38 58
1759 35 61
1760 43 54
1761 38 63
1762 38 54
1763 37 55
1764 43 54
1765 42 56
1766 39 56
1767 42 57
1768 44 62
1769 41 60
1770 38 63
1771 37 61
1772 35 56
1773 47 50
1774 32 50
1775 37 51
1776 35 51
1777 39 62
1778 33 49
1779 45 62
1780 39 58
1781 218 204
1782 202 205
1783 208 206
1784 216 210
1785 216 217
1786 204 209
1787 214 215
1788 214 203
1789 213 204
1790 212 214
1791 212 206
1792 214 211
1793 210 207
1794 200 206
1795 217 213
1796 206 215
1797 208 202
1798 218 207
1799 210 207
1800 206 207
1801 202 208
1802 211 206
1803 206 210
1804 59 10
1805 53 2
1806 59 0
1807 60 10
1808 56 3
1809 53 10
1810 52 0
1811 61 2
1812 60 7
1813 49 5
1814 61 8
1815 50 3
1816 53 4
1817 63 8
1818 49 2
1819 63 1
1820 49 9
1821 51 3
1822 52 4
1823 49 5
1824 53 7
1825 48 5
1826 60 10
1827 58 11
1828 57 10
1829 51 4
1830 63 7
1831 60 7
1832 52 5
1833 54 0
1834 15 248
1835 14 235
1836 25 243
1837 24 238
1838 26 243
1839 21 244
1840 22 237
1841 18 247
1842 30 241
1843 22 236
1844 30 244
1845 16 248
1846 14 238
1847 21 234
1848 26 244
1849 23 241
1850 23 243
1851 25 249
1852 16 246
1853 19 242
1854 14 238
1855 12 241
1856 29 234
1857 26 242
1858 21 236
1859 26 244
1860 15 239
1861 30 238
1862 30 248
1863 16 239
1864 242 53
1865 247 56
1866 237 49
1867 239 48
1868 242 50
1869 237 57
1870 240 53
1871 235 49
1872 241 53
1873 239 56
1874 236 53
1875 241 59
1876 240 52
1877 236 63
1878 242 58
1879 248 50
1880 234 62
1881 237 53
1882 235 56
1883 243 63
1884 248 49
1885 243 56
1886 247 51
1887 249 49
1888 242 55
1889 247 61
1890 242 56
1891 244 60
1892 238 57
1893 242 58
1894 51 2
1895 54 2
1896 62 10
1897 52 3
1898 57 7
1899 51 6
1900 58 4
1901 52 4
1902 63 4
1903 61 8
1904 50 4
1905 53 1
1906 50 2
1907 56 11
1908 62 8
1909 53 6
1910 52 9
1911 63 5
1912 52 4
1913 58 5
1914 55 7
1915 49 2
1916 59 4
1917 54 7
1918 63 8
1919 58 1
1920 59 8
1921 59 11
1922 55 3
1923 9 106
1924 11 102
1925 10 117
1926 1 114
1927 0 104
1928 10 110
1929 10 101
1930 4 113
1931 5 113
1932 11 107
1933 10 107
1934 6 114
1935 1 104
1936 5 108
1937 8 110
1938 0 109
1939 11 108
1940 7 117
1941 8 112
1942 0 113
1943 8 109
1944 7 111
1945 6 109
1946 9 104
1947 6 109
1948 3 115
1949 3 112
1950 3 108
1951 3 109
1952 18 185
1953 19 196
1954 18 193
1955 27 187
1956 20 196
1957 29 192
1958 18 187
1959 26 197
1960 13 197
1961 25 189
1962 27 195
1963 17 198
1964 24 188
1965 26 193
1966 27 191
1967 20 191
1968 14 199
1969 12 186
1970 24 189
1971 18 193
1972 29 195
1973 17 192
1974 29 199
1975 30 195
1976 16 190
1977 23 191
1978 13 196
1979 24 192
1980 17 190
1981 16 187
1982 198 54
1983 195 56
1984 187 60
1985 188 63
1986 199 51
1987 195 50
1988 194 53
1989 191 58
1990 191 57
1991 192 59
1992 191 54
1993 193 61
1994 199 60
1995 185 54
1996 195 56
1997 195 50
1998 198 50
1999 197 48
2000 196 57
2001 186 59
2002 191 52
2003 195 61
2004 192 61
2005 195 51
2006 190 57
2007 195 50
2008 186 52
2009 193 56
2010 188 57
2011 189 59
2012 167 21
2013 167 14
2014 172 19
2015 180 12
2016 174 19
2017 168 20
2018 182 19
2019 182 15
2020 177 21
2021 174 13
2022 175 20
2023 183 21
2024 170 26
2025 173 21
2026 178 20
2027 182 27
2028 166 16
2029 177 27
2030 176 17
2031 182 19
2032 180 21
2033 173 24
2034 184 15
2035 182 13
2036 181 29
2037 175 17
2038 181 27
2039 184 17
2040 173 20
2041 170 14
2042 122 114
2043 118 106
2044 125 112
2045 126 105
2046 125 101
2047 129 111
2048 131 111
2049 120 104
2050 121 108
2051 126 117
2052 125 104
2053 125 113
2054 124 107
2055 124 113
2056 125 116
2057 126 108
2058 125 112
2059 121 101
2060 121 110
2061 127 104
2062 130 112
2063 124 115
2064 126 107
2065 128 104
2066 119 115
2067 118 116
2068 129 114
2069 121 112
2070 129 111
2071 129 113
2072 243 191
2073 243 186
2074 235 199
2075 240 188
2076 240 193
2077 243 198
2078 248 190
2079 245 191
2080 236 196
2081 249 192
2082 241 191
2083 246 195
2084 236 188
2085 243 198
2086 243 187
2087 235 194
2088 242 196
2089 247 197
2090 249 190
2091 248 188
2092 247 185
2093 238 190
2094 239 189
2095 245 187
2096 248 198
2097 247 193
2098 238 189
2099 238 196
2100 237 197
2101 243 188
2102 129 133
2103 128 130
2104 124 125
2105 130 129
2106 133 122
2107 126 122
2108 130 124
2109 124 122
2110 130 133
2111 123 130
2112 128 127
2113 118 124
2114 122 133
2115 122 123
2116 122 124
2117 126 121
2118 133 121
2119 130 127
2120 124 130
2121 133 122
2122 120 125
2123 123 131
2124 173 112
2125 168 114
2126 180 109
2127 184 117
2128 183 114
2129 166 115
2130 173 110
2131 171 115
2132 175 116
2133 167 116
2134 167 112
2135 178 106
2136 169 113
2137 174 101
2138 169 109
2139 172 108
2140 177 109
2141 168 114
2142 181 104
2143 181 108
2144 177 102
2145 175 114
2146 182 113
2147 175 109
2148 180 107
2149 184 116
2150 184 102
2151 168 116
2152 176 104
2153 166 108
2154 211 52
2155 202 60
2156 202 48
2157 214 48
2158 209 50
2159 211 50
2160 216 50
2161 206 57
2162 215 49
2163 212 59
2164 201 53
2165 207 57
2166 216 56
2167 217 50
2168 201 55
2169 204 55
2170 209 49
2171 204 55
2172 204 49
2173 209 48
2174 214 63
2175 214 50
2176 216 54
2177 207 58
2178 205 60
2179 210 56
2180 204 50
2181 211 60
2182 205 50
2183 206 49
2184 137 29
2185 149 17
2186 147 19
2187 146 26
2188 144 22
2189 148 23
2190 144 15
2191 148 20
2192 140 15
2193 147 25
2194 149 30
2195 140 23
2196 147 28
2197 134 24
2198 134 13
2199 145 12
2200 145 17
2201 146 27
2202 143 14
2203 147 24
2204 145 30
2205 141 23
2206 143 15
2207 144 17
2208 147 13
2209 148 26
2210 139 17
2211 148 16
2212 137 26
2213 147 21
2214 112 236
2215 105 240
2216 101 248
2217 113 240
2218 115 244
2219 102 239
2220 116 235
2221 109 243
2222 111 239
2223 104 247
2224 105 246
2225 103 241
2226 112 243
2227 110 234
2228 107 234
2229 115 244
2230 101 248
2231 117 238
2232 113 248
2233 111 239
2234 101 236
2235 115 234
2236 102 247
2237 101 240
2238 103 239
2239 117 238
2240 112 238
2241 102 245
2242 109 236
2243 111 247
2244 234 203
2245 243 208
2246 234 206
2247 249 203
2248 246 215
2249 246 207
2250 239 206
2251 245 204
2252 249 203
2253 243 208
2254 235 211
2255 248 212
2256 249 217
2257 248 210
2258 238 213
2259 245 202
2260 249 208
2261 238 205
2262 238 215
2263 246 211
2264 244 209
2265 249 212
2266 234 212
2267 248 208
2268 235 213
2269 239 206
2270 234 206
2271 243 210
2272 239 203
2273 247 209
2274 96 139
2275 97 145
2276 99 145
2277 87 137
2278 90 135
2279 92 139
2280 99 144
2281 98 146
2282 94 141
2283 90 147
2284 99 134
2285 85 144
2286 85 139
2287 88 139
2288 99 150
2289 95 137
2290 99 145
2291 85 146
2292 91 146
2293 86 144
2294 98 137
2295 87 135
2296 95 142
2297 92 143
2298 92 149
2299 100 145
2300 94 149
2301 100 149
2302 87 147
2303 89 143
2304 31 242
2305 47 244
2306 36 241
2307 31 236
2308 40 244
2309 36 243
2310 35 249
2311 33 239
2312 36 239
2313 40 236
2314 43 240
2315 46 247
2316 46 243
2317 31 247
2318 35 238
2319 47 240
2320 45 248
2321 46 242
2322 36 248
2323 43 240
2324 33 235
2325 41 246
2326 44 247
2327 45 248
2328 31 249
2329 44 238
2330 35 239
2331 40 244
2332 46 238
2333 39 236
2334 216 27
2335 200 21
2336 206 20
2337 215 22
2338 212 30
2339 212 15
2340 216 24
2341 212 24
2342 202 29
2343 214 18
2344 205 12
2345 214 21
2346 207 28
2347 206 16
2348 212 22
2349 201 20
2350 210 12
2351 207 26
2352 202 21
2353 203 21
2354 214 18
2355 206 28
2356 211 25
2357 207 16
2358 208 27
2359 204 24
2360 205 15
2361 211 17
2362 212 13
2363 203 23
2364 222 110
2365 227 103
2366 221 114
2367 226 111
2368 232 113
2369 233 107
2370 227 113
2371 225 109
2372 229 113
2373 225 108
2374 228 108
2375 223 116
2376 222 114
2377 223 107
2378 232 112
2379 219 104
2380 230 105
2381 226 103
2382 223 105
2383 233 107
2384 231 114
2385 229 107
2386 226 116
2387 220 104
2388 221 116
2389 225 111
2390 229 110
2391 230 111
2392 227 115
2393 219 106
2394 20 239
2395 23 245
2396 16 236
2397 30 240
2398 14 237
2399 18 244
2400 26 249
2401 20 244
2402 17 241
2403 23 240
2404 27 248
2405 27 242
2406 13 241
2407 25 245
2408 15 239
2409 21 244
2410 25 239
2411 27 238
2412 27 241
2413 30 242
2414 25 239
2415 24 240
2416 18 244
2417 19 244
2418 26 246
2419 16 240
2420 23 240
2421 18 247
2422 16 236
2423 18 244
2424 92 98
2425 95 85
2426 100 86
2427 92 95
2428 86 92
2429 95 91
2430 90 87
2431 85 90
2432 99 85
2433 97 94
2434 88 98
2435 88 95
2436 84 95
2437 93 90
2438 90 85
2439 91 88
2440 99 90
2441 94 86
2442 87 99
2443 88 94
2444 157 69
2445 152 75
2446 151 82
2447 165 74
2448 162 72
2449 155 79
2450 157 65
2451 156 83
2452 155 75
2453 159 73
2454 159 64
2455 157 70
2456 152 67
2457 156 66
2458 159 67
2459 159 70
2460 156 74
2461 154 82
2462 161 66
2463 160 65
2464 163 77
2465 165 70
2466 156 70
2467 160 69
2468 163 77
2469 156 73
2470 162 70
2471 158 74
2472 152 70
2473 159 73
2474 165 151
2475 164 158
2476 156 165
2477 162 153
2478 164 158
2479 158 164
2480 158 165
2481 152 151
2482 159 151
2483 159 156
2484 152 154
2485 154 165
2486 154 159
2487 154 156
2488 157 153
2489 159 160
2490 152 153
2491 164 163
2492 156 159
2493 153 164
2494 152 156
2495 162 161
2496 158 157
2497 96 234
2498 88 244
2499 86 248
2500 88 242
2501 91 247
2502 91 242
2503 93 246
2504 87 238
2505 91 238
2506 91 243
2507 93 242
2508 99 239
2509 95 243
2510 94 248
2511 97 249
2512 100 238
2513 93 243
2514 98 243
2515 100 234
2516 93 242
2517 94 248
2518 99 247
2519 91 246
2520 94 242
2521 90 248
2522 100 240
2523 84 239
2524 100 243
2525 86 239
2526 96 234
2527 120 115
2528 120 107
2529 123 101
2530 119 107
2531 122 103
2532 130 107
2533 124 116
2534 121 105
2535 119 109
2536 131 112
2537 127 117
2538 123 102
2539 125 104
2540 123 109
2541 126 110
2542 119 116
2543 124 109
2544 123 107
2545 126 112
2546 124 110
2547 125 106
2548 130 116
2549 130 116
2550 132 110
2551 119 111
2552 119 108
2553 128 106
2554 127 113
2555 125 111
2556 132 101
2557 112 223
2558 111 228
2559 107 225
2560 117 227
2561 103 232
2562 104 227
2563 108 225
2564 116 219
2565 110 229
2566 101 220
2567 108 228
2568 104 220
2569 112 224
2570 115 233
2571 105 219
2572 112 224
2573 106 229
2574 117 232
2575 115 233
2576 112 228
2577 111 230
2578 105 224
2579 113 227
2580 113 220
2581 102 232
2582 113 219
2583 103 231
2584 104 225
2585 103 229
2586 117 221
2587 220 95
2588 231 92
2589 229 90
2590 230 98
2591 227 100
2592 231 92
2593 223 86
2594 230 95
2595 221 91
2596 226 97
2597 222 85
2598 224 93
2599 229 96
2600 225 91
2601 228 92
2602 227 85
2603 225 99
2604 228 98
2605 221 94
2606 226 100
2607 219 86
2608 230 99
2609 221 100
2610 230 94
2611 224 93
2612 225 91
2613 226 98
2614 227 97
2615 225 85
2616 226 88
2617 13 124
2618 23 121
2619 20 131
2620 20 124
2621 26 131
2622 26 133
2623 30 131
2624 18 124
2625 17 131
2626 21 129
2627 18 133
2628 24 133
2629 28 120
2630 20 118
2631 15 131
2632 16 118
2633 26 124
2634 24 130
2635 23 128
2636 20 120
2637 27 131
2638 14 133
2639 26 121
2640 29 130
2641 30 127
2642 24 132
2643 24 132
2644 25 128
2645 23 131
2646 23 133
2647 59 3
2648 60 3
2649 54 10
2650 63 6
2651 59 8
2652 57 7
2653 56 8
2654 54 2
2655 54 8
2656 59 0
2657 61 9
2658 48 1
2659 49 2
2660 52 8
2661 50 7
2662 60 3
2663 60 6
2664 55 6
2665 49 0
2666 52 4
2667 59 3
2668 58 8
2669 62 4
2670 51 3
2671 56 2
2672 51 3
2673 59 10
2674 49 0
2675 63 5
2676 241 44
2677 244 47
2678 235 47
2679 236 40
2680 237 37
2681 238 47
2682 234 40
2683 247 42
2684 236 38
2685 238 34
2686 234 46
2687 241 33
2688 239 34
2689 234 42
2690 243 46
2691 241 43
2692 247 46
2693 242 34
2694 239 37
2695 245 38
2696 242 34
2697 237 34
2698 244 38
2699 248 37
2700 238 46
2701 235 43
2702 245 45
2703 238 35
2704 234 31
2705 249 39
2706 123 188
2707 131 193
2708 130 187
2709 126 194
2710 120 192
2711 128 195
2712 121 188
2713 133 186
2714 118 191
2715 126 198
2716 127 197
2717 126 194
2718 120 195
2719 124 197
2720 124 186
2721 118 191
2722 128 188
2723 128 193
2724 130 195
2725 128 198
2726 131 193
2727 123 187
2728 128 185
2729 124 190
2730 119 196
2731 129 191
2732 132 195
2733 122 194
2734 132 188
2735 119 197
2736 221 59
2737 229 54
2738 231 56
2739 228 62
2740 233 61
2741 225 49
2742 220 60
2743 231 52
2744 226 55
2745 222 51
2746 231 51
2747 220 49
2748 221 53
2749 219 49
2750 224 61
2751 229 57
2752 231 51
2753 233 57
2754 230 51
2755 229 56
2756 225 58
2757 224 62
2758 222 50
2759 231 52
2760 227 53
2761 219 55
2762 232 50
2763 225 54
2764 220 52
2765 222 63
2766 90 63
2767 99 60
2768 96 51
2769 92 52
2770 100 58
2771 99 61
2772 87 57
2773 100 55
2774 89 50
2775 90 51
2776 87 52
2777 97 48
2778 98 61
2779 100 58
2780 93 52
2781 98 50
2782 96 61
2783 89 48
2784 90 57
2785 98 59
2786 100 58
2787 91 50
2788 100 50
2789 88 58
2790 92 61
2791 98 57
2792 97 48
2793 85 62
2794 100 49
2795 95 51
2796 212 152
2797 205 162
2798 211 156
2799 209 165
2800 215 157
2801 203 162
2802 204 151
2803 208 155
2804 216 159
2805 208 160
2806 212 155
2807 205 161
2808 218 164
2809 206 158
2810 206 152
2811 215 153
2812 202 156
2813 212 163
2814 213 163
2815 205 165
2816 205 158
2817 216 155
2818 211 155
2819 209 162
2820 216 164
2821 203 153
2822 214 165
2823 201 152
2824 205 162
2825 208 156
2826 171 131
2827 177 133
2828 174 122
2829 176 119
2830 180 132
2831 179 124
2832 174 122
2833 168 127
2834 181 130
2835 179 120
2836 179 123
2837 170 133
2838 166 127
2839 167 118
2840 177 123
2841 183 120
2842 170 130
2843 169 131
2844 184 126
2845 183 131
2846 179 119
2847 179 119
2848 177 125
2849 171 123
2850 168 128
2851 181 127
2852 167 120
2853 168 132
2854 170 132
2855 180 119
2856 238 94
2857 249 94
2858 235 99
2859 236 87
2860 245 84
2861 242 99
2862 239 96
2863 244 95
2864 247 92
2865 238 96
2866 235 86
2867 235 84
2868 235 91
2869 239 91
2870 237 95
2871 234 88
2872 234 86
2873 247 95
2874 248 90
2875 238 98
2876 238 98
2877 244 86
2878 248 85
2879 242 87
2880 247 85
2881 234 97
2882 247 92
2883 240 95
2884 235 88
2885 238 99
2886 165 47
2887 156 42
2888 160 34
2889 155 39
2890 165 40
2891 161 34
2892 162 46
2893 156 47
2894 159 35
2895 153 43
2896 165 44
2897 153 34
2898 165 44
2899 156 36
2900 159 33
2901 164 37
2902 157 32
2903 153 47
2904 158 40
2905 159 41
2906 155 35
2907 164 46
2908 165 37
2909 157 40
2910 152 41
2911 159 35
2912 152 39
2913 151 35
2914 165 41
2915 161 34
