275 292 10 2916
0 6
1 5
2 6
3 7
4 8
5 6
6 6
7 8
8 6
9 11
10 8
11 5
12 3
13 5
14 3
15 4
16 3
17 4
18 3
19 3
20 4
21 3
22 4
23 3
24 3
25 3
26 5
27 6
28 3
29 4
30 3
31 3
32 4
33 3
34 3
35 3
36 3
37 3
38 3
39 3
40 3
41 3
42 5
43 3
44 4
45 3
46 5
47 3
48 3
49 3
50 3
51 3
52 3
53 4
54 3
55 5
56 5
57 3
58 3
59 3
60 3
61 3
62 3
63 3
64 3
65 4
66 3
67 3
68 3
69 3
70 3
71 3
72 3
73 5
74 3
75 5
76 5
77 3
78 6
79 3
80 6
81 4
82 4
83 3
84 3
85 3
86 3
87 3
88 5
89 6
90 3
91 3
92 4
93 3
94 4
95 3
96 4
97 3
98 3
99 4
100 3
101 3
102 3
103 5
104 5
105 3
106 4
107 3
108 3
109 3
110 3
111 3
112 3
113 7
114 3
115 5
116 3
117 3
118 3
119 4
120 3
121 3
122 3
123 3
124 3
125 3
126 3
127 3
128 3
129 4
130 3
131 4
132 3
133 5
134 3
135 3
136 3
137 3
138 3
139 3
140 3
141 5
142 3
143 3
144 3
145 3
146 4
147 4
148 5
149 3
150 4
151 3
152 6
153 3
154 3
155 3
156 3
157 3
158 4
159 3
160 3
161 3
162 3
163 4
164 3
165 5
166 4
167 3
168 3
169 4
170 3
171 3
172 5
173 3
174 3
175 3
176 3
177 3
178 3
179 3
180 3
181 3
182 3
183 3
184 4
185 3
186 3
187 4
188 3
189 4
190 3
191 4
192 3
193 3
194 3
195 4
196 5
197 4
198 4
199 3
200 5
201 3
202 3
203 3
204 3
205 4
206 3
207 3
208 4
209 3
210 3
211 3
212 3
213 3
214 3
215 4
216 3
217 3
218 4
219 3
220 3
221 3
222 5
223 3
224 3
225 3
226 3
227 3
228 3
229 5
230 3
231 3
232 3
233 3
234 3
235 5
236 7
237 3
238 4
239 3
240 4
241 3
242 6
243 3
244 3
245 4
246 4
247 3
248 3
249 3
250 3
251 3
252 4
253 3
254 3
255 4
256 5
257 3
258 3
259 3
260 4
261 4
262 3
263 3
264 3
265 3
266 4
267 3
268 3
269 4
270 3
271 3
272 3
273 3
274 3
0 0 2
1 0 4
2 0 7
3 0 8
4 0 10
5 0 11
6 1 8
7 1 9
8 1 27
9 1 202
10 2 4
11 2 5
12 2 9
13 2 132
14 3 5
15 3 6
16 3 8
17 3 10
18 3 11
19 3 255
20 4 6
21 4 9
22 4 10
23 4 11
24 4 166
25 5 6
26 5 9
27 5 10
28 6 8
29 6 147
30 7 9
31 7 10
32 7 11
33 7 12
34 7 62
35 7 112
36 8 9
37 8 42
38 9 10
39 9 94
40 9 236
41 10 185
42 10 219
43 11 78
44 12 23
45 13 24
46 13 20
47 13 15
48 14 26
49 15 26
50 16 22
51 17 25
52 17 21
53 18 22
54 19 20
55 20 23
56 20 21
57 22 26
58 27 35
59 27 40
60 27 28
61 28 39
62 29 30
63 29 32
64 31 33
65 31 40
66 32 39
67 32 41
68 34 36
69 34 41
70 35 37
71 38 41
72 42 55
73 42 56
74 43 60
75 44 52
76 44 49
77 45 55
78 46 50
79 46 54
80 46 49
81 46 61
82 47 59
83 48 52
84 49 51
85 52 56
86 53 58
87 53 55
88 56 57
89 56 59
90 56 60
91 62 65
92 62 77
93 63 73
94 64 65
95 65 67
96 65 75
97 66 73
98 66 70
99 68 71
100 68 73
101 69 73
102 70 75
103 72 76
104 74 76
105 75 76
106 78 83
107 78 92
108 78 80
109 79 88
110 80 90
111 80 81
112 80 88
113 81 91
114 82 84
115 82 89
116 85 89
117 86 92
118 87 91
119 88 89
120 89 93
121 94 103
122 95 99
123 95 98
124 96 104
125 96 103
126 97 107
127 97 110
128 98 102
129 99 108
130 99 106
131 100 108
132 101 102
133 101 104
134 103 105
135 104 109
136 105 111
137 106 110
138 112 113
139 113 117
140 113 118
141 113 124
142 113 130
143 113 127
144 114 115
145 114 126
146 114 129
147 115 116
148 115 120
149 118 121
150 119 125
151 119 129
152 122 128
153 122 129
154 122 131
155 123 126
156 127 131
157 132 146
158 133 138
159 133 139
160 133 146
161 134 144
162 135 145
163 136 146
164 137 142
165 137 141
166 139 141
167 139 145
168 140 145
169 141 144
170 143 146
171 147 161
172 147 165
173 148 150
174 148 163
175 148 152
176 149 152
177 150 159
178 151 154
179 152 160
180 152 165
181 153 158
182 154 157
183 155 161
184 156 164
185 156 163
186 157 160
187 158 165
188 162 165
189 166 167
190 166 173
191 168 182
192 168 183
193 169 177
194 169 180
195 169 184
196 170 171
197 171 179
198 172 175
199 172 179
200 172 178
201 173 183
202 173 184
203 174 176
204 174 184
205 178 181
206 181 184
207 185 191
208 186 189
209 187 194
210 187 196
211 187 198
212 188 201
213 189 190
214 190 195
215 191 197
216 192 193
217 192 200
218 193 197
219 195 200
220 196 199
221 196 200
222 198 201
223 202 216
224 203 217
225 204 214
226 204 215
227 205 207
228 205 211
229 205 213
230 206 208
231 207 208
232 209 216
233 209 218
234 210 212
235 210 215
236 213 215
237 213 218
238 214 217
239 219 231
240 220 229
241 221 224
242 221 231
243 221 226
244 222 227
245 222 223
246 222 235
247 223 234
248 224 225
249 226 230
250 228 235
251 229 233
252 229 230
253 230 235
254 232 235
255 236 247
256 236 240
257 236 253
258 236 254
259 237 252
260 237 245
261 238 243
262 238 245
263 238 242
264 239 246
265 240 242
266 241 250
267 242 250
268 242 251
269 244 252
270 246 248
271 246 253
272 248 249
273 255 267
274 256 270
275 256 273
276 256 261
277 257 268
278 257 274
279 258 260
280 259 271
281 260 269
282 260 268
283 261 263
284 262 270
285 263 266
286 264 268
287 265 266
288 265 269
289 266 272
290 267 269
291 270 271
0 266 54
1 265 58
2 258 48
3 269 48
4 259 55
5 270 47
6 271 42
7 263 61
8 266 43
9 273 60
10 255 46
11 264 59
12 269 48
13 266 47
14 262 46
15 256 49
16 255 49
17 256 56
18 256 60
19 273 48
20 270 44
21 263 59
22 266 44
23 261 46
24 265 54
25 269 50
26 269 45
27 274 57
28 270 48
29 260 45
30 28 45
31 30 50
32 33 46
33 30 43
34 30 48
35 34 45
36 40 60
37 34 53
38 28 51
39 33 43
40 41 51
41 36 55
42 39 51
43 34 45
44 34 53
45 37 44
46 37 58
47 41 58
48 30 52
49 35 53
50 38 59
51 32 43
52 31 46
53 30 42
54 36 44
55 33 56
56 39 48
57 40 51
58 32 52
59 36 54
60 55 16
61 56 23
62 44 20
63 55 15
64 57 21
65 55 19
66 44 17
67 46 23
68 44 20
69 53 26
70 51 22
71 44 15
72 45 17
73 54 26
74 48 22
75 61 13
76 51 25
77 52 13
78 54 23
79 53 24
80 51 23
81 44 14
82 57 15
83 42 17
84 49 25
85 52 24
86 42 12
87 56 25
88 48 20
89 47 22
90 262 114
91 258 121
92 264 120
93 259 126
94 267 128
95 258 114
96 259 116
97 267 129
98 273 115
99 260 113
100 272 118
101 257 116
102 260 117
103 269 119
104 267 118
105 264 125
106 264 130
107 267 116
108 266 128
109 259 128
110 263 113
111 266 119
112 269 125
113 264 123
114 271 118
115 257 120
116 262 118
117 258 130
118 272 131
119 264 116
120 56 165
121 46 157
122 50 147
123 47 151
124 52 147
125 54 149
126 58 165
127 48 156
128 49 165
129 58 152
130 50 158
131 55 159
132 56 155
133 60 165
134 46 147
135 45 155
136 59 155
137 57 152
138 49 165
139 61 151
140 42 150
141 56 164
142 55 157
143 60 155
144 55 153
145 46 152
146 53 147
147 53 149
148 51 159
149 43 159
150 63 74
151 63 74
152 73 76
153 71 62
154 64 71
155 68 65
156 62 74
157 63 65
158 68 76
159 64 77
160 76 62
161 68 72
162 76 71
163 77 66
164 66 72
165 76 64
166 68 75
167 72 70
168 67 73
169 65 71
170 168 118
171 182 129
172 170 118
173 169 120
174 174 129
175 182 123
176 171 117
177 176 116
178 173 119
179 179 114
180 176 118
181 174 116
182 174 113
183 183 119
184 182 114
185 169 124
186 167 112
187 175 122
188 172 116
189 167 120
190 173 112
191 174 125
192 168 130
193 166 117
194 170 130
195 180 125
196 169 128
197 177 120
198 178 124
199 176 125
200 197 216
201 186 215
202 195 202
203 200 211
204 189 218
205 189 203
206 191 214
207 197 202
208 186 216
209 196 218
210 199 209
211 199 218
212 192 207
213 198 207
214 194 207
215 199 203
216 192 217
217 199 206
218 196 207
219 195 209
220 188 215
221 187 205
222 194 218
223 195 217
224 194 206
225 187 211
226 192 213
227 186 208
228 186 205
229 193 216
230 222 213
231 232 216
232 231 213
233 220 216
234 232 204
235 223 202
236 229 209
237 235 203
238 224 208
239 225 217
240 235 209
241 219 202
242 232 216
243 228 212
244 234 205
245 227 215
246 229 211
247 229 209
248 233 208
249 229 211
250 223 205
251 219 203
252 232 211
253 227 210
254 231 218
255 233 208
256 219 202
257 231 213
258 235 209
259 229 204
260 274 103
261 274 111
262 260 109
263 270 107
264 265 102
265 261 95
266 260 107
267 262 97
268 262 99
269 271 103
270 257 96
271 260 99
272 257 96
273 257 104
274 256 109
275 261 103
276 265 107
277 260 96
278 263 100
279 258 111
280 256 105
281 259 100
282 274 103
283 273 106
284 259 99
285 266 95
286 259 102
287 258 103
288 257 103
289 272 102
290 34 145
291 39 143
292 41 140
293 38 132
294 38 146
295 35 134
296 40 133
297 36 139
298 29 137
299 38 142
300 37 134
301 35 133
302 34 141
303 32 145
304 32 141
305 28 139
306 34 133
307 28 144
308 31 141
309 37 144
310 35 141
311 34 140
312 39 137
313 40 137
314 28 138
315 35 132
316 37 142
317 27 133
318 39 136
319 37 140
320 142 238
321 139 236
322 142 252
323 132 241
324 145 239
325 140 247
326 134 248
327 133 242
328 145 236
329 135 239
330 142 237
331 142 244
332 143 252
333 145 254
334 140 252
335 142 245
336 146 244
337 134 246
338 134 240
339 141 252
340 145 243
341 141 252
342 139 238
343 138 250
344 146 243
345 136 246
346 139 251
347 132 244
348 145 243
349 139 244
350 184 238
351 179 238
352 168 246
353 171 251
354 178 238
355 184 241
356 180 241
357 173 248
358 176 243
359 174 252
360 166 239
361 168 238
362 175 253
363 171 249
364 170 247
365 166 243
366 183 239
367 182 240
368 182 238
369 175 236
370 179 248
371 175 245
372 169 243
373 175 253
374 169 236
375 166 251
376 175 238
377 179 242
378 171 239
379 176 252
380 38 140
381 36 140
382 31 146
383 28 136
384 36 146
385 36 134
386 39 145
387 39 137
388 40 146
389 33 138
390 38 141
391 36 140
392 28 136
393 28 138
394 34 146
395 32 133
396 38 132
397 32 143
398 30 139
399 31 139
400 34 140
401 41 146
402 32 143
403 36 137
404 29 140
405 27 141
406 33 145
407 29 139
408 27 138
409 27 135
410 158 95
411 164 108
412 154 100
413 161 106
414 163 100
415 148 101
416 151 108
417 159 96
418 152 100
419 157 107
420 154 96
421 157 96
422 150 103
423 147 100
424 164 101
425 164 109
426 154 107
427 147 105
428 153 105
429 165 95
430 165 110
431 156 109
432 151 108
433 156 107
434 154 109
435 161 111
436 150 104
437 163 95
438 163 103
439 162 102
440 256 91
441 262 80
442 259 82
443 261 85
444 274 78
445 269 89
446 271 84
447 274 86
448 267 85
449 263 87
450 272 81
451 259 79
452 262 88
453 264 88
454 268 86
455 269 79
456 263 82
457 272 89
458 267 80
459 261 91
460 268 82
461 268 84
462 269 89
463 273 83
464 273 93
465 257 88
466 261 83
467 266 93
468 263 84
469 265 86
470 198 203
471 199 218
472 189 204
473 192 203
474 191 217
475 195 213
476 188 202
477 195 209
478 195 203
479 191 214
480 201 206
481 200 203
482 198 218
483 190 204
484 197 215
485 193 204
486 189 213
487 195 202
488 199 211
489 185 205
490 193 204
491 185 217
492 194 213
493 192 202
494 200 213
495 189 214
496 194 215
497 191 202
498 193 211
499 193 214
500 138 195
501 145 198
502 138 190
503 133 190
504 139 199
505 142 198
506 136 197
507 144 199
508 137 185
509 134 195
510 135 199
511 143 188
512 132 192
513 134 188
514 140 198
515 134 192
516 143 186
517 143 194
518 146 194
519 135 194
520 143 190
521 144 198
522 139 200
523 133 187
524 144 186
525 139 189
526 132 188
527 140 192
528 143 197
529 143 195
530 52 244
531 55 250
532 52 247
533 59 253
534 54 239
535 58 240
536 53 249
537 52 240
538 45 240
539 44 243
540 50 248
541 54 245
542 60 252
543 49 253
544 61 241
545 42 237
546 52 249
547 42 236
548 58 239
549 45 245
550 54 251
551 50 244
552 60 236
553 45 243
554 51 246
555 42 251
556 56 250
557 42 251
558 60 244
559 52 244
560 22 194
561 23 192
562 18 193
563 17 187
564 13 187
565 20 188
566 17 200
567 15 195
568 23 188
569 25 190
570 19 190
571 22 200
572 12 191
573 13 200
574 23 185
575 25 187
576 24 198
577 25 193
578 17 196
579 19 197
580 20 190
581 21 195
582 13 199
583 23 195
584 17 189
585 23 197
586 19 190
587 22 194
588 24 187
589 14 198
590 99 227
591 110 227
592 97 232
593 104 220
594 106 222
595 96 224
596 101 224
597 104 219
598 105 222
599 108 235
600 104 219
601 95 227
602 98 223
603 111 220
604 111 228
605 105 231
606 95 229
607 101 223
608 110 222
609 106 224
610 109 235
611 95 230
612 101 234
613 96 230
614 101 235
615 101 219
616 95 226
617 95 231
618 110 220
619 108 235
620 214 115
621 202 128
622 210 120
623 209 112
624 207 129
625 217 116
626 210 113
627 209 121
628 213 124
629 213 112
630 204 123
631 210 131
632 214 127
633 218 114
634 204 113
635 215 129
636 211 113
637 208 130
638 208 117
639 217 121
640 216 123
641 213 126
642 216 118
643 212 130
644 218 125
645 213 123
646 217 129
647 203 125
648 207 114
649 213 131
650 128 37
651 118 37
652 127 28
653 112 41
654 113 33
655 115 29
656 120 39
657 116 37
658 117 35
659 118 33
660 130 41
661 124 34
662 128 36
663 120 29
664 114 35
665 130 28
666 128 36
667 121 34
668 114 30
669 121 31
670 129 41
671 120 33
672 112 40
673 128 37
674 129 27
675 116 36
676 124 32
677 124 28
678 121 40
679 124 28
680 32 60
681 38 43
682 39 55
683 29 57
684 30 55
685 30 50
686 36 53
687 35 49
688 35 51
689 27 54
690 38 57
691 28 58
692 34 45
693 33 42
694 38 42
695 30 59
696 31 46
697 28 51
698 32 52
699 28 44
700 28 47
701 27 47
702 34 47
703 27 50
704 41 42
705 28 42
706 40 43
707 37 53
708 37 54
709 32 50
710 23 128
711 17 131
712 21 113
713 24 130
714 20 123
715 19 121
716 14 125
717 25 126
718 22 130
719 22 128
720 26 131
721 17 113
722 19 122
723 24 124
724 22 112
725 23 127
726 26 119
727 21 124
728 21 120
729 15 115
730 20 131
731 15 117
732 25 116
733 23 129
734 23 126
735 24 118
736 12 119
737 25 125
738 24 123
739 12 125
740 117 37
741 131 33
742 114 28
743 130 39
744 126 30
745 115 37
746 119 30
747 116 37
748 124 41
749 128 36
750 127 30
751 127 40
752 123 35
753 113 41
754 127 28
755 121 34
756 131 28
757 129 32
758 131 36
759 114 35
760 117 33
761 124 35
762 131 41
763 125 28
764 125 29
765 126 37
766 129 31
767 115 37
768 126 29
769 119 36
770 18 221
771 25 227
772 26 232
773 26 220
774 22 220
775 23 224
776 21 232
777 20 228
778 20 229
779 17 233
780 21 232
781 19 233
782 16 235
783 13 233
784 19 234
785 19 234
786 22 222
787 17 230
788 12 222
789 18 234
790 18 232
791 19 234
792 25 223
793 18 219
794 24 221
795 14 223
796 25 228
797 14 220
798 26 223
799 13 223
800 37 145
801 28 141
802 40 140
803 30 137
804 38 136
805 31 136
806 41 142
807 37 137
808 41 132
809 29 142
810 38 132
811 40 138
812 32 137
813 34 144
814 41 138
815 35 143
816 41 134
817 35 133
818 41 132
819 38 142
820 31 134
821 33 145
822 37 137
823 37 144
824 41 136
825 35 132
826 41 136
827 31 142
828 36 146
829 36 132
830 271 100
831 265 95
832 255 95
833 267 106
834 268 94
835 263 100
836 268 95
837 273 97
838 260 102
839 260 100
840 264 98
841 258 102
842 271 97
843 270 103
844 269 95
845 259 100
846 268 104
847 270 108
848 271 97
849 274 110
850 255 107
851 266 101
852 260 104
853 259 98
854 263 106
855 270 101
856 270 106
857 263 97
858 265 109
859 274 109
860 116 26
861 114 17
862 123 22
863 115 25
864 114 24
865 129 15
866 128 21
867 116 20
868 130 18
869 131 19
870 114 18
871 125 26
872 118 22
873 126 14
874 115 14
875 112 13
876 127 26
877 118 25
878 128 20
879 117 26
880 126 16
881 117 23
882 116 17
883 130 22
884 119 17
885 125 16
886 121 21
887 120 14
888 122 13
889 128 24
890 3 137
891 1 144
892 5 138
893 9 138
894 7 136
895 0 139
896 3 133
897 3 143
898 3 144
899 9 139
900 2 134
901 0 141
902 6 146
903 2 136
904 11 139
905 5 134
906 0 140
907 10 146
908 7 138
909 0 137
910 10 144
911 11 140
912 1 136
913 4 143
914 2 139
915 10 144
916 6 134
917 4 138
918 10 142
919 9 135
920 272 206
921 258 205
922 272 205
923 257 214
924 271 206
925 255 202
926 268 215
927 258 206
928 272 205
929 256 213
930 273 212
931 265 212
932 258 212
933 258 202
934 273 207
935 255 205
936 262 205
937 264 202
938 262 213
939 268 202
940 262 204
941 267 207
942 260 202
943 274 213
944 270 211
945 263 204
946 263 217
947 273 209
948 256 209
949 256 203
950 8 231
951 2 232
952 11 220
953 6 231
954 10 230
955 9 227
956 6 224
957 9 230
958 10 229
959 9 234
960 8 230
961 0 232
962 5 234
963 4 220
964 7 224
965 6 227
966 11 228
967 6 228
968 11 222
969 11 229
970 6 228
971 11 232
972 11 220
973 8 224
974 4 224
975 8 225
976 0 235
977 10 233
978 270 19
979 274 21
980 264 21
981 272 18
982 258 16
983 255 19
984 265 14
985 255 24
986 262 16
987 274 25
988 268 21
989 265 25
990 273 19
991 256 19
992 257 15
993 269 16
994 265 26
995 270 17
996 266 26
997 255 13
998 260 12
999 272 14
1000 272 16
1001 260 19
1002 268 24
1003 271 16
1004 273 17
1005 259 26
1006 271 20
1007 255 13
1008 115 4
1009 120 0
1010 129 3
1011 114 7
1012 123 0
1013 130 3
1014 127 11
1015 124 8
1016 126 4
1017 123 3
1018 114 6
1019 129 2
1020 119 1
1021 122 9
1022 115 4
1023 113 11
1024 118 10
1025 119 6
1026 131 8
1027 128 5
1028 119 5
1029 123 10
1030 121 5
1031 122 0
1032 113 11
1033 117 2
1034 121 2
1035 130 2
1036 129 1
1037 114 2
1038 92 252
1039 81 253
1040 82 254
1041 84 242
1042 92 254
1043 91 239
1044 93 236
1045 84 236
1046 79 243
1047 82 241
1048 80 252
1049 86 238
1050 79 252
1051 81 246
1052 88 252
1053 90 239
1054 78 252
1055 91 249
1056 89 239
1057 93 248
1058 84 253
1059 91 248
1060 82 246
1061 89 239
1062 92 238
1063 87 252
1064 83 238
1065 82 248
1066 80 249
1067 92 245
1068 269 71
1069 266 77
1070 272 71
1071 263 70
1072 273 69
1073 264 67
1074 273 74
1075 255 71
1076 257 68
1077 269 73
1078 273 65
1079 261 63
1080 274 75
1081 272 71
1082 259 73
1083 269 67
1084 258 67
1085 256 65
1086 261 73
1087 264 67
1088 261 66
1089 263 71
1090 267 65
1091 264 68
1092 273 68
1093 260 73
1094 266 71
1095 266 65
1096 266 67
1097 257 68
1098 210 252
1099 214 237
1100 218 248
1101 202 243
1102 213 236
1103 216 250
1104 214 240
1105 202 253
1106 202 243
1107 214 247
1108 205 242
1109 206 242
1110 215 238
1111 203 249
1112 210 253
1113 212 252
1114 208 244
1115 216 253
1116 212 241
1117 214 237
1118 206 250
1119 207 254
1120 210 247
1121 214 254
1122 215 245
1123 211 237
1124 218 252
1125 212 245
1126 205 253
1127 208 244
1128 264 1
1129 265 4
1130 268 9
1131 267 4
1132 273 2
1133 257 5
1134 264 7
1135 261 8
1136 264 9
1137 258 5
1138 265 5
1139 256 6
1140 274 9
1141 260 0
1142 268 2
1143 273 1
1144 259 6
1145 260 4
1146 263 1
1147 261 4
1148 261 10
1149 270 5
1150 271 8
1151 274 7
1152 265 7
1153 262 2
1154 259 9
1155 273 2
1156 266 3
1157 267 7
1158 46 104
1159 61 99
1160 60 104
1161 42 110
1162 55 95
1163 57 100
1164 47 107
1165 58 108
1166 57 110
1167 46 109
1168 59 99
1169 48 99
1170 49 108
1171 61 107
1172 55 103
1173 44 109
1174 45 101
1175 58 102
1176 53 107
1177 43 102
1178 43 109
1179 48 111
1180 48 95
1181 53 95
1182 48 95
1183 54 98
1184 54 101
1185 59 98
1186 55 101
1187 46 109
1188 124 81
1189 113 81
1190 115 89
1191 130 89
1192 129 82
1193 125 92
1194 118 87
1195 127 90
1196 115 80
1197 123 87
1198 117 88
1199 126 89
1200 128 92
1201 121 87
1202 115 88
1203 128 79
1204 129 86
1205 120 79
1206 122 92
1207 129 92
1208 125 93
1209 124 85
1210 116 79
1211 121 80
1212 118 93
1213 118 84
1214 126 83
1215 126 90
1216 121 80
1217 122 86
1218 160 34
1219 149 29
1220 155 35
1221 154 32
1222 156 27
1223 165 29
1224 153 34
1225 156 27
1226 159 38
1227 159 38
1228 147 32
1229 165 34
1230 161 28
1231 154 30
1232 149 34
1233 148 27
1234 164 40
1235 164 35
1236 150 33
1237 162 36
1238 152 30
1239 162 27
1240 165 31
1241 157 36
1242 147 35
1243 164 29
1244 157 33
1245 153 40
1246 158 40
1247 147 41
1248 195 165
1249 199 159
1250 187 152
1251 192 150
1252 191 158
1253 198 155
1254 188 154
1255 186 161
1256 188 156
1257 195 147
1258 193 158
1259 195 155
1260 186 157
1261 188 154
1262 192 152
1263 188 160
1264 201 154
1265 198 151
1266 194 148
1267 193 161
1268 201 160
1269 185 154
1270 200 162
1271 187 147
1272 195 156
1273 194 157
1274 187 154
1275 200 155
1276 195 157
1277 201 163
1278 271 263
1279 267 268
1280 263 273
1281 267 270
1282 267 270
1283 258 261
1284 263 258
1285 267 264
1286 261 264
1287 255 259
1288 257 273
1289 274 262
1290 263 267
1291 269 271
1292 257 256
1293 263 274
1294 271 258
1295 261 265
1296 261 255
1297 272 271
1298 12 164
1299 21 154
1300 13 159
1301 17 148
1302 22 147
1303 18 161
1304 25 163
1305 12 160
1306 17 157
1307 16 149
1308 24 156
1309 20 147
1310 16 158
1311 23 163
1312 22 159
1313 16 157
1314 16 148
1315 23 155
1316 14 147
1317 17 151
1318 13 153
1319 19 153
1320 18 159
1321 18 153
1322 12 156
1323 12 153
1324 15 155
1325 19 164
1326 12 159
1327 14 165
1328 108 73
1329 105 66
1330 105 74
1331 98 64
1332 96 74
1333 101 73
1334 95 74
1335 96 74
1336 107 69
1337 110 76
1338 102 77
1339 96 64
1340 94 73
1341 107 77
1342 100 64
1343 110 69
1344 109 67
1345 100 62
1346 99 65
1347 104 72
1348 94 77
1349 103 77
1350 94 67
1351 109 69
1352 94 63
1353 101 73
1354 94 72
1355 102 66
1356 98 72
1357 108 76
1358 117 168
1359 126 166
1360 113 171
1361 125 180
1362 125 166
1363 118 182
1364 119 170
1365 129 182
1366 126 170
1367 128 182
1368 122 183
1369 118 177
1370 129 170
1371 114 176
1372 122 182
1373 116 178
1374 129 181
1375 118 171
1376 120 178
1377 131 170
1378 113 167
1379 119 177
1380 128 173
1381 122 174
1382 118 178
1383 119 174
1384 120 171
1385 128 174
1386 129 174
1387 113 182
1388 178 137
1389 173 136
1390 175 141
1391 175 139
1392 172 141
1393 182 143
1394 171 145
1395 167 144
1396 178 132
1397 174 138
1398 181 134
1399 179 132
1400 166 144
1401 173 133
1402 171 134
1403 176 142
1404 172 135
1405 180 146
1406 181 133
1407 171 134
1408 172 143
1409 167 135
1410 176 140
1411 179 132
1412 180 133
1413 174 144
1414 180 136
1415 170 141
1416 177 140
1417 168 139
1418 31 5
1419 40 9
1420 38 9
1421 30 10
1422 41 10
1423 28 2
1424 39 1
1425 39 10
1426 34 5
1427 36 2
1428 38 5
1429 38 6
1430 41 11
1431 34 3
1432 28 10
1433 30 10
1434 28 6
1435 35 10
1436 29 10
1437 31 10
1438 28 6
1439 40 8
1440 32 2
1441 31 8
1442 31 3
1443 31 3
1444 30 11
1445 39 5
1446 37 0
1447 27 4
1448 212 73
1449 205 76
1450 214 67
1451 210 68
1452 211 72
1453 202 76
1454 202 66
1455 210 73
1456 215 68
1457 207 74
1458 205 63
1459 203 71
1460 215 74
1461 210 68
1462 216 67
1463 202 77
1464 212 66
1465 218 76
1466 206 70
1467 214 71
1468 217 62
1469 204 65
1470 207 77
1471 217 71
1472 210 70
1473 217 71
1474 215 77
1475 217 63
1476 207 63
1477 211 68
1478 83 265
1479 80 264
1480 78 271
1481 79 259
1482 86 273
1483 84 271
1484 80 265
1485 82 256
1486 81 267
1487 80 257
1488 83 257
1489 84 274
1490 88 274
1491 86 266
1492 89 257
1493 82 273
1494 92 265
1495 79 274
1496 88 256
1497 93 266
1498 83 274
1499 82 272
1500 87 266
1501 82 259
1502 84 265
1503 89 272
1504 79 260
1505 85 258
1506 91 267
1507 92 274
1508 269 210
1509 264 206
1510 271 217
1511 255 218
1512 268 210
1513 258 218
1514 262 218
1515 268 205
1516 258 211
1517 269 209
1518 270 210
1519 272 215
1520 259 218
1521 260 213
1522 272 218
1523 274 209
1524 261 212
1525 261 204
1526 272 203
1527 257 211
1528 261 217
1529 261 206
1530 274 205
1531 257 217
1532 273 206
1533 268 207
1534 272 208
1535 262 202
1536 261 203
1537 269 206
1538 227 52
1539 219 51
1540 232 49
1541 223 51
1542 221 61
1543 225 50
1544 222 51
1545 223 42
1546 235 44
1547 232 61
1548 222 54
1549 233 46
1550 230 59
1551 220 47
1552 234 44
1553 235 61
1554 226 55
1555 225 54
1556 232 54
1557 231 49
1558 219 49
1559 229 58
1560 227 58
1561 235 53
1562 221 45
1563 235 45
1564 230 54
1565 225 54
1566 226 55
1567 229 49
1568 72 32
1569 70 29
1570 67 41
1571 63 30
1572 65 37
1573 72 34
1574 77 41
1575 76 35
1576 69 33
1577 66 41
1578 71 28
1579 75 41
1580 71 34
1581 73 29
1582 73 29
1583 71 37
1584 69 40
1585 76 36
1586 62 30
1587 69 31
1588 67 41
1589 77 36
1590 75 31
1591 69 30
1592 77 40
1593 67 29
1594 74 30
1595 71 28
1596 65 31
1597 65 28
1598 62 169
1599 76 181
1600 64 182
1601 77 174
1602 71 181
1603 74 178
1604 67 177
1605 71 174
1606 74 177
1607 69 184
1608 62 178
1609 69 166
1610 72 183
1611 70 176
1612 76 173
1613 64 169
1614 76 179
1615 77 166
1616 70 184
1617 67 171
1618 66 174
1619 74 177
1620 66 172
1621 76 174
1622 62 170
1623 73 175
1624 65 173
1625 64 181
1626 68 178
1627 69 169
1628 20 127
1629 22 112
1630 15 119
1631 23 127
1632 23 118
1633 12 116
1634 15 127
1635 26 122
1636 16 129
1637 17 119
1638 14 128
1639 12 123
1640 24 128
1641 15 129
1642 22 114
1643 12 119
1644 20 113
1645 17 124
1646 18 114
1647 26 114
1648 26 126
1649 17 112
1650 19 113
1651 14 130
1652 20 117
1653 17 120
1654 26 128
1655 20 131
1656 16 117
1657 24 127
1658 200 263
1659 191 274
1660 189 257
1661 188 255
1662 195 262
1663 198 265
1664 188 268
1665 197 255
1666 185 265
1667 185 269
1668 188 258
1669 188 273
1670 195 269
1671 193 256
1672 200 273
1673 192 270
1674 197 256
1675 196 259
1676 196 260
1677 197 264
1678 195 260
1679 191 269
1680 188 262
1681 190 268
1682 193 261
1683 193 270
1684 198 265
1685 187 273
1686 186 270
1687 190 268
1688 88 244
1689 80 238
1690 80 240
1691 84 247
1692 87 239
1693 80 249
1694 89 239
1695 79 253
1696 86 236
1697 85 251
1698 91 250
1699 81 248
1700 86 247
1701 89 238
1702 89 247
1703 79 241
1704 79 249
1705 93 243
1706 87 254
1707 92 237
1708 81 250
1709 83 254
1710 81 241
1711 84 251
1712 90 247
1713 87 250
1714 85 240
1715 78 241
1716 87 252
1717 91 236
1718 23 260
1719 17 266
1720 26 255
1721 18 271
1722 12 260
1723 16 272
1724 23 263
1725 14 266
1726 14 268
1727 26 272
1728 26 260
1729 13 266
1730 20 267
1731 24 258
1732 25 267
1733 17 266
1734 25 267
1735 12 258
1736 12 265
1737 22 270
1738 12 264
1739 12 266
1740 17 256
1741 23 264
1742 16 268
1743 22 271
1744 12 269
1745 25 258
1746 20 267
1747 20 259
1748 56 53
1749 48 60
1750 49 48
1751 50 48
1752 42 54
1753 57 50
1754 59 51
1755 55 49
1756 45 57
1757 59 44
1758 42 43
1759 46 53
1760 53 50
1761 55 46
1762 54 53
1763 51 45
1764 43 44
1765 61 53
1766 46 53
1767 61 48
1768 45 57
1769 53 57
1770 57 55
1771 53 57
1772 44 43
1773 251 171
1774 245 182
1775 236 179
1776 253 180
1777 249 183
1778 245 173
1779 247 173
1780 236 167
1781 248 180
1782 253 168
1783 236 184
1784 244 166
1785 244 168
1786 244 171
1787 247 184
1788 254 184
1789 241 183
1790 253 173
1791 241 168
1792 251 171
1793 238 169
1794 244 176
1795 247 182
1796 249 168
1797 244 182
1798 241 173
1799 238 175
1800 241 176
1801 237 167
1802 237 171
1803 161 137
1804 156 146
1805 163 144
1806 151 136
1807 159 142
1808 150 137
1809 151 143
1810 159 133
1811 164 145
1812 153 146
1813 156 139
1814 165 138
1815 148 140
1816 154 134
1817 161 139
1818 154 132
1819 149 142
1820 148 142
1821 165 143
1822 151 138
1823 158 141
1824 161 143
1825 158 132
1826 159 144
1827 160 143
1828 156 134
1829 158 140
1830 162 132
1831 151 136
1832 158 135
1833 69 83
1834 73 92
1835 66 87
1836 72 88
1837 72 88
1838 64 79
1839 74 82
1840 76 82
1841 70 87
1842 71 81
1843 64 83
1844 76 93
1845 64 80
1846 70 88
1847 64 89
1848 74 81
1849 77 78
1850 67 78
1851 74 91
1852 69 85
1853 68 87
1854 66 88
1855 74 78
1856 76 78
1857 76 86
1858 64 87
1859 67 80
1860 71 82
1861 76 93
1862 74 89
1863 15 254
1864 14 243
1865 12 241
1866 23 239
1867 13 248
1868 26 252
1869 13 239
1870 21 249
1871 24 245
1872 25 253
1873 21 238
1874 23 240
1875 14 237
1876 16 242
1877 25 248
1878 24 251
1879 13 245
1880 24 252
1881 20 248
1882 26 252
1883 23 244
1884 12 246
1885 14 247
1886 26 254
1887 20 248
1888 22 249
1889 20 238
1890 16 242
1891 20 250
1892 23 241
1893 160 229
1894 158 224
1895 148 223
1896 155 235
1897 164 229
1898 161 229
1899 150 221
1900 159 229
1901 162 222
1902 161 234
1903 151 230
1904 164 226
1905 163 233
1906 152 225
1907 149 226
1908 157 230
1909 155 232
1910 149 235
1911 152 233
1912 155 223
1913 152 225
1914 161 235
1915 158 221
1916 162 225
1917 149 230
1918 155 222
1919 153 235
1920 164 233
1921 165 222
1922 152 227
1923 93 154
1924 79 149
1925 87 159
1926 87 147
1927 82 147
1928 88 150
1929 83 151
1930 79 154
1931 87 154
1932 91 164
1933 87 161
1934 88 148
1935 89 148
1936 88 148
1937 82 160
1938 86 149
1939 78 154
1940 81 152
1941 91 160
1942 89 158
1943 93 158
1944 82 147
1945 86 153
1946 78 162
1947 92 164
1948 89 161
1949 92 160
1950 92 149
1951 92 150
1952 82 164
1953 143 197
1954 136 191
1955 145 199
1956 135 195
1957 145 200
1958 137 185
1959 142 200
1960 142 199
1961 138 195
1962 146 186
1963 138 194
1964 137 189
1965 138 195
1966 138 199
1967 133 193
1968 136 201
1969 144 195
1970 146 198
1971 134 185
1972 143 186
1973 135 192
1974 142 185
1975 134 201
1976 145 187
1977 142 189
1978 142 189
1979 141 189
1980 137 199
1981 144 192
1982 135 195
1983 13 159
1984 21 153
1985 19 158
1986 18 151
1987 19 155
1988 26 154
1989 20 160
1990 22 147
1991 18 157
1992 12 155
1993 24 150
1994 22 152
1995 26 148
1996 26 149
1997 24 153
1998 13 161
1999 23 159
2000 23 161
2001 16 158
2002 26 160
2003 14 164
2004 24 150
2005 13 151
2006 17 156
2007 19 153
2008 22 148
2009 23 153
2010 12 148
2011 24 159
2012 12 150
2013 224 149
2014 223 163
2015 222 148
2016 229 164
2017 222 157
2018 235 149
2019 231 154
2020 229 157
2021 223 162
2022 229 156
2023 227 162
2024 225 155
2025 222 161
2026 230 163
2027 223 165
2028 235 153
2029 232 153
2030 222 154
2031 220 165
2032 223 156
2033 230 152
2034 232 149
2035 229 152
2036 227 154
2037 219 158
2038 227 150
2039 232 165
2040 232 164
2041 224 162
2042 221 152
2043 78 188
2044 91 196
2045 85 196
2046 78 186
2047 79 195
2048 81 198
2049 80 191
2050 90 190
2051 86 191
2052 86 190
2053 88 193
2054 83 193
2055 86 187
2056 89 197
2057 85 195
2058 82 188
2059 85 199
2060 88 186
2061 86 192
2062 93 194
2063 88 186
2064 87 185
2065 83 188
2066 84 200
2067 83 186
2068 92 201
2069 79 197
2070 81 190
2071 88 194
2072 90 190
2073 273 263
2074 262 263
2075 257 272
2076 273 257
2077 271 267
2078 272 259
2079 263 262
2080 257 273
2081 257 258
2082 257 259
2083 259 269
2084 268 255
2085 261 269
2086 274 260
2087 259 255
2088 274 270
2089 269 270
2090 273 260
2091 257 267
2092 262 264
2093 257 273
2094 255 260
2095 243 70
2096 249 69
2097 239 63
2098 238 70
2099 240 75
2100 246 73
2101 245 62
2102 244 71
2103 252 64
2104 241 72
2105 237 68
2106 254 71
2107 244 69
2108 248 66
2109 236 65
2110 246 70
2111 242 72
2112 254 66
2113 241 72
2114 241 69
2115 241 77
2116 251 73
2117 248 66
2118 240 67
2119 238 74
2120 252 75
2121 241 63
2122 238 77
2123 253 73
2124 243 65
2125 78 156
2126 93 164
2127 82 162
2128 85 147
2129 86 156
2130 86 151
2131 83 163
2132 83 161
2133 84 149
2134 91 155
2135 89 158
2136 93 156
2137 79 155
2138 90 162
2139 93 150
2140 78 147
2141 89 157
2142 90 165
2143 82 156
2144 93 147
2145 88 150
2146 88 161
2147 87 164
2148 78 162
2149 79 147
2150 78 151
2151 90 160
2152 79 148
2153 85 160
2154 89 162
2155 232 61
2156 220 46
2157 224 43
2158 235 50
2159 222 56
2160 230 55
2161 234 44
2162 225 55
2163 235 56
2164 219 55
2165 232 59
2166 222 43
2167 235 43
2168 232 43
2169 229 48
2170 219 43
2171 219 60
2172 225 54
2173 219 44
2174 228 59
2175 224 54
2176 231 55
2177 221 59
2178 227 56
2179 230 44
2180 231 49
2181 225 54
2182 228 49
2183 231 52
2184 225 58
2185 28 123
2186 33 114
2187 39 119
2188 35 122
2189 38 119
2190 38 112
2191 41 127
2192 30 122
2193 30 123
2194 30 123
2195 32 119
2196 31 118
2197 32 131
2198 38 112
2199 31 112
2200 36 131
2201 30 114
2202 29 119
2203 40 113
2204 39 120
2205 37 131
2206 32 125
2207 32 114
2208 41 122
2209 38 130
2210 34 125
2211 39 112
2212 32 113
2213 39 126
2214 27 117
2215 93 208
2216 79 213
2217 88 202
2218 88 204
2219 93 206
2220 82 207
2221 83 202
2222 88 207
2223 83 218
2224 85 215
2225 78 204
2226 85 203
2227 91 218
2228 85 210
2229 83 212
2230 79 216
2231 79 212
2232 92 206
2233 79 217
2234 90 202
2235 80 202
2236 83 218
2237 79 213
2238 83 211
2239 81 203
2240 84 207
2241 79 214
2242 90 215
2243 81 207
2244 81 216
2245 274 21
2246 273 12
2247 260 24
2248 272 18
2249 272 24
2250 273 22
2251 271 25
2252 264 12
2253 266 21
2254 258 19
2255 270 17
2256 262 23
2257 270 18
2258 262 17
2259 259 12
2260 270 25
2261 270 26
2262 258 25
2263 257 14
2264 260 17
2265 266 23
2266 266 25
2267 272 25
2268 273 20
2269 256 22
2270 267 17
2271 267 26
2272 255 25
2273 257 20
2274 262 12
2275 241 178
2276 252 173
2277 251 182
2278 252 173
2279 245 171
2280 252 170
2281 240 175
2282 236 168
2283 241 174
2284 247 179
2285 238 177
2286 237 169
2287 251 169
2288 245 180
2289 252 176
2290 254 166
2291 251 169
2292 242 172
2293 246 167
2294 252 175
2295 244 181
2296 250 171
2297 251 166
2298 251 167
2299 241 176
2300 252 179
2301 249 181
2302 236 173
2303 239 179
2304 238 171
2305 246 232
2306 248 225
2307 245 227
2308 236 230
2309 254 223
2310 254 220
2311 242 234
2312 242 227
2313 239 229
2314 242 234
2315 236 220
2316 241 228
2317 249 234
2318 249 232
2319 241 228
2320 250 233
2321 253 223
2322 254 222
2323 247 228
2324 247 234
2325 250 219
2326 248 234
2327 246 231
2328 251 228
2329 252 231
2330 250 230
2331 240 220
2332 250 226
2333 240 232
2334 243 222
2335 185 84
2336 195 92
2337 197 81
2338 191 81
2339 188 84
2340 192 84
2341 190 81
2342 197 79
2343 200 89
2344 198 79
2345 195 93
2346 201 78
2347 188 80
2348 190 80
2349 188 89
2350 197 88
2351 191 84
2352 195 87
2353 187 90
2354 194 86
2355 186 80
2356 199 82
2357 199 82
2358 198 85
2359 189 84
2360 186 80
2361 197 93
2362 197 80
2363 199 87
2364 197 88
2365 221 42
2366 222 60
2367 222 61
2368 223 46
2369 229 50
2370 232 54
2371 221 44
2372 232 60
2373 219 45
2374 221 55
2375 228 60
2376 228 47
2377 222 46
2378 233 45
2379 223 45
2380 220 42
2381 219 60
2382 222 56
2383 232 48
2384 223 51
2385 234 50
2386 233 61
2387 224 53
2388 225 43
2389 227 46
2390 222 61
2391 221 53
2392 227 49
2393 222 42
2394 227 48
2395 273 265
2396 264 258
2397 255 272
2398 272 268
2399 274 261
2400 258 267
2401 266 255
2402 264 265
2403 258 273
2404 273 267
2405 270 265
2406 268 259
2407 269 271
2408 273 266
2409 256 260
2410 255 273
2411 258 267
2412 274 258
2413 274 267
2414 256 259
2415 266 256
2416 257 269
2417 256 258
2418 273 274
2419 260 256
2420 271 264
2421 99 73
2422 111 68
2423 98 77
2424 100 74
2425 105 70
2426 105 72
2427 103 66
2428 95 76
2429 99 76
2430 111 75
2431 102 71
2432 97 70
2433 101 70
2434 98 77
2435 101 71
2436 94 67
2437 109 64
2438 107 67
2439 103 68
2440 106 65
2441 108 62
2442 103 77
2443 101 70
2444 98 65
2445 103 65
2446 107 68
2447 94 67
2448 107 68
2449 109 73
2450 105 76
2451 180 228
2452 183 233
2453 171 235
2454 166 231
2455 175 227
2456 172 223
2457 172 231
2458 184 220
2459 180 229
2460 166 229
2461 175 227
2462 174 228
2463 168 235
2464 167 220
2465 167 226
2466 174 229
2467 174 234
2468 177 231
2469 173 233
2470 168 234
2471 168 230
2472 177 225
2473 177 232
2474 172 232
2475 169 231
2476 179 233
2477 181 220
2478 169 221
2479 169 231
2480 168 223
2481 84 37
2482 85 38
2483 90 41
2484 78 35
2485 81 36
2486 83 27
2487 79 34
2488 87 41
2489 83 33
2490 86 32
2491 90 32
2492 79 29
2493 78 38
2494 87 29
2495 79 28
2496 87 39
2497 81 39
2498 78 37
2499 91 32
2500 86 27
2501 87 29
2502 83 39
2503 80 37
2504 93 37
2505 89 33
2506 78 29
2507 86 34
2508 89 33
2509 86 38
2510 90 38
2511 147 31
2512 158 35
2513 158 32
2514 161 39
2515 158 35
2516 156 27
2517 149 41
2518 155 28
2519 155 41
2520 150 39
2521 165 40
2522 163 29
2523 154 38
2524 152 28
2525 165 38
2526 153 29
2527 163 31
2528 164 33
2529 148 34
2530 147 40
2531 163 29
2532 148 27
2533 151 35
2534 162 35
2535 149 41
2536 158 40
2537 153 34
2538 147 31
2539 165 29
2540 162 34
2541 206 120
2542 214 128
2543 212 112
2544 202 119
2545 208 120
2546 215 118
2547 216 129
2548 215 112
2549 213 115
2550 213 125
2551 207 118
2552 206 118
2553 208 122
2554 202 113
2555 211 130
2556 204 112
2557 202 116
2558 207 120
2559 209 123
2560 202 130
2561 208 114
2562 208 124
2563 212 117
2564 204 115
2565 205 123
2566 205 124
2567 217 124
2568 210 115
2569 215 116
2570 214 124
2571 42 160
2572 54 157
2573 60 150
2574 50 157
2575 43 161
2576 58 158
2577 60 155
2578 54 160
2579 51 147
2580 57 156
2581 50 161
2582 58 158
2583 58 156
2584 57 155
2585 46 164
2586 51 148
2587 58 148
2588 55 149
2589 56 147
2590 56 160
2591 50 159
2592 43 156
2593 57 154
2594 49 148
2595 43 157
2596 50 152
2597 46 160
2598 53 159
2599 55 148
2600 43 147
2601 259 81
2602 273 82
2603 263 79
2604 257 85
2605 273 85
2606 274 86
2607 274 81
2608 270 93
2609 256 93
2610 262 89
2611 267 79
2612 263 78
2613 262 90
2614 261 91
2615 256 80
2616 267 92
2617 265 83
2618 272 80
2619 264 79
2620 257 86
2621 260 78
2622 256 93
2623 266 92
2624 268 89
2625 274 80
2626 268 88
2627 265 86
2628 258 93
2629 266 79
2630 257 80
2631 242 207
2632 241 206
2633 243 208
2634 244 216
2635 243 212
2636 242 202
2637 254 210
2638 238 212
2639 249 214
2640 241 208
2641 249 217
2642 240 215
2643 250 209
2644 253 213
2645 253 216
2646 245 206
2647 236 203
2648 241 209
2649 238 209
2650 245 208
2651 238 212
2652 240 208
2653 253 204
2654 248 208
2655 238 217
2656 248 218
2657 239 204
2658 243 211
2659 253 203
2660 240 205
2661 70 191
2662 68 194
2663 75 190
2664 75 186
2665 65 190
2666 67 185
2667 66 200
2668 67 201
2669 75 193
2670 69 188
2671 77 190
2672 75 197
2673 71 199
2674 72 196
2675 65 190
2676 72 186
2677 77 190
2678 62 188
2679 76 200
2680 75 192
2681 72 201
2682 62 185
2683 74 192
2684 70 192
2685 76 192
2686 76 191
2687 75 190
2688 69 188
2689 76 200
2690 71 197
2691 146 144
2692 140 142
2693 136 134
2694 138 137
2695 135 142
2696 137 140
2697 135 138
2698 145 144
2699 137 146
2700 134 133
2701 138 137
2702 135 143
2703 132 142
2704 143 142
2705 146 141
2706 146 145
2707 178 236
2708 170 244
2709 182 254
2710 179 243
2711 182 245
2712 169 247
2713 166 251
2714 184 253
2715 170 247
2716 171 236
2717 171 250
2718 170 247
2719 173 243
2720 182 247
2721 180 247
2722 179 238
2723 173 244
2724 180 245
2725 178 238
2726 175 244
2727 173 248
2728 173 243
2729 181 254
2730 184 238
2731 166 248
2732 179 237
2733 178 236
2734 175 241
2735 174 239
2736 184 247
2737 138 93
2738 145 91
2739 141 78
2740 142 91
2741 143 92
2742 139 79
2743 137 79
2744 144 92
2745 133 88
2746 133 92
2747 144 84
2748 135 87
2749 138 87
2750 132 78
2751 139 90
2752 141 80
2753 141 83
2754 145 80
2755 144 92
2756 134 82
2757 137 90
2758 134 90
2759 132 87
2760 133 81
2761 132 84
2762 142 78
2763 137 80
2764 132 92
2765 137 86
2766 139 88
2767 243 267
2768 236 258
2769 246 272
2770 247 273
2771 243 271
2772 251 261
2773 241 265
2774 253 266
2775 251 261
2776 236 271
2777 248 267
2778 242 261
2779 242 263
2780 253 274
2781 253 273
2782 252 265
2783 249 266
2784 247 255
2785 236 266
2786 252 269
2787 253 257
2788 249 264
2789 245 267
2790 239 270
2791 237 263
2792 238 265
2793 243 269
2794 238 263
2795 247 257
2796 248 271
2797 118 260
2798 121 268
2799 115 264
2800 129 274
2801 114 262
2802 124 271
2803 124 262
2804 122 262
2805 114 268
2806 124 269
2807 115 256
2808 122 267
2809 113 273
2810 113 261
2811 120 271
2812 124 270
2813 121 267
2814 114 274
2815 128 256
2816 124 265
2817 113 269
2818 130 260
2819 119 267
2820 122 261
2821 123 269
2822 130 268
2823 126 266
2824 131 265
2825 127 273
2826 122 262
2827 183 126
2828 172 122
2829 174 122
2830 177 122
2831 179 124
2832 177 131
2833 169 119
2834 166 124
2835 180 121
2836 171 129
2837 174 130
2838 166 126
2839 171 127
2840 184 113
2841 167 122
2842 166 120
2843 166 112
2844 168 114
2845 170 121
2846 181 129
2847 175 131
2848 172 125
2849 181 129
2850 177 112
2851 180 113
2852 171 130
2853 176 116
2854 166 119
2855 177 131
2856 183 123
2857 262 10
2858 260 5
2859 269 3
2860 263 3
2861 271 7
2862 263 8
2863 272 10
2864 259 5
2865 266 8
2866 257 9
2867 261 10
2868 268 7
2869 262 10
2870 274 4
2871 274 6
2872 267 4
2873 261 7
2874 266 3
2875 258 9
2876 270 10
2877 274 0
2878 264 7
2879 265 6
2880 261 5
2881 263 6
2882 260 2
2883 256 0
2884 258 7
2885 270 1
2886 234 192
2887 235 193
2888 230 185
2889 219 198
2890 227 186
2891 222 201
2892 228 193
2893 232 191
2894 232 195
2895 231 192
2896 232 197
2897 232 189
2898 234 192
2899 229 192
2900 222 188
2901 227 193
2902 219 199
2903 231 200
2904 227 185
2905 230 191
2906 235 190
2907 225 199
2908 231 185
2909 221 199
2910 220 185
2911 226 201
2912 221 197
2913 228 189
2914 235 194
2915 225 191
