240 262 10 2850
0 8
1 8
2 9
3 7
4 7
5 8
6 8
7 12
8 5
9 8
10 7
11 6
12 3
13 6
14 3
15 3
16 4
17 3
18 5
19 3
20 4
21 3
22 3
23 3
24 3
25 3
26 3
27 3
28 3
29 4
30 4
31 4
32 4
33 3
34 4
35 3
36 3
37 3
38 3
39 3
40 4
41 3
42 3
43 3
44 3
45 3
46 4
47 3
48 4
49 3
50 5
51 3
52 3
53 3
54 3
55 5
56 5
57 3
58 3
59 3
60 3
61 3
62 3
63 3
64 4
65 3
66 4
67 3
68 3
69 3
70 3
71 3
72 3
73 3
74 3
75 3
76 3
77 3
78 4
79 3
80 4
81 3
82 7
83 3
84 5
85 4
86 5
87 4
88 3
89 3
90 5
91 3
92 3
93 3
94 3
95 3
96 5
97 4
98 3
99 3
100 3
101 3
102 5
103 3
104 5
105 4
106 3
107 3
108 3
109 3
110 3
111 3
112 5
113 8
114 3
115 3
116 3
117 3
118 3
119 3
120 6
121 4
122 3
123 3
124 3
125 3
126 3
127 3
128 3
129 3
130 3
131 3
132 3
133 3
134 4
135 5
136 4
137 3
138 3
139 4
140 3
141 5
142 3
143 3
144 3
145 4
146 3
147 3
148 5
149 3
150 3
151 4
152 3
153 3
154 5
155 4
156 3
157 4
158 4
159 3
160 4
161 3
162 3
163 3
164 3
165 3
166 3
167 4
168 4
169 3
170 3
171 4
172 3
173 3
174 3
175 3
176 3
177 3
178 4
179 3
180 4
181 3
182 3
183 3
184 5
185 3
186 4
187 5
188 3
189 3
190 6
191 3
192 3
193 3
194 3
195 3
196 4
197 3
198 3
199 3
200 3
201 3
202 3
203 5
204 4
205 4
206 4
207 3
208 4
209 3
210 3
211 4
212 3
213 4
214 3
215 3
216 3
217 3
218 3
219 3
220 5
221 5
222 3
223 3
224 3
225 4
226 3
227 3
228 3
229 3
230 3
231 4
232 4
233 3
234 3
235 5
236 4
237 4
238 3
239 3
0 0 1
1 0 4
2 0 5
3 0 7
4 0 11
5 0 120
6 0 221
7 1 2
8 1 3
9 1 6
10 1 7
11 1 8
12 1 9
13 1 11
14 2 6
15 2 7
16 2 8
17 2 10
18 2 135
19 2 153
20 3 4
21 3 7
22 3 8
23 3 9
24 3 11
25 4 5
26 4 6
27 4 9
28 5 6
29 5 7
30 5 8
31 5 9
32 5 11
33 5 187
34 6 7
35 6 11
36 6 66
37 7 9
38 7 12
39 7 168
40 7 205
41 9 10
42 9 48
43 9 104
44 10 11
45 10 29
46 10 84
47 12 28
48 13 16
49 13 25
50 13 26
51 13 20
52 14 22
53 14 24
54 14 20
55 15 17
56 15 23
57 16 21
58 18 23
59 18 27
60 18 20
61 19 24
62 20 28
63 29 31
64 30 39
65 30 34
66 30 33
67 31 44
68 32 42
69 32 33
70 33 40
71 34 46
72 35 40
73 35 38
74 36 37
75 36 47
76 37 38
77 40 43
78 41 46
79 44 47
80 45 46
81 48 56
82 49 55
83 50 60
84 50 61
85 50 58
86 50 63
87 51 56
88 51 64
89 51 65
90 52 64
91 53 58
92 54 64
93 55 62
94 55 58
95 56 57
96 56 63
97 59 62
98 66 80
99 66 71
100 66 68
101 67 82
102 67 71
103 68 83
104 69 77
105 70 79
106 70 80
107 71 78
108 72 73
109 73 81
110 74 82
111 75 78
112 76 82
113 77 82
114 81 82
115 84 98
116 84 87
117 85 94
118 85 90
119 86 88
120 86 90
121 86 102
122 87 95
123 87 101
124 87 96
125 89 97
126 90 92
127 91 96
128 92 97
129 93 103
130 96 99
131 96 103
132 100 102
133 101 102
134 104 112
135 104 117
136 105 106
137 105 117
138 105 113
139 106 108
140 107 109
141 107 112
142 110 111
143 110 113
144 112 114
145 113 115
146 113 116
147 113 118
148 113 119
149 120 130
150 120 132
151 120 123
152 120 121
153 121 127
154 122 129
155 122 134
156 123 128
157 124 131
158 125 129
159 126 132
160 127 134
161 128 133
162 131 133
163 135 151
164 135 141
165 136 142
166 136 137
167 137 145
168 138 148
169 139 145
170 139 140
171 140 151
172 141 148
173 141 144
174 143 145
175 144 147
176 145 146
177 147 150
178 148 149
179 150 152
180 153 162
181 154 164
182 154 166
183 154 158
184 155 162
185 155 167
186 156 159
187 156 160
188 157 165
189 157 158
190 158 161
191 160 165
192 161 167
193 163 167
194 168 179
195 168 178
196 168 174
197 169 183
198 169 186
199 170 184
200 171 182
201 171 172
202 172 181
203 172 184
204 173 174
205 174 186
206 175 176
207 175 180
208 177 185
209 177 184
210 178 184
211 180 185
212 187 194
213 187 190
214 188 204
215 189 200
216 190 191
217 190 197
218 190 199
219 192 196
220 193 198
221 193 203
222 193 204
223 195 196
224 195 201
225 197 200
226 199 203
227 200 201
228 202 203
229 205 208
230 206 213
231 206 211
232 207 219
233 208 210
234 208 215
235 209 218
236 209 219
237 209 214
238 211 220
239 212 213
240 213 214
241 215 217
242 216 220
243 217 220
244 221 230
245 221 238
246 221 223
247 222 229
248 223 231
249 224 235
250 224 230
251 225 226
252 225 236
253 227 235
254 228 235
255 229 234
256 230 232
257 231 236
258 232 234
259 233 235
260 236 237
261 237 239
0 100 52
1 97 50
2 88 52
3 88 54
4 93 54
5 84 64
6 99 59
7 84 62
8 85 61
9 88 60
10 95 64
11 101 61
12 84 63
13 87 55
14 103 50
15 95 54
16 103 63
17 98 49
18 99 64
19 84 59
20 90 50
21 97 60
22 103 55
23 85 61
24 89 55
25 100 64
26 93 60
27 84 48
28 103 62
29 85 57
30 122 8
31 120 3
32 128 8
33 131 9
34 124 5
35 127 5
36 123 11
37 124 7
38 133 8
39 122 3
40 132 9
41 130 8
42 131 11
43 127 11
44 129 5
45 120 3
46 133 0
47 126 11
48 123 6
49 127 6
50 127 9
51 134 2
52 122 3
53 125 8
54 122 2
55 120 6
56 130 1
57 121 6
58 134 1
59 159 223
60 165 225
61 154 222
62 154 225
63 155 236
64 153 226
65 154 231
66 165 222
67 160 232
68 156 223
69 158 221
70 163 223
71 155 230
72 162 225
73 155 228
74 164 236
75 158 235
76 163 234
77 158 223
78 154 237
79 157 224
80 155 233
81 153 224
82 166 226
83 163 233
84 154 238
85 160 224
86 163 237
87 157 233
88 162 230
89 183 89
90 186 101
91 183 87
92 179 85
93 186 85
94 174 85
95 178 100
96 172 99
97 183 100
98 180 96
99 186 92
100 173 88
101 184 88
102 180 89
103 181 94
104 185 103
105 182 84
106 169 99
107 186 89
108 175 102
109 168 85
110 180 92
111 176 86
112 173 93
113 171 95
114 181 95
115 168 94
116 178 99
117 180 93
118 180 90
119 163 42
120 166 40
121 164 44
122 166 33
123 159 35
124 158 39
125 164 35
126 157 37
127 164 36
128 154 35
129 163 47
130 165 41
131 160 31
132 160 44
133 153 43
134 160 37
135 160 46
136 167 32
137 161 39
138 159 33
139 162 37
140 167 41
141 165 30
142 167 31
143 161 36
144 165 31
145 160 34
146 160 38
147 166 38
148 162 34
149 47 116
150 45 106
151 30 112
152 44 115
153 42 105
154 46 116
155 32 114
156 32 115
157 30 107
158 45 114
159 29 119
160 33 109
161 45 116
162 40 118
163 30 110
164 29 115
165 46 119
166 43 109
167 41 108
168 46 112
169 47 111
170 30 107
171 35 107
172 31 116
173 29 107
174 35 109
175 45 112
176 33 119
177 41 111
178 41 106
179 15 194
180 25 193
181 25 189
182 15 191
183 27 200
184 27 203
185 18 194
186 24 196
187 23 203
188 28 191
189 18 190
190 14 197
191 28 202
192 15 199
193 28 201
194 28 190
195 16 198
196 25 203
197 23 188
198 17 191
199 21 202
200 19 200
201 15 195
202 18 193
203 19 187
204 15 199
205 28 196
206 18 188
207 27 194
208 19 202
209 94 198
210 92 189
211 96 194
212 100 189
213 90 202
214 97 196
215 84 193
216 103 199
217 99 197
218 90 202
219 91 187
220 90 187
221 95 202
222 99 187
223 96 201
224 101 196
225 86 196
226 96 188
227 92 201
228 88 188
229 93 196
230 84 188
231 103 202
232 90 201
233 92 204
234 91 192
235 101 191
236 91 199
237 96 204
238 92 193
239 133 79
240 125 82
241 128 78
242 130 69
243 134 83
244 123 68
245 125 75
246 127 77
247 131 80
248 122 79
249 123 67
250 130 80
251 130 68
252 121 75
253 127 77
254 127 79
255 124 72
256 132 68
257 124 70
258 127 72
259 129 74
260 131 70
261 125 73
262 134 82
263 132 72
264 124 82
265 124 83
266 121 83
267 128 76
268 124 69
269 28 109
270 17 114
271 28 105
272 28 115
273 18 111
274 13 115
275 13 111
276 14 104
277 21 104
278 15 116
279 25 109
280 20 110
281 28 114
282 22 114
283 24 108
284 28 112
285 17 118
286 26 111
287 12 107
288 24 117
289 18 114
290 18 114
291 20 119
292 26 107
293 23 118
294 22 112
295 26 107
296 26 109
297 12 119
298 17 111
299 78 69
300 83 70
301 82 68
302 73 77
303 74 69
304 70 81
305 69 80
306 72 83
307 68 67
308 74 75
309 76 71
310 79 68
311 73 71
312 83 77
313 79 82
314 74 69
315 73 80
316 72 76
317 70 82
318 82 75
319 75 83
320 75 69
321 79 66
322 34 20
323 34 22
324 47 13
325 41 14
326 33 23
327 31 12
328 32 21
329 43 24
330 30 15
331 31 19
332 32 22
333 35 20
334 39 23
335 39 17
336 46 25
337 38 16
338 47 19
339 32 22
340 31 12
341 35 18
342 29 23
343 45 18
344 47 13
345 39 13
346 37 13
347 43 16
348 41 24
349 36 20
350 32 19
351 29 26
352 58 122
353 55 131
354 53 124
355 62 125
356 55 126
357 53 131
358 57 120
359 58 134
360 56 127
361 63 123
362 56 131
363 58 128
364 57 127
365 58 122
366 49 120
367 65 122
368 60 130
369 62 121
370 52 120
371 54 125
372 63 128
373 49 131
374 50 130
375 64 122
376 49 132
377 54 120
378 54 124
379 50 120
380 65 126
381 57 130
382 174 10
383 170 1
384 170 2
385 178 8
386 169 9
387 182 2
388 182 1
389 175 4
390 186 6
391 178 6
392 178 5
393 183 9
394 173 6
395 175 5
396 179 8
397 174 6
398 180 3
399 183 9
400 178 8
401 181 10
402 169 9
403 169 0
404 183 7
405 174 5
406 180 11
407 173 6
408 182 7
409 171 1
410 175 11
411 47 123
412 46 131
413 37 125
414 41 132
415 33 122
416 39 124
417 39 132
418 29 129
419 33 121
420 39 122
421 41 127
422 37 129
423 43 134
424 39 132
425 42 134
426 37 126
427 33 132
428 43 129
429 39 133
430 45 126
431 43 133
432 44 126
433 29 134
434 37 124
435 38 121
436 46 124
437 37 126
438 30 132
439 36 126
440 41 127
441 233 222
442 227 226
443 234 231
444 238 235
445 233 231
446 229 224
447 227 237
448 233 236
449 221 239
450 238 224
451 224 239
452 230 228
453 229 228
454 226 222
455 235 234
456 236 230
457 238 231
458 239 228
459 231 233
460 36 238
461 36 227
462 40 224
463 39 233
464 39 238
465 44 224
466 39 224
467 43 231
468 33 223
469 35 238
470 44 237
471 33 232
472 39 235
473 42 236
474 30 222
475 46 230
476 32 232
477 42 226
478 34 225
479 39 227
480 34 234
481 39 237
482 32 222
483 45 237
484 38 233
485 30 226
486 45 238
487 43 224
488 45 239
489 39 226
490 185 215
491 173 207
492 179 213
493 168 217
494 172 216
495 175 216
496 180 218
497 168 215
498 174 206
499 186 216
500 179 210
501 180 207
502 186 208
503 173 207
504 184 209
505 178 208
506 186 209
507 180 208
508 183 217
509 177 212
510 175 217
511 185 215
512 173 211
513 173 218
514 174 211
515 184 206
516 173 214
517 174 211
518 186 219
519 181 212
520 72 113
521 69 113
522 73 115
523 73 119
524 71 108
525 75 108
526 73 107
527 76 109
528 74 115
529 68 113
530 81 105
531 70 112
532 76 118
533 72 118
534 70 108
535 68 107
536 74 110
537 70 116
538 68 113
539 74 107
540 77 109
541 78 111
542 81 116
543 78 112
544 83 115
545 69 113
546 73 110
547 74 107
548 71 104
549 81 109
550 181 215
551 173 210
552 168 217
553 180 215
554 179 205
555 186 215
556 182 215
557 175 215
558 179 206
559 176 219
560 186 213
561 179 206
562 175 209
563 184 216
564 185 214
565 184 220
566 183 206
567 174 213
568 180 207
569 171 206
570 176 209
571 184 214
572 182 212
573 182 210
574 168 218
575 181 214
576 184 216
577 173 206
578 180 216
579 182 214
580 53 105
581 49 109
582 61 112
583 59 115
584 60 114
585 51 104
586 63 113
587 54 109
588 64 113
589 58 105
590 60 118
591 52 118
592 56 113
593 51 112
594 59 109
595 60 109
596 59 118
597 56 105
598 58 114
599 51 115
600 48 111
601 60 109
602 62 118
603 51 108
604 58 107
605 50 113
606 61 110
607 63 104
608 49 111
609 61 107
610 2 217
611 3 206
612 11 205
613 1 214
614 11 208
615 1 216
616 5 209
617 8 214
618 1 211
619 0 220
620 4 209
621 11 219
622 10 208
623 9 217
624 6 206
625 1 212
626 9 215
627 6 207
628 4 213
629 8 217
630 6 207
631 5 220
632 0 214
633 8 211
634 8 217
635 2 219
636 8 218
637 6 207
638 1 217
639 6 212
640 14 92
641 18 87
642 28 84
643 21 88
644 20 98
645 16 101
646 25 87
647 15 98
648 22 84
649 28 94
650 15 103
651 15 91
652 16 103
653 22 92
654 23 99
655 13 102
656 20 86
657 28 86
658 21 102
659 27 91
660 25 87
661 28 97
662 22 85
663 18 97
664 21 85
665 13 87
666 12 99
667 26 97
668 13 94
669 21 101
670 223 119
671 235 113
672 230 108
673 223 104
674 232 110
675 236 112
676 223 108
677 230 105
678 239 118
679 231 118
680 225 111
681 230 112
682 221 112
683 239 105
684 225 108
685 228 112
686 231 106
687 228 109
688 229 113
689 225 109
690 227 110
691 229 110
692 222 107
693 225 110
694 239 118
695 222 106
696 239 111
697 226 119
698 231 104
699 221 105
700 165 75
701 157 73
702 163 72
703 153 78
704 167 68
705 154 69
706 157 78
707 160 66
708 155 76
709 160 74
710 160 79
711 156 70
712 164 67
713 153 75
714 165 83
715 156 69
716 155 83
717 159 69
718 159 79
719 156 81
720 161 72
721 164 81
722 153 69
723 153 74
724 156 70
725 167 72
726 164 72
727 164 76
728 157 73
729 163 82
730 134 210
731 132 211
732 124 219
733 131 220
734 122 207
735 132 209
736 120 209
737 130 212
738 132 209
739 131 214
740 129 215
741 127 210
742 134 215
743 132 216
744 127 205
745 133 215
746 132 215
747 128 206
748 120 212
749 131 214
750 133 209
751 127 215
752 131 216
753 124 207
754 121 216
755 129 211
756 123 219
757 125 220
758 121 213
759 131 213
760 4 141
761 7 136
762 7 140
763 8 142
764 10 143
765 9 137
766 9 137
767 5 136
768 1 152
769 8 143
770 9 147
771 9 145
772 0 151
773 3 139
774 1 140
775 6 144
776 10 151
777 6 142
778 1 152
779 10 140
780 5 140
781 1 138
782 1 136
783 8 143
784 9 148
785 0 147
786 7 151
787 0 151
788 0 140
789 10 138
790 204 80
791 190 83
792 196 71
793 191 82
794 191 73
795 190 73
796 187 78
797 194 72
798 201 77
799 191 77
800 204 73
801 191 74
802 198 71
803 203 83
804 198 69
805 191 82
806 187 81
807 192 70
808 198 73
809 196 78
810 194 78
811 198 81
812 194 79
813 197 73
814 189 80
815 192 76
816 201 70
817 190 76
818 198 75
819 191 67
820 109 49
821 119 61
822 113 58
823 111 62
824 115 63
825 105 48
826 112 60
827 119 59
828 119 59
829 111 62
830 105 64
831 108 57
832 115 52
833 117 62
834 112 50
835 107 63
836 119 57
837 116 65
838 117 59
839 109 57
840 107 53
841 110 50
842 107 64
843 104 57
844 118 48
845 111 51
846 118 60
847 104 59
848 109 61
849 104 49
850 130 128
851 122 130
852 129 121
853 125 127
854 126 128
855 127 123
856 134 123
857 133 121
858 129 133
859 128 134
860 122 128
861 128 126
862 132 124
863 120 134
864 127 123
865 130 125
866 127 123
867 123 125
868 126 122
869 133 121
870 170 53
871 181 63
872 185 48
873 168 56
874 177 51
875 176 62
876 185 49
877 185 65
878 177 59
879 172 62
880 184 53
881 186 52
882 175 55
883 181 48
884 169 52
885 172 65
886 168 52
887 176 48
888 168 59
889 184 62
890 173 48
891 180 61
892 182 54
893 168 53
894 184 57
895 178 58
896 172 49
897 182 52
898 180 49
899 175 57
900 1 152
901 2 137
902 1 152
903 0 150
904 11 139
905 3 135
906 5 141
907 9 135
908 1 150
909 3 146
910 7 139
911 6 138
912 3 139
913 10 146
914 7 152
915 6 136
916 0 141
917 6 148
918 3 136
919 11 145
920 1 147
921 7 141
922 4 144
923 7 143
924 1 139
925 3 137
926 61 49
927 65 52
928 52 55
929 64 60
930 52 55
931 52 57
932 49 56
933 56 55
934 59 61
935 53 51
936 54 53
937 59 56
938 62 60
939 53 52
940 55 54
941 52 62
942 17 147
943 18 136
944 14 151
945 21 145
946 28 139
947 19 135
948 25 149
949 26 146
950 27 145
951 14 147
952 17 144
953 22 135
954 16 148
955 25 138
956 14 149
957 13 148
958 19 146
959 18 148
960 21 151
961 16 144
962 22 142
963 14 148
964 22 152
965 14 147
966 22 145
967 24 138
968 25 139
969 14 145
970 14 137
971 20 142
972 227 34
973 236 41
974 231 39
975 235 39
976 232 41
977 231 42
978 232 33
979 231 30
980 237 45
981 239 38
982 238 37
983 231 35
984 229 39
985 230 43
986 226 47
987 224 42
988 230 33
989 223 35
990 229 38
991 239 31
992 223 32
993 232 33
994 222 33
995 231 37
996 223 32
997 225 29
998 225 37
999 223 47
1000 234 38
1001 228 40
1002 162 45
1003 158 45
1004 162 32
1005 160 38
1006 167 47
1007 159 38
1008 161 37
1009 161 41
1010 162 39
1011 153 37
1012 154 30
1013 158 32
1014 155 34
1015 159 33
1016 161 44
1017 161 35
1018 165 36
1019 153 29
1020 161 30
1021 153 36
1022 155 37
1023 165 32
1024 163 33
1025 164 37
1026 156 45
1027 165 42
1028 155 44
1029 166 42
1030 159 34
1031 166 32
1032 183 108
1033 177 116
1034 171 108
1035 174 116
1036 170 108
1037 173 117
1038 181 112
1039 182 113
1040 179 118
1041 182 113
1042 181 118
1043 170 118
1044 172 116
1045 169 110
1046 185 111
1047 180 114
1048 176 117
1049 182 108
1050 175 119
1051 180 104
1052 176 105
1053 181 114
1054 177 117
1055 182 108
1056 182 110
1057 178 111
1058 185 117
1059 180 104
1060 174 117
1061 182 110
1062 121 151
1063 134 146
1064 130 140
1065 130 143
1066 121 146
1067 122 136
1068 131 144
1069 125 138
1070 124 138
1071 128 138
1072 120 145
1073 125 138
1074 130 143
1075 124 146
1076 130 142
1077 132 151
1078 131 141
1079 134 139
1080 121 139
1081 131 137
1082 125 149
1083 131 148
1084 134 141
1085 129 135
1086 132 137
1087 129 145
1088 133 146
1089 121 145
1090 132 143
1091 125 140
1092 18 210
1093 19 217
1094 14 214
1095 13 206
1096 23 206
1097 14 211
1098 22 215
1099 13 219
1100 13 205
1101 17 206
1102 25 207
1103 19 209
1104 23 214
1105 14 206
1106 17 207
1107 21 211
1108 25 208
1109 12 215
1110 16 206
1111 17 209
1112 28 207
1113 19 208
1114 12 216
1115 12 208
1116 23 213
1117 17 213
1118 23 215
1119 23 213
1120 21 214
1121 19 211
1122 167 109
1123 157 107
1124 167 109
1125 155 108
1126 160 108
1127 160 112
1128 161 109
1129 157 109
1130 159 114
1131 162 105
1132 157 109
1133 157 108
1134 159 110
1135 153 114
1136 161 113
1137 165 117
1138 163 115
1139 160 113
1140 159 116
1141 165 109
1142 156 116
1143 153 107
1144 163 118
1145 153 105
1146 164 112
1147 167 114
1148 166 106
1149 162 116
1150 160 115
1151 157 119
1152 190 195
1153 192 197
1154 188 200
1155 187 189
1156 190 192
1157 202 190
1158 189 204
1159 201 194
1160 192 201
1161 201 192
1162 204 190
1163 194 193
1164 200 188
1165 187 188
1166 192 190
1167 201 187
1168 195 189
1169 201 199
1170 204 197
1171 199 188
1172 189 204
1173 194 203
1174 189 194
1175 201 204
1176 134 143
1177 131 145
1178 129 152
1179 132 142
1180 124 143
1181 131 142
1182 130 135
1183 125 138
1184 133 142
1185 130 137
1186 123 139
1187 127 142
1188 122 148
1189 133 138
1190 132 149
1191 121 150
1192 126 136
1193 123 148
1194 126 136
1195 134 141
1196 124 142
1197 134 140
1198 130 135
1199 133 148
1200 124 151
1201 133 138
1202 130 149
1203 123 138
1204 132 148
1205 125 151
1206 224 8
1207 224 0
1208 230 3
1209 231 9
1210 225 1
1211 232 2
1212 226 7
1213 227 1
1214 239 3
1215 232 1
1216 224 1
1217 223 7
1218 229 0
1219 233 1
1220 238 9
1221 226 7
1222 227 5
1223 224 11
1224 235 0
1225 229 11
1226 229 6
1227 226 11
1228 234 6
1229 231 1
1230 232 5
1231 221 6
1232 229 5
1233 59 63
1234 56 53
1235 58 65
1236 56 53
1237 52 53
1238 59 49
1239 48 49
1240 49 52
1241 61 57
1242 60 56
1243 50 64
1244 48 58
1245 49 59
1246 48 64
1247 54 60
1248 65 53
1249 64 48
1250 52 49
1251 52 50
1252 48 54
1253 62 65
1254 225 107
1255 234 111
1256 228 112
1257 228 106
1258 228 114
1259 233 108
1260 228 118
1261 223 109
1262 224 110
1263 226 105
1264 228 109
1265 237 106
1266 239 118
1267 236 117
1268 222 117
1269 223 112
1270 231 116
1271 221 111
1272 221 115
1273 231 113
1274 226 106
1275 224 106
1276 233 104
1277 221 113
1278 230 108
1279 228 115
1280 222 111
1281 223 118
1282 222 111
1283 225 107
1284 156 26
1285 162 20
1286 166 28
1287 164 25
1288 157 17
1289 155 19
1290 165 24
1291 157 14
1292 153 28
1293 156 13
1294 161 16
1295 166 23
1296 153 13
1297 165 18
1298 164 12
1299 156 27
1300 163 23
1301 162 14
1302 165 17
1303 158 26
1304 164 13
1305 166 26
1306 160 24
1307 163 19
1308 166 18
1309 155 13
1310 165 22
1311 159 17
1312 158 27
1313 161 21
1314 42 25
1315 43 26
1316 36 24
1317 37 20
1318 34 16
1319 42 16
1320 34 13
1321 31 15
1322 39 23
1323 33 26
1324 37 13
1325 30 20
1326 38 20
1327 40 21
1328 47 26
1329 40 14
1330 46 19
1331 47 28
1332 39 24
1333 33 17
1334 46 19
1335 33 12
1336 33 17
1337 30 18
1338 39 18
1339 33 24
1340 34 23
1341 30 20
1342 29 26
1343 40 23
1344 215 169
1345 218 178
1346 215 174
1347 213 184
1348 208 174
1349 215 169
1350 205 171
1351 218 183
1352 215 181
1353 218 179
1354 205 180
1355 219 180
1356 211 170
1357 217 186
1358 219 185
1359 211 170
1360 219 186
1361 205 185
1362 210 183
1363 207 175
1364 216 170
1365 211 175
1366 209 179
1367 215 177
1368 205 174
1369 218 178
1370 205 176
1371 215 175
1372 211 184
1373 138 51
1374 151 60
1375 146 57
1376 147 54
1377 140 48
1378 148 53
1379 150 62
1380 151 54
1381 148 58
1382 150 50
1383 146 53
1384 151 56
1385 140 48
1386 136 63
1387 147 52
1388 135 57
1389 150 59
1390 152 54
1391 142 50
1392 150 56
1393 144 63
1394 136 65
1395 147 48
1396 149 58
1397 146 62
1398 144 51
1399 140 59
1400 148 62
1401 145 65
1402 138 55
1403 190 31
1404 191 46
1405 187 45
1406 202 38
1407 191 38
1408 191 37
1409 193 31
1410 203 30
1411 190 33
1412 194 39
1413 204 44
1414 204 40
1415 199 32
1416 195 29
1417 204 33
1418 189 40
1419 192 32
1420 204 36
1421 200 35
1422 204 45
1423 190 38
1424 191 37
1425 200 41
1426 189 43
1427 197 41
1428 204 35
1429 195 38
1430 194 32
1431 203 29
1432 200 29
1433 209 208
1434 216 212
1435 212 216
1436 214 215
1437 206 209
1438 214 211
1439 218 208
1440 205 206
1441 208 220
1442 211 218
1443 206 215
1444 209 215
1445 218 213
1446 205 220
1447 213 210
1448 211 207
1449 214 205
1450 218 212
1451 209 217
1452 219 205
1453 212 205
1454 208 213
1455 207 211
1456 216 47
1457 208 40
1458 209 31
1459 207 37
1460 206 41
1461 217 46
1462 219 39
1463 215 37
1464 216 42
1465 215 36
1466 215 34
1467 214 41
1468 213 39
1469 218 38
1470 208 43
1471 216 33
1472 219 41
1473 206 33
1474 211 46
1475 220 45
1476 211 41
1477 207 41
1478 217 46
1479 215 46
1480 213 29
1481 217 36
1482 216 39
1483 218 40
1484 208 32
1485 210 32
1486 58 73
1487 56 79
1488 59 77
1489 59 67
1490 59 74
1491 65 79
1492 63 67
1493 62 74
1494 51 73
1495 48 78
1496 57 77
1497 61 70
1498 52 83
1499 53 83
1500 51 69
1501 62 71
1502 56 66
1503 64 74
1504 61 81
1505 57 79
1506 53 66
1507 55 78
1508 58 83
1509 62 69
1510 53 71
1511 63 72
1512 64 72
1513 53 80
1514 56 79
1515 59 68
1516 1 150
1517 4 140
1518 5 138
1519 6 151
1520 9 137
1521 2 137
1522 1 141
1523 11 147
1524 11 137
1525 6 138
1526 5 151
1527 9 149
1528 10 150
1529 10 146
1530 11 148
1531 3 145
1532 4 139
1533 10 151
1534 2 146
1535 0 140
1536 7 136
1537 10 145
1538 4 148
1539 10 138
1540 11 143
1541 11 137
1542 7 141
1543 4 141
1544 2 136
1545 60 64
1546 56 54
1547 56 53
1548 57 58
1549 50 48
1550 63 49
1551 59 64
1552 59 51
1553 59 50
1554 51 60
1555 48 54
1556 56 60
1557 64 59
1558 53 49
1559 64 59
1560 63 49
1561 61 49
1562 49 57
1563 52 57
1564 198 85
1565 201 101
1566 198 99
1567 202 100
1568 190 97
1569 197 88
1570 193 88
1571 194 87
1572 202 90
1573 194 86
1574 200 103
1575 189 87
1576 194 84
1577 187 84
1578 200 98
1579 193 94
1580 200 98
1581 188 96
1582 197 96
1583 198 95
1584 187 87
1585 200 98
1586 197 102
1587 202 92
1588 203 98
1589 189 100
1590 189 89
1591 197 103
1592 195 87
1593 193 86
1594 219 10
1595 214 5
1596 219 7
1597 215 4
1598 206 7
1599 209 10
1600 216 5
1601 217 8
1602 216 10
1603 217 2
1604 215 3
1605 212 8
1606 219 1
1607 217 6
1608 211 3
1609 208 6
1610 209 11
1611 217 2
1612 206 0
1613 211 8
1614 208 8
1615 214 2
1616 206 4
1617 207 4
1618 214 10
1619 215 6
1620 210 0
1621 48 18
1622 52 18
1623 63 21
1624 63 15
1625 55 25
1626 49 25
1627 61 14
1628 59 20
1629 52 18
1630 58 20
1631 65 25
1632 58 20
1633 51 18
1634 58 12
1635 64 23
1636 63 18
1637 64 15
1638 64 12
1639 63 13
1640 57 22
1641 58 15
1642 63 17
1643 48 24
1644 63 15
1645 49 28
1646 54 14
1647 57 16
1648 58 19
1649 53 17
1650 60 25
1651 159 55
1652 153 50
1653 156 58
1654 155 59
1655 157 56
1656 159 49
1657 160 56
1658 160 57
1659 160 49
1660 154 58
1661 163 50
1662 159 57
1663 160 53
1664 153 56
1665 158 56
1666 165 64
1667 158 52
1668 158 53
1669 167 63
1670 166 54
1671 164 54
1672 154 65
1673 167 59
1674 153 51
1675 164 53
1676 163 65
1677 159 61
1678 162 65
1679 155 55
1680 159 55
1681 31 32
1682 42 43
1683 37 29
1684 38 45
1685 44 33
1686 46 37
1687 44 43
1688 36 40
1689 36 29
1690 29 37
1691 42 39
1692 29 46
1693 31 39
1694 38 29
1695 41 43
1696 34 42
1697 44 32
1698 32 46
1699 44 33
1700 45 38
1701 47 45
1702 33 44
1703 92 60
1704 93 49
1705 84 49
1706 93 54
1707 91 62
1708 94 64
1709 93 56
1710 93 57
1711 87 61
1712 89 58
1713 100 62
1714 90 60
1715 92 54
1716 88 58
1717 102 49
1718 102 52
1719 99 53
1720 86 50
1721 95 59
1722 86 54
1723 94 55
1724 100 54
1725 86 62
1726 84 48
1727 97 53
1728 84 60
1729 84 59
1730 97 48
1731 103 52
1732 92 54
1733 139 133
1734 147 121
1735 136 132
1736 139 131
1737 136 128
1738 150 122
1739 135 131
1740 145 124
1741 151 122
1742 146 133
1743 148 129
1744 148 122
1745 138 120
1746 148 124
1747 148 134
1748 152 123
1749 135 125
1750 141 123
1751 150 120
1752 140 131
1753 143 122
1754 141 125
1755 137 124
1756 146 126
1757 142 127
1758 135 120
1759 148 132
1760 138 124
1761 138 123
1762 136 120
1763 195 237
1764 203 229
1765 203 238
1766 197 222
1767 204 222
1768 191 231
1769 190 229
1770 193 232
1771 190 237
1772 188 239
1773 191 228
1774 188 235
1775 198 224
1776 202 229
1777 196 223
1778 192 222
1779 188 233
1780 198 227
1781 199 224
1782 191 239
1783 192 224
1784 202 237
1785 201 231
1786 201 225
1787 189 226
1788 196 222
1789 196 232
1790 193 226
1791 190 230
1792 196 225
1793 8 119
1794 3 118
1795 3 114
1796 11 104
1797 9 114
1798 6 105
1799 0 118
1800 5 105
1801 0 111
1802 5 109
1803 7 118
1804 3 114
1805 9 107
1806 5 112
1807 0 108
1808 7 111
1809 7 107
1810 10 115
1811 4 117
1812 5 113
1813 0 115
1814 9 115
1815 7 114
1816 8 119
1817 8 114
1818 8 117
1819 10 114
1820 9 107
1821 0 117
1822 7 110
1823 35 207
1824 41 220
1825 29 220
1826 31 220
1827 37 214
1828 43 216
1829 35 205
1830 45 213
1831 46 208
1832 29 207
1833 39 206
1834 35 212
1835 40 209
1836 46 217
1837 44 217
1838 47 205
1839 39 206
1840 36 220
1841 47 211
1842 47 218
1843 44 220
1844 43 205
1845 31 206
1846 39 210
1847 36 217
1848 41 219
1849 37 213
1850 42 212
1851 41 215
1852 31 219
1853 9 114
1854 5 114
1855 8 117
1856 1 109
1857 10 110
1858 8 116
1859 5 119
1860 1 119
1861 1 106
1862 11 109
1863 6 119
1864 11 109
1865 10 109
1866 6 111
1867 9 113
1868 11 108
1869 10 113
1870 10 114
1871 10 111
1872 3 114
1873 9 111
1874 5 114
1875 5 106
1876 1 109
1877 10 108
1878 10 112
1879 3 118
1880 6 106
1881 80 184
1882 67 178
1883 81 174
1884 69 173
1885 73 184
1886 75 175
1887 70 176
1888 74 169
1889 74 174
1890 73 176
1891 77 169
1892 73 174
1893 82 168
1894 77 185
1895 81 176
1896 82 183
1897 78 176
1898 71 172
1899 79 175
1900 66 175
1901 66 168
1902 77 177
1903 66 172
1904 68 170
1905 83 168
1906 79 170
1907 79 176
1908 73 185
1909 74 170
1910 76 177
1911 219 2
1912 210 11
1913 217 2
1914 218 8
1915 211 4
1916 218 11
1917 206 11
1918 218 6
1919 211 1
1920 212 9
1921 220 0
1922 212 1
1923 218 0
1924 206 3
1925 219 5
1926 220 5
1927 207 8
1928 211 6
1929 206 6
1930 210 11
1931 205 8
1932 219 7
1933 217 2
1934 217 4
1935 220 8
1936 212 4
1937 214 8
1938 208 4
1939 220 7
1940 10 89
1941 2 97
1942 1 88
1943 2 91
1944 9 91
1945 8 102
1946 5 91
1947 3 87
1948 7 102
1949 2 86
1950 5 96
1951 0 102
1952 10 96
1953 8 89
1954 10 103
1955 10 100
1956 4 102
1957 11 97
1958 6 97
1959 8 93
1960 4 95
1961 11 90
1962 5 86
1963 8 96
1964 8 86
1965 4 100
1966 0 86
1967 9 90
1968 6 89
1969 3 95
1970 35 215
1971 32 208
1972 34 215
1973 37 206
1974 45 206
1975 29 215
1976 40 215
1977 47 212
1978 40 220
1979 35 210
1980 47 208
1981 29 220
1982 32 207
1983 30 206
1984 33 209
1985 42 210
1986 38 208
1987 37 213
1988 33 218
1989 41 216
1990 41 215
1991 29 205
1992 29 213
1993 44 220
1994 39 217
1995 40 206
1996 43 211
1997 41 220
1998 42 216
1999 30 208
2000 14 155
2001 23 156
2002 27 153
2003 28 162
2004 25 165
2005 24 166
2006 24 157
2007 22 159
2008 22 158
2009 23 154
2010 24 153
2011 19 167
2012 15 165
2013 14 159
2014 24 163
2015 13 154
2016 28 166
2017 13 159
2018 22 162
2019 14 154
2020 20 163
2021 26 158
2022 24 154
2023 23 165
2024 13 154
2025 18 156
2026 23 153
2027 16 160
2028 23 164
2029 27 163
2030 126 227
2031 121 234
2032 134 239
2033 134 222
2034 130 232
2035 133 230
2036 134 239
2037 128 226
2038 127 227
2039 120 233
2040 134 237
2041 129 236
2042 128 221
2043 127 236
2044 134 237
2045 134 237
2046 127 227
2047 129 223
2048 120 225
2049 128 232
2050 127 233
2051 124 234
2052 132 236
2053 129 221
2054 120 239
2055 120 231
2056 121 233
2057 132 225
2058 133 229
2059 125 239
2060 70 235
2061 79 231
2062 70 235
2063 72 225
2064 77 229
2065 73 223
2066 72 233
2067 70 232
2068 81 225
2069 72 237
2070 69 226
2071 77 236
2072 69 228
2073 69 224
2074 76 224
2075 82 228
2076 81 223
2077 66 224
2078 66 231
2079 81 221
2080 77 238
2081 74 228
2082 75 230
2083 69 233
2084 71 221
2085 82 238
2086 70 233
2087 75 229
2088 79 228
2089 67 239
2090 43 144
2091 39 147
2092 41 142
2093 44 152
2094 39 143
2095 38 147
2096 41 139
2097 32 135
2098 44 137
2099 33 135
2100 41 146
2101 47 142
2102 42 141
2103 30 142
2104 46 139
2105 44 141
2106 39 151
2107 40 146
2108 47 139
2109 37 139
2110 41 151
2111 47 147
2112 37 151
2113 36 140
2114 35 136
2115 37 136
2116 29 147
2117 47 141
2118 30 144
2119 31 145
2120 70 172
2121 70 182
2122 71 186
2123 72 183
2124 74 186
2125 81 181
2126 71 175
2127 73 172
2128 68 168
2129 78 186
2130 76 170
2131 78 169
2132 71 186
2133 72 183
2134 70 178
2135 66 180
2136 79 185
2137 81 170
2138 74 176
2139 73 178
2140 79 185
2141 80 169
2142 66 184
2143 69 185
2144 70 184
2145 70 176
2146 82 172
2147 71 186
2148 83 184
2149 73 170
2150 202 194
2151 190 188
2152 188 203
2153 197 204
2154 189 191
2155 198 191
2156 187 201
2157 203 188
2158 201 191
2159 188 198
2160 189 191
2161 189 204
2162 190 193
2163 197 204
2164 201 190
2165 189 195
2166 192 190
2167 195 194
2168 199 196
2169 195 193
2170 80 56
2171 83 54
2172 82 52
2173 72 60
2174 81 64
2175 77 49
2176 67 54
2177 67 54
2178 75 62
2179 82 58
2180 69 60
2181 72 55
2182 73 56
2183 81 65
2184 68 63
2185 69 50
2186 82 61
2187 66 53
2188 74 57
2189 67 57
2190 82 49
2191 67 61
2192 67 65
2193 80 61
2194 68 54
2195 67 53
2196 76 65
2197 69 58
2198 68 51
2199 77 62
2200 169 184
2201 182 185
2202 179 170
2203 178 176
2204 168 176
2205 172 183
2206 171 173
2207 186 172
2208 169 175
2209 184 186
2210 182 185
2211 183 175
2212 182 175
2213 176 170
2214 170 169
2215 182 184
2216 179 176
2217 173 181
2218 183 178
2219 174 183
2220 177 176
2221 185 178
2222 183 177
2223 181 175
2224 179 170
2225 175 179
2226 170 175
2227 184 183
2228 96 0
2229 87 4
2230 87 3
2231 103 7
2232 97 4
2233 96 9
2234 89 3
2235 103 6
2236 91 9
2237 86 0
2238 97 5
2239 101 3
2240 92 0
2241 85 6
2242 99 6
2243 97 5
2244 89 0
2245 100 9
2246 98 5
2247 96 2
2248 103 10
2249 103 9
2250 90 10
2251 99 7
2252 86 3
2253 88 5
2254 103 7
2255 97 2
2256 100 4
2257 88 9
2258 13 10
2259 13 1
2260 20 2
2261 25 1
2262 15 1
2263 13 7
2264 13 11
2265 22 8
2266 18 3
2267 16 2
2268 25 7
2269 14 10
2270 22 0
2271 23 10
2272 17 4
2273 20 8
2274 19 3
2275 27 6
2276 19 6
2277 18 4
2278 18 11
2279 22 0
2280 16 0
2281 28 10
2282 12 4
2283 19 3
2284 26 10
2285 27 1
2286 174 188
2287 183 197
2288 169 193
2289 186 196
2290 176 198
2291 182 198
2292 174 194
2293 180 202
2294 169 188
2295 177 204
2296 171 198
2297 173 190
2298 169 194
2299 177 198
2300 173 193
2301 184 192
2302 179 203
2303 180 188
2304 177 204
2305 168 196
2306 185 192
2307 173 204
2308 177 200
2309 179 198
2310 182 190
2311 168 193
2312 186 195
2313 181 201
2314 172 202
2315 176 200
2316 6 47
2317 8 47
2318 8 41
2319 5 31
2320 2 31
2321 0 47
2322 8 39
2323 1 40
2324 11 35
2325 0 46
2326 2 32
2327 4 41
2328 11 42
2329 7 38
2330 0 42
2331 3 40
2332 8 44
2333 5 33
2334 3 34
2335 5 35
2336 4 45
2337 7 43
2338 7 44
2339 0 46
2340 3 34
2341 6 38
2342 2 45
2343 0 34
2344 6 32
2345 5 45
2346 163 195
2347 158 204
2348 165 204
2349 154 202
2350 161 195
2351 165 187
2352 156 192
2353 165 193
2354 154 188
2355 156 194
2356 155 196
2357 155 203
2358 156 203
2359 157 201
2360 160 192
2361 153 198
2362 162 202
2363 153 203
2364 165 192
2365 157 187
2366 167 193
2367 155 190
2368 153 194
2369 156 197
2370 159 194
2371 162 192
2372 153 198
2373 158 191
2374 166 187
2375 159 192
2376 213 181
2377 216 186
2378 208 181
2379 209 182
2380 213 179
2381 214 181
2382 207 181
2383 218 184
2384 215 169
2385 210 175
2386 219 181
2387 205 169
2388 219 169
2389 214 180
2390 208 180
2391 207 173
2392 217 181
2393 220 170
2394 216 168
2395 214 179
2396 218 178
2397 218 171
2398 220 181
2399 205 174
2400 207 176
2401 219 172
2402 214 181
2403 216 173
2404 213 177
2405 219 177
2406 3 81
2407 3 67
2408 3 73
2409 2 70
2410 7 78
2411 4 70
2412 7 80
2413 7 73
2414 11 68
2415 2 72
2416 5 77
2417 1 74
2418 2 77
2419 7 80
2420 1 69
2421 5 77
2422 11 82
2423 10 79
2424 4 69
2425 7 71
2426 5 70
2427 2 67
2428 7 76
2429 9 81
2430 6 74
2431 6 76
2432 2 77
2433 11 71
2434 9 68
2435 11 74
2436 208 239
2437 217 231
2438 206 226
2439 209 226
2440 217 230
2441 207 227
2442 207 236
2443 205 225
2444 216 225
2445 206 231
2446 216 232
2447 212 234
2448 212 239
2449 210 229
2450 208 223
2451 215 221
2452 211 222
2453 207 229
2454 209 239
2455 220 229
2456 206 225
2457 205 229
2458 208 221
2459 207 222
2460 215 225
2461 206 226
2462 210 231
2463 210 233
2464 218 233
2465 208 222
2466 6 107
2467 7 112
2468 2 118
2469 10 110
2470 11 104
2471 3 111
2472 1 110
2473 2 118
2474 11 112
2475 8 107
2476 2 107
2477 4 114
2478 1 111
2479 6 112
2480 2 112
2481 2 113
2482 3 110
2483 10 117
2484 2 116
2485 3 112
2486 7 114
2487 8 105
2488 4 107
2489 9 109
2490 9 114
2491 1 118
2492 8 119
2493 4 105
2494 9 107
2495 99 65
2496 93 54
2497 94 52
2498 99 53
2499 95 53
2500 102 50
2501 99 50
2502 100 52
2503 101 62
2504 89 61
2505 98 49
2506 98 64
2507 103 55
2508 89 57
2509 85 63
2510 84 57
2511 100 51
2512 99 65
2513 90 60
2514 90 61
2515 94 48
2516 103 57
2517 92 60
2518 100 55
2519 86 57
2520 96 64
2521 92 49
2522 93 62
2523 85 60
2524 85 64
2525 68 3
2526 79 0
2527 82 5
2528 68 7
2529 75 5
2530 83 5
2531 73 7
2532 66 8
2533 83 7
2534 73 11
2535 76 2
2536 69 5
2537 72 8
2538 68 4
2539 79 10
2540 76 9
2541 80 7
2542 80 8
2543 72 4
2544 82 1
2545 81 0
2546 74 3
2547 82 4
2548 74 3
2549 70 2
2550 69 9
2551 81 6
2552 72 2
2553 236 205
2554 233 216
2555 237 206
2556 232 207
2557 225 215
2558 225 214
2559 228 206
2560 239 207
2561 230 210
2562 224 216
2563 222 216
2564 221 210
2565 230 207
2566 229 207
2567 233 206
2568 238 217
2569 223 209
2570 235 215
2571 222 219
2572 226 214
2573 222 207
2574 233 209
2575 236 206
2576 233 208
2577 228 209
2578 232 210
2579 224 212
2580 222 206
2581 222 215
2582 222 205
2583 135 17
2584 137 25
2585 138 28
2586 147 15
2587 146 28
2588 145 16
2589 148 26
2590 151 26
2591 151 20
2592 140 25
2593 149 17
2594 141 15
2595 137 12
2596 149 21
2597 138 27
2598 140 13
2599 143 21
2600 146 12
2601 147 25
2602 143 21
2603 148 27
2604 152 18
2605 136 22
2606 149 20
2607 150 28
2608 138 16
2609 149 24
2610 139 19
2611 135 22
2612 142 24
2613 70 235
2614 68 231
2615 70 225
2616 81 237
2617 77 224
2618 80 221
2619 79 239
2620 80 226
2621 80 239
2622 81 223
2623 78 231
2624 83 230
2625 69 228
2626 76 223
2627 79 224
2628 67 231
2629 79 222
2630 66 229
2631 67 232
2632 81 223
2633 81 229
2634 78 235
2635 80 224
2636 73 229
2637 70 232
2638 73 221
2639 80 228
2640 75 236
2641 83 231
2642 82 233
2643 116 9
2644 108 0
2645 108 5
2646 112 7
2647 118 0
2648 116 0
2649 111 6
2650 115 10
2651 107 6
2652 109 3
2653 107 5
2654 107 2
2655 116 8
2656 114 10
2657 115 7
2658 116 3
2659 117 1
2660 112 0
2661 116 9
2662 105 10
2663 104 0
2664 117 3
2665 119 2
2666 114 7
2667 110 9
2668 110 4
2669 105 11
2670 113 10
2671 112 5
2672 23 172
2673 14 182
2674 13 170
2675 13 175
2676 20 176
2677 15 169
2678 17 182
2679 28 181
2680 13 168
2681 21 177
2682 23 169
2683 14 180
2684 16 180
2685 13 182
2686 20 170
2687 27 172
2688 25 186
2689 28 176
2690 12 172
2691 26 169
2692 24 185
2693 25 179
2694 26 184
2695 24 170
2696 12 179
2697 19 172
2698 22 179
2699 16 182
2700 27 179
2701 14 185
2702 5 28
2703 4 18
2704 7 26
2705 0 21
2706 11 28
2707 10 28
2708 1 16
2709 7 26
2710 1 18
2711 11 24
2712 0 23
2713 1 20
2714 10 21
2715 2 28
2716 4 25
2717 10 21
2718 9 19
2719 10 26
2720 1 16
2721 0 19
2722 8 15
2723 9 16
2724 0 14
2725 8 27
2726 2 20
2727 10 16
2728 6 24
2729 8 13
2730 2 21
2731 6 19
2732 0 88
2733 5 85
2734 7 98
2735 2 102
2736 7 88
2737 2 88
2738 3 92
2739 11 88
2740 7 93
2741 4 86
2742 6 93
2743 4 96
2744 3 98
2745 6 92
2746 1 84
2747 8 92
2748 0 88
2749 0 95
2750 1 84
2751 4 99
2752 3 97
2753 5 95
2754 6 85
2755 7 92
2756 4 102
2757 10 103
2758 1 96
2759 6 89
2760 172 219
2761 185 214
2762 173 220
2763 176 207
2764 181 216
2765 184 208
2766 178 206
2767 186 212
2768 169 211
2769 173 207
2770 185 207
2771 174 205
2772 174 211
2773 186 219
2774 169 211
2775 171 216
2776 178 211
2777 172 218
2778 172 213
2779 175 208
2780 169 210
2781 180 213
2782 173 215
2783 173 209
2784 186 212
2785 172 209
2786 182 218
2787 168 210
2788 174 208
2789 175 210
2790 216 114
2791 209 117
2792 205 113
2793 216 108
2794 215 110
2795 213 118
2796 206 118
2797 216 113
2798 214 107
2799 217 111
2800 215 118
2801 205 119
2802 209 118
2803 216 112
2804 212 119
2805 218 105
2806 206 104
2807 217 104
2808 205 118
2809 205 113
2810 205 104
2811 220 104
2812 218 114
2813 215 109
2814 209 114
2815 216 105
2816 212 117
2817 220 119
2818 217 104
2819 211 109
2820 169 7
2821 184 5
2822 170 9
2823 177 1
2824 177 6
2825 183 1
2826 175 9
2827 177 3
2828 186 5
2829 177 0
2830 177 5
2831 172 6
2832 185 7
2833 176 11
2834 176 0
2835 176 0
2836 184 9
2837 172 7
2838 181 11
2839 171 1
2840 169 9
2841 184 2
2842 176 4
2843 173 1
2844 180 1
2845 172 9
2846 185 7
2847 184 1
2848 180 10
2849 173 10
