245 265 10 2937
0 7
1 5
2 7
3 7
4 6
5 7
6 8
7 10
8 6
9 7
10 11
11 9
12 4
13 3
14 3
15 4
16 3
17 3
18 3
19 4
20 5
21 4
22 3
23 3
24 3
25 3
26 6
27 3
28 3
29 3
30 3
31 3
32 3
33 5
34 3
35 4
36 3
37 3
38 3
39 3
40 3
41 4
42 3
43 3
44 5
45 3
46 3
47 4
48 3
49 3
50 3
51 3
52 5
53 3
54 3
55 4
56 4
57 3
58 5
59 3
60 3
61 3
62 3
63 5
64 3
65 3
66 3
67 3
68 4
69 4
70 4
71 5
72 3
73 3
74 3
75 3
76 4
77 7
78 5
79 3
80 3
81 3
82 3
83 3
84 3
85 3
86 5
87 3
88 3
89 3
90 3
91 5
92 6
93 4
94 3
95 3
96 3
97 3
98 3
99 4
100 3
101 3
102 4
103 3
104 3
105 3
106 4
107 3
108 3
109 3
110 3
111 3
112 3
113 3
114 3
115 5
116 3
117 3
118 4
119 4
120 4
121 3
122 3
123 3
124 3
125 5
126 3
127 3
128 3
129 3
130 3
131 3
132 3
133 4
134 3
135 3
136 4
137 5
138 3
139 3
140 3
141 3
142 3
143 4
144 3
145 3
146 5
147 5
148 3
149 4
150 3
151 4
152 3
153 3
154 3
155 3
156 3
157 3
158 4
159 3
160 3
161 5
162 3
163 3
164 4
165 3
166 3
167 4
168 3
169 4
170 4
171 3
172 3
173 3
174 3
175 3
176 6
177 4
178 3
179 3
180 7
181 5
182 3
183 3
184 3
185 4
186 3
187 3
188 3
189 3
190 3
191 3
192 3
193 3
194 3
195 3
196 3
197 3
198 3
199 3
200 3
201 4
202 3
203 4
204 3
205 3
206 3
207 3
208 4
209 3
210 3
211 3
212 6
213 3
214 3
215 3
216 3
217 3
218 3
219 3
220 4
221 3
222 3
223 3
224 3
225 4
226 3
227 4
228 3
229 3
230 4
231 4
232 7
233 3
234 4
235 4
236 3
237 3
238 4
239 3
240 4
241 3
242 3
243 3
244 3
0 0 1
1 0 2
2 0 4
3 0 7
4 0 8
5 0 9
6 1 3
7 1 6
8 1 10
9 1 92
10 2 5
11 2 7
12 2 8
13 2 10
14 2 60
15 2 193
16 3 4
17 3 7
18 3 10
19 3 11
20 4 6
21 4 10
22 4 11
23 4 143
24 5 6
25 5 7
26 5 9
27 5 10
28 5 44
29 6 7
30 6 11
31 6 176
32 6 212
33 7 8
34 7 9
35 7 227
36 8 10
37 9 10
38 9 11
39 9 109
40 9 125
41 10 11
42 10 12
43 10 27
44 11 76
45 11 158
46 12 19
47 13 15
48 14 20
49 15 25
50 15 26
51 16 23
52 17 25
53 18 23
54 18 21
55 19 26
56 20 22
57 20 21
58 20 26
59 24 26
60 27 41
61 28 35
62 29 34
63 29 31
64 30 38
65 31 36
66 31 43
67 32 37
68 33 35
69 33 38
70 33 39
71 34 37
72 36 41
73 39 40
74 39 41
75 41 42
76 44 51
77 44 52
78 44 56
79 45 48
80 45 58
81 45 55
82 46 52
83 47 55
84 47 59
85 49 58
86 50 54
87 50 52
88 52 53
89 54 57
90 56 58
91 60 63
92 61 69
93 62 71
94 63 69
95 63 73
96 64 71
97 65 72
98 66 74
99 67 70
100 68 72
101 68 70
102 68 69
103 70 74
104 71 73
105 71 75
106 76 91
107 77 79
108 77 84
109 77 78
110 77 83
111 77 86
112 78 82
113 78 89
114 80 91
115 81 91
116 82 87
117 83 90
118 85 87
119 86 88
120 86 91
121 92 98
122 92 99
123 92 104
124 92 106
125 93 107
126 93 104
127 94 98
128 95 102
129 96 102
130 96 106
131 97 100
132 99 100
133 99 101
134 103 107
135 105 106
136 105 108
137 109 123
138 109 120
139 110 114
140 111 117
141 111 119
142 112 114
143 112 124
144 113 118
145 114 115
146 115 122
147 115 120
148 116 122
149 118 123
150 119 121
151 120 121
152 125 132
153 125 137
154 126 133
155 127 136
156 128 136
157 129 138
158 129 130
159 130 135
160 131 137
161 131 142
162 132 139
163 133 135
164 133 134
165 134 137
166 136 141
167 136 142
168 140 142
169 143 144
170 143 156
171 143 146
172 145 156
173 146 151
174 146 149
175 147 153
176 147 154
177 147 157
178 148 152
179 149 155
180 149 157
181 150 151
182 152 157
183 158 169
184 159 173
185 160 170
186 160 164
187 161 172
188 161 164
189 161 175
190 162 173
191 162 163
192 162 170
193 163 167
194 164 165
195 164 171
196 166 172
197 167 174
198 168 171
199 169 170
200 176 179
201 176 191
202 176 181
203 177 182
204 177 184
205 177 187
206 178 180
207 180 186
208 180 183
209 180 185
210 180 192
211 181 189
212 181 185
213 183 190
214 187 191
215 188 190
216 193 209
217 193 201
218 194 205
219 195 204
220 195 208
221 196 200
222 197 198
223 197 203
224 198 206
225 199 203
226 200 202
227 201 210
228 201 202
229 202 207
230 203 208
231 205 206
232 206 207
233 208 211
234 212 221
235 212 223
236 212 225
237 213 219
238 214 215
239 215 225
240 216 218
241 216 223
242 217 222
243 219 220
244 220 224
245 222 226
246 224 226
247 225 226
248 227 243
249 227 240
250 228 232
251 228 240
252 229 234
253 230 242
254 230 239
255 231 236
256 231 232
257 232 237
258 232 241
259 232 239
260 233 237
261 234 238
262 235 238
263 235 240
264 240 244
0 15 178
1 16 186
2 20 187
3 15 177
4 26 191
5 17 186
6 13 192
7 12 188
8 17 188
9 17 181
10 18 178
11 12 183
12 13 188
13 18 186
14 21 186
15 14 178
16 19 185
17 26 184
18 17 177
19 17 178
20 21 186
21 23 188
22 15 186
23 24 189
24 15 176
25 17 188
26 25 187
27 25 181
28 15 176
29 23 184
30 24 90
31 26 89
32 13 91
33 17 87
34 18 87
35 23 91
36 13 87
37 16 78
38 20 85
39 15 86
40 17 81
41 22 82
42 26 83
43 20 83
44 21 90
45 21 83
46 24 79
47 17 77
48 15 86
49 15 78
50 25 86
51 13 87
52 20 81
53 19 88
54 20 91
55 22 89
56 18 89
57 24 81
58 14 80
59 25 81
60 5 21
61 2 23
62 3 20
63 8 13
64 1 24
65 0 25
66 9 14
67 2 25
68 5 18
69 10 26
70 5 21
71 3 25
72 8 18
73 2 21
74 2 20
75 5 14
76 8 21
77 4 19
78 3 23
79 11 16
80 8 19
81 9 13
82 6 13
83 4 21
84 1 22
85 4 22
86 0 14
87 0 20
88 5 21
89 118 76
90 117 88
91 117 90
92 111 84
93 117 83
94 112 89
95 112 76
96 120 78
97 114 91
98 116 76
99 115 77
100 110 88
101 122 79
102 116 83
103 109 89
104 122 85
105 111 82
106 109 88
107 124 79
108 109 78
109 113 91
110 115 89
111 116 80
112 115 90
113 115 82
114 112 76
115 119 77
116 124 76
117 123 83
118 113 91
119 84 152
120 82 144
121 86 145
122 89 156
123 85 152
124 82 157
125 76 148
126 86 148
127 82 148
128 82 153
129 83 143
130 89 150
131 91 156
132 84 156
133 87 145
134 81 143
135 82 153
136 77 156
137 76 146
138 79 154
139 86 152
140 82 153
141 79 146
142 78 156
143 85 149
144 84 157
145 83 155
146 76 144
147 87 148
148 90 146
149 178 134
150 176 135
151 177 132
152 190 141
153 190 131
154 192 133
155 185 132
156 192 126
157 179 137
158 183 142
159 180 142
160 190 137
161 182 126
162 188 126
163 179 139
164 191 132
165 178 139
166 180 129
167 191 125
168 189 135
169 183 125
170 178 129
171 184 125
172 180 127
173 192 141
174 191 133
175 183 130
176 182 140
177 184 130
178 178 137
179 185 20
180 186 14
181 187 22
182 189 16
183 184 25
184 182 17
185 192 16
186 187 18
187 183 17
188 191 19
189 182 24
190 188 18
191 190 16
192 187 17
193 190 16
194 188 17
195 192 22
196 191 19
197 181 12
198 183 18
199 178 26
200 187 17
201 182 20
202 180 13
203 192 13
204 181 19
205 182 21
206 185 20
207 176 24
208 192 20
209 222 114
210 222 109
211 224 115
212 217 119
213 225 119
214 214 122
215 225 117
216 213 115
217 221 114
218 214 109
219 226 117
220 222 118
221 224 119
222 218 111
223 215 124
224 213 113
225 220 116
226 224 121
227 224 123
228 213 120
229 223 124
230 220 120
231 216 118
232 216 119
233 225 110
234 215 110
235 220 124
236 224 119
237 220 124
238 220 112
239 59 229
240 47 231
241 44 240
242 50 230
243 50 241
244 58 237
245 46 238
246 45 227
247 44 234
248 48 229
249 58 242
250 57 230
251 47 241
252 56 230
253 48 230
254 49 228
255 44 238
256 55 244
257 49 235
258 45 231
259 57 244
260 47 236
261 47 238
262 54 241
263 55 238
264 49 232
265 49 241
266 55 239
267 46 235
268 53 240
269 100 110
270 105 117
271 105 116
272 102 115
273 107 121
274 95 117
275 108 114
276 92 124
277 102 117
278 104 109
279 107 111
280 103 121
281 97 124
282 102 115
283 99 113
284 107 111
285 105 109
286 97 124
287 92 112
288 102 119
289 97 114
290 103 124
291 101 112
292 107 121
293 93 112
294 92 116
295 108 114
296 92 112
297 97 116
298 102 115
299 6 169
300 6 169
301 11 168
302 7 163
303 2 169
304 6 167
305 10 163
306 11 174
307 5 166
308 2 174
309 11 160
310 3 172
311 1 170
312 5 173
313 1 170
314 0 162
315 4 163
316 9 167
317 7 158
318 8 167
319 0 168
320 1 170
321 5 168
322 6 166
323 7 158
324 4 167
325 4 160
326 11 172
327 3 172
328 7 164
329 62 215
330 69 222
331 63 217
332 68 213
333 61 212
334 65 223
335 60 220
336 60 213
337 69 218
338 75 215
339 62 218
340 63 212
341 68 223
342 64 225
343 72 214
344 64 221
345 68 212
346 69 216
347 63 226
348 67 222
349 68 212
350 66 219
351 70 225
352 68 214
353 63 218
354 75 220
355 72 222
356 74 217
357 64 224
358 66 218
359 232 132
360 244 136
361 231 130
362 228 140
363 229 136
364 241 128
365 231 130
366 230 135
367 233 129
368 243 135
369 236 139
370 229 136
371 230 132
372 242 127
373 240 141
374 240 131
375 236 141
376 236 136
377 239 126
378 243 140
379 241 140
380 237 127
381 235 135
382 234 141
383 244 137
384 244 137
385 236 137
386 241 142
387 230 132
388 238 136
389 137 157
390 135 152
391 136 145
392 137 155
393 133 147
394 131 144
395 134 144
396 127 147
397 127 144
398 140 151
399 132 151
400 136 156
401 125 146
402 130 155
403 134 143
404 128 156
405 128 150
406 138 151
407 139 155
408 134 155
409 130 143
410 133 155
411 125 155
412 131 152
413 126 151
414 128 145
415 128 153
416 139 152
417 125 154
418 125 153
419 168 177
420 171 177
421 163 187
422 175 190
423 162 181
424 160 185
425 174 186
426 173 184
427 163 184
428 165 190
429 167 182
430 172 182
431 165 186
432 162 187
433 168 178
434 165 187
435 173 181
436 174 182
437 169 192
438 171 178
439 169 180
440 166 188
441 170 186
442 170 178
443 171 188
444 159 187
445 173 179
446 172 178
447 161 181
448 164 189
449 177 80
450 181 82
451 191 84
452 180 77
453 190 89
454 179 89
455 179 78
456 181 83
457 177 80
458 179 91
459 189 82
460 190 76
461 176 84
462 184 76
463 185 91
464 184 78
465 184 90
466 191 76
467 192 77
468 178 91
469 187 87
470 187 91
471 177 83
472 184 83
473 192 85
474 187 76
475 185 80
476 183 79
477 192 79
478 183 76
479 236 159
480 242 161
481 240 161
482 242 161
483 239 173
484 238 165
485 228 162
486 227 167
487 231 169
488 243 163
489 241 162
490 238 168
491 244 168
492 227 161
493 232 163
494 232 160
495 227 163
496 239 159
497 241 174
498 242 175
499 230 173
500 235 165
501 239 170
502 232 167
503 236 163
504 238 170
505 236 166
506 241 165
507 240 172
508 243 158
509 22 163
510 24 173
511 14 171
512 13 169
513 20 163
514 26 170
515 17 166
516 25 171
517 18 171
518 26 166
519 25 170
520 12 159
521 18 168
522 22 168
523 26 175
524 17 169
525 20 163
526 14 163
527 26 163
528 14 167
529 17 164
530 18 172
531 20 164
532 17 171
533 14 168
534 19 159
535 23 159
536 14 175
537 26 166
538 15 161
539 131 144
540 126 154
541 127 155
542 135 148
543 131 148
544 133 144
545 136 150
546 142 155
547 138 146
548 131 144
549 129 145
550 141 143
551 126 144
552 135 149
553 139 145
554 132 148
555 127 148
556 130 155
557 141 157
558 129 148
559 128 147
560 139 154
561 142 156
562 141 150
563 142 145
564 135 147
565 128 146
566 134 156
567 135 143
568 135 147
569 150 72
570 157 70
571 157 73
572 146 75
573 152 69
574 155 60
575 145 60
576 147 67
577 154 64
578 149 64
579 153 66
580 152 73
581 156 70
582 148 62
583 156 72
584 144 71
585 146 63
586 145 73
587 149 62
588 155 73
589 144 65
590 156 67
591 146 61
592 157 61
593 150 75
594 144 66
595 149 68
596 146 73
597 156 71
598 150 68
599 75 10
600 62 5
601 61 10
602 74 8
603 71 2
604 64 11
605 71 8
606 60 6
607 69 1
608 65 10
609 68 1
610 69 10
611 64 8
612 70 1
613 67 1
614 74 2
615 72 9
616 75 1
617 64 4
618 65 11
619 65 8
620 69 5
621 70 2
622 67 2
623 62 6
624 65 8
625 61 7
626 65 0
627 71 10
628 74 5
629 137 73
630 132 63
631 140 73
632 135 69
633 126 65
634 127 64
635 127 64
636 137 72
637 131 75
638 139 62
639 126 61
640 134 75
641 136 69
642 128 74
643 131 70
644 125 69
645 136 66
646 126 73
647 126 61
648 140 68
649 135 61
650 140 65
651 132 75
652 132 67
653 137 72
654 138 75
655 135 70
656 135 72
657 130 63
658 136 65
659 16 217
660 16 222
661 13 222
662 26 212
663 15 216
664 20 222
665 17 219
666 16 214
667 12 215
668 16 212
669 19 223
670 14 214
671 16 221
672 12 218
673 19 215
674 17 221
675 14 213
676 15 215
677 13 224
678 22 217
679 20 214
680 21 216
681 22 224
682 17 223
683 25 214
684 25 218
685 20 218
686 19 223
687 19 218
688 18 214
689 216 187
690 216 183
691 222 179
692 214 177
693 218 191
694 224 180
695 214 180
696 226 186
697 225 190
698 216 190
699 219 178
700 224 184
701 222 191
702 218 192
703 222 176
704 222 192
705 220 184
706 219 176
707 223 180
708 213 179
709 217 185
710 213 192
711 217 179
712 225 190
713 226 180
714 212 185
715 216 178
716 224 181
717 212 190
718 220 189
719 241 129
720 244 131
721 236 139
722 227 136
723 229 126
724 233 140
725 229 137
726 242 142
727 233 127
728 230 127
729 232 140
730 238 136
731 241 132
732 238 133
733 234 135
734 235 142
735 230 125
736 234 136
737 233 141
738 243 134
739 230 130
740 228 130
741 233 133
742 229 142
743 235 127
744 241 133
745 227 134
746 228 129
747 239 134
748 235 125
749 179 242
750 180 240
751 181 228
752 179 237
753 181 235
754 184 235
755 180 241
756 186 228
757 188 229
758 182 230
759 184 231
760 187 235
761 185 242
762 183 236
763 185 239
764 188 236
765 181 244
766 186 234
767 188 236
768 189 228
769 185 235
770 185 234
771 189 233
772 182 229
773 182 227
774 180 242
775 177 240
776 188 228
777 177 228
778 180 233
779 106 143
780 92 145
781 103 156
782 107 157
783 106 157
784 98 157
785 107 156
786 107 156
787 95 147
788 104 155
789 96 155
790 96 151
791 104 150
792 108 152
793 105 153
794 95 150
795 104 150
796 100 143
797 105 154
798 104 147
799 99 150
800 94 149
801 98 156
802 106 150
803 101 151
804 106 150
805 92 144
806 99 154
807 98 149
808 93 151
809 103 20
810 107 21
811 94 21
812 94 14
813 100 13
814 104 22
815 107 22
816 107 18
817 97 14
818 103 21
819 98 13
820 104 17
821 103 24
822 99 25
823 103 17
824 93 22
825 96 24
826 103 15
827 100 20
828 96 20
829 97 13
830 95 13
831 93 14
832 93 23
833 92 12
834 101 19
835 105 25
836 106 21
837 102 26
838 104 24
839 45 64
840 56 70
841 46 60
842 46 75
843 59 68
844 44 73
845 53 66
846 52 74
847 51 73
848 59 69
849 59 71
850 57 70
851 50 65
852 49 71
853 48 60
854 54 64
855 47 73
856 47 68
857 58 74
858 52 71
859 55 70
860 53 60
861 55 70
862 55 63
863 47 75
864 58 66
865 45 60
866 51 66
867 52 64
868 50 64
869 33 125
870 37 129
871 29 131
872 39 141
873 32 131
874 31 129
875 28 131
876 35 133
877 33 133
878 28 127
879 36 142
880 30 140
881 32 136
882 34 141
883 39 126
884 43 131
885 41 138
886 33 135
887 33 138
888 28 133
889 33 128
890 38 136
891 32 141
892 29 125
893 42 126
894 27 128
895 31 141
896 29 138
897 30 125
898 27 138
899 155 128
900 151 140
901 147 125
902 144 135
903 153 132
904 147 128
905 155 129
906 155 136
907 145 127
908 143 127
909 153 142
910 155 135
911 156 139
912 147 128
913 157 139
914 144 131
915 157 133
916 156 130
917 155 131
918 146 134
919 150 127
920 147 130
921 154 141
922 147 142
923 152 132
924 149 132
925 157 128
926 154 140
927 151 133
928 154 135
929 176 102
930 183 98
931 176 108
932 191 101
933 190 102
934 186 106
935 183 94
936 181 102
937 185 105
938 190 102
939 192 104
940 178 92
941 188 97
942 192 96
943 181 94
944 183 100
945 176 106
946 176 92
947 192 98
948 177 93
949 192 95
950 187 92
951 191 93
952 178 101
953 180 102
954 178 95
955 192 93
956 191 102
957 176 93
958 190 107
959 142 35
960 140 32
961 139 30
962 140 27
963 125 41
964 141 28
965 132 30
966 132 32
967 133 37
968 131 43
969 130 38
970 136 37
971 133 37
972 129 32
973 142 32
974 134 27
975 132 32
976 142 38
977 135 43
978 139 34
979 138 39
980 137 35
981 140 33
982 135 40
983 140 33
984 129 29
985 139 28
986 135 41
987 135 30
988 131 39
989 229 77
990 241 83
991 227 80
992 242 89
993 242 89
994 238 85
995 242 87
996 233 90
997 228 78
998 236 76
999 235 79
1000 232 80
1001 236 78
1002 239 82
1003 230 77
1004 235 79
1005 237 91
1006 229 78
1007 239 85
1008 229 81
1009 235 80
1010 244 85
1011 244 82
1012 239 82
1013 233 81
1014 229 80
1015 243 89
1016 236 80
1017 231 91
1018 233 90
1019 49 43
1020 45 32
1021 51 38
1022 44 35
1023 47 38
1024 48 34
1025 47 35
1026 47 36
1027 45 41
1028 45 30
1029 52 34
1030 59 29
1031 50 43
1032 44 36
1033 45 39
1034 49 39
1035 49 37
1036 54 27
1037 49 35
1038 49 30
1039 51 37
1040 54 43
1041 52 35
1042 57 40
1043 58 32
1044 49 29
1045 55 36
1046 51 43
1047 56 39
1048 51 43
1049 108 218
1050 103 225
1051 101 219
1052 108 223
1053 103 223
1054 99 218
1055 100 226
1056 107 225
1057 97 213
1058 102 214
1059 102 225
1060 94 212
1061 107 214
1062 93 214
1063 104 220
1064 94 219
1065 92 217
1066 107 219
1067 99 213
1068 92 212
1069 95 212
1070 96 221
1071 101 212
1072 107 213
1073 93 212
1074 97 221
1075 92 224
1076 98 212
1077 97 212
1078 94 219
1079 3 14
1080 10 25
1081 10 22
1082 8 17
1083 11 21
1084 1 23
1085 10 25
1086 4 25
1087 8 14
1088 1 20
1089 3 22
1090 5 21
1091 0 26
1092 3 18
1093 3 17
1094 9 21
1095 4 13
1096 9 26
1097 1 18
1098 9 20
1099 6 18
1100 9 13
1101 1 15
1102 5 25
1103 6 16
1104 11 13
1105 1 17
1106 0 16
1107 1 23
1108 118 172
1109 110 173
1110 123 161
1111 117 164
1112 113 167
1113 121 174
1114 110 172
1115 117 172
1116 112 167
1117 112 175
1118 116 158
1119 124 159
1120 118 165
1121 118 173
1122 120 167
1123 113 158
1124 110 162
1125 114 175
1126 112 161
1127 120 175
1128 112 172
1129 124 159
1130 121 164
1131 122 170
1132 112 160
1133 117 172
1134 116 166
1135 122 164
1136 123 169
1137 120 172
1138 158 38
1139 170 43
1140 170 35
1141 165 34
1142 171 42
1143 163 41
1144 164 30
1145 169 35
1146 163 39
1147 174 31
1148 171 38
1149 168 42
1150 174 40
1151 166 27
1152 166 40
1153 171 39
1154 170 38
1155 160 36
1156 165 35
1157 166 34
1158 174 30
1159 173 28
1160 168 30
1161 163 39
1162 164 37
1163 166 27
1164 175 34
1165 168 43
1166 172 36
1167 164 40
1168 100 117
1169 99 116
1170 105 124
1171 106 121
1172 100 116
1173 97 122
1174 97 113
1175 99 116
1176 101 118
1177 101 110
1178 108 112
1179 103 113
1180 95 110
1181 102 117
1182 92 122
1183 105 123
1184 101 111
1185 108 112
1186 96 122
1187 107 124
1188 97 121
1189 102 115
1190 92 122
1191 100 112
1192 92 112
1193 94 124
1194 102 117
1195 103 123
1196 101 110
1197 104 122
1198 96 160
1199 97 159
1200 92 166
1201 96 161
1202 92 175
1203 97 158
1204 107 169
1205 98 166
1206 98 168
1207 96 164
1208 96 170
1209 98 169
1210 100 158
1211 94 167
1212 100 166
1213 108 172
1214 103 161
1215 108 171
1216 103 172
1217 94 165
1218 95 163
1219 107 159
1220 92 158
1221 95 174
1222 100 163
1223 98 164
1224 103 164
1225 95 173
1226 108 164
1227 97 173
1228 212 93
1229 220 108
1230 222 92
1231 212 105
1232 218 107
1233 218 103
1234 219 96
1235 222 92
1236 220 99
1237 223 103
1238 220 97
1239 219 97
1240 213 104
1241 214 96
1242 217 103
1243 213 95
1244 213 104
1245 216 93
1246 220 95
1247 224 97
1248 214 104
1249 212 97
1250 214 94
1251 217 102
1252 215 106
1253 218 97
1254 214 97
1255 225 97
1256 215 95
1257 224 106
1258 8 223
1259 10 224
1260 10 216
1261 2 224
1262 3 215
1263 1 226
1264 2 213
1265 5 213
1266 5 224
1267 1 213
1268 8 224
1269 11 216
1270 10 216
1271 10 213
1272 3 219
1273 11 219
1274 1 222
1275 7 213
1276 6 217
1277 11 217
1278 5 214
1279 2 212
1280 7 218
1281 7 215
1282 10 218
1283 8 221
1284 1 226
1285 10 226
1286 0 218
1287 11 223
1288 76 13
1289 80 16
1290 84 26
1291 91 24
1292 85 21
1293 82 21
1294 77 21
1295 91 18
1296 78 14
1297 90 15
1298 76 15
1299 76 19
1300 81 17
1301 78 25
1302 80 22
1303 76 18
1304 85 24
1305 85 18
1306 81 19
1307 88 15
1308 86 15
1309 91 13
1310 78 26
1311 76 20
1312 87 23
1313 81 22
1314 84 17
1315 84 13
1316 79 20
1317 77 13
1318 170 223
1319 172 214
1320 161 221
1321 162 217
1322 173 225
1323 166 220
1324 163 219
1325 164 225
1326 165 219
1327 160 223
1328 161 220
1329 171 222
1330 175 212
1331 174 216
1332 166 223
1333 173 220
1334 158 215
1335 168 225
1336 167 225
1337 159 215
1338 162 225
1339 165 225
1340 158 224
1341 163 223
1342 159 223
1343 171 216
1344 163 217
1345 170 214
1346 160 218
1347 172 214
1348 118 149
1349 109 147
1350 122 145
1351 121 145
1352 117 156
1353 115 155
1354 114 144
1355 124 152
1356 122 145
1357 124 156
1358 109 157
1359 117 156
1360 112 156
1361 118 153
1362 116 150
1363 112 145
1364 113 156
1365 111 148
1366 114 147
1367 110 150
1368 118 154
1369 124 148
1370 122 151
1371 112 144
1372 114 153
1373 116 154
1374 121 156
1375 120 155
1376 121 156
1377 111 149
1378 25 200
1379 23 202
1380 24 199
1381 13 199
1382 20 210
1383 14 193
1384 14 201
1385 12 209
1386 18 209
1387 22 207
1388 24 202
1389 16 193
1390 17 208
1391 16 207
1392 26 194
1393 17 195
1394 15 194
1395 19 201
1396 13 196
1397 18 203
1398 22 197
1399 23 204
1400 25 200
1401 17 209
1402 18 195
1403 23 206
1404 20 203
1405 19 207
1406 25 200
1407 12 194
1408 28 91
1409 39 80
1410 31 86
1411 33 81
1412 43 80
1413 34 82
1414 35 87
1415 40 76
1416 35 78
1417 28 77
1418 27 78
1419 29 88
1420 41 77
1421 27 79
1422 31 76
1423 42 86
1424 42 78
1425 42 84
1426 31 86
1427 28 90
1428 34 87
1429 32 79
1430 36 86
1431 42 81
1432 35 87
1433 37 89
1434 43 90
1435 30 83
1436 38 79
1437 37 90
1438 99 154
1439 99 155
1440 93 146
1441 99 155
1442 97 154
1443 92 154
1444 97 147
1445 96 154
1446 95 144
1447 96 156
1448 103 156
1449 101 150
1450 94 155
1451 104 143
1452 102 153
1453 107 144
1454 107 155
1455 103 154
1456 95 157
1457 106 144
1458 108 157
1459 92 144
1460 103 146
1461 107 143
1462 108 156
1463 96 148
1464 97 155
1465 102 147
1466 94 147
1467 105 151
1468 218 244
1469 221 235
1470 221 237
1471 213 237
1472 212 240
1473 213 233
1474 218 242
1475 217 241
1476 216 237
1477 215 239
1478 218 232
1479 222 230
1480 218 237
1481 222 230
1482 220 232
1483 219 244
1484 216 244
1485 213 241
1486 215 243
1487 225 232
1488 215 227
1489 223 240
1490 226 239
1491 216 230
1492 215 241
1493 221 241
1494 216 236
1495 224 238
1496 216 236
1497 223 244
1498 112 156
1499 120 147
1500 112 154
1501 109 157
1502 119 156
1503 123 154
1504 115 154
1505 123 152
1506 116 152
1507 113 148
1508 122 143
1509 112 156
1510 121 154
1511 112 153
1512 118 145
1513 123 148
1514 109 153
1515 118 151
1516 110 144
1517 109 143
1518 109 146
1519 117 148
1520 119 155
1521 121 144
1522 121 149
1523 111 144
1524 117 152
1525 109 154
1526 119 143
1527 114 148
1528 189 241
1529 181 230
1530 189 230
1531 176 237
1532 187 238
1533 191 241
1534 189 238
1535 185 240
1536 183 236
1537 191 232
1538 180 242
1539 188 238
1540 184 235
1541 180 239
1542 191 241
1543 177 239
1544 179 241
1545 184 242
1546 192 227
1547 187 235
1548 176 230
1549 189 237
1550 184 236
1551 186 233
1552 187 234
1553 177 237
1554 178 232
1555 182 237
1556 190 230
1557 182 231
1558 34 161
1559 43 174
1560 29 162
1561 32 174
1562 29 159
1563 40 169
1564 32 165
1565 39 163
1566 29 161
1567 31 160
1568 34 171
1569 41 158
1570 31 164
1571 34 163
1572 29 161
1573 30 162
1574 40 162
1575 42 162
1576 37 166
1577 30 163
1578 29 159
1579 35 164
1580 39 162
1581 29 172
1582 39 170
1583 32 172
1584 36 159
1585 35 168
1586 34 161
1587 33 163
1588 93 105
1589 92 107
1590 99 96
1591 98 102
1592 95 105
1593 103 100
1594 97 93
1595 97 95
1596 102 99
1597 103 105
1598 107 97
1599 107 98
1600 103 104
1601 94 96
1602 97 105
1603 101 93
1604 122 217
1605 109 225
1606 116 215
1607 110 223
1608 118 220
1609 119 218
1610 123 212
1611 109 225
1612 113 214
1613 110 224
1614 122 221
1615 120 224
1616 109 218
1617 113 221
1618 121 215
1619 117 218
1620 119 225
1621 111 222
1622 117 219
1623 114 222
1624 121 220
1625 121 222
1626 122 225
1627 114 212
1628 122 219
1629 123 217
1630 122 213
1631 113 214
1632 118 223
1633 115 212
1634 30 200
1635 37 210
1636 42 206
1637 30 207
1638 33 211
1639 38 199
1640 37 200
1641 34 194
1642 36 206
1643 34 194
1644 43 193
1645 39 201
1646 31 207
1647 27 199
1648 38 209
1649 36 199
1650 38 195
1651 39 203
1652 38 197
1653 33 201
1654 43 207
1655 42 203
1656 32 204
1657 37 197
1658 30 196
1659 33 199
1660 41 211
1661 38 205
1662 38 208
1663 27 197
1664 71 141
1665 68 136
1666 64 137
1667 69 129
1668 62 129
1669 72 132
1670 60 129
1671 74 135
1672 67 139
1673 69 125
1674 70 125
1675 75 132
1676 63 131
1677 65 126
1678 66 131
1679 61 129
1680 73 131
1681 63 142
1682 73 127
1683 74 141
1684 67 130
1685 69 142
1686 64 140
1687 65 142
1688 71 133
1689 65 127
1690 61 131
1691 68 142
1692 69 129
1693 70 129
1694 214 218
1695 212 219
1696 219 217
1697 215 221
1698 217 214
1699 213 215
1700 219 218
1701 221 213
1702 217 218
1703 224 213
1704 217 213
1705 217 225
1706 218 213
1707 222 220
1708 213 218
1709 218 215
1710 222 212
1711 215 222
1712 219 218
1713 220 221
1714 223 226
1715 221 213
1716 214 217
1717 214 216
1718 214 223
1719 222 219
1720 224 215
1721 154 11
1722 152 0
1723 151 11
1724 147 10
1725 154 3
1726 152 10
1727 157 8
1728 148 9
1729 154 0
1730 143 7
1731 148 10
1732 149 8
1733 150 3
1734 143 7
1735 146 10
1736 153 7
1737 156 8
1738 147 1
1739 151 2
1740 147 8
1741 155 1
1742 153 4
1743 152 9
1744 155 3
1745 149 9
1746 145 5
1747 147 5
1748 62 30
1749 70 38
1750 75 33
1751 62 42
1752 66 27
1753 64 40
1754 74 33
1755 65 29
1756 71 40
1757 71 31
1758 67 32
1759 70 34
1760 70 33
1761 68 34
1762 75 35
1763 74 32
1764 60 43
1765 66 32
1766 61 39
1767 66 34
1768 63 32
1769 71 43
1770 73 30
1771 71 34
1772 61 30
1773 61 35
1774 64 32
1775 60 31
1776 63 39
1777 73 29
1778 89 113
1779 80 121
1780 85 119
1781 79 110
1782 90 120
1783 83 121
1784 76 117
1785 80 121
1786 79 124
1787 78 118
1788 81 119
1789 87 123
1790 86 122
1791 76 109
1792 85 123
1793 91 120
1794 80 120
1795 91 123
1796 77 122
1797 84 117
1798 86 112
1799 88 109
1800 79 109
1801 89 122
1802 84 110
1803 90 114
1804 78 115
1805 80 109
1806 88 115
1807 82 109
1808 60 143
1809 73 146
1810 74 152
1811 71 146
1812 68 149
1813 69 147
1814 69 154
1815 65 147
1816 64 144
1817 65 156
1818 63 149
1819 71 149
1820 68 151
1821 74 157
1822 68 157
1823 60 148
1824 74 144
1825 67 155
1826 64 144
1827 60 148
1828 70 155
1829 69 147
1830 63 150
1831 64 146
1832 72 148
1833 67 157
1834 61 157
1835 69 152
1836 65 153
1837 60 156
1838 139 20
1839 134 25
1840 142 16
1841 131 25
1842 138 22
1843 136 17
1844 132 12
1845 138 18
1846 126 26
1847 133 14
1848 128 16
1849 136 14
1850 133 13
1851 135 24
1852 139 12
1853 127 25
1854 140 22
1855 127 24
1856 129 20
1857 131 18
1858 129 15
1859 127 23
1860 133 22
1861 129 14
1862 127 13
1863 135 20
1864 129 25
1865 126 21
1866 135 16
1867 132 22
1868 212 219
1869 218 226
1870 226 223
1871 213 217
1872 214 226
1873 224 223
1874 226 214
1875 226 214
1876 217 214
1877 221 219
1878 216 213
1879 223 214
1880 226 219
1881 213 224
1882 214 224
1883 213 215
1884 219 226
1885 212 224
1886 222 215
1887 216 219
1888 214 226
1889 222 221
1890 225 213
1891 57 90
1892 55 81
1893 48 80
1894 46 82
1895 48 77
1896 44 84
1897 52 89
1898 51 90
1899 59 91
1900 49 91
1901 57 82
1902 50 84
1903 44 87
1904 56 90
1905 51 86
1906 54 80
1907 47 84
1908 54 86
1909 54 77
1910 54 84
1911 48 80
1912 48 89
1913 51 86
1914 56 82
1915 57 76
1916 55 87
1917 44 78
1918 56 87
1919 50 84
1920 49 86
1921 48 219
1922 46 216
1923 49 224
1924 52 225
1925 55 225
1926 52 213
1927 48 226
1928 52 223
1929 55 218
1930 44 221
1931 50 221
1932 53 214
1933 45 214
1934 48 224
1935 50 221
1936 52 215
1937 57 221
1938 46 214
1939 49 213
1940 49 214
1941 51 226
1942 59 212
1943 49 224
1944 59 225
1945 47 212
1946 44 222
1947 58 218
1948 54 212
1949 55 225
1950 58 220
1951 26 198
1952 23 201
1953 24 207
1954 14 208
1955 15 206
1956 19 209
1957 23 202
1958 25 194
1959 20 193
1960 24 207
1961 18 205
1962 23 200
1963 19 206
1964 19 202
1965 21 201
1966 21 207
1967 24 211
1968 22 207
1969 13 207
1970 17 206
1971 16 203
1972 25 207
1973 14 199
1974 25 201
1975 19 205
1976 20 197
1977 25 199
1978 21 207
1979 18 197
1980 15 194
1981 161 36
1982 170 32
1983 161 42
1984 164 27
1985 161 31
1986 171 42
1987 159 34
1988 174 40
1989 160 30
1990 169 29
1991 173 28
1992 162 39
1993 161 35
1994 171 37
1995 175 43
1996 171 30
1997 167 29
1998 158 41
1999 172 27
2000 172 30
2001 166 38
2002 163 31
2003 163 30
2004 160 39
2005 170 32
2006 160 36
2007 175 33
2008 160 37
2009 167 28
2010 175 32
2011 138 48
2012 142 46
2013 136 46
2014 125 56
2015 125 59
2016 128 48
2017 137 46
2018 131 47
2019 130 58
2020 142 44
2021 135 45
2022 135 45
2023 132 48
2024 126 54
2025 133 46
2026 127 50
2027 128 48
2028 128 54
2029 132 54
2030 135 55
2031 127 49
2032 129 55
2033 137 56
2034 131 49
2035 132 56
2036 141 49
2037 138 51
2038 134 48
2039 129 51
2040 141 53
2041 188 112
2042 188 114
2043 181 123
2044 177 124
2045 177 120
2046 178 120
2047 182 111
2048 177 112
2049 190 112
2050 182 116
2051 188 116
2052 191 109
2053 182 115
2054 189 112
2055 190 111
2056 192 110
2057 191 114
2058 183 118
2059 191 119
2060 178 121
2061 189 114
2062 188 113
2063 179 114
2064 185 110
2065 178 115
2066 186 118
2067 190 115
2068 187 111
2069 184 124
2070 192 109
2071 91 117
2072 89 112
2073 90 110
2074 89 110
2075 86 110
2076 87 111
2077 79 123
2078 77 123
2079 89 120
2080 88 113
2081 87 109
2082 88 122
2083 88 109
2084 89 120
2085 83 117
2086 82 118
2087 90 115
2088 78 122
2089 78 110
2090 88 124
2091 91 118
2092 89 120
2093 85 112
2094 84 112
2095 84 112
2096 79 124
2097 85 121
2098 83 119
2099 88 115
2100 85 113
2101 90 128
2102 86 137
2103 79 139
2104 91 134
2105 80 137
2106 86 131
2107 81 133
2108 85 142
2109 89 127
2110 82 130
2111 80 135
2112 89 133
2113 79 142
2114 91 135
2115 80 132
2116 82 128
2117 84 133
2118 84 125
2119 81 142
2120 77 127
2121 78 131
2122 91 137
2123 87 142
2124 89 137
2125 91 127
2126 91 135
2127 86 137
2128 83 138
2129 85 140
2130 89 126
2131 163 175
2132 163 169
2133 169 166
2134 169 175
2135 166 160
2136 158 167
2137 171 169
2138 172 163
2139 174 168
2140 172 173
2141 160 172
2142 175 159
2143 171 163
2144 167 173
2145 167 165
2146 159 167
2147 165 168
2148 159 167
2149 164 173
2150 158 160
2151 166 170
2152 163 160
2153 175 162
2154 197 8
2155 202 0
2156 211 9
2157 209 1
2158 202 10
2159 197 7
2160 206 7
2161 195 5
2162 205 10
2163 198 8
2164 202 7
2165 211 1
2166 211 11
2167 207 1
2168 198 5
2169 195 6
2170 194 10
2171 208 0
2172 210 5
2173 198 2
2174 210 10
2175 206 10
2176 200 0
2177 206 6
2178 198 2
2179 195 5
2180 208 3
2181 210 4
2182 86 156
2183 82 145
2184 88 152
2185 76 150
2186 80 156
2187 84 146
2188 83 144
2189 82 147
2190 85 148
2191 82 146
2192 82 146
2193 79 157
2194 80 148
2195 81 153
2196 88 150
2197 90 145
2198 79 155
2199 80 154
2200 91 150
2201 88 149
2202 83 152
2203 81 146
2204 86 155
2205 80 156
2206 80 146
2207 80 156
2208 86 145
2209 86 145
2210 82 153
2211 78 144
2212 40 91
2213 39 84
2214 38 77
2215 34 91
2216 36 89
2217 28 88
2218 39 77
2219 38 86
2220 34 77
2221 39 87
2222 32 84
2223 31 84
2224 34 91
2225 35 89
2226 40 87
2227 30 85
2228 30 80
2229 42 91
2230 39 79
2231 41 80
2232 42 79
2233 31 80
2234 43 81
2235 40 90
2236 27 90
2237 40 82
2238 41 82
2239 29 88
2240 42 86
2241 35 90
2242 46 155
2243 58 156
2244 46 150
2245 57 152
2246 52 148
2247 57 150
2248 50 145
2249 56 153
2250 46 152
2251 52 144
2252 51 149
2253 56 151
2254 54 143
2255 49 145
2256 58 147
2257 48 144
2258 53 154
2259 53 147
2260 59 143
2261 48 149
2262 45 157
2263 57 152
2264 51 146
2265 45 155
2266 50 145
2267 50 147
2268 50 150
2269 53 156
2270 49 150
2271 54 146
2272 177 75
2273 180 63
2274 181 61
2275 184 75
2276 180 69
2277 185 62
2278 181 73
2279 185 61
2280 186 61
2281 176 74
2282 180 64
2283 187 62
2284 184 71
2285 187 61
2286 177 60
2287 189 69
2288 183 60
2289 192 69
2290 190 72
2291 181 70
2292 188 71
2293 178 74
2294 179 71
2295 187 65
2296 177 65
2297 190 63
2298 192 73
2299 191 60
2300 177 63
2301 181 62
2302 12 217
2303 23 213
2304 17 215
2305 21 226
2306 20 212
2307 16 221
2308 21 221
2309 18 220
2310 15 224
2311 12 220
2312 22 215
2313 19 215
2314 21 222
2315 22 214
2316 19 221
2317 12 221
2318 23 218
2319 20 223
2320 21 215
2321 21 223
2322 25 220
2323 16 218
2324 24 215
2325 15 225
2326 24 219
2327 25 217
2328 18 223
2329 17 224
2330 18 212
2331 20 215
2332 147 208
2333 151 206
2334 145 196
2335 156 202
2336 148 200
2337 145 203
2338 149 198
2339 156 195
2340 150 205
2341 145 211
2342 157 193
2343 146 210
2344 149 208
2345 147 210
2346 154 209
2347 149 193
2348 150 200
2349 143 197
2350 151 205
2351 154 201
2352 154 202
2353 154 203
2354 151 204
2355 155 210
2356 143 195
2357 155 211
2358 151 202
2359 149 206
2360 147 200
2361 148 208
2362 139 85
2363 136 91
2364 138 81
2365 134 91
2366 126 76
2367 138 81
2368 133 87
2369 136 79
2370 130 88
2371 129 85
2372 140 83
2373 126 81
2374 131 84
2375 137 78
2376 139 76
2377 137 90
2378 130 84
2379 128 81
2380 136 79
2381 135 84
2382 132 79
2383 126 84
2384 134 91
2385 133 91
2386 129 83
2387 135 79
2388 140 79
2389 136 82
2390 136 87
2391 133 78
2392 133 62
2393 126 66
2394 129 72
2395 142 62
2396 125 66
2397 128 74
2398 136 72
2399 134 66
2400 125 61
2401 134 64
2402 128 63
2403 126 64
2404 136 73
2405 130 64
2406 138 68
2407 134 71
2408 131 69
2409 131 74
2410 125 71
2411 132 63
2412 126 65
2413 135 65
2414 140 67
2415 128 62
2416 137 72
2417 130 63
2418 130 64
2419 142 65
2420 138 62
2421 133 72
2422 24 243
2423 21 241
2424 12 238
2425 20 241
2426 24 234
2427 17 232
2428 20 235
2429 14 236
2430 22 232
2431 15 234
2432 18 238
2433 18 243
2434 15 241
2435 14 229
2436 17 230
2437 24 236
2438 15 243
2439 24 231
2440 23 232
2441 24 239
2442 18 235
2443 21 228
2444 21 243
2445 16 232
2446 23 242
2447 16 236
2448 22 230
2449 19 232
2450 23 237
2451 17 244
2452 221 222
2453 215 224
2454 216 225
2455 212 219
2456 222 213
2457 220 221
2458 220 225
2459 216 214
2460 213 221
2461 217 221
2462 221 222
2463 213 217
2464 223 214
2465 214 223
2466 216 215
2467 222 218
2468 221 215
2469 222 221
2470 214 216
2471 224 223
2472 30 150
2473 39 157
2474 42 143
2475 43 147
2476 43 147
2477 42 154
2478 36 153
2479 38 151
2480 28 145
2481 34 145
2482 27 144
2483 38 148
2484 28 147
2485 31 149
2486 31 147
2487 28 147
2488 37 152
2489 39 149
2490 37 149
2491 35 147
2492 34 154
2493 40 150
2494 41 152
2495 43 148
2496 35 150
2497 33 151
2498 35 144
2499 42 147
2500 40 143
2501 41 145
2502 219 225
2503 215 216
2504 222 220
2505 217 224
2506 216 217
2507 219 212
2508 226 219
2509 226 221
2510 215 221
2511 217 214
2512 216 220
2513 214 212
2514 219 222
2515 222 213
2516 223 213
2517 212 217
2518 221 220
2519 213 214
2520 209 30
2521 211 43
2522 203 41
2523 198 40
2524 206 39
2525 210 30
2526 205 37
2527 205 35
2528 198 32
2529 206 42
2530 206 40
2531 197 33
2532 200 27
2533 197 36
2534 200 38
2535 196 28
2536 201 34
2537 202 32
2538 209 42
2539 201 40
2540 202 41
2541 208 43
2542 196 42
2543 211 32
2544 199 37
2545 193 28
2546 197 43
2547 195 30
2548 196 41
2549 210 33
2550 162 147
2551 170 145
2552 174 156
2553 165 155
2554 167 152
2555 168 149
2556 160 143
2557 166 151
2558 170 156
2559 169 152
2560 169 147
2561 163 156
2562 161 150
2563 175 154
2564 161 149
2565 174 146
2566 159 150
2567 158 152
2568 175 143
2569 159 145
2570 164 157
2571 169 149
2572 165 143
2573 174 143
2574 158 147
2575 162 145
2576 164 147
2577 169 153
2578 161 145
2579 170 145
2580 163 2
2581 172 10
2582 172 6
2583 174 6
2584 159 1
2585 160 11
2586 175 3
2587 165 8
2588 163 3
2589 172 2
2590 171 2
2591 168 3
2592 175 2
2593 172 4
2594 167 6
2595 162 8
2596 173 1
2597 167 9
2598 171 0
2599 175 0
2600 165 2
2601 160 4
2602 163 11
2603 161 2
2604 169 7
2605 166 4
2606 174 10
2607 165 9
2608 171 3
2609 205 95
2610 198 98
2611 198 102
2612 205 108
2613 200 97
2614 196 102
2615 207 98
2616 197 92
2617 208 98
2618 199 99
2619 195 96
2620 202 102
2621 197 108
2622 204 98
2623 208 102
2624 199 95
2625 201 108
2626 197 102
2627 196 100
2628 194 101
2629 203 96
2630 201 95
2631 202 97
2632 199 99
2633 199 105
2634 203 105
2635 204 107
2636 204 105
2637 208 100
2638 205 104
2639 110 104
2640 118 92
2641 119 102
2642 113 94
2643 114 100
2644 109 101
2645 112 95
2646 113 107
2647 120 108
2648 120 100
2649 123 99
2650 119 104
2651 115 104
2652 122 96
2653 122 104
2654 121 99
2655 124 100
2656 119 97
2657 110 106
2658 118 100
2659 113 95
2660 111 107
2661 112 103
2662 118 96
2663 116 102
2664 121 105
2665 122 96
2666 112 106
2667 112 98
2668 114 106
2669 194 173
2670 208 169
2671 200 170
2672 194 172
2673 198 161
2674 193 168
2675 196 158
2676 201 160
2677 207 172
2678 197 161
2679 205 172
2680 211 159
2681 211 162
2682 194 164
2683 194 162
2684 208 169
2685 199 160
2686 205 172
2687 211 162
2688 204 173
2689 208 167
2690 193 173
2691 211 160
2692 210 164
2693 206 170
2694 203 163
2695 203 172
2696 205 170
2697 196 165
2698 198 158
2699 84 229
2700 90 239
2701 88 236
2702 80 229
2703 90 230
2704 82 236
2705 78 238
2706 85 230
2707 87 238
2708 87 241
2709 86 241
2710 76 230
2711 80 240
2712 88 234
2713 91 230
2714 82 231
2715 89 234
2716 80 237
2717 79 240
2718 78 244
2719 78 233
2720 76 233
2721 87 241
2722 86 244
2723 79 241
2724 83 243
2725 80 232
2726 76 234
2727 80 227
2728 76 231
2729 123 65
2730 116 66
2731 124 72
2732 117 64
2733 113 69
2734 111 63
2735 118 60
2736 113 64
2737 123 64
2738 114 68
2739 114 71
2740 124 75
2741 116 62
2742 115 61
2743 117 60
2744 119 61
2745 116 67
2746 122 65
2747 115 65
2748 111 73
2749 124 71
2750 114 72
2751 119 68
2752 121 63
2753 110 66
2754 112 67
2755 116 62
2756 119 74
2757 117 67
2758 116 71
2759 24 182
2760 12 192
2761 24 183
2762 14 179
2763 15 182
2764 16 177
2765 25 191
2766 21 181
2767 16 177
2768 15 191
2769 17 180
2770 18 176
2771 24 182
2772 18 192
2773 23 183
2774 25 184
2775 15 192
2776 25 189
2777 14 177
2778 12 178
2779 25 181
2780 25 192
2781 17 191
2782 23 190
2783 20 176
2784 14 192
2785 20 186
2786 15 178
2787 22 183
2788 21 191
2789 84 234
2790 80 240
2791 84 227
2792 86 237
2793 81 228
2794 82 237
2795 82 231
2796 78 235
2797 89 228
2798 78 238
2799 76 237
2800 81 244
2801 84 233
2802 84 228
2803 82 239
2804 76 230
2805 76 229
2806 80 237
2807 76 240
2808 82 238
2809 82 240
2810 89 238
2811 87 237
2812 84 227
2813 90 244
2814 90 228
2815 86 230
2816 87 237
2817 76 232
2818 80 244
2819 124 149
2820 109 155
2821 114 154
2822 109 152
2823 118 151
2824 118 153
2825 111 146
2826 111 156
2827 113 149
2828 118 147
2829 117 151
2830 111 156
2831 115 154
2832 119 147
2833 115 156
2834 113 157
2835 119 147
2836 115 143
2837 114 153
2838 109 154
2839 114 147
2840 109 153
2841 123 157
2842 115 156
2843 115 144
2844 117 147
2845 118 145
2846 109 155
2847 116 148
2848 112 155
2849 127 37
2850 138 43
2851 125 38
2852 135 31
2853 140 38
2854 142 40
2855 133 28
2856 135 35
2857 127 32
2858 140 39
2859 133 39
2860 141 43
2861 125 30
2862 125 43
2863 129 32
2864 139 34
2865 130 38
2866 140 41
2867 142 40
2868 131 38
2869 133 41
2870 131 43
2871 127 33
2872 130 38
2873 137 40
2874 142 38
2875 141 43
2876 125 42
2877 142 34
2878 130 36
2879 10 30
2880 10 37
2881 5 37
2882 0 29
2883 5 28
2884 9 32
2885 3 29
2886 4 41
2887 9 36
2888 9 42
2889 0 28
2890 8 41
2891 8 40
2892 3 29
2893 11 39
2894 11 32
2895 6 27
2896 7 33
2897 10 30
2898 9 37
2899 0 42
2900 7 39
2901 9 30
2902 9 39
2903 0 39
2904 6 30
2905 2 43
2906 8 29
2907 69 145
2908 72 149
2909 60 143
2910 66 144
2911 68 145
2912 68 154
2913 62 151
2914 74 157
2915 62 152
2916 66 148
2917 61 156
2918 64 153
2919 70 150
2920 75 151
2921 60 148
2922 70 143
2923 63 144
2924 65 155
2925 68 146
2926 65 147
2927 64 155
2928 67 150
2929 65 157
2930 71 148
2931 68 151
2932 73 148
2933 63 151
2934 74 156
2935 65 151
2936 73 155
