249 265 10 2942
0 7
1 8
2 7
3 8
4 9
5 10
6 5
7 7
8 8
9 4
10 4
11 10
12 4
13 3
14 3
15 3
16 6
17 4
18 3
19 3
20 4
21 4
22 4
23 3
24 3
25 3
26 3
27 3
28 3
29 4
30 3
31 3
32 3
33 3
34 3
35 3
36 3
37 3
38 5
39 3
40 3
41 4
42 3
43 4
44 3
45 3
46 3
47 3
48 4
49 3
50 4
51 3
52 4
53 3
54 3
55 3
56 3
57 5
58 3
59 5
60 3
61 3
62 3
63 5
64 3
65 3
66 4
67 3
68 3
69 4
70 4
71 3
72 4
73 4
74 3
75 3
76 3
77 3
78 5
79 3
80 3
81 3
82 3
83 3
84 3
85 3
86 3
87 3
88 3
89 3
90 4
91 4
92 3
93 4
94 3
95 3
96 5
97 3
98 4
99 3
100 3
101 3
102 3
103 4
104 3
105 4
106 3
107 6
108 3
109 3
110 3
111 3
112 3
113 3
114 4
115 4
116 3
117 3
118 4
119 3
120 4
121 5
122 3
123 6
124 3
125 6
126 3
127 3
128 3
129 4
130 3
131 3
132 3
133 3
134 3
135 3
136 5
137 4
138 3
139 3
140 3
141 3
142 5
143 3
144 3
145 3
146 4
147 3
148 3
149 3
150 4
151 3
152 3
153 3
154 3
155 3
156 3
157 4
158 4
159 3
160 3
161 5
162 3
163 4
164 3
165 3
166 3
167 3
168 4
169 3
170 4
171 4
172 3
173 3
174 3
175 3
176 3
177 3
178 5
179 4
180 5
181 4
182 3
183 3
184 4
185 3
186 3
187 3
188 4
189 4
190 3
191 3
192 3
193 3
194 5
195 3
196 3
197 5
198 3
199 4
200 3
201 3
202 4
203 4
204 4
205 6
206 3
207 3
208 3
209 3
210 3
211 5
212 3
213 3
214 3
215 3
216 3
217 3
218 4
219 3
220 3
221 3
222 3
223 3
224 3
225 6
226 5
227 5
228 4
229 4
230 3
231 3
232 3
233 3
234 5
235 4
236 3
237 3
238 3
239 3
240 3
241 3
242 3
243 4
244 4
245 3
246 3
247 3
248 3
0 0 1
1 0 2
2 0 5
3 0 6
4 0 7
5 0 123
6 0 233
7 1 7
8 1 8
9 1 10
10 1 11
11 1 86
12 2 3
13 2 4
14 2 5
15 2 11
16 3 5
17 3 8
18 3 10
19 3 11
20 3 161
21 4 6
22 4 7
23 4 11
24 4 12
25 4 180
26 4 197
27 5 6
28 5 8
29 5 9
30 5 10
31 5 32
32 6 7
33 7 8
34 8 9
35 8 70
36 8 142
37 9 11
38 11 52
39 11 105
40 11 216
41 12 15
42 12 20
43 13 21
44 14 28
45 14 18
46 16 25
47 16 20
48 16 22
49 16 30
50 16 31
51 17 27
52 17 29
53 18 20
54 19 21
55 21 28
56 22 24
57 22 29
58 23 26
59 23 30
60 32 43
61 32 38
62 33 49
63 33 34
64 33 38
65 34 50
66 35 39
67 35 48
68 36 40
69 37 44
70 37 38
71 37 41
72 40 43
73 41 48
74 42 43
75 43 45
76 46 50
77 47 50
78 48 51
79 52 56
80 53 61
81 54 57
82 55 57
83 55 61
84 55 65
85 56 66
86 57 62
87 58 59
88 58 63
89 59 60
90 59 64
91 61 68
92 62 63
93 63 66
94 65 69
95 67 69
96 70 72
97 70 85
98 71 73
99 72 78
100 72 76
101 73 83
102 73 84
103 73 85
104 74 78
105 75 77
106 76 81
107 76 80
108 77 78
109 78 79
110 80 82
111 86 97
112 86 101
113 87 88
114 88 94
115 88 96
116 89 92
117 90 98
118 90 93
119 91 95
120 91 101
121 91 103
122 92 102
123 93 96
124 96 100
125 98 102
126 99 100
127 99 104
128 102 103
129 105 108
130 105 118
131 106 116
132 106 115
133 107 112
134 107 119
135 107 118
136 107 114
137 109 121
138 110 120
139 111 112
140 113 119
141 114 121
142 115 120
143 115 118
144 117 121
145 121 122
146 123 130
147 123 138
148 123 134
149 124 131
150 125 128
151 125 134
152 125 137
153 125 131
154 126 140
155 127 135
156 127 136
157 127 141
158 129 139
159 129 134
160 131 132
161 132 136
162 133 136
163 137 140
164 142 155
165 142 158
166 143 146
167 143 156
168 144 158
169 145 151
170 146 149
171 146 158
172 147 158
173 148 151
174 148 153
175 149 153
176 150 154
177 150 156
178 152 160
179 156 157
180 157 160
181 159 160
182 161 164
183 161 178
184 162 171
185 162 177
186 162 163
187 163 178
188 163 173
189 164 174
190 165 170
191 166 168
192 167 175
193 167 171
194 168 173
195 168 179
196 169 172
197 170 179
198 171 176
199 172 178
200 180 193
201 180 191
202 181 185
203 181 192
204 182 184
205 182 190
206 183 194
207 184 186
208 184 195
209 186 189
210 186 194
211 187 188
212 188 195
213 189 191
214 190 196
215 192 194
216 197 202
217 197 203
218 198 205
219 199 211
220 199 202
221 200 213
222 201 215
223 202 212
224 203 205
225 203 204
226 204 215
227 205 207
228 205 209
229 205 213
230 206 211
231 208 213
232 210 212
233 211 214
234 216 225
235 216 226
236 217 231
237 217 227
238 218 228
239 218 226
240 219 225
241 220 229
242 221 227
243 222 224
244 223 224
245 223 229
246 225 229
247 225 227
248 226 232
249 228 230
250 233 235
251 234 241
252 234 242
253 234 243
254 235 243
255 236 240
256 237 241
257 238 239
258 238 243
259 240 244
260 240 241
261 242 247
262 243 248
263 244 246
264 245 246
0 64 172
1 66 168
2 57 161
3 59 171
4 54 167
5 54 164
6 62 173
7 68 175
8 58 169
9 65 169
10 66 172
11 62 161
12 61 178
13 66 167
14 68 168
15 64 172
16 63 175
17 54 161
18 67 176
19 68 171
20 58 170
21 60 166
22 55 166
23 69 176
24 60 161
25 67 172
26 64 168
27 52 163
28 65 175
29 56 164
30 197 10
31 197 0
32 203 7
33 203 10
34 212 0
35 202 8
36 202 10
37 206 9
38 212 1
39 211 1
40 199 3
41 207 8
42 207 5
43 209 4
44 205 9
45 201 10
46 204 0
47 204 10
48 197 0
49 202 0
50 209 1
51 205 9
52 198 10
53 211 1
54 201 11
55 211 6
56 211 6
57 199 11
58 211 11
59 158 73
60 150 84
61 148 71
62 155 76
63 150 70
64 157 81
65 156 84
66 148 82
67 152 76
68 144 70
69 149 70
70 151 77
71 153 71
72 159 78
73 157 77
74 154 74
75 156 72
76 157 84
77 148 75
78 158 71
79 145 85
80 160 70
81 144 82
82 151 81
83 148 83
84 151 85
85 143 70
86 160 71
87 160 77
88 146 78
89 120 35
90 118 34
91 112 42
92 120 33
93 121 41
94 105 38
95 108 40
96 119 44
97 109 50
98 122 44
99 107 33
100 112 40
101 121 42
102 109 38
103 109 45
104 119 50
105 108 33
106 119 34
107 114 46
108 117 41
109 106 38
110 109 36
111 105 49
112 114 34
113 112 46
114 110 50
115 111 48
116 109 49
117 119 33
118 114 48
119 239 223
120 235 216
121 235 229
122 244 230
123 241 218
124 234 223
125 234 230
126 234 228
127 247 223
128 236 231
129 234 226
130 240 227
131 243 221
132 241 219
133 233 227
134 233 219
135 244 227
136 239 221
137 243 230
138 247 231
139 236 222
140 238 217
141 246 223
142 247 228
143 236 230
144 237 227
145 237 224
146 243 228
147 236 227
148 247 228
149 85 34
150 82 43
151 70 37
152 83 44
153 71 33
154 83 34
155 85 37
156 81 41
157 74 38
158 73 44
159 84 45
160 73 36
161 75 49
162 70 51
163 70 47
164 74 42
165 84 40
166 73 48
167 70 50
168 84 46
169 76 44
170 71 33
171 82 50
172 78 41
173 81 36
174 77 47
175 73 38
176 73 37
177 77 40
178 85 34
179 31 2
180 30 4
181 18 7
182 20 11
183 12 9
184 28 7
185 21 8
186 23 4
187 29 4
188 15 7
189 31 5
190 28 8
191 30 7
192 16 8
193 26 6
194 15 0
195 25 11
196 30 11
197 30 8
198 25 0
199 19 3
200 13 8
201 25 8
202 28 0
203 14 0
204 28 8
205 15 1
206 29 6
207 25 1
208 6 137
209 1 128
210 5 132
211 9 141
212 9 124
213 4 140
214 0 128
215 10 131
216 8 131
217 0 128
218 8 128
219 3 131
220 11 126
221 2 127
222 0 132
223 0 141
224 5 128
225 4 130
226 7 138
227 11 128
228 10 136
229 8 131
230 4 139
231 3 137
232 11 133
233 8 133
234 10 136
235 137 145
236 131 154
237 134 142
238 137 149
239 126 149
240 125 145
241 141 158
242 136 155
243 141 144
244 140 155
245 128 158
246 140 151
247 141 159
248 136 155
249 141 142
250 136 160
251 123 148
252 141 156
253 141 156
254 141 160
255 126 148
256 134 148
257 137 148
258 132 157
259 125 152
260 129 149
261 133 149
262 137 159
263 129 159
264 127 146
265 158 137
266 156 133
267 153 129
268 155 130
269 159 140
270 151 140
271 153 130
272 152 140
273 145 130
274 154 123
275 150 133
276 142 127
277 143 126
278 148 139
279 145 130
280 143 131
281 149 125
282 142 135
283 154 138
284 145 133
285 153 132
286 143 140
287 160 125
288 144 131
289 142 126
290 142 126
291 157 127
292 143 138
293 152 123
294 152 126
295 55 46
296 67 36
297 55 32
298 52 37
299 69 43
300 65 39
301 55 33
302 58 51
303 53 34
304 62 50
305 67 44
306 56 35
307 60 36
308 59 48
309 55 46
310 68 48
311 56 48
312 57 32
313 58 38
314 61 49
315 61 43
316 66 39
317 60 38
318 55 50
319 55 35
320 62 39
321 64 36
322 61 45
323 59 32
324 57 47
325 213 62
326 198 52
327 210 67
328 201 63
329 204 56
330 213 69
331 213 57
332 207 59
333 198 60
334 200 55
335 206 65
336 205 64
337 204 61
338 198 64
339 208 61
340 208 56
341 202 69
342 205 57
343 198 52
344 214 56
345 197 68
346 202 67
347 211 63
348 199 61
349 197 55
350 202 56
351 210 66
352 205 68
353 210 58
354 208 52
355 169 54
356 165 61
357 168 55
358 176 65
359 179 55
360 170 60
361 162 52
362 175 65
363 161 53
364 170 59
365 163 60
366 161 62
367 165 52
368 163 67
369 178 52
370 174 61
371 163 62
372 167 52
373 170 60
374 162 63
375 176 54
376 161 69
377 165 69
378 172 69
379 164 64
380 165 63
381 172 66
382 169 57
383 164 60
384 162 61
385 201 5
386 203 8
387 210 2
388 208 11
389 199 5
390 208 0
391 206 9
392 203 0
393 197 5
394 207 11
395 201 1
396 210 4
397 207 11
398 198 4
399 212 8
400 198 11
401 208 3
402 205 2
403 204 11
404 209 9
405 204 0
406 200 1
407 215 0
408 212 8
409 200 7
410 211 8
411 209 4
412 209 1
413 200 0
414 185 11
415 191 11
416 191 10
417 196 6
418 195 10
419 182 2
420 185 10
421 188 7
422 196 0
423 183 6
424 191 6
425 184 4
426 189 6
427 186 3
428 183 3
429 181 7
430 192 1
431 180 0
432 192 6
433 190 6
434 182 6
435 185 2
436 194 4
437 182 3
438 186 11
439 192 5
440 187 0
441 194 4
442 189 9
443 165 164
444 166 172
445 172 173
446 163 169
447 164 169
448 173 172
449 177 167
450 177 168
451 175 177
452 167 178
453 171 172
454 172 170
455 168 165
456 168 175
457 172 175
458 164 166
459 169 163
460 168 164
461 176 174
462 167 173
463 175 164
464 176 174
465 178 168
466 54 31
467 68 15
468 56 18
469 53 25
470 53 24
471 61 24
472 56 12
473 69 28
474 69 31
475 56 18
476 62 20
477 60 21
478 67 20
479 63 20
480 54 21
481 56 31
482 64 21
483 67 14
484 63 14
485 60 28
486 60 29
487 68 30
488 61 26
489 56 14
490 57 14
491 58 17
492 57 13
493 52 30
494 54 24
495 52 27
496 60 215
497 66 212
498 61 202
499 58 215
500 59 202
501 53 205
502 52 211
503 68 213
504 58 199
505 56 199
506 66 199
507 56 198
508 54 199
509 53 210
510 64 205
511 69 212
512 58 198
513 64 208
514 63 211
515 66 212
516 68 203
517 62 210
518 57 197
519 58 214
520 62 213
521 54 198
522 62 201
523 65 202
524 68 203
525 60 204
526 113 73
527 122 74
528 106 84
529 114 84
530 106 85
531 111 85
532 122 74
533 120 82
534 110 82
535 116 73
536 113 75
537 111 78
538 108 83
539 122 78
540 118 77
541 120 70
542 118 83
543 107 84
544 120 83
545 113 76
546 117 71
547 115 72
548 107 85
549 108 72
550 115 81
551 116 77
552 115 75
553 121 74
554 106 70
555 113 71
556 113 45
557 115 44
558 114 41
559 115 38
560 120 38
561 109 42
562 110 42
563 118 40
564 119 40
565 118 38
566 115 51
567 107 36
568 116 37
569 114 38
570 113 50
571 122 47
572 121 46
573 121 44
574 112 50
575 106 35
576 122 48
577 105 34
578 110 45
579 121 44
580 115 41
581 105 44
582 117 51
583 118 50
584 114 44
585 107 51
586 0 169
587 2 172
588 0 171
589 1 178
590 3 171
591 7 179
592 1 167
593 11 172
594 2 170
595 9 176
596 8 179
597 10 179
598 4 176
599 9 175
600 5 167
601 1 178
602 6 173
603 10 170
604 2 170
605 5 173
606 1 179
607 1 174
608 10 166
609 5 164
610 11 166
611 10 164
612 10 173
613 8 162
614 10 163
615 4 169
616 229 245
617 218 245
618 216 243
619 223 239
620 228 243
621 216 245
622 224 246
623 232 239
624 232 245
625 217 239
626 228 240
627 218 236
628 224 248
629 218 239
630 230 242
631 225 241
632 221 244
633 225 245
634 230 237
635 222 240
636 219 240
637 229 247
638 228 248
639 231 233
640 223 235
641 225 237
642 222 244
643 221 248
644 222 233
645 232 245
646 188 59
647 186 60
648 180 55
649 187 52
650 195 56
651 192 60
652 181 66
653 181 69
654 192 64
655 189 65
656 196 61
657 190 57
658 184 58
659 188 61
660 184 65
661 184 54
662 191 54
663 189 63
664 188 66
665 185 68
666 188 52
667 196 55
668 192 68
669 183 56
670 182 68
671 186 57
672 187 65
673 188 61
674 192 63
675 192 63
676 15 141
677 24 125
678 21 139
679 30 124
680 23 124
681 16 126
682 28 141
683 25 131
684 12 131
685 13 129
686 29 133
687 18 138
688 18 130
689 20 140
690 17 123
691 27 124
692 20 126
693 14 134
694 13 134
695 12 127
696 18 132
697 20 135
698 26 140
699 14 137
700 13 128
701 19 137
702 30 136
703 17 136
704 13 137
705 22 137
706 150 164
707 157 162
708 144 173
709 152 165
710 158 170
711 142 162
712 158 176
713 144 177
714 149 176
715 157 162
716 148 162
717 158 164
718 148 179
719 157 167
720 147 162
721 160 179
722 156 164
723 144 175
724 153 162
725 148 175
726 151 171
727 148 166
728 142 179
729 159 172
730 146 172
731 148 169
732 154 177
733 158 178
734 149 172
735 146 168
736 177 114
737 164 121
738 165 109
739 163 114
740 161 114
741 178 108
742 164 113
743 166 108
744 170 113
745 169 122
746 177 112
747 170 115
748 179 108
749 179 115
750 178 107
751 178 111
752 170 105
753 162 112
754 166 118
755 173 108
756 171 106
757 166 106
758 163 118
759 165 113
760 172 110
761 161 111
762 175 117
763 178 114
764 162 119
765 161 110
766 223 179
767 232 176
768 221 161
769 227 166
770 232 177
771 231 171
772 221 170
773 218 166
774 226 173
775 217 173
776 230 164
777 231 165
778 225 175
779 225 168
780 216 167
781 217 165
782 222 170
783 226 165
784 219 179
785 228 173
786 217 176
787 229 163
788 220 166
789 226 177
790 223 164
791 220 162
792 221 169
793 225 165
794 221 177
795 223 169
796 18 41
797 29 51
798 21 46
799 13 48
800 15 39
801 27 46
802 17 35
803 30 44
804 21 46
805 24 49
806 19 38
807 24 36
808 25 51
809 24 47
810 18 40
811 19 35
812 13 49
813 13 48
814 17 35
815 26 42
816 30 45
817 17 46
818 25 51
819 27 44
820 27 40
821 31 42
822 26 40
823 21 42
824 13 41
825 18 34
826 241 31
827 248 22
828 235 12
829 247 16
830 248 31
831 244 16
832 245 16
833 238 28
834 236 13
835 236 25
836 246 12
837 237 18
838 243 12
839 245 26
840 238 26
841 246 31
842 242 21
843 245 22
844 244 28
845 242 19
846 233 31
847 247 23
848 236 15
849 242 24
850 237 14
851 238 19
852 238 19
853 242 31
854 246 25
855 237 15
856 241 211
857 234 213
858 248 214
859 245 199
860 245 204
861 242 199
862 247 214
863 235 212
864 239 209
865 239 208
866 235 197
867 245 212
868 238 209
869 239 205
870 247 210
871 238 200
872 243 200
873 233 207
874 238 199
875 236 197
876 247 198
877 238 204
878 241 203
879 236 210
880 235 215
881 246 208
882 244 212
883 244 214
884 235 200
885 233 208
886 121 186
887 117 187
888 106 195
889 114 184
890 105 181
891 105 185
892 107 191
893 116 188
894 107 185
895 105 183
896 122 187
897 114 180
898 107 184
899 119 189
900 109 189
901 107 195
902 118 192
903 115 188
904 107 190
905 116 194
906 107 196
907 115 196
908 116 189
909 113 192
910 107 189
911 105 184
912 112 188
913 109 193
914 120 195
915 110 180
916 34 228
917 51 232
918 33 224
919 37 230
920 42 228
921 49 221
922 40 227
923 36 218
924 33 229
925 42 226
926 51 226
927 44 223
928 35 216
929 45 219
930 35 218
931 35 221
932 51 220
933 39 216
934 47 224
935 45 218
936 37 231
937 43 223
938 34 229
939 40 231
940 33 224
941 46 220
942 43 230
943 39 231
944 40 219
945 44 227
946 184 226
947 187 226
948 186 226
949 181 226
950 191 222
951 188 218
952 196 232
953 191 230
954 196 219
955 181 223
956 195 220
957 187 218
958 195 224
959 189 228
960 192 227
961 191 218
962 183 220
963 188 221
964 180 220
965 181 216
966 186 227
967 193 223
968 185 220
969 186 232
970 196 228
971 187 221
972 191 220
973 196 223
974 181 230
975 181 217
976 246 236
977 243 246
978 236 237
979 235 242
980 246 233
981 238 247
982 241 238
983 242 246
984 247 237
985 233 240
986 235 236
987 233 248
988 233 248
989 242 236
990 235 240
991 239 234
992 246 241
993 247 244
994 243 236
995 244 233
996 9 160
997 4 150
998 4 155
999 8 159
1000 6 150
1001 11 152
1002 11 155
1003 6 143
1004 6 153
1005 9 147
1006 8 156
1007 6 150
1008 11 150
1009 6 150
1010 11 151
1011 9 144
1012 2 160
1013 4 157
1014 1 147
1015 2 160
1016 3 152
1017 3 159
1018 4 155
1019 9 154
1020 9 146
1021 4 152
1022 6 150
1023 6 144
1024 8 146
1025 0 240
1026 1 244
1027 3 243
1028 7 236
1029 0 248
1030 3 233
1031 8 233
1032 3 233
1033 2 245
1034 5 239
1035 7 248
1036 7 235
1037 1 247
1038 10 237
1039 3 242
1040 5 244
1041 3 234
1042 0 241
1043 5 243
1044 3 241
1045 1 239
1046 5 243
1047 1 242
1048 11 246
1049 11 239
1050 10 248
1051 9 243
1052 5 234
1053 186 84
1054 180 77
1055 183 75
1056 189 82
1057 190 78
1058 188 75
1059 180 75
1060 191 74
1061 189 74
1062 193 82
1063 189 70
1064 187 77
1065 192 72
1066 194 83
1067 182 75
1068 180 82
1069 191 74
1070 189 82
1071 188 83
1072 185 74
1073 181 75
1074 183 76
1075 191 78
1076 192 73
1077 187 70
1078 185 79
1079 191 80
1080 187 77
1081 181 73
1082 192 78
1083 112 226
1084 119 224
1085 112 221
1086 107 232
1087 117 224
1088 105 228
1089 122 232
1090 110 229
1091 111 231
1092 117 222
1093 114 228
1094 106 231
1095 108 225
1096 118 222
1097 112 216
1098 118 227
1099 118 232
1100 119 229
1101 108 216
1102 107 216
1103 119 226
1104 105 228
1105 121 226
1106 121 217
1107 109 228
1108 106 218
1109 109 224
1110 107 227
1111 176 227
1112 174 229
1113 169 222
1114 175 218
1115 173 218
1116 165 222
1117 175 220
1118 171 221
1119 162 229
1120 169 225
1121 171 228
1122 173 224
1123 179 217
1124 163 232
1125 178 231
1126 178 219
1127 161 222
1128 165 217
1129 162 216
1130 176 220
1131 174 228
1132 161 232
1133 172 221
1134 175 229
1135 175 228
1136 162 227
1137 178 219
1138 169 216
1139 164 222
1140 174 231
1141 12 85
1142 24 83
1143 29 79
1144 26 85
1145 25 84
1146 14 74
1147 23 77
1148 25 84
1149 17 82
1150 12 74
1151 25 70
1152 16 82
1153 17 75
1154 20 80
1155 27 78
1156 30 75
1157 22 71
1158 30 74
1159 31 75
1160 16 71
1161 25 70
1162 16 84
1163 31 83
1164 30 78
1165 21 79
1166 27 81
1167 27 77
1168 27 73
1169 27 82
1170 19 78
1171 169 186
1172 174 185
1173 165 190
1174 165 196
1175 163 188
1176 169 183
1177 174 187
1178 179 186
1179 164 186
1180 166 180
1181 163 191
1182 166 187
1183 162 192
1184 169 182
1185 175 195
1186 175 195
1187 166 195
1188 167 195
1189 176 184
1190 176 185
1191 179 190
1192 176 183
1193 171 189
1194 175 193
1195 166 185
1196 170 189
1197 178 185
1198 161 191
1199 171 188
1200 171 185
1201 186 229
1202 191 225
1203 181 217
1204 186 222
1205 183 231
1206 184 231
1207 181 223
1208 191 230
1209 180 223
1210 188 229
1211 180 224
1212 184 224
1213 191 227
1214 191 224
1215 188 226
1216 184 231
1217 195 232
1218 193 228
1219 192 223
1220 194 228
1221 195 222
1222 192 224
1223 196 230
1224 195 220
1225 186 227
1226 182 221
1227 181 216
1228 194 230
1229 181 226
1230 196 218
1231 75 54
1232 80 63
1233 70 65
1234 71 61
1235 78 54
1236 76 52
1237 73 60
1238 79 53
1239 78 52
1240 82 54
1241 70 58
1242 77 67
1243 79 58
1244 76 63
1245 83 68
1246 84 58
1247 80 53
1248 75 56
1249 83 60
1250 83 69
1251 85 58
1252 85 58
1253 79 67
1254 78 53
1255 70 55
1256 74 53
1257 85 66
1258 75 57
1259 71 59
1260 74 66
1261 16 52
1262 12 63
1263 21 67
1264 28 57
1265 25 67
1266 12 66
1267 18 55
1268 20 65
1269 22 68
1270 31 66
1271 17 53
1272 17 67
1273 19 56
1274 29 54
1275 29 63
1276 22 63
1277 24 68
1278 13 66
1279 18 57
1280 18 55
1281 14 66
1282 31 52
1283 21 61
1284 12 52
1285 16 58
1286 24 62
1287 17 53
1288 17 58
1289 13 66
1290 20 59
1291 208 166
1292 203 164
1293 214 173
1294 198 167
1295 207 177
1296 202 173
1297 199 179
1298 205 174
1299 208 171
1300 208 161
1301 210 172
1302 206 176
1303 208 177
1304 207 163
1305 206 173
1306 205 165
1307 212 162
1308 199 167
1309 209 172
1310 198 162
1311 201 174
1312 211 176
1313 213 164
1314 209 172
1315 200 178
1316 214 174
1317 211 176
1318 203 168
1319 209 164
1320 213 162
1321 153 27
1322 153 19
1323 142 20
1324 152 22
1325 145 25
1326 142 24
1327 160 29
1328 147 21
1329 160 14
1330 144 18
1331 148 30
1332 145 26
1333 152 17
1334 151 17
1335 151 24
1336 159 16
1337 143 24
1338 158 19
1339 149 25
1340 147 30
1341 148 15
1342 150 30
1343 153 25
1344 147 31
1345 145 27
1346 153 31
1347 146 15
1348 159 31
1349 148 17
1350 150 24
1351 143 126
1352 149 129
1353 145 133
1354 160 139
1355 153 125
1356 160 140
1357 144 139
1358 143 125
1359 151 130
1360 152 131
1361 158 129
1362 151 139
1363 156 128
1364 151 128
1365 154 136
1366 156 126
1367 160 127
1368 155 138
1369 149 130
1370 143 125
1371 154 131
1372 153 125
1373 160 124
1374 157 123
1375 156 137
1376 145 127
1377 149 141
1378 149 126
1379 157 141
1380 144 123
1381 202 129
1382 213 128
1383 207 136
1384 207 137
1385 205 132
1386 211 123
1387 211 130
1388 200 140
1389 210 130
1390 206 141
1391 213 131
1392 201 129
1393 212 137
1394 204 135
1395 207 138
1396 198 135
1397 203 130
1398 214 132
1399 199 125
1400 197 129
1401 210 138
1402 202 137
1403 199 127
1404 202 134
1405 205 127
1406 199 134
1407 210 130
1408 200 128
1409 203 136
1410 214 127
1411 183 70
1412 194 76
1413 186 83
1414 195 80
1415 193 79
1416 194 71
1417 194 70
1418 190 81
1419 188 75
1420 183 82
1421 191 76
1422 186 80
1423 193 76
1424 194 78
1425 196 80
1426 193 77
1427 184 77
1428 194 70
1429 190 83
1430 190 79
1431 185 80
1432 194 81
1433 192 83
1434 188 71
1435 180 84
1436 192 85
1437 190 78
1438 193 75
1439 182 76
1440 191 82
1441 55 87
1442 57 97
1443 69 92
1444 67 96
1445 69 91
1446 69 99
1447 67 102
1448 63 103
1449 54 92
1450 64 95
1451 67 100
1452 67 100
1453 62 103
1454 57 104
1455 52 91
1456 69 95
1457 67 93
1458 56 88
1459 52 98
1460 68 102
1461 56 97
1462 61 89
1463 61 86
1464 69 87
1465 69 92
1466 68 94
1467 59 90
1468 56 99
1469 55 88
1470 52 93
1471 25 6
1472 24 5
1473 28 2
1474 20 6
1475 21 3
1476 23 0
1477 16 0
1478 13 11
1479 15 6
1480 14 3
1481 26 1
1482 30 4
1483 21 10
1484 18 4
1485 30 11
1486 16 3
1487 15 11
1488 31 5
1489 17 11
1490 19 7
1491 26 7
1492 21 11
1493 28 4
1494 29 6
1495 26 2
1496 26 7
1497 17 7
1498 18 3
1499 31 10
1500 30 5
1501 94 175
1502 102 169
1503 99 170
1504 101 178
1505 93 173
1506 97 173
1507 88 165
1508 102 162
1509 88 164
1510 86 179
1511 87 177
1512 103 162
1513 104 179
1514 87 161
1515 91 161
1516 100 170
1517 100 174
1518 91 161
1519 95 173
1520 100 173
1521 92 177
1522 86 169
1523 97 172
1524 87 173
1525 100 176
1526 98 171
1527 97 174
1528 91 174
1529 89 168
1530 92 179
1531 124 245
1532 134 248
1533 126 248
1534 128 239
1535 131 240
1536 125 245
1537 138 245
1538 124 241
1539 125 248
1540 131 240
1541 129 246
1542 132 245
1543 139 235
1544 131 244
1545 139 243
1546 126 238
1547 133 248
1548 131 242
1549 134 240
1550 130 235
1551 135 245
1552 137 244
1553 128 247
1554 139 247
1555 132 246
1556 130 245
1557 138 240
1558 127 237
1559 139 240
1560 135 247
1561 219 157
1562 219 145
1563 227 144
1564 231 158
1565 216 148
1566 227 145
1567 222 155
1568 216 143
1569 227 150
1570 219 157
1571 216 157
1572 219 148
1573 225 152
1574 232 156
1575 222 159
1576 217 146
1577 217 158
1578 226 148
1579 229 152
1580 217 143
1581 217 157
1582 222 159
1583 227 152
1584 216 159
1585 230 144
1586 228 145
1587 225 155
1588 228 152
1589 216 149
1590 217 155
1591 181 104
1592 196 91
1593 180 89
1594 180 95
1595 189 93
1596 190 102
1597 186 93
1598 190 97
1599 192 102
1600 181 100
1601 180 102
1602 187 101
1603 195 95
1604 180 95
1605 184 89
1606 189 89
1607 184 95
1608 194 103
1609 193 88
1610 192 103
1611 180 93
1612 183 94
1613 193 94
1614 191 97
1615 180 100
1616 190 86
1617 187 102
1618 186 103
1619 187 102
1620 181 88
1621 43 2
1622 44 4
1623 46 4
1624 41 3
1625 43 8
1626 47 6
1627 41 7
1628 50 5
1629 45 10
1630 36 10
1631 33 6
1632 47 3
1633 34 1
1634 38 7
1635 38 2
1636 34 0
1637 46 9
1638 38 9
1639 39 11
1640 44 4
1641 48 3
1642 40 9
1643 50 9
1644 34 4
1645 43 6
1646 34 10
1647 35 5
1648 39 6
1649 38 0
1650 148 192
1651 147 189
1652 149 186
1653 152 187
1654 159 196
1655 143 181
1656 149 186
1657 148 191
1658 158 189
1659 155 187
1660 157 184
1661 147 192
1662 153 181
1663 148 192
1664 157 192
1665 142 187
1666 159 195
1667 149 196
1668 148 185
1669 150 182
1670 157 191
1671 148 189
1672 147 190
1673 149 194
1674 149 196
1675 157 186
1676 152 183
1677 151 191
1678 145 196
1679 146 185
1680 199 173
1681 209 175
1682 213 165
1683 200 178
1684 205 168
1685 213 166
1686 209 164
1687 206 173
1688 207 165
1689 214 172
1690 197 173
1691 200 172
1692 197 167
1693 206 171
1694 210 162
1695 203 174
1696 214 165
1697 205 161
1698 203 175
1699 199 164
1700 213 169
1701 201 161
1702 204 169
1703 202 178
1704 207 163
1705 205 168
1706 207 175
1707 197 177
1708 197 179
1709 211 166
1710 216 31
1711 223 29
1712 224 27
1713 229 26
1714 218 16
1715 216 25
1716 232 31
1717 226 21
1718 222 29
1719 224 27
1720 232 12
1721 220 30
1722 225 20
1723 227 20
1724 224 17
1725 231 15
1726 218 21
1727 223 29
1728 217 30
1729 222 12
1730 220 20
1731 220 31
1732 232 26
1733 219 29
1734 232 13
1735 227 29
1736 219 15
1737 224 21
1738 225 18
1739 223 25
1740 65 130
1741 53 133
1742 59 123
1743 68 135
1744 66 123
1745 65 136
1746 67 134
1747 53 124
1748 65 127
1749 60 136
1750 67 123
1751 69 137
1752 61 133
1753 52 125
1754 60 123
1755 59 137
1756 63 134
1757 69 128
1758 68 141
1759 67 137
1760 68 137
1761 67 123
1762 69 132
1763 68 133
1764 64 128
1765 64 123
1766 58 134
1767 64 141
1768 66 125
1769 60 139
1770 191 197
1771 181 207
1772 186 212
1773 186 211
1774 184 201
1775 191 203
1776 180 207
1777 180 199
1778 188 202
1779 186 210
1780 184 210
1781 184 202
1782 196 206
1783 191 206
1784 194 210
1785 187 203
1786 184 212
1787 195 201
1788 183 197
1789 190 201
1790 189 214
1791 181 210
1792 183 206
1793 185 206
1794 184 209
1795 180 202
1796 192 206
1797 182 198
1798 196 197
1799 185 215
1800 128 82
1801 135 85
1802 131 76
1803 137 71
1804 131 84
1805 126 85
1806 140 78
1807 130 73
1808 123 83
1809 130 82
1810 126 77
1811 123 83
1812 132 83
1813 133 76
1814 138 73
1815 129 82
1816 141 75
1817 133 84
1818 130 76
1819 138 84
1820 136 75
1821 129 71
1822 132 83
1823 139 78
1824 130 72
1825 127 74
1826 123 75
1827 125 70
1828 137 78
1829 128 80
1830 52 161
1831 63 174
1832 67 175
1833 67 179
1834 63 179
1835 63 169
1836 53 163
1837 59 165
1838 60 171
1839 60 172
1840 52 172
1841 53 167
1842 59 169
1843 54 179
1844 62 164
1845 58 163
1846 56 174
1847 61 171
1848 64 173
1849 64 172
1850 52 161
1851 63 176
1852 55 161
1853 64 168
1854 61 178
1855 55 165
1856 56 171
1857 58 163
1858 58 174
1859 68 174
1860 139 82
1861 125 84
1862 126 78
1863 123 77
1864 133 75
1865 137 83
1866 127 71
1867 127 71
1868 131 72
1869 140 70
1870 138 74
1871 128 70
1872 139 70
1873 124 75
1874 130 71
1875 137 85
1876 128 78
1877 137 83
1878 134 70
1879 130 75
1880 140 77
1881 140 70
1882 128 78
1883 128 85
1884 133 78
1885 140 71
1886 137 80
1887 125 80
1888 123 84
1889 123 82
1890 50 185
1891 39 184
1892 44 188
1893 41 181
1894 33 182
1895 46 192
1896 35 189
1897 41 196
1898 36 189
1899 43 188
1900 40 196
1901 45 183
1902 49 192
1903 32 195
1904 32 194
1905 38 195
1906 44 188
1907 41 191
1908 45 196
1909 36 184
1910 34 196
1911 48 180
1912 47 181
1913 43 181
1914 42 183
1915 47 196
1916 36 192
1917 42 191
1918 48 186
1919 49 187
1920 208 247
1921 199 235
1922 207 244
1923 207 245
1924 201 244
1925 200 246
1926 205 244
1927 204 237
1928 200 243
1929 198 235
1930 213 244
1931 214 236
1932 215 247
1933 199 238
1934 203 248
1935 209 244
1936 209 233
1937 202 245
1938 213 248
1939 209 239
1940 213 247
1941 207 233
1942 213 235
1943 200 244
1944 215 234
1945 207 242
1946 203 236
1947 197 242
1948 200 242
1949 208 240
1950 217 8
1951 219 1
1952 217 1
1953 219 8
1954 222 3
1955 219 7
1956 218 9
1957 230 0
1958 232 3
1959 229 10
1960 225 2
1961 232 3
1962 219 10
1963 230 1
1964 218 10
1965 232 1
1966 227 5
1967 226 5
1968 222 11
1969 217 7
1970 229 3
1971 230 8
1972 223 3
1973 219 0
1974 230 10
1975 221 1
1976 47 158
1977 42 157
1978 50 152
1979 45 156
1980 47 149
1981 47 151
1982 38 154
1983 35 156
1984 42 144
1985 36 144
1986 42 151
1987 42 148
1988 51 145
1989 36 152
1990 44 150
1991 48 148
1992 45 149
1993 35 150
1994 44 147
1995 47 152
1996 41 159
1997 34 144
1998 32 150
1999 46 142
2000 38 149
2001 40 156
2002 35 152
2003 32 151
2004 45 159
2005 41 147
2006 238 117
2007 236 120
2008 235 106
2009 236 118
2010 234 111
2011 248 119
2012 233 106
2013 238 119
2014 242 105
2015 238 115
2016 239 118
2017 243 108
2018 242 108
2019 244 115
2020 247 119
2021 243 111
2022 241 111
2023 243 115
2024 234 122
2025 240 116
2026 236 122
2027 238 108
2028 242 114
2029 234 114
2030 243 109
2031 235 120
2032 240 120
2033 243 120
2034 243 112
2035 238 114
2036 109 63
2037 106 69
2038 119 57
2039 110 65
2040 112 64
2041 119 69
2042 119 68
2043 110 56
2044 122 53
2045 105 68
2046 108 55
2047 114 57
2048 113 68
2049 114 55
2050 109 66
2051 105 53
2052 122 67
2053 117 59
2054 117 53
2055 121 58
2056 117 58
2057 120 65
2058 106 52
2059 120 57
2060 108 65
2061 108 66
2062 113 52
2063 109 53
2064 116 55
2065 106 60
2066 163 1
2067 165 8
2068 177 0
2069 173 9
2070 164 0
2071 168 11
2072 173 1
2073 176 10
2074 173 10
2075 179 9
2076 173 7
2077 172 7
2078 177 6
2079 165 9
2080 163 6
2081 169 2
2082 162 4
2083 173 2
2084 175 6
2085 178 7
2086 173 9
2087 168 0
2088 162 1
2089 171 11
2090 173 4
2091 176 11
2092 170 11
2093 161 7
2094 172 10
2095 167 10
2096 29 213
2097 24 208
2098 27 206
2099 17 205
2100 15 211
2101 14 201
2102 20 215
2103 14 214
2104 18 215
2105 24 213
2106 24 214
2107 13 211
2108 24 202
2109 25 206
2110 28 204
2111 22 202
2112 12 214
2113 13 212
2114 13 211
2115 25 211
2116 24 198
2117 27 207
2118 19 197
2119 12 203
2120 13 200
2121 22 207
2122 25 202
2123 17 201
2124 23 197
2125 18 213
2126 48 3
2127 49 8
2128 51 6
2129 45 9
2130 33 7
2131 36 5
2132 36 11
2133 35 0
2134 45 4
2135 32 11
2136 44 9
2137 34 3
2138 47 5
2139 45 9
2140 41 0
2141 47 1
2142 34 0
2143 46 7
2144 34 5
2145 35 6
2146 40 7
2147 46 10
2148 45 1
2149 42 11
2150 48 10
2151 50 2
2152 38 9
2153 35 7
2154 36 1
2155 46 1
2156 56 77
2157 66 78
2158 65 71
2159 57 73
2160 68 75
2161 58 80
2162 60 74
2163 58 70
2164 69 74
2165 61 84
2166 69 83
2167 59 71
2168 62 81
2169 66 71
2170 60 82
2171 63 76
2172 55 78
2173 68 73
2174 52 75
2175 58 74
2176 66 79
2177 56 74
2178 65 76
2179 64 73
2180 67 84
2181 58 76
2182 63 81
2183 60 83
2184 67 77
2185 67 73
2186 68 10
2187 68 4
2188 58 8
2189 57 8
2190 63 6
2191 63 7
2192 62 9
2193 62 2
2194 69 2
2195 55 6
2196 55 2
2197 62 5
2198 62 1
2199 54 8
2200 54 5
2201 65 8
2202 63 11
2203 53 10
2204 63 6
2205 69 3
2206 65 11
2207 63 8
2208 60 0
2209 54 7
2210 59 6
2211 57 10
2212 65 4
2213 58 9
2214 62 11
2215 57 11
2216 162 4
2217 173 6
2218 166 2
2219 179 0
2220 164 0
2221 176 4
2222 174 1
2223 174 11
2224 167 10
2225 168 5
2226 171 10
2227 164 1
2228 164 1
2229 175 11
2230 172 5
2231 165 1
2232 172 7
2233 166 8
2234 170 3
2235 164 11
2236 162 2
2237 176 5
2238 163 10
2239 162 5
2240 171 11
2241 163 4
2242 174 9
2243 168 5
2244 172 9
2245 72 186
2246 71 194
2247 82 195
2248 78 188
2249 83 185
2250 79 187
2251 75 186
2252 79 196
2253 85 180
2254 75 186
2255 70 184
2256 71 188
2257 71 183
2258 70 186
2259 78 196
2260 75 196
2261 79 193
2262 81 188
2263 78 188
2264 84 194
2265 82 190
2266 81 183
2267 76 183
2268 71 184
2269 85 191
2270 70 192
2271 83 192
2272 82 188
2273 85 192
2274 74 182
2275 167 220
2276 173 220
2277 163 224
2278 163 229
2279 162 223
2280 166 227
2281 171 218
2282 167 227
2283 165 216
2284 162 222
2285 165 229
2286 173 227
2287 178 220
2288 175 228
2289 173 216
2290 175 220
2291 172 225
2292 166 228
2293 161 229
2294 174 231
2295 171 232
2296 167 228
2297 175 222
2298 174 229
2299 169 218
2300 162 228
2301 174 217
2302 171 217
2303 169 228
2304 178 231
2305 8 14
2306 3 18
2307 6 29
2308 0 26
2309 10 28
2310 4 25
2311 3 27
2312 1 15
2313 5 16
2314 2 26
2315 5 27
2316 11 27
2317 0 18
2318 11 30
2319 8 21
2320 4 23
2321 8 25
2322 4 13
2323 2 24
2324 8 15
2325 11 16
2326 6 13
2327 0 22
2328 2 16
2329 4 18
2330 9 14
2331 11 18
2332 3 19
2333 4 25
2334 8 19
2335 199 3
2336 208 1
2337 200 3
2338 208 5
2339 204 1
2340 202 8
2341 201 8
2342 198 10
2343 214 9
2344 211 11
2345 205 1
2346 210 4
2347 199 8
2348 198 8
2349 210 10
2350 198 8
2351 206 3
2352 199 5
2353 200 7
2354 209 8
2355 206 0
2356 202 9
2357 198 10
2358 210 6
2359 205 6
2360 210 0
2361 201 8
2362 207 0
2363 201 7
2364 214 1
2365 62 67
2366 69 66
2367 67 62
2368 64 66
2369 62 61
2370 66 60
2371 53 69
2372 62 59
2373 54 53
2374 66 61
2375 67 59
2376 64 57
2377 52 60
2378 55 63
2379 53 63
2380 63 54
2381 56 67
2382 56 60
2383 54 59
2384 55 205
2385 62 199
2386 68 198
2387 68 213
2388 52 205
2389 59 203
2390 67 211
2391 54 208
2392 52 198
2393 52 211
2394 63 210
2395 69 205
2396 57 215
2397 52 212
2398 69 206
2399 57 197
2400 56 205
2401 59 212
2402 62 214
2403 55 206
2404 56 205
2405 62 213
2406 52 198
2407 56 213
2408 63 209
2409 53 212
2410 57 209
2411 63 201
2412 55 214
2413 56 205
2414 235 212
2415 248 214
2416 245 205
2417 233 214
2418 245 207
2419 244 203
2420 237 203
2421 234 198
2422 245 201
2423 238 200
2424 235 198
2425 235 204
2426 239 215
2427 237 200
2428 234 200
2429 239 214
2430 248 213
2431 233 198
2432 240 211
2433 233 200
2434 246 213
2435 246 208
2436 237 214
2437 237 211
2438 241 214
2439 242 209
2440 248 202
2441 242 214
2442 248 200
2443 238 210
2444 220 190
2445 230 196
2446 229 193
2447 220 188
2448 220 183
2449 218 191
2450 221 183
2451 222 195
2452 225 193
2453 228 181
2454 232 194
2455 225 186
2456 224 186
2457 220 188
2458 220 196
2459 224 192
2460 217 181
2461 227 182
2462 226 181
2463 221 192
2464 219 192
2465 222 195
2466 231 195
2467 217 194
2468 231 191
2469 226 182
2470 224 195
2471 224 188
2472 225 182
2473 230 180
2474 136 208
2475 137 213
2476 126 201
2477 127 197
2478 139 205
2479 125 211
2480 131 210
2481 126 213
2482 138 199
2483 130 206
2484 128 215
2485 135 197
2486 137 205
2487 131 209
2488 136 209
2489 130 205
2490 124 201
2491 135 209
2492 132 210
2493 128 211
2494 124 200
2495 124 201
2496 134 211
2497 135 209
2498 123 207
2499 126 210
2500 134 206
2501 132 201
2502 129 203
2503 137 200
2504 2 78
2505 2 85
2506 3 84
2507 5 83
2508 0 75
2509 6 75
2510 9 85
2511 6 71
2512 4 75
2513 3 80
2514 9 75
2515 0 71
2516 6 72
2517 7 78
2518 5 80
2519 11 82
2520 10 71
2521 3 77
2522 8 83
2523 5 73
2524 11 83
2525 4 77
2526 1 84
2527 1 74
2528 6 77
2529 1 83
2530 1 84
2531 10 77
2532 9 85
2533 240 89
2534 237 95
2535 236 94
2536 235 93
2537 240 96
2538 248 97
2539 240 92
2540 240 100
2541 246 95
2542 239 89
2543 248 103
2544 246 99
2545 241 94
2546 235 95
2547 233 93
2548 236 89
2549 238 95
2550 246 95
2551 239 102
2552 244 89
2553 242 89
2554 240 103
2555 240 100
2556 235 89
2557 233 99
2558 241 100
2559 245 93
2560 244 90
2561 243 92
2562 238 86
2563 126 37
2564 135 47
2565 130 42
2566 124 39
2567 128 48
2568 138 48
2569 132 32
2570 127 37
2571 140 40
2572 123 37
2573 133 41
2574 129 46
2575 127 36
2576 140 42
2577 139 47
2578 137 51
2579 127 37
2580 131 41
2581 124 43
2582 132 42
2583 137 43
2584 138 33
2585 140 38
2586 138 44
2587 139 49
2588 127 34
2589 139 35
2590 139 44
2591 139 51
2592 132 39
2593 45 223
2594 38 224
2595 41 216
2596 35 227
2597 38 219
2598 49 219
2599 48 223
2600 49 226
2601 44 231
2602 33 226
2603 47 231
2604 42 229
2605 43 230
2606 37 218
2607 47 221
2608 46 216
2609 50 227
2610 36 217
2611 36 216
2612 42 227
2613 47 231
2614 37 220
2615 35 230
2616 46 224
2617 41 220
2618 46 221
2619 40 229
2620 35 223
2621 49 226
2622 45 222
2623 63 200
2624 64 197
2625 69 205
2626 60 204
2627 52 214
2628 68 202
2629 58 203
2630 55 198
2631 60 199
2632 57 197
2633 53 204
2634 58 211
2635 62 208
2636 61 198
2637 69 215
2638 57 200
2639 63 203
2640 53 204
2641 52 200
2642 63 209
2643 65 213
2644 58 198
2645 59 201
2646 52 197
2647 52 209
2648 63 204
2649 52 202
2650 55 206
2651 68 197
2652 68 201
2653 119 21
2654 106 13
2655 109 17
2656 108 16
2657 112 29
2658 113 12
2659 114 28
2660 120 19
2661 117 21
2662 116 29
2663 105 17
2664 106 26
2665 108 27
2666 112 14
2667 121 28
2668 115 28
2669 114 13
2670 115 23
2671 116 17
2672 119 30
2673 110 13
2674 111 12
2675 111 28
2676 122 22
2677 117 13
2678 114 22
2679 112 16
2680 107 29
2681 106 12
2682 121 31
2683 245 139
2684 238 139
2685 248 126
2686 240 134
2687 236 127
2688 248 135
2689 240 140
2690 246 126
2691 243 124
2692 246 141
2693 237 141
2694 239 129
2695 237 126
2696 244 128
2697 242 135
2698 239 126
2699 243 139
2700 240 129
2701 248 132
2702 247 132
2703 237 128
2704 244 137
2705 234 135
2706 245 138
2707 239 134
2708 245 134
2709 243 128
2710 248 123
2711 245 139
2712 246 125
2713 238 124
2714 239 132
2715 236 128
2716 233 124
2717 236 123
2718 234 134
2719 247 126
2720 248 135
2721 241 126
2722 237 141
2723 244 135
2724 244 129
2725 235 130
2726 247 138
2727 239 127
2728 241 123
2729 248 123
2730 238 129
2731 244 130
2732 239 131
2733 246 130
2734 243 140
2735 240 135
2736 242 136
2737 240 125
2738 234 130
2739 233 125
2740 244 139
2741 238 131
2742 243 129
2743 108 121
2744 111 108
2745 106 113
2746 122 106
2747 121 120
2748 117 105
2749 105 109
2750 120 107
2751 110 112
2752 114 116
2753 111 105
2754 108 117
2755 110 106
2756 121 120
2757 106 119
2758 118 113
2759 108 107
2760 112 122
2761 106 122
2762 116 111
2763 105 114
2764 218 85
2765 226 71
2766 229 81
2767 217 81
2768 217 71
2769 227 81
2770 232 83
2771 228 84
2772 231 79
2773 216 73
2774 230 84
2775 220 72
2776 226 79
2777 221 80
2778 219 81
2779 223 81
2780 226 82
2781 221 82
2782 229 71
2783 217 73
2784 217 78
2785 220 70
2786 219 85
2787 232 85
2788 231 83
2789 222 83
2790 223 78
2791 226 71
2792 223 82
2793 227 70
2794 221 138
2795 220 130
2796 223 130
2797 217 128
2798 225 126
2799 218 123
2800 216 125
2801 228 140
2802 224 139
2803 218 139
2804 222 135
2805 226 123
2806 220 139
2807 216 126
2808 225 129
2809 218 134
2810 231 129
2811 224 134
2812 216 131
2813 232 128
2814 225 130
2815 218 141
2816 217 126
2817 220 139
2818 226 138
2819 231 129
2820 224 125
2821 229 136
2822 227 135
2823 218 137
2824 61 87
2825 64 100
2826 56 92
2827 68 86
2828 66 93
2829 55 95
2830 62 91
2831 61 92
2832 67 100
2833 58 96
2834 62 87
2835 58 104
2836 61 103
2837 58 100
2838 59 96
2839 64 94
2840 63 104
2841 62 103
2842 66 102
2843 54 98
2844 54 104
2845 67 94
2846 66 98
2847 53 94
2848 58 87
2849 64 93
2850 63 99
2851 55 92
2852 66 96
2853 59 92
2854 211 55
2855 215 59
2856 208 65
2857 210 68
2858 215 63
2859 215 64
2860 210 63
2861 213 69
2862 202 60
2863 200 59
2864 205 55
2865 197 61
2866 211 68
2867 212 54
2868 198 65
2869 212 66
2870 207 62
2871 202 62
2872 202 57
2873 206 66
2874 204 66
2875 211 59
2876 198 54
2877 206 58
2878 212 57
2879 214 64
2880 202 53
2881 205 52
2882 212 59
2883 215 53
2884 10 247
2885 10 245
2886 2 237
2887 2 240
2888 11 245
2889 1 236
2890 2 241
2891 2 246
2892 3 245
2893 4 247
2894 9 235
2895 5 241
2896 1 239
2897 7 238
2898 4 233
2899 0 245
2900 6 239
2901 5 235
2902 10 240
2903 0 244
2904 2 244
2905 10 234
2906 11 241
2907 3 246
2908 6 244
2909 8 240
2910 9 236
2911 3 235
2912 91 172
2913 97 161
2914 104 173
2915 101 176
2916 95 161
2917 86 175
2918 92 171
2919 89 172
2920 104 167
2921 100 179
2922 86 176
2923 91 171
2924 92 173
2925 99 172
2926 96 174
2927 104 169
2928 103 165
2929 91 162
2930 100 174
2931 104 168
2932 97 172
2933 96 169
2934 100 174
2935 101 169
2936 94 171
2937 91 168
2938 89 175
2939 97 164
2940 91 169
2941 102 166
