214 229 10 2862
0 7
1 7
2 6
3 4
4 8
5 7
6 6
7 7
8 7
9 7
10 9
11 4
12 3
13 3
14 5
15 3
16 3
17 4
18 3
19 3
20 3
21 6
22 3
23 6
24 3
25 4
26 3
27 3
28 3
29 3
30 3
31 3
32 3
33 3
34 3
35 3
36 4
37 3
38 4
39 3
40 3
41 3
42 3
43 4
44 6
45 5
46 4
47 3
48 3
49 3
50 3
51 6
52 4
53 3
54 6
55 4
56 4
57 3
58 3
59 4
60 3
61 5
62 3
63 4
64 3
65 3
66 3
67 3
68 4
69 3
70 5
71 4
72 3
73 3
74 4
75 3
76 3
77 3
78 3
79 3
80 4
81 3
82 3
83 4
84 4
85 4
86 4
87 4
88 3
89 4
90 3
91 3
92 4
93 5
94 3
95 3
96 5
97 3
98 3
99 3
100 3
101 3
102 3
103 3
104 4
105 4
106 3
107 3
108 3
109 3
110 4
111 3
112 3
113 3
114 4
115 3
116 4
117 3
118 3
119 3
120 3
121 4
122 3
123 3
124 3
125 3
126 3
127 4
128 4
129 3
130 3
131 4
132 5
133 3
134 4
135 4
136 3
137 3
138 3
139 4
140 3
141 4
142 3
143 3
144 3
145 5
146 3
147 5
148 5
149 3
150 5
151 3
152 3
153 4
154 3
155 5
156 3
157 3
158 3
159 3
160 3
161 3
162 3
163 3
164 4
165 3
166 4
167 3
168 3
169 3
170 3
171 3
172 3
173 3
174 4
175 5
176 3
177 3
178 5
179 3
180 4
181 4
182 3
183 3
184 4
185 3
186 3
187 7
188 3
189 3
190 3
191 3
192 3
193 3
194 3
195 7
196 3
197 3
198 3
199 3
200 3
201 3
202 3
203 4
204 3
205 3
206 6
207 6
208 3
209 4
210 5
211 3
212 3
213 3
0 0 2
1 0 4
2 0 5
3 0 6
4 0 8
5 1 4
6 1 6
7 1 7
8 1 8
9 1 10
10 1 12
11 2 6
12 2 7
13 2 96
14 3 4
15 3 6
16 3 11
17 3 28
18 4 6
19 4 8
20 4 9
21 4 10
22 5 7
23 5 11
24 5 46
25 5 179
26 6 8
27 7 10
28 7 11
29 7 112
30 8 9
31 8 10
32 8 147
33 9 63
34 9 164
35 9 195
36 10 11
37 10 80
38 10 128
39 12 21
40 13 26
41 13 27
42 14 21
43 14 25
44 14 23
45 15 17
46 15 16
47 16 21
48 17 18
49 19 25
50 20 21
51 22 23
52 23 24
53 23 26
54 28 31
55 29 37
56 29 45
57 30 44
58 31 36
59 32 45
60 33 44
61 34 38
62 35 41
63 36 38
64 36 43
65 38 40
66 39 44
67 39 45
68 41 44
69 42 43
70 42 44
71 46 61
72 47 56
73 48 61
74 49 52
75 49 59
76 49 55
77 50 54
78 51 57
79 51 54
80 51 61
81 51 58
82 52 53
83 54 56
84 54 55
85 58 62
86 59 60
87 63 67
88 63 73
89 63 66
90 64 74
91 65 71
92 65 74
93 66 70
94 66 77
95 68 75
96 68 70
97 69 70
98 70 78
99 71 76
100 72 75
101 74 77
102 77 79
103 80 94
104 80 92
105 81 83
106 82 90
107 82 89
108 83 93
109 84 92
110 84 88
111 85 86
112 85 87
113 86 89
114 87 88
115 87 93
116 91 93
117 91 95
118 96 108
119 96 97
120 97 111
121 98 107
122 99 102
123 100 111
124 101 103
125 102 103
126 102 110
127 104 110
128 104 105
129 105 107
130 105 108
131 106 110
132 107 109
133 112 122
134 113 119
135 114 118
136 114 125
137 115 124
138 115 125
139 115 123
140 116 121
141 116 127
142 117 126
143 119 124
144 120 122
145 120 123
146 121 123
147 126 127
148 128 132
149 129 137
150 130 134
151 131 141
152 131 143
153 131 135
154 132 136
155 132 139
156 132 145
157 133 140
158 133 143
159 134 141
160 135 139
161 136 138
162 137 139
163 138 142
164 144 145
165 145 146
166 147 162
167 147 161
168 148 151
169 148 150
170 148 163
171 149 152
172 149 155
173 149 153
174 150 157
175 150 153
176 153 160
177 154 155
178 155 161
179 156 160
180 158 162
181 159 161
182 164 177
183 164 175
184 165 174
185 166 167
186 166 168
187 166 169
188 167 170
189 168 172
190 169 174
191 171 178
192 172 173
193 174 178
194 175 176
195 175 178
196 179 185
197 179 188
198 180 183
199 180 181
200 180 187
201 181 182
202 181 189
203 184 188
204 184 187
205 185 186
206 185 190
207 187 192
208 187 193
209 187 194
210 191 193
211 195 196
212 195 202
213 195 207
214 195 199
215 196 201
216 197 207
217 198 210
218 199 213
219 200 207
220 203 211
221 203 206
222 204 207
223 205 206
224 206 209
225 206 210
226 207 210
227 208 209
228 211 212
0 133 178
1 128 169
2 143 178
3 131 175
4 138 164
5 145 173
6 131 170
7 141 170
8 129 174
9 131 165
10 143 176
11 146 170
12 131 170
13 138 165
14 137 170
15 132 166
16 132 167
17 130 172
18 133 177
19 138 164
20 133 174
21 142 167
22 132 167
23 137 178
24 138 167
25 139 167
26 130 170
27 133 171
28 128 173
29 128 176
30 202 204
31 206 197
32 195 203
33 202 208
34 197 201
35 200 211
36 209 212
37 200 211
38 210 211
39 206 196
40 197 203
41 198 204
42 203 199
43 197 201
44 201 200
45 211 201
46 211 213
47 196 208
48 213 197
49 205 195
50 199 197
51 203 201
52 211 199
53 69 108
54 77 110
55 75 99
56 67 98
57 69 109
58 72 97
59 68 102
60 71 101
61 76 99
62 70 107
63 75 97
64 70 99
65 78 103
66 66 99
67 74 103
68 63 111
69 65 96
70 67 106
71 77 105
72 76 110
73 68 108
74 64 104
75 63 104
76 72 103
77 71 102
78 77 96
79 68 109
80 66 104
81 78 107
82 69 102
83 61 60
84 58 47
85 48 62
86 51 49
87 59 47
88 60 62
89 52 54
90 56 48
91 54 59
92 47 58
93 54 53
94 46 57
95 62 60
96 46 47
97 48 54
98 56 53
99 60 57
100 60 62
101 54 60
102 46 58
103 49 50
104 60 55
105 156 57
106 160 62
107 157 57
108 160 50
109 150 59
110 156 57
111 147 46
112 158 53
113 152 50
114 163 58
115 158 54
116 152 50
117 148 51
118 157 49
119 150 55
120 154 59
121 162 57
122 159 52
123 149 46
124 163 48
125 160 48
126 150 53
127 160 55
128 150 50
129 147 51
130 152 50
131 163 50
132 160 57
133 147 53
134 150 58
135 17 98
136 27 109
137 15 104
138 22 107
139 25 105
140 27 106
141 25 107
142 18 110
143 19 107
144 14 110
145 17 108
146 12 96
147 13 100
148 12 103
149 18 105
150 15 100
151 14 105
152 14 103
153 17 109
154 18 97
155 19 97
156 14 104
157 22 107
158 22 104
159 26 106
160 18 98
161 17 103
162 18 98
163 12 100
164 18 102
165 158 89
166 149 91
167 156 81
168 159 86
169 158 93
170 161 80
171 161 81
172 153 84
173 151 86
174 163 93
175 148 80
176 147 84
177 160 85
178 152 91
179 158 82
180 152 82
181 148 85
182 156 90
183 153 92
184 160 89
185 149 84
186 152 88
187 154 91
188 150 88
189 153 92
190 151 95
191 153 90
192 157 88
193 162 90
194 160 95
195 110 15
196 104 21
197 107 17
198 103 12
199 104 18
200 110 15
201 108 15
202 96 25
203 99 22
204 97 24
205 106 16
206 102 22
207 97 20
208 107 14
209 96 19
210 105 17
211 102 17
212 107 26
213 110 20
214 100 12
215 97 20
216 106 26
217 105 27
218 97 26
219 103 18
220 111 23
221 111 20
222 103 14
223 106 19
224 96 24
225 111 0
226 100 11
227 98 2
228 106 1
229 101 5
230 106 6
231 99 5
232 103 3
233 107 10
234 102 8
235 105 3
236 104 1
237 111 1
238 104 5
239 96 10
240 102 3
241 101 7
242 97 4
243 103 9
244 105 6
245 98 1
246 105 9
247 104 2
248 102 3
249 103 4
250 102 0
251 98 0
252 96 3
253 96 3
254 105 7
255 194 72
256 193 79
257 182 72
258 191 75
259 192 63
260 194 68
261 191 77
262 186 77
263 183 67
264 185 74
265 181 69
266 182 65
267 179 63
268 194 68
269 182 72
270 182 78
271 194 66
272 184 66
273 179 63
274 188 69
275 180 66
276 182 70
277 180 70
278 189 67
279 186 76
280 185 77
281 194 67
282 190 63
283 194 79
284 184 70
285 114 113
286 119 122
287 116 125
288 127 120
289 119 122
290 123 114
291 114 117
292 120 117
293 112 117
294 116 118
295 125 120
296 124 116
297 119 122
298 125 119
299 126 118
300 127 113
301 117 115
302 126 118
303 113 126
304 120 118
305 123 126
306 152 22
307 155 21
308 163 22
309 149 15
310 161 21
311 155 25
312 151 20
313 160 19
314 159 12
315 160 15
316 154 25
317 163 14
318 147 22
319 160 14
320 148 19
321 163 16
322 151 22
323 160 15
324 154 19
325 151 13
326 154 16
327 150 23
328 160 20
329 153 24
330 150 27
331 154 23
332 156 15
333 154 17
334 159 23
335 148 27
336 40 32
337 43 34
338 36 33
339 40 45
340 38 42
341 28 35
342 34 32
343 45 38
344 36 32
345 33 35
346 42 28
347 36 45
348 43 41
349 34 28
350 39 43
351 30 34
352 41 37
353 33 45
354 33 36
355 209 189
356 207 187
357 198 189
358 208 193
359 196 191
360 211 194
361 197 182
362 199 189
363 203 193
364 205 192
365 197 182
366 208 189
367 205 190
368 213 188
369 195 189
370 209 179
371 195 194
372 205 187
373 210 192
374 202 189
375 204 184
376 209 179
377 205 194
378 210 191
379 210 183
380 203 183
381 211 190
382 199 190
383 196 188
384 206 179
385 198 208
386 195 209
387 196 203
388 201 205
389 206 197
390 196 203
391 198 201
392 199 203
393 213 198
394 200 213
395 195 208
396 197 205
397 205 198
398 210 211
399 197 203
400 198 202
401 205 202
402 199 212
403 202 205
404 212 205
405 26 166
406 25 170
407 17 174
408 27 171
409 26 173
410 20 174
411 20 177
412 24 177
413 22 167
414 12 169
415 17 167
416 14 165
417 19 176
418 22 172
419 20 177
420 22 178
421 23 177
422 19 170
423 15 164
424 25 178
425 15 166
426 13 172
427 13 166
428 26 171
429 22 171
430 23 167
431 20 172
432 12 174
433 26 164
434 19 170
435 126 71
436 112 76
437 120 76
438 116 71
439 112 66
440 114 79
441 122 63
442 117 66
443 116 76
444 115 63
445 113 67
446 121 65
447 121 77
448 117 73
449 117 78
450 125 73
451 117 66
452 125 66
453 116 71
454 124 66
455 118 72
456 123 69
457 120 64
458 112 69
459 127 75
460 121 78
461 120 79
462 117 65
463 127 67
464 121 63
465 102 111
466 106 101
467 103 106
468 97 104
469 110 111
470 110 108
471 97 103
472 106 109
473 102 105
474 98 100
475 101 104
476 105 99
477 96 101
478 100 99
479 98 108
480 99 100
481 98 97
482 107 101
483 20 103
484 27 100
485 27 107
486 16 110
487 25 111
488 14 105
489 20 106
490 27 105
491 14 98
492 26 108
493 27 106
494 14 96
495 21 96
496 21 98
497 13 106
498 12 108
499 21 105
500 23 97
501 16 100
502 19 109
503 17 98
504 14 108
505 19 106
506 16 102
507 12 110
508 20 100
509 14 110
510 21 110
511 18 99
512 20 108
513 117 82
514 124 81
515 124 84
516 126 95
517 115 91
518 120 80
519 124 83
520 126 87
521 118 81
522 113 82
523 121 90
524 120 94
525 114 81
526 115 90
527 127 91
528 113 88
529 113 84
530 119 80
531 124 83
532 114 92
533 121 94
534 112 91
535 123 93
536 113 85
537 115 88
538 112 94
539 113 88
540 112 93
541 124 83
542 115 92
543 63 146
544 68 140
545 79 146
546 74 130
547 69 134
548 67 134
549 72 138
550 78 129
551 72 129
552 64 138
553 69 132
554 73 128
555 63 130
556 69 141
557 64 141
558 79 128
559 79 130
560 70 143
561 69 134
562 70 141
563 78 133
564 68 138
565 64 141
566 75 144
567 66 138
568 75 140
569 73 128
570 79 136
571 70 144
572 71 146
573 14 96
574 23 99
575 23 108
576 19 107
577 22 98
578 23 107
579 20 105
580 19 98
581 25 97
582 21 108
583 21 103
584 17 108
585 19 101
586 27 99
587 18 102
588 12 107
589 22 96
590 21 106
591 18 111
592 13 103
593 15 101
594 27 104
595 21 99
596 17 103
597 16 100
598 24 96
599 21 108
600 22 105
601 18 101
602 17 111
603 44 2
604 39 7
605 28 2
606 30 9
607 43 0
608 37 8
609 29 10
610 36 11
611 32 7
612 42 11
613 41 7
614 41 4
615 45 7
616 45 5
617 44 6
618 41 0
619 33 8
620 35 2
621 35 1
622 37 6
623 30 11
624 45 5
625 45 9
626 29 0
627 34 11
628 40 4
629 42 7
630 42 3
631 164 19
632 178 15
633 178 18
634 164 27
635 169 27
636 173 17
637 172 15
638 165 23
639 166 12
640 168 20
641 171 18
642 171 25
643 169 16
644 164 21
645 176 18
646 171 27
647 178 23
648 176 15
649 166 25
650 178 14
651 172 16
652 171 19
653 175 16
654 170 24
655 174 15
656 174 17
657 171 17
658 164 22
659 168 14
660 171 23
661 211 152
662 213 148
663 206 150
664 195 147
665 203 160
666 213 149
667 210 154
668 206 154
669 203 160
670 199 162
671 206 151
672 199 158
673 198 162
674 211 163
675 204 151
676 212 162
677 209 163
678 213 161
679 199 147
680 204 147
681 206 150
682 195 150
683 207 163
684 208 158
685 195 149
686 209 163
687 211 148
688 208 153
689 212 162
690 203 148
691 208 13
692 198 18
693 211 25
694 212 17
695 202 16
696 211 12
697 206 19
698 199 15
699 209 22
700 196 16
701 195 14
702 210 17
703 198 17
704 200 14
705 196 23
706 200 14
707 203 22
708 209 24
709 209 14
710 207 15
711 198 23
712 197 27
713 204 20
714 205 23
715 200 15
716 208 24
717 211 25
718 207 19
719 200 16
720 211 14
721 133 122
722 144 121
723 135 117
724 128 115
725 131 116
726 133 126
727 143 127
728 145 120
729 146 126
730 136 125
731 136 118
732 143 117
733 137 113
734 136 121
735 136 125
736 146 124
737 128 123
738 128 123
739 138 124
740 143 116
741 134 119
742 140 127
743 135 120
744 144 112
745 143 120
746 137 115
747 128 114
748 129 116
749 145 122
750 134 123
751 38 32
752 31 45
753 34 33
754 43 41
755 34 32
756 42 31
757 28 42
758 28 37
759 38 29
760 37 28
761 28 41
762 28 30
763 30 28
764 41 36
765 45 38
766 43 32
767 43 45
768 29 34
769 41 45
770 43 33
771 29 38
772 30 29
773 41 32
774 32 43
775 43 29
776 34 28
777 35 28
778 178 202
779 178 202
780 177 207
781 176 209
782 169 211
783 178 196
784 172 206
785 167 213
786 177 205
787 175 200
788 176 204
789 177 195
790 170 199
791 178 197
792 167 197
793 172 199
794 171 207
795 177 200
796 177 197
797 166 196
798 170 196
799 174 199
800 177 209
801 168 204
802 175 204
803 174 196
804 175 205
805 164 213
806 170 204
807 191 124
808 188 116
809 181 124
810 182 127
811 181 118
812 180 127
813 192 125
814 191 126
815 182 120
816 194 127
817 179 112
818 179 124
819 188 125
820 191 115
821 191 125
822 191 117
823 185 116
824 194 122
825 180 121
826 182 125
827 185 121
828 182 112
829 179 122
830 179 123
831 184 114
832 182 121
833 184 124
834 187 114
835 188 125
836 194 127
837 172 43
838 175 40
839 169 43
840 176 40
841 167 30
842 176 44
843 172 42
844 177 31
845 170 28
846 165 30
847 164 43
848 175 33
849 176 32
850 174 45
851 169 28
852 174 29
853 165 32
854 168 34
855 169 30
856 177 36
857 169 41
858 177 28
859 172 30
860 174 43
861 173 31
862 169 42
863 176 40
864 168 37
865 164 32
866 168 34
867 101 153
868 105 153
869 100 147
870 97 150
871 102 150
872 101 160
873 105 159
874 96 149
875 97 152
876 109 154
877 102 158
878 104 152
879 102 156
880 100 149
881 98 152
882 97 150
883 110 160
884 101 153
885 110 153
886 98 152
887 102 148
888 103 159
889 104 155
890 99 158
891 100 148
892 107 152
893 105 155
894 102 162
895 97 155
896 100 163
897 115 87
898 116 94
899 119 93
900 121 90
901 119 84
902 119 84
903 126 89
904 120 91
905 127 94
906 121 80
907 116 95
908 117 85
909 125 84
910 119 87
911 121 94
912 121 95
913 115 83
914 119 90
915 112 80
916 122 91
917 116 86
918 122 87
919 127 80
920 123 86
921 112 87
922 120 80
923 118 89
924 114 81
925 115 93
926 122 90
927 35 63
928 33 65
929 38 75
930 38 65
931 35 74
932 35 79
933 33 73
934 44 68
935 41 70
936 44 68
937 32 78
938 32 65
939 44 76
940 35 79
941 39 66
942 29 64
943 39 68
944 33 64
945 39 71
946 39 69
947 30 71
948 39 69
949 30 64
950 29 71
951 37 68
952 33 68
953 39 78
954 31 77
955 32 67
956 40 79
957 52 170
958 55 170
959 58 172
960 49 165
961 46 168
962 59 164
963 46 168
964 47 172
965 49 174
966 57 178
967 58 172
968 49 174
969 55 168
970 61 178
971 51 177
972 56 164
973 57 175
974 60 177
975 49 173
976 49 170
977 52 166
978 56 168
979 51 176
980 50 177
981 50 170
982 57 171
983 47 178
984 59 168
985 50 174
986 48 166
987 50 124
988 53 122
989 49 114
990 57 126
991 52 126
992 62 113
993 57 127
994 54 121
995 58 126
996 49 124
997 52 119
998 57 126
999 48 123
1000 57 123
1001 56 122
1002 52 123
1003 50 121
1004 48 122
1005 51 122
1006 46 124
1007 62 122
1008 50 122
1009 57 112
1010 51 125
1011 48 127
1012 46 120
1013 47 116
1014 51 123
1015 61 127
1016 46 114
1017 79 146
1018 72 143
1019 66 133
1020 63 131
1021 79 135
1022 64 134
1023 77 145
1024 74 134
1025 64 133
1026 78 142
1027 76 132
1028 63 142
1029 70 141
1030 68 133
1031 65 128
1032 72 130
1033 70 132
1034 73 129
1035 78 133
1036 79 131
1037 73 144
1038 64 133
1039 69 146
1040 72 130
1041 65 136
1042 77 143
1043 68 138
1044 69 135
1045 69 128
1046 79 133
1047 115 29
1048 115 28
1049 113 42
1050 112 36
1051 127 30
1052 118 30
1053 117 45
1054 118 45
1055 125 37
1056 120 43
1057 118 39
1058 119 29
1059 114 32
1060 117 34
1061 114 42
1062 124 32
1063 117 28
1064 122 32
1065 122 42
1066 115 29
1067 119 42
1068 125 30
1069 121 30
1070 117 44
1071 119 45
1072 118 35
1073 112 30
1074 115 45
1075 123 31
1076 122 31
1077 86 131
1078 80 130
1079 93 129
1080 91 131
1081 80 140
1082 90 135
1083 95 146
1084 90 142
1085 85 145
1086 95 129
1087 91 137
1088 85 130
1089 83 134
1090 93 136
1091 81 143
1092 93 136
1093 93 140
1094 87 135
1095 85 145
1096 86 137
1097 88 133
1098 81 140
1099 88 145
1100 80 134
1101 85 136
1102 92 145
1103 87 144
1104 82 133
1105 81 137
1106 89 140
1107 80 67
1108 85 64
1109 84 65
1110 86 70
1111 92 66
1112 92 64
1113 84 69
1114 94 71
1115 83 72
1116 91 78
1117 95 64
1118 93 72
1119 86 75
1120 92 72
1121 91 66
1122 89 78
1123 93 66
1124 90 76
1125 81 71
1126 80 75
1127 81 70
1128 82 63
1129 87 69
1130 95 78
1131 83 77
1132 85 69
1133 87 74
1134 83 67
1135 84 66
1136 90 78
1137 150 47
1138 154 58
1139 150 46
1140 151 57
1141 151 61
1142 163 46
1143 161 51
1144 150 57
1145 152 46
1146 156 46
1147 152 50
1148 152 50
1149 162 58
1150 163 53
1151 153 62
1152 160 53
1153 157 60
1154 152 61
1155 159 57
1156 158 50
1157 151 47
1158 153 61
1159 160 49
1160 151 57
1161 147 54
1162 149 52
1163 159 62
1164 151 51
1165 157 52
1166 149 54
1167 9 86
1168 5 85
1169 2 86
1170 9 82
1171 0 87
1172 8 90
1173 1 81
1174 2 82
1175 7 93
1176 5 95
1177 7 86
1178 8 94
1179 4 91
1180 8 92
1181 11 85
1182 4 92
1183 2 92
1184 11 93
1185 6 92
1186 7 94
1187 5 88
1188 5 87
1189 9 82
1190 8 86
1191 9 80
1192 4 81
1193 1 93
1194 5 85
1195 11 172
1196 11 165
1197 6 168
1198 4 169
1199 3 169
1200 11 169
1201 3 167
1202 11 170
1203 5 178
1204 5 173
1205 3 177
1206 4 168
1207 3 177
1208 11 168
1209 11 174
1210 9 166
1211 1 171
1212 8 170
1213 1 165
1214 5 175
1215 8 167
1216 0 172
1217 8 174
1218 3 178
1219 7 171
1220 2 167
1221 7 169
1222 2 178
1223 3 178
1224 102 48
1225 97 62
1226 107 52
1227 101 56
1228 111 47
1229 108 57
1230 99 51
1231 102 61
1232 106 50
1233 102 55
1234 106 53
1235 98 49
1236 105 61
1237 98 49
1238 110 61
1239 103 50
1240 98 61
1241 99 55
1242 109 61
1243 109 53
1244 106 52
1245 110 59
1246 104 51
1247 109 62
1248 109 53
1249 103 61
1250 104 47
1251 101 60
1252 107 59
1253 111 52
1254 105 122
1255 104 118
1256 105 121
1257 97 121
1258 106 123
1259 102 122
1260 102 120
1261 111 121
1262 108 124
1263 106 119
1264 103 124
1265 105 120
1266 97 122
1267 99 113
1268 109 118
1269 105 123
1270 106 120
1271 103 116
1272 111 115
1273 99 117
1274 101 116
1275 101 123
1276 101 122
1277 106 114
1278 104 127
1279 111 118
1280 109 121
1281 97 124
1282 111 116
1283 102 120
1284 149 56
1285 149 48
1286 152 58
1287 156 52
1288 157 55
1289 157 54
1290 158 62
1291 153 52
1292 151 54
1293 159 48
1294 148 62
1295 154 54
1296 150 52
1297 156 55
1298 157 49
1299 162 58
1300 163 55
1301 153 59
1302 160 56
1303 158 52
1304 150 62
1305 161 55
1306 157 56
1307 163 52
1308 161 59
1309 159 51
1310 163 58
1311 163 62
1312 152 49
1313 161 48
1314 7 51
1315 9 57
1316 11 56
1317 8 47
1318 0 61
1319 1 60
1320 6 50
1321 3 49
1322 3 60
1323 5 62
1324 5 48
1325 11 53
1326 11 54
1327 2 61
1328 8 55
1329 9 54
1330 8 60
1331 10 52
1332 2 62
1333 0 48
1334 10 56
1335 4 60
1336 7 47
1337 5 52
1338 9 58
1339 2 58
1340 9 55
1341 3 51
1342 4 60
1343 205 172
1344 211 175
1345 197 165
1346 199 178
1347 205 170
1348 210 177
1349 207 175
1350 204 175
1351 197 176
1352 202 171
1353 207 169
1354 208 170
1355 203 174
1356 206 164
1357 196 177
1358 197 172
1359 200 177
1360 198 172
1361 212 175
1362 213 167
1363 198 174
1364 197 164
1365 199 176
1366 207 177
1367 201 164
1368 204 175
1369 206 177
1370 200 170
1371 207 176
1372 206 175
1373 16 43
1374 25 37
1375 24 35
1376 23 35
1377 20 32
1378 13 38
1379 16 38
1380 13 34
1381 12 43
1382 16 34
1383 20 33
1384 20 35
1385 16 36
1386 20 39
1387 22 34
1388 25 43
1389 27 34
1390 21 33
1391 25 36
1392 21 33
1393 22 45
1394 15 41
1395 26 28
1396 16 40
1397 12 36
1398 26 40
1399 20 28
1400 19 38
1401 16 28
1402 20 42
1403 21 43
1404 17 30
1405 13 31
1406 13 37
1407 22 45
1408 27 41
1409 17 31
1410 25 34
1411 13 33
1412 19 38
1413 16 31
1414 21 40
1415 19 37
1416 21 40
1417 27 29
1418 19 35
1419 25 36
1420 13 40
1421 15 30
1422 18 28
1423 17 29
1424 12 30
1425 25 34
1426 23 33
1427 26 30
1428 23 34
1429 27 35
1430 24 33
1431 21 43
1432 18 29
1433 134 51
1434 142 51
1435 143 47
1436 139 62
1437 133 54
1438 131 51
1439 131 54
1440 131 58
1441 141 59
1442 138 53
1443 146 56
1444 133 52
1445 146 56
1446 133 62
1447 136 52
1448 137 46
1449 139 54
1450 129 54
1451 142 62
1452 128 47
1453 144 52
1454 141 51
1455 138 58
1456 139 57
1457 129 48
1458 130 53
1459 140 60
1460 133 56
1461 145 50
1462 146 50
1463 68 2
1464 65 5
1465 73 6
1466 73 8
1467 63 1
1468 79 11
1469 73 8
1470 69 7
1471 70 7
1472 76 6
1473 70 7
1474 69 2
1475 74 1
1476 75 3
1477 76 11
1478 76 11
1479 67 7
1480 65 1
1481 78 0
1482 75 9
1483 79 3
1484 68 0
1485 68 3
1486 70 3
1487 77 2
1488 74 10
1489 69 6
1490 78 11
1491 63 2
1492 69 4
1493 154 186
1494 148 181
1495 153 179
1496 150 179
1497 147 186
1498 163 188
1499 155 191
1500 162 183
1501 155 189
1502 161 182
1503 148 179
1504 149 192
1505 152 191
1506 150 192
1507 158 190
1508 153 190
1509 162 193
1510 147 181
1511 147 193
1512 150 185
1513 162 180
1514 147 191
1515 152 182
1516 163 180
1517 148 191
1518 155 183
1519 155 186
1520 150 183
1521 159 185
1522 150 187
1523 1 131
1524 5 142
1525 6 145
1526 3 133
1527 4 132
1528 3 141
1529 9 131
1530 9 139
1531 3 143
1532 4 134
1533 10 130
1534 0 130
1535 2 145
1536 8 129
1537 9 138
1538 8 129
1539 9 133
1540 5 144
1541 6 144
1542 1 138
1543 10 143
1544 4 140
1545 5 142
1546 7 133
1547 5 129
1548 11 144
1549 9 130
1550 2 142
1551 0 142
1552 182 2
1553 194 2
1554 189 0
1555 189 0
1556 191 11
1557 185 8
1558 192 7
1559 184 1
1560 189 10
1561 183 6
1562 185 8
1563 192 8
1564 186 8
1565 191 0
1566 187 2
1567 193 2
1568 193 8
1569 185 4
1570 189 11
1571 184 3
1572 186 2
1573 193 2
1574 189 1
1575 192 2
1576 192 4
1577 194 5
1578 188 0
1579 181 8
1580 189 6
1581 181 20
1582 188 20
1583 189 22
1584 189 23
1585 185 12
1586 193 13
1587 181 18
1588 180 18
1589 181 19
1590 184 17
1591 190 25
1592 179 27
1593 182 27
1594 188 24
1595 184 27
1596 184 25
1597 181 14
1598 183 13
1599 188 21
1600 190 22
1601 182 17
1602 186 17
1603 184 27
1604 179 18
1605 193 26
1606 181 27
1607 194 19
1608 181 20
1609 191 16
1610 188 23
1611 55 143
1612 58 133
1613 48 130
1614 46 129
1615 49 140
1616 54 143
1617 54 137
1618 59 146
1619 54 136
1620 46 138
1621 53 134
1622 53 134
1623 50 143
1624 60 136
1625 48 133
1626 58 141
1627 53 144
1628 55 129
1629 51 137
1630 49 131
1631 59 142
1632 51 138
1633 50 140
1634 62 130
1635 62 145
1636 57 140
1637 51 128
1638 55 132
1639 62 138
1640 55 130
1641 68 209
1642 75 205
1643 69 202
1644 63 200
1645 78 202
1646 75 199
1647 65 199
1648 64 200
1649 77 212
1650 71 196
1651 66 205
1652 63 204
1653 78 196
1654 76 213
1655 78 202
1656 65 208
1657 72 197
1658 63 203
1659 69 204
1660 66 205
1661 66 203
1662 66 200
1663 77 209
1664 70 213
1665 70 199
1666 69 197
1667 76 211
1668 66 199
1669 66 202
1670 71 203
1671 52 86
1672 61 81
1673 47 86
1674 57 89
1675 56 82
1676 49 95
1677 59 95
1678 60 94
1679 57 87
1680 48 86
1681 56 85
1682 50 93
1683 60 82
1684 46 82
1685 58 87
1686 60 92
1687 61 94
1688 50 92
1689 55 84
1690 62 94
1691 60 85
1692 47 88
1693 59 93
1694 50 86
1695 51 93
1696 49 89
1697 55 82
1698 56 88
1699 50 87
1700 56 88
1701 199 141
1702 213 137
1703 196 134
1704 196 129
1705 201 136
1706 198 130
1707 196 136
1708 209 146
1709 208 133
1710 213 140
1711 202 136
1712 199 134
1713 209 132
1714 209 128
1715 209 130
1716 197 130
1717 198 142
1718 209 145
1719 200 129
1720 207 131
1721 208 146
1722 197 139
1723 206 141
1724 200 140
1725 196 136
1726 195 128
1727 212 134
1728 209 135
1729 204 142
1730 213 129
1731 12 167
1732 13 165
1733 23 167
1734 20 174
1735 24 169
1736 23 177
1737 21 164
1738 25 177
1739 12 165
1740 15 172
1741 19 170
1742 20 178
1743 19 165
1744 15 175
1745 25 177
1746 18 166
1747 19 173
1748 24 168
1749 12 172
1750 21 173
1751 18 166
1752 18 168
1753 25 178
1754 26 176
1755 14 173
1756 27 177
1757 19 165
1758 15 170
1759 15 170
1760 25 174
1761 182 107
1762 187 109
1763 179 111
1764 190 107
1765 194 97
1766 190 97
1767 190 97
1768 189 107
1769 179 101
1770 180 99
1771 182 97
1772 184 109
1773 182 107
1774 182 100
1775 186 102
1776 189 107
1777 182 106
1778 179 101
1779 188 99
1780 188 98
1781 180 111
1782 192 103
1783 184 110
1784 188 105
1785 187 110
1786 191 110
1787 183 103
1788 193 106
1789 183 108
1790 188 108
1791 37 60
1792 28 46
1793 34 48
1794 33 49
1795 41 58
1796 38 54
1797 44 52
1798 41 53
1799 28 53
1800 33 53
1801 37 54
1802 42 59
1803 43 56
1804 38 46
1805 45 59
1806 36 54
1807 42 53
1808 34 50
1809 35 51
1810 29 47
1811 38 48
1812 38 51
1813 43 56
1814 30 52
1815 44 53
1816 45 46
1817 41 57
1818 38 59
1819 39 48
1820 41 61
1821 61 164
1822 58 171
1823 50 167
1824 58 166
1825 52 173
1826 53 166
1827 52 169
1828 53 169
1829 47 166
1830 61 174
1831 56 168
1832 48 167
1833 55 167
1834 52 172
1835 61 167
1836 47 170
1837 51 172
1838 46 173
1839 50 168
1840 57 172
1841 46 169
1842 52 166
1843 60 177
1844 49 176
1845 46 173
1846 47 176
1847 50 164
1848 55 170
1849 48 173
1850 57 170
1851 117 65
1852 120 75
1853 121 68
1854 115 68
1855 122 67
1856 117 70
1857 121 63
1858 126 75
1859 124 70
1860 117 77
1861 112 67
1862 125 72
1863 112 67
1864 118 74
1865 112 64
1866 120 71
1867 121 71
1868 126 70
1869 118 67
1870 116 68
1871 114 76
1872 122 72
1873 113 79
1874 122 71
1875 118 72
1876 120 66
1877 127 78
1878 116 76
1879 118 65
1880 120 79
1881 123 94
1882 125 84
1883 113 91
1884 122 90
1885 118 94
1886 122 92
1887 114 88
1888 113 91
1889 126 87
1890 116 93
1891 121 95
1892 116 86
1893 121 87
1894 120 92
1895 112 87
1896 113 80
1897 114 95
1898 122 84
1899 112 86
1900 116 88
1901 126 90
1902 113 95
1903 115 92
1904 112 86
1905 113 82
1906 115 81
1907 117 86
1908 119 83
1909 121 89
1910 125 92
1911 142 26
1912 145 21
1913 131 18
1914 128 26
1915 146 26
1916 135 14
1917 137 25
1918 129 13
1919 133 12
1920 129 27
1921 131 15
1922 134 21
1923 133 15
1924 133 17
1925 129 18
1926 134 21
1927 132 24
1928 136 26
1929 130 16
1930 145 21
1931 132 14
1932 131 16
1933 142 13
1934 140 16
1935 143 12
1936 141 23
1937 140 12
1938 130 26
1939 132 21
1940 128 26
1941 38 160
1942 43 161
1943 38 163
1944 38 148
1945 38 150
1946 32 149
1947 45 160
1948 44 158
1949 39 157
1950 34 149
1951 42 160
1952 32 157
1953 38 161
1954 29 148
1955 42 158
1956 31 149
1957 32 149
1958 42 153
1959 30 148
1960 32 162
1961 32 155
1962 40 152
1963 37 153
1964 31 160
1965 31 151
1966 35 163
1967 32 155
1968 37 154
1969 37 163
1970 35 156
1971 29 31
1972 45 41
1973 34 44
1974 31 35
1975 40 43
1976 37 43
1977 29 28
1978 34 28
1979 39 43
1980 36 44
1981 34 37
1982 29 38
1983 34 37
1984 28 45
1985 33 45
1986 37 32
1987 35 36
1988 44 32
1989 38 42
1990 36 41
1991 38 39
1992 86 155
1993 92 160
1994 82 153
1995 88 149
1996 89 149
1997 82 159
1998 88 148
1999 82 156
2000 86 153
2001 89 161
2002 84 158
2003 88 154
2004 93 162
2005 81 148
2006 93 157
2007 91 154
2008 92 153
2009 91 154
2010 90 158
2011 95 153
2012 94 148
2013 83 158
2014 93 156
2015 89 161
2016 93 158
2017 82 156
2018 92 159
2019 91 148
2020 81 157
2021 80 151
2022 155 53
2023 147 61
2024 148 52
2025 153 59
2026 148 59
2027 163 56
2028 154 62
2029 159 54
2030 147 51
2031 157 56
2032 159 51
2033 159 58
2034 155 54
2035 149 62
2036 161 48
2037 162 46
2038 148 50
2039 151 47
2040 157 53
2041 160 46
2042 160 60
2043 162 52
2044 150 47
2045 157 62
2046 150 61
2047 150 49
2048 155 60
2049 158 49
2050 151 48
2051 154 59
2052 109 63
2053 106 70
2054 106 68
2055 96 79
2056 105 69
2057 96 76
2058 108 72
2059 104 66
2060 109 64
2061 107 66
2062 103 68
2063 109 67
2064 111 77
2065 102 63
2066 97 67
2067 101 74
2068 97 74
2069 108 78
2070 103 75
2071 108 71
2072 107 67
2073 99 74
2074 106 66
2075 110 76
2076 106 65
2077 99 79
2078 99 68
2079 103 66
2080 107 66
2081 97 63
2082 195 179
2083 203 188
2084 204 190
2085 212 187
2086 203 190
2087 206 185
2088 199 183
2089 196 188
2090 203 186
2091 202 188
2092 203 193
2093 196 181
2094 212 189
2095 208 191
2096 204 186
2097 204 182
2098 202 179
2099 200 180
2100 202 190
2101 195 189
2102 210 181
2103 202 184
2104 200 188
2105 213 193
2106 210 182
2107 206 183
2108 210 181
2109 203 194
2110 211 192
2111 203 180
2112 95 49
2113 85 46
2114 90 60
2115 94 48
2116 90 61
2117 83 59
2118 82 58
2119 87 52
2120 84 61
2121 88 58
2122 91 51
2123 95 54
2124 92 61
2125 80 55
2126 81 50
2127 89 54
2128 87 56
2129 94 56
2130 90 51
2131 81 47
2132 81 62
2133 82 57
2134 85 59
2135 93 48
2136 89 60
2137 84 59
2138 89 49
2139 95 48
2140 83 59
2141 82 62
2142 184 44
2143 188 36
2144 182 40
2145 191 32
2146 183 35
2147 183 44
2148 181 31
2149 182 40
2150 184 40
2151 179 37
2152 189 41
2153 193 44
2154 186 29
2155 193 42
2156 185 45
2157 179 35
2158 191 30
2159 192 31
2160 193 41
2161 181 38
2162 189 32
2163 180 34
2164 190 30
2165 181 36
2166 183 31
2167 188 38
2168 186 38
2169 181 45
2170 190 35
2171 193 35
2172 115 45
2173 112 36
2174 124 40
2175 123 41
2176 127 39
2177 125 42
2178 115 31
2179 118 33
2180 119 41
2181 124 32
2182 118 45
2183 122 35
2184 116 41
2185 114 36
2186 124 44
2187 120 36
2188 115 41
2189 127 37
2190 126 30
2191 113 35
2192 127 45
2193 126 38
2194 122 30
2195 116 40
2196 127 32
2197 124 29
2198 113 43
2199 125 28
2200 127 39
2201 115 37
2202 158 17
2203 147 12
2204 162 18
2205 159 22
2206 163 25
2207 147 14
2208 162 25
2209 153 16
2210 153 16
2211 161 23
2212 160 19
2213 150 18
2214 163 22
2215 162 18
2216 156 12
2217 150 27
2218 163 15
2219 147 27
2220 156 18
2221 155 18
2222 155 13
2223 160 23
2224 150 22
2225 162 21
2226 152 17
2227 154 13
2228 150 13
2229 159 23
2230 155 21
2231 154 23
2232 29 80
2233 30 83
2234 34 93
2235 45 86
2236 41 87
2237 31 87
2238 38 85
2239 43 88
2240 31 93
2241 40 92
2242 41 82
2243 34 82
2244 36 81
2245 43 92
2246 30 80
2247 35 85
2248 40 91
2249 39 92
2250 36 89
2251 44 87
2252 41 82
2253 30 87
2254 32 81
2255 42 88
2256 38 83
2257 34 81
2258 41 91
2259 41 95
2260 38 93
2261 28 94
2262 20 24
2263 18 20
2264 22 21
2265 18 25
2266 17 23
2267 14 18
2268 21 19
2269 23 19
2270 16 23
2271 12 23
2272 19 20
2273 27 25
2274 22 16
2275 25 12
2276 24 20
2277 23 18
2278 15 13
2279 24 27
2280 18 16
2281 20 27
2282 26 19
2283 17 20
2284 27 16
2285 165 92
2286 173 90
2287 174 87
2288 172 89
2289 167 94
2290 168 88
2291 178 81
2292 168 83
2293 173 89
2294 169 82
2295 167 87
2296 165 94
2297 172 89
2298 176 89
2299 166 95
2300 170 81
2301 174 89
2302 164 86
2303 170 89
2304 170 81
2305 167 93
2306 175 82
2307 170 90
2308 169 89
2309 166 85
2310 177 86
2311 165 95
2312 167 82
2313 172 94
2314 170 85
2315 9 5
2316 2 9
2317 132 176
2318 128 167
2319 129 170
2320 138 169
2321 140 176
2322 136 164
2323 131 171
2324 143 169
2325 130 164
2326 137 176
2327 131 169
2328 134 174
2329 130 166
2330 140 170
2331 140 170
2332 145 165
2333 137 169
2334 131 178
2335 130 172
2336 128 168
2337 128 170
2338 138 174
2339 135 176
2340 130 170
2341 137 173
2342 129 172
2343 139 175
2344 132 173
2345 141 172
2346 140 171
2347 13 18
2348 18 16
2349 27 17
2350 14 27
2351 25 13
2352 12 18
2353 21 22
2354 24 17
2355 14 27
2356 20 23
2357 24 19
2358 25 18
2359 27 17
2360 21 27
2361 24 17
2362 13 22
2363 163 208
2364 152 200
2365 148 205
2366 157 211
2367 154 202
2368 162 207
2369 149 208
2370 159 200
2371 157 196
2372 150 209
2373 147 196
2374 156 198
2375 150 198
2376 158 206
2377 162 199
2378 159 199
2379 156 211
2380 147 201
2381 155 197
2382 152 202
2383 154 198
2384 150 212
2385 163 209
2386 152 213
2387 155 208
2388 162 210
2389 151 207
2390 151 204
2391 160 206
2392 148 208
2393 139 30
2394 141 43
2395 135 37
2396 131 38
2397 146 45
2398 144 42
2399 146 40
2400 141 36
2401 138 42
2402 143 38
2403 135 44
2404 139 34
2405 144 31
2406 131 40
2407 141 43
2408 132 37
2409 134 41
2410 140 38
2411 142 42
2412 132 32
2413 140 38
2414 145 38
2415 132 32
2416 143 45
2417 130 32
2418 140 28
2419 138 42
2420 141 42
2421 136 30
2422 142 38
2423 14 132
2424 18 131
2425 15 141
2426 15 146
2427 26 138
2428 25 135
2429 22 144
2430 27 132
2431 19 137
2432 13 146
2433 27 132
2434 24 138
2435 18 129
2436 12 136
2437 16 135
2438 22 144
2439 21 146
2440 13 134
2441 20 129
2442 23 129
2443 18 133
2444 27 128
2445 19 142
2446 13 130
2447 14 136
2448 18 139
2449 14 146
2450 15 137
2451 16 138
2452 17 130
2453 131 26
2454 139 23
2455 128 14
2456 128 20
2457 143 25
2458 132 15
2459 130 25
2460 142 27
2461 131 20
2462 140 12
2463 142 27
2464 137 23
2465 135 20
2466 129 20
2467 135 27
2468 138 21
2469 144 20
2470 131 16
2471 139 24
2472 140 20
2473 135 15
2474 143 13
2475 139 14
2476 134 17
2477 130 15
2478 129 15
2479 130 13
2480 142 14
2481 129 15
2482 139 23
2483 85 119
2484 83 113
2485 92 125
2486 92 116
2487 89 123
2488 92 113
2489 89 112
2490 94 127
2491 82 123
2492 90 114
2493 92 123
2494 84 119
2495 82 114
2496 92 120
2497 83 112
2498 88 122
2499 93 117
2500 93 124
2501 89 120
2502 87 116
2503 94 123
2504 91 127
2505 86 118
2506 81 113
2507 82 125
2508 89 112
2509 82 124
2510 85 123
2511 80 119
2512 80 120
2513 146 44
2514 141 41
2515 141 34
2516 141 30
2517 141 40
2518 133 36
2519 129 37
2520 142 38
2521 130 36
2522 135 45
2523 141 38
2524 129 44
2525 145 32
2526 133 31
2527 141 28
2528 134 28
2529 145 31
2530 141 33
2531 142 36
2532 134 30
2533 145 38
2534 138 33
2535 143 37
2536 135 32
2537 141 38
2538 132 29
2539 143 28
2540 129 40
2541 146 40
2542 137 29
2543 21 145
2544 17 135
2545 26 130
2546 16 140
2547 27 132
2548 12 137
2549 14 128
2550 24 129
2551 24 132
2552 19 128
2553 23 141
2554 22 128
2555 24 132
2556 22 145
2557 14 130
2558 19 129
2559 23 144
2560 23 131
2561 16 131
2562 24 141
2563 24 146
2564 15 143
2565 12 141
2566 21 135
2567 18 142
2568 24 129
2569 27 138
2570 16 134
2571 23 138
2572 18 129
2573 198 72
2574 212 78
2575 209 63
2576 213 76
2577 200 74
2578 202 71
2579 199 74
2580 201 76
2581 202 75
2582 207 77
2583 202 74
2584 199 69
2585 201 76
2586 210 72
2587 196 68
2588 210 65
2589 202 76
2590 195 74
2591 200 74
2592 196 71
2593 207 69
2594 206 68
2595 203 68
2596 195 64
2597 210 71
2598 198 72
2599 209 64
2600 195 77
2601 209 72
2602 213 73
2603 212 84
2604 200 87
2605 212 83
2606 200 94
2607 208 80
2608 204 88
2609 205 87
2610 199 82
2611 207 94
2612 213 92
2613 209 81
2614 200 83
2615 210 80
2616 213 94
2617 204 83
2618 196 93
2619 211 88
2620 208 93
2621 205 95
2622 196 93
2623 207 85
2624 198 89
2625 197 83
2626 205 93
2627 212 93
2628 213 95
2629 213 88
2630 195 85
2631 208 91
2632 195 85
2633 94 74
2634 80 70
2635 90 77
2636 88 75
2637 87 75
2638 92 68
2639 82 71
2640 84 77
2641 86 74
2642 95 69
2643 94 78
2644 91 71
2645 83 70
2646 87 67
2647 85 66
2648 91 68
2649 87 70
2650 80 78
2651 88 65
2652 83 72
2653 85 77
2654 89 69
2655 89 76
2656 92 63
2657 83 78
2658 85 67
2659 92 79
2660 90 70
2661 94 70
2662 94 65
2663 3 173
2664 5 168
2665 0 168
2666 2 171
2667 2 171
2668 5 170
2669 2 174
2670 5 171
2671 6 166
2672 2 175
2673 10 168
2674 2 167
2675 0 176
2676 7 176
2677 10 168
2678 9 170
2679 4 177
2680 10 171
2681 5 175
2682 5 178
2683 4 175
2684 7 167
2685 10 168
2686 0 167
2687 11 177
2688 7 172
2689 9 171
2690 2 171
2691 11 165
2692 11 165
2693 35 39
2694 40 39
2695 34 32
2696 41 45
2697 33 32
2698 40 39
2699 30 32
2700 41 40
2701 29 34
2702 38 30
2703 37 38
2704 32 41
2705 38 33
2706 38 39
2707 41 37
2708 42 45
2709 34 32
2710 37 41
2711 45 40
2712 38 29
2713 38 42
2714 175 140
2715 171 146
2716 166 145
2717 169 132
2718 177 129
2719 166 130
2720 170 140
2721 166 136
2722 171 131
2723 167 131
2724 173 142
2725 174 140
2726 168 136
2727 174 129
2728 166 131
2729 164 130
2730 178 131
2731 167 136
2732 171 134
2733 177 129
2734 166 142
2735 176 139
2736 168 139
2737 177 134
2738 166 134
2739 173 139
2740 177 141
2741 172 131
2742 172 128
2743 178 144
2744 138 2
2745 145 10
2746 136 11
2747 143 8
2748 134 0
2749 140 7
2750 140 1
2751 138 8
2752 140 3
2753 140 5
2754 136 7
2755 134 9
2756 131 2
2757 135 5
2758 138 1
2759 142 5
2760 137 1
2761 145 11
2762 146 1
2763 139 5
2764 138 5
2765 135 7
2766 138 8
2767 144 8
2768 131 9
2769 139 4
2770 136 10
2771 133 7
2772 131 11
2773 90 200
2774 84 212
2775 90 197
2776 89 195
2777 95 197
2778 90 196
2779 83 213
2780 80 204
2781 82 196
2782 82 212
2783 81 195
2784 85 197
2785 81 202
2786 87 197
2787 91 206
2788 92 198
2789 91 200
2790 86 196
2791 94 200
2792 81 205
2793 83 205
2794 90 196
2795 90 210
2796 84 212
2797 80 195
2798 87 197
2799 81 202
2800 95 213
2801 81 212
2802 95 213
2803 16 0
2804 20 8
2805 14 0
2806 24 1
2807 21 7
2808 13 3
2809 22 7
2810 13 1
2811 17 10
2812 16 3
2813 18 7
2814 23 7
2815 16 5
2816 22 4
2817 19 11
2818 22 3
2819 24 1
2820 18 3
2821 25 11
2822 23 11
2823 22 7
2824 14 10
2825 22 9
2826 26 0
2827 15 2
2828 20 6
2829 14 4
2830 21 9
2831 23 8
2832 85 165
2833 81 174
2834 82 167
2835 95 167
2836 81 177
2837 85 175
2838 89 170
2839 88 174
2840 91 169
2841 87 171
2842 87 168
2843 88 176
2844 84 176
2845 85 169
2846 84 177
2847 95 175
2848 81 173
2849 88 176
2850 93 177
2851 95 174
2852 86 178
2853 88 171
2854 91 174
2855 90 175
2856 92 164
2857 86 172
2858 88 172
2859 91 172
2860 89 173
2861 90 173
