292 309 10 2943
0 7
1 4
2 7
3 11
4 8
5 7
6 5
7 7
8 7
9 6
10 7
11 6
12 3
13 3
14 3
15 3
16 3
17 3
18 4
19 3
20 3
21 3
22 3
23 3
24 3
25 4
26 3
27 4
28 3
29 3
30 3
31 4
32 3
33 3
34 3
35 3
36 3
37 3
38 3
39 3
40 5
41 3
42 3
43 3
44 3
45 3
46 7
47 3
48 3
49 4
50 3
51 3
52 3
53 5
54 4
55 3
56 3
57 3
58 4
59 3
60 3
61 3
62 5
63 4
64 3
65 4
66 3
67 4
68 3
69 3
70 3
71 4
72 3
73 3
74 3
75 3
76 3
77 3
78 3
79 3
80 3
81 3
82 4
83 3
84 5
85 3
86 3
87 3
88 3
89 4
90 3
91 3
92 3
93 3
94 7
95 3
96 4
97 3
98 3
99 4
100 3
101 3
102 3
103 4
104 6
105 3
106 3
107 4
108 3
109 4
110 3
111 3
112 3
113 3
114 3
115 4
116 3
117 3
118 3
119 3
120 3
121 3
122 3
123 5
124 5
125 3
126 3
127 6
128 5
129 5
130 3
131 5
132 3
133 3
134 3
135 3
136 3
137 3
138 3
139 3
140 3
141 3
142 3
143 4
144 3
145 5
146 3
147 4
148 3
149 3
150 4
151 5
152 4
153 3
154 3
155 3
156 4
157 4
158 3
159 3
160 3
161 6
162 3
163 4
164 3
165 4
166 3
167 3
168 3
169 3
170 3
171 3
172 3
173 3
174 3
175 3
176 4
177 3
178 6
179 3
180 3
181 3
182 3
183 5
184 3
185 3
186 3
187 5
188 3
189 3
190 4
191 3
192 3
193 4
194 3
195 4
196 3
197 3
198 3
199 4
200 3
201 4
202 3
203 3
204 3
205 3
206 5
207 3
208 3
209 3
210 4
211 3
212 3
213 4
214 3
215 5
216 3
217 4
218 3
219 4
220 3
221 3
222 4
223 4
224 3
225 3
226 4
227 5
228 3
229 3
230 3
231 3
232 3
233 3
234 3
235 4
236 3
237 3
238 3
239 3
240 3
241 3
242 4
243 4
244 3
245 3
246 3
247 3
248 3
249 3
250 3
251 4
252 7
253 4
254 5
255 3
256 4
257 3
258 3
259 3
260 3
261 3
262 3
263 3
264 3
265 3
266 3
267 3
268 4
269 3
270 3
271 4
272 5
273 3
274 3
275 5
276 6
277 3
278 3
279 3
280 5
281 4
282 4
283 4
284 4
285 3
286 3
287 3
288 4
289 3
290 3
291 4
0 0 3
1 0 4
2 0 7
3 0 10
4 0 143
5 1 4
6 1 161
7 1 273
8 2 4
9 2 7
10 2 8
11 2 9
12 2 10
13 2 11
14 2 219
15 3 4
16 3 5
17 3 7
18 3 9
19 3 10
20 3 104
21 3 124
22 3 181
23 3 238
24 3 254
25 4 7
26 4 9
27 4 11
28 4 89
29 5 7
30 5 8
31 5 9
32 5 10
33 5 31
34 6 7
35 6 8
36 6 11
37 6 12
38 6 69
39 7 8
40 8 199
41 9 11
42 10 11
43 10 49
44 12 25
45 13 27
46 13 30
47 14 22
48 14 17
49 15 25
50 15 30
51 16 18
52 16 27
53 17 27
54 18 23
55 18 21
56 18 29
57 19 26
58 19 22
59 20 23
60 21 28
61 24 28
62 31 32
63 32 40
64 32 33
65 33 37
66 33 43
67 34 44
68 34 40
69 35 46
70 36 40
71 37 41
72 38 42
73 39 46
74 39 40
75 42 46
76 43 48
77 45 46
78 46 47
79 49 53
80 50 65
81 50 68
82 51 61
83 52 68
84 53 55
85 53 58
86 54 59
87 54 58
88 56 63
89 57 64
90 57 62
91 58 66
92 58 67
93 59 60
94 61 64
95 62 67
96 62 63
97 63 65
98 69 80
99 69 84
100 70 78
101 70 88
102 71 72
103 71 82
104 71 87
105 71 83
106 73 79
107 73 84
108 74 86
109 74 88
110 75 81
111 75 85
112 76 80
113 77 84
114 77 86
115 79 83
116 82 85
117 89 93
118 89 94
119 90 92
120 91 103
121 92 103
122 93 100
123 94 95
124 94 97
125 94 102
126 94 99
127 96 101
128 96 100
129 98 103
130 99 103
131 104 107
132 104 116
133 104 115
134 104 123
135 105 123
136 106 111
137 107 110
138 108 113
139 109 111
140 109 117
141 109 118
142 112 121
143 112 120
144 113 119
145 114 115
146 115 119
147 118 123
148 119 120
149 120 122
150 124 141
151 124 128
152 125 128
153 126 129
154 126 133
155 127 133
156 127 136
157 127 128
158 127 130
159 129 137
160 129 139
161 130 138
162 131 134
163 131 140
164 131 136
165 132 142
166 135 142
167 138 142
168 143 155
169 143 148
170 144 145
171 145 154
172 145 157
173 146 151
174 147 149
175 147 152
176 148 150
177 150 156
178 151 157
179 151 153
180 152 156
181 153 155
182 156 160
183 158 160
184 159 160
185 161 169
186 161 171
187 161 174
188 161 176
189 162 164
190 162 168
191 162 176
192 163 170
193 163 178
194 165 175
195 165 177
196 165 178
197 165 180
198 166 172
199 166 179
200 167 179
201 167 178
202 173 176
203 173 178
204 181 183
205 182 188
206 182 187
207 183 195
208 183 196
209 183 189
210 183 198
211 184 197
212 185 195
213 186 196
214 187 193
215 187 197
216 187 190
217 189 190
218 190 194
219 191 193
220 192 198
221 199 201
222 200 217
223 200 215
224 201 206
225 202 213
226 203 207
227 204 206
228 204 215
229 205 206
230 206 211
231 207 215
232 208 217
233 209 212
234 210 212
235 210 215
236 213 217
237 214 216
238 214 217
239 215 218
240 219 229
241 219 227
242 220 227
243 221 225
244 222 232
245 222 234
246 223 234
247 223 226
248 224 230
249 224 233
250 225 227
251 225 235
252 226 231
253 226 236
254 226 227
255 228 230
256 233 235
257 233 237
258 238 252
259 239 248
260 239 251
261 240 252
262 241 246
263 241 247
264 242 250
265 242 244
266 243 244
267 243 252
268 245 247
269 247 251
270 249 252
271 251 253
272 252 253
273 254 264
274 254 271
275 254 272
276 255 271
277 256 267
278 256 265
279 256 266
280 257 258
281 258 259
282 258 268
283 260 272
284 261 272
285 262 266
286 262 271
287 263 269
288 265 270
289 268 269
290 268 271
291 273 277
292 274 276
293 275 281
294 275 289
295 275 278
296 276 277
297 276 290
298 276 288
299 278 284
300 278 279
301 279 282
302 280 282
303 280 283
304 280 291
305 281 286
306 283 288
307 284 287
308 285 291
0 180 136
1 166 130
2 162 139
3 173 124
4 171 134
5 180 142
6 168 142
7 175 125
8 167 130
9 163 132
10 180 135
11 178 142
12 171 127
13 166 141
14 179 132
15 162 128
16 173 127
17 171 138
18 166 129
19 174 141
20 166 130
21 174 136
22 167 136
23 171 135
24 161 137
25 164 130
26 177 127
27 170 131
28 167 142
29 172 136
30 291 30
31 277 18
32 289 15
33 273 18
34 285 17
35 286 23
36 285 16
37 276 22
38 291 27
39 284 23
40 290 28
41 280 30
42 288 17
43 285 24
44 289 12
45 279 23
46 285 28
47 291 15
48 279 30
49 280 27
50 281 30
51 288 25
52 284 12
53 275 26
54 280 12
55 284 29
56 283 19
57 274 30
58 273 21
59 284 22
60 47 280
61 34 280
62 38 277
63 44 278
64 37 274
65 40 276
66 42 291
67 31 290
68 38 275
69 48 290
70 38 275
71 45 280
72 40 289
73 41 282
74 32 279
75 33 273
76 43 277
77 40 277
78 36 279
79 38 283
80 36 278
81 33 274
82 41 286
83 41 285
84 46 283
85 34 281
86 42 288
87 31 283
88 33 278
89 39 283
90 46 137
91 37 140
92 40 134
93 36 140
94 44 142
95 33 138
96 40 139
97 45 130
98 34 137
99 32 137
100 34 140
101 36 128
102 47 139
103 45 135
104 34 142
105 47 141
106 44 134
107 34 127
108 42 141
109 35 136
110 33 128
111 35 130
112 39 140
113 37 126
114 43 141
115 48 140
116 41 125
117 44 134
118 31 132
119 35 134
120 245 5
121 239 1
122 246 8
123 239 10
124 245 6
125 241 2
126 248 7
127 244 9
128 239 5
129 244 2
130 243 11
131 244 1
132 251 11
133 241 1
134 242 5
135 248 0
136 253 3
137 240 8
138 244 5
139 249 10
140 243 11
141 253 10
142 240 2
143 248 6
144 245 11
145 250 1
146 243 11
147 252 6
148 248 4
149 263 55
150 263 61
151 272 50
152 271 67
153 263 59
154 257 67
155 260 50
156 259 57
157 256 64
158 260 65
159 271 60
160 271 66
161 265 64
162 271 58
163 269 62
164 254 62
165 265 62
166 257 63
167 266 57
168 272 66
169 261 50
170 271 49
171 258 58
172 268 57
173 265 67
174 256 66
175 254 67
176 271 58
177 255 61
178 256 51
179 262 160
180 271 151
181 270 145
182 265 151
183 261 160
184 269 143
185 267 150
186 264 143
187 255 148
188 271 150
189 261 155
190 271 153
191 272 153
192 265 145
193 258 148
194 272 155
195 267 160
196 254 146
197 262 155
198 268 150
199 261 153
200 268 158
201 256 152
202 267 153
203 261 143
204 272 152
205 257 144
206 260 145
207 268 145
208 267 158
209 273 214
210 287 202
211 283 214
212 278 205
213 280 217
214 280 201
215 283 208
216 289 212
217 284 201
218 274 203
219 279 205
220 283 210
221 273 206
222 286 216
223 283 214
224 285 210
225 281 199
226 273 205
227 274 202
228 284 199
229 277 203
230 289 209
231 286 218
232 276 213
233 283 212
234 286 201
235 280 200
236 281 202
237 277 215
238 274 205
239 5 106
240 0 120
241 5 116
242 6 108
243 5 113
244 1 110
245 2 116
246 8 104
247 1 114
248 11 116
249 2 121
250 11 111
251 1 118
252 6 113
253 9 107
254 3 122
255 3 112
256 11 120
257 8 113
258 5 111
259 6 113
260 2 113
261 0 119
262 0 121
263 7 118
264 9 115
265 11 117
266 8 117
267 2 118
268 7 108
269 62 288
270 57 279
271 50 281
272 60 290
273 53 277
274 63 290
275 63 282
276 50 283
277 67 283
278 62 286
279 49 284
280 59 280
281 53 281
282 50 278
283 63 273
284 61 288
285 57 279
286 64 276
287 55 273
288 50 274
289 56 279
290 52 287
291 57 285
292 54 288
293 65 279
294 67 278
295 52 283
296 68 281
297 53 285
298 52 288
299 31 120
300 38 118
301 47 121
302 39 107
303 32 119
304 44 108
305 33 122
306 47 123
307 44 123
308 36 111
309 34 108
310 31 106
311 44 121
312 38 105
313 32 123
314 31 104
315 43 118
316 33 115
317 40 113
318 40 121
319 36 117
320 32 118
321 34 116
322 43 113
323 41 105
324 31 110
325 34 107
326 39 118
327 32 113
328 44 110
329 188 208
330 190 201
331 189 208
332 185 215
333 187 214
334 183 209
335 185 215
336 188 200
337 195 206
338 185 200
339 195 213
340 190 211
341 182 212
342 188 200
343 195 202
344 187 209
345 185 212
346 193 212
347 190 212
348 192 208
349 188 216
350 190 203
351 196 208
352 195 206
353 185 208
354 196 204
355 190 214
356 181 218
357 194 210
358 189 201
359 223 185
360 222 185
361 225 194
362 236 191
363 230 182
364 236 192
365 223 195
366 222 190
367 225 191
368 235 189
369 221 188
370 221 182
371 231 191
372 226 196
373 224 190
374 225 186
375 220 185
376 221 189
377 226 181
378 233 183
379 237 197
380 220 189
381 227 197
382 225 197
383 223 195
384 233 197
385 221 189
386 233 198
387 223 191
388 233 198
389 129 125
390 140 137
391 137 141
392 126 141
393 135 128
394 140 129
395 131 126
396 131 130
397 128 137
398 127 135
399 131 129
400 135 130
401 137 142
402 131 133
403 135 133
404 125 140
405 125 129
406 125 140
407 126 128
408 125 140
409 128 132
410 141 133
411 138 140
412 124 139
413 132 129
414 125 5
415 139 2
416 140 2
417 127 5
418 126 11
419 139 10
420 137 1
421 136 10
422 133 1
423 131 1
424 131 2
425 131 3
426 129 3
427 140 2
428 129 10
429 133 11
430 140 2
431 139 11
432 133 10
433 126 0
434 139 8
435 138 8
436 142 1
437 137 6
438 128 0
439 126 2
440 140 0
441 131 11
442 133 3
443 109 7
444 121 1
445 118 2
446 105 0
447 108 9
448 108 0
449 113 8
450 117 2
451 110 0
452 119 7
453 112 8
454 112 5
455 117 10
456 106 5
457 111 3
458 122 11
459 121 9
460 116 0
461 105 6
462 105 7
463 115 10
464 114 8
465 122 10
466 117 8
467 110 4
468 110 9
469 111 1
470 114 8
471 117 2
472 48 39
473 43 40
474 38 33
475 41 42
476 40 42
477 34 47
478 37 42
479 44 42
480 36 46
481 36 47
482 45 43
483 42 44
484 45 37
485 33 46
486 41 45
487 48 35
488 46 48
489 44 38
490 38 47
491 44 45
492 37 31
493 31 43
494 41 32
495 44 54
496 44 51
497 38 59
498 38 63
499 40 51
500 33 59
501 39 65
502 46 56
503 41 65
504 42 53
505 34 50
506 36 58
507 37 55
508 41 53
509 32 51
510 43 56
511 48 50
512 38 55
513 31 67
514 41 64
515 33 62
516 43 65
517 32 53
518 31 64
519 47 56
520 44 53
521 37 58
522 43 53
523 44 66
524 33 67
525 246 22
526 244 28
527 240 13
528 252 18
529 245 17
530 243 20
531 240 16
532 242 26
533 253 17
534 239 18
535 249 30
536 239 24
537 239 15
538 245 18
539 239 26
540 251 26
541 248 19
542 242 28
543 239 18
544 240 30
545 247 29
546 249 17
547 250 12
548 242 26
549 245 18
550 247 20
551 242 21
552 253 28
553 239 28
554 242 27
555 267 185
556 272 191
557 254 196
558 267 188
559 267 191
560 258 187
561 257 186
562 257 190
563 266 181
564 261 192
565 256 185
566 271 194
567 264 197
568 262 193
569 258 191
570 270 195
571 272 190
572 254 184
573 269 198
574 269 189
575 263 181
576 259 197
577 271 183
578 258 188
579 268 192
580 271 193
581 265 195
582 268 184
583 258 191
584 264 187
585 196 53
586 188 61
587 186 54
588 194 59
589 193 57
590 198 64
591 185 58
592 187 57
593 197 65
594 194 66
595 198 49
596 186 55
597 191 51
598 198 60
599 183 49
600 196 49
601 182 68
602 182 53
603 190 49
604 181 61
605 193 59
606 190 68
607 197 67
608 183 49
609 183 65
610 188 60
611 181 65
612 182 55
613 187 49
614 191 61
615 279 248
616 285 245
617 286 252
618 276 253
619 277 246
620 278 242
621 286 244
622 277 244
623 282 240
624 278 253
625 291 243
626 290 246
627 283 238
628 274 252
629 291 245
630 282 241
631 284 245
632 275 241
633 277 249
634 273 247
635 290 241
636 279 245
637 289 248
638 279 238
639 289 244
640 275 245
641 283 251
642 286 245
643 275 249
644 291 247
645 96 88
646 95 75
647 93 70
648 101 72
649 97 80
650 102 82
651 94 73
652 89 70
653 100 79
654 97 78
655 90 75
656 94 77
657 101 75
658 97 87
659 97 75
660 97 82
661 98 69
662 102 72
663 94 76
664 89 80
665 102 88
666 90 83
667 89 70
668 99 81
669 101 73
670 92 83
671 98 70
672 92 87
673 99 82
674 103 81
675 231 176
676 222 170
677 231 171
678 226 162
679 219 176
680 237 166
681 225 178
682 232 175
683 219 170
684 227 169
685 222 176
686 232 179
687 231 162
688 225 164
689 236 165
690 230 171
691 234 174
692 232 170
693 230 166
694 235 172
695 226 162
696 219 169
697 237 161
698 233 164
699 224 161
700 237 175
701 236 161
702 229 174
703 236 178
704 237 164
705 21 130
706 14 136
707 25 126
708 20 141
709 18 141
710 18 142
711 22 140
712 30 133
713 22 138
714 16 134
715 27 125
716 26 142
717 15 133
718 15 138
719 17 135
720 23 125
721 13 138
722 23 132
723 12 131
724 28 142
725 22 126
726 18 133
727 23 126
728 26 134
729 19 126
730 17 132
731 19 137
732 28 127
733 24 137
734 19 129
735 201 243
736 202 251
737 208 243
738 200 249
739 200 253
740 201 251
741 206 249
742 216 253
743 203 253
744 210 240
745 202 245
746 208 241
747 218 249
748 211 251
749 201 240
750 216 253
751 208 244
752 218 238
753 200 250
754 215 252
755 214 252
756 204 246
757 209 238
758 200 243
759 203 251
760 210 249
761 208 243
762 214 245
763 203 248
764 213 248
765 166 97
766 164 97
767 163 98
768 169 94
769 163 103
770 166 98
771 180 91
772 176 100
773 165 103
774 162 101
775 176 90
776 172 96
777 175 97
778 176 100
779 173 91
780 164 92
781 166 97
782 167 96
783 177 97
784 167 102
785 176 98
786 168 94
787 173 89
788 173 98
789 179 90
790 178 89
791 164 94
792 171 102
793 180 100
794 180 98
795 290 131
796 291 132
797 278 139
798 278 130
799 287 141
800 290 128
801 280 139
802 280 128
803 281 141
804 282 140
805 286 131
806 284 130
807 275 133
808 291 127
809 285 133
810 288 124
811 287 128
812 284 141
813 285 140
814 288 124
815 286 133
816 286 133
817 281 130
818 286 141
819 275 132
820 285 132
821 274 140
822 280 130
823 278 129
824 277 138
825 225 61
826 232 65
827 231 68
828 230 64
829 237 57
830 224 63
831 223 54
832 227 59
833 219 64
834 221 51
835 224 56
836 222 67
837 232 52
838 221 59
839 220 68
840 221 53
841 234 62
842 230 52
843 227 54
844 235 66
845 237 66
846 226 66
847 226 59
848 237 60
849 230 68
850 224 52
851 220 52
852 225 55
853 223 56
854 223 50
855 101 251
856 97 253
857 101 243
858 93 252
859 91 243
860 94 253
861 103 248
862 101 245
863 102 238
864 99 244
865 95 238
866 93 250
867 99 241
868 97 251
869 93 252
870 95 243
871 96 242
872 101 246
873 99 250
874 98 253
875 96 242
876 96 248
877 96 241
878 102 247
879 99 244
880 89 247
881 102 252
882 100 242
883 99 245
884 99 249
885 263 283
886 272 276
887 258 285
888 270 286
889 258 278
890 263 275
891 259 274
892 263 290
893 259 286
894 255 282
895 265 273
896 257 289
897 255 286
898 257 283
899 269 283
900 255 286
901 259 277
902 267 290
903 268 281
904 269 283
905 257 282
906 272 276
907 267 277
908 260 274
909 271 286
910 259 277
911 259 288
912 256 278
913 262 282
914 263 273
915 66 6
916 66 4
917 68 8
918 63 0
919 64 9
920 66 0
921 66 5
922 66 7
923 68 2
924 65 10
925 68 0
926 50 8
927 59 11
928 56 1
929 54 9
930 66 7
931 51 1
932 50 1
933 63 6
934 66 1
935 53 9
936 62 11
937 63 0
938 53 4
939 56 1
940 53 2
941 63 4
942 65 11
943 61 6
944 149 245
945 152 243
946 146 247
947 146 238
948 150 253
949 156 239
950 152 251
951 158 243
952 154 245
953 148 251
954 144 250
955 158 253
956 155 241
957 156 252
958 144 247
959 155 240
960 158 242
961 160 251
962 152 251
963 152 244
964 156 253
965 155 242
966 156 253
967 160 245
968 156 244
969 160 246
970 158 250
971 159 250
972 150 248
973 158 250
974 32 131
975 46 141
976 34 124
977 47 130
978 40 128
979 48 128
980 47 138
981 40 129
982 39 136
983 40 134
984 47 125
985 45 137
986 39 134
987 36 133
988 38 141
989 47 127
990 33 124
991 36 127
992 34 129
993 31 134
994 40 131
995 43 131
996 37 131
997 48 134
998 37 128
999 36 134
1000 43 142
1001 34 129
1002 38 130
1003 43 138
1004 284 220
1005 281 227
1006 287 222
1007 283 231
1008 286 229
1009 278 237
1010 278 219
1011 288 230
1012 289 235
1013 288 230
1014 288 229
1015 273 234
1016 285 226
1017 287 228
1018 284 225
1019 285 233
1020 291 230
1021 273 225
1022 283 237
1023 278 228
1024 285 229
1025 276 226
1026 276 227
1027 280 237
1028 280 221
1029 279 233
1030 281 219
1031 276 220
1032 281 219
1033 288 225
1034 60 224
1035 57 235
1036 63 230
1037 68 237
1038 58 233
1039 67 225
1040 59 225
1041 50 227
1042 63 228
1043 67 221
1044 50 229
1045 67 237
1046 65 233
1047 62 234
1048 56 223
1049 65 236
1050 61 226
1051 68 220
1052 49 232
1053 60 230
1054 65 237
1055 65 237
1056 53 224
1057 55 231
1058 55 232
1059 56 235
1060 58 228
1061 55 235
1062 60 228
1063 61 228
1064 188 281
1065 181 290
1066 186 288
1067 198 288
1068 187 291
1069 194 280
1070 186 273
1071 181 291
1072 186 278
1073 195 289
1074 192 279
1075 189 283
1076 183 275
1077 195 285
1078 192 280
1079 193 285
1080 196 283
1081 193 284
1082 193 291
1083 183 287
1084 184 273
1085 192 285
1086 194 283
1087 189 279
1088 188 288
1089 183 273
1090 181 280
1091 182 284
1092 187 274
1093 183 284
1094 155 270
1095 144 262
1096 144 265
1097 156 265
1098 156 254
1099 155 262
1100 154 261
1101 160 271
1102 157 264
1103 159 254
1104 147 257
1105 155 254
1106 151 272
1107 155 266
1108 149 257
1109 156 265
1110 160 270
1111 151 261
1112 157 254
1113 152 257
1114 159 269
1115 159 267
1116 158 269
1117 154 266
1118 147 260
1119 158 260
1120 155 271
1121 152 269
1122 154 265
1123 160 270
1124 283 231
1125 278 227
1126 285 234
1127 280 221
1128 284 225
1129 274 232
1130 286 223
1131 274 226
1132 285 226
1133 285 236
1134 274 224
1135 285 237
1136 290 219
1137 276 221
1138 283 230
1139 273 227
1140 287 229
1141 275 236
1142 289 225
1143 274 230
1144 280 225
1145 283 235
1146 283 237
1147 273 234
1148 277 221
1149 287 235
1150 288 229
1151 277 227
1152 276 219
1153 288 222
1154 115 38
1155 108 35
1156 119 33
1157 105 32
1158 118 38
1159 123 38
1160 121 42
1161 118 33
1162 105 44
1163 105 39
1164 113 35
1165 107 46
1166 119 44
1167 113 45
1168 113 44
1169 111 44
1170 116 46
1171 118 38
1172 108 46
1173 105 43
1174 121 45
1175 117 48
1176 118 39
1177 104 31
1178 120 40
1179 108 32
1180 116 36
1181 119 41
1182 120 47
1183 122 44
1184 11 137
1185 0 138
1186 6 124
1187 2 131
1188 0 125
1189 1 132
1190 7 136
1191 10 126
1192 6 142
1193 9 141
1194 9 131
1195 4 134
1196 3 142
1197 8 129
1198 11 135
1199 5 131
1200 3 142
1201 5 141
1202 0 125
1203 1 137
1204 10 130
1205 1 136
1206 7 127
1207 10 129
1208 6 132
1209 11 135
1210 2 141
1211 4 141
1212 6 137
1213 266 98
1214 269 92
1215 270 103
1216 268 100
1217 270 92
1218 261 96
1219 259 99
1220 262 95
1221 257 93
1222 255 94
1223 257 100
1224 257 96
1225 266 91
1226 254 96
1227 272 89
1228 270 89
1229 266 100
1230 260 98
1231 267 97
1232 270 101
1233 266 101
1234 268 91
1235 262 103
1236 256 97
1237 258 99
1238 261 103
1239 265 91
1240 262 92
1241 266 98
1242 264 89
1243 11 73
1244 3 70
1245 4 76
1246 6 71
1247 6 88
1248 3 81
1249 9 86
1250 7 78
1251 6 72
1252 6 87
1253 11 84
1254 6 83
1255 3 79
1256 9 79
1257 6 83
1258 11 74
1259 3 82
1260 11 88
1261 6 72
1262 9 70
1263 10 72
1264 3 73
1265 0 81
1266 10 73
1267 9 88
1268 4 74
1269 7 84
1270 7 80
1271 10 80
1272 6 72
1273 253 276
1274 246 281
1275 247 286
1276 239 283
1277 239 279
1278 244 279
1279 246 285
1280 239 279
1281 246 273
1282 252 283
1283 249 280
1284 244 290
1285 241 289
1286 240 274
1287 239 285
1288 241 277
1289 250 279
1290 238 280
1291 240 290
1292 243 285
1293 240 291
1294 251 282
1295 238 278
1296 245 288
1297 249 277
1298 246 285
1299 243 285
1300 240 284
1301 251 284
1302 242 291
1303 62 30
1304 68 19
1305 49 30
1306 63 27
1307 59 28
1308 65 29
1309 58 25
1310 55 12
1311 67 28
1312 53 18
1313 67 17
1314 62 18
1315 49 18
1316 61 19
1317 62 12
1318 68 15
1319 59 19
1320 63 21
1321 53 19
1322 62 14
1323 49 20
1324 63 16
1325 62 28
1326 52 22
1327 67 20
1328 66 12
1329 50 30
1330 68 21
1331 49 23
1332 56 18
1333 178 70
1334 168 72
1335 180 80
1336 165 87
1337 162 84
1338 165 86
1339 165 71
1340 176 77
1341 173 87
1342 178 77
1343 169 78
1344 165 84
1345 173 87
1346 172 75
1347 172 78
1348 172 70
1349 180 85
1350 171 78
1351 167 84
1352 164 69
1353 169 82
1354 164 72
1355 162 76
1356 179 83
1357 175 88
1358 177 76
1359 167 87
1360 164 88
1361 174 79
1362 178 71
1363 274 218
1364 276 214
1365 288 201
1366 286 208
1367 274 207
1368 275 206
1369 282 199
1370 280 212
1371 291 207
1372 286 211
1373 280 216
1374 273 207
1375 274 202
1376 289 207
1377 288 216
1378 278 200
1379 273 214
1380 283 208
1381 279 207
1382 279 212
1383 280 203
1384 287 217
1385 291 207
1386 290 214
1387 282 215
1388 273 209
1389 278 217
1390 275 213
1391 284 217
1392 274 202
1393 41 228
1394 36 232
1395 37 225
1396 31 224
1397 41 228
1398 33 228
1399 33 229
1400 42 232
1401 41 228
1402 47 219
1403 46 236
1404 36 230
1405 34 234
1406 40 233
1407 43 237
1408 47 219
1409 43 230
1410 43 233
1411 32 237
1412 31 235
1413 42 228
1414 42 230
1415 45 225
1416 33 230
1417 36 224
1418 44 236
1419 42 219
1420 48 235
1421 37 219
1422 42 228
1423 220 206
1424 235 217
1425 234 199
1426 235 214
1427 232 216
1428 224 202
1429 229 200
1430 220 212
1431 225 202
1432 230 217
1433 220 209
1434 221 209
1435 233 214
1436 225 205
1437 229 216
1438 222 205
1439 232 207
1440 219 204
1441 235 206
1442 228 207
1443 224 214
1444 233 208
1445 231 204
1446 233 218
1447 223 202
1448 222 205
1449 227 215
1450 230 205
1451 222 215
1452 232 199
1453 150 10
1454 158 4
1455 158 8
1456 143 11
1457 160 2
1458 149 11
1459 147 4
1460 148 6
1461 146 9
1462 146 7
1463 151 6
1464 148 11
1465 152 10
1466 160 11
1467 159 9
1468 154 3
1469 157 2
1470 152 6
1471 151 6
1472 151 8
1473 159 8
1474 152 9
1475 152 9
1476 145 1
1477 152 8
1478 157 11
1479 143 8
1480 153 7
1481 156 0
1482 146 5
1483 47 237
1484 36 232
1485 33 225
1486 44 227
1487 39 219
1488 42 224
1489 38 223
1490 47 225
1491 45 228
1492 47 229
1493 33 226
1494 37 224
1495 39 220
1496 45 219
1497 44 221
1498 43 227
1499 35 232
1500 33 219
1501 32 229
1502 37 236
1503 32 222
1504 36 220
1505 44 234
1506 43 234
1507 44 223
1508 47 232
1509 41 237
1510 45 226
1511 42 236
1512 36 224
1513 87 46
1514 87 40
1515 72 31
1516 75 46
1517 70 44
1518 71 31
1519 87 36
1520 76 38
1521 84 48
1522 88 38
1523 71 45
1524 85 39
1525 75 46
1526 83 38
1527 88 38
1528 70 45
1529 70 31
1530 80 31
1531 77 34
1532 83 44
1533 83 36
1534 69 44
1535 81 35
1536 71 35
1537 81 31
1538 78 32
1539 71 31
1540 85 39
1541 80 39
1542 75 39
1543 249 144
1544 249 143
1545 251 160
1546 242 145
1547 239 152
1548 250 146
1549 240 149
1550 248 148
1551 247 145
1552 251 143
1553 249 153
1554 248 151
1555 251 151
1556 248 152
1557 250 154
1558 248 144
1559 240 159
1560 249 143
1561 247 156
1562 248 156
1563 242 151
1564 238 156
1565 242 144
1566 245 145
1567 242 159
1568 248 147
1569 238 153
1570 239 157
1571 238 158
1572 243 155
1573 203 229
1574 210 222
1575 201 226
1576 217 234
1577 217 231
1578 210 237
1579 202 231
1580 202 227
1581 200 236
1582 217 226
1583 209 228
1584 205 232
1585 213 236
1586 209 231
1587 212 229
1588 213 220
1589 215 230
1590 203 231
1591 218 227
1592 202 234
1593 214 226
1594 202 220
1595 199 234
1596 200 235
1597 206 223
1598 207 223
1599 204 234
1600 204 226
1601 200 223
1602 206 221
1603 265 268
1604 266 270
1605 255 267
1606 255 258
1607 261 271
1608 261 257
1609 261 269
1610 254 270
1611 254 270
1612 255 258
1613 261 258
1614 257 272
1615 263 267
1616 269 259
1617 263 265
1618 272 255
1619 262 261
1620 256 263
1621 268 264
1622 254 256
1623 269 264
1624 255 264
1625 265 268
1626 263 270
1627 269 256
1628 209 216
1629 209 200
1630 218 212
1631 209 218
1632 203 214
1633 203 202
1634 211 208
1635 210 199
1636 216 207
1637 199 209
1638 206 208
1639 203 216
1640 201 212
1641 207 209
1642 218 202
1643 213 209
1644 211 216
1645 207 206
1646 216 200
1647 208 218
1648 155 138
1649 152 129
1650 159 125
1651 143 131
1652 156 129
1653 155 135
1654 145 129
1655 158 125
1656 147 127
1657 146 129
1658 144 134
1659 154 130
1660 158 140
1661 160 125
1662 158 141
1663 148 139
1664 144 125
1665 156 139
1666 143 128
1667 154 142
1668 156 126
1669 160 138
1670 155 127
1671 155 141
1672 143 141
1673 154 129
1674 157 128
1675 156 139
1676 154 141
1677 157 134
1678 170 51
1679 176 61
1680 179 49
1681 169 68
1682 164 68
1683 169 59
1684 163 51
1685 164 56
1686 168 51
1687 177 67
1688 170 60
1689 166 53
1690 161 57
1691 167 49
1692 163 58
1693 178 68
1694 169 49
1695 175 49
1696 173 55
1697 180 59
1698 165 58
1699 168 58
1700 180 51
1701 178 53
1702 167 54
1703 178 68
1704 169 67
1705 165 60
1706 161 53
1707 162 60
1708 178 182
1709 179 196
1710 180 184
1711 178 184
1712 163 192
1713 174 196
1714 164 197
1715 180 198
1716 179 193
1717 170 192
1718 168 197
1719 167 194
1720 164 189
1721 175 181
1722 172 192
1723 176 190
1724 168 181
1725 180 189
1726 162 191
1727 179 192
1728 166 186
1729 161 185
1730 178 196
1731 171 184
1732 166 185
1733 176 195
1734 180 185
1735 169 185
1736 179 197
1737 165 189
1738 184 154
1739 196 152
1740 191 143
1741 194 149
1742 182 160
1743 192 160
1744 196 147
1745 196 147
1746 195 149
1747 186 146
1748 196 152
1749 193 148
1750 187 152
1751 182 160
1752 186 158
1753 190 160
1754 194 148
1755 182 158
1756 183 153
1757 184 151
1758 191 156
1759 181 147
1760 190 156
1761 181 154
1762 187 147
1763 186 151
1764 191 158
1765 196 146
1766 188 143
1767 186 147
1768 101 29
1769 92 19
1770 98 16
1771 100 23
1772 96 19
1773 101 28
1774 99 23
1775 90 27
1776 100 23
1777 97 21
1778 92 17
1779 103 16
1780 89 28
1781 102 26
1782 94 26
1783 90 12
1784 95 22
1785 96 20
1786 103 16
1787 97 15
1788 97 29
1789 102 25
1790 90 29
1791 99 28
1792 99 12
1793 94 24
1794 100 20
1795 93 12
1796 90 12
1797 90 27
1798 220 27
1799 225 24
1800 234 21
1801 219 22
1802 225 29
1803 223 16
1804 237 25
1805 224 14
1806 226 12
1807 237 22
1808 224 25
1809 233 23
1810 225 14
1811 227 25
1812 219 14
1813 229 25
1814 232 12
1815 228 14
1816 234 27
1817 228 16
1818 226 16
1819 224 16
1820 229 16
1821 236 15
1822 220 17
1823 229 30
1824 223 29
1825 236 15
1826 230 14
1827 233 13
1828 273 52
1829 289 64
1830 287 55
1831 290 51
1832 285 67
1833 291 66
1834 282 53
1835 287 61
1836 287 56
1837 277 52
1838 273 63
1839 286 53
1840 290 66
1841 273 49
1842 288 61
1843 275 65
1844 288 61
1845 273 58
1846 289 59
1847 278 63
1848 277 58
1849 288 57
1850 278 66
1851 286 67
1852 273 63
1853 286 51
1854 281 56
1855 282 53
1856 277 57
1857 278 61
1858 118 186
1859 119 186
1860 117 189
1861 121 188
1862 120 183
1863 108 188
1864 114 194
1865 106 182
1866 117 193
1867 114 186
1868 114 184
1869 116 189
1870 111 186
1871 106 183
1872 122 195
1873 106 185
1874 117 187
1875 114 186
1876 114 182
1877 111 198
1878 118 197
1879 115 187
1880 115 182
1881 120 191
1882 123 188
1883 116 189
1884 119 187
1885 106 193
1886 105 198
1887 116 189
1888 235 212
1889 229 204
1890 223 215
1891 223 204
1892 227 206
1893 234 209
1894 229 201
1895 232 214
1896 231 203
1897 231 211
1898 232 210
1899 236 211
1900 234 204
1901 233 217
1902 223 199
1903 234 208
1904 234 206
1905 219 212
1906 236 199
1907 230 209
1908 220 215
1909 222 199
1910 228 211
1911 223 207
1912 225 201
1913 221 218
1914 229 210
1915 223 204
1916 224 202
1917 229 217
1918 220 11
1919 235 2
1920 220 8
1921 231 0
1922 228 1
1923 230 5
1924 221 1
1925 221 10
1926 234 3
1927 234 9
1928 236 3
1929 230 2
1930 220 4
1931 235 6
1932 237 3
1933 229 3
1934 236 11
1935 219 3
1936 234 2
1937 220 10
1938 233 0
1939 232 11
1940 232 9
1941 233 7
1942 234 3
1943 234 6
1944 225 2
1945 230 2
1946 224 6
1947 227 3
1948 0 234
1949 8 228
1950 3 224
1951 1 237
1952 8 226
1953 11 222
1954 4 220
1955 8 231
1956 2 233
1957 9 220
1958 1 235
1959 1 219
1960 9 235
1961 4 221
1962 10 220
1963 3 234
1964 10 221
1965 3 231
1966 0 223
1967 1 226
1968 6 225
1969 11 225
1970 0 232
1971 5 233
1972 6 236
1973 11 225
1974 11 235
1975 10 227
1976 8 222
1977 41 140
1978 43 142
1979 32 137
1980 41 142
1981 44 136
1982 34 127
1983 45 134
1984 37 129
1985 33 127
1986 33 136
1987 43 128
1988 39 132
1989 36 137
1990 35 134
1991 40 133
1992 44 142
1993 40 139
1994 34 130
1995 32 125
1996 40 137
1997 34 130
1998 47 142
1999 41 126
2000 41 130
2001 47 138
2002 41 128
2003 32 129
2004 46 135
2005 38 127
2006 48 142
2007 61 217
2008 62 203
2009 52 204
2010 61 202
2011 50 205
2012 64 201
2013 51 209
2014 68 199
2015 63 202
2016 68 201
2017 50 200
2018 51 213
2019 51 216
2020 65 203
2021 49 218
2022 60 212
2023 54 208
2024 63 218
2025 67 208
2026 65 216
2027 59 200
2028 50 206
2029 57 205
2030 54 216
2031 65 206
2032 59 213
2033 56 208
2034 49 204
2035 49 204
2036 56 218
2037 111 58
2038 120 54
2039 108 59
2040 113 61
2041 115 57
2042 108 63
2043 120 60
2044 118 58
2045 117 58
2046 109 64
2047 120 63
2048 108 55
2049 111 63
2050 119 52
2051 115 64
2052 109 59
2053 122 59
2054 117 57
2055 118 66
2056 113 62
2057 106 52
2058 113 61
2059 110 62
2060 107 65
2061 106 50
2062 107 64
2063 108 52
2064 118 62
2065 110 63
2066 113 65
2067 7 37
2068 9 40
2069 0 37
2070 8 45
2071 8 47
2072 2 38
2073 5 42
2074 6 38
2075 5 45
2076 9 43
2077 5 48
2078 5 48
2079 7 43
2080 5 38
2081 7 44
2082 10 35
2083 9 46
2084 5 33
2085 0 34
2086 6 40
2087 7 39
2088 11 45
2089 10 33
2090 6 48
2091 1 36
2092 7 46
2093 11 39
2094 3 32
2095 2 39
2096 237 106
2097 222 104
2098 225 122
2099 233 120
2100 220 123
2101 232 123
2102 234 119
2103 237 121
2104 223 116
2105 235 120
2106 233 111
2107 233 121
2108 223 106
2109 234 104
2110 234 107
2111 232 105
2112 228 107
2113 227 106
2114 226 119
2115 233 107
2116 231 115
2117 221 122
2118 220 119
2119 233 104
2120 231 110
2121 222 108
2122 224 120
2123 219 105
2124 219 115
2125 229 113
2126 20 270
2127 22 267
2128 27 262
2129 16 270
2130 18 268
2131 17 268
2132 16 264
2133 18 254
2134 15 263
2135 15 256
2136 28 255
2137 27 263
2138 21 259
2139 19 269
2140 21 255
2141 21 261
2142 29 255
2143 21 265
2144 17 257
2145 18 266
2146 25 258
2147 23 265
2148 17 272
2149 19 261
2150 22 267
2151 23 264
2152 23 264
2153 29 271
2154 12 270
2155 22 269
2156 237 79
2157 227 75
2158 230 75
2159 231 78
2160 233 72
2161 224 71
2162 223 73
2163 226 76
2164 223 76
2165 237 81
2166 232 85
2167 221 80
2168 221 77
2169 232 79
2170 227 70
2171 220 82
2172 219 84
2173 219 72
2174 234 72
2175 219 71
2176 224 86
2177 225 77
2178 228 79
2179 226 71
2180 219 72
2181 229 75
2182 224 88
2183 223 82
2184 223 87
2185 228 84
2186 249 20
2187 249 24
2188 249 13
2189 241 19
2190 240 18
2191 239 12
2192 252 22
2193 244 26
2194 245 20
2195 251 24
2196 243 13
2197 247 14
2198 249 12
2199 242 26
2200 247 21
2201 241 21
2202 238 17
2203 248 25
2204 241 23
2205 241 12
2206 247 21
2207 253 17
2208 241 28
2209 252 30
2210 247 12
2211 244 17
2212 245 23
2213 251 25
2214 244 28
2215 241 17
2216 51 187
2217 57 181
2218 61 186
2219 56 184
2220 51 181
2221 62 185
2222 49 185
2223 59 196
2224 64 183
2225 56 196
2226 57 184
2227 56 191
2228 50 195
2229 66 192
2230 49 187
2231 53 185
2232 53 198
2233 57 194
2234 59 185
2235 52 190
2236 66 183
2237 49 189
2238 59 182
2239 60 183
2240 56 183
2241 53 195
2242 62 196
2243 49 182
2244 63 188
2245 60 183
2246 260 158
2247 271 146
2248 260 146
2249 254 151
2250 265 145
2251 255 146
2252 265 151
2253 260 155
2254 256 158
2255 267 157
2256 271 149
2257 267 159
2258 267 149
2259 266 155
2260 263 148
2261 257 149
2262 261 146
2263 257 157
2264 262 151
2265 255 153
2266 259 154
2267 269 160
2268 255 149
2269 272 150
2270 266 144
2271 263 155
2272 263 149
2273 271 143
2274 271 155
2275 258 146
2276 219 43
2277 230 44
2278 234 48
2279 226 31
2280 223 32
2281 233 35
2282 225 38
2283 235 37
2284 223 42
2285 237 37
2286 235 41
2287 219 31
2288 236 32
2289 225 41
2290 230 37
2291 230 31
2292 231 35
2293 227 32
2294 236 35
2295 231 43
2296 237 44
2297 227 34
2298 225 33
2299 220 37
2300 222 38
2301 219 36
2302 227 40
2303 235 32
2304 224 39
2305 234 45
2306 28 276
2307 28 285
2308 12 289
2309 14 291
2310 20 280
2311 26 278
2312 19 285
2313 25 286
2314 13 274
2315 19 281
2316 14 277
2317 16 274
2318 24 276
2319 14 276
2320 22 290
2321 29 282
2322 23 286
2323 13 274
2324 14 281
2325 15 288
2326 15 275
2327 23 286
2328 13 291
2329 26 273
2330 25 289
2331 21 289
2332 13 273
2333 27 278
2334 13 290
2335 23 288
2336 237 50
2337 224 67
2338 230 62
2339 236 64
2340 237 54
2341 232 59
2342 224 60
2343 230 51
2344 228 58
2345 234 64
2346 226 60
2347 222 60
2348 234 62
2349 223 61
2350 229 55
2351 219 64
2352 228 59
2353 224 58
2354 237 68
2355 231 59
2356 223 63
2357 222 68
2358 232 55
2359 231 57
2360 236 64
2361 233 68
2362 229 56
2363 228 55
2364 224 54
2365 235 49
2366 86 249
2367 86 252
2368 71 241
2369 78 251
2370 75 247
2371 73 248
2372 75 250
2373 69 250
2374 79 252
2375 85 246
2376 83 248
2377 73 251
2378 76 239
2379 86 245
2380 80 244
2381 86 241
2382 85 250
2383 70 250
2384 72 252
2385 74 245
2386 80 242
2387 80 239
2388 82 253
2389 76 239
2390 85 238
2391 74 241
2392 80 247
2393 82 243
2394 82 247
2395 71 251
2396 276 220
2397 288 231
2398 287 232
2399 278 224
2400 285 227
2401 283 228
2402 285 231
2403 286 235
2404 279 235
2405 284 232
2406 284 235
2407 277 219
2408 274 228
2409 277 220
2410 290 222
2411 283 231
2412 277 219
2413 284 223
2414 291 224
2415 275 236
2416 275 233
2417 285 231
2418 280 237
2419 274 226
2420 274 224
2421 289 237
2422 276 228
2423 277 227
2424 286 225
2425 275 223
2426 234 169
2427 230 168
2428 234 164
2429 236 168
2430 220 176
2431 230 175
2432 225 167
2433 226 176
2434 235 175
2435 236 180
2436 231 163
2437 219 166
2438 237 173
2439 220 167
2440 235 177
2441 232 163
2442 227 176
2443 227 174
2444 222 166
2445 235 177
2446 225 169
2447 223 172
2448 219 165
2449 237 161
2450 219 177
2451 231 164
2452 232 171
2453 236 177
2454 230 170
2455 236 169
2456 166 139
2457 172 142
2458 172 135
2459 168 137
2460 173 127
2461 167 132
2462 167 125
2463 179 128
2464 178 136
2465 164 130
2466 168 126
2467 173 129
2468 171 127
2469 175 138
2470 179 138
2471 175 128
2472 178 129
2473 170 128
2474 170 136
2475 171 139
2476 168 128
2477 164 127
2478 179 133
2479 177 136
2480 169 136
2481 165 132
2482 177 131
2483 173 125
2484 166 135
2485 170 126
2486 220 242
2487 228 249
2488 229 246
2489 223 238
2490 221 243
2491 229 249
2492 234 250
2493 219 250
2494 229 242
2495 225 247
2496 228 248
2497 230 242
2498 237 245
2499 229 242
2500 226 252
2501 228 251
2502 235 248
2503 223 244
2504 220 253
2505 229 242
2506 230 249
2507 220 246
2508 234 252
2509 222 253
2510 219 252
2511 235 245
2512 230 247
2513 237 239
2514 232 253
2515 219 250
2516 259 109
2517 272 120
2518 254 119
2519 254 112
2520 266 118
2521 254 120
2522 257 117
2523 268 105
2524 254 115
2525 254 112
2526 262 113
2527 264 118
2528 265 117
2529 256 110
2530 269 116
2531 269 113
2532 263 110
2533 261 110
2534 266 108
2535 255 114
2536 260 117
2537 254 123
2538 257 112
2539 262 116
2540 261 114
2541 254 118
2542 262 117
2543 262 105
2544 271 123
2545 254 123
2546 18 227
2547 19 227
2548 18 224
2549 24 230
2550 27 233
2551 16 224
2552 24 233
2553 17 237
2554 14 236
2555 30 220
2556 21 237
2557 27 235
2558 23 229
2559 13 225
2560 25 225
2561 16 232
2562 22 223
2563 25 220
2564 15 223
2565 22 234
2566 12 227
2567 18 228
2568 13 233
2569 30 227
2570 12 220
2571 19 220
2572 22 233
2573 24 224
2574 26 224
2575 24 234
2576 25 82
2577 16 86
2578 27 80
2579 14 72
2580 14 75
2581 22 76
2582 16 86
2583 15 85
2584 27 78
2585 21 71
2586 23 84
2587 21 70
2588 28 79
2589 27 88
2590 29 78
2591 29 81
2592 23 83
2593 23 86
2594 20 82
2595 14 85
2596 22 73
2597 17 86
2598 12 76
2599 26 78
2600 17 83
2601 13 87
2602 21 75
2603 16 84
2604 29 72
2605 12 74
2606 5 96
2607 7 94
2608 7 99
2609 1 102
2610 0 98
2611 0 99
2612 3 103
2613 0 96
2614 3 103
2615 0 100
2616 4 97
2617 8 96
2618 10 98
2619 6 92
2620 11 98
2621 7 99
2622 5 94
2623 11 97
2624 4 99
2625 2 91
2626 6 92
2627 8 95
2628 2 91
2629 9 95
2630 0 90
2631 1 103
2632 9 94
2633 10 95
2634 202 96
2635 212 94
2636 210 92
2637 208 102
2638 201 94
2639 210 100
2640 218 97
2641 209 93
2642 201 98
2643 209 95
2644 206 100
2645 205 93
2646 206 102
2647 215 89
2648 208 90
2649 207 99
2650 212 94
2651 210 95
2652 202 103
2653 214 98
2654 205 102
2655 213 103
2656 205 97
2657 215 97
2658 212 93
2659 214 90
2660 208 89
2661 206 96
2662 199 98
2663 215 91
2664 28 25
2665 21 19
2666 16 15
2667 30 22
2668 15 20
2669 26 30
2670 29 25
2671 28 22
2672 24 29
2673 24 25
2674 18 17
2675 12 23
2676 29 13
2677 17 24
2678 25 17
2679 16 19
2680 12 18
2681 19 25
2682 14 30
2683 16 12
2684 15 18
2685 290 285
2686 288 289
2687 287 276
2688 285 288
2689 291 289
2690 279 274
2691 290 283
2692 286 289
2693 275 285
2694 291 273
2695 285 282
2696 283 289
2697 287 291
2698 283 279
2699 287 283
2700 284 277
2701 281 276
2702 287 285
2703 214 197
2704 211 197
2705 199 182
2706 208 181
2707 208 194
2708 200 195
2709 218 190
2710 202 192
2711 213 185
2712 201 189
2713 203 194
2714 208 198
2715 212 192
2716 209 190
2717 205 189
2718 207 190
2719 210 188
2720 201 184
2721 209 195
2722 200 191
2723 199 189
2724 211 197
2725 206 197
2726 205 186
2727 216 185
2728 209 198
2729 217 181
2730 199 183
2731 208 196
2732 205 198
2733 192 225
2734 194 222
2735 189 232
2736 181 222
2737 182 222
2738 188 222
2739 197 220
2740 197 225
2741 186 236
2742 190 226
2743 191 236
2744 184 232
2745 189 229
2746 192 221
2747 188 234
2748 184 226
2749 188 229
2750 195 233
2751 193 231
2752 188 234
2753 185 222
2754 182 235
2755 189 236
2756 192 231
2757 191 233
2758 181 219
2759 197 236
2760 197 229
2761 184 229
2762 192 227
2763 226 109
2764 220 115
2765 221 118
2766 222 118
2767 224 111
2768 223 118
2769 236 116
2770 230 120
2771 220 119
2772 232 117
2773 232 117
2774 219 106
2775 237 110
2776 231 108
2777 220 118
2778 219 114
2779 226 112
2780 223 116
2781 234 110
2782 229 119
2783 235 104
2784 237 116
2785 232 107
2786 222 120
2787 231 114
2788 226 113
2789 223 115
2790 226 106
2791 221 104
2792 223 120
2793 194 89
2794 191 95
2795 197 92
2796 198 101
2797 187 93
2798 184 96
2799 190 101
2800 193 94
2801 184 100
2802 182 94
2803 194 103
2804 192 97
2805 196 90
2806 184 100
2807 195 95
2808 188 92
2809 185 94
2810 196 93
2811 195 90
2812 189 101
2813 183 101
2814 183 90
2815 192 102
2816 188 96
2817 182 98
2818 194 99
2819 193 91
2820 189 95
2821 182 91
2822 183 97
2823 99 105
2824 95 119
2825 98 111
2826 98 107
2827 92 118
2828 90 119
2829 90 105
2830 97 123
2831 89 115
2832 93 113
2833 99 123
2834 89 121
2835 93 123
2836 103 109
2837 98 108
2838 97 107
2839 101 111
2840 90 117
2841 100 111
2842 90 110
2843 92 123
2844 101 116
2845 95 108
2846 94 114
2847 91 118
2848 103 111
2849 98 114
2850 101 122
2851 96 119
2852 94 110
2853 269 93
2854 263 103
2855 259 102
2856 269 93
2857 258 91
2858 256 100
2859 261 98
2860 269 100
2861 264 93
2862 260 91
2863 255 91
2864 254 94
2865 261 101
2866 263 98
2867 255 102
2868 267 90
2869 266 93
2870 263 96
2871 258 101
2872 256 95
2873 258 92
2874 256 94
2875 265 103
2876 258 92
2877 261 95
2878 267 99
2879 260 102
2880 266 100
2881 259 92
2882 261 94
2883 25 47
2884 16 32
2885 18 37
2886 26 36
2887 23 41
2888 19 42
2889 13 39
2890 21 38
2891 26 32
2892 13 48
2893 25 39
2894 12 39
2895 22 47
2896 17 46
2897 26 47
2898 23 35
2899 12 46
2900 29 44
2901 12 34
2902 22 47
2903 28 43
2904 14 35
2905 20 43
2906 21 35
2907 20 33
2908 26 40
2909 19 43
2910 23 40
2911 15 31
2912 24 31
2913 271 32
2914 255 37
2915 260 41
2916 264 36
2917 258 44
2918 266 44
2919 265 40
2920 264 36
2921 260 47
2922 269 44
2923 264 31
2924 256 45
2925 263 47
2926 266 37
2927 264 41
2928 261 40
2929 264 36
2930 265 42
2931 265 32
2932 254 46
2933 264 47
2934 263 41
2935 270 32
2936 259 36
2937 258 34
2938 258 31
2939 257 44
2940 263 38
2941 255 31
2942 269 45
