238 261 10 2936
0 5
1 8
2 6
3 8
4 9
5 9
6 13
7 7
8 9
9 5
10 8
11 5
12 5
13 3
14 4
15 3
16 3
17 3
18 3
19 5
20 3
21 3
22 3
23 4
24 3
25 5
26 3
27 3
28 3
29 3
30 4
31 3
32 3
33 3
34 3
35 3
36 4
37 3
38 3
39 3
40 4
41 3
42 3
43 3
44 3
45 3
46 3
47 3
48 3
49 3
50 3
51 3
52 3
53 4
54 3
55 3
56 3
57 5
58 3
59 3
60 3
61 3
62 3
63 4
64 6
65 3
66 3
67 3
68 3
69 3
70 4
71 3
72 3
73 3
74 3
75 5
76 4
77 3
78 4
79 3
80 3
81 3
82 4
83 3
84 4
85 3
86 3
87 3
88 3
89 3
90 3
91 6
92 3
93 3
94 3
95 4
96 5
97 3
98 5
99 3
100 3
101 3
102 3
103 3
104 4
105 3
106 5
107 3
108 3
109 3
110 5
111 3
112 3
113 3
114 3
115 4
116 3
117 3
118 3
119 3
120 5
121 3
122 3
123 4
124 3
125 5
126 5
127 3
128 3
129 6
130 5
131 4
132 3
133 3
134 3
135 4
136 3
137 3
138 3
139 3
140 3
141 4
142 3
143 3
144 3
145 3
146 3
147 3
148 4
149 5
150 5
151 5
152 3
153 5
154 3
155 3
156 3
157 4
158 3
159 3
160 3
161 3
162 3
163 4
164 4
165 3
166 5
167 4
168 3
169 3
170 3
171 3
172 3
173 3
174 3
175 4
176 6
177 3
178 3
179 3
180 3
181 3
182 3
183 4
184 3
185 3
186 3
187 5
188 4
189 3
190 4
191 3
192 3
193 3
194 5
195 3
196 3
197 3
198 3
199 3
200 3
201 3
202 3
203 3
204 3
205 3
206 4
207 3
208 4
209 3
210 3
211 6
212 4
213 3
214 4
215 3
216 3
217 3
218 3
219 3
220 3
221 3
222 6
223 3
224 5
225 4
226 4
227 3
228 3
229 5
230 3
231 3
232 3
233 3
234 3
235 3
236 3
237 3
0 0 2
1 0 3
2 0 5
3 0 6
4 1 2
5 1 5
6 1 6
7 1 7
8 1 8
9 1 10
10 1 150
11 1 167
12 2 3
13 2 4
14 2 9
15 2 10
16 3 4
17 3 5
18 3 6
19 3 8
20 3 135
21 4 6
22 4 10
23 4 11
24 4 98
25 4 115
26 4 201
27 5 6
28 5 7
29 5 8
30 5 10
31 5 11
32 6 7
33 6 8
34 6 9
35 6 11
36 6 30
37 6 83
38 7 8
39 7 9
40 7 11
41 7 64
42 8 9
43 8 12
44 9 10
45 10 49
46 10 182
47 11 218
48 12 13
49 12 26
50 13 19
51 13 25
52 14 24
53 14 20
54 15 22
55 15 17
56 16 23
57 17 25
58 18 23
59 18 19
60 19 21
61 20 27
62 20 25
63 25 28
64 26 29
65 30 45
66 30 40
67 31 46
68 31 45
69 32 38
70 33 36
71 33 48
72 34 43
73 34 37
74 34 48
75 35 45
76 36 41
77 36 44
78 37 40
79 38 44
80 39 47
81 40 42
82 40 47
83 49 54
84 49 61
85 50 57
86 50 62
87 51 59
88 52 58
89 53 59
90 53 57
91 55 60
92 55 63
93 56 58
94 57 61
95 58 63
96 62 63
97 64 71
98 64 72
99 64 76
100 64 70
101 65 75
102 66 73
103 66 76
104 67 82
105 68 69
106 69 78
107 70 82
108 73 80
109 74 77
110 75 81
111 75 80
112 77 82
113 78 79
114 78 81
115 83 91
116 84 93
117 84 92
118 85 86
119 86 91
120 87 97
121 88 89
122 89 93
123 90 96
124 91 96
125 91 97
126 92 95
127 94 95
128 95 96
129 98 110
130 98 101
131 99 101
132 100 102
133 101 106
134 102 103
135 102 114
136 103 109
137 103 106
138 104 112
139 104 110
140 105 108
141 105 106
142 106 107
143 110 111
144 113 114
145 115 129
146 115 133
147 116 125
148 117 127
149 117 130
150 118 131
151 119 129
152 120 128
153 120 130
154 120 129
155 121 126
156 122 129
157 123 124
158 123 130
159 124 125
160 125 132
161 126 131
162 126 133
163 126 134
164 135 145
165 136 149
166 137 141
167 138 141
168 138 148
169 139 146
170 140 145
171 140 149
172 141 143
173 142 146
174 144 148
175 146 149
176 147 149
177 148 149
178 150 162
179 150 151
180 151 163
181 151 159
182 152 156
183 153 159
184 153 165
185 153 166
186 154 157
187 154 160
188 155 157
189 156 163
190 158 166
191 159 164
192 160 164
193 161 166
194 167 178
195 167 171
196 168 170
197 169 177
198 169 175
199 170 176
200 171 176
201 172 179
202 173 175
203 174 176
204 174 181
205 175 178
206 176 179
207 180 181
208 182 194
209 183 193
210 183 188
211 184 194
212 185 186
213 185 187
214 186 199
215 187 195
216 187 197
217 187 192
218 188 200
219 189 192
220 189 190
221 190 198
222 191 200
223 193 194
224 194 196
225 198 200
226 201 214
227 202 212
228 202 216
229 203 211
230 204 208
231 205 208
232 205 206
233 206 211
234 207 211
235 209 216
236 209 217
237 210 211
238 211 215
239 212 213
240 212 215
241 214 217
242 218 229
243 219 220
244 219 226
245 221 226
246 222 227
247 222 230
248 222 232
249 222 236
250 222 224
251 223 224
252 224 237
253 225 229
254 225 235
255 225 232
256 226 231
257 226 229
258 228 229
259 229 233
260 234 237
0 18 70
1 29 82
2 14 65
3 25 65
4 15 65
5 13 75
6 19 79
7 27 72
8 15 77
9 13 79
10 15 65
11 23 78
12 26 64
13 13 71
14 29 78
15 21 77
16 26 71
17 21 73
18 17 79
19 19 70
20 26 72
21 13 74
22 27 81
23 26 74
24 12 67
25 19 75
26 12 77
27 20 68
28 26 79
29 20 69
30 0 75
31 7 77
32 4 82
33 11 82
34 8 77
35 4 71
36 0 70
37 3 70
38 0 74
39 1 80
40 4 72
41 6 78
42 5 70
43 10 67
44 2 65
45 8 68
46 10 79
47 2 79
48 0 75
49 11 76
50 2 72
51 3 80
52 4 79
53 10 76
54 9 78
55 2 65
56 3 80
57 11 74
58 198 160
59 190 160
60 199 161
61 189 165
62 200 164
63 191 156
64 194 158
65 198 150
66 196 166
67 195 155
68 195 158
69 190 161
70 197 158
71 196 154
72 189 155
73 191 152
74 191 154
75 200 150
76 191 153
77 182 162
78 186 159
79 197 154
80 200 166
81 189 160
82 198 150
83 193 161
84 185 154
85 185 157
86 185 154
87 193 156
88 104 161
89 114 160
90 107 150
91 100 160
92 107 161
93 111 159
94 108 154
95 98 156
96 105 165
97 99 152
98 109 159
99 114 163
100 113 160
101 105 154
102 111 163
103 105 166
104 102 156
105 103 162
106 114 157
107 98 159
108 98 151
109 101 150
110 112 165
111 104 152
112 100 151
113 114 164
114 107 166
115 105 164
116 109 156
117 108 165
118 18 116
119 15 128
120 20 127
121 12 127
122 19 121
123 25 120
124 14 119
125 21 133
126 20 125
127 12 133
128 27 121
129 20 132
130 27 126
131 23 115
132 29 121
133 22 128
134 15 122
135 15 116
136 14 119
137 15 123
138 19 127
139 16 132
140 13 128
141 27 115
142 28 126
143 16 129
144 28 130
145 18 126
146 18 131
147 29 127
148 234 40
149 218 33
150 227 38
151 230 46
152 228 39
153 237 39
154 219 46
155 221 45
156 220 36
157 236 33
158 221 46
159 219 32
160 218 42
161 230 47
162 233 36
163 235 48
164 229 35
165 232 36
166 220 32
167 225 42
168 229 41
169 235 43
170 230 48
171 221 35
172 226 31
173 228 34
174 235 30
175 233 31
176 225 41
177 226 45
178 44 104
179 47 112
180 32 100
181 38 113
182 33 107
183 48 98
184 44 110
185 48 99
186 47 107
187 34 102
188 47 99
189 42 99
190 34 99
191 43 101
192 30 112
193 43 102
194 46 110
195 46 107
196 44 113
197 34 113
198 46 100
199 42 107
200 36 114
201 45 104
202 34 104
203 45 113
204 39 106
205 30 104
206 42 106
207 48 99
208 125 137
209 120 149
210 126 141
211 125 135
212 118 137
213 134 135
214 129 144
215 127 136
216 133 149
217 123 146
218 125 143
219 125 149
220 124 142
221 123 143
222 117 137
223 121 149
224 131 140
225 118 143
226 124 145
227 128 147
228 132 146
229 115 135
230 123 147
231 125 148
232 123 149
233 125 138
234 119 138
235 132 148
236 116 146
237 129 136
238 94 105
239 85 109
240 84 105
241 97 108
242 91 109
243 87 103
244 84 100
245 88 107
246 97 106
247 88 107
248 95 110
249 89 108
250 91 108
251 84 104
252 83 103
253 86 98
254 88 109
255 93 109
256 97 104
257 95 109
258 91 104
259 91 110
260 94 113
261 90 98
262 83 105
263 83 98
264 87 113
265 86 103
266 83 114
267 93 104
268 98 138
269 102 148
270 105 145
271 98 144
272 104 147
273 113 148
274 104 141
275 109 139
276 105 139
277 105 149
278 103 138
279 113 145
280 100 139
281 103 141
282 104 144
283 103 135
284 102 145
285 111 148
286 107 141
287 109 142
288 98 136
289 104 139
290 113 138
291 103 136
292 114 144
293 104 137
294 101 137
295 102 139
296 99 147
297 99 138
298 222 83
299 223 88
300 225 83
301 235 95
302 230 90
303 227 86
304 229 89
305 236 88
306 229 92
307 237 96
308 234 88
309 228 95
310 225 93
311 233 97
312 231 95
313 230 88
314 234 92
315 221 85
316 229 97
317 234 84
318 224 86
319 219 89
320 219 88
321 225 94
322 235 86
323 228 83
324 218 93
325 230 89
326 218 97
327 228 95
328 105 159
329 100 164
330 101 157
331 111 158
332 109 154
333 113 160
334 103 156
335 110 155
336 112 162
337 114 158
338 109 156
339 110 158
340 99 165
341 104 166
342 99 157
343 110 161
344 113 151
345 105 153
346 112 154
347 109 152
348 108 163
349 113 165
350 98 166
351 98 155
352 109 157
353 109 150
354 100 159
355 106 165
356 114 158
357 106 159
358 195 10
359 193 0
360 197 1
361 200 8
362 197 1
363 191 6
364 197 0
365 187 1
366 184 8
367 198 3
368 183 3
369 190 9
370 198 10
371 196 0
372 191 8
373 183 1
374 182 6
375 191 4
376 184 4
377 196 3
378 189 3
379 195 4
380 198 3
381 190 3
382 190 8
383 200 10
384 191 9
385 168 181
386 167 180
387 180 171
388 179 167
389 168 178
390 175 179
391 177 167
392 181 172
393 178 181
394 172 169
395 169 179
396 176 180
397 175 168
398 177 171
399 176 175
400 174 168
401 175 171
402 181 172
403 178 180
404 177 167
405 177 167
406 167 181
407 173 180
408 61 135
409 50 145
410 52 146
411 62 135
412 51 147
413 57 147
414 53 139
415 53 143
416 63 138
417 60 147
418 61 136
419 55 149
420 55 145
421 60 137
422 57 142
423 58 148
424 59 137
425 50 137
426 63 143
427 57 149
428 50 145
429 50 145
430 62 139
431 57 136
432 58 149
433 63 149
434 53 144
435 52 140
436 62 141
437 57 149
438 134 117
439 128 126
440 134 120
441 118 125
442 118 124
443 122 134
444 118 115
445 131 119
446 117 128
447 116 120
448 134 120
449 132 118
450 119 127
451 129 131
452 118 134
453 134 123
454 118 132
455 116 117
456 119 118
457 132 120
458 116 134
459 125 209
460 126 208
461 118 201
462 120 207
463 121 208
464 117 203
465 122 212
466 134 206
467 122 204
468 133 213
469 116 208
470 124 209
471 130 208
472 132 204
473 123 214
474 119 216
475 130 211
476 130 211
477 123 215
478 121 212
479 127 201
480 129 207
481 131 212
482 117 208
483 117 207
484 124 216
485 122 203
486 115 202
487 128 207
488 129 214
489 169 138
490 181 141
491 176 145
492 181 143
493 176 143
494 172 148
495 179 142
496 171 137
497 169 143
498 176 138
499 177 144
500 174 148
501 167 140
502 170 137
503 171 141
504 168 139
505 167 148
506 179 143
507 176 149
508 174 142
509 168 142
510 175 146
511 179 140
512 179 148
513 168 140
514 167 146
515 175 137
516 168 136
517 171 139
518 180 141
519 35 132
520 34 132
521 34 116
522 44 122
523 32 124
524 47 115
525 36 117
526 32 128
527 45 125
528 31 119
529 39 126
530 40 131
531 37 123
532 39 131
533 44 122
534 37 119
535 45 132
536 47 119
537 41 125
538 44 117
539 40 116
540 48 119
541 33 126
542 40 119
543 46 120
544 41 123
545 48 119
546 30 120
547 34 127
548 45 134
549 107 125
550 106 122
551 110 131
552 108 122
553 104 130
554 98 121
555 113 130
556 99 123
557 108 115
558 111 125
559 107 130
560 108 127
561 104 127
562 106 118
563 113 116
564 109 127
565 100 116
566 101 122
567 103 120
568 114 126
569 99 121
570 100 123
571 113 129
572 98 121
573 107 125
574 109 127
575 110 132
576 102 115
577 106 123
578 99 118
579 61 232
580 52 222
581 51 235
582 52 233
583 57 221
584 61 224
585 55 225
586 52 221
587 59 224
588 54 230
589 62 236
590 60 230
591 56 223
592 49 218
593 60 222
594 50 225
595 58 234
596 53 224
597 54 226
598 58 228
599 55 237
600 49 218
601 61 235
602 58 223
603 52 224
604 59 226
605 52 232
606 58 236
607 56 225
608 52 225
609 71 35
610 71 30
611 82 38
612 68 34
613 70 40
614 79 46
615 66 33
616 73 35
617 79 47
618 71 48
619 81 43
620 66 31
621 82 48
622 79 37
623 71 35
624 67 36
625 70 44
626 72 46
627 67 35
628 80 34
629 80 39
630 68 39
631 69 40
632 73 34
633 65 48
634 71 39
635 68 44
636 78 45
637 67 34
638 72 33
639 117 234
640 125 229
641 115 229
642 128 232
643 131 226
644 122 223
645 118 227
646 125 224
647 133 225
648 118 225
649 119 236
650 131 229
651 125 233
652 124 225
653 125 225
654 125 228
655 124 231
656 119 235
657 126 227
658 123 228
659 131 236
660 115 235
661 118 219
662 120 223
663 115 232
664 125 224
665 134 219
666 126 231
667 133 224
668 123 229
669 11 95
670 6 88
671 5 88
672 0 93
673 3 91
674 4 85
675 5 96
676 2 91
677 4 85
678 2 87
679 0 92
680 8 84
681 5 85
682 0 84
683 9 91
684 1 88
685 3 91
686 6 85
687 11 88
688 3 96
689 3 93
690 9 90
691 1 87
692 1 94
693 11 90
694 5 91
695 3 88
696 9 90
697 4 85
698 28 191
699 27 191
700 22 182
701 18 198
702 16 195
703 25 196
704 23 197
705 19 189
706 26 193
707 20 182
708 17 200
709 19 190
710 26 197
711 27 187
712 16 187
713 13 184
714 12 191
715 19 193
716 12 193
717 17 198
718 13 193
719 15 190
720 13 190
721 20 198
722 28 187
723 24 193
724 28 198
725 24 190
726 19 189
727 17 193
728 227 188
729 230 186
730 232 184
731 231 192
732 233 199
733 231 184
734 225 187
735 223 184
736 229 200
737 231 193
738 227 198
739 231 190
740 225 190
741 231 185
742 236 184
743 218 196
744 225 187
745 231 190
746 228 191
747 237 188
748 218 185
749 230 184
750 231 197
751 225 182
752 224 185
753 227 199
754 222 193
755 234 200
756 226 188
757 226 200
758 142 161
759 142 163
760 142 152
761 144 164
762 144 160
763 144 159
764 140 151
765 149 166
766 143 160
767 145 153
768 149 158
769 147 164
770 144 151
771 141 156
772 137 153
773 138 157
774 147 164
775 146 152
776 147 166
777 149 164
778 147 157
779 141 150
780 139 159
781 138 159
782 142 158
783 147 153
784 141 152
785 145 155
786 145 151
787 144 163
788 76 210
789 79 214
790 78 216
791 69 206
792 66 216
793 67 214
794 71 205
795 71 215
796 69 212
797 64 208
798 77 204
799 69 204
800 66 204
801 71 213
802 65 207
803 78 215
804 64 208
805 82 205
806 72 201
807 75 217
808 67 216
809 70 203
810 77 206
811 66 217
812 71 212
813 78 211
814 77 212
815 76 202
816 77 213
817 74 203
818 220 43
819 221 43
820 236 37
821 234 47
822 230 36
823 229 39
824 224 40
825 227 48
826 225 34
827 224 48
828 227 46
829 229 45
830 227 38
831 224 46
832 237 44
833 224 42
834 232 43
835 228 40
836 218 48
837 232 31
838 224 40
839 236 40
840 223 37
841 237 36
842 226 37
843 226 38
844 218 33
845 230 34
846 228 46
847 232 47
848 67 11
849 78 5
850 68 6
851 79 4
852 81 1
853 68 1
854 71 2
855 70 5
856 66 0
857 78 5
858 74 6
859 74 3
860 75 3
861 82 4
862 71 1
863 76 9
864 68 7
865 75 5
866 72 8
867 65 7
868 64 3
869 67 9
870 76 11
871 68 1
872 81 0
873 69 3
874 76 8
875 69 3
876 80 6
877 80 10
878 147 8
879 135 1
880 137 7
881 141 3
882 149 4
883 145 8
884 144 11
885 138 0
886 145 5
887 144 1
888 146 9
889 139 5
890 145 8
891 137 2
892 137 11
893 139 9
894 142 0
895 144 7
896 135 1
897 148 8
898 145 11
899 135 11
900 143 8
901 141 0
902 137 5
903 135 1
904 143 5
905 142 5
906 143 9
907 217 113
908 211 101
909 206 108
910 206 111
911 207 112
912 211 102
913 210 107
914 205 103
915 206 113
916 205 104
917 204 105
918 208 106
919 215 112
920 210 110
921 208 103
922 201 107
923 204 98
924 214 100
925 211 100
926 212 110
927 211 106
928 202 105
929 210 112
930 207 111
931 204 110
932 207 110
933 215 101
934 205 112
935 205 105
936 212 106
937 196 147
938 192 145
939 193 148
940 197 138
941 197 143
942 198 135
943 198 137
944 193 145
945 192 138
946 192 140
947 186 143
948 193 146
949 198 137
950 192 147
951 191 140
952 200 145
953 195 139
954 198 143
955 182 138
956 182 144
957 198 137
958 200 144
959 186 136
960 198 146
961 190 136
962 183 136
963 200 149
964 187 136
965 189 138
966 188 136
967 67 9
968 73 6
969 66 8
970 79 9
971 68 1
972 65 4
973 75 10
974 73 8
975 77 8
976 71 5
977 75 7
978 74 11
979 70 11
980 67 0
981 66 2
982 78 7
983 64 2
984 64 3
985 68 8
986 74 3
987 80 2
988 69 11
989 80 10
990 67 9
991 82 9
992 73 8
993 80 0
994 69 0
995 79 6
996 81 7
997 48 125
998 40 134
999 44 128
1000 44 115
1001 35 134
1002 46 125
1003 38 125
1004 42 117
1005 33 129
1006 33 133
1007 38 130
1008 43 134
1009 47 118
1010 44 124
1011 33 128
1012 36 133
1013 41 120
1014 41 117
1015 34 132
1016 43 124
1017 40 121
1018 38 125
1019 46 127
1020 47 132
1021 38 118
1022 37 130
1023 48 133
1024 44 117
1025 38 120
1026 30 118
1027 10 230
1028 3 230
1029 9 227
1030 1 226
1031 8 224
1032 6 230
1033 1 236
1034 6 226
1035 4 227
1036 1 230
1037 8 228
1038 3 234
1039 2 229
1040 1 232
1041 4 230
1042 3 230
1043 5 225
1044 2 226
1045 5 232
1046 6 230
1047 2 227
1048 9 237
1049 1 229
1050 0 219
1051 3 218
1052 6 236
1053 3 236
1054 10 230
1055 2 222
1056 30 183
1057 39 199
1058 35 196
1059 41 199
1060 38 188
1061 48 187
1062 40 191
1063 35 193
1064 46 195
1065 46 184
1066 43 185
1067 39 185
1068 35 182
1069 45 194
1070 40 183
1071 40 188
1072 31 184
1073 32 196
1074 36 197
1075 36 194
1076 32 183
1077 47 182
1078 40 191
1079 33 183
1080 40 183
1081 34 198
1082 32 194
1083 32 188
1084 41 187
1085 42 198
1086 147 82
1087 143 74
1088 139 70
1089 142 69
1090 147 79
1091 146 80
1092 137 77
1093 149 76
1094 139 78
1095 141 74
1096 142 72
1097 138 80
1098 138 76
1099 142 65
1100 148 68
1101 141 65
1102 148 66
1103 149 76
1104 135 81
1105 139 68
1106 146 73
1107 139 67
1108 136 73
1109 137 70
1110 145 74
1111 145 69
1112 136 77
1113 149 78
1114 149 71
1115 138 72
1116 211 3
1117 204 1
1118 213 3
1119 211 10
1120 215 11
1121 207 4
1122 206 7
1123 212 4
1124 204 11
1125 210 11
1126 203 10
1127 211 9
1128 216 6
1129 210 8
1130 213 6
1131 205 4
1132 203 5
1133 208 0
1134 209 0
1135 216 3
1136 208 6
1137 213 9
1138 202 10
1139 202 11
1140 202 4
1141 217 10
1142 208 8
1143 207 10
1144 217 0
1145 66 163
1146 81 165
1147 65 163
1148 71 156
1149 65 162
1150 72 160
1151 81 152
1152 74 151
1153 70 154
1154 79 162
1155 69 166
1156 81 165
1157 82 160
1158 76 153
1159 72 158
1160 82 155
1161 72 150
1162 65 162
1163 68 163
1164 70 162
1165 74 162
1166 77 159
1167 80 150
1168 79 151
1169 70 158
1170 78 151
1171 75 162
1172 66 155
1173 65 154
1174 78 160
1175 108 137
1176 106 147
1177 98 136
1178 99 149
1179 102 135
1180 106 142
1181 104 148
1182 110 142
1183 112 147
1184 105 146
1185 105 147
1186 110 146
1187 102 141
1188 110 147
1189 109 140
1190 111 142
1191 102 148
1192 103 136
1193 106 148
1194 102 137
1195 107 142
1196 107 148
1197 102 147
1198 109 140
1199 98 140
1200 100 135
1201 114 144
1202 110 146
1203 107 141
1204 110 149
1205 199 34
1206 182 37
1207 188 32
1208 194 30
1209 191 41
1210 193 47
1211 187 38
1212 184 30
1213 182 45
1214 196 33
1215 198 30
1216 198 42
1217 193 43
1218 197 40
1219 197 31
1220 192 35
1221 183 33
1222 194 40
1223 196 46
1224 196 34
1225 193 37
1226 196 31
1227 184 45
1228 191 41
1229 186 31
1230 186 39
1231 187 30
1232 199 45
1233 194 45
1234 195 31
1235 174 41
1236 168 30
1237 177 42
1238 176 36
1239 168 45
1240 168 35
1241 178 40
1242 168 31
1243 168 30
1244 177 31
1245 181 42
1246 179 43
1247 169 30
1248 177 44
1249 174 39
1250 178 39
1251 178 46
1252 168 35
1253 173 33
1254 173 32
1255 174 36
1256 167 40
1257 179 37
1258 181 46
1259 174 39
1260 179 36
1261 179 41
1262 175 44
1263 175 39
1264 181 42
1265 37 52
1266 30 54
1267 47 57
1268 33 58
1269 45 50
1270 42 57
1271 39 51
1272 45 59
1273 45 60
1274 48 63
1275 41 58
1276 33 60
1277 46 56
1278 44 54
1279 34 63
1280 47 49
1281 30 53
1282 41 61
1283 45 49
1284 48 53
1285 43 51
1286 40 56
1287 48 54
1288 30 53
1289 30 62
1290 47 52
1291 39 49
1292 45 54
1293 31 62
1294 45 57
1295 88 82
1296 93 67
1297 85 73
1298 93 66
1299 88 79
1300 93 67
1301 90 79
1302 86 81
1303 96 71
1304 94 77
1305 90 74
1306 84 77
1307 96 64
1308 87 76
1309 85 64
1310 85 82
1311 91 81
1312 92 64
1313 97 76
1314 93 64
1315 89 65
1316 93 67
1317 83 66
1318 84 70
1319 95 72
1320 86 67
1321 91 71
1322 87 76
1323 87 69
1324 97 71
1325 228 220
1326 228 231
1327 233 224
1328 234 226
1329 237 233
1330 230 231
1331 231 220
1332 237 229
1333 229 220
1334 220 235
1335 235 233
1336 235 226
1337 219 225
1338 232 219
1339 224 225
1340 222 235
1341 220 235
1342 230 231
1343 232 231
1344 226 234
1345 234 228
1346 229 224
1347 236 221
1348 235 174
1349 224 174
1350 221 178
1351 219 175
1352 221 179
1353 237 179
1354 225 168
1355 234 172
1356 224 172
1357 231 178
1358 237 175
1359 220 179
1360 225 180
1361 220 172
1362 220 169
1363 222 172
1364 218 169
1365 219 169
1366 232 173
1367 228 171
1368 218 180
1369 226 170
1370 226 180
1371 224 179
1372 219 167
1373 218 170
1374 231 176
1375 218 174
1376 237 174
1377 219 170
1378 208 0
1379 215 5
1380 207 10
1381 201 1
1382 207 2
1383 212 8
1384 201 1
1385 208 8
1386 213 11
1387 202 0
1388 212 4
1389 206 9
1390 205 0
1391 211 6
1392 206 9
1393 214 5
1394 206 3
1395 217 11
1396 205 11
1397 208 10
1398 211 5
1399 209 9
1400 205 0
1401 209 1
1402 215 4
1403 212 9
1404 207 5
1405 211 4
1406 107 142
1407 103 138
1408 111 149
1409 99 143
1410 111 138
1411 110 136
1412 110 143
1413 108 135
1414 110 147
1415 111 136
1416 112 140
1417 101 138
1418 98 135
1419 98 139
1420 109 149
1421 104 147
1422 108 137
1423 103 145
1424 114 143
1425 106 147
1426 107 136
1427 106 140
1428 109 145
1429 111 148
1430 98 148
1431 112 141
1432 102 143
1433 108 147
1434 102 143
1435 101 135
1436 233 78
1437 229 70
1438 221 77
1439 220 76
1440 230 78
1441 230 67
1442 222 73
1443 230 64
1444 230 66
1445 223 79
1446 234 71
1447 224 72
1448 229 74
1449 235 72
1450 235 66
1451 229 70
1452 227 67
1453 226 82
1454 225 74
1455 225 78
1456 224 64
1457 233 64
1458 224 69
1459 218 71
1460 235 69
1461 231 71
1462 236 76
1463 223 69
1464 228 81
1465 221 73
1466 219 180
1467 233 177
1468 220 171
1469 231 173
1470 234 170
1471 228 180
1472 228 179
1473 220 168
1474 222 181
1475 221 174
1476 236 176
1477 228 177
1478 234 173
1479 219 181
1480 235 174
1481 226 175
1482 235 168
1483 235 167
1484 232 174
1485 230 169
1486 220 175
1487 232 168
1488 227 180
1489 230 181
1490 231 168
1491 225 177
1492 220 167
1493 218 168
1494 218 175
1495 224 181
1496 204 123
1497 215 117
1498 209 130
1499 217 133
1500 213 132
1501 203 131
1502 203 119
1503 201 129
1504 213 123
1505 213 125
1506 206 130
1507 210 117
1508 211 124
1509 210 124
1510 217 128
1511 215 132
1512 210 126
1513 205 124
1514 206 123
1515 206 117
1516 202 123
1517 204 131
1518 202 117
1519 204 124
1520 211 115
1521 205 132
1522 202 126
1523 215 123
1524 211 123
1525 209 123
1526 139 77
1527 145 68
1528 138 73
1529 147 75
1530 142 74
1531 146 74
1532 145 80
1533 135 70
1534 146 74
1535 141 76
1536 147 68
1537 137 72
1538 145 82
1539 141 82
1540 146 74
1541 145 82
1542 148 71
1543 148 69
1544 146 79
1545 149 68
1546 145 64
1547 148 68
1548 147 73
1549 143 80
1550 138 73
1551 137 73
1552 144 71
1553 135 66
1554 141 75
1555 140 68
1556 18 179
1557 22 169
1558 14 169
1559 16 173
1560 25 179
1561 17 173
1562 15 176
1563 28 176
1564 21 179
1565 23 174
1566 26 180
1567 21 178
1568 20 180
1569 19 176
1570 26 170
1571 16 176
1572 29 171
1573 24 174
1574 15 175
1575 25 180
1576 17 179
1577 28 168
1578 23 178
1579 23 168
1580 27 171
1581 20 180
1582 26 176
1583 20 174
1584 16 169
1585 23 169
1586 178 35
1587 178 39
1588 167 32
1589 168 42
1590 169 39
1591 174 45
1592 171 47
1593 171 40
1594 173 37
1595 177 40
1596 176 47
1597 172 44
1598 167 30
1599 173 35
1600 180 47
1601 167 44
1602 177 36
1603 176 34
1604 179 42
1605 174 35
1606 174 32
1607 171 40
1608 180 42
1609 178 46
1610 173 35
1611 172 44
1612 170 37
1613 168 36
1614 180 43
1615 176 41
1616 120 87
1617 130 91
1618 126 88
1619 133 87
1620 126 92
1621 132 95
1622 126 96
1623 131 88
1624 132 87
1625 131 97
1626 123 96
1627 117 94
1628 127 97
1629 125 84
1630 134 86
1631 123 85
1632 130 96
1633 127 91
1634 126 97
1635 130 91
1636 118 97
1637 124 90
1638 134 93
1639 127 95
1640 120 88
1641 120 91
1642 117 83
1643 133 88
1644 119 85
1645 133 86
1646 103 57
1647 110 50
1648 109 58
1649 98 53
1650 107 58
1651 105 49
1652 103 62
1653 102 63
1654 109 51
1655 98 57
1656 112 58
1657 106 57
1658 107 51
1659 108 53
1660 105 49
1661 107 52
1662 107 61
1663 104 49
1664 109 51
1665 106 50
1666 106 54
1667 98 56
1668 107 61
1669 107 57
1670 110 50
1671 110 60
1672 104 62
1673 99 56
1674 98 55
1675 104 59
1676 92 158
1677 93 157
1678 93 166
1679 83 150
1680 91 162
1681 87 158
1682 92 161
1683 91 159
1684 91 157
1685 94 161
1686 90 158
1687 87 159
1688 91 160
1689 93 165
1690 90 153
1691 92 152
1692 86 158
1693 83 151
1694 97 163
1695 93 150
1696 93 152
1697 91 161
1698 92 156
1699 86 158
1700 97 161
1701 93 155
1702 97 161
1703 87 164
1704 92 160
1705 92 157
1706 214 10
1707 215 6
1708 202 6
1709 216 8
1710 213 10
1711 212 2
1712 210 4
1713 204 9
1714 207 4
1715 213 6
1716 210 5
1717 217 5
1718 208 6
1719 215 6
1720 208 8
1721 212 10
1722 210 5
1723 207 10
1724 205 3
1725 206 2
1726 201 1
1727 201 0
1728 215 3
1729 211 2
1730 211 4
1731 205 11
1732 212 2
1733 210 1
1734 213 4
1735 29 48
1736 23 39
1737 29 36
1738 29 32
1739 22 31
1740 17 42
1741 25 46
1742 27 30
1743 14 33
1744 25 45
1745 13 43
1746 13 39
1747 14 38
1748 16 34
1749 16 34
1750 18 39
1751 15 36
1752 16 40
1753 27 31
1754 16 37
1755 29 31
1756 21 45
1757 27 48
1758 17 34
1759 27 42
1760 19 43
1761 12 44
1762 22 45
1763 23 32
1764 24 36
1765 112 102
1766 109 113
1767 99 114
1768 111 105
1769 108 101
1770 107 110
1771 109 101
1772 109 111
1773 111 105
1774 108 99
1775 110 99
1776 111 107
1777 104 100
1778 99 103
1779 100 109
1780 99 104
1781 104 99
1782 105 100
1783 110 100
1784 114 108
1785 108 103
1786 107 109
1787 109 104
1788 100 98
1789 109 100
1790 99 105
1791 111 100
1792 122 75
1793 116 73
1794 123 71
1795 116 65
1796 116 70
1797 131 76
1798 130 82
1799 124 71
1800 116 82
1801 134 76
1802 123 79
1803 130 73
1804 127 81
1805 131 73
1806 127 81
1807 129 82
1808 121 80
1809 122 76
1810 133 80
1811 119 67
1812 120 80
1813 132 82
1814 121 69
1815 115 66
1816 118 77
1817 115 68
1818 124 77
1819 134 76
1820 132 75
1821 115 78
1822 76 0
1823 79 0
1824 78 10
1825 79 2
1826 80 5
1827 70 1
1828 75 2
1829 74 5
1830 76 1
1831 78 2
1832 67 11
1833 80 7
1834 69 11
1835 81 4
1836 79 0
1837 65 3
1838 81 5
1839 73 1
1840 69 6
1841 69 2
1842 78 3
1843 74 10
1844 77 0
1845 67 1
1846 73 9
1847 69 7
1848 73 9
1849 66 7
1850 14 172
1851 20 175
1852 14 175
1853 13 174
1854 18 178
1855 27 169
1856 17 171
1857 17 175
1858 15 176
1859 25 170
1860 21 170
1861 24 169
1862 15 178
1863 20 176
1864 17 175
1865 20 174
1866 14 172
1867 28 177
1868 25 172
1869 27 167
1870 26 176
1871 26 172
1872 25 178
1873 27 176
1874 25 171
1875 15 174
1876 28 178
1877 24 176
1878 29 170
1879 16 175
1880 200 177
1881 188 175
1882 191 175
1883 200 168
1884 186 169
1885 184 178
1886 194 171
1887 195 176
1888 188 181
1889 188 179
1890 197 174
1891 195 169
1892 197 181
1893 193 171
1894 183 179
1895 191 173
1896 197 170
1897 189 176
1898 200 178
1899 192 168
1900 188 171
1901 187 170
1902 193 176
1903 189 181
1904 191 171
1905 185 174
1906 192 177
1907 189 181
1908 192 168
1909 184 167
1910 1 183
1911 4 199
1912 2 192
1913 1 188
1914 7 183
1915 5 189
1916 2 195
1917 5 196
1918 1 184
1919 5 186
1920 4 194
1921 4 196
1922 9 195
1923 5 184
1924 0 190
1925 11 197
1926 5 189
1927 0 184
1928 9 190
1929 7 186
1930 8 183
1931 9 186
1932 9 186
1933 3 183
1934 6 192
1935 11 197
1936 0 188
1937 3 185
1938 207 45
1939 205 39
1940 215 39
1941 203 31
1942 205 33
1943 207 31
1944 217 30
1945 214 35
1946 211 33
1947 213 43
1948 217 41
1949 206 36
1950 215 34
1951 205 45
1952 209 35
1953 205 47
1954 216 34
1955 206 35
1956 210 37
1957 205 34
1958 203 38
1959 212 36
1960 209 33
1961 211 48
1962 217 37
1963 210 41
1964 217 37
1965 217 31
1966 210 39
1967 203 37
1968 47 109
1969 38 105
1970 47 103
1971 35 110
1972 34 100
1973 37 101
1974 47 100
1975 34 105
1976 38 114
1977 38 105
1978 35 108
1979 36 101
1980 30 105
1981 46 105
1982 31 107
1983 30 107
1984 38 98
1985 44 99
1986 37 114
1987 48 102
1988 31 110
1989 34 113
1990 46 99
1991 45 102
1992 35 104
1993 38 107
1994 41 110
1995 45 98
1996 34 114
1997 37 104
1998 78 0
1999 80 9
2000 74 8
2001 77 1
2002 76 6
2003 69 10
2004 65 8
2005 71 2
2006 72 3
2007 70 1
2008 72 3
2009 67 5
2010 80 10
2011 77 6
2012 80 11
2013 80 11
2014 69 0
2015 79 8
2016 77 8
2017 74 6
2018 76 0
2019 82 6
2020 81 2
2021 78 6
2022 67 3
2023 74 1
2024 73 1
2025 77 9
2026 79 3
2027 65 11
2028 163 210
2029 164 206
2030 156 208
2031 164 205
2032 152 205
2033 156 214
2034 158 215
2035 165 203
2036 152 206
2037 163 204
2038 158 213
2039 150 206
2040 151 206
2041 164 216
2042 153 212
2043 152 211
2044 150 201
2045 153 215
2046 152 212
2047 150 201
2048 163 210
2049 157 217
2050 159 203
2051 150 216
2052 158 213
2053 150 206
2054 151 207
2055 155 211
2056 153 210
2057 164 211
2058 84 235
2059 89 229
2060 86 228
2061 83 219
2062 94 226
2063 97 231
2064 96 233
2065 89 225
2066 90 225
2067 88 233
2068 88 221
2069 90 236
2070 92 235
2071 89 233
2072 90 235
2073 97 233
2074 94 229
2075 94 223
2076 91 223
2077 89 228
2078 83 219
2079 97 226
2080 96 230
2081 94 221
2082 89 234
2083 92 218
2084 90 222
2085 83 234
2086 96 222
2087 90 234
2088 84 54
2089 91 61
2090 94 62
2091 90 50
2092 94 63
2093 95 59
2094 96 61
2095 83 49
2096 90 52
2097 85 54
2098 95 58
2099 97 61
2100 97 62
2101 87 56
2102 96 58
2103 96 60
2104 96 62
2105 91 63
2106 95 58
2107 94 62
2108 93 60
2109 89 55
2110 87 63
2111 97 50
2112 95 54
2113 86 63
2114 84 61
2115 85 55
2116 96 49
2117 94 58
2118 134 223
2119 125 225
2120 118 230
2121 134 220
2122 126 227
2123 118 228
2124 129 232
2125 125 237
2126 119 225
2127 116 231
2128 134 219
2129 131 235
2130 127 228
2131 115 233
2132 131 228
2133 120 229
2134 127 229
2135 126 232
2136 125 224
2137 120 235
2138 115 235
2139 118 231
2140 123 223
2141 132 227
2142 128 222
2143 119 218
2144 130 222
2145 121 218
2146 132 218
2147 123 234
2148 137 145
2149 141 140
2150 144 146
2151 144 139
2152 147 142
2153 148 142
2154 141 142
2155 146 145
2156 135 141
2157 135 142
2158 137 146
2159 137 147
2160 137 146
2161 148 145
2162 137 136
2163 137 149
2164 144 142
2165 139 140
2166 101 170
2167 99 167
2168 108 168
2169 106 174
2170 104 172
2171 100 170
2172 101 171
2173 101 180
2174 106 167
2175 103 170
2176 112 177
2177 98 178
2178 113 169
2179 102 179
2180 106 181
2181 107 179
2182 98 168
2183 113 176
2184 114 180
2185 111 178
2186 114 173
2187 110 170
2188 101 172
2189 109 177
2190 103 169
2191 111 174
2192 111 172
2193 113 178
2194 109 172
2195 110 178
2196 169 3
2197 172 6
2198 167 3
2199 180 4
2200 180 7
2201 176 1
2202 172 1
2203 179 7
2204 172 8
2205 180 5
2206 177 0
2207 168 7
2208 170 11
2209 179 5
2210 180 2
2211 178 0
2212 174 0
2213 178 2
2214 170 2
2215 175 8
2216 177 0
2217 177 4
2218 176 9
2219 179 10
2220 170 7
2221 169 7
2222 174 1
2223 181 5
2224 181 10
2225 104 220
2226 113 230
2227 101 229
2228 103 233
2229 114 221
2230 114 224
2231 103 231
2232 103 233
2233 102 235
2234 107 234
2235 104 231
2236 106 236
2237 105 237
2238 106 230
2239 99 233
2240 107 232
2241 99 220
2242 104 218
2243 98 224
2244 100 234
2245 98 232
2246 110 222
2247 106 228
2248 111 237
2249 108 230
2250 109 230
2251 113 230
2252 100 228
2253 108 219
2254 98 226
2255 28 39
2256 21 37
2257 20 46
2258 18 30
2259 27 39
2260 26 42
2261 12 31
2262 12 30
2263 15 44
2264 16 47
2265 19 46
2266 12 40
2267 28 39
2268 29 32
2269 16 40
2270 20 41
2271 24 30
2272 17 45
2273 18 42
2274 17 39
2275 26 41
2276 21 36
2277 16 41
2278 21 42
2279 27 43
2280 18 43
2281 16 47
2282 14 44
2283 27 35
2284 17 40
2285 107 89
2286 102 88
2287 112 94
2288 108 83
2289 110 83
2290 102 90
2291 104 94
2292 108 88
2293 101 85
2294 110 84
2295 102 92
2296 113 83
2297 103 94
2298 106 96
2299 105 94
2300 107 93
2301 98 93
2302 110 88
2303 101 92
2304 106 89
2305 99 89
2306 114 96
2307 111 90
2308 111 85
2309 99 83
2310 108 83
2311 113 89
2312 100 91
2313 103 84
2314 108 83
2315 148 207
2316 140 202
2317 141 214
2318 141 206
2319 140 215
2320 139 204
2321 141 205
2322 146 206
2323 144 212
2324 143 216
2325 139 216
2326 145 216
2327 145 204
2328 135 202
2329 142 208
2330 140 215
2331 138 213
2332 141 214
2333 139 212
2334 137 208
2335 144 203
2336 138 213
2337 139 208
2338 140 202
2339 136 213
2340 141 204
2341 139 201
2342 135 214
2343 137 209
2344 143 216
2345 22 190
2346 13 196
2347 28 195
2348 26 194
2349 16 188
2350 13 189
2351 25 193
2352 29 199
2353 24 188
2354 27 185
2355 22 193
2356 23 188
2357 18 195
2358 21 198
2359 29 198
2360 23 196
2361 24 195
2362 27 192
2363 14 195
2364 28 187
2365 22 192
2366 17 186
2367 16 182
2368 21 199
2369 29 195
2370 29 187
2371 22 197
2372 28 199
2373 18 189
2374 24 197
2375 214 215
2376 209 210
2377 217 215
2378 202 214
2379 217 208
2380 212 201
2381 210 213
2382 211 209
2383 210 212
2384 206 212
2385 207 204
2386 202 210
2387 216 207
2388 207 214
2389 202 207
2390 212 207
2391 207 217
2392 206 212
2393 216 210
2394 215 201
2395 214 210
2396 213 217
2397 201 208
2398 215 201
2399 35 10
2400 40 8
2401 34 4
2402 39 3
2403 42 4
2404 32 9
2405 37 3
2406 48 4
2407 43 3
2408 42 0
2409 44 2
2410 32 4
2411 34 2
2412 47 8
2413 42 7
2414 36 2
2415 36 11
2416 41 11
2417 46 9
2418 38 1
2419 46 1
2420 43 11
2421 48 1
2422 44 0
2423 43 6
2424 47 3
2425 41 0
2426 40 2
2427 33 4
2428 194 82
2429 198 67
2430 199 82
2431 183 72
2432 198 77
2433 185 75
2434 192 72
2435 198 72
2436 189 67
2437 200 72
2438 198 78
2439 198 68
2440 185 82
2441 182 71
2442 200 71
2443 185 68
2444 190 68
2445 185 80
2446 199 75
2447 192 66
2448 192 70
2449 182 72
2450 199 73
2451 192 70
2452 194 76
2453 189 75
2454 192 69
2455 190 70
2456 189 64
2457 187 72
2458 211 64
2459 203 70
2460 206 68
2461 215 71
2462 205 80
2463 212 76
2464 203 77
2465 203 67
2466 207 81
2467 207 79
2468 211 64
2469 210 69
2470 207 71
2471 204 69
2472 215 75
2473 201 71
2474 212 75
2475 215 71
2476 203 69
2477 212 82
2478 211 64
2479 214 82
2480 214 66
2481 213 76
2482 205 64
2483 212 77
2484 204 77
2485 213 77
2486 203 70
2487 204 82
2488 12 226
2489 21 234
2490 29 223
2491 15 222
2492 21 225
2493 13 229
2494 13 234
2495 19 232
2496 23 221
2497 21 230
2498 13 234
2499 22 220
2500 21 228
2501 17 236
2502 15 234
2503 21 236
2504 28 233
2505 17 230
2506 19 228
2507 15 234
2508 20 221
2509 13 227
2510 20 234
2511 20 236
2512 14 236
2513 16 234
2514 25 218
2515 27 220
2516 18 233
2517 19 231
2518 169 187
2519 172 182
2520 178 199
2521 172 184
2522 178 190
2523 168 187
2524 177 182
2525 181 192
2526 180 196
2527 181 189
2528 181 192
2529 168 187
2530 175 193
2531 171 190
2532 172 199
2533 170 185
2534 173 196
2535 175 185
2536 172 197
2537 170 186
2538 170 190
2539 177 183
2540 168 193
2541 176 189
2542 169 196
2543 180 192
2544 172 188
2545 179 184
2546 174 191
2547 180 190
2548 138 225
2549 147 230
2550 147 223
2551 147 224
2552 144 230
2553 142 227
2554 142 219
2555 138 222
2556 141 227
2557 138 218
2558 138 227
2559 136 237
2560 145 232
2561 139 223
2562 140 226
2563 147 227
2564 139 231
2565 137 237
2566 136 221
2567 141 237
2568 142 228
2569 141 230
2570 147 220
2571 142 230
2572 148 236
2573 136 237
2574 146 235
2575 135 227
2576 140 233
2577 137 229
2578 118 102
2579 120 104
2580 123 110
2581 123 110
2582 127 105
2583 133 110
2584 134 104
2585 119 104
2586 127 110
2587 120 109
2588 123 107
2589 121 100
2590 122 109
2591 116 111
2592 122 107
2593 122 99
2594 120 106
2595 119 111
2596 130 101
2597 117 107
2598 132 111
2599 129 105
2600 126 112
2601 127 101
2602 125 108
2603 125 107
2604 115 110
2605 121 101
2606 123 101
2607 218 46
2608 222 34
2609 236 42
2610 237 48
2611 229 33
2612 233 36
2613 221 44
2614 218 41
2615 228 43
2616 228 47
2617 234 35
2618 229 44
2619 234 32
2620 231 35
2621 234 36
2622 227 37
2623 219 38
2624 227 36
2625 237 37
2626 218 38
2627 218 34
2628 227 46
2629 224 35
2630 226 35
2631 235 33
2632 222 40
2633 232 31
2634 230 34
2635 227 31
2636 223 35
2637 41 138
2638 39 135
2639 43 146
2640 44 136
2641 35 142
2642 36 135
2643 39 143
2644 32 145
2645 33 138
2646 44 145
2647 31 135
2648 39 137
2649 47 137
2650 46 148
2651 32 141
2652 42 142
2653 37 135
2654 35 146
2655 35 149
2656 31 137
2657 43 145
2658 40 149
2659 38 143
2660 39 140
2661 38 148
2662 37 135
2663 48 139
2664 40 149
2665 36 141
2666 33 138
2667 166 189
2668 156 197
2669 151 200
2670 157 187
2671 151 183
2672 150 194
2673 157 186
2674 165 187
2675 163 188
2676 163 184
2677 163 198
2678 151 183
2679 155 198
2680 153 200
2681 152 188
2682 153 199
2683 152 182
2684 150 189
2685 158 200
2686 150 186
2687 159 197
2688 160 182
2689 155 196
2690 156 190
2691 152 184
2692 160 183
2693 165 183
2694 156 187
2695 163 197
2696 159 185
2697 81 213
2698 67 215
2699 68 205
2700 68 216
2701 65 215
2702 66 215
2703 64 205
2704 77 212
2705 80 213
2706 75 210
2707 78 206
2708 66 215
2709 82 204
2710 65 208
2711 74 216
2712 75 215
2713 69 202
2714 80 206
2715 78 204
2716 79 205
2717 80 210
2718 71 210
2719 75 203
2720 77 207
2721 76 201
2722 67 216
2723 70 207
2724 72 206
2725 76 207
2726 72 206
2727 53 123
2728 55 120
2729 57 134
2730 59 121
2731 59 117
2732 57 128
2733 57 128
2734 56 134
2735 58 120
2736 55 134
2737 57 128
2738 57 115
2739 53 125
2740 57 118
2741 62 125
2742 49 115
2743 50 116
2744 49 121
2745 60 117
2746 62 131
2747 59 130
2748 63 119
2749 54 124
2750 56 130
2751 61 132
2752 51 127
2753 57 127
2754 60 115
2755 57 120
2756 61 130
2757 110 49
2758 101 55
2759 98 56
2760 102 55
2761 111 56
2762 113 52
2763 107 52
2764 98 58
2765 100 51
2766 112 63
2767 101 60
2768 98 50
2769 105 54
2770 113 50
2771 107 49
2772 112 52
2773 108 62
2774 104 53
2775 103 49
2776 114 62
2777 104 53
2778 108 58
2779 107 50
2780 102 51
2781 112 49
2782 109 57
2783 108 51
2784 111 61
2785 104 62
2786 100 49
2787 217 109
2788 204 108
2789 208 108
2790 206 102
2791 216 114
2792 210 98
2793 202 100
2794 211 106
2795 202 111
2796 207 112
2797 216 100
2798 207 103
2799 215 113
2800 203 106
2801 204 101
2802 205 110
2803 208 108
2804 205 104
2805 215 102
2806 210 114
2807 209 110
2808 208 112
2809 213 100
2810 211 107
2811 214 109
2812 216 104
2813 214 98
2814 210 106
2815 213 108
2816 212 105
2817 148 187
2818 149 187
2819 140 199
2820 140 196
2821 135 193
2822 146 198
2823 147 186
2824 143 193
2825 146 188
2826 142 190
2827 149 195
2828 138 191
2829 144 196
2830 147 182
2831 142 185
2832 139 184
2833 144 184
2834 140 199
2835 149 197
2836 138 190
2837 140 198
2838 142 185
2839 142 185
2840 143 182
2841 138 188
2842 147 184
2843 139 190
2844 135 190
2845 140 194
2846 148 196
2847 110 8
2848 102 1
2849 114 2
2850 102 2
2851 114 9
2852 113 11
2853 108 11
2854 108 10
2855 99 4
2856 105 11
2857 107 1
2858 101 0
2859 102 9
2860 99 10
2861 103 11
2862 105 8
2863 110 3
2864 107 5
2865 103 7
2866 110 0
2867 101 0
2868 99 9
2869 101 10
2870 103 0
2871 113 11
2872 111 1
2873 101 9
2874 101 10
2875 113 9
2876 98 131
2877 111 127
2878 106 121
2879 100 122
2880 106 126
2881 107 123
2882 109 115
2883 112 131
2884 108 119
2885 110 120
2886 104 129
2887 103 123
2888 113 118
2889 109 120
2890 107 132
2891 107 129
2892 100 126
2893 114 132
2894 108 134
2895 113 119
2896 105 126
2897 107 131
2898 108 116
2899 113 125
2900 104 115
2901 114 129
2902 108 133
2903 105 115
2904 99 125
2905 109 129
2906 81 171
2907 82 177
2908 72 181
2909 81 170
2910 81 171
2911 71 172
2912 70 174
2913 72 178
2914 67 172
2915 76 178
2916 72 177
2917 73 181
2918 79 179
2919 75 179
2920 65 178
2921 66 181
2922 69 172
2923 74 175
2924 77 173
2925 77 168
2926 74 173
2927 65 179
2928 79 174
2929 67 170
2930 74 175
2931 78 170
2932 69 177
2933 81 174
2934 69 174
2935 76 175
