224 249 10 2957
0 7
1 7
2 7
3 11
4 10
5 7
6 8
7 6
8 9
9 10
10 7
11 6
12 4
13 4
14 3
15 3
16 3
17 3
18 4
19 3
20 3
21 4
22 3
23 4
24 3
25 4
26 3
27 3
28 3
29 3
30 3
31 6
32 3
33 3
34 3
35 3
36 5
37 4
38 3
39 3
40 4
41 3
42 4
43 3
44 3
45 5
46 3
47 3
48 4
49 4
50 3
51 3
52 4
53 6
54 3
55 3
56 3
57 3
58 3
59 4
60 4
61 3
62 3
63 3
64 3
65 4
66 3
67 3
68 3
69 3
70 4
71 3
72 3
73 5
74 4
75 3
76 3
77 3
78 3
79 3
80 3
81 5
82 3
83 4
84 3
85 3
86 4
87 3
88 4
89 3
90 4
91 3
92 3
93 4
94 3
95 3
96 3
97 5
98 4
99 3
100 4
101 3
102 5
103 3
104 3
105 4
106 3
107 5
108 4
109 3
110 3
111 3
112 3
113 3
114 3
115 3
116 6
117 3
118 4
119 3
120 3
121 5
122 4
123 3
124 4
125 3
126 3
127 3
128 3
129 3
130 3
131 3
132 3
133 3
134 3
135 3
136 4
137 3
138 3
139 4
140 3
141 5
142 5
143 3
144 3
145 3
146 4
147 4
148 3
149 3
150 3
151 4
152 3
153 3
154 4
155 3
156 4
157 3
158 3
159 4
160 3
161 3
162 5
163 3
164 3
165 5
166 3
167 3
168 3
169 3
170 3
171 3
172 4
173 3
174 3
175 3
176 3
177 3
178 3
179 4
180 3
181 3
182 4
183 5
184 3
185 6
186 3
187 3
188 3
189 3
190 3
191 3
192 3
193 3
194 3
195 3
196 3
197 3
198 5
199 4
200 3
201 3
202 3
203 3
204 5
205 4
206 3
207 4
208 4
209 4
210 6
211 4
212 4
213 3
214 3
215 3
216 3
217 3
218 3
219 3
220 4
221 3
222 4
223 3
0 0 2
1 0 4
2 0 5
3 0 6
4 0 8
5 0 10
6 0 11
7 1 3
8 1 4
9 1 6
10 1 7
11 1 8
12 1 10
13 1 167
14 2 3
15 2 6
16 2 7
17 2 9
18 2 116
19 3 4
20 3 5
21 3 8
22 3 9
23 3 10
24 3 11
25 3 12
26 3 31
27 4 5
28 4 8
29 4 9
30 4 10
31 4 85
32 4 152
33 5 7
34 5 8
35 5 9
36 5 11
37 6 9
38 6 10
39 6 185
40 7 8
41 7 11
42 7 69
43 8 9
44 8 11
45 9 51
46 9 132
47 10 205
48 11 100
49 12 21
50 13 25
51 13 17
52 14 23
53 14 30
54 15 19
55 15 26
56 16 29
57 16 20
58 17 28
59 17 18
60 18 26
61 18 23
62 20 22
63 21 25
64 22 26
65 24 28
66 27 29
67 31 39
68 31 45
69 31 50
70 32 36
71 33 49
72 34 49
73 35 40
74 36 44
75 36 37
76 37 38
77 38 50
78 40 47
79 40 45
80 41 48
81 41 44
82 42 43
83 42 48
84 45 49
85 46 47
86 51 60
87 52 59
88 52 64
89 53 56
90 53 60
91 53 63
92 53 67
93 53 66
94 54 64
95 54 68
96 55 58
97 57 67
98 58 61
99 59 65
100 60 61
101 62 66
102 65 66
103 69 70
104 70 73
105 70 81
106 71 79
107 72 81
108 72 84
109 73 82
110 73 83
111 74 78
112 74 81
113 75 79
114 75 83
115 76 77
116 76 78
117 80 81
118 85 87
119 86 96
120 86 93
121 86 99
122 87 88
123 88 93
124 89 98
125 89 90
126 90 94
127 90 97
128 91 99
129 92 97
130 93 97
131 95 98
132 100 103
133 100 102
134 101 105
135 102 110
136 102 107
137 103 106
138 104 107
139 105 114
140 107 108
141 107 114
142 107 115
143 108 109
144 111 113
145 112 113
146 112 115
147 116 117
148 116 130
149 116 118
150 118 123
151 119 129
152 119 121
153 120 121
154 121 126
155 121 122
156 121 124
157 122 127
158 123 124
159 123 131
160 124 128
161 125 131
162 132 142
163 133 134
164 133 136
165 133 142
166 135 147
167 136 149
168 137 142
169 137 139
170 138 143
171 138 146
172 138 149
173 139 151
174 140 141
175 140 151
176 141 144
177 141 145
178 143 148
179 145 147
180 146 150
181 152 163
182 152 154
183 153 162
184 154 161
185 155 165
186 156 159
187 156 162
188 157 158
189 158 165
190 159 165
191 160 161
192 161 166
193 162 164
194 162 166
195 167 171
196 168 184
197 169 173
198 170 183
199 170 184
200 171 175
201 172 173
202 172 178
203 172 180
204 174 182
205 175 183
206 176 182
207 176 179
208 177 179
209 179 183
210 180 181
211 180 183
212 185 200
213 185 194
214 185 192
215 185 204
216 186 199
217 187 197
218 187 190
219 188 198
220 188 204
221 189 190
222 189 192
223 191 204
224 193 198
225 194 202
226 195 198
227 196 202
228 197 203
229 199 203
230 201 203
231 205 209
232 205 208
233 206 216
234 206 207
235 207 223
236 208 214
237 208 222
238 208 211
239 209 210
240 210 215
241 210 218
242 210 219
243 211 212
244 212 221
245 212 216
246 213 220
247 217 218
248 220 222
0 144 208
1 146 216
2 137 211
3 138 221
4 140 209
5 135 207
6 132 216
7 147 209
8 136 216
9 149 213
10 135 213
11 136 220
12 138 205
13 135 216
14 142 220
15 138 218
16 133 212
17 145 221
18 140 218
19 149 217
20 140 217
21 149 208
22 147 218
23 142 221
24 137 222
25 143 220
26 147 217
27 138 222
28 141 222
29 141 210
30 123 163
31 116 161
32 120 158
33 117 156
34 119 158
35 124 161
36 122 166
37 126 163
38 122 163
39 121 164
40 126 162
41 127 162
42 118 163
43 125 165
44 129 161
45 120 155
46 118 156
47 131 159
48 120 152
49 131 152
50 119 163
51 131 164
52 119 155
53 128 159
54 118 154
55 119 162
56 127 165
57 124 164
58 117 165
59 118 166
60 218 173
61 208 173
62 209 182
63 221 168
64 210 173
65 208 174
66 220 175
67 214 175
68 220 179
69 221 174
70 222 178
71 213 183
72 218 184
73 206 181
74 218 169
75 209 172
76 208 184
77 214 184
78 218 174
79 213 168
80 214 167
81 206 181
82 211 179
83 208 179
84 208 179
85 213 174
86 205 179
87 205 170
88 208 178
89 223 178
90 166 78
91 160 71
92 165 70
93 160 80
94 163 70
95 157 71
96 152 74
97 153 74
98 159 81
99 154 80
100 164 82
101 164 70
102 160 74
103 163 83
104 166 78
105 158 76
106 158 71
107 161 70
108 166 70
109 156 83
110 163 71
111 161 77
112 152 69
113 163 84
114 164 77
115 164 76
116 155 82
117 158 69
118 152 82
119 163 73
120 98 61
121 89 66
122 88 56
123 94 64
124 85 67
125 92 55
126 95 57
127 91 67
128 91 65
129 92 64
130 93 63
131 96 51
132 93 66
133 88 53
134 97 51
135 97 63
136 86 59
137 99 54
138 95 56
139 96 67
140 98 55
141 89 51
142 98 52
143 85 66
144 87 51
145 88 64
146 90 60
147 88 55
148 92 53
149 97 63
150 169 73
151 169 82
152 173 79
153 178 76
154 176 80
155 178 72
156 184 72
157 179 80
158 175 83
159 181 72
160 172 74
161 168 70
162 169 69
163 181 79
164 175 74
165 176 72
166 169 73
167 176 69
168 174 72
169 183 80
170 177 74
171 182 69
172 176 76
173 179 70
174 178 73
175 180 72
176 174 71
177 184 73
178 180 75
179 172 80
180 1 14
181 11 17
182 11 27
183 2 26
184 2 19
185 3 22
186 8 13
187 0 23
188 5 29
189 9 22
190 2 15
191 8 18
192 8 26
193 8 20
194 4 16
195 6 18
196 7 29
197 3 26
198 9 21
199 8 27
200 6 16
201 8 17
202 3 26
203 2 29
204 9 28
205 1 15
206 4 24
207 3 25
208 117 197
209 123 189
210 120 189
211 116 191
212 131 194
213 121 198
214 116 185
215 119 204
216 122 195
217 129 194
218 120 199
219 116 201
220 123 201
221 131 188
222 131 193
223 117 202
224 120 186
225 131 197
226 129 202
227 119 201
228 127 190
229 122 192
230 128 199
231 121 201
232 124 190
233 116 203
234 125 203
235 117 197
236 122 189
237 128 202
238 145 37
239 137 40
240 149 35
241 148 32
242 134 39
243 134 35
244 148 36
245 139 44
246 142 42
247 143 44
248 136 50
249 143 39
250 147 41
251 132 31
252 140 37
253 143 34
254 136 32
255 141 43
256 145 33
257 136 49
258 146 32
259 150 46
260 145 34
261 138 39
262 136 33
263 146 39
264 134 46
265 146 40
266 144 49
267 149 36
268 167 78
269 180 84
270 184 74
271 170 82
272 180 79
273 179 83
274 182 69
275 172 80
276 180 73
277 179 83
278 182 78
279 171 70
280 177 76
281 172 76
282 178 83
283 184 74
284 177 78
285 178 69
286 176 80
287 174 77
288 172 84
289 173 72
290 178 81
291 184 74
292 179 77
293 179 81
294 184 73
295 181 73
296 182 79
297 178 70
298 131 88
299 123 98
300 121 90
301 128 95
302 117 89
303 131 95
304 126 87
305 117 88
306 117 98
307 129 93
308 119 99
309 117 89
310 116 91
311 126 91
312 122 93
313 117 91
314 116 86
315 117 94
316 128 98
317 119 90
318 121 94
319 129 92
320 125 95
321 119 86
322 124 94
323 119 92
324 116 86
325 121 90
326 121 92
327 122 97
328 95 73
329 93 80
330 92 70
331 91 78
332 88 82
333 86 75
334 99 82
335 90 75
336 88 84
337 97 83
338 93 69
339 89 84
340 90 73
341 92 78
342 96 74
343 85 82
344 98 78
345 98 79
346 98 84
347 98 84
348 85 69
349 88 80
350 97 75
351 89 75
352 90 79
353 92 79
354 93 78
355 99 78
356 93 79
357 93 81
358 4 89
359 6 91
360 3 90
361 11 90
362 6 93
363 0 94
364 1 99
365 6 92
366 2 99
367 3 86
368 6 88
369 0 89
370 9 90
371 4 90
372 10 94
373 4 96
374 4 95
375 6 99
376 1 87
377 9 96
378 5 91
379 8 89
380 6 93
381 10 88
382 6 92
383 9 87
384 6 91
385 4 94
386 8 92
387 121 59
388 128 61
389 125 68
390 128 65
391 124 62
392 118 65
393 127 62
394 116 51
395 124 64
396 120 67
397 118 65
398 122 59
399 125 60
400 127 64
401 122 52
402 125 62
403 122 59
404 120 63
405 131 59
406 121 54
407 128 57
408 120 57
409 120 52
410 121 57
411 120 59
412 125 62
413 123 59
414 124 55
415 128 61
416 131 65
417 189 98
418 204 98
419 186 93
420 194 85
421 198 93
422 203 94
423 189 86
424 198 95
425 199 94
426 186 94
427 199 95
428 185 95
429 203 91
430 203 87
431 200 94
432 189 97
433 190 89
434 192 93
435 204 91
436 191 92
437 199 98
438 189 87
439 203 88
440 197 99
441 200 91
442 195 85
443 192 97
444 187 97
445 189 89
446 204 87
447 205 77
448 210 78
449 221 72
450 217 69
451 213 74
452 220 74
453 210 76
454 207 78
455 206 77
456 219 80
457 214 79
458 213 74
459 217 77
460 213 75
461 208 69
462 208 82
463 205 80
464 205 84
465 212 71
466 208 72
467 222 76
468 217 77
469 215 69
470 212 78
471 206 70
472 207 77
473 212 75
474 221 79
475 221 71
476 216 84
477 214 62
478 222 60
479 220 51
480 220 68
481 211 55
482 220 61
483 223 55
484 223 51
485 208 68
486 209 60
487 215 66
488 211 62
489 212 58
490 218 53
491 214 63
492 209 68
493 208 53
494 217 61
495 214 54
496 217 55
497 214 66
498 223 62
499 208 56
500 219 63
501 222 61
502 216 52
503 220 53
504 206 58
505 223 62
506 223 66
507 78 140
508 75 135
509 82 139
510 69 149
511 81 146
512 71 137
513 71 146
514 71 142
515 76 143
516 84 149
517 77 134
518 73 141
519 71 146
520 83 134
521 81 142
522 71 151
523 72 145
524 81 150
525 73 142
526 73 141
527 79 136
528 80 147
529 83 150
530 82 144
531 81 133
532 69 143
533 76 149
534 81 150
535 79 134
536 71 142
537 108 201
538 113 186
539 106 198
540 115 185
541 114 194
542 102 200
543 115 202
544 109 202
545 105 201
546 110 198
547 108 187
548 114 199
549 101 193
550 103 188
551 105 185
552 106 185
553 100 187
554 102 186
555 114 188
556 110 193
557 100 199
558 107 185
559 101 197
560 111 201
561 108 200
562 106 192
563 112 187
564 114 191
565 102 196
566 110 199
567 77 205
568 75 223
569 78 207
570 73 217
571 76 210
572 74 218
573 74 223
574 79 215
575 83 206
576 73 223
577 84 215
578 82 221
579 74 216
580 70 206
581 75 215
582 82 220
583 71 215
584 73 212
585 71 214
586 74 210
587 71 221
588 73 210
589 71 221
590 71 208
591 81 222
592 79 213
593 71 210
594 75 205
595 70 207
596 83 208
597 157 128
598 155 122
599 159 128
600 161 130
601 165 128
602 165 127
603 161 123
604 158 128
605 163 120
606 159 116
607 165 130
608 161 117
609 163 124
610 166 130
611 162 130
612 154 122
613 164 131
614 166 131
615 165 123
616 162 121
617 157 124
618 161 117
619 162 117
620 152 117
621 163 117
622 166 117
623 162 121
624 155 119
625 159 127
626 162 116
627 107 113
628 113 108
629 106 109
630 104 101
631 100 111
632 114 103
633 111 109
634 109 111
635 101 106
636 114 112
637 101 109
638 105 111
639 104 105
640 103 110
641 100 108
642 105 108
643 103 108
644 101 106
645 106 102
646 102 112
647 109 110
648 76 150
649 73 138
650 84 141
651 70 138
652 80 150
653 76 150
654 81 136
655 74 141
656 75 140
657 74 142
658 71 150
659 69 134
660 80 151
661 71 142
662 84 145
663 81 143
664 76 142
665 83 138
666 72 141
667 71 143
668 74 149
669 77 151
670 79 134
671 70 138
672 81 151
673 76 146
674 81 133
675 69 139
676 82 147
677 83 137
678 78 82
679 76 72
680 78 75
681 82 74
682 76 83
683 82 78
684 78 70
685 72 76
686 79 77
687 80 76
688 69 79
689 71 69
690 71 83
691 71 82
692 71 72
693 78 79
694 82 76
695 84 73
696 70 76
697 2 182
698 11 173
699 2 179
700 10 177
701 11 170
702 10 183
703 5 174
704 0 182
705 10 184
706 7 184
707 9 170
708 4 172
709 11 176
710 8 171
711 10 170
712 7 172
713 1 170
714 10 171
715 11 178
716 6 169
717 10 174
718 8 175
719 2 169
720 10 174
721 0 174
722 3 180
723 5 175
724 3 172
725 10 182
726 133 123
727 136 123
728 151 126
729 143 128
730 151 131
731 141 120
732 132 118
733 140 124
734 135 126
735 146 126
736 147 124
737 142 117
738 133 121
739 143 131
740 148 124
741 149 127
742 138 128
743 147 119
744 150 121
745 134 125
746 146 128
747 141 122
748 142 124
749 135 119
750 138 119
751 148 129
752 150 116
753 137 121
754 135 121
755 137 120
756 185 165
757 202 161
758 196 159
759 196 165
760 199 156
761 204 153
762 203 164
763 200 164
764 195 153
765 191 156
766 202 158
767 189 161
768 202 155
769 196 165
770 204 155
771 191 153
772 204 165
773 199 156
774 185 152
775 197 163
776 186 163
777 189 161
778 202 154
779 196 164
780 193 153
781 200 160
782 191 165
783 193 161
784 192 163
785 200 159
786 9 174
787 4 173
788 5 174
789 3 182
790 10 182
791 0 172
792 2 167
793 5 174
794 8 176
795 6 169
796 10 180
797 4 181
798 0 182
799 6 170
800 4 179
801 0 177
802 6 177
803 6 175
804 11 177
805 4 176
806 8 170
807 0 168
808 11 174
809 1 168
810 7 181
811 7 177
812 0 175
813 156 155
814 160 158
815 159 154
816 160 162
817 164 154
818 164 158
819 160 165
820 163 166
821 153 155
822 152 156
823 154 156
824 162 160
825 166 159
826 152 160
827 165 160
828 166 163
829 153 159
830 158 152
831 164 159
832 157 154
833 165 153
834 159 166
835 15 149
836 24 150
837 23 139
838 22 147
839 16 133
840 17 137
841 15 132
842 23 136
843 27 138
844 18 149
845 14 149
846 13 148
847 21 132
848 12 133
849 17 145
850 16 151
851 23 144
852 14 149
853 20 134
854 16 140
855 29 139
856 26 142
857 25 140
858 30 151
859 21 148
860 13 136
861 27 141
862 20 132
863 15 136
864 24 141
865 117 55
866 126 59
867 124 65
868 123 56
869 119 66
870 130 65
871 122 58
872 131 64
873 128 53
874 128 52
875 123 51
876 129 52
877 130 66
878 129 68
879 125 56
880 116 63
881 117 59
882 125 67
883 129 65
884 117 59
885 126 56
886 120 52
887 128 62
888 122 62
889 129 62
890 130 52
891 120 57
892 118 56
893 131 58
894 122 61
895 179 163
896 174 159
897 179 154
898 172 156
899 182 156
900 182 166
901 183 155
902 172 159
903 167 155
904 180 166
905 167 156
906 171 156
907 175 159
908 176 163
909 182 158
910 180 165
911 167 165
912 177 156
913 180 153
914 167 154
915 172 162
916 180 152
917 180 160
918 173 152
919 183 166
920 168 153
921 183 153
922 167 160
923 181 153
924 182 161
925 152 79
926 158 79
927 164 74
928 154 80
929 166 80
930 164 79
931 157 78
932 166 73
933 160 70
934 152 83
935 157 80
936 163 71
937 158 72
938 156 74
939 162 73
940 152 82
941 156 73
942 166 71
943 166 77
944 158 73
945 152 70
946 158 75
947 160 75
948 158 82
949 156 74
950 159 73
951 166 80
952 157 81
953 158 74
954 165 73
955 35 72
956 36 82
957 31 81
958 32 72
959 41 81
960 38 79
961 48 79
962 38 72
963 44 84
964 33 75
965 43 82
966 43 78
967 33 73
968 42 70
969 44 84
970 31 78
971 43 83
972 37 69
973 46 80
974 47 74
975 38 71
976 33 79
977 44 73
978 47 82
979 49 82
980 33 71
981 38 77
982 45 81
983 33 71
984 50 75
985 52 124
986 59 122
987 64 131
988 66 129
989 59 117
990 67 116
991 62 119
992 65 119
993 58 124
994 64 119
995 58 128
996 65 129
997 56 127
998 61 130
999 52 119
1000 55 120
1001 55 121
1002 63 116
1003 60 131
1004 66 122
1005 61 116
1006 60 125
1007 68 126
1008 68 124
1009 58 124
1010 63 116
1011 61 120
1012 66 126
1013 53 125
1014 58 122
1015 0 46
1016 6 41
1017 8 39
1018 4 48
1019 0 39
1020 1 43
1021 7 50
1022 4 45
1023 5 41
1024 0 49
1025 9 49
1026 4 43
1027 2 36
1028 6 41
1029 1 32
1030 8 39
1031 5 46
1032 5 44
1033 6 35
1034 6 33
1035 11 48
1036 1 39
1037 8 32
1038 10 40
1039 7 49
1040 8 40
1041 7 36
1042 1 39
1043 4 48
1044 6 49
1045 82 126
1046 80 130
1047 80 118
1048 79 131
1049 81 121
1050 69 119
1051 71 126
1052 81 126
1053 82 120
1054 71 129
1055 82 131
1056 84 128
1057 77 124
1058 74 119
1059 70 127
1060 75 129
1061 81 127
1062 79 131
1063 69 116
1064 80 128
1065 73 128
1066 76 122
1067 76 130
1068 75 129
1069 76 131
1070 76 128
1071 79 124
1072 81 131
1073 83 121
1074 83 118
1075 109 163
1076 108 154
1077 107 158
1078 106 155
1079 103 158
1080 101 152
1081 110 155
1082 114 166
1083 111 165
1084 109 156
1085 104 166
1086 102 158
1087 108 153
1088 114 156
1089 106 153
1090 102 152
1091 107 152
1092 102 163
1093 113 164
1094 111 154
1095 114 157
1096 115 165
1097 115 161
1098 113 162
1099 113 153
1100 101 154
1101 103 159
1102 102 152
1103 112 155
1104 101 164
1105 113 73
1106 103 78
1107 107 79
1108 113 83
1109 115 74
1110 111 75
1111 106 69
1112 109 78
1113 108 71
1114 114 80
1115 106 69
1116 104 70
1117 113 72
1118 100 71
1119 107 73
1120 115 78
1121 104 70
1122 105 77
1123 100 83
1124 111 79
1125 107 80
1126 103 84
1127 103 77
1128 113 82
1129 101 73
1130 105 71
1131 114 77
1132 108 80
1133 107 74
1134 111 69
1135 24 1
1136 16 11
1137 18 0
1138 20 10
1139 27 6
1140 23 3
1141 19 0
1142 22 0
1143 26 5
1144 18 2
1145 18 0
1146 19 11
1147 15 1
1148 26 2
1149 28 7
1150 30 10
1151 18 11
1152 14 6
1153 29 5
1154 20 4
1155 21 2
1156 26 1
1157 14 2
1158 24 7
1159 27 6
1160 24 5
1161 17 5
1162 20 1
1163 27 11
1164 47 9
1165 45 6
1166 40 11
1167 35 8
1168 43 9
1169 47 4
1170 41 1
1171 42 7
1172 36 8
1173 38 0
1174 47 1
1175 46 3
1176 39 8
1177 50 0
1178 39 8
1179 42 7
1180 44 8
1181 41 7
1182 41 8
1183 44 3
1184 50 4
1185 31 0
1186 41 0
1187 48 7
1188 46 3
1189 40 7
1190 39 2
1191 48 3
1192 34 0
1193 48 9
1194 183 91
1195 168 95
1196 171 93
1197 177 87
1198 184 97
1199 182 91
1200 175 95
1201 182 97
1202 178 90
1203 184 96
1204 182 92
1205 178 93
1206 182 94
1207 168 99
1208 179 89
1209 182 94
1210 178 86
1211 170 93
1212 178 86
1213 169 87
1214 176 88
1215 177 93
1216 175 85
1217 184 99
1218 169 96
1219 168 90
1220 175 97
1221 168 95
1222 173 93
1223 170 93
1224 4 118
1225 4 118
1226 5 122
1227 5 127
1228 6 123
1229 3 127
1230 1 121
1231 7 127
1232 1 130
1233 4 118
1234 0 122
1235 11 117
1236 11 131
1237 9 130
1238 3 118
1239 5 126
1240 10 126
1241 4 121
1242 5 128
1243 8 131
1244 0 123
1245 9 117
1246 11 124
1247 9 123
1248 1 119
1249 1 117
1250 7 129
1251 0 119
1252 9 128
1253 41 141
1254 36 136
1255 38 139
1256 44 138
1257 42 142
1258 34 146
1259 48 151
1260 43 145
1261 42 145
1262 47 138
1263 41 137
1264 39 151
1265 39 143
1266 32 135
1267 35 145
1268 40 151
1269 47 138
1270 32 142
1271 48 149
1272 45 140
1273 40 147
1274 50 140
1275 36 150
1276 48 138
1277 32 148
1278 42 145
1279 50 143
1280 38 133
1281 43 146
1282 43 137
1283 71 92
1284 69 95
1285 79 88
1286 80 98
1287 76 98
1288 71 92
1289 74 98
1290 77 91
1291 79 89
1292 79 86
1293 72 91
1294 81 96
1295 81 96
1296 79 91
1297 73 85
1298 84 87
1299 69 87
1300 71 85
1301 69 95
1302 70 93
1303 74 88
1304 70 91
1305 73 91
1306 73 92
1307 71 89
1308 78 98
1309 76 92
1310 74 97
1311 69 96
1312 73 86
1313 73 96
1314 75 97
1315 70 95
1316 74 87
1317 71 96
1318 84 87
1319 77 99
1320 74 97
1321 74 94
1322 84 98
1323 73 89
1324 83 85
1325 72 97
1326 79 99
1327 84 96
1328 79 88
1329 83 87
1330 84 91
1331 70 91
1332 78 99
1333 74 96
1334 79 93
1335 78 87
1336 77 89
1337 78 91
1338 77 96
1339 71 92
1340 83 95
1341 76 98
1342 72 87
1343 94 70
1344 92 82
1345 99 70
1346 88 72
1347 86 78
1348 96 76
1349 97 79
1350 97 80
1351 86 69
1352 95 69
1353 86 79
1354 99 80
1355 98 79
1356 98 75
1357 85 69
1358 90 84
1359 98 77
1360 93 79
1361 99 70
1362 99 69
1363 93 78
1364 87 83
1365 96 82
1366 97 71
1367 93 71
1368 86 78
1369 92 69
1370 90 78
1371 85 81
1372 89 77
1373 158 145
1374 160 134
1375 152 145
1376 160 133
1377 159 138
1378 159 151
1379 166 138
1380 163 136
1381 154 151
1382 163 132
1383 154 149
1384 162 134
1385 160 139
1386 152 148
1387 161 148
1388 165 136
1389 155 137
1390 165 149
1391 152 140
1392 158 134
1393 154 143
1394 155 142
1395 156 137
1396 164 133
1397 164 135
1398 152 144
1399 153 134
1400 161 136
1401 156 148
1402 164 150
1403 194 151
1404 199 142
1405 203 139
1406 202 151
1407 194 137
1408 201 149
1409 187 150
1410 195 142
1411 197 142
1412 204 149
1413 186 146
1414 191 132
1415 201 151
1416 191 149
1417 196 148
1418 198 132
1419 193 142
1420 192 138
1421 195 134
1422 191 140
1423 202 149
1424 191 144
1425 190 134
1426 200 145
1427 204 143
1428 187 146
1429 189 132
1430 197 141
1431 202 136
1432 189 139
1433 203 32
1434 203 33
1435 198 46
1436 187 37
1437 196 35
1438 194 38
1439 200 40
1440 204 36
1441 195 47
1442 190 43
1443 187 32
1444 190 37
1445 190 47
1446 189 49
1447 201 35
1448 193 35
1449 194 43
1450 196 41
1451 191 37
1452 201 40
1453 200 44
1454 188 43
1455 202 39
1456 200 41
1457 201 49
1458 185 38
1459 200 46
1460 194 33
1461 186 45
1462 186 49
1463 88 121
1464 89 125
1465 90 120
1466 94 120
1467 92 131
1468 87 118
1469 93 116
1470 88 117
1471 96 121
1472 94 130
1473 99 116
1474 90 130
1475 91 122
1476 93 131
1477 90 117
1478 97 131
1479 87 120
1480 95 120
1481 88 129
1482 92 130
1483 91 128
1484 86 129
1485 91 117
1486 86 131
1487 96 121
1488 94 121
1489 86 126
1490 94 118
1491 87 116
1492 98 119
1493 164 134
1494 156 150
1495 165 142
1496 157 136
1497 163 138
1498 160 144
1499 160 146
1500 163 149
1501 165 148
1502 157 132
1503 159 140
1504 162 141
1505 160 139
1506 159 151
1507 154 150
1508 161 139
1509 165 139
1510 166 150
1511 163 144
1512 152 132
1513 157 132
1514 153 148
1515 166 149
1516 153 146
1517 159 135
1518 159 145
1519 160 136
1520 164 132
1521 164 141
1522 164 139
1523 155 75
1524 152 83
1525 160 70
1526 165 76
1527 162 80
1528 155 70
1529 163 72
1530 154 69
1531 164 84
1532 163 78
1533 152 69
1534 164 83
1535 166 71
1536 160 69
1537 159 77
1538 161 72
1539 158 81
1540 156 73
1541 165 84
1542 162 83
1543 155 81
1544 154 70
1545 166 77
1546 154 79
1547 164 78
1548 160 69
1549 155 74
1550 157 84
1551 153 74
1552 166 73
1553 194 145
1554 186 150
1555 199 149
1556 198 142
1557 197 137
1558 202 141
1559 187 143
1560 200 150
1561 203 140
1562 201 135
1563 188 135
1564 191 148
1565 199 140
1566 200 147
1567 200 138
1568 197 138
1569 192 137
1570 185 137
1571 193 139
1572 197 136
1573 201 151
1574 196 138
1575 186 138
1576 190 137
1577 204 143
1578 190 143
1579 198 134
1580 198 139
1581 199 139
1582 203 146
1583 0 173
1584 1 169
1585 9 177
1586 6 171
1587 9 177
1588 6 174
1589 6 177
1590 11 171
1591 5 168
1592 0 168
1593 4 184
1594 5 174
1595 7 174
1596 6 174
1597 2 173
1598 2 175
1599 0 184
1600 2 175
1601 4 176
1602 0 170
1603 7 174
1604 6 172
1605 8 183
1606 7 172
1607 11 178
1608 76 56
1609 70 53
1610 84 52
1611 69 57
1612 78 62
1613 82 55
1614 75 57
1615 75 58
1616 82 60
1617 76 62
1618 72 54
1619 74 66
1620 73 55
1621 73 60
1622 81 56
1623 80 54
1624 76 55
1625 76 58
1626 80 62
1627 72 57
1628 71 51
1629 74 61
1630 74 53
1631 76 55
1632 76 62
1633 74 64
1634 74 58
1635 80 54
1636 76 51
1637 79 65
1638 44 164
1639 41 164
1640 34 154
1641 35 157
1642 50 156
1643 37 165
1644 39 157
1645 43 155
1646 35 157
1647 40 158
1648 45 165
1649 44 157
1650 44 163
1651 38 153
1652 37 166
1653 48 162
1654 47 159
1655 37 155
1656 41 166
1657 44 154
1658 40 152
1659 31 153
1660 31 162
1661 42 157
1662 39 160
1663 31 165
1664 44 152
1665 50 160
1666 39 154
1667 46 155
1668 189 139
1669 195 149
1670 201 150
1671 191 134
1672 200 136
1673 188 138
1674 195 132
1675 194 149
1676 193 136
1677 195 140
1678 188 141
1679 189 148
1680 197 143
1681 198 135
1682 187 142
1683 187 139
1684 193 145
1685 195 146
1686 185 136
1687 199 142
1688 188 137
1689 190 144
1690 189 146
1691 199 139
1692 202 132
1693 185 148
1694 196 132
1695 188 148
1696 193 148
1697 196 133
1698 193 174
1699 204 178
1700 202 177
1701 192 169
1702 203 183
1703 188 171
1704 204 178
1705 185 176
1706 196 170
1707 187 172
1708 202 171
1709 192 171
1710 186 174
1711 191 173
1712 202 172
1713 190 184
1714 200 168
1715 196 177
1716 189 171
1717 196 175
1718 197 173
1719 187 171
1720 186 172
1721 203 168
1722 202 183
1723 197 169
1724 193 180
1725 196 174
1726 193 172
1727 189 183
1728 61 180
1729 55 168
1730 54 167
1731 56 172
1732 59 173
1733 59 172
1734 58 183
1735 66 174
1736 57 180
1737 67 177
1738 68 175
1739 61 174
1740 57 181
1741 62 183
1742 54 183
1743 58 173
1744 55 171
1745 66 169
1746 54 167
1747 59 183
1748 59 183
1749 54 183
1750 65 170
1751 56 182
1752 61 179
1753 58 184
1754 57 178
1755 62 178
1756 60 179
1757 54 176
1758 115 10
1759 107 6
1760 104 10
1761 105 3
1762 115 3
1763 111 7
1764 105 6
1765 101 1
1766 106 1
1767 114 10
1768 114 1
1769 114 5
1770 103 7
1771 103 6
1772 114 6
1773 106 2
1774 111 8
1775 104 2
1776 108 5
1777 104 1
1778 104 5
1779 106 8
1780 108 2
1781 108 11
1782 110 1
1783 112 1
1784 100 4
1785 115 3
1786 109 9
1787 106 7
1788 159 184
1789 156 174
1790 161 173
1791 162 184
1792 158 178
1793 164 174
1794 155 175
1795 156 180
1796 153 170
1797 154 173
1798 158 171
1799 160 170
1800 154 180
1801 152 175
1802 153 180
1803 152 168
1804 161 171
1805 162 172
1806 155 182
1807 160 182
1808 159 168
1809 161 176
1810 161 169
1811 161 184
1812 164 173
1813 155 173
1814 153 177
1815 153 167
1816 161 174
1817 154 168
1818 33 29
1819 46 21
1820 34 24
1821 31 30
1822 34 27
1823 32 13
1824 36 18
1825 36 21
1826 45 23
1827 46 21
1828 36 23
1829 42 15
1830 41 22
1831 38 15
1832 49 17
1833 32 28
1834 39 20
1835 42 20
1836 41 30
1837 37 12
1838 38 20
1839 47 28
1840 31 28
1841 47 22
1842 41 25
1843 49 23
1844 46 18
1845 37 28
1846 48 22
1847 44 16
1848 90 143
1849 94 135
1850 94 136
1851 99 151
1852 85 138
1853 89 135
1854 87 146
1855 93 137
1856 93 136
1857 89 144
1858 88 132
1859 98 148
1860 92 151
1861 96 146
1862 92 141
1863 88 133
1864 92 142
1865 86 134
1866 99 138
1867 90 144
1868 92 138
1869 93 144
1870 90 138
1871 88 141
1872 89 148
1873 88 137
1874 89 133
1875 91 149
1876 92 149
1877 97 132
1878 111 116
1879 107 127
1880 108 120
1881 109 130
1882 103 118
1883 105 124
1884 104 121
1885 105 116
1886 108 129
1887 108 120
1888 102 120
1889 112 123
1890 110 128
1891 100 121
1892 105 125
1893 113 119
1894 100 117
1895 107 123
1896 113 128
1897 113 116
1898 111 117
1899 112 124
1900 115 118
1901 109 127
1902 100 122
1903 100 126
1904 108 124
1905 110 119
1906 113 125
1907 102 129
1908 189 125
1909 186 116
1910 195 121
1911 191 125
1912 187 129
1913 187 126
1914 194 125
1915 196 119
1916 186 119
1917 186 123
1918 191 119
1919 188 123
1920 194 124
1921 204 131
1922 198 129
1923 203 117
1924 191 120
1925 193 124
1926 199 121
1927 201 126
1928 202 125
1929 197 123
1930 204 118
1931 201 128
1932 203 116
1933 187 116
1934 194 123
1935 191 131
1936 191 123
1937 193 121
1938 186 103
1939 202 102
1940 196 104
1941 189 114
1942 203 111
1943 189 109
1944 192 107
1945 200 115
1946 191 110
1947 203 100
1948 201 103
1949 196 115
1950 203 107
1951 196 103
1952 199 108
1953 195 114
1954 187 108
1955 199 102
1956 190 105
1957 190 112
1958 188 103
1959 188 100
1960 197 103
1961 186 101
1962 193 115
1963 189 114
1964 192 103
1965 188 105
1966 189 105
1967 185 104
1968 14 208
1969 24 220
1970 26 211
1971 13 221
1972 20 209
1973 21 217
1974 24 215
1975 15 206
1976 27 209
1977 14 214
1978 18 217
1979 26 215
1980 13 219
1981 24 208
1982 13 218
1983 17 205
1984 14 207
1985 24 219
1986 21 216
1987 22 221
1988 22 208
1989 24 214
1990 23 223
1991 24 221
1992 12 217
1993 22 216
1994 22 216
1995 14 205
1996 22 218
1997 29 212
1998 40 88
1999 32 99
2000 49 95
2001 43 88
2002 38 88
2003 36 86
2004 39 85
2005 46 97
2006 37 89
2007 39 87
2008 44 89
2009 48 99
2010 46 97
2011 41 86
2012 34 91
2013 43 97
2014 39 94
2015 41 93
2016 36 96
2017 50 98
2018 45 90
2019 36 97
2020 43 86
2021 31 99
2022 35 86
2023 44 86
2024 41 95
2025 38 86
2026 47 85
2027 49 96
2028 106 14
2029 103 24
2030 111 24
2031 106 25
2032 114 27
2033 107 24
2034 108 12
2035 100 30
2036 115 17
2037 100 15
2038 111 26
2039 102 19
2040 112 25
2041 105 28
2042 101 28
2043 106 26
2044 105 20
2045 107 15
2046 103 17
2047 106 12
2048 112 30
2049 108 28
2050 101 15
2051 110 17
2052 104 24
2053 110 13
2054 108 28
2055 108 13
2056 101 24
2057 110 23
2058 116 100
2059 121 101
2060 119 110
2061 128 113
2062 130 107
2063 121 103
2064 129 111
2065 125 111
2066 127 102
2067 124 104
2068 131 115
2069 119 102
2070 117 103
2071 117 105
2072 119 106
2073 125 110
2074 129 104
2075 116 104
2076 119 109
2077 124 107
2078 118 110
2079 126 113
2080 130 103
2081 118 115
2082 117 108
2083 128 104
2084 117 104
2085 125 113
2086 130 109
2087 131 112
2088 125 42
2089 116 39
2090 116 43
2091 131 35
2092 125 33
2093 125 40
2094 130 32
2095 130 36
2096 127 32
2097 130 36
2098 131 39
2099 119 32
2100 120 43
2101 123 45
2102 126 40
2103 128 44
2104 118 46
2105 131 37
2106 118 40
2107 118 34
2108 128 44
2109 116 39
2110 131 31
2111 121 36
2112 124 46
2113 123 42
2114 118 39
2115 116 35
2116 123 33
2117 126 49
2118 16 86
2119 14 98
2120 20 93
2121 17 89
2122 23 88
2123 12 96
2124 17 99
2125 27 87
2126 13 95
2127 22 99
2128 14 85
2129 15 94
2130 20 90
2131 15 86
2132 22 86
2133 15 91
2134 26 98
2135 24 87
2136 12 85
2137 24 94
2138 30 88
2139 14 97
2140 15 86
2141 16 95
2142 12 86
2143 12 90
2144 22 86
2145 17 85
2146 15 99
2147 18 87
2148 123 99
2149 118 89
2150 126 97
2151 122 89
2152 123 97
2153 128 99
2154 131 87
2155 129 93
2156 118 99
2157 119 91
2158 129 98
2159 123 98
2160 123 85
2161 118 96
2162 130 97
2163 126 95
2164 121 92
2165 116 91
2166 127 94
2167 128 89
2168 117 96
2169 119 95
2170 117 89
2171 123 90
2172 128 90
2173 120 97
2174 120 93
2175 118 93
2176 127 89
2177 129 90
2178 90 74
2179 92 78
2180 88 74
2181 99 73
2182 93 75
2183 85 79
2184 98 79
2185 91 72
2186 97 70
2187 95 77
2188 98 75
2189 92 75
2190 90 71
2191 86 83
2192 98 80
2193 89 74
2194 98 83
2195 88 75
2196 93 77
2197 93 70
2198 86 83
2199 88 69
2200 98 75
2201 85 73
2202 91 73
2203 90 82
2204 97 79
2205 96 79
2206 85 74
2207 92 72
2208 72 49
2209 76 46
2210 72 47
2211 84 34
2212 80 45
2213 69 40
2214 77 38
2215 77 38
2216 77 35
2217 75 32
2218 74 48
2219 83 31
2220 74 42
2221 78 32
2222 83 44
2223 73 36
2224 71 35
2225 78 48
2226 71 36
2227 71 44
2228 79 49
2229 73 32
2230 76 43
2231 80 46
2232 76 38
2233 83 31
2234 84 46
2235 84 46
2236 77 50
2237 72 44
2238 192 40
2239 191 41
2240 199 35
2241 186 50
2242 201 36
2243 191 50
2244 203 49
2245 203 39
2246 204 44
2247 203 35
2248 203 40
2249 186 43
2250 197 46
2251 204 50
2252 187 49
2253 190 33
2254 198 41
2255 186 39
2256 194 40
2257 203 49
2258 204 47
2259 203 37
2260 201 35
2261 204 45
2262 188 31
2263 195 47
2264 192 41
2265 188 34
2266 192 45
2267 200 31
2268 177 204
2269 179 199
2270 172 203
2271 168 203
2272 170 194
2273 176 195
2274 178 196
2275 182 195
2276 169 200
2277 182 197
2278 174 195
2279 178 201
2280 173 204
2281 167 188
2282 170 190
2283 173 199
2284 167 191
2285 173 199
2286 179 188
2287 182 202
2288 169 186
2289 174 200
2290 168 204
2291 171 192
2292 174 193
2293 184 194
2294 174 196
2295 184 192
2296 168 186
2297 175 204
2298 4 106
2299 8 109
2300 8 115
2301 5 104
2302 5 105
2303 0 113
2304 3 107
2305 1 113
2306 5 109
2307 8 112
2308 0 108
2309 5 101
2310 10 104
2311 1 109
2312 7 111
2313 2 113
2314 6 111
2315 6 113
2316 11 115
2317 2 113
2318 4 111
2319 4 105
2320 2 103
2321 1 101
2322 1 106
2323 3 106
2324 6 100
2325 5 104
2326 9 111
2327 51 191
2328 55 191
2329 68 188
2330 66 197
2331 64 197
2332 57 188
2333 54 198
2334 58 198
2335 66 188
2336 64 189
2337 61 195
2338 58 191
2339 54 195
2340 61 191
2341 62 194
2342 59 203
2343 63 191
2344 51 189
2345 59 199
2346 56 194
2347 57 198
2348 57 197
2349 60 196
2350 63 190
2351 66 191
2352 68 204
2353 60 186
2354 58 187
2355 52 201
2356 62 192
2357 56 191
2358 59 188
2359 58 193
2360 51 200
2361 61 195
2362 54 197
2363 66 199
2364 54 196
2365 54 187
2366 60 200
2367 62 203
2368 67 191
2369 52 196
2370 62 189
2371 54 189
2372 65 202
2373 54 198
2374 60 203
2375 58 190
2376 66 190
2377 60 200
2378 51 186
2379 51 188
2380 56 195
2381 64 200
2382 60 202
2383 54 202
2384 56 197
2385 53 192
2386 63 192
2387 48 74
2388 32 82
2389 47 77
2390 35 74
2391 31 78
2392 50 74
2393 34 70
2394 35 73
2395 39 73
2396 45 84
2397 31 83
2398 41 75
2399 41 81
2400 41 78
2401 37 82
2402 39 72
2403 32 81
2404 43 78
2405 35 81
2406 43 69
2407 40 77
2408 46 69
2409 44 69
2410 46 82
2411 44 71
2412 32 78
2413 41 77
2414 38 83
2415 31 72
2416 47 80
2417 198 163
2418 193 164
2419 202 163
2420 199 163
2421 199 156
2422 186 155
2423 189 165
2424 192 158
2425 197 165
2426 189 165
2427 190 165
2428 202 161
2429 189 161
2430 200 161
2431 189 160
2432 194 157
2433 193 158
2434 204 164
2435 186 154
2436 190 153
2437 189 159
2438 203 165
2439 201 156
2440 190 166
2441 188 157
2442 187 155
2443 201 156
2444 201 160
2445 185 154
2446 193 161
2447 48 107
2448 47 104
2449 32 100
2450 36 114
2451 32 103
2452 32 101
2453 46 104
2454 46 106
2455 49 112
2456 34 105
2457 34 113
2458 46 115
2459 50 115
2460 41 115
2461 37 101
2462 41 104
2463 35 113
2464 31 111
2465 33 115
2466 48 102
2467 42 101
2468 32 100
2469 45 106
2470 39 112
2471 35 106
2472 37 113
2473 39 113
2474 36 115
2475 50 111
2476 38 113
2477 45 134
2478 39 150
2479 47 132
2480 34 139
2481 41 141
2482 40 132
2483 49 147
2484 31 150
2485 47 140
2486 49 141
2487 41 148
2488 40 147
2489 47 137
2490 36 144
2491 41 150
2492 50 136
2493 37 139
2494 50 150
2495 46 151
2496 48 136
2497 46 148
2498 41 149
2499 41 142
2500 40 134
2501 38 137
2502 31 148
2503 31 140
2504 40 133
2505 39 134
2506 49 135
2507 166 115
2508 159 100
2509 156 105
2510 162 113
2511 152 103
2512 159 113
2513 157 115
2514 158 105
2515 157 108
2516 159 102
2517 153 107
2518 161 105
2519 161 102
2520 166 115
2521 152 112
2522 157 113
2523 163 112
2524 152 114
2525 163 111
2526 160 101
2527 166 106
2528 157 104
2529 155 113
2530 163 114
2531 166 101
2532 164 101
2533 161 110
2534 161 112
2535 156 104
2536 156 115
2537 186 32
2538 203 40
2539 196 35
2540 191 38
2541 195 47
2542 185 40
2543 198 43
2544 188 42
2545 186 35
2546 199 43
2547 201 48
2548 195 41
2549 192 37
2550 186 49
2551 203 37
2552 186 50
2553 200 40
2554 190 46
2555 203 42
2556 195 35
2557 196 45
2558 202 47
2559 196 40
2560 193 44
2561 191 43
2562 190 46
2563 196 42
2564 187 40
2565 192 37
2566 195 40
2567 98 161
2568 88 165
2569 90 160
2570 92 160
2571 93 159
2572 90 160
2573 87 157
2574 90 162
2575 99 166
2576 89 166
2577 99 166
2578 89 161
2579 89 158
2580 86 162
2581 99 157
2582 87 156
2583 93 153
2584 99 164
2585 94 154
2586 99 159
2587 86 153
2588 87 159
2589 99 160
2590 90 166
2591 96 162
2592 89 164
2593 85 162
2594 97 163
2595 96 156
2596 89 158
2597 181 220
2598 169 214
2599 168 214
2600 168 215
2601 168 222
2602 176 205
2603 167 208
2604 176 214
2605 176 215
2606 175 222
2607 174 216
2608 184 209
2609 182 205
2610 169 209
2611 174 218
2612 177 212
2613 176 206
2614 181 212
2615 180 222
2616 174 221
2617 175 205
2618 169 216
2619 180 211
2620 169 219
2621 182 220
2622 181 221
2623 183 212
2624 180 210
2625 183 211
2626 172 210
2627 162 200
2628 152 194
2629 166 187
2630 159 190
2631 152 201
2632 156 186
2633 154 201
2634 152 191
2635 162 203
2636 153 199
2637 159 194
2638 156 199
2639 157 189
2640 153 202
2641 161 187
2642 163 204
2643 159 201
2644 157 189
2645 164 195
2646 156 190
2647 156 197
2648 157 192
2649 160 204
2650 166 198
2651 154 190
2652 165 198
2653 152 189
2654 154 202
2655 160 190
2656 166 189
2657 49 99
2658 42 92
2659 42 96
2660 33 94
2661 43 85
2662 35 93
2663 35 91
2664 41 93
2665 41 87
2666 39 93
2667 35 90
2668 32 99
2669 44 93
2670 47 87
2671 49 91
2672 45 92
2673 36 90
2674 34 95
2675 34 87
2676 42 99
2677 31 87
2678 41 99
2679 42 95
2680 48 85
2681 45 88
2682 38 98
2683 33 91
2684 48 99
2685 46 88
2686 44 95
2687 194 211
2688 204 220
2689 200 217
2690 200 207
2691 197 213
2692 185 219
2693 204 208
2694 197 215
2695 197 215
2696 189 211
2697 196 209
2698 191 210
2699 185 206
2700 197 222
2701 189 219
2702 190 216
2703 202 215
2704 203 223
2705 199 206
2706 203 222
2707 204 211
2708 191 219
2709 198 214
2710 203 207
2711 188 213
2712 188 218
2713 190 216
2714 187 218
2715 187 212
2716 199 210
2717 211 158
2718 208 161
2719 208 161
2720 211 161
2721 210 164
2722 220 152
2723 209 164
2724 205 157
2725 216 152
2726 218 154
2727 207 162
2728 221 155
2729 207 154
2730 207 158
2731 222 156
2732 223 157
2733 217 165
2734 212 159
2735 206 160
2736 214 166
2737 209 160
2738 206 165
2739 206 153
2740 217 153
2741 210 158
2742 210 155
2743 213 166
2744 207 164
2745 212 164
2746 209 159
2747 77 53
2748 75 52
2749 78 59
2750 79 61
2751 82 61
2752 72 62
2753 72 64
2754 83 64
2755 73 59
2756 69 62
2757 75 67
2758 78 52
2759 83 51
2760 69 51
2761 70 57
2762 78 61
2763 69 52
2764 84 59
2765 75 60
2766 72 59
2767 72 60
2768 77 54
2769 73 52
2770 84 64
2771 83 59
2772 84 54
2773 81 64
2774 80 57
2775 81 60
2776 69 56
2777 207 123
2778 217 125
2779 209 128
2780 217 127
2781 221 126
2782 209 129
2783 206 123
2784 214 122
2785 220 126
2786 215 124
2787 213 122
2788 221 130
2789 220 121
2790 219 119
2791 223 129
2792 205 131
2793 221 128
2794 215 122
2795 215 118
2796 208 124
2797 218 127
2798 219 116
2799 205 117
2800 218 121
2801 208 123
2802 211 119
2803 214 125
2804 212 120
2805 215 130
2806 205 118
2807 92 205
2808 92 205
2809 95 221
2810 91 216
2811 96 205
2812 92 217
2813 90 223
2814 86 209
2815 98 210
2816 86 212
2817 95 220
2818 99 214
2819 92 222
2820 89 216
2821 89 218
2822 97 221
2823 88 206
2824 89 215
2825 97 205
2826 93 222
2827 91 219
2828 88 209
2829 88 207
2830 87 217
2831 95 219
2832 89 210
2833 96 213
2834 91 214
2835 87 219
2836 92 220
2837 140 28
2838 146 28
2839 135 24
2840 141 27
2841 147 25
2842 137 26
2843 151 12
2844 133 27
2845 132 12
2846 136 30
2847 147 29
2848 149 17
2849 133 17
2850 150 23
2851 139 26
2852 138 17
2853 133 16
2854 144 16
2855 140 19
2856 150 27
2857 145 23
2858 140 19
2859 134 12
2860 147 16
2861 142 25
2862 143 21
2863 147 22
2864 148 17
2865 140 15
2866 143 17
2867 186 126
2868 187 117
2869 197 130
2870 185 117
2871 199 119
2872 201 124
2873 189 131
2874 186 123
2875 186 130
2876 189 117
2877 196 126
2878 185 120
2879 189 130
2880 192 122
2881 188 122
2882 195 123
2883 193 123
2884 198 127
2885 186 129
2886 194 117
2887 189 117
2888 197 129
2889 203 120
2890 192 130
2891 202 117
2892 201 129
2893 194 119
2894 189 127
2895 187 123
2896 197 124
2897 166 33
2898 166 31
2899 165 45
2900 156 45
2901 163 45
2902 159 41
2903 163 33
2904 156 50
2905 163 40
2906 156 44
2907 160 41
2908 152 31
2909 157 49
2910 166 33
2911 153 40
2912 163 44
2913 163 38
2914 152 40
2915 155 48
2916 165 47
2917 163 36
2918 166 48
2919 162 46
2920 165 45
2921 160 42
2922 160 44
2923 164 48
2924 158 42
2925 163 34
2926 161 48
2927 51 111
2928 52 105
2929 56 103
2930 61 102
2931 51 105
2932 61 114
2933 56 104
2934 59 105
2935 66 108
2936 62 102
2937 60 112
2938 57 100
2939 61 107
2940 68 115
2941 58 106
2942 67 110
2943 68 110
2944 62 110
2945 55 113
2946 54 112
2947 54 106
2948 57 110
2949 68 113
2950 56 113
2951 65 110
2952 52 102
2953 65 104
2954 58 104
2955 64 104
2956 53 106
