249 271 10 2937
0 8
1 6
2 11
3 9
4 7
5 12
6 8
7 6
8 5
9 7
10 7
11 7
12 5
13 4
14 3
15 3
16 3
17 3
18 4
19 5
20 3
21 3
22 3
23 3
24 4
25 3
26 3
27 3
28 3
29 5
30 4
31 3
32 3
33 3
34 3
35 3
36 3
37 3
38 5
39 6
40 3
41 3
42 3
43 3
44 4
45 3
46 3
47 3
48 4
49 5
50 3
51 3
52 3
53 3
54 3
55 3
56 3
57 3
58 3
59 3
60 4
61 3
62 3
63 4
64 4
65 4
66 3
67 3
68 5
69 3
70 3
71 3
72 4
73 3
74 3
75 3
76 3
77 4
78 3
79 6
80 3
81 3
82 3
83 6
84 3
85 4
86 3
87 3
88 3
89 3
90 3
91 4
92 3
93 3
94 3
95 3
96 3
97 4
98 4
99 3
100 3
101 3
102 5
103 5
104 3
105 3
106 3
107 4
108 5
109 3
110 3
111 3
112 3
113 3
114 3
115 3
116 3
117 5
118 5
119 4
120 3
121 3
122 4
123 3
124 3
125 3
126 3
127 3
128 4
129 5
130 3
131 3
132 3
133 3
134 3
135 3
136 3
137 4
138 5
139 4
140 3
141 4
142 3
143 3
144 3
145 3
146 3
147 3
148 3
149 3
150 4
151 5
152 3
153 4
154 3
155 3
156 3
157 3
158 4
159 3
160 3
161 4
162 3
163 3
164 4
165 3
166 5
167 5
168 3
169 4
170 3
171 3
172 3
173 3
174 4
175 3
176 3
177 4
178 4
179 4
180 3
181 4
182 3
183 3
184 4
185 3
186 4
187 3
188 3
189 3
190 5
191 4
192 3
193 3
194 4
195 3
196 3
197 4
198 4
199 4
200 3
201 4
202 3
203 3
204 3
205 3
206 8
207 3
208 3
209 3
210 3
211 3
212 3
213 3
214 3
215 4
216 3
217 7
218 4
219 3
220 3
221 3
222 3
223 3
224 3
225 3
226 3
227 3
228 3
229 3
230 3
231 3
232 3
233 3
234 4
235 3
236 4
237 3
238 4
239 3
240 5
241 4
242 3
243 6
244 3
245 3
246 3
247 4
248 3
0 0 2
1 0 5
2 0 6
3 0 8
4 0 10
5 0 11
6 0 178
7 1 2
8 1 4
9 1 7
10 1 9
11 2 3
12 2 6
13 2 7
14 2 8
15 2 9
16 2 10
17 2 11
18 2 158
19 3 5
20 3 6
21 3 7
22 3 9
23 3 10
24 3 11
25 3 49
26 4 5
27 4 7
28 4 9
29 4 10
30 4 30
31 5 8
32 5 9
33 5 11
34 5 67
35 5 83
36 5 118
37 5 215
38 6 11
39 6 12
40 6 103
41 7 11
42 8 9
43 8 232
44 9 10
45 10 195
46 11 138
47 12 15
48 12 24
49 12 25
50 13 16
51 13 22
52 13 19
53 14 21
54 14 19
55 17 24
56 18 23
57 18 29
58 19 29
59 20 29
60 21 27
61 23 25
62 26 29
63 28 29
64 30 44
65 31 38
66 32 39
67 33 38
68 33 44
69 34 36
70 34 39
71 35 39
72 35 47
73 37 38
74 38 42
75 38 47
76 39 45
77 40 48
78 41 43
79 41 48
80 44 48
81 46 47
82 49 60
83 49 57
84 50 63
85 50 58
86 51 56
87 52 58
88 52 60
89 53 59
90 53 64
91 54 56
92 54 60
93 55 62
94 55 65
95 57 64
96 57 65
97 61 63
98 65 66
99 67 80
100 68 69
101 68 77
102 68 79
103 70 79
104 70 72
105 71 75
106 71 79
107 72 82
108 73 74
109 73 81
110 73 79
111 76 77
112 77 78
113 77 80
114 83 92
115 83 86
116 83 102
117 84 88
118 84 85
119 85 87
120 85 100
121 86 101
122 87 90
123 88 95
124 88 97
125 89 102
126 91 93
127 91 97
128 93 94
129 96 97
130 98 100
131 98 102
132 99 100
133 103 107
134 103 108
135 103 117
136 104 113
137 105 108
138 106 109
139 106 107
140 108 116
141 109 111
142 110 114
143 110 117
144 112 113
145 112 117
146 113 115
147 118 131
148 118 134
149 119 121
150 119 129
151 120 132
152 122 136
153 122 129
154 123 130
155 124 125
156 124 129
157 124 137
158 125 127
159 126 130
160 126 137
161 128 132
162 128 137
163 132 135
164 133 135
165 134 135
166 138 144
167 138 148
168 138 154
169 139 142
170 139 141
171 139 154
172 140 155
173 141 147
174 141 152
175 143 151
176 143 157
177 145 150
178 146 152
179 149 153
180 150 156
181 150 151
182 151 153
183 151 154
184 151 155
185 158 167
186 159 174
187 159 176
188 160 169
189 161 166
190 161 177
191 162 169
192 163 168
193 163 177
194 164 176
195 164 166
196 165 172
197 165 169
198 166 171
199 167 173
200 167 174
201 169 171
202 170 175
203 172 175
204 178 187
205 178 191
206 179 185
207 179 193
208 180 191
209 181 191
210 181 192
211 181 186
212 182 194
213 183 186
214 184 186
215 184 190
216 188 193
217 188 189
218 189 190
219 190 194
220 195 199
221 196 206
222 197 200
223 197 203
224 197 205
225 197 199
226 198 199
227 198 206
228 199 209
229 201 212
230 201 213
231 201 209
232 202 206
233 202 214
234 204 206
235 206 207
236 206 208
237 207 210
238 208 211
239 215 225
240 215 229
241 215 217
242 216 223
243 216 217
244 216 226
245 217 219
246 217 227
247 217 228
248 217 220
249 218 224
250 218 221
251 220 230
252 221 230
253 222 228
254 226 231
255 232 243
256 233 243
257 234 240
258 234 248
259 235 240
260 236 237
261 236 242
262 238 242
263 238 245
264 239 246
265 240 243
266 241 247
267 241 243
268 243 244
269 245 246
270 246 247
0 137 156
1 129 138
2 129 150
3 128 155
4 123 138
5 119 144
6 127 144
7 137 143
8 121 144
9 121 149
10 122 142
11 120 157
12 123 150
13 134 139
14 125 153
15 121 149
16 129 141
17 133 144
18 136 141
19 120 148
20 133 148
21 136 147
22 120 147
23 133 142
24 124 145
25 136 154
26 130 144
27 123 142
28 136 155
29 122 156
30 228 66
31 220 64
32 230 53
33 225 51
34 219 54
35 215 62
36 217 59
37 231 62
38 223 57
39 226 63
40 218 54
41 216 65
42 224 50
43 224 64
44 216 56
45 216 60
46 217 49
47 225 56
48 218 66
49 224 63
50 226 53
51 227 59
52 226 60
53 229 63
54 225 58
55 215 58
56 218 65
57 225 63
58 219 49
59 227 57
60 116 77
61 108 74
62 103 69
63 115 72
64 104 78
65 110 68
66 115 81
67 103 74
68 106 67
69 108 74
70 103 81
71 105 70
72 112 75
73 103 80
74 114 76
75 105 67
76 114 80
77 117 76
78 117 69
79 104 69
80 111 77
81 113 67
82 105 76
83 104 75
84 105 70
85 106 71
86 104 67
87 111 81
88 109 75
89 104 82
90 105 12
91 117 25
92 111 18
93 107 14
94 110 26
95 109 18
96 114 22
97 117 27
98 114 28
99 117 20
100 114 29
101 104 13
102 114 26
103 116 25
104 108 13
105 109 28
106 114 12
107 104 29
108 107 24
109 112 21
110 105 25
111 108 25
112 103 16
113 114 24
114 111 27
115 108 19
116 109 21
117 115 18
118 117 25
119 108 26
120 122 24
121 121 22
122 130 29
123 124 20
124 118 13
125 125 18
126 135 22
127 123 12
128 119 26
129 136 13
130 118 23
131 128 24
132 125 24
133 130 25
134 122 13
135 137 25
136 136 28
137 129 25
138 119 21
139 124 15
140 137 29
141 127 25
142 125 26
143 119 25
144 119 16
145 129 23
146 126 12
147 130 18
148 136 18
149 129 22
150 183 138
151 184 155
152 187 147
153 194 141
154 189 149
155 185 155
156 181 142
157 193 151
158 191 149
159 189 151
160 190 139
161 191 149
162 186 139
163 193 148
164 179 141
165 178 146
166 192 140
167 186 157
168 185 157
169 182 154
170 181 151
171 189 149
172 180 139
173 181 138
174 180 150
175 188 145
176 184 141
177 180 146
178 193 151
179 182 153
180 229 218
181 227 226
182 230 223
183 223 221
184 220 222
185 224 231
186 229 228
187 226 225
188 222 224
189 223 231
190 225 219
191 216 218
192 220 226
193 225 230
194 231 223
195 223 219
196 224 225
197 223 228
198 231 225
199 245 192
200 233 189
201 243 193
202 243 187
203 233 187
204 243 192
205 247 183
206 239 179
207 244 185
208 240 194
209 232 185
210 234 182
211 236 179
212 233 192
213 237 186
214 232 184
215 247 183
216 233 189
217 233 181
218 248 184
219 248 185
220 242 186
221 240 180
222 245 187
223 246 193
224 241 191
225 248 181
226 240 178
227 235 188
228 233 188
229 15 32
230 27 35
231 27 33
232 18 30
233 18 45
234 25 47
235 22 45
236 15 35
237 16 39
238 29 39
239 19 46
240 13 41
241 16 44
242 27 42
243 23 30
244 16 36
245 15 46
246 20 48
247 17 40
248 29 38
249 25 35
250 24 34
251 23 34
252 16 42
253 26 33
254 29 43
255 18 35
256 23 46
257 20 33
258 15 47
259 31 16
260 34 21
261 34 21
262 42 25
263 36 12
264 38 22
265 37 18
266 39 22
267 42 15
268 43 25
269 36 28
270 46 18
271 48 18
272 30 12
273 45 25
274 45 16
275 33 19
276 45 17
277 48 23
278 44 22
279 36 24
280 40 29
281 45 21
282 35 26
283 30 21
284 44 16
285 43 16
286 37 22
287 45 13
288 38 29
289 230 91
290 226 97
291 228 86
292 224 101
293 229 95
294 216 90
295 221 86
296 229 86
297 230 85
298 231 91
299 220 96
300 217 84
301 226 84
302 230 99
303 227 95
304 220 88
305 231 86
306 223 98
307 227 90
308 215 95
309 225 83
310 225 89
311 216 94
312 223 83
313 231 84
314 230 95
315 220 86
316 228 92
317 220 93
318 231 85
319 173 170
320 176 175
321 160 174
322 167 161
323 177 175
324 168 169
325 162 177
326 168 174
327 165 170
328 174 160
329 164 168
330 174 166
331 170 160
332 161 170
333 175 167
334 170 168
335 164 174
336 167 168
337 174 161
338 160 167
339 158 164
340 163 166
341 158 163
342 175 164
343 222 168
344 230 164
345 226 169
346 220 176
347 216 162
348 226 176
349 215 172
350 227 158
351 229 160
352 222 159
353 218 177
354 216 175
355 229 172
356 230 175
357 216 172
358 217 167
359 226 173
360 221 170
361 221 170
362 229 175
363 222 170
364 216 158
365 227 162
366 224 176
367 223 171
368 227 171
369 221 166
370 225 172
371 221 161
372 220 170
373 209 204
374 211 196
375 213 202
376 207 209
377 197 207
378 200 210
379 207 201
380 213 204
381 214 211
382 203 209
383 203 201
384 211 201
385 201 204
386 203 210
387 201 202
388 211 196
389 200 208
390 28 201
391 27 212
392 29 206
393 25 206
394 16 198
395 20 207
396 18 214
397 15 214
398 13 201
399 15 210
400 20 210
401 26 208
402 19 206
403 24 213
404 14 208
405 20 207
406 14 204
407 23 195
408 26 208
409 14 195
410 19 199
411 20 210
412 29 199
413 25 198
414 27 203
415 24 207
416 22 195
417 27 214
418 15 209
419 21 211
420 17 172
421 27 174
422 22 168
423 18 161
424 25 175
425 14 176
426 19 168
427 16 173
428 29 177
429 22 176
430 26 168
431 26 165
432 22 168
433 27 164
434 19 158
435 14 171
436 27 174
437 21 160
438 19 168
439 22 163
440 15 166
441 21 161
442 17 169
443 16 171
444 12 172
445 17 163
446 17 171
447 29 170
448 14 170
449 19 174
450 217 195
451 218 202
452 217 206
453 218 203
454 220 207
455 219 214
456 219 205
457 219 203
458 226 203
459 231 213
460 230 208
461 218 214
462 228 206
463 215 198
464 216 211
465 230 198
466 218 213
467 221 196
468 221 202
469 216 214
470 226 208
471 227 214
472 228 209
473 215 202
474 228 209
475 230 202
476 223 203
477 217 207
478 228 202
479 219 199
480 206 171
481 206 161
482 205 176
483 204 176
484 212 167
485 208 172
486 201 160
487 213 171
488 205 175
489 200 164
490 207 171
491 207 175
492 199 159
493 204 163
494 197 167
495 200 177
496 207 171
497 213 165
498 205 162
499 204 163
500 208 167
501 211 168
502 197 160
503 200 177
504 209 174
505 210 168
506 207 165
507 201 175
508 202 176
509 212 158
510 9 62
511 5 50
512 2 51
513 2 59
514 11 59
515 3 52
516 7 53
517 4 53
518 0 60
519 0 50
520 0 52
521 1 56
522 8 54
523 3 58
524 4 50
525 9 59
526 11 55
527 9 63
528 5 50
529 3 59
530 2 58
531 8 64
532 7 59
533 10 64
534 9 58
535 11 64
536 8 66
537 59 175
538 61 159
539 52 167
540 53 166
541 49 166
542 52 164
543 52 168
544 49 170
545 52 169
546 66 177
547 61 159
548 58 159
549 57 175
550 55 170
551 62 171
552 59 168
553 50 171
554 59 158
555 52 166
556 55 174
557 65 166
558 62 173
559 65 164
560 51 175
561 56 172
562 64 170
563 61 159
564 57 166
565 66 172
566 56 166
567 45 214
568 42 213
569 43 196
570 44 213
571 33 212
572 40 210
573 30 212
574 33 213
575 41 204
576 44 211
577 37 211
578 41 205
579 38 213
580 33 197
581 30 197
582 45 197
583 36 200
584 44 209
585 44 214
586 46 200
587 47 204
588 37 213
589 39 196
590 40 203
591 45 207
592 32 210
593 32 209
594 44 212
595 34 195
596 38 195
597 81 33
598 70 41
599 80 40
600 73 30
601 71 48
602 78 45
603 75 43
604 68 47
605 67 35
606 76 36
607 68 41
608 74 43
609 80 39
610 81 38
611 71 34
612 82 30
613 78 47
614 71 30
615 69 36
616 70 37
617 73 33
618 69 44
619 73 46
620 75 44
621 81 40
622 71 32
623 82 43
624 71 31
625 81 39
626 79 41
627 82 18
628 68 21
629 82 25
630 72 25
631 70 20
632 68 25
633 73 29
634 81 18
635 75 19
636 70 13
637 68 18
638 67 27
639 68 16
640 75 20
641 81 15
642 82 21
643 70 24
644 74 22
645 72 23
646 67 12
647 72 20
648 76 28
649 69 16
650 77 28
651 69 22
652 68 14
653 80 27
654 81 19
655 77 14
656 77 22
657 24 207
658 18 196
659 25 214
660 23 212
661 26 205
662 18 196
663 29 200
664 18 212
665 18 201
666 23 202
667 24 207
668 21 195
669 26 201
670 21 205
671 16 213
672 27 207
673 27 207
674 22 198
675 17 214
676 16 198
677 29 209
678 23 201
679 20 198
680 12 200
681 14 210
682 26 196
683 14 208
684 29 206
685 12 208
686 23 208
687 215 45
688 224 45
689 218 48
690 224 48
691 219 33
692 218 30
693 219 39
694 228 34
695 219 47
696 220 37
697 229 39
698 225 32
699 223 40
700 219 39
701 223 37
702 217 44
703 218 44
704 217 46
705 229 41
706 229 36
707 219 31
708 226 48
709 219 37
710 223 39
711 231 42
712 219 30
713 220 44
714 228 35
715 217 46
716 228 35
717 216 85
718 223 91
719 221 89
720 220 87
721 228 91
722 217 99
723 224 102
724 227 94
725 228 90
726 220 86
727 229 98
728 223 100
729 227 96
730 218 85
731 230 100
732 224 100
733 224 90
734 217 90
735 225 89
736 229 86
737 225 101
738 224 84
739 229 96
740 217 89
741 227 89
742 231 96
743 225 87
744 215 99
745 219 97
746 222 101
747 163 141
748 175 142
749 177 145
750 162 153
751 168 149
752 159 146
753 174 143
754 159 153
755 163 146
756 168 154
757 165 154
758 166 149
759 164 140
760 175 147
761 170 155
762 172 156
763 174 143
764 172 154
765 158 148
766 176 156
767 171 154
768 176 157
769 164 145
770 170 139
771 165 149
772 161 145
773 169 142
774 164 147
775 176 155
776 165 152
777 153 217
778 138 224
779 145 218
780 138 229
781 144 220
782 148 225
783 142 218
784 154 229
785 156 217
786 153 223
787 153 219
788 155 217
789 154 221
790 153 217
791 139 218
792 151 225
793 153 223
794 146 217
795 157 229
796 148 226
797 144 221
798 142 226
799 145 222
800 145 228
801 147 231
802 146 217
803 147 219
804 147 227
805 148 215
806 143 229
807 9 194
808 6 185
809 4 189
810 8 180
811 4 179
812 5 185
813 1 187
814 9 186
815 9 180
816 4 183
817 6 181
818 8 187
819 3 185
820 7 178
821 0 190
822 3 183
823 3 182
824 3 187
825 7 189
826 8 180
827 2 187
828 3 180
829 11 180
830 0 180
831 10 181
832 1 186
833 6 179
834 10 191
835 3 178
836 193 133
837 182 127
838 178 127
839 189 136
840 194 131
841 192 125
842 190 119
843 186 130
844 186 133
845 180 128
846 181 124
847 185 131
848 189 131
849 180 121
850 191 131
851 179 137
852 181 134
853 193 133
854 179 119
855 183 132
856 179 136
857 193 125
858 179 130
859 194 119
860 179 124
861 180 123
862 183 129
863 182 136
864 191 136
865 186 120
866 8 139
867 3 150
868 5 150
869 3 143
870 1 157
871 11 143
872 4 138
873 0 139
874 9 154
875 9 144
876 7 144
877 1 144
878 11 143
879 11 157
880 7 153
881 0 141
882 1 141
883 6 143
884 5 155
885 3 145
886 1 143
887 9 140
888 7 152
889 6 151
890 2 144
891 11 141
892 6 152
893 7 139
894 0 141
895 2 147
896 168 64
897 158 51
898 176 61
899 165 50
900 162 58
901 162 64
902 162 58
903 163 59
904 177 49
905 174 49
906 158 56
907 166 61
908 163 66
909 166 51
910 168 64
911 166 53
912 173 64
913 174 50
914 173 64
915 177 60
916 158 61
917 177 55
918 177 59
919 163 63
920 164 59
921 169 52
922 176 57
923 164 62
924 161 57
925 162 61
926 189 5
927 189 1
928 179 6
929 182 1
930 187 11
931 183 8
932 186 1
933 190 7
934 182 3
935 187 7
936 191 9
937 178 4
938 186 1
939 193 1
940 182 3
941 189 10
942 187 1
943 179 10
944 183 7
945 186 6
946 182 5
947 189 3
948 183 6
949 182 8
950 182 4
951 186 4
952 185 2
953 187 5
954 246 4
955 245 7
956 246 5
957 245 9
958 239 5
959 244 6
960 233 5
961 233 6
962 247 11
963 239 10
964 238 3
965 234 2
966 240 0
967 245 2
968 241 5
969 244 11
970 233 3
971 234 9
972 242 3
973 239 7
974 241 6
975 247 6
976 246 5
977 248 5
978 241 0
979 241 6
980 236 1
981 236 10
982 244 10
983 230 21
984 219 16
985 215 19
986 226 24
987 221 19
988 225 21
989 217 17
990 221 23
991 219 17
992 224 16
993 229 17
994 218 22
995 216 14
996 217 29
997 228 27
998 227 28
999 224 29
1000 230 24
1001 221 28
1002 229 29
1003 227 28
1004 222 12
1005 231 23
1006 219 19
1007 228 25
1008 217 26
1009 224 23
1010 225 18
1011 218 16
1012 216 13
1013 57 99
1014 55 96
1015 52 92
1016 62 97
1017 65 94
1018 62 88
1019 62 86
1020 51 90
1021 50 89
1022 59 84
1023 56 83
1024 64 102
1025 55 93
1026 51 96
1027 50 101
1028 58 96
1029 51 83
1030 58 87
1031 56 84
1032 66 89
1033 65 87
1034 52 100
1035 53 88
1036 51 93
1037 52 88
1038 49 97
1039 54 91
1040 59 84
1041 65 90
1042 52 86
1043 9 71
1044 6 78
1045 4 76
1046 10 73
1047 1 79
1048 3 70
1049 11 79
1050 1 81
1051 5 81
1052 6 76
1053 1 82
1054 3 71
1055 9 76
1056 2 70
1057 5 77
1058 10 82
1059 9 76
1060 0 81
1061 10 78
1062 11 71
1063 8 81
1064 11 82
1065 6 81
1066 6 78
1067 7 81
1068 11 69
1069 3 73
1070 9 78
1071 0 69
1072 179 210
1073 192 203
1074 193 207
1075 192 206
1076 194 210
1077 194 202
1078 191 195
1079 186 204
1080 186 195
1081 184 195
1082 183 202
1083 194 204
1084 193 201
1085 179 200
1086 187 213
1087 193 210
1088 178 213
1089 180 198
1090 189 204
1091 190 209
1092 193 199
1093 191 197
1094 187 209
1095 186 206
1096 191 214
1097 194 196
1098 181 195
1099 189 201
1100 193 195
1101 186 197
1102 33 205
1103 44 195
1104 47 205
1105 44 199
1106 43 206
1107 31 196
1108 33 201
1109 45 201
1110 47 208
1111 43 197
1112 36 209
1113 39 201
1114 38 211
1115 33 199
1116 37 209
1117 30 195
1118 45 214
1119 30 206
1120 35 203
1121 43 209
1122 38 206
1123 40 195
1124 46 209
1125 34 197
1126 37 211
1127 36 196
1128 47 206
1129 42 198
1130 33 198
1131 39 214
1132 196 128
1133 210 124
1134 210 135
1135 213 134
1136 204 130
1137 208 124
1138 211 132
1139 209 127
1140 212 130
1141 214 137
1142 200 122
1143 208 132
1144 206 135
1145 206 127
1146 203 133
1147 214 121
1148 201 136
1149 210 122
1150 200 121
1151 208 128
1152 195 133
1153 197 132
1154 207 133
1155 195 133
1156 211 120
1157 213 123
1158 198 120
1159 199 121
1160 195 126
1161 195 130
1162 175 81
1163 164 70
1164 170 81
1165 171 71
1166 168 76
1167 168 82
1168 169 67
1169 164 80
1170 170 68
1171 165 81
1172 160 74
1173 160 77
1174 175 76
1175 172 78
1176 159 80
1177 170 67
1178 177 69
1179 167 71
1180 177 73
1181 161 76
1182 170 72
1183 163 76
1184 159 73
1185 173 80
1186 172 78
1187 164 79
1188 172 74
1189 161 82
1190 167 77
1191 159 70
1192 129 153
1193 118 144
1194 123 140
1195 125 146
1196 119 157
1197 119 149
1198 135 138
1199 119 151
1200 131 153
1201 125 156
1202 127 153
1203 121 146
1204 127 157
1205 136 144
1206 120 156
1207 135 150
1208 135 156
1209 135 138
1210 123 145
1211 137 152
1212 118 151
1213 124 155
1214 119 157
1215 119 138
1216 127 144
1217 123 143
1218 121 140
1219 133 139
1220 134 141
1221 130 139
1222 92 111
1223 99 108
1224 102 104
1225 91 111
1226 97 105
1227 92 109
1228 94 112
1229 90 116
1230 100 113
1231 101 108
1232 101 103
1233 90 104
1234 97 107
1235 95 112
1236 84 105
1237 96 105
1238 95 115
1239 88 104
1240 100 117
1241 95 117
1242 92 110
1243 95 114
1244 100 114
1245 92 115
1246 85 114
1247 96 105
1248 93 105
1249 86 112
1250 92 104
1251 100 110
1252 2 172
1253 8 177
1254 8 171
1255 3 160
1256 6 160
1257 5 169
1258 5 158
1259 2 160
1260 10 159
1261 1 174
1262 0 176
1263 0 173
1264 11 170
1265 7 162
1266 4 170
1267 5 165
1268 4 170
1269 3 164
1270 5 176
1271 9 164
1272 9 170
1273 3 163
1274 4 161
1275 6 167
1276 3 177
1277 10 171
1278 11 159
1279 9 162
1280 234 224
1281 242 216
1282 237 231
1283 242 225
1284 238 228
1285 244 215
1286 241 219
1287 235 219
1288 232 221
1289 241 225
1290 232 218
1291 247 224
1292 238 226
1293 243 222
1294 238 218
1295 239 230
1296 241 220
1297 247 226
1298 247 225
1299 239 220
1300 241 219
1301 244 220
1302 244 228
1303 234 229
1304 233 221
1305 234 231
1306 235 231
1307 232 224
1308 248 216
1309 244 225
1310 246 75
1311 233 72
1312 247 81
1313 241 76
1314 243 73
1315 247 70
1316 244 73
1317 248 68
1318 241 69
1319 245 74
1320 235 70
1321 240 80
1322 233 71
1323 242 71
1324 235 80
1325 241 71
1326 240 71
1327 232 77
1328 245 81
1329 242 77
1330 232 80
1331 236 73
1332 234 75
1333 235 67
1334 246 69
1335 235 79
1336 242 74
1337 243 81
1338 248 67
1339 235 73
1340 36 108
1341 34 117
1342 37 104
1343 40 104
1344 35 113
1345 42 103
1346 34 113
1347 35 103
1348 36 104
1349 39 111
1350 37 106
1351 38 103
1352 35 112
1353 42 108
1354 30 103
1355 32 107
1356 31 104
1357 44 105
1358 39 114
1359 30 111
1360 46 105
1361 45 115
1362 46 116
1363 41 105
1364 31 104
1365 31 106
1366 44 108
1367 42 109
1368 47 111
1369 42 110
1370 42 208
1371 30 204
1372 42 199
1373 45 198
1374 36 207
1375 33 214
1376 33 199
1377 48 197
1378 43 203
1379 37 197
1380 41 197
1381 43 197
1382 42 202
1383 30 209
1384 39 202
1385 38 201
1386 42 200
1387 48 202
1388 47 206
1389 32 202
1390 39 214
1391 39 211
1392 45 197
1393 31 198
1394 36 197
1395 33 210
1396 42 214
1397 40 214
1398 34 201
1399 41 199
1400 100 236
1401 85 244
1402 94 238
1403 84 239
1404 84 240
1405 102 245
1406 88 232
1407 92 238
1408 93 246
1409 91 235
1410 95 235
1411 101 233
1412 92 245
1413 102 233
1414 100 244
1415 86 243
1416 98 241
1417 95 244
1418 92 237
1419 83 238
1420 102 233
1421 100 248
1422 85 246
1423 94 240
1424 87 233
1425 101 248
1426 96 237
1427 97 243
1428 89 244
1429 84 246
1430 164 20
1431 174 19
1432 176 28
1433 174 18
1434 165 19
1435 169 25
1436 163 13
1437 173 26
1438 160 24
1439 159 15
1440 176 14
1441 168 26
1442 175 23
1443 158 15
1444 163 24
1445 172 24
1446 162 15
1447 160 27
1448 165 25
1449 163 23
1450 161 25
1451 170 28
1452 173 26
1453 163 24
1454 160 27
1455 166 23
1456 167 26
1457 159 22
1458 162 27
1459 163 22
1460 58 120
1461 66 118
1462 58 129
1463 58 136
1464 54 125
1465 49 137
1466 51 118
1467 53 121
1468 53 122
1469 55 122
1470 60 131
1471 64 135
1472 60 136
1473 62 136
1474 51 121
1475 59 128
1476 59 122
1477 57 119
1478 49 118
1479 55 131
1480 65 133
1481 62 136
1482 58 125
1483 50 119
1484 66 123
1485 55 122
1486 58 136
1487 53 119
1488 57 123
1489 62 124
1490 205 109
1491 212 113
1492 206 104
1493 208 105
1494 198 114
1495 208 106
1496 211 105
1497 206 114
1498 213 107
1499 211 103
1500 212 116
1501 206 109
1502 197 115
1503 204 116
1504 195 113
1505 195 116
1506 204 116
1507 199 111
1508 212 108
1509 214 117
1510 197 103
1511 203 112
1512 207 106
1513 199 106
1514 212 104
1515 202 117
1516 196 114
1517 200 114
1518 203 112
1519 199 112
1520 70 74
1521 68 81
1522 70 69
1523 76 72
1524 72 78
1525 69 82
1526 70 80
1527 74 78
1528 78 70
1529 81 71
1530 79 67
1531 69 75
1532 72 76
1533 69 73
1534 74 77
1535 72 80
1536 232 36
1537 241 46
1538 234 47
1539 235 38
1540 244 36
1541 236 45
1542 245 44
1543 244 37
1544 232 34
1545 244 37
1546 237 36
1547 235 32
1548 241 31
1549 248 34
1550 242 40
1551 247 43
1552 235 40
1553 232 33
1554 237 47
1555 234 37
1556 234 37
1557 238 35
1558 236 31
1559 242 34
1560 242 41
1561 240 30
1562 240 33
1563 241 37
1564 236 42
1565 247 36
1566 200 98
1567 208 90
1568 209 92
1569 196 84
1570 204 93
1571 206 90
1572 198 91
1573 207 88
1574 201 102
1575 202 101
1576 200 95
1577 207 91
1578 212 100
1579 198 91
1580 203 84
1581 195 99
1582 198 99
1583 205 84
1584 195 89
1585 210 88
1586 199 97
1587 201 95
1588 203 98
1589 207 102
1590 209 100
1591 207 101
1592 209 93
1593 203 92
1594 201 91
1595 198 97
1596 127 221
1597 131 230
1598 130 228
1599 134 224
1600 130 225
1601 121 219
1602 135 219
1603 119 230
1604 134 229
1605 129 223
1606 133 223
1607 132 226
1608 137 218
1609 131 220
1610 131 221
1611 127 223
1612 124 224
1613 129 221
1614 125 228
1615 132 216
1616 118 231
1617 131 222
1618 134 222
1619 128 227
1620 125 226
1621 123 225
1622 119 230
1623 124 218
1624 127 222
1625 122 226
1626 3 237
1627 5 246
1628 6 242
1629 9 238
1630 10 237
1631 3 244
1632 4 233
1633 2 244
1634 8 247
1635 2 234
1636 7 238
1637 8 241
1638 6 235
1639 8 246
1640 5 237
1641 11 248
1642 8 237
1643 3 232
1644 6 247
1645 1 239
1646 4 237
1647 5 242
1648 3 243
1649 5 247
1650 11 242
1651 3 246
1652 7 235
1653 8 247
1654 6 244
1655 1 248
1656 198 31
1657 208 45
1658 208 41
1659 200 46
1660 211 37
1661 211 40
1662 210 43
1663 202 48
1664 210 33
1665 211 39
1666 212 35
1667 201 34
1668 212 40
1669 212 43
1670 208 44
1671 195 44
1672 209 34
1673 199 35
1674 198 30
1675 197 31
1676 212 43
1677 197 44
1678 209 40
1679 204 35
1680 205 33
1681 204 39
1682 200 32
1683 210 31
1684 213 48
1685 199 43
1686 244 128
1687 232 127
1688 232 120
1689 243 126
1690 239 125
1691 247 121
1692 240 121
1693 233 118
1694 242 137
1695 245 121
1696 239 131
1697 246 125
1698 238 136
1699 236 132
1700 244 137
1701 246 135
1702 239 128
1703 241 137
1704 238 124
1705 244 129
1706 239 121
1707 247 132
1708 247 122
1709 245 122
1710 240 128
1711 240 120
1712 245 130
1713 236 124
1714 239 129
1715 238 122
1716 244 98
1717 237 91
1718 238 84
1719 244 93
1720 246 89
1721 239 93
1722 234 86
1723 243 85
1724 241 100
1725 237 89
1726 239 89
1727 235 98
1728 241 100
1729 232 88
1730 244 89
1731 240 97
1732 241 99
1733 248 84
1734 235 84
1735 242 101
1736 241 99
1737 237 87
1738 243 91
1739 247 98
1740 237 88
1741 233 94
1742 232 87
1743 236 84
1744 242 100
1745 235 90
1746 1 238
1747 1 235
1748 11 246
1749 2 235
1750 9 237
1751 10 238
1752 6 233
1753 10 247
1754 11 233
1755 2 245
1756 2 236
1757 10 239
1758 2 239
1759 6 241
1760 6 242
1761 7 237
1762 2 244
1763 10 238
1764 8 239
1765 5 233
1766 11 246
1767 7 242
1768 4 239
1769 11 246
1770 4 245
1771 3 239
1772 9 247
1773 7 233
1774 4 68
1775 1 75
1776 8 82
1777 3 77
1778 0 81
1779 3 73
1780 5 74
1781 6 72
1782 3 72
1783 0 69
1784 8 74
1785 3 68
1786 7 70
1787 4 69
1788 4 76
1789 6 73
1790 6 75
1791 8 80
1792 1 78
1793 8 82
1794 9 68
1795 3 73
1796 9 81
1797 0 70
1798 3 73
1799 1 75
1800 0 68
1801 5 79
1802 8 74
1803 84 198
1804 94 199
1805 99 214
1806 89 208
1807 94 203
1808 96 197
1809 93 201
1810 87 206
1811 95 209
1812 88 213
1813 88 213
1814 96 202
1815 87 212
1816 92 197
1817 102 205
1818 99 205
1819 96 207
1820 85 213
1821 85 210
1822 100 203
1823 97 196
1824 84 199
1825 90 200
1826 93 200
1827 91 204
1828 88 212
1829 91 199
1830 95 203
1831 85 204
1832 91 212
1833 88 232
1834 97 232
1835 83 232
1836 102 236
1837 97 234
1838 90 247
1839 95 242
1840 92 243
1841 99 242
1842 92 246
1843 92 234
1844 95 239
1845 97 242
1846 91 235
1847 84 233
1848 87 243
1849 99 239
1850 101 243
1851 96 234
1852 89 241
1853 84 247
1854 101 248
1855 88 241
1856 90 247
1857 98 236
1858 102 242
1859 85 245
1860 98 245
1861 90 239
1862 97 241
1863 235 30
1864 246 41
1865 236 34
1866 233 41
1867 235 48
1868 233 47
1869 243 45
1870 240 39
1871 245 32
1872 232 40
1873 239 32
1874 237 48
1875 246 48
1876 246 47
1877 239 40
1878 243 33
1879 232 33
1880 248 43
1881 247 42
1882 244 42
1883 247 34
1884 243 42
1885 234 43
1886 232 32
1887 243 46
1888 232 33
1889 242 48
1890 232 30
1891 248 36
1892 232 45
1893 197 21
1894 206 28
1895 205 15
1896 200 23
1897 198 20
1898 204 17
1899 197 29
1900 196 22
1901 199 14
1902 202 12
1903 213 22
1904 197 27
1905 205 14
1906 212 29
1907 198 17
1908 203 26
1909 207 23
1910 197 21
1911 204 17
1912 203 22
1913 213 20
1914 213 28
1915 203 25
1916 198 23
1917 200 17
1918 203 26
1919 196 28
1920 210 21
1921 212 18
1922 209 13
1923 119 242
1924 120 234
1925 137 234
1926 126 242
1927 128 239
1928 134 248
1929 134 238
1930 130 234
1931 121 239
1932 135 237
1933 134 245
1934 131 234
1935 118 235
1936 137 237
1937 134 245
1938 120 237
1939 125 235
1940 129 236
1941 121 234
1942 135 236
1943 130 234
1944 122 232
1945 122 233
1946 135 233
1947 130 243
1948 119 234
1949 130 238
1950 119 245
1951 119 238
1952 135 234
1953 17 5
1954 16 1
1955 29 10
1956 20 1
1957 25 7
1958 21 3
1959 12 9
1960 12 7
1961 24 2
1962 14 6
1963 24 7
1964 25 9
1965 22 0
1966 22 4
1967 13 1
1968 28 10
1969 13 2
1970 20 10
1971 21 4
1972 25 7
1973 28 10
1974 15 2
1975 27 11
1976 29 1
1977 22 8
1978 26 7
1979 22 11
1980 12 10
1981 24 5
1982 73 114
1983 73 106
1984 68 109
1985 69 113
1986 71 110
1987 78 116
1988 81 105
1989 74 108
1990 82 103
1991 82 103
1992 68 107
1993 82 107
1994 71 116
1995 71 117
1996 71 111
1997 78 111
1998 76 110
1999 67 103
2000 77 111
2001 70 108
2002 82 114
2003 72 105
2004 68 109
2005 81 105
2006 75 112
2007 70 104
2008 77 110
2009 79 106
2010 77 108
2011 77 114
2012 69 165
2013 75 174
2014 78 170
2015 67 174
2016 79 165
2017 75 161
2018 71 177
2019 76 170
2020 69 163
2021 71 161
2022 72 162
2023 73 177
2024 70 168
2025 72 169
2026 72 159
2027 77 160
2028 69 171
2029 67 168
2030 81 172
2031 68 165
2032 77 177
2033 82 163
2034 73 171
2035 71 169
2036 80 163
2037 76 167
2038 73 174
2039 70 168
2040 80 171
2041 79 159
2042 232 134
2043 244 118
2044 244 122
2045 235 133
2046 240 118
2047 236 133
2048 236 131
2049 240 136
2050 246 135
2051 233 125
2052 246 121
2053 241 125
2054 247 121
2055 236 120
2056 246 120
2057 237 133
2058 248 134
2059 239 123
2060 239 126
2061 234 121
2062 239 126
2063 238 126
2064 238 119
2065 248 118
2066 232 133
2067 239 132
2068 242 130
2069 234 137
2070 235 121
2071 242 123
2072 33 201
2073 31 208
2074 32 213
2075 40 207
2076 48 204
2077 40 200
2078 37 211
2079 43 207
2080 47 199
2081 39 204
2082 33 200
2083 39 201
2084 47 204
2085 42 197
2086 31 195
2087 38 212
2088 36 200
2089 48 197
2090 40 214
2091 43 195
2092 48 197
2093 44 213
2094 32 206
2095 46 202
2096 39 205
2097 48 206
2098 41 214
2099 34 204
2100 30 213
2101 44 196
2102 30 53
2103 47 56
2104 43 54
2105 38 64
2106 40 65
2107 42 54
2108 36 62
2109 37 51
2110 47 64
2111 34 61
2112 46 52
2113 40 55
2114 36 51
2115 40 64
2116 41 53
2117 31 52
2118 33 61
2119 36 64
2120 38 66
2121 44 55
2122 46 52
2123 38 65
2124 45 51
2125 32 53
2126 38 61
2127 44 52
2128 34 58
2129 34 56
2130 48 57
2131 40 59
2132 230 21
2133 229 29
2134 222 29
2135 217 29
2136 231 27
2137 230 24
2138 226 20
2139 215 29
2140 227 28
2141 230 22
2142 226 23
2143 217 28
2144 223 26
2145 231 15
2146 218 19
2147 221 27
2148 219 22
2149 229 24
2150 231 28
2151 224 21
2152 217 17
2153 223 21
2154 217 28
2155 231 22
2156 223 23
2157 219 28
2158 224 20
2159 223 17
2160 216 19
2161 229 27
2162 199 40
2163 201 43
2164 199 42
2165 199 30
2166 212 39
2167 211 40
2168 208 35
2169 202 33
2170 205 47
2171 205 48
2172 205 34
2173 197 46
2174 195 48
2175 210 38
2176 212 37
2177 206 46
2178 212 40
2179 198 36
2180 210 35
2181 211 37
2182 201 48
2183 209 48
2184 201 43
2185 196 40
2186 213 37
2187 201 33
2188 210 44
2189 202 46
2190 195 42
2191 198 30
2192 185 143
2193 189 138
2194 191 141
2195 193 144
2196 181 145
2197 194 141
2198 187 146
2199 185 148
2200 182 143
2201 186 145
2202 191 156
2203 183 152
2204 183 151
2205 181 155
2206 180 145
2207 184 157
2208 185 148
2209 191 141
2210 185 145
2211 189 148
2212 180 155
2213 180 153
2214 193 146
2215 181 142
2216 191 152
2217 183 147
2218 180 154
2219 188 155
2220 179 151
2221 192 157
2222 37 106
2223 32 108
2224 47 107
2225 32 114
2226 30 112
2227 46 108
2228 45 104
2229 43 114
2230 31 113
2231 44 117
2232 46 111
2233 45 116
2234 46 105
2235 34 116
2236 37 117
2237 40 112
2238 33 112
2239 39 113
2240 44 112
2241 40 108
2242 33 106
2243 48 106
2244 32 111
2245 38 104
2246 40 114
2247 30 114
2248 33 106
2249 32 108
2250 47 115
2251 35 113
2252 114 150
2253 108 140
2254 110 153
2255 110 150
2256 114 156
2257 113 157
2258 108 142
2259 115 141
2260 108 156
2261 105 150
2262 117 153
2263 116 139
2264 111 146
2265 111 140
2266 109 154
2267 111 151
2268 109 157
2269 106 150
2270 116 143
2271 114 139
2272 110 147
2273 109 152
2274 105 144
2275 114 148
2276 114 138
2277 117 154
2278 116 141
2279 113 142
2280 114 138
2281 110 151
2282 180 43
2283 193 48
2284 194 35
2285 185 40
2286 182 41
2287 192 34
2288 190 46
2289 183 42
2290 183 32
2291 178 31
2292 192 33
2293 184 46
2294 185 35
2295 179 39
2296 178 45
2297 191 46
2298 187 48
2299 180 38
2300 185 36
2301 183 43
2302 178 37
2303 185 36
2304 190 43
2305 184 35
2306 192 32
2307 180 44
2308 178 39
2309 190 43
2310 184 37
2311 186 30
2312 152 165
2313 151 175
2314 150 163
2315 155 159
2316 150 159
2317 148 173
2318 145 161
2319 145 163
2320 138 172
2321 139 165
2322 139 161
2323 144 161
2324 148 165
2325 140 174
2326 140 163
2327 153 162
2328 152 175
2329 153 176
2330 151 163
2331 147 161
2332 147 163
2333 156 164
2334 143 170
2335 156 165
2336 154 171
2337 139 158
2338 140 176
2339 146 177
2340 142 177
2341 149 158
2342 94 119
2343 88 121
2344 98 133
2345 84 128
2346 87 125
2347 100 120
2348 95 120
2349 100 133
2350 90 129
2351 90 137
2352 85 123
2353 93 125
2354 101 125
2355 85 124
2356 100 133
2357 90 118
2358 99 122
2359 95 135
2360 94 134
2361 102 126
2362 92 124
2363 99 124
2364 88 123
2365 88 119
2366 93 135
2367 85 131
2368 100 125
2369 84 134
2370 100 134
2371 94 125
2372 123 150
2373 125 147
2374 129 155
2375 125 145
2376 123 140
2377 136 154
2378 128 143
2379 128 146
2380 123 146
2381 124 147
2382 136 155
2383 130 153
2384 119 156
2385 121 152
2386 137 139
2387 135 152
2388 132 155
2389 137 150
2390 123 140
2391 130 153
2392 130 156
2393 122 148
2394 132 157
2395 133 144
2396 128 148
2397 120 153
2398 120 155
2399 120 144
2400 128 150
2401 131 153
2402 59 219
2403 59 223
2404 58 228
2405 64 225
2406 51 215
2407 63 230
2408 57 231
2409 57 225
2410 53 217
2411 57 230
2412 49 230
2413 64 227
2414 50 218
2415 55 223
2416 63 222
2417 63 229
2418 61 222
2419 63 224
2420 53 226
2421 64 224
2422 55 227
2423 52 228
2424 50 218
2425 58 222
2426 62 220
2427 57 227
2428 66 229
2429 58 231
2430 49 218
2431 66 225
2432 84 66
2433 99 57
2434 97 56
2435 89 63
2436 100 50
2437 85 56
2438 99 57
2439 98 64
2440 90 63
2441 94 58
2442 102 66
2443 96 50
2444 86 66
2445 89 64
2446 92 60
2447 92 61
2448 89 50
2449 102 52
2450 87 61
2451 84 55
2452 92 55
2453 101 63
2454 95 54
2455 92 59
2456 86 51
2457 87 49
2458 101 56
2459 98 51
2460 102 52
2461 91 54
2462 7 43
2463 3 31
2464 1 40
2465 1 32
2466 7 35
2467 10 45
2468 9 35
2469 8 42
2470 10 40
2471 6 31
2472 8 41
2473 4 41
2474 7 43
2475 2 33
2476 7 32
2477 11 35
2478 2 40
2479 10 31
2480 11 40
2481 10 32
2482 5 41
2483 1 32
2484 2 47
2485 5 48
2486 5 42
2487 7 31
2488 10 32
2489 2 43
2490 5 45
2491 181 228
2492 185 219
2493 184 217
2494 188 217
2495 187 220
2496 185 222
2497 180 216
2498 194 231
2499 189 231
2500 180 223
2501 193 219
2502 192 225
2503 192 216
2504 191 221
2505 178 230
2506 191 229
2507 183 221
2508 185 225
2509 190 221
2510 188 221
2511 190 221
2512 184 218
2513 190 228
2514 187 215
2515 180 222
2516 186 217
2517 182 230
2518 189 217
2519 179 231
2520 181 216
2521 242 226
2522 242 223
2523 248 221
2524 234 222
2525 247 215
2526 235 229
2527 241 219
2528 234 219
2529 236 215
2530 234 218
2531 242 225
2532 237 221
2533 237 225
2534 232 217
2535 243 222
2536 248 226
2537 232 226
2538 247 226
2539 239 222
2540 232 230
2541 244 218
2542 232 226
2543 241 216
2544 240 224
2545 244 220
2546 239 222
2547 240 226
2548 241 228
2549 247 220
2550 233 223
2551 46 123
2552 42 128
2553 45 123
2554 37 121
2555 45 126
2556 36 121
2557 35 121
2558 32 136
2559 34 121
2560 35 136
2561 36 119
2562 42 126
2563 45 125
2564 45 121
2565 30 130
2566 35 131
2567 38 122
2568 35 124
2569 41 130
2570 30 130
2571 40 135
2572 38 133
2573 48 132
2574 32 121
2575 36 122
2576 44 119
2577 47 127
2578 33 127
2579 31 132
2580 30 136
2581 232 1
2582 240 6
2583 246 3
2584 246 11
2585 233 8
2586 240 2
2587 245 9
2588 245 2
2589 237 7
2590 239 9
2591 235 9
2592 245 8
2593 233 10
2594 235 0
2595 235 3
2596 241 2
2597 240 1
2598 239 3
2599 234 6
2600 245 0
2601 235 5
2602 242 6
2603 239 9
2604 241 8
2605 242 9
2606 232 4
2607 248 6
2608 242 1
2609 244 191
2610 233 189
2611 237 187
2612 241 181
2613 239 188
2614 236 182
2615 245 191
2616 234 188
2617 241 180
2618 233 181
2619 244 179
2620 247 184
2621 238 182
2622 246 194
2623 232 190
2624 235 185
2625 238 182
2626 247 181
2627 235 187
2628 248 194
2629 241 178
2630 248 183
2631 233 188
2632 246 186
2633 243 181
2634 234 193
2635 236 186
2636 244 190
2637 243 182
2638 238 191
2639 186 89
2640 189 101
2641 178 94
2642 187 89
2643 183 102
2644 192 86
2645 183 86
2646 192 97
2647 188 90
2648 188 99
2649 194 102
2650 190 94
2651 186 97
2652 190 99
2653 194 101
2654 191 89
2655 191 86
2656 188 100
2657 184 88
2658 185 91
2659 179 97
2660 185 99
2661 192 99
2662 178 92
2663 181 87
2664 183 86
2665 186 94
2666 194 95
2667 182 94
2668 193 100
2669 149 75
2670 144 75
2671 144 71
2672 151 68
2673 141 67
2674 146 72
2675 153 77
2676 152 69
2677 140 78
2678 145 78
2679 138 79
2680 156 80
2681 151 81
2682 157 77
2683 156 79
2684 150 80
2685 138 79
2686 151 71
2687 144 76
2688 152 77
2689 139 79
2690 152 67
2691 145 81
2692 146 79
2693 141 67
2694 155 76
2695 144 78
2696 141 70
2697 139 67
2698 157 71
2699 8 112
2700 10 117
2701 0 107
2702 8 111
2703 8 116
2704 5 115
2705 9 106
2706 5 117
2707 6 105
2708 9 114
2709 10 107
2710 6 114
2711 10 108
2712 0 110
2713 6 111
2714 11 117
2715 11 114
2716 10 117
2717 8 115
2718 6 111
2719 9 111
2720 4 117
2721 7 110
2722 8 115
2723 0 117
2724 8 106
2725 0 107
2726 7 106
2727 1 107
2728 230 165
2729 221 162
2730 216 173
2731 216 171
2732 228 166
2733 215 165
2734 225 163
2735 225 171
2736 225 158
2737 217 170
2738 227 167
2739 227 160
2740 225 169
2741 231 167
2742 217 173
2743 222 164
2744 222 164
2745 228 170
2746 229 176
2747 220 160
2748 231 165
2749 221 170
2750 218 168
2751 222 158
2752 218 174
2753 231 168
2754 224 172
2755 217 159
2756 228 173
2757 218 174
2758 18 48
2759 29 30
2760 25 47
2761 22 46
2762 12 40
2763 13 44
2764 27 32
2765 24 37
2766 23 47
2767 14 34
2768 21 37
2769 21 31
2770 19 44
2771 26 39
2772 13 41
2773 20 40
2774 20 45
2775 28 39
2776 18 41
2777 18 33
2778 16 35
2779 24 31
2780 29 39
2781 21 32
2782 15 37
2783 14 39
2784 27 38
2785 21 37
2786 16 42
2787 13 37
2788 175 102
2789 161 92
2790 177 100
2791 176 98
2792 169 96
2793 161 93
2794 175 94
2795 166 84
2796 169 88
2797 176 84
2798 166 93
2799 175 86
2800 172 85
2801 174 94
2802 160 84
2803 172 101
2804 170 102
2805 176 100
2806 172 85
2807 175 91
2808 176 85
2809 171 91
2810 163 99
2811 173 100
2812 166 92
2813 175 92
2814 172 86
2815 162 102
2816 175 101
2817 163 92
2818 3 183
2819 0 190
2820 8 192
2821 11 179
2822 11 186
2823 10 187
2824 10 182
2825 1 179
2826 2 185
2827 1 178
2828 5 189
2829 9 184
2830 4 188
2831 5 188
2832 4 187
2833 3 186
2834 6 183
2835 5 190
2836 1 191
2837 0 194
2838 10 192
2839 6 179
2840 6 185
2841 11 187
2842 5 182
2843 2 183
2844 7 185
2845 10 186
2846 11 187
2847 229 245
2848 220 237
2849 222 235
2850 221 241
2851 227 238
2852 223 232
2853 216 237
2854 225 243
2855 223 241
2856 226 245
2857 225 246
2858 229 235
2859 217 244
2860 229 245
2861 215 236
2862 229 233
2863 226 247
2864 222 246
2865 224 248
2866 219 246
2867 223 239
2868 219 241
2869 223 244
2870 215 243
2871 228 243
2872 221 247
2873 217 237
2874 226 238
2875 221 247
2876 229 237
2877 103 206
2878 111 204
2879 109 210
2880 110 212
2881 106 211
2882 107 201
2883 113 198
2884 116 204
2885 104 211
2886 104 202
2887 117 212
2888 113 198
2889 110 213
2890 107 208
2891 117 202
2892 107 212
2893 104 199
2894 107 208
2895 105 209
2896 112 205
2897 106 204
2898 110 211
2899 116 200
2900 108 207
2901 110 197
2902 117 203
2903 105 205
2904 107 205
2905 105 203
2906 107 198
2907 149 64
2908 139 53
2909 157 60
2910 147 61
2911 147 54
2912 154 62
2913 147 52
2914 155 65
2915 156 62
2916 149 53
2917 156 58
2918 155 52
2919 140 56
2920 146 62
2921 145 50
2922 154 60
2923 144 57
2924 148 61
2925 149 54
2926 139 58
2927 155 49
2928 153 61
2929 154 57
2930 143 59
2931 140 65
2932 157 49
2933 138 53
2934 157 63
2935 152 58
2936 141 65
