285 308 10 2906
0 6
1 8
2 7
3 9
4 8
5 8
6 11
7 9
8 5
9 8
10 7
11 11
12 4
13 3
14 3
15 3
16 5
17 3
18 4
19 3
20 3
21 3
22 3
23 3
24 3
25 3
26 4
27 3
28 6
29 3
30 6
31 4
32 3
33 4
34 3
35 3
36 4
37 3
38 3
39 3
40 4
41 3
42 3
43 4
44 3
45 3
46 4
47 3
48 6
49 4
50 3
51 3
52 3
53 4
54 4
55 4
56 3
57 3
58 3
59 3
60 3
61 3
62 3
63 3
64 3
65 5
66 3
67 3
68 3
69 4
70 3
71 3
72 3
73 3
74 3
75 3
76 4
77 3
78 3
79 5
80 3
81 3
82 3
83 3
84 3
85 3
86 4
87 4
88 3
89 3
90 3
91 5
92 3
93 3
94 3
95 3
96 3
97 6
98 4
99 3
100 4
101 3
102 3
103 3
104 3
105 3
106 5
107 3
108 3
109 5
110 3
111 4
112 3
113 3
114 3
115 4
116 3
117 3
118 3
119 4
120 3
121 4
122 3
123 3
124 3
125 3
126 3
127 4
128 5
129 3
130 3
131 3
132 3
133 3
134 4
135 6
136 3
137 3
138 4
139 4
140 3
141 3
142 3
143 3
144 3
145 3
146 4
147 5
148 5
149 4
150 3
151 5
152 3
153 3
154 4
155 3
156 3
157 3
158 4
159 4
160 3
161 3
162 3
163 3
164 3
165 3
166 3
167 3
168 3
169 6
170 3
171 3
172 3
173 4
174 3
175 6
176 3
177 3
178 3
179 6
180 3
181 3
182 3
183 6
184 4
185 3
186 4
187 3
188 3
189 3
190 3
191 3
192 3
193 3
194 4
195 3
196 3
197 3
198 4
199 3
200 3
201 3
202 3
203 4
204 4
205 4
206 3
207 4
208 3
209 4
210 5
211 5
212 3
213 4
214 3
215 3
216 3
217 4
218 3
219 3
220 3
221 4
222 3
223 3
224 3
225 3
226 5
227 4
228 3
229 3
230 3
231 3
232 5
233 3
234 3
235 3
236 4
237 3
238 5
239 4
240 3
241 3
242 3
243 4
244 3
245 3
246 3
247 3
248 6
249 3
250 4
251 5
252 3
253 3
254 3
255 3
256 3
257 5
258 4
259 3
260 3
261 4
262 4
263 3
264 3
265 3
266 4
267 3
268 6
269 3
270 3
271 3
272 3
273 3
274 3
275 3
276 5
277 3
278 3
279 5
280 5
281 5
282 3
283 3
284 3
0 0 1
1 0 4
2 0 6
3 0 8
4 0 9
5 0 11
6 1 2
7 1 6
8 1 7
9 1 9
10 1 84
11 1 195
12 2 3
13 2 4
14 2 6
15 2 11
16 3 4
17 3 5
18 3 9
19 3 10
20 3 11
21 3 159
22 3 251
23 4 5
24 4 6
25 4 9
26 4 10
27 4 176
28 5 6
29 5 7
30 5 9
31 5 11
32 5 121
33 6 7
34 6 8
35 6 211
36 6 231
37 7 8
38 7 9
39 7 10
40 7 11
41 8 65
42 9 11
43 9 101
44 10 11
45 10 140
46 11 12
47 11 31
48 11 48
49 11 270
50 12 16
51 13 28
52 14 15
53 14 22
54 16 21
55 16 30
56 17 26
57 18 20
58 18 30
59 19 29
60 19 21
61 22 27
62 23 26
63 23 25
64 24 30
65 25 28
66 27 28
67 28 30
68 31 32
69 31 42
70 33 34
71 33 43
72 34 35
73 34 46
74 35 40
75 36 39
76 36 38
77 36 40
78 37 41
79 37 40
80 38 45
81 41 42
82 43 47
83 44 46
84 48 58
85 48 56
86 48 54
87 49 61
88 49 55
89 50 59
90 50 56
91 51 54
92 51 53
93 52 53
94 53 57
95 55 62
96 55 64
97 57 62
98 60 63
99 63 64
100 65 80
101 65 76
102 66 71
103 67 78
104 67 82
105 67 69
106 68 69
107 68 79
108 69 76
109 70 73
110 70 77
111 70 76
112 71 76
113 72 81
114 73 74
115 75 81
116 75 79
117 79 83
118 84 97
119 85 98
120 86 99
121 86 87
122 87 91
123 88 98
124 88 93
125 89 90
126 90 95
127 91 93
128 91 100
129 92 100
130 94 96
131 94 97
132 95 97
133 97 98
134 101 102
135 102 119
136 103 109
137 104 116
138 104 115
139 104 120
140 105 119
141 106 108
142 106 112
143 106 114
144 106 115
145 107 111
146 109 110
147 109 115
148 110 113
149 111 118
150 111 115
151 114 119
152 117 119
153 121 128
154 122 128
155 122 136
156 122 139
157 123 132
158 124 136
159 125 135
160 126 139
161 127 132
162 127 137
163 128 137
164 129 135
165 130 138
166 131 135
167 133 138
168 134 135
169 134 136
170 135 138
171 140 148
172 141 158
173 142 150
174 142 149
175 142 148
176 143 146
177 144 147
178 145 155
179 145 146
180 146 157
181 146 154
182 147 151
183 147 153
184 148 151
185 149 152
186 151 156
187 153 158
188 154 156
189 159 169
190 160 165
191 160 174
192 161 175
193 162 169
194 162 173
195 162 175
196 163 174
197 164 167
198 164 173
199 166 169
200 167 168
201 168 174
202 169 170
203 171 175
204 172 175
205 176 179
206 177 194
207 178 192
208 178 183
209 179 188
210 179 186
211 179 183
212 180 185
213 181 186
214 182 194
215 183 185
216 183 184
217 184 194
218 186 187
219 186 193
220 188 189
221 189 191
222 190 192
223 195 203
224 196 201
225 197 204
226 198 209
227 198 207
228 199 210
229 200 205
230 201 210
231 202 205
232 203 205
233 203 207
234 204 206
235 204 209
236 207 210
237 208 210
238 211 219
239 211 226
240 212 227
241 213 226
242 213 217
243 213 220
244 214 229
245 214 222
246 215 224
247 216 218
248 216 217
249 217 223
250 218 224
251 218 222
252 220 230
253 221 225
254 221 227
255 226 227
256 227 228
257 231 243
258 232 241
259 232 249
260 232 238
261 233 247
262 234 239
263 234 243
264 234 248
265 235 247
266 236 237
267 236 247
268 236 248
269 238 246
270 238 250
271 239 242
272 240 250
273 244 248
274 245 250
275 248 249
276 251 264
277 251 258
278 252 268
279 253 268
280 254 257
281 255 266
282 256 268
283 257 259
284 257 268
285 258 268
286 258 269
287 259 265
288 260 261
289 261 262
290 262 266
291 263 266
292 263 267
293 267 269
294 270 275
295 270 276
296 271 279
297 272 281
298 273 280
299 273 283
300 274 283
301 276 278
302 276 279
303 276 280
304 277 281
305 279 281
306 280 282
307 283 284
0 135 139
1 130 134
2 137 136
3 133 137
4 126 124
5 127 136
6 139 137
7 133 127
8 130 131
9 125 126
10 122 135
11 132 121
12 139 138
13 123 126
14 135 122
15 134 132
16 123 122
17 134 128
18 127 124
19 123 124
20 126 127
21 138 132
22 125 127
23 126 133
24 139 123
25 123 129
26 18 204
27 25 204
28 29 197
29 14 207
30 18 207
31 20 209
32 28 202
33 30 198
34 15 209
35 26 204
36 27 204
37 17 203
38 25 209
39 20 209
40 16 202
41 27 199
42 16 202
43 14 207
44 15 202
45 19 203
46 24 206
47 30 198
48 23 195
49 18 196
50 12 210
51 27 201
52 20 203
53 19 196
54 28 207
55 14 195
56 27 79
57 18 79
58 17 82
59 24 71
60 17 69
61 24 82
62 13 65
63 18 81
64 25 78
65 28 65
66 14 77
67 19 81
68 17 69
69 30 78
70 27 79
71 18 72
72 27 80
73 21 83
74 29 66
75 23 71
76 28 74
77 28 66
78 30 65
79 17 79
80 18 69
81 27 71
82 13 83
83 18 74
84 21 75
85 16 69
86 226 5
87 222 9
88 226 4
89 223 7
90 227 8
91 230 11
92 220 9
93 225 9
94 229 2
95 226 9
96 226 10
97 222 11
98 223 2
99 221 5
100 219 8
101 220 9
102 225 7
103 228 6
104 214 9
105 228 2
106 212 10
107 223 1
108 215 8
109 224 6
110 223 8
111 230 5
112 214 10
113 213 9
114 217 3
115 9 245
116 2 233
117 5 234
118 2 244
119 3 240
120 2 246
121 5 239
122 11 245
123 5 234
124 1 242
125 10 235
126 4 246
127 6 249
128 0 243
129 9 242
130 9 237
131 2 247
132 0 241
133 3 239
134 6 250
135 4 239
136 2 239
137 5 234
138 9 245
139 6 234
140 3 248
141 2 249
142 7 239
143 8 241
144 160 107
145 168 114
146 171 110
147 171 103
148 160 117
149 168 120
150 163 118
151 174 116
152 172 110
153 173 109
154 160 117
155 175 101
156 160 105
157 174 119
158 171 103
159 173 101
160 166 117
161 175 114
162 171 106
163 163 120
164 173 111
165 171 116
166 174 116
167 161 102
168 168 101
169 164 115
170 164 115
171 169 120
172 174 105
173 164 112
174 184 280
175 193 275
176 185 280
177 187 279
178 181 280
179 186 284
180 176 275
181 188 272
182 178 274
183 179 275
184 178 280
185 192 275
186 180 271
187 188 273
188 177 284
189 179 281
190 182 276
191 184 280
192 193 275
193 176 283
194 185 283
195 185 271
196 189 273
197 190 271
198 194 276
199 177 271
200 184 276
201 184 270
202 189 277
203 179 270
204 10 172
205 2 170
206 2 173
207 9 173
208 7 170
209 6 168
210 4 174
211 2 173
212 3 175
213 6 163
214 0 175
215 2 160
216 1 159
217 9 161
218 10 164
219 1 162
220 2 169
221 6 175
222 7 170
223 0 175
224 4 170
225 8 165
226 7 167
227 0 174
228 8 167
229 3 171
230 2 166
231 0 172
232 10 171
233 90 21
234 93 24
235 84 30
236 91 13
237 94 23
238 98 25
239 96 13
240 89 20
241 93 14
242 97 17
243 90 19
244 84 23
245 93 30
246 99 22
247 84 17
248 100 19
249 92 28
250 90 27
251 88 24
252 95 19
253 95 17
254 93 30
255 94 28
256 84 13
257 90 28
258 84 22
259 85 13
260 94 30
261 91 13
262 87 23
263 2 194
264 11 191
265 1 177
266 7 189
267 2 182
268 11 180
269 6 183
270 7 187
271 6 193
272 2 182
273 10 189
274 1 177
275 2 193
276 6 187
277 10 177
278 10 181
279 10 181
280 11 193
281 7 181
282 4 187
283 10 186
284 9 187
285 5 183
286 6 182
287 3 184
288 4 184
289 10 193
290 5 182
291 69 272
292 75 283
293 76 275
294 65 282
295 81 283
296 82 282
297 78 274
298 75 270
299 83 279
300 72 281
301 72 283
302 82 273
303 71 272
304 71 271
305 71 283
306 66 277
307 70 278
308 79 274
309 75 275
310 82 272
311 69 277
312 79 272
313 70 284
314 68 275
315 74 270
316 83 274
317 73 275
318 70 273
319 66 283
320 82 270
321 221 277
322 228 280
323 214 282
324 221 273
325 221 270
326 212 278
327 218 279
328 212 283
329 212 284
330 221 282
331 215 278
332 230 279
333 212 276
334 229 280
335 227 276
336 226 273
337 230 283
338 216 280
339 229 279
340 225 284
341 229 280
342 226 270
343 230 272
344 225 276
345 227 277
346 214 283
347 215 275
348 223 278
349 212 271
350 230 273
351 280 193
352 271 176
353 277 188
354 276 191
355 280 178
356 274 185
357 283 182
358 281 191
359 282 182
360 275 188
361 271 191
362 279 184
363 283 183
364 275 191
365 272 182
366 283 179
367 283 186
368 270 185
369 274 182
370 282 177
371 273 193
372 278 190
373 274 181
374 280 183
375 280 190
376 282 184
377 277 181
378 282 191
379 278 176
380 277 186
381 209 64
382 196 61
383 202 58
384 208 59
385 199 49
386 197 57
387 207 57
388 206 56
389 204 53
390 198 64
391 206 64
392 202 50
393 197 50
394 209 54
395 202 61
396 207 53
397 195 49
398 204 59
399 208 54
400 208 53
401 209 49
402 200 62
403 198 59
404 201 63
405 197 50
406 203 51
407 195 64
408 201 62
409 201 59
410 204 53
411 225 141
412 222 143
413 216 142
414 222 155
415 222 156
416 220 142
417 221 156
418 223 155
419 230 140
420 216 148
421 218 142
422 226 143
423 219 142
424 215 146
425 230 150
426 230 143
427 227 148
428 218 157
429 211 150
430 212 147
431 220 158
432 221 147
433 230 140
434 213 158
435 223 144
436 214 154
437 222 154
438 221 154
439 216 156
440 229 152
441 28 116
442 28 120
443 17 109
444 27 104
445 23 102
446 16 102
447 19 116
448 29 113
449 24 106
450 12 115
451 27 117
452 30 102
453 23 118
454 17 120
455 21 106
456 29 114
457 17 117
458 20 103
459 26 111
460 26 109
461 17 110
462 25 116
463 14 107
464 28 117
465 30 107
466 19 116
467 12 110
468 22 104
469 23 101
470 29 116
471 234 32
472 238 38
473 232 35
474 249 41
475 231 35
476 249 41
477 240 44
478 236 39
479 244 42
480 243 35
481 243 41
482 239 34
483 232 45
484 238 46
485 231 36
486 236 43
487 237 47
488 232 43
489 235 38
490 231 34
491 242 42
492 243 37
493 248 42
494 231 31
495 245 43
496 245 35
497 248 39
498 246 33
499 234 46
500 243 47
501 154 243
502 145 241
503 154 231
504 150 232
505 158 250
506 143 234
507 151 233
508 144 246
509 152 248
510 145 246
511 142 236
512 152 234
513 147 244
514 148 246
515 140 240
516 157 238
517 149 232
518 144 232
519 158 236
520 156 241
521 140 233
522 146 244
523 153 249
524 151 242
525 149 243
526 151 243
527 154 239
528 156 244
529 151 234
530 142 246
531 129 79
532 136 68
533 126 68
534 139 71
535 129 65
536 134 74
537 130 65
538 128 67
539 134 68
540 136 73
541 127 67
542 129 68
543 133 66
544 135 65
545 131 78
546 135 70
547 128 69
548 133 66
549 129 70
550 126 76
551 136 68
552 124 72
553 121 83
554 131 83
555 136 72
556 126 77
557 138 80
558 121 67
559 129 77
560 133 80
561 2 36
562 6 42
563 10 47
564 0 43
565 0 46
566 11 40
567 3 46
568 4 36
569 2 32
570 1 34
571 5 46
572 8 33
573 3 42
574 1 43
575 4 35
576 0 44
577 4 46
578 11 35
579 6 33
580 7 42
581 6 40
582 9 39
583 4 32
584 7 34
585 0 40
586 3 37
587 7 44
588 275 133
589 276 138
590 284 130
591 272 131
592 274 124
593 271 131
594 272 128
595 270 129
596 284 138
597 272 135
598 271 129
599 281 129
600 284 139
601 273 121
602 279 129
603 277 121
604 270 129
605 276 131
606 273 121
607 276 131
608 273 122
609 270 137
610 274 121
611 281 127
612 280 125
613 280 132
614 282 127
615 279 139
616 281 134
617 278 124
618 230 95
619 229 92
620 220 92
621 228 84
622 218 100
623 213 95
624 213 87
625 216 96
626 223 94
627 229 84
628 225 86
629 218 91
630 214 87
631 211 100
632 212 93
633 219 88
634 218 85
635 222 88
636 211 89
637 218 95
638 212 88
639 230 94
640 214 98
641 221 87
642 211 95
643 221 93
644 215 92
645 220 91
646 213 89
647 215 97
648 87 28
649 89 23
650 99 17
651 86 13
652 90 19
653 97 24
654 84 22
655 86 27
656 96 13
657 91 14
658 98 30
659 99 24
660 85 28
661 95 16
662 86 13
663 92 30
664 92 28
665 92 22
666 90 30
667 84 12
668 100 23
669 98 20
670 87 17
671 87 19
672 90 13
673 95 23
674 85 18
675 97 19
676 100 18
677 91 25
678 15 44
679 28 40
680 15 38
681 14 42
682 18 39
683 24 47
684 21 36
685 18 43
686 18 37
687 24 37
688 26 40
689 14 32
690 22 38
691 24 40
692 27 37
693 15 32
694 25 31
695 29 46
696 26 46
697 18 40
698 28 41
699 19 38
700 24 32
701 22 39
702 24 46
703 17 47
704 29 31
705 20 45
706 16 40
707 24 36
708 195 68
709 198 74
710 205 72
711 198 70
712 209 83
713 203 68
714 206 76
715 201 75
716 195 68
717 208 81
718 199 65
719 198 72
720 206 73
721 197 79
722 206 72
723 207 76
724 209 81
725 204 74
726 202 70
727 200 68
728 196 65
729 209 71
730 195 69
731 208 76
732 198 75
733 207 66
734 209 67
735 205 76
736 203 73
737 199 66
738 73 128
739 81 124
740 78 129
741 72 128
742 78 125
743 75 128
744 65 127
745 81 126
746 67 132
747 70 125
748 72 124
749 74 129
750 81 138
751 66 124
752 70 135
753 72 129
754 66 139
755 73 133
756 78 124
757 83 137
758 82 136
759 74 127
760 65 128
761 73 129
762 76 121
763 80 125
764 83 129
765 80 130
766 65 131
767 70 122
768 137 263
769 126 260
770 129 254
771 124 258
772 131 256
773 131 252
774 135 267
775 129 257
776 125 259
777 137 255
778 121 256
779 126 260
780 133 262
781 130 252
782 123 251
783 124 252
784 133 258
785 123 264
786 122 254
787 136 266
788 129 257
789 122 266
790 124 256
791 132 265
792 121 267
793 130 252
794 138 265
795 132 267
796 121 260
797 136 269
798 208 33
799 208 39
800 205 45
801 209 34
802 202 40
803 203 42
804 208 40
805 206 31
806 195 47
807 208 32
808 196 41
809 204 42
810 203 32
811 201 44
812 197 47
813 208 39
814 210 44
815 208 45
816 196 47
817 200 46
818 207 41
819 206 36
820 204 41
821 199 37
822 201 47
823 204 38
824 209 37
825 205 32
826 207 39
827 197 35
828 53 36
829 62 36
830 60 40
831 58 33
832 55 38
833 57 36
834 61 39
835 49 32
836 51 41
837 50 42
838 57 34
839 57 45
840 58 43
841 51 34
842 59 38
843 48 40
844 48 35
845 58 38
846 52 37
847 63 33
848 53 42
849 52 31
850 64 42
851 54 42
852 51 47
853 59 41
854 61 42
855 49 36
856 58 31
857 48 37
858 161 166
859 171 163
860 161 167
861 163 175
862 163 159
863 165 164
864 165 171
865 159 160
866 163 167
867 168 169
868 162 174
869 160 167
870 175 165
871 170 168
872 172 164
873 172 173
874 166 172
875 168 169
876 165 163
877 159 160
878 165 164
879 36 60
880 36 57
881 44 51
882 44 56
883 37 49
884 38 59
885 37 48
886 40 63
887 41 57
888 32 53
889 31 61
890 33 64
891 36 57
892 31 63
893 33 49
894 37 55
895 46 62
896 42 62
897 32 60
898 42 63
899 37 57
900 43 54
901 40 51
902 35 64
903 38 63
904 35 58
905 45 51
906 32 52
907 39 55
908 36 54
909 155 156
910 144 143
911 141 154
912 142 158
913 151 155
914 145 144
915 152 150
916 151 146
917 148 154
918 147 155
919 142 158
920 157 153
921 142 158
922 152 155
923 149 147
924 150 153
925 152 144
926 145 148
927 154 147
928 140 149
929 144 140
930 149 140
931 140 154
932 142 157
933 149 144
934 65 167
935 65 161
936 82 163
937 78 170
938 79 173
939 71 171
940 79 169
941 67 160
942 67 170
943 80 171
944 66 168
945 77 162
946 73 167
947 78 162
948 67 175
949 75 160
950 69 168
951 70 162
952 68 169
953 68 173
954 72 164
955 75 166
956 81 168
957 65 163
958 70 165
959 66 161
960 66 167
961 79 166
962 72 165
963 74 164
964 158 93
965 140 84
966 146 98
967 153 96
968 154 86
969 141 94
970 142 87
971 140 94
972 156 99
973 144 91
974 151 96
975 149 92
976 152 93
977 141 93
978 157 93
979 153 86
980 152 98
981 150 84
982 147 98
983 148 92
984 144 90
985 141 90
986 155 90
987 143 99
988 143 85
989 158 88
990 147 84
991 142 94
992 157 92
993 156 91
994 3 44
995 2 34
996 9 33
997 10 43
998 7 34
999 6 37
1000 9 37
1001 4 45
1002 2 33
1003 6 39
1004 2 36
1005 4 33
1006 3 44
1007 8 32
1008 3 40
1009 3 42
1010 8 38
1011 4 39
1012 5 43
1013 3 46
1014 0 41
1015 7 35
1016 8 43
1017 1 36
1018 10 38
1019 5 42
1020 4 46
1021 9 47
1022 7 35
1023 232 200
1024 242 200
1025 236 196
1026 244 207
1027 249 204
1028 250 205
1029 240 198
1030 236 209
1031 250 200
1032 239 204
1033 233 195
1034 243 207
1035 242 206
1036 236 196
1037 244 200
1038 233 201
1039 235 207
1040 233 199
1041 237 206
1042 241 195
1043 238 205
1044 243 205
1045 231 207
1046 241 200
1047 241 205
1048 244 196
1049 240 208
1050 242 207
1051 237 197
1052 247 204
1053 89 23
1054 84 21
1055 89 23
1056 97 15
1057 88 24
1058 88 25
1059 87 26
1060 85 15
1061 100 19
1062 94 18
1063 92 28
1064 91 14
1065 100 26
1066 96 16
1067 96 18
1068 97 28
1069 94 20
1070 87 15
1071 94 12
1072 95 25
1073 90 28
1074 99 13
1075 90 20
1076 89 20
1077 85 25
1078 86 26
1079 100 21
1080 93 16
1081 94 13
1082 88 16
1083 271 249
1084 283 248
1085 275 234
1086 274 233
1087 282 244
1088 276 248
1089 284 248
1090 281 238
1091 283 241
1092 272 236
1093 274 240
1094 282 242
1095 283 231
1096 283 250
1097 275 246
1098 273 248
1099 278 246
1100 270 248
1101 270 235
1102 284 239
1103 275 246
1104 278 250
1105 272 238
1106 279 247
1107 283 243
1108 276 250
1109 284 244
1110 274 241
1111 275 248
1112 276 239
1113 87 173
1114 88 168
1115 99 174
1116 86 161
1117 93 165
1118 96 166
1119 91 173
1120 89 167
1121 85 165
1122 95 165
1123 89 164
1124 99 159
1125 97 175
1126 100 168
1127 93 171
1128 92 164
1129 87 159
1130 88 161
1131 94 175
1132 87 161
1133 85 171
1134 85 160
1135 95 175
1136 100 172
1137 84 168
1138 87 168
1139 99 170
1140 90 168
1141 92 161
1142 87 163
1143 256 112
1144 255 110
1145 255 117
1146 260 110
1147 260 116
1148 254 118
1149 264 116
1150 264 113
1151 266 116
1152 264 102
1153 263 120
1154 263 118
1155 262 104
1156 252 111
1157 266 101
1158 256 103
1159 262 117
1160 255 111
1161 260 111
1162 261 116
1163 268 109
1164 268 117
1165 258 116
1166 265 106
1167 260 116
1168 266 109
1169 258 104
1170 254 113
1171 266 115
1172 258 116
1173 199 153
1174 206 155
1175 201 154
1176 210 141
1177 210 151
1178 201 150
1179 206 144
1180 196 151
1181 202 149
1182 209 145
1183 205 149
1184 196 156
1185 201 152
1186 205 156
1187 203 148
1188 203 158
1189 196 145
1190 203 158
1191 207 141
1192 209 148
1193 206 157
1194 210 156
1195 202 148
1196 208 143
1197 207 145
1198 205 144
1199 209 158
1200 202 150
1201 198 151
1202 206 146
1203 200 209
1204 195 197
1205 199 204
1206 203 206
1207 207 202
1208 203 208
1209 204 208
1210 209 195
1211 198 195
1212 196 202
1213 195 196
1214 198 208
1215 196 209
1216 209 199
1217 203 209
1218 204 199
1219 208 198
1220 196 203
1221 196 209
1222 206 207
1223 167 42
1224 172 31
1225 167 43
1226 163 32
1227 162 38
1228 166 37
1229 167 31
1230 162 43
1231 161 44
1232 166 38
1233 165 39
1234 172 33
1235 161 35
1236 170 45
1237 162 44
1238 170 36
1239 174 41
1240 161 34
1241 169 43
1242 168 39
1243 164 38
1244 164 40
1245 175 41
1246 169 38
1247 162 38
1248 161 40
1249 165 35
1250 166 46
1251 162 33
1252 160 38
1253 56 146
1254 50 143
1255 49 144
1256 60 153
1257 49 154
1258 60 155
1259 58 140
1260 62 140
1261 56 154
1262 52 154
1263 59 141
1264 54 144
1265 51 151
1266 49 152
1267 56 143
1268 59 155
1269 62 144
1270 48 153
1271 60 155
1272 58 156
1273 52 148
1274 57 157
1275 58 157
1276 56 142
1277 53 148
1278 63 147
1279 48 154
1280 55 158
1281 54 157
1282 57 153
1283 133 207
1284 139 210
1285 121 199
1286 137 199
1287 122 208
1288 134 197
1289 127 200
1290 130 200
1291 127 200
1292 130 204
1293 139 197
1294 138 205
1295 130 203
1296 128 207
1297 134 196
1298 124 210
1299 123 195
1300 128 205
1301 129 201
1302 135 199
1303 126 209
1304 133 196
1305 128 202
1306 131 202
1307 126 207
1308 135 198
1309 132 201
1310 127 210
1311 139 206
1312 127 199
1313 227 6
1314 220 7
1315 216 2
1316 224 9
1317 219 2
1318 220 11
1319 223 7
1320 216 2
1321 211 9
1322 223 6
1323 221 3
1324 222 11
1325 230 7
1326 226 1
1327 222 6
1328 217 5
1329 219 8
1330 227 10
1331 221 5
1332 213 8
1333 227 9
1334 220 7
1335 218 11
1336 224 4
1337 223 10
1338 228 9
1339 215 11
1340 215 11
1341 71 164
1342 73 172
1343 77 173
1344 67 162
1345 76 172
1346 68 162
1347 67 160
1348 77 160
1349 65 175
1350 68 169
1351 73 174
1352 83 163
1353 79 173
1354 71 160
1355 81 170
1356 83 173
1357 68 169
1358 82 173
1359 71 170
1360 78 160
1361 75 175
1362 67 161
1363 67 165
1364 72 162
1365 70 174
1366 83 159
1367 66 169
1368 75 159
1369 80 161
1370 66 168
1371 182 2
1372 190 0
1373 192 0
1374 191 9
1375 193 6
1376 185 1
1377 181 4
1378 193 3
1379 185 2
1380 193 8
1381 188 8
1382 193 5
1383 193 10
1384 186 7
1385 177 6
1386 194 2
1387 177 5
1388 187 6
1389 190 8
1390 178 11
1391 181 8
1392 193 0
1393 190 2
1394 189 2
1395 187 6
1396 185 8
1397 181 10
1398 178 7
1399 208 17
1400 198 18
1401 203 14
1402 207 26
1403 207 19
1404 196 28
1405 209 23
1406 203 22
1407 195 15
1408 210 20
1409 195 15
1410 202 16
1411 205 21
1412 195 21
1413 196 24
1414 208 22
1415 196 26
1416 201 23
1417 201 26
1418 201 13
1419 207 30
1420 204 19
1421 195 12
1422 198 18
1423 195 13
1424 207 14
1425 210 13
1426 196 18
1427 199 30
1428 209 17
1429 184 144
1430 183 156
1431 182 154
1432 190 144
1433 189 152
1434 191 140
1435 193 154
1436 194 154
1437 177 157
1438 180 154
1439 190 148
1440 182 148
1441 193 147
1442 194 154
1443 184 140
1444 182 155
1445 183 140
1446 193 153
1447 178 144
1448 183 143
1449 186 153
1450 189 154
1451 189 148
1452 176 146
1453 191 149
1454 184 145
1455 180 150
1456 184 152
1457 191 148
1458 182 153
1459 8 143
1460 10 157
1461 9 156
1462 9 140
1463 2 146
1464 1 147
1465 8 154
1466 5 143
1467 9 147
1468 10 150
1469 5 156
1470 3 151
1471 6 153
1472 0 155
1473 7 146
1474 10 155
1475 5 149
1476 9 142
1477 1 149
1478 3 157
1479 9 144
1480 4 154
1481 11 149
1482 7 142
1483 10 150
1484 3 158
1485 0 148
1486 2 146
1487 1 140
1488 7 148
1489 150 49
1490 143 53
1491 152 50
1492 142 63
1493 146 57
1494 155 50
1495 156 48
1496 154 50
1497 158 59
1498 155 50
1499 144 58
1500 141 53
1501 140 59
1502 145 52
1503 157 57
1504 145 49
1505 140 48
1506 146 62
1507 151 51
1508 146 56
1509 148 57
1510 155 51
1511 152 50
1512 154 54
1513 140 51
1514 153 54
1515 153 54
1516 158 56
1517 145 59
1518 154 58
1519 192 146
1520 189 153
1521 185 151
1522 180 149
1523 184 145
1524 176 147
1525 176 148
1526 191 147
1527 178 153
1528 178 155
1529 182 158
1530 192 143
1531 189 141
1532 186 151
1533 183 149
1534 181 146
1535 190 144
1536 177 155
1537 182 153
1538 191 142
1539 189 153
1540 190 141
1541 179 149
1542 190 144
1543 178 140
1544 184 156
1545 192 151
1546 184 145
1547 187 140
1548 180 147
1549 10 181
1550 1 182
1551 11 178
1552 0 179
1553 6 192
1554 1 176
1555 4 186
1556 8 189
1557 0 191
1558 2 182
1559 6 184
1560 8 185
1561 5 179
1562 5 185
1563 7 187
1564 11 183
1565 3 185
1566 10 191
1567 2 184
1568 0 182
1569 7 192
1570 2 177
1571 5 182
1572 9 192
1573 0 187
1574 1 189
1575 8 189
1576 195 52
1577 199 56
1578 206 57
1579 205 50
1580 199 59
1581 199 48
1582 201 59
1583 196 50
1584 197 54
1585 199 52
1586 202 54
1587 195 57
1588 208 60
1589 205 63
1590 209 54
1591 199 56
1592 202 53
1593 196 59
1594 205 59
1595 206 57
1596 196 63
1597 204 62
1598 210 49
1599 203 62
1600 210 60
1601 207 53
1602 195 51
1603 210 63
1604 205 60
1605 201 53
1606 89 42
1607 91 44
1608 92 33
1609 88 40
1610 92 34
1611 91 46
1612 96 44
1613 87 32
1614 98 47
1615 91 42
1616 87 37
1617 98 47
1618 88 39
1619 84 44
1620 97 43
1621 100 47
1622 96 46
1623 92 47
1624 99 44
1625 94 31
1626 92 42
1627 87 43
1628 93 43
1629 90 42
1630 99 35
1631 97 31
1632 86 40
1633 93 36
1634 84 35
1635 91 37
1636 11 52
1637 6 51
1638 3 64
1639 9 49
1640 4 54
1641 3 52
1642 1 59
1643 10 52
1644 9 60
1645 7 59
1646 1 56
1647 2 51
1648 7 64
1649 10 55
1650 8 64
1651 3 57
1652 11 60
1653 9 49
1654 2 55
1655 10 57
1656 10 51
1657 9 57
1658 5 53
1659 4 52
1660 3 63
1661 10 64
1662 11 62
1663 9 63
1664 5 57
1665 200 57
1666 199 54
1667 201 62
1668 209 62
1669 202 50
1670 202 52
1671 201 58
1672 202 48
1673 198 61
1674 205 57
1675 204 53
1676 196 63
1677 200 59
1678 209 58
1679 200 52
1680 202 57
1681 197 64
1682 199 61
1683 196 59
1684 195 56
1685 209 54
1686 209 51
1687 201 64
1688 204 64
1689 208 53
1690 201 56
1691 204 50
1692 205 60
1693 203 48
1694 207 50
1695 274 64
1696 276 57
1697 280 59
1698 273 52
1699 274 58
1700 282 62
1701 284 62
1702 277 54
1703 273 52
1704 282 49
1705 282 60
1706 283 48
1707 275 56
1708 284 55
1709 276 64
1710 277 50
1711 283 56
1712 279 57
1713 282 56
1714 280 52
1715 273 56
1716 281 53
1717 274 62
1718 275 52
1719 275 64
1720 270 53
1721 274 50
1722 281 59
1723 273 54
1724 277 60
1725 146 51
1726 141 57
1727 157 63
1728 152 56
1729 152 62
1730 143 58
1731 141 59
1732 155 60
1733 151 61
1734 142 57
1735 145 57
1736 158 61
1737 153 58
1738 151 62
1739 144 52
1740 143 53
1741 148 53
1742 149 53
1743 148 59
1744 141 57
1745 155 57
1746 149 49
1747 147 50
1748 156 58
1749 156 55
1750 154 54
1751 147 56
1752 143 48
1753 153 54
1754 152 49
1755 95 150
1756 94 154
1757 84 143
1758 86 143
1759 89 155
1760 96 153
1761 87 157
1762 88 157
1763 96 157
1764 97 140
1765 90 146
1766 93 142
1767 90 152
1768 96 144
1769 93 146
1770 85 146
1771 96 152
1772 92 147
1773 97 144
1774 84 157
1775 91 145
1776 91 152
1777 87 155
1778 86 148
1779 99 148
1780 100 149
1781 87 149
1782 95 158
1783 95 140
1784 93 149
1785 199 123
1786 209 129
1787 207 122
1788 209 127
1789 198 121
1790 203 129
1791 197 132
1792 203 139
1793 209 128
1794 198 127
1795 206 126
1796 200 123
1797 196 133
1798 201 128
1799 198 132
1800 199 128
1801 201 137
1802 203 139
1803 195 136
1804 207 127
1805 201 133
1806 200 138
1807 201 137
1808 209 121
1809 203 125
1810 206 139
1811 195 136
1812 197 121
1813 208 134
1814 196 133
1815 233 137
1816 248 123
1817 233 123
1818 239 128
1819 246 121
1820 239 136
1821 232 137
1822 236 122
1823 238 124
1824 239 138
1825 231 134
1826 236 125
1827 250 138
1828 239 132
1829 236 139
1830 242 135
1831 249 122
1832 240 124
1833 232 135
1834 237 128
1835 233 136
1836 250 124
1837 236 125
1838 248 136
1839 241 135
1840 243 123
1841 234 124
1842 246 121
1843 246 126
1844 234 123
1845 88 254
1846 96 267
1847 93 269
1848 96 260
1849 98 269
1850 95 266
1851 96 258
1852 92 255
1853 97 267
1854 88 254
1855 90 262
1856 99 265
1857 88 259
1858 90 264
1859 98 266
1860 87 262
1861 88 252
1862 85 255
1863 88 267
1864 90 254
1865 94 254
1866 86 257
1867 85 261
1868 97 258
1869 96 258
1870 100 264
1871 97 251
1872 93 258
1873 92 262
1874 92 260
1875 124 277
1876 124 276
1877 129 283
1878 132 274
1879 137 280
1880 138 270
1881 121 273
1882 121 282
1883 132 282
1884 130 280
1885 131 275
1886 133 278
1887 129 278
1888 125 273
1889 131 278
1890 134 270
1891 131 278
1892 138 273
1893 136 278
1894 127 271
1895 139 270
1896 136 283
1897 122 270
1898 129 271
1899 132 274
1900 128 275
1901 129 270
1902 126 282
1903 136 280
1904 126 280
1905 116 179
1906 115 179
1907 102 182
1908 111 183
1909 117 184
1910 117 183
1911 119 189
1912 111 183
1913 105 193
1914 117 177
1915 104 188
1916 106 178
1917 107 191
1918 102 185
1919 115 183
1920 116 193
1921 104 192
1922 106 178
1923 107 179
1924 112 178
1925 115 188
1926 108 180
1927 116 181
1928 102 193
1929 110 178
1930 104 178
1931 108 180
1932 115 176
1933 114 186
1934 110 177
1935 91 65
1936 87 76
1937 99 75
1938 97 80
1939 100 76
1940 84 74
1941 95 68
1942 88 83
1943 89 72
1944 89 76
1945 88 65
1946 95 73
1947 98 73
1948 96 77
1949 84 67
1950 85 76
1951 84 82
1952 89 72
1953 95 82
1954 87 68
1955 90 67
1956 92 67
1957 87 77
1958 84 73
1959 93 80
1960 86 83
1961 87 67
1962 84 72
1963 85 75
1964 84 76
1965 13 222
1966 12 229
1967 27 212
1968 14 223
1969 17 215
1970 14 226
1971 13 218
1972 15 217
1973 18 211
1974 15 216
1975 24 214
1976 18 220
1977 24 218
1978 30 229
1979 15 225
1980 24 214
1981 18 218
1982 27 217
1983 21 218
1984 22 221
1985 30 228
1986 15 225
1987 16 221
1988 26 213
1989 21 225
1990 29 221
1991 18 228
1992 12 222
1993 16 222
1994 24 225
1995 178 116
1996 181 102
1997 177 120
1998 178 116
1999 184 115
2000 177 107
2001 190 111
2002 180 115
2003 191 101
2004 183 104
2005 183 103
2006 190 110
2007 192 105
2008 181 118
2009 184 102
2010 186 108
2011 193 105
2012 178 109
2013 188 117
2014 176 119
2015 182 108
2016 190 116
2017 178 103
2018 186 109
2019 191 102
2020 189 107
2021 181 106
2022 177 112
2023 182 112
2024 179 102
2025 224 24
2026 225 24
2027 225 27
2028 227 16
2029 212 26
2030 216 18
2031 228 13
2032 211 17
2033 221 21
2034 228 18
2035 215 21
2036 211 23
2037 227 22
2038 221 30
2039 227 12
2040 211 29
2041 225 19
2042 224 19
2043 225 16
2044 213 16
2045 213 26
2046 225 19
2047 219 26
2048 215 29
2049 218 29
2050 228 12
2051 219 21
2052 215 28
2053 224 27
2054 228 20
2055 102 111
2056 103 102
2057 106 118
2058 102 113
2059 103 106
2060 108 116
2061 103 106
2062 108 120
2063 118 103
2064 118 114
2065 113 106
2066 108 113
2067 117 118
2068 114 110
2069 115 102
2070 101 105
2071 120 118
2072 120 112
2073 108 103
2074 106 116
2075 114 107
2076 98 184
2077 91 193
2078 96 193
2079 99 178
2080 91 186
2081 90 191
2082 95 188
2083 89 179
2084 98 186
2085 90 186
2086 100 182
2087 86 189
2088 87 191
2089 100 176
2090 99 187
2091 92 185
2092 85 189
2093 100 187
2094 99 179
2095 99 181
2096 96 179
2097 90 179
2098 84 183
2099 100 184
2100 93 181
2101 86 192
2102 86 186
2103 88 192
2104 96 191
2105 92 176
2106 97 247
2107 90 231
2108 94 232
2109 94 241
2110 88 248
2111 99 243
2112 93 248
2113 98 247
2114 85 235
2115 100 233
2116 95 246
2117 84 231
2118 85 248
2119 89 231
2120 98 235
2121 96 246
2122 97 236
2123 88 241
2124 96 247
2125 90 232
2126 99 248
2127 88 239
2128 93 231
2129 96 241
2130 88 236
2131 96 246
2132 92 245
2133 87 240
2134 86 249
2135 94 246
2136 192 122
2137 190 128
2138 181 123
2139 180 134
2140 191 130
2141 179 132
2142 192 133
2143 180 121
2144 188 138
2145 177 121
2146 177 131
2147 177 125
2148 178 134
2149 185 122
2150 191 132
2151 176 139
2152 185 127
2153 180 136
2154 186 134
2155 176 139
2156 185 121
2157 192 135
2158 176 122
2159 180 138
2160 179 136
2161 181 130
2162 185 132
2163 194 127
2164 192 126
2165 177 126
2166 231 170
2167 246 168
2168 245 174
2169 235 165
2170 233 162
2171 234 173
2172 241 162
2173 239 169
2174 239 166
2175 248 165
2176 238 172
2177 243 159
2178 245 167
2179 247 172
2180 231 162
2181 239 171
2182 249 165
2183 234 172
2184 232 161
2185 232 162
2186 235 159
2187 231 161
2188 242 174
2189 239 162
2190 242 164
2191 233 171
2192 243 172
2193 233 170
2194 244 162
2195 231 172
2196 157 85
2197 149 87
2198 149 86
2199 152 87
2200 157 91
2201 143 95
2202 157 84
2203 158 89
2204 151 93
2205 145 94
2206 149 86
2207 149 86
2208 151 95
2209 140 100
2210 157 84
2211 156 96
2212 151 92
2213 156 86
2214 145 90
2215 143 92
2216 148 90
2217 158 98
2218 158 97
2219 142 87
2220 148 91
2221 144 95
2222 140 96
2223 156 90
2224 157 91
2225 157 89
2226 117 120
2227 110 119
2228 107 114
2229 118 103
2230 109 119
2231 101 105
2232 118 120
2233 116 105
2234 108 105
2235 116 119
2236 112 104
2237 114 101
2238 101 107
2239 113 111
2240 115 113
2241 106 117
2242 110 111
2243 108 105
2244 104 107
2245 108 105
2246 107 112
2247 135 280
2248 122 279
2249 135 282
2250 139 283
2251 121 273
2252 121 282
2253 122 281
2254 133 274
2255 128 284
2256 121 284
2257 129 280
2258 136 283
2259 121 270
2260 127 277
2261 133 277
2262 136 281
2263 139 283
2264 130 272
2265 139 279
2266 134 280
2267 134 272
2268 121 277
2269 128 270
2270 134 282
2271 128 280
2272 130 282
2273 124 275
2274 133 282
2275 128 277
2276 130 277
2277 233 204
2278 250 208
2279 239 206
2280 234 208
2281 237 195
2282 235 205
2283 248 203
2284 232 206
2285 246 196
2286 247 200
2287 236 202
2288 243 207
2289 250 199
2290 241 205
2291 243 206
2292 241 195
2293 241 204
2294 250 207
2295 246 203
2296 233 205
2297 243 196
2298 244 209
2299 248 197
2300 243 202
2301 246 195
2302 237 203
2303 240 203
2304 245 195
2305 238 198
2306 235 205
2307 146 61
2308 149 53
2309 153 50
2310 143 57
2311 140 55
2312 152 59
2313 149 58
2314 143 59
2315 143 59
2316 157 62
2317 151 63
2318 147 59
2319 152 56
2320 146 50
2321 142 53
2322 158 63
2323 153 59
2324 144 57
2325 158 56
2326 150 60
2327 153 54
2328 142 49
2329 144 56
2330 148 50
2331 146 55
2332 143 58
2333 141 56
2334 154 52
2335 152 52
2336 146 51
2337 153 87
2338 143 91
2339 155 86
2340 151 86
2341 147 93
2342 149 95
2343 152 98
2344 149 88
2345 144 100
2346 158 98
2347 149 96
2348 153 91
2349 151 84
2350 154 95
2351 154 95
2352 153 89
2353 143 84
2354 154 85
2355 147 84
2356 158 87
2357 154 85
2358 146 91
2359 145 99
2360 158 87
2361 151 84
2362 143 89
2363 152 88
2364 141 86
2365 156 91
2366 157 99
2367 281 115
2368 283 115
2369 280 115
2370 277 107
2371 282 115
2372 279 112
2373 271 104
2374 284 119
2375 281 116
2376 282 116
2377 273 109
2378 271 118
2379 281 114
2380 284 116
2381 271 117
2382 270 103
2383 273 114
2384 270 101
2385 270 118
2386 278 118
2387 278 108
2388 280 106
2389 283 107
2390 273 107
2391 274 101
2392 274 110
2393 274 109
2394 270 117
2395 276 113
2396 274 119
2397 223 45
2398 213 34
2399 230 38
2400 218 41
2401 218 41
2402 228 40
2403 213 37
2404 228 43
2405 219 34
2406 226 43
2407 223 45
2408 227 35
2409 213 36
2410 225 33
2411 212 42
2412 215 31
2413 222 34
2414 223 34
2415 223 45
2416 215 36
2417 215 45
2418 221 31
2419 219 46
2420 230 40
2421 213 39
2422 212 40
2423 225 41
2424 220 31
2425 220 34
2426 216 34
2427 28 86
2428 17 100
2429 28 97
2430 30 97
2431 29 84
2432 14 87
2433 20 87
2434 29 100
2435 12 85
2436 16 90
2437 24 98
2438 28 96
2439 14 98
2440 21 89
2441 12 85
2442 12 96
2443 23 100
2444 12 99
2445 29 85
2446 30 90
2447 29 89
2448 25 97
2449 20 98
2450 23 95
2451 30 97
2452 17 94
2453 25 88
2454 26 100
2455 22 91
2456 18 88
2457 72 121
2458 81 139
2459 69 134
2460 65 133
2461 74 124
2462 83 139
2463 79 124
2464 80 131
2465 73 128
2466 75 123
2467 81 135
2468 67 122
2469 72 129
2470 76 121
2471 74 138
2472 71 138
2473 68 134
2474 76 128
2475 72 128
2476 80 138
2477 78 134
2478 69 125
2479 82 128
2480 70 130
2481 65 121
2482 78 133
2483 65 121
2484 80 127
2485 70 122
2486 76 126
2487 40 158
2488 35 141
2489 33 150
2490 39 150
2491 46 151
2492 31 150
2493 43 145
2494 42 148
2495 36 148
2496 47 147
2497 46 153
2498 42 145
2499 41 154
2500 34 147
2501 42 153
2502 43 153
2503 37 146
2504 36 141
2505 44 147
2506 32 149
2507 39 147
2508 43 153
2509 34 146
2510 46 146
2511 36 142
2512 38 149
2513 40 148
2514 31 156
2515 35 143
2516 38 153
2517 150 182
2518 144 184
2519 147 177
2520 150 186
2521 150 188
2522 156 180
2523 143 176
2524 148 186
2525 153 178
2526 155 185
2527 140 188
2528 143 177
2529 156 185
2530 158 182
2531 149 192
2532 154 191
2533 151 190
2534 153 182
2535 145 181
2536 149 181
2537 151 187
2538 145 184
2539 158 184
2540 156 178
2541 142 176
2542 158 179
2543 152 190
2544 151 193
2545 158 189
2546 151 184
2547 80 199
2548 81 197
2549 68 207
2550 72 204
2551 70 203
2552 76 204
2553 83 202
2554 75 210
2555 66 205
2556 80 198
2557 80 204
2558 82 200
2559 78 199
2560 77 202
2561 65 208
2562 65 209
2563 67 200
2564 73 207
2565 76 200
2566 72 209
2567 80 195
2568 77 201
2569 83 198
2570 80 204
2571 66 195
2572 70 210
2573 68 197
2574 80 200
2575 73 207
2576 71 199
2577 262 106
2578 264 101
2579 269 116
2580 263 119
2581 253 113
2582 268 105
2583 269 114
2584 262 118
2585 269 104
2586 265 110
2587 265 108
2588 267 114
2589 267 108
2590 260 114
2591 258 118
2592 269 110
2593 262 113
2594 259 110
2595 258 111
2596 251 114
2597 267 113
2598 255 115
2599 256 120
2600 258 109
2601 258 111
2602 261 115
2603 252 116
2604 265 108
2605 258 117
2606 256 114
2607 197 7
2608 210 11
2609 204 5
2610 205 10
2611 201 7
2612 206 11
2613 205 6
2614 203 3
2615 210 3
2616 203 6
2617 207 7
2618 201 2
2619 200 1
2620 205 3
2621 206 9
2622 198 1
2623 208 10
2624 205 0
2625 205 11
2626 201 0
2627 201 5
2628 208 11
2629 201 3
2630 197 7
2631 209 0
2632 198 2
2633 198 3
2634 196 5
2635 206 5
2636 2 99
2637 10 100
2638 10 88
2639 7 93
2640 3 95
2641 6 93
2642 10 89
2643 9 94
2644 11 92
2645 7 98
2646 8 84
2647 10 97
2648 11 92
2649 11 86
2650 8 86
2651 8 89
2652 3 88
2653 3 89
2654 2 100
2655 10 90
2656 5 97
2657 10 94
2658 2 95
2659 11 90
2660 10 95
2661 3 97
2662 9 90
2663 6 90
2664 4 90
2665 1 100
2666 117 279
2667 106 275
2668 112 270
2669 108 284
2670 117 284
2671 113 275
2672 117 271
2673 114 276
2674 112 275
2675 107 271
2676 114 272
2677 113 280
2678 109 273
2679 107 277
2680 105 273
2681 119 270
2682 116 271
2683 108 279
2684 120 281
2685 119 275
2686 106 280
2687 105 275
2688 110 271
2689 104 272
2690 118 270
2691 114 279
2692 111 277
2693 119 273
2694 116 282
2695 104 274
2696 143 276
2697 154 283
2698 148 282
2699 147 277
2700 142 276
2701 143 275
2702 157 281
2703 145 283
2704 150 274
2705 155 270
2706 142 276
2707 153 270
2708 146 276
2709 147 270
2710 157 278
2711 149 276
2712 147 280
2713 153 273
2714 155 270
2715 145 271
2716 151 284
2717 155 280
2718 154 281
2719 151 283
2720 140 280
2721 154 274
2722 146 283
2723 145 276
2724 156 282
2725 142 280
2726 171 247
2727 170 247
2728 161 241
2729 167 247
2730 166 240
2731 161 241
2732 168 231
2733 163 250
2734 161 241
2735 175 245
2736 173 231
2737 161 233
2738 170 240
2739 170 231
2740 170 247
2741 160 240
2742 159 241
2743 174 243
2744 167 238
2745 166 233
2746 172 245
2747 165 249
2748 167 237
2749 167 240
2750 165 250
2751 174 234
2752 175 246
2753 167 235
2754 166 248
2755 168 233
2756 231 106
2757 239 111
2758 241 117
2759 231 105
2760 247 108
2761 243 104
2762 248 107
2763 240 103
2764 237 101
2765 237 106
2766 240 104
2767 248 114
2768 231 119
2769 232 120
2770 246 108
2771 235 112
2772 231 118
2773 238 105
2774 240 114
2775 231 118
2776 238 103
2777 238 109
2778 231 103
2779 248 101
2780 240 116
2781 238 114
2782 239 117
2783 244 113
2784 243 116
2785 239 113
2786 38 52
2787 38 50
2788 45 64
2789 36 53
2790 37 63
2791 42 60
2792 35 63
2793 33 48
2794 44 48
2795 36 53
2796 39 58
2797 44 59
2798 42 59
2799 32 49
2800 41 63
2801 34 51
2802 33 56
2803 37 48
2804 32 51
2805 45 61
2806 37 55
2807 46 48
2808 40 58
2809 40 50
2810 46 62
2811 32 49
2812 47 62
2813 44 61
2814 43 59
2815 40 48
2816 0 247
2817 8 246
2818 4 236
2819 3 240
2820 7 247
2821 2 244
2822 3 242
2823 4 232
2824 6 233
2825 1 241
2826 2 234
2827 0 247
2828 9 240
2829 10 247
2830 0 248
2831 9 233
2832 2 238
2833 9 233
2834 8 244
2835 10 231
2836 4 246
2837 10 235
2838 6 234
2839 10 232
2840 1 246
2841 4 244
2842 3 236
2843 11 250
2844 10 245
2845 4 242
2846 267 168
2847 260 168
2848 261 170
2849 266 167
2850 255 160
2851 256 170
2852 267 173
2853 269 168
2854 254 159
2855 263 170
2856 267 160
2857 264 171
2858 253 168
2859 269 175
2860 269 169
2861 252 166
2862 254 159
2863 268 167
2864 262 162
2865 267 175
2866 267 175
2867 256 161
2868 253 171
2869 258 165
2870 255 160
2871 261 165
2872 261 175
2873 267 175
2874 265 162
2875 259 169
2876 37 94
2877 39 88
2878 43 97
2879 43 88
2880 35 84
2881 31 91
2882 31 98
2883 31 99
2884 36 96
2885 32 91
2886 43 92
2887 35 97
2888 34 93
2889 32 84
2890 46 100
2891 39 92
2892 46 97
2893 45 85
2894 43 99
2895 38 98
2896 47 93
2897 32 87
2898 38 100
2899 35 95
2900 33 93
2901 37 90
2902 38 94
2903 39 90
2904 41 100
2905 42 88
