276 304 10 2934
0 7
1 12
2 12
3 10
4 10
5 9
6 10
7 9
8 10
9 5
10 11
11 6
12 4
13 4
14 3
15 3
16 3
17 3
18 3
19 3
20 3
21 4
22 3
23 3
24 4
25 3
26 3
27 3
28 3
29 3
30 3
31 3
32 4
33 5
34 3
35 3
36 3
37 3
38 4
39 4
40 3
41 3
42 3
43 3
44 5
45 3
46 4
47 4
48 5
49 3
50 4
51 3
52 3
53 6
54 3
55 4
56 3
57 4
58 4
59 4
60 3
61 5
62 3
63 3
64 6
65 3
66 3
67 4
68 5
69 3
70 3
71 4
72 3
73 3
74 3
75 5
76 3
77 3
78 3
79 4
80 3
81 3
82 4
83 5
84 3
85 3
86 3
87 3
88 4
89 3
90 3
91 3
92 4
93 3
94 3
95 4
96 4
97 5
98 3
99 3
100 3
101 3
102 3
103 3
104 3
105 3
106 3
107 3
108 4
109 6
110 3
111 4
112 3
113 4
114 3
115 3
116 4
117 3
118 3
119 4
120 3
121 4
122 3
123 4
124 3
125 3
126 3
127 3
128 5
129 4
130 3
131 3
132 3
133 3
134 3
135 4
136 5
137 3
138 3
139 3
140 3
141 3
142 3
143 3
144 3
145 5
146 3
147 4
148 3
149 3
150 3
151 3
152 4
153 4
154 4
155 3
156 4
157 3
158 3
159 3
160 3
161 3
162 3
163 3
164 4
165 3
166 3
167 3
168 3
169 4
170 4
171 7
172 3
173 3
174 3
175 3
176 3
177 3
178 3
179 3
180 3
181 4
182 5
183 3
184 4
185 3
186 3
187 3
188 5
189 4
190 3
191 3
192 3
193 3
194 3
195 3
196 3
197 3
198 3
199 4
200 5
201 3
202 3
203 3
204 3
205 3
206 3
207 3
208 4
209 3
210 3
211 3
212 3
213 4
214 3
215 6
216 3
217 4
218 3
219 4
220 3
221 4
222 3
223 3
224 4
225 5
226 3
227 3
228 5
229 3
230 4
231 3
232 5
233 3
234 3
235 3
236 3
237 3
238 3
239 3
240 4
241 3
242 5
243 3
244 3
245 3
246 7
247 3
248 3
249 4
250 3
251 3
252 3
253 4
254 3
255 3
256 4
257 4
258 3
259 3
260 4
261 5
262 4
263 3
264 3
265 6
266 4
267 4
268 3
269 3
270 3
271 5
272 3
273 3
274 4
275 3
0 0 1
1 0 2
2 0 4
3 0 7
4 0 8
5 0 10
6 1 2
7 1 3
8 1 4
9 1 6
10 1 7
11 1 8
12 1 10
13 1 135
14 1 225
15 2 3
16 2 5
17 2 6
18 2 10
19 2 32
20 2 152
21 2 169
22 2 244
23 3 4
24 3 5
25 3 7
26 3 8
27 3 10
28 3 208
29 4 5
30 4 7
31 4 9
32 4 10
33 4 11
34 5 6
35 5 8
36 5 9
37 5 11
38 5 188
39 6 8
40 6 10
41 6 11
42 6 67
43 6 118
44 7 8
45 7 10
46 7 83
47 8 10
48 8 11
49 9 10
50 9 11
51 9 47
52 10 99
53 10 261
54 11 12
55 12 20
56 13 16
57 13 18
58 14 30
59 14 19
60 15 20
61 15 23
62 15 24
63 17 29
64 18 21
65 19 26
66 19 31
67 21 24
68 21 22
69 22 25
70 24 29
71 25 30
72 27 29
73 28 31
74 32 39
75 33 38
76 33 40
77 33 36
78 34 38
79 35 43
80 35 45
81 36 44
82 37 38
83 39 40
84 41 46
85 42 44
86 44 45
87 44 46
88 47 65
89 48 60
90 48 55
91 48 50
92 49 50
93 50 64
94 51 61
95 52 57
96 53 57
97 53 62
98 53 63
99 53 59
100 54 56
101 55 59
102 56 64
103 58 61
104 58 66
105 61 64
106 64 65
107 67 70
108 67 77
109 67 75
110 68 80
111 68 81
112 68 77
113 69 73
114 71 76
115 71 77
116 72 75
117 72 82
118 73 79
119 74 76
120 75 79
121 78 82
122 83 94
123 83 89
124 83 98
125 84 85
126 85 87
127 86 96
128 86 88
129 87 95
130 88 92
131 89 97
132 90 96
133 91 92
134 92 95
135 93 97
136 95 97
137 99 103
138 100 109
139 101 112
140 102 115
141 102 111
142 103 116
143 104 114
144 105 111
145 105 108
146 106 109
147 107 111
148 108 109
149 109 110
150 110 112
151 112 116
152 113 116
153 113 117
154 114 115
155 118 121
156 119 129
157 119 131
158 119 133
159 119 134
160 120 131
161 121 129
162 122 131
163 123 132
164 123 134
165 124 133
166 125 127
167 126 128
168 127 133
169 128 130
170 128 132
171 135 149
172 135 136
173 136 140
174 136 146
175 136 147
176 136 145
177 137 139
178 137 140
179 138 139
180 141 145
181 142 150
182 143 148
183 143 151
184 144 146
185 145 148
186 147 150
187 152 166
188 153 162
189 153 158
190 154 155
191 154 167
192 154 164
193 156 165
194 156 157
195 157 164
196 158 166
197 159 161
198 160 162
199 161 166
200 161 168
201 163 167
202 164 168
203 169 178
204 169 179
205 169 174
206 170 182
207 170 174
208 171 175
209 171 181
210 171 185
211 171 180
212 171 182
213 172 186
214 172 180
215 173 179
216 174 176
217 176 187
218 177 184
219 181 184
220 182 183
221 188 199
222 188 204
223 188 207
224 189 201
225 189 202
226 189 205
227 189 196
228 190 198
229 191 204
230 192 203
231 193 207
232 194 199
233 195 206
234 195 207
235 196 200
236 197 200
237 198 201
238 200 204
239 202 203
240 208 213
241 208 215
242 209 214
243 210 224
244 211 217
245 212 215
246 213 217
247 214 219
248 214 222
249 215 220
250 215 222
251 215 224
252 216 221
253 218 224
254 219 223
255 221 223
256 225 229
257 225 237
258 226 228
259 227 232
260 228 231
261 228 232
262 229 235
263 230 241
264 230 237
265 230 243
266 231 239
267 232 241
268 233 235
269 234 242
270 235 242
271 236 240
272 238 243
273 240 242
274 244 246
275 245 259
276 246 247
277 246 250
278 246 253
279 246 257
280 248 254
281 248 258
282 248 260
283 249 255
284 249 257
285 249 260
286 251 256
287 251 253
288 252 257
289 256 259
290 261 263
291 261 272
292 261 265
293 262 267
294 262 265
295 264 268
296 265 268
297 265 271
298 266 271
299 266 274
300 267 270
301 269 273
302 269 271
303 274 275
0 27 195
1 27 205
2 19 204
3 30 189
4 24 189
5 15 207
6 23 206
7 29 188
8 21 191
9 22 205
10 19 196
11 28 194
12 29 194
13 21 194
14 12 190
15 30 205
16 27 193
17 25 200
18 14 201
19 23 188
20 17 207
21 26 188
22 25 205
23 29 207
24 15 192
25 14 201
26 15 191
27 13 188
28 24 195
29 26 207
30 135 138
31 142 139
32 144 151
33 145 149
34 141 143
35 137 146
36 149 138
37 142 144
38 151 149
39 151 139
40 140 138
41 148 144
42 144 151
43 143 141
44 143 141
45 151 150
46 146 139
47 140 148
48 143 146
49 135 139
50 151 147
51 146 141
52 94 222
53 85 217
54 88 215
55 95 223
56 87 214
57 83 212
58 95 219
59 90 222
60 92 208
61 96 219
62 97 223
63 88 222
64 95 221
65 94 208
66 98 222
67 95 213
68 97 223
69 96 223
70 98 209
71 84 214
72 93 215
73 84 222
74 94 212
75 88 218
76 94 224
77 88 213
78 83 212
79 84 218
80 88 223
81 88 211
82 207 167
83 191 152
84 191 157
85 196 155
86 198 163
87 192 166
88 191 160
89 206 155
90 198 155
91 204 162
92 196 156
93 195 160
94 204 158
95 197 152
96 203 166
97 189 167
98 192 155
99 190 160
100 193 160
101 201 168
102 205 163
103 205 158
104 194 165
105 205 155
106 205 160
107 189 156
108 204 163
109 207 152
110 197 167
111 191 160
112 97 168
113 89 162
114 86 167
115 88 157
116 88 168
117 96 155
118 86 159
119 93 156
120 98 153
121 92 158
122 98 163
123 83 157
124 90 155
125 98 154
126 94 156
127 91 162
128 87 167
129 87 164
130 83 160
131 84 154
132 84 167
133 84 153
134 92 160
135 85 158
136 93 153
137 90 154
138 84 156
139 97 154
140 84 152
141 96 154
142 218 96
143 215 83
144 209 91
145 210 98
146 219 98
147 216 98
148 213 89
149 224 83
150 219 97
151 221 89
152 223 94
153 215 88
154 224 86
155 219 96
156 214 92
157 213 92
158 209 97
159 219 98
160 221 86
161 209 94
162 221 92
163 223 91
164 210 98
165 218 92
166 209 88
167 222 86
168 215 93
169 217 93
170 218 87
171 216 85
172 81 118
173 76 132
174 78 122
175 72 118
176 73 120
177 68 119
178 75 120
179 77 132
180 77 123
181 82 125
182 70 126
183 77 122
184 79 132
185 76 133
186 71 134
187 71 126
188 78 127
189 73 132
190 73 127
191 75 120
192 75 123
193 71 126
194 81 133
195 76 123
196 75 126
197 81 125
198 75 120
199 73 132
200 76 126
201 69 134
202 140 218
203 140 212
204 151 222
205 137 213
206 149 220
207 151 223
208 137 208
209 151 212
210 149 218
211 149 208
212 136 224
213 149 216
214 138 208
215 150 216
216 146 213
217 142 214
218 146 209
219 145 217
220 141 212
221 137 224
222 141 211
223 151 221
224 136 222
225 150 218
226 151 210
227 145 220
228 142 221
229 150 210
230 151 209
231 136 221
232 12 118
233 29 125
234 30 121
235 26 121
236 31 126
237 31 132
238 25 125
239 26 128
240 29 118
241 30 132
242 12 132
243 22 121
244 12 126
245 27 134
246 23 129
247 26 129
248 25 126
249 28 127
250 21 120
251 30 121
252 28 131
253 12 129
254 15 130
255 25 130
256 21 129
257 14 130
258 16 123
259 26 132
260 25 118
261 26 127
262 158 89
263 163 97
264 162 87
265 153 90
266 165 86
267 167 88
268 157 87
269 163 92
270 168 84
271 158 95
272 162 93
273 158 83
274 166 84
275 164 90
276 164 88
277 163 91
278 159 89
279 167 98
280 158 88
281 154 88
282 153 88
283 167 86
284 166 93
285 155 91
286 165 84
287 167 94
288 157 87
289 156 83
290 157 91
291 158 91
292 217 180
293 217 177
294 223 174
295 214 171
296 213 175
297 217 178
298 213 170
299 213 172
300 224 185
301 210 185
302 218 173
303 222 178
304 221 182
305 209 169
306 224 176
307 218 180
308 217 173
309 221 179
310 220 186
311 219 169
312 213 172
313 221 179
314 217 185
315 211 185
316 220 178
317 213 182
318 215 179
319 219 175
320 220 170
321 220 176
322 167 73
323 155 78
324 165 71
325 155 82
326 168 82
327 154 73
328 160 80
329 158 80
330 165 71
331 163 75
332 155 82
333 155 79
334 161 81
335 156 71
336 163 82
337 165 81
338 167 77
339 163 70
340 152 73
341 157 79
342 156 81
343 165 72
344 163 69
345 166 82
346 155 73
347 167 74
348 161 81
349 154 74
350 160 80
351 156 75
352 207 177
353 192 176
354 205 172
355 205 169
356 194 183
357 203 176
358 205 182
359 190 183
360 199 183
361 193 176
362 203 170
363 195 183
364 206 185
365 196 177
366 203 172
367 203 174
368 197 172
369 189 182
370 198 181
371 193 182
372 206 180
373 203 186
374 199 169
375 204 171
376 204 170
377 202 180
378 193 182
379 204 183
380 193 183
381 201 179
382 9 190
383 6 200
384 3 201
385 4 205
386 1 200
387 11 190
388 2 190
389 9 201
390 7 193
391 4 207
392 8 196
393 2 202
394 10 205
395 10 194
396 6 202
397 7 190
398 3 197
399 7 194
400 2 205
401 1 188
402 0 190
403 2 201
404 6 206
405 0 189
406 5 193
407 2 205
408 10 200
409 7 207
410 9 189
411 7 199
412 130 267
413 119 263
414 124 264
415 128 264
416 124 269
417 131 269
418 124 271
419 125 272
420 118 275
421 125 272
422 126 261
423 134 266
424 133 268
425 122 265
426 122 267
427 129 268
428 127 268
429 130 266
430 120 274
431 130 263
432 122 275
433 118 271
434 118 270
435 124 261
436 119 261
437 132 264
438 122 270
439 127 272
440 133 275
441 122 270
442 76 49
443 75 48
444 71 59
445 71 59
446 81 64
447 70 55
448 67 63
449 74 54
450 68 57
451 72 53
452 71 60
453 74 50
454 77 65
455 73 51
456 76 58
457 71 52
458 73 54
459 75 51
460 76 66
461 76 51
462 71 65
463 72 62
464 67 55
465 82 61
466 67 57
467 68 49
468 73 63
469 71 64
470 72 57
471 69 65
472 111 159
473 110 163
474 113 165
475 117 154
476 108 157
477 112 162
478 117 162
479 114 165
480 104 161
481 100 162
482 113 164
483 105 165
484 115 153
485 101 165
486 108 153
487 117 154
488 113 159
489 107 154
490 111 159
491 116 156
492 101 157
493 103 156
494 115 166
495 100 156
496 106 156
497 110 159
498 113 160
499 111 163
500 103 152
501 104 163
502 164 96
503 161 94
504 159 86
505 152 95
506 158 95
507 161 83
508 155 89
509 167 98
510 153 90
511 166 88
512 163 83
513 158 93
514 155 88
515 162 95
516 153 84
517 162 96
518 152 87
519 157 92
520 161 95
521 165 97
522 159 96
523 158 85
524 153 85
525 161 90
526 157 84
527 166 87
528 162 87
529 156 87
530 152 90
531 166 85
532 92 53
533 98 61
534 92 53
535 91 52
536 83 56
537 96 54
538 84 66
539 88 62
540 97 61
541 91 50
542 83 57
543 91 47
544 94 62
545 83 52
546 91 56
547 89 61
548 88 49
549 96 57
550 87 63
551 91 59
552 98 59
553 95 60
554 97 47
555 95 50
556 96 49
557 85 48
558 97 65
559 90 49
560 93 60
561 89 61
562 31 45
563 26 44
564 29 38
565 14 33
566 27 35
567 25 40
568 16 46
569 31 36
570 14 37
571 29 38
572 12 44
573 15 34
574 15 44
575 17 39
576 22 37
577 25 44
578 29 46
579 29 35
580 13 36
581 25 35
582 17 45
583 20 35
584 30 33
585 15 35
586 21 36
587 14 36
588 13 44
589 30 40
590 20 36
591 29 38
592 52 246
593 63 245
594 51 256
595 65 247
596 62 247
597 55 256
598 57 259
599 48 259
600 50 248
601 65 260
602 56 257
603 60 255
604 65 250
605 57 260
606 66 254
607 47 256
608 51 247
609 60 259
610 52 250
611 59 256
612 48 257
613 56 250
614 54 259
615 54 246
616 61 260
617 65 247
618 63 244
619 54 246
620 53 245
621 63 255
622 174 226
623 170 230
624 185 232
625 170 234
626 180 235
627 176 227
628 170 229
629 183 225
630 181 236
631 177 241
632 172 241
633 177 239
634 183 237
635 186 237
636 182 227
637 182 234
638 176 227
639 172 234
640 185 240
641 178 225
642 169 243
643 173 229
644 181 236
645 179 231
646 172 228
647 177 231
648 174 228
649 178 235
650 169 237
651 175 240
652 4 113
653 10 107
654 2 108
655 1 105
656 0 112
657 11 107
658 1 115
659 6 110
660 10 114
661 1 113
662 1 106
663 3 117
664 0 103
665 8 114
666 1 117
667 8 106
668 6 108
669 2 108
670 5 111
671 0 108
672 11 115
673 2 108
674 8 106
675 4 114
676 9 106
677 9 102
678 0 109
679 6 104
680 8 107
681 228 272
682 227 270
683 230 264
684 242 272
685 226 264
686 226 271
687 236 270
688 236 265
689 241 261
690 235 262
691 230 274
692 231 264
693 240 263
694 233 262
695 236 274
696 226 269
697 241 269
698 229 266
699 234 272
700 229 275
701 226 265
702 228 265
703 230 268
704 243 264
705 225 272
706 243 270
707 239 270
708 229 273
709 233 265
710 236 273
711 216 103
712 220 117
713 215 116
714 211 100
715 209 116
716 217 110
717 221 100
718 218 100
719 219 100
720 212 112
721 211 101
722 214 112
723 214 106
724 216 102
725 211 105
726 208 113
727 222 99
728 214 105
729 217 110
730 212 105
731 223 109
732 211 117
733 215 111
734 208 110
735 209 117
736 215 112
737 213 101
738 217 103
739 216 109
740 222 107
741 107 31
742 101 27
743 102 18
744 100 20
745 104 24
746 108 14
747 101 29
748 106 18
749 114 17
750 113 28
751 102 26
752 102 20
753 105 25
754 110 22
755 101 30
756 112 16
757 104 22
758 104 25
759 117 14
760 101 19
761 113 18
762 110 18
763 102 16
764 100 14
765 105 29
766 106 31
767 105 23
768 115 21
769 113 14
770 111 19
771 134 98
772 125 87
773 124 93
774 130 95
775 121 88
776 124 83
777 130 91
778 134 87
779 121 94
780 122 86
781 131 95
782 124 85
783 124 94
784 131 98
785 132 93
786 131 84
787 132 93
788 119 85
789 132 96
790 126 90
791 134 89
792 129 83
793 128 85
794 118 85
795 122 92
796 123 86
797 118 93
798 134 94
799 127 97
800 125 87
801 205 67
802 192 80
803 191 75
804 189 69
805 201 80
806 197 76
807 200 78
808 203 68
809 196 74
810 193 80
811 201 74
812 199 69
813 203 80
814 198 76
815 195 76
816 192 70
817 193 78
818 201 76
819 199 75
820 201 68
821 195 72
822 199 77
823 193 70
824 199 79
825 191 68
826 199 78
827 188 74
828 190 72
829 201 67
830 189 81
831 206 8
832 190 3
833 198 7
834 189 3
835 193 0
836 197 4
837 189 5
838 207 10
839 201 1
840 202 0
841 194 6
842 207 11
843 199 10
844 205 7
845 189 1
846 207 8
847 200 8
848 193 9
849 196 4
850 194 6
851 198 11
852 203 10
853 199 8
854 198 8
855 195 7
856 193 8
857 201 11
858 203 10
859 191 7
860 246 223
861 258 211
862 249 218
863 248 215
864 257 211
865 260 218
866 259 218
867 254 219
868 250 208
869 245 224
870 246 214
871 260 209
872 254 212
873 247 216
874 247 221
875 247 211
876 251 211
877 257 216
878 250 211
879 256 219
880 260 215
881 252 219
882 248 223
883 252 208
884 260 221
885 250 213
886 249 209
887 254 224
888 245 221
889 248 208
890 143 45
891 142 39
892 144 32
893 139 45
894 151 45
895 145 32
896 148 38
897 138 45
898 139 42
899 142 46
900 144 36
901 147 44
902 139 33
903 139 42
904 149 33
905 145 35
906 146 46
907 151 44
908 147 33
909 137 33
910 143 35
911 144 40
912 151 39
913 147 32
914 145 40
915 146 40
916 145 45
917 141 37
918 139 46
919 147 38
920 205 39
921 199 40
922 199 43
923 199 33
924 205 34
925 205 42
926 195 44
927 198 46
928 200 44
929 200 44
930 195 39
931 193 40
932 198 46
933 189 41
934 203 35
935 188 44
936 189 45
937 196 33
938 207 32
939 189 44
940 199 38
941 188 43
942 188 46
943 198 40
944 192 45
945 203 46
946 203 44
947 207 44
948 199 37
949 192 32
950 86 74
951 97 75
952 85 70
953 89 76
954 92 76
955 93 77
956 91 81
957 90 67
958 91 68
959 89 78
960 90 77
961 93 71
962 93 75
963 84 73
964 93 79
965 86 69
966 91 67
967 85 69
968 94 78
969 93 67
970 96 78
971 98 69
972 94 76
973 88 74
974 98 73
975 86 69
976 85 78
977 98 82
978 83 81
979 88 76
980 133 161
981 122 156
982 132 168
983 129 163
984 126 154
985 127 154
986 126 162
987 130 166
988 132 168
989 130 164
990 128 159
991 131 156
992 120 155
993 120 159
994 130 159
995 132 160
996 123 156
997 126 160
998 125 152
999 126 155
1000 133 153
1001 122 154
1002 124 159
1003 131 160
1004 125 165
1005 127 159
1006 134 152
1007 123 164
1008 125 153
1009 128 168
1010 260 10
1011 250 10
1012 254 1
1013 249 0
1014 250 3
1015 246 7
1016 259 11
1017 255 0
1018 247 5
1019 260 11
1020 253 1
1021 245 3
1022 248 0
1023 245 7
1024 249 1
1025 249 5
1026 260 3
1027 260 8
1028 259 2
1029 250 1
1030 256 3
1031 260 8
1032 253 10
1033 247 4
1034 245 8
1035 252 0
1036 252 1
1037 253 8
1038 185 51
1039 169 63
1040 187 64
1041 169 50
1042 185 57
1043 174 49
1044 183 57
1045 187 62
1046 178 56
1047 181 56
1048 180 50
1049 173 48
1050 181 50
1051 169 63
1052 181 61
1053 184 49
1054 180 54
1055 175 56
1056 175 49
1057 181 51
1058 180 49
1059 171 63
1060 172 66
1061 172 52
1062 185 50
1063 172 48
1064 171 62
1065 181 65
1066 183 57
1067 177 56
1068 193 131
1069 197 121
1070 199 120
1071 196 132
1072 197 133
1073 199 134
1074 188 134
1075 194 123
1076 201 123
1077 204 131
1078 193 118
1079 206 123
1080 192 126
1081 199 119
1082 207 121
1083 192 120
1084 201 118
1085 200 125
1086 190 118
1087 189 130
1088 194 129
1089 207 132
1090 196 122
1091 205 131
1092 190 126
1093 204 129
1094 193 128
1095 198 127
1096 201 122
1097 207 132
1098 243 34
1099 241 45
1100 236 37
1101 234 43
1102 239 32
1103 243 35
1104 228 42
1105 243 46
1106 232 36
1107 241 42
1108 239 43
1109 239 35
1110 237 42
1111 243 46
1112 242 32
1113 242 32
1114 231 32
1115 239 32
1116 235 43
1117 239 40
1118 229 35
1119 235 37
1120 238 41
1121 229 37
1122 236 36
1123 234 36
1124 242 38
1125 239 46
1126 238 46
1127 226 43
1128 87 249
1129 98 245
1130 92 254
1131 92 254
1132 94 257
1133 85 252
1134 96 256
1135 89 252
1136 94 255
1137 97 253
1138 95 244
1139 94 247
1140 86 246
1141 87 258
1142 84 259
1143 94 244
1144 90 259
1145 92 256
1146 96 258
1147 97 247
1148 86 250
1149 83 245
1150 90 254
1151 86 248
1152 85 258
1153 83 250
1154 86 252
1155 89 260
1156 94 252
1157 86 259
1158 172 117
1159 175 103
1160 174 100
1161 179 107
1162 178 108
1163 170 100
1164 170 106
1165 184 99
1166 169 111
1167 171 106
1168 169 116
1169 183 117
1170 177 103
1171 180 101
1172 174 110
1173 179 114
1174 185 103
1175 174 102
1176 170 112
1177 176 115
1178 184 111
1179 179 115
1180 175 111
1181 170 106
1182 181 108
1183 183 100
1184 185 116
1185 181 117
1186 172 117
1187 180 114
1188 28 134
1189 27 125
1190 29 119
1191 13 132
1192 13 133
1193 20 125
1194 25 133
1195 26 124
1196 31 128
1197 24 130
1198 26 120
1199 25 134
1200 23 122
1201 18 124
1202 23 126
1203 22 132
1204 24 121
1205 26 132
1206 14 134
1207 22 122
1208 29 129
1209 27 126
1210 19 125
1211 24 125
1212 19 129
1213 21 126
1214 13 120
1215 31 126
1216 16 123
1217 12 133
1218 103 246
1219 108 257
1220 103 249
1221 107 247
1222 108 257
1223 99 258
1224 104 258
1225 103 258
1226 110 257
1227 101 251
1228 112 244
1229 111 244
1230 115 244
1231 111 247
1232 117 254
1233 102 257
1234 116 255
1235 99 254
1236 106 260
1237 108 255
1238 106 244
1239 104 245
1240 103 257
1241 110 247
1242 117 255
1243 102 250
1244 104 252
1245 103 252
1246 117 259
1247 103 250
1248 216 156
1249 208 154
1250 214 168
1251 216 159
1252 224 153
1253 212 154
1254 209 165
1255 208 168
1256 217 153
1257 214 158
1258 208 156
1259 208 152
1260 215 167
1261 221 161
1262 215 161
1263 216 164
1264 211 164
1265 217 155
1266 209 152
1267 216 165
1268 212 159
1269 213 165
1270 214 160
1271 222 165
1272 216 158
1273 222 156
1274 217 158
1275 217 163
1276 213 159
1277 221 159
1278 116 161
1279 103 162
1280 109 166
1281 115 168
1282 110 163
1283 109 158
1284 106 166
1285 105 158
1286 108 165
1287 99 157
1288 101 167
1289 110 167
1290 106 157
1291 108 163
1292 101 161
1293 108 166
1294 103 159
1295 107 165
1296 103 154
1297 100 164
1298 111 158
1299 113 153
1300 114 164
1301 101 164
1302 116 165
1303 110 153
1304 115 154
1305 101 159
1306 113 165
1307 112 161
1308 5 37
1309 10 45
1310 1 44
1311 2 34
1312 6 42
1313 7 43
1314 10 36
1315 11 46
1316 7 34
1317 8 38
1318 2 45
1319 10 38
1320 5 45
1321 7 35
1322 8 38
1323 6 36
1324 0 39
1325 5 36
1326 9 45
1327 5 41
1328 3 45
1329 4 46
1330 2 34
1331 2 43
1332 5 45
1333 6 43
1334 5 42
1335 2 38
1336 2 46
1337 4 36
1338 87 98
1339 98 92
1340 83 91
1341 95 94
1342 83 96
1343 90 89
1344 89 88
1345 94 93
1346 90 84
1347 98 85
1348 90 91
1349 96 84
1350 98 84
1351 83 87
1352 87 83
1353 91 83
1354 90 87
1355 95 96
1356 98 87
1357 89 96
1358 84 86
1359 90 88
1360 96 93
1361 91 90
1362 86 91
1363 189 126
1364 202 134
1365 205 120
1366 192 119
1367 202 121
1368 192 120
1369 191 127
1370 201 125
1371 198 123
1372 192 126
1373 190 131
1374 199 129
1375 202 122
1376 188 127
1377 192 130
1378 203 132
1379 203 123
1380 198 125
1381 199 127
1382 188 128
1383 204 133
1384 201 118
1385 191 128
1386 206 125
1387 200 122
1388 207 126
1389 192 118
1390 206 118
1391 198 122
1392 191 127
1393 155 263
1394 159 267
1395 156 265
1396 161 273
1397 167 263
1398 153 269
1399 160 261
1400 162 274
1401 158 269
1402 159 272
1403 152 267
1404 163 272
1405 166 273
1406 160 269
1407 152 267
1408 156 266
1409 164 274
1410 160 274
1411 153 264
1412 166 263
1413 165 262
1414 163 270
1415 163 262
1416 157 274
1417 167 262
1418 157 269
1419 152 270
1420 156 263
1421 166 264
1422 167 270
1423 33 130
1424 35 119
1425 33 122
1426 44 133
1427 41 127
1428 39 134
1429 44 123
1430 45 125
1431 34 133
1432 44 132
1433 36 125
1434 44 131
1435 45 128
1436 33 124
1437 45 124
1438 40 123
1439 45 129
1440 46 126
1441 37 118
1442 46 122
1443 45 132
1444 36 130
1445 39 126
1446 37 118
1447 46 132
1448 37 125
1449 36 124
1450 36 121
1451 34 122
1452 46 118
1453 239 242
1454 231 242
1455 233 230
1456 240 233
1457 232 235
1458 237 236
1459 225 226
1460 236 229
1461 237 228
1462 227 237
1463 231 235
1464 232 236
1465 235 239
1466 236 226
1467 228 233
1468 234 225
1469 239 243
1470 232 242
1471 236 239
1472 226 243
1473 236 243
1474 231 225
1475 243 229
1476 225 228
1477 243 177
1478 241 182
1479 234 180
1480 235 174
1481 232 180
1482 239 178
1483 242 174
1484 236 179
1485 233 175
1486 236 169
1487 237 187
1488 239 179
1489 234 178
1490 231 177
1491 232 183
1492 229 169
1493 226 184
1494 235 175
1495 235 183
1496 228 170
1497 240 172
1498 226 186
1499 231 174
1500 239 174
1501 231 186
1502 229 176
1503 231 181
1504 241 174
1505 230 182
1506 243 171
1507 156 140
1508 166 140
1509 154 143
1510 164 138
1511 157 149
1512 153 142
1513 164 150
1514 164 151
1515 154 141
1516 158 140
1517 164 151
1518 154 137
1519 152 136
1520 158 151
1521 164 137
1522 166 142
1523 166 135
1524 152 141
1525 168 149
1526 162 142
1527 162 140
1528 152 138
1529 156 143
1530 160 142
1531 167 138
1532 168 139
1533 152 148
1534 156 142
1535 153 140
1536 162 149
1537 152 270
1538 165 265
1539 158 263
1540 166 270
1541 167 274
1542 166 268
1543 166 267
1544 167 266
1545 153 271
1546 157 261
1547 160 273
1548 167 264
1549 154 273
1550 157 272
1551 154 270
1552 158 269
1553 166 267
1554 162 262
1555 155 271
1556 156 274
1557 153 261
1558 152 264
1559 161 269
1560 159 270
1561 167 263
1562 155 272
1563 162 273
1564 155 271
1565 162 261
1566 163 273
1567 209 10
1568 220 2
1569 224 10
1570 213 4
1571 208 11
1572 212 4
1573 220 10
1574 211 5
1575 222 11
1576 221 2
1577 213 0
1578 220 4
1579 219 2
1580 218 2
1581 217 3
1582 218 8
1583 217 8
1584 218 8
1585 210 5
1586 217 2
1587 222 10
1588 224 8
1589 217 2
1590 210 4
1591 215 0
1592 219 11
1593 211 3
1594 274 129
1595 267 132
1596 263 123
1597 270 127
1598 265 122
1599 267 128
1600 274 123
1601 271 134
1602 270 123
1603 264 118
1604 267 123
1605 275 129
1606 273 134
1607 265 121
1608 264 119
1609 268 123
1610 274 126
1611 273 118
1612 261 122
1613 262 121
1614 265 122
1615 263 128
1616 264 130
1617 261 118
1618 266 120
1619 270 118
1620 271 120
1621 270 124
1622 265 130
1623 268 132
1624 150 207
1625 138 205
1626 146 201
1627 146 196
1628 136 188
1629 141 201
1630 150 192
1631 151 194
1632 142 197
1633 137 201
1634 149 200
1635 151 192
1636 138 188
1637 145 205
1638 149 207
1639 147 195
1640 148 190
1641 140 193
1642 139 200
1643 137 195
1644 135 194
1645 139 206
1646 139 195
1647 150 198
1648 144 194
1649 150 192
1650 146 205
1651 148 190
1652 146 200
1653 136 200
1654 90 254
1655 83 246
1656 83 257
1657 98 251
1658 90 247
1659 93 259
1660 93 248
1661 96 248
1662 86 253
1663 84 256
1664 84 256
1665 91 250
1666 84 248
1667 95 259
1668 88 251
1669 97 257
1670 92 245
1671 92 250
1672 97 245
1673 90 251
1674 90 247
1675 89 245
1676 91 260
1677 84 257
1678 92 248
1679 89 260
1680 94 249
1681 94 260
1682 84 257
1683 91 246
1684 62 84
1685 64 86
1686 60 93
1687 60 96
1688 47 86
1689 66 98
1690 52 93
1691 65 98
1692 61 97
1693 65 83
1694 58 83
1695 63 98
1696 58 96
1697 51 88
1698 64 94
1699 51 98
1700 59 92
1701 52 97
1702 58 94
1703 66 94
1704 60 86
1705 62 95
1706 62 85
1707 54 96
1708 58 95
1709 52 94
1710 57 96
1711 52 93
1712 65 84
1713 48 96
1714 176 10
1715 183 0
1716 178 3
1717 178 4
1718 173 6
1719 182 10
1720 179 5
1721 173 3
1722 174 3
1723 182 11
1724 186 10
1725 175 2
1726 186 9
1727 174 5
1728 175 1
1729 184 4
1730 181 6
1731 172 8
1732 172 11
1733 180 2
1734 185 9
1735 174 0
1736 180 5
1737 174 7
1738 186 10
1739 183 0
1740 186 3
1741 184 99
1742 182 106
1743 181 115
1744 178 105
1745 184 101
1746 170 102
1747 178 108
1748 172 115
1749 176 108
1750 172 108
1751 177 109
1752 186 104
1753 186 116
1754 175 103
1755 174 113
1756 173 106
1757 184 101
1758 173 106
1759 172 106
1760 181 104
1761 186 111
1762 177 112
1763 169 116
1764 178 111
1765 169 111
1766 172 103
1767 171 111
1768 177 99
1769 169 113
1770 174 105
1771 35 263
1772 35 274
1773 33 265
1774 38 265
1775 33 267
1776 39 264
1777 46 270
1778 32 272
1779 42 271
1780 36 263
1781 37 274
1782 45 273
1783 34 266
1784 41 273
1785 38 267
1786 40 273
1787 38 269
1788 46 273
1789 40 274
1790 38 275
1791 35 264
1792 36 267
1793 42 272
1794 34 269
1795 45 269
1796 33 266
1797 39 266
1798 39 263
1799 41 265
1800 32 265
1801 136 151
1802 151 136
1803 150 141
1804 151 137
1805 146 143
1806 145 142
1807 146 143
1808 151 137
1809 140 150
1810 151 145
1811 151 139
1812 140 144
1813 143 142
1814 151 149
1815 136 139
1816 147 138
1817 136 142
1818 137 149
1819 148 139
1820 114 187
1821 110 184
1822 112 179
1823 104 172
1824 103 181
1825 107 169
1826 107 173
1827 117 182
1828 108 184
1829 112 186
1830 116 169
1831 106 176
1832 101 181
1833 110 170
1834 103 178
1835 101 187
1836 108 180
1837 105 169
1838 117 174
1839 112 172
1840 108 181
1841 102 170
1842 111 169
1843 103 175
1844 110 171
1845 115 180
1846 109 171
1847 112 178
1848 113 173
1849 108 181
1850 148 21
1851 142 20
1852 139 18
1853 139 22
1854 151 24
1855 141 28
1856 136 12
1857 145 15
1858 148 19
1859 149 31
1860 140 28
1861 144 18
1862 140 26
1863 140 15
1864 142 28
1865 143 23
1866 144 27
1867 151 19
1868 135 21
1869 151 22
1870 142 26
1871 151 23
1872 139 14
1873 135 31
1874 149 12
1875 151 27
1876 139 23
1877 137 23
1878 143 16
1879 139 15
1880 229 189
1881 237 189
1882 226 193
1883 237 192
1884 229 207
1885 240 191
1886 237 196
1887 227 199
1888 231 190
1889 228 193
1890 239 201
1891 239 201
1892 242 191
1893 227 193
1894 232 200
1895 237 194
1896 238 201
1897 235 189
1898 240 189
1899 238 189
1900 236 204
1901 239 197
1902 238 198
1903 237 195
1904 228 205
1905 242 197
1906 240 191
1907 230 199
1908 236 207
1909 243 197
1910 60 84
1911 53 91
1912 63 93
1913 61 84
1914 54 88
1915 66 98
1916 48 85
1917 62 96
1918 62 96
1919 49 94
1920 63 83
1921 51 84
1922 59 89
1923 52 95
1924 48 91
1925 62 92
1926 52 87
1927 54 97
1928 47 95
1929 53 83
1930 57 89
1931 51 97
1932 62 85
1933 51 98
1934 55 87
1935 59 91
1936 64 88
1937 61 87
1938 59 94
1939 47 90
1940 176 43
1941 185 34
1942 177 37
1943 176 36
1944 187 38
1945 178 45
1946 185 35
1947 186 41
1948 172 43
1949 182 33
1950 170 32
1951 170 35
1952 182 32
1953 180 34
1954 182 34
1955 179 33
1956 170 36
1957 181 32
1958 182 42
1959 173 44
1960 180 32
1961 173 46
1962 179 32
1963 171 39
1964 184 33
1965 173 40
1966 170 43
1967 169 43
1968 187 36
1969 180 34
1970 155 37
1971 160 40
1972 158 34
1973 158 41
1974 163 39
1975 167 40
1976 155 42
1977 160 43
1978 168 40
1979 161 33
1980 163 34
1981 168 37
1982 159 44
1983 155 33
1984 162 37
1985 162 33
1986 163 38
1987 158 43
1988 165 34
1989 160 37
1990 154 43
1991 168 36
1992 165 32
1993 156 40
1994 153 34
1995 155 43
1996 158 33
1997 168 38
1998 168 40
1999 155 33
2000 182 51
2001 180 51
2002 183 61
2003 187 51
2004 183 62
2005 176 50
2006 177 62
2007 176 49
2008 183 53
2009 182 55
2010 171 65
2011 184 47
2012 174 56
2013 176 48
2014 184 50
2015 172 56
2016 171 47
2017 169 54
2018 182 58
2019 179 56
2020 176 54
2021 183 63
2022 172 52
2023 182 62
2024 181 48
2025 171 60
2026 169 66
2027 184 49
2028 175 55
2029 180 66
2030 46 153
2031 46 154
2032 46 158
2033 43 156
2034 41 163
2035 41 167
2036 39 164
2037 40 152
2038 46 163
2039 46 154
2040 41 164
2041 37 161
2042 35 153
2043 42 163
2044 46 166
2045 36 153
2046 37 166
2047 41 162
2048 42 152
2049 36 152
2050 36 157
2051 42 158
2052 38 160
2053 36 161
2054 42 156
2055 46 153
2056 44 168
2057 46 159
2058 37 164
2059 43 153
2060 153 49
2061 161 52
2062 165 63
2063 168 50
2064 164 53
2065 164 59
2066 152 61
2067 165 52
2068 156 58
2069 152 58
2070 168 57
2071 165 61
2072 166 55
2073 168 49
2074 152 51
2075 154 51
2076 161 47
2077 165 53
2078 157 48
2079 154 58
2080 153 57
2081 153 53
2082 152 65
2083 164 51
2084 166 52
2085 157 57
2086 155 52
2087 152 57
2088 163 53
2089 164 62
2090 62 115
2091 61 110
2092 64 110
2093 47 111
2094 55 108
2095 65 114
2096 49 117
2097 50 110
2098 50 103
2099 59 101
2100 50 117
2101 56 115
2102 55 108
2103 55 102
2104 54 103
2105 48 104
2106 49 117
2107 61 114
2108 62 113
2109 52 116
2110 53 99
2111 62 109
2112 65 101
2113 52 109
2114 65 116
2115 61 111
2116 66 101
2117 53 109
2118 65 105
2119 53 101
2120 169 80
2121 181 70
2122 174 77
2123 183 72
2124 187 74
2125 170 72
2126 173 82
2127 179 81
2128 184 67
2129 186 81
2130 174 69
2131 174 78
2132 174 76
2133 186 80
2134 172 80
2135 175 81
2136 181 75
2137 179 70
2138 178 73
2139 179 69
2140 185 76
2141 178 72
2142 181 77
2143 176 71
2144 173 81
2145 169 72
2146 187 73
2147 175 71
2148 172 73
2149 185 70
2150 220 256
2151 222 255
2152 213 258
2153 219 258
2154 219 247
2155 222 249
2156 216 248
2157 210 246
2158 215 258
2159 221 255
2160 219 244
2161 218 252
2162 211 244
2163 223 250
2164 214 258
2165 217 255
2166 212 245
2167 210 246
2168 220 253
2169 209 246
2170 214 257
2171 210 246
2172 219 250
2173 211 254
2174 223 247
2175 222 254
2176 213 246
2177 214 255
2178 213 245
2179 220 246
2180 244 259
2181 256 252
2182 258 250
2183 247 251
2184 244 255
2185 255 251
2186 259 244
2187 249 254
2188 251 258
2189 246 260
2190 258 245
2191 259 248
2192 258 259
2193 251 257
2194 254 253
2195 255 248
2196 250 249
2197 259 258
2198 53 207
2199 49 191
2200 53 193
2201 65 189
2202 56 195
2203 62 204
2204 56 194
2205 61 200
2206 65 203
2207 64 196
2208 47 196
2209 62 199
2210 47 207
2211 66 197
2212 55 194
2213 64 194
2214 49 193
2215 53 200
2216 59 188
2217 53 201
2218 61 204
2219 63 193
2220 52 191
2221 57 198
2222 50 207
2223 62 198
2224 55 194
2225 49 204
2226 56 199
2227 50 206
2228 170 242
2229 184 243
2230 171 243
2231 181 236
2232 182 232
2233 183 242
2234 173 234
2235 177 237
2236 186 235
2237 182 233
2238 179 232
2239 186 234
2240 172 231
2241 183 232
2242 184 233
2243 181 237
2244 185 228
2245 170 233
2246 171 243
2247 184 238
2248 185 242
2249 170 234
2250 172 243
2251 172 241
2252 172 234
2253 174 238
2254 170 242
2255 173 240
2256 179 225
2257 182 235
2258 40 166
2259 41 167
2260 40 154
2261 44 153
2262 43 157
2263 43 161
2264 37 160
2265 38 168
2266 35 166
2267 32 158
2268 32 159
2269 32 156
2270 36 164
2271 40 163
2272 43 153
2273 42 168
2274 43 156
2275 34 161
2276 41 157
2277 32 168
2278 36 166
2279 37 152
2280 38 157
2281 37 162
2282 39 167
2283 40 159
2284 40 163
2285 34 154
2286 40 160
2287 32 164
2288 200 274
2289 195 268
2290 202 261
2291 205 268
2292 197 275
2293 204 274
2294 191 261
2295 206 270
2296 203 266
2297 195 265
2298 193 268
2299 197 266
2300 193 267
2301 199 266
2302 203 275
2303 189 272
2304 206 262
2305 200 265
2306 199 269
2307 202 273
2308 200 269
2309 206 261
2310 206 271
2311 197 263
2312 198 268
2313 205 271
2314 204 272
2315 203 271
2316 195 275
2317 198 275
2318 138 140
2319 137 142
2320 142 138
2321 143 140
2322 138 135
2323 141 147
2324 142 149
2325 148 137
2326 146 148
2327 138 142
2328 139 149
2329 138 136
2330 141 146
2331 148 142
2332 145 142
2333 138 144
2334 139 141
2335 138 143
2336 185 114
2337 180 101
2338 172 105
2339 186 99
2340 175 109
2341 177 103
2342 171 116
2343 174 101
2344 172 114
2345 177 113
2346 172 111
2347 185 100
2348 169 105
2349 177 117
2350 171 105
2351 184 114
2352 179 105
2353 183 117
2354 176 105
2355 185 116
2356 181 109
2357 180 110
2358 172 113
2359 178 107
2360 171 104
2361 183 104
2362 172 108
2363 174 103
2364 185 105
2365 174 107
2366 108 241
2367 114 241
2368 114 229
2369 111 243
2370 116 228
2371 106 232
2372 113 227
2373 106 238
2374 99 241
2375 102 228
2376 106 240
2377 108 225
2378 109 225
2379 104 239
2380 103 232
2381 100 243
2382 112 239
2383 108 238
2384 101 225
2385 108 228
2386 112 233
2387 114 228
2388 109 239
2389 115 238
2390 108 234
2391 106 241
2392 102 241
2393 116 232
2394 115 228
2395 112 232
2396 121 18
2397 127 27
2398 124 27
2399 134 28
2400 127 29
2401 126 27
2402 129 19
2403 124 21
2404 119 31
2405 134 26
2406 118 29
2407 124 24
2408 130 31
2409 131 19
2410 124 25
2411 125 28
2412 121 19
2413 118 29
2414 132 18
2415 118 18
2416 118 22
2417 119 18
2418 127 29
2419 133 26
2420 119 30
2421 119 14
2422 129 17
2423 124 17
2424 128 26
2425 125 18
2426 75 178
2427 77 169
2428 69 180
2429 77 186
2430 78 183
2431 78 176
2432 77 172
2433 73 179
2434 74 174
2435 76 185
2436 80 182
2437 74 180
2438 73 178
2439 80 184
2440 81 169
2441 78 177
2442 82 180
2443 72 177
2444 74 172
2445 72 174
2446 74 173
2447 67 181
2448 75 184
2449 76 186
2450 76 186
2451 80 178
2452 80 172
2453 77 175
2454 70 171
2455 74 185
2456 151 247
2457 149 257
2458 149 256
2459 135 246
2460 140 258
2461 138 248
2462 150 247
2463 142 260
2464 144 251
2465 148 253
2466 143 256
2467 135 247
2468 145 249
2469 150 252
2470 141 246
2471 135 248
2472 141 245
2473 149 249
2474 136 257
2475 147 259
2476 146 260
2477 143 254
2478 151 256
2479 147 256
2480 136 250
2481 144 251
2482 137 259
2483 146 258
2484 149 253
2485 149 244
2486 262 254
2487 266 255
2488 275 252
2489 272 247
2490 265 252
2491 267 252
2492 269 254
2493 262 249
2494 266 247
2495 275 246
2496 267 258
2497 272 257
2498 264 252
2499 272 253
2500 275 247
2501 262 247
2502 275 256
2503 274 244
2504 270 254
2505 275 250
2506 273 257
2507 267 246
2508 272 252
2509 264 260
2510 264 245
2511 272 254
2512 272 253
2513 269 248
2514 268 249
2515 266 251
2516 152 95
2517 159 96
2518 154 87
2519 164 93
2520 161 87
2521 161 95
2522 165 89
2523 162 88
2524 161 93
2525 163 85
2526 152 98
2527 155 90
2528 162 85
2529 156 93
2530 158 96
2531 158 93
2532 167 90
2533 158 86
2534 167 86
2535 163 88
2536 161 92
2537 154 88
2538 164 93
2539 159 94
2540 155 92
2541 156 94
2542 153 87
2543 162 92
2544 154 89
2545 168 84
2546 171 10
2547 180 5
2548 175 0
2549 173 0
2550 184 2
2551 174 11
2552 175 11
2553 170 1
2554 174 0
2555 169 8
2556 181 0
2557 182 1
2558 187 9
2559 179 11
2560 184 8
2561 173 5
2562 183 9
2563 186 2
2564 171 8
2565 184 6
2566 178 11
2567 182 3
2568 172 0
2569 184 7
2570 179 7
2571 179 0
2572 186 3
2573 174 10
2574 14 83
2575 29 85
2576 20 89
2577 19 94
2578 15 83
2579 17 93
2580 26 86
2581 17 83
2582 24 86
2583 12 97
2584 18 87
2585 24 88
2586 12 97
2587 15 98
2588 19 94
2589 24 84
2590 31 88
2591 16 92
2592 22 89
2593 22 90
2594 29 84
2595 31 92
2596 29 97
2597 19 98
2598 21 88
2599 24 96
2600 23 85
2601 17 96
2602 24 86
2603 31 88
2604 188 178
2605 191 171
2606 202 177
2607 200 185
2608 190 182
2609 206 176
2610 195 180
2611 201 184
2612 192 170
2613 204 175
2614 197 186
2615 201 173
2616 193 181
2617 190 176
2618 207 173
2619 201 185
2620 207 172
2621 207 170
2622 189 180
2623 200 171
2624 203 176
2625 203 178
2626 188 175
2627 204 181
2628 205 184
2629 200 186
2630 197 183
2631 196 185
2632 194 182
2633 192 170
2634 222 238
2635 214 235
2636 215 226
2637 222 226
2638 212 225
2639 219 243
2640 219 232
2641 208 242
2642 208 233
2643 217 236
2644 220 228
2645 213 241
2646 209 225
2647 209 226
2648 221 232
2649 222 233
2650 223 238
2651 214 230
2652 219 229
2653 215 237
2654 219 228
2655 211 234
2656 215 225
2657 211 243
2658 217 235
2659 220 228
2660 222 229
2661 224 226
2662 214 237
2663 218 235
2664 91 137
2665 83 143
2666 97 147
2667 85 149
2668 86 142
2669 98 141
2670 94 135
2671 89 148
2672 89 148
2673 93 151
2674 96 150
2675 98 145
2676 87 142
2677 94 144
2678 98 140
2679 87 141
2680 95 140
2681 93 147
2682 94 151
2683 96 147
2684 94 140
2685 87 148
2686 89 146
2687 90 151
2688 83 148
2689 97 138
2690 86 144
2691 92 136
2692 91 150
2693 89 136
2694 201 16
2695 195 18
2696 191 12
2697 192 15
2698 189 18
2699 199 29
2700 207 12
2701 194 25
2702 204 28
2703 200 18
2704 195 25
2705 200 22
2706 205 13
2707 197 21
2708 197 12
2709 201 15
2710 201 14
2711 198 19
2712 192 29
2713 205 30
2714 206 21
2715 207 29
2716 204 24
2717 200 30
2718 205 12
2719 202 22
2720 206 31
2721 207 24
2722 191 18
2723 193 31
2724 192 145
2725 199 138
2726 205 148
2727 203 147
2728 201 147
2729 190 142
2730 188 137
2731 195 135
2732 192 141
2733 197 146
2734 194 150
2735 201 139
2736 207 135
2737 188 137
2738 191 135
2739 193 144
2740 188 139
2741 199 146
2742 203 142
2743 189 138
2744 199 140
2745 191 138
2746 188 150
2747 193 138
2748 188 140
2749 204 135
2750 190 151
2751 193 136
2752 195 151
2753 206 143
2754 268 85
2755 265 85
2756 261 93
2757 275 97
2758 262 94
2759 272 84
2760 273 91
2761 264 94
2762 268 93
2763 269 90
2764 275 97
2765 275 83
2766 267 91
2767 269 85
2768 262 96
2769 275 89
2770 272 88
2771 270 85
2772 273 83
2773 269 85
2774 274 95
2775 266 87
2776 271 97
2777 272 94
2778 270 96
2779 267 98
2780 269 89
2781 275 85
2782 261 86
2783 261 96
2784 50 174
2785 66 177
2786 61 175
2787 52 178
2788 49 180
2789 59 178
2790 50 184
2791 58 184
2792 54 169
2793 47 180
2794 63 173
2795 63 181
2796 55 179
2797 54 173
2798 60 170
2799 64 176
2800 52 182
2801 62 178
2802 51 181
2803 59 172
2804 63 173
2805 66 183
2806 61 170
2807 57 175
2808 62 174
2809 47 185
2810 57 174
2811 57 172
2812 51 174
2813 66 182
2814 229 124
2815 230 133
2816 231 119
2817 237 127
2818 234 124
2819 233 134
2820 232 126
2821 231 119
2822 227 119
2823 235 128
2824 238 121
2825 238 128
2826 243 119
2827 228 134
2828 236 126
2829 231 121
2830 235 121
2831 237 126
2832 239 134
2833 226 134
2834 234 120
2835 243 132
2836 231 134
2837 243 134
2838 239 126
2839 243 120
2840 228 132
2841 237 128
2842 234 123
2843 238 128
2844 154 145
2845 158 146
2846 152 151
2847 156 139
2848 163 142
2849 158 148
2850 152 148
2851 166 140
2852 165 141
2853 167 148
2854 152 151
2855 163 151
2856 166 144
2857 155 145
2858 153 142
2859 155 135
2860 160 151
2861 164 150
2862 162 149
2863 162 137
2864 154 141
2865 165 143
2866 160 137
2867 155 145
2868 158 141
2869 168 145
2870 160 136
2871 161 135
2872 157 146
2873 153 149
2874 160 222
2875 155 213
2876 158 223
2877 156 209
2878 164 209
2879 162 223
2880 168 216
2881 159 215
2882 152 211
2883 158 218
2884 167 210
2885 159 217
2886 157 211
2887 162 213
2888 153 211
2889 158 220
2890 153 216
2891 158 208
2892 156 216
2893 168 213
2894 161 223
2895 166 224
2896 160 212
2897 156 210
2898 152 212
2899 160 220
2900 161 222
2901 165 224
2902 154 224
2903 166 213
2904 122 108
2905 127 107
2906 126 101
2907 125 99
2908 133 117
2909 118 108
2910 126 101
2911 120 110
2912 118 105
2913 133 100
2914 132 105
2915 127 106
2916 129 101
2917 130 99
2918 118 99
2919 128 102
2920 124 113
2921 128 112
2922 122 111
2923 119 110
2924 119 114
2925 124 110
2926 124 113
2927 125 107
2928 125 107
2929 129 113
2930 124 104
2931 123 114
2932 120 117
2933 131 110
