266 294 10 2932
0 11
1 8
2 9
3 10
4 7
5 8
6 9
7 9
8 7
9 9
10 9
11 9
12 3
13 3
14 4
15 3
16 3
17 3
18 5
19 3
20 3
21 4
22 3
23 6
24 3
25 4
26 4
27 3
28 3
29 3
30 3
31 5
32 3
33 3
34 3
35 3
36 3
37 4
38 3
39 4
40 3
41 3
42 3
43 5
44 3
45 4
46 4
47 3
48 5
49 3
50 5
51 3
52 3
53 3
54 3
55 4
56 3
57 3
58 3
59 3
60 3
61 3
62 3
63 3
64 6
65 3
66 3
67 3
68 3
69 5
70 3
71 3
72 6
73 3
74 3
75 3
76 3
77 3
78 3
79 4
80 3
81 3
82 3
83 5
84 3
85 4
86 4
87 3
88 3
89 4
90 4
91 3
92 5
93 4
94 3
95 3
96 3
97 3
98 3
99 3
100 3
101 3
102 3
103 4
104 3
105 3
106 4
107 3
108 3
109 4
110 3
111 3
112 3
113 4
114 4
115 3
116 4
117 3
118 3
119 3
120 4
121 3
122 3
123 3
124 3
125 3
126 3
127 3
128 3
129 5
130 4
131 4
132 3
133 3
134 4
135 3
136 5
137 3
138 3
139 3
140 3
141 4
142 3
143 3
144 4
145 3
146 4
147 3
148 4
149 4
150 3
151 4
152 3
153 3
154 4
155 3
156 3
157 4
158 3
159 5
160 3
161 3
162 4
163 3
164 3
165 4
166 5
167 3
168 4
169 3
170 3
171 3
172 3
173 4
174 3
175 3
176 3
177 3
178 4
179 3
180 4
181 3
182 3
183 3
184 4
185 3
186 4
187 4
188 4
189 3
190 3
191 3
192 4
193 3
194 5
195 3
196 7
197 3
198 4
199 3
200 3
201 3
202 3
203 3
204 3
205 3
206 4
207 3
208 3
209 3
210 3
211 5
212 4
213 3
214 5
215 4
216 4
217 5
218 3
219 3
220 3
221 3
222 3
223 3
224 3
225 5
226 3
227 3
228 3
229 5
230 4
231 3
232 4
233 4
234 3
235 3
236 3
237 3
238 3
239 3
240 4
241 3
242 5
243 3
244 3
245 3
246 6
247 4
248 3
249 5
250 5
251 3
252 6
253 3
254 4
255 3
256 3
257 3
258 3
259 3
260 3
261 5
262 3
263 3
264 3
265 3
0 0 1
1 0 2
2 0 4
3 0 5
4 0 6
5 0 8
6 0 9
7 0 11
8 0 229
9 1 2
10 1 3
11 1 4
12 1 5
13 1 7
14 1 11
15 2 3
16 2 4
17 2 5
18 2 8
19 2 11
20 2 50
21 2 68
22 3 5
23 3 6
24 3 7
25 3 8
26 3 9
27 3 11
28 3 144
29 3 161
30 4 5
31 4 6
32 4 7
33 4 8
34 5 9
35 5 10
36 5 11
37 6 7
38 6 9
39 6 10
40 6 196
41 7 11
42 7 31
43 7 180
44 8 9
45 8 11
46 8 12
47 9 10
48 9 113
49 9 214
50 9 249
51 10 11
52 10 83
53 10 98
54 10 129
55 12 23
56 13 16
57 14 18
58 14 26
59 15 28
60 16 28
61 16 18
62 17 29
63 17 18
64 18 23
65 19 25
66 20 22
67 20 21
68 21 23
69 23 24
70 25 27
71 26 30
72 27 28
73 31 36
74 31 41
75 32 39
76 32 48
77 33 39
78 34 43
79 35 47
80 35 49
81 36 38
82 37 42
83 37 45
84 37 46
85 37 48
86 39 40
87 41 46
88 43 44
89 43 45
90 48 49
91 50 54
92 50 62
93 50 65
94 51 64
95 52 63
96 52 66
97 53 60
98 53 59
99 55 59
100 55 56
101 55 67
102 56 58
103 57 64
104 58 66
105 61 64
106 63 64
107 65 67
108 68 76
109 69 80
110 69 81
111 69 73
112 70 72
113 71 72
114 72 74
115 72 75
116 72 79
117 73 77
118 76 78
119 76 81
120 77 82
121 78 79
122 83 89
123 83 93
124 84 92
125 85 94
126 85 86
127 86 93
128 86 90
129 87 95
130 87 92
131 88 89
132 89 91
133 89 92
134 90 97
135 93 96
136 98 111
137 98 108
138 99 110
139 100 103
140 101 104
141 101 108
142 102 109
143 103 109
144 103 106
145 103 105
146 104 110
147 105 112
148 106 108
149 107 110
150 113 126
151 114 119
152 114 124
153 114 127
154 114 128
155 115 125
156 115 127
157 116 123
158 116 120
159 117 121
160 118 125
161 119 121
162 120 126
163 120 124
164 122 125
165 129 135
166 129 136
167 130 140
168 130 131
169 131 139
170 131 132
171 132 143
172 133 137
173 134 141
174 134 136
175 136 137
176 136 139
177 138 141
178 140 142
179 144 146
180 145 153
181 146 158
182 146 157
183 147 149
184 148 150
185 148 158
186 149 151
187 151 159
188 152 155
189 152 157
190 153 159
191 154 156
192 154 157
193 154 160
194 159 160
195 161 163
196 161 173
197 162 174
198 162 175
199 162 163
200 164 167
201 165 176
202 165 178
203 166 167
204 166 170
205 166 168
206 166 177
207 168 173
208 169 171
209 169 172
210 169 170
211 173 178
212 177 179
213 180 192
214 180 185
215 181 187
216 182 194
217 183 194
218 184 186
219 184 187
220 185 187
221 185 189
222 186 194
223 187 188
224 188 193
225 189 195
226 190 192
227 191 195
228 196 201
229 196 202
230 196 209
231 196 210
232 196 212
233 197 198
234 198 200
235 198 211
236 199 204
237 199 208
238 202 205
239 202 208
240 203 204
241 206 207
242 206 208
243 211 212
244 211 213
245 214 217
246 214 222
247 215 224
248 215 226
249 216 221
250 216 222
251 216 225
252 217 218
253 217 219
254 217 227
255 220 223
256 222 226
257 223 225
258 225 228
259 229 233
260 229 247
261 230 240
262 230 233
263 231 237
264 232 237
265 232 241
266 232 245
267 232 246
268 234 246
269 234 242
270 235 246
271 236 247
272 238 240
273 239 247
274 239 245
275 242 243
276 242 248
277 244 246
278 249 255
279 249 252
280 250 260
281 250 262
282 250 257
283 251 257
284 251 264
285 252 253
286 252 263
287 252 261
288 254 261
289 254 264
290 256 258
291 256 261
292 259 260
293 264 265
0 245 162
1 242 172
2 242 177
3 244 176
4 247 162
5 231 172
6 232 171
7 237 170
8 248 169
9 229 164
10 235 169
11 246 174
12 233 178
13 233 167
14 237 178
15 234 167
16 234 171
17 244 163
18 234 165
19 239 174
20 235 161
21 237 171
22 247 169
23 237 179
24 231 171
25 237 166
26 239 167
27 244 173
28 238 179
29 235 172
30 50 160
31 60 154
32 57 147
33 56 150
34 64 157
35 66 160
36 67 145
37 59 149
38 60 153
39 50 157
40 59 146
41 53 159
42 65 151
43 59 159
44 63 151
45 58 154
46 52 145
47 56 150
48 58 154
49 64 160
50 64 145
51 59 147
52 53 151
53 60 150
54 58 159
55 61 146
56 60 146
57 67 145
58 53 152
59 67 159
60 218 174
61 215 173
62 221 167
63 217 176
64 217 174
65 223 178
66 225 166
67 222 177
68 217 172
69 220 179
70 218 177
71 223 177
72 224 174
73 224 165
74 228 168
75 214 165
76 224 174
77 217 166
78 227 169
79 227 173
80 215 176
81 220 169
82 221 170
83 218 167
84 224 178
85 228 175
86 219 168
87 228 164
88 220 163
89 227 163
90 0 110
91 11 102
92 11 101
93 3 100
94 7 104
95 2 100
96 4 112
97 10 105
98 9 100
99 4 105
100 7 110
101 8 98
102 10 101
103 1 103
104 4 107
105 6 109
106 3 110
107 9 107
108 5 103
109 7 109
110 5 100
111 7 107
112 1 112
113 9 101
114 2 102
115 9 102
116 6 107
117 6 106
118 1 100
119 0 112
120 179 211
121 178 213
122 176 206
123 162 211
124 176 206
125 169 200
126 161 208
127 174 206
128 177 204
129 170 197
130 170 205
131 176 200
132 164 211
133 176 203
134 173 199
135 171 204
136 167 211
137 178 213
138 177 201
139 163 197
140 175 208
141 174 197
142 175 196
143 179 210
144 171 211
145 164 197
146 161 210
147 175 207
148 171 201
149 168 213
150 119 19
151 117 17
152 123 27
153 115 27
154 119 16
155 124 17
156 121 21
157 117 25
158 122 26
159 114 22
160 116 21
161 122 13
162 127 24
163 125 20
164 128 21
165 128 27
166 120 17
167 113 24
168 114 18
169 116 21
170 124 14
171 125 28
172 114 14
173 113 18
174 120 20
175 125 16
176 124 24
177 121 13
178 114 16
179 120 16
180 62 159
181 60 152
182 62 149
183 54 158
184 60 152
185 62 149
186 65 158
187 52 147
188 61 151
189 58 151
190 58 157
191 66 145
192 53 158
193 56 147
194 64 155
195 62 154
196 55 158
197 56 155
198 51 149
199 51 146
200 55 151
201 54 155
202 64 156
203 55 144
204 54 145
205 59 144
206 51 155
207 59 157
208 67 148
209 54 159
210 179 220
211 172 226
212 179 216
213 176 217
214 163 227
215 165 216
216 175 220
217 170 225
218 179 220
219 173 223
220 172 224
221 172 228
222 171 226
223 179 223
224 166 220
225 173 221
226 178 227
227 167 219
228 170 219
229 172 221
230 161 221
231 167 227
232 166 227
233 163 225
234 166 217
235 175 228
236 161 215
237 161 216
238 175 223
239 167 221
240 6 58
241 1 51
242 7 52
243 7 50
244 6 51
245 2 67
246 2 61
247 2 55
248 3 62
249 9 62
250 9 62
251 7 60
252 7 50
253 7 66
254 1 65
255 11 59
256 3 58
257 10 56
258 4 53
259 6 66
260 10 56
261 5 60
262 1 56
263 1 59
264 7 56
265 0 60
266 3 57
267 9 63
268 63 172
269 53 170
270 62 166
271 62 165
272 62 166
273 67 173
274 60 162
275 52 178
276 61 179
277 52 176
278 51 164
279 58 175
280 51 177
281 56 166
282 54 169
283 55 169
284 52 178
285 66 161
286 60 174
287 66 166
288 50 176
289 57 174
290 57 172
291 51 168
292 60 173
293 65 169
294 67 170
295 53 164
296 59 163
297 53 174
298 125 98
299 121 102
300 127 110
301 115 110
302 127 110
303 126 110
304 118 109
305 126 104
306 124 99
307 118 108
308 118 112
309 113 107
310 125 105
311 118 104
312 123 108
313 122 112
314 118 106
315 115 108
316 124 99
317 115 112
318 120 98
319 124 106
320 121 104
321 123 99
322 127 111
323 125 111
324 120 102
325 118 111
326 128 111
327 115 99
328 55 257
329 67 261
330 61 255
331 57 264
332 56 259
333 62 265
334 54 255
335 53 250
336 55 249
337 64 253
338 58 263
339 61 255
340 54 251
341 51 254
342 53 249
343 51 251
344 50 259
345 59 252
346 56 255
347 52 254
348 66 265
349 55 262
350 55 263
351 55 252
352 64 250
353 62 253
354 54 263
355 53 257
356 51 258
357 67 254
358 144 168
359 144 169
360 154 179
361 153 164
362 152 177
363 147 165
364 155 174
365 154 176
366 159 176
367 149 169
368 157 169
369 145 178
370 156 179
371 155 163
372 147 171
373 149 176
374 160 164
375 157 170
376 159 178
377 146 178
378 153 175
379 147 164
380 151 178
381 160 163
382 148 165
383 147 179
384 159 174
385 150 171
386 160 164
387 151 174
388 224 234
389 227 243
390 228 236
391 224 235
392 227 237
393 214 237
394 224 235
395 215 240
396 216 243
397 226 239
398 214 233
399 216 244
400 218 237
401 215 246
402 215 233
403 228 241
404 225 230
405 220 237
406 215 239
407 224 235
408 215 233
409 215 241
410 215 235
411 220 237
412 216 247
413 221 231
414 215 239
415 222 233
416 216 242
417 219 229
418 104 86
419 102 95
420 109 96
421 111 91
422 104 94
423 106 92
424 111 87
425 108 86
426 108 87
427 102 85
428 110 91
429 101 85
430 103 86
431 107 97
432 105 91
433 101 84
434 102 93
435 100 91
436 111 92
437 101 89
438 111 86
439 100 86
440 109 97
441 101 88
442 110 89
443 104 94
444 106 83
445 111 83
446 106 92
447 99 97
448 133 162
449 135 164
450 141 170
451 131 167
452 134 169
453 134 173
454 132 164
455 142 176
456 141 163
457 129 175
458 138 172
459 142 164
460 129 176
461 139 162
462 143 170
463 129 167
464 133 163
465 129 168
466 129 171
467 142 163
468 132 177
469 131 176
470 131 166
471 130 168
472 139 168
473 141 165
474 131 178
475 140 169
476 134 162
477 132 178
478 160 126
479 152 125
480 155 115
481 155 118
482 156 113
483 154 117
484 145 114
485 147 122
486 150 122
487 148 115
488 148 116
489 149 115
490 153 123
491 156 120
492 160 116
493 147 120
494 148 122
495 149 120
496 151 124
497 156 121
498 159 127
499 152 127
500 150 123
501 146 118
502 147 119
503 160 126
504 152 114
505 159 114
506 154 125
507 151 123
508 27 8
509 28 4
510 24 6
511 19 2
512 25 2
513 26 1
514 23 4
515 27 0
516 27 8
517 28 11
518 25 9
519 16 2
520 20 6
521 18 11
522 19 3
523 30 10
524 24 11
525 20 9
526 24 6
527 13 10
528 21 2
529 16 0
530 14 10
531 28 7
532 26 9
533 16 5
534 19 10
535 14 11
536 30 10
537 18 7
538 17 121
539 22 116
540 23 116
541 24 127
542 30 113
543 21 113
544 24 118
545 12 127
546 26 125
547 13 128
548 25 125
549 22 115
550 16 114
551 12 127
552 16 122
553 19 122
554 23 128
555 16 126
556 15 121
557 13 113
558 30 119
559 14 123
560 18 124
561 17 116
562 21 120
563 13 123
564 25 113
565 26 128
566 14 121
567 24 117
568 232 240
569 242 238
570 237 248
571 229 242
572 238 233
573 243 245
574 241 243
575 243 245
576 241 248
577 229 231
578 236 240
579 232 243
580 238 229
581 247 248
582 237 229
583 235 233
584 244 229
585 247 230
586 230 237
587 230 245
588 194 212
589 184 198
590 187 202
591 193 212
592 180 196
593 194 196
594 189 204
595 195 198
596 184 210
597 191 209
598 187 202
599 181 208
600 187 213
601 195 206
602 192 209
603 192 213
604 188 210
605 191 197
606 195 197
607 189 199
608 193 197
609 185 203
610 186 196
611 181 197
612 189 205
613 187 199
614 185 201
615 186 205
616 181 208
617 193 197
618 85 184
619 94 189
620 97 186
621 92 192
622 85 182
623 97 190
624 89 190
625 96 182
626 92 194
627 96 186
628 89 194
629 89 191
630 91 185
631 94 182
632 88 182
633 84 192
634 92 195
635 96 187
636 83 193
637 95 190
638 90 187
639 84 188
640 95 190
641 97 182
642 90 181
643 91 189
644 86 181
645 92 189
646 86 189
647 93 193
648 195 10
649 188 4
650 184 2
651 191 2
652 183 0
653 186 8
654 194 6
655 184 4
656 186 7
657 192 4
658 189 0
659 190 10
660 191 8
661 184 10
662 192 3
663 185 2
664 194 8
665 186 8
666 185 5
667 185 4
668 187 7
669 180 0
670 181 0
671 191 3
672 190 4
673 186 11
674 183 5
675 185 5
676 92 119
677 85 122
678 90 119
679 97 117
680 88 121
681 84 125
682 85 118
683 96 118
684 96 127
685 91 121
686 97 118
687 84 116
688 84 126
689 89 127
690 94 114
691 86 116
692 84 128
693 85 120
694 84 122
695 86 121
696 91 128
697 94 116
698 83 116
699 90 120
700 96 120
701 93 121
702 97 126
703 89 115
704 93 114
705 91 119
706 214 107
707 222 108
708 220 98
709 217 101
710 224 99
711 216 99
712 221 100
713 228 110
714 217 105
715 225 107
716 228 100
717 219 106
718 225 112
719 214 104
720 215 105
721 225 100
722 216 111
723 225 99
724 221 103
725 220 112
726 224 111
727 214 112
728 215 101
729 218 107
730 220 102
731 227 111
732 219 100
733 219 101
734 218 105
735 215 100
736 51 168
737 57 179
738 53 174
739 55 174
740 56 173
741 59 178
742 50 164
743 67 163
744 55 172
745 56 163
746 50 167
747 63 171
748 54 172
749 50 168
750 52 176
751 63 179
752 64 161
753 56 174
754 65 173
755 55 167
756 57 166
757 56 176
758 52 174
759 50 163
760 61 173
761 55 179
762 64 163
763 51 167
764 59 167
765 53 164
766 84 223
767 91 222
768 95 219
769 89 227
770 88 226
771 91 218
772 84 224
773 89 225
774 88 216
775 92 220
776 85 218
777 95 222
778 96 222
779 83 222
780 95 220
781 92 220
782 93 223
783 84 220
784 89 222
785 93 221
786 85 218
787 93 217
788 94 220
789 92 226
790 89 227
791 86 216
792 85 216
793 86 222
794 92 227
795 97 224
796 202 171
797 209 177
798 205 173
799 204 169
800 209 171
801 209 161
802 213 165
803 205 171
804 209 169
805 208 178
806 209 171
807 208 175
808 206 177
809 211 170
810 198 169
811 205 179
812 207 165
813 203 175
814 197 179
815 196 162
816 202 165
817 209 178
818 197 172
819 208 164
820 202 177
821 202 171
822 200 177
823 197 165
824 209 173
825 209 171
826 129 249
827 131 264
828 136 263
829 129 254
830 139 262
831 138 262
832 142 256
833 138 254
834 129 253
835 136 259
836 142 261
837 136 257
838 139 249
839 142 264
840 142 249
841 137 264
842 137 250
843 134 249
844 141 259
845 138 258
846 134 258
847 139 261
848 142 252
849 136 258
850 136 262
851 138 256
852 138 258
853 137 265
854 142 254
855 139 258
856 139 75
857 130 72
858 133 74
859 142 69
860 134 71
861 130 76
862 141 73
863 138 75
864 141 74
865 131 69
866 141 82
867 139 69
868 136 75
869 132 73
870 137 69
871 140 71
872 136 73
873 140 69
874 143 68
875 132 79
876 133 69
877 141 81
878 143 81
879 137 72
880 133 78
881 131 72
882 135 70
883 139 70
884 139 78
885 139 77
886 160 221
887 158 226
888 151 222
889 152 221
890 149 216
891 150 227
892 145 227
893 148 227
894 152 220
895 149 223
896 158 214
897 154 225
898 157 222
899 144 223
900 155 214
901 149 215
902 153 217
903 155 219
904 158 221
905 151 223
906 158 217
907 152 224
908 154 228
909 160 223
910 146 225
911 158 222
912 148 225
913 157 216
914 156 215
915 160 214
916 73 261
917 76 255
918 70 265
919 73 259
920 69 249
921 73 265
922 78 252
923 76 256
924 68 255
925 79 251
926 76 257
927 70 255
928 79 250
929 74 253
930 79 251
931 70 258
932 73 254
933 75 253
934 80 252
935 77 251
936 69 257
937 70 249
938 75 251
939 72 257
940 78 261
941 81 263
942 76 252
943 75 257
944 78 254
945 74 264
946 138 83
947 141 94
948 129 94
949 132 92
950 130 88
951 135 89
952 134 92
953 131 92
954 133 87
955 138 94
956 143 95
957 138 95
958 132 96
959 132 91
960 139 97
961 139 91
962 137 85
963 139 83
964 142 91
965 132 84
966 139 97
967 134 86
968 135 95
969 129 96
970 134 87
971 141 92
972 136 83
973 130 87
974 143 84
975 132 94
976 155 225
977 160 226
978 146 221
979 159 219
980 158 223
981 149 214
982 150 223
983 159 221
984 145 221
985 155 225
986 148 223
987 157 224
988 144 228
989 151 215
990 145 218
991 158 224
992 158 220
993 149 223
994 148 214
995 144 216
996 151 224
997 145 221
998 145 228
999 152 219
1000 156 222
1001 159 224
1002 148 227
1003 154 226
1004 149 228
1005 149 214
1006 1 66
1007 4 60
1008 5 67
1009 3 63
1010 1 55
1011 5 66
1012 11 60
1013 6 59
1014 8 64
1015 6 52
1016 3 62
1017 11 65
1018 5 52
1019 2 64
1020 9 60
1021 2 58
1022 1 53
1023 5 54
1024 7 53
1025 11 60
1026 9 51
1027 8 67
1028 3 58
1029 6 55
1030 5 53
1031 0 59
1032 8 61
1033 39 230
1034 34 234
1035 48 232
1036 34 244
1037 43 232
1038 44 243
1039 42 243
1040 40 241
1041 39 247
1042 46 241
1043 39 247
1044 36 243
1045 49 246
1046 37 248
1047 34 236
1048 43 248
1049 49 229
1050 43 247
1051 39 229
1052 35 229
1053 35 233
1054 35 233
1055 38 247
1056 40 234
1057 34 239
1058 48 239
1059 47 246
1060 32 245
1061 45 237
1062 43 231
1063 125 147
1064 124 157
1065 128 152
1066 121 146
1067 126 145
1068 128 157
1069 119 149
1070 125 147
1071 123 155
1072 113 157
1073 128 145
1074 114 146
1075 113 144
1076 114 158
1077 128 154
1078 113 147
1079 115 144
1080 122 146
1081 120 152
1082 122 146
1083 127 160
1084 121 158
1085 120 158
1086 120 152
1087 126 155
1088 114 151
1089 113 151
1090 121 153
1091 128 154
1092 128 147
1093 118 114
1094 122 121
1095 117 114
1096 118 116
1097 118 116
1098 117 124
1099 123 114
1100 116 117
1101 118 113
1102 123 124
1103 118 113
1104 119 126
1105 116 125
1106 125 123
1107 124 115
1108 113 127
1109 128 116
1110 125 119
1111 127 123
1112 124 123
1113 239 105
1114 239 102
1115 244 98
1116 242 110
1117 232 100
1118 244 110
1119 248 109
1120 238 99
1121 246 110
1122 241 101
1123 229 103
1124 237 99
1125 242 103
1126 231 100
1127 229 109
1128 234 109
1129 229 104
1130 231 102
1131 241 102
1132 231 107
1133 247 103
1134 230 101
1135 248 99
1136 248 98
1137 245 104
1138 239 99
1139 236 107
1140 247 112
1141 229 112
1142 229 104
1143 68 210
1144 80 207
1145 78 211
1146 71 212
1147 75 207
1148 79 212
1149 74 203
1150 70 213
1151 68 208
1152 75 208
1153 71 200
1154 74 202
1155 77 197
1156 72 205
1157 70 205
1158 73 213
1159 73 202
1160 80 212
1161 76 211
1162 74 211
1163 73 202
1164 77 205
1165 72 199
1166 71 204
1167 72 203
1168 72 207
1169 74 211
1170 82 199
1171 80 202
1172 69 201
1173 253 152
1174 253 148
1175 253 160
1176 261 159
1177 263 145
1178 255 149
1179 262 147
1180 251 151
1181 250 147
1182 251 156
1183 264 154
1184 249 151
1185 251 154
1186 255 158
1187 260 160
1188 263 154
1189 254 154
1190 256 152
1191 249 154
1192 265 150
1193 251 154
1194 253 150
1195 251 156
1196 257 149
1197 253 155
1198 258 150
1199 249 149
1200 257 147
1201 263 151
1202 264 153
1203 167 108
1204 163 103
1205 163 99
1206 179 108
1207 168 109
1208 172 103
1209 163 99
1210 174 99
1211 176 102
1212 166 99
1213 162 103
1214 166 109
1215 179 112
1216 171 103
1217 167 111
1218 170 112
1219 174 102
1220 170 106
1221 167 111
1222 179 102
1223 163 106
1224 174 112
1225 168 105
1226 174 112
1227 166 111
1228 179 109
1229 177 98
1230 168 98
1231 174 102
1232 161 107
1233 49 63
1234 42 67
1235 33 60
1236 42 50
1237 36 58
1238 36 61
1239 36 56
1240 42 53
1241 38 66
1242 35 64
1243 37 67
1244 33 56
1245 43 55
1246 45 58
1247 44 57
1248 36 62
1249 33 50
1250 49 65
1251 47 64
1252 45 64
1253 48 60
1254 44 63
1255 33 67
1256 33 58
1257 37 50
1258 33 56
1259 32 58
1260 36 56
1261 43 64
1262 34 57
1263 248 60
1264 247 51
1265 242 65
1266 246 51
1267 232 64
1268 248 63
1269 237 54
1270 230 58
1271 236 66
1272 246 66
1273 243 60
1274 231 66
1275 242 67
1276 241 51
1277 246 51
1278 240 66
1279 230 50
1280 242 52
1281 238 58
1282 232 56
1283 245 60
1284 248 57
1285 232 61
1286 241 62
1287 248 67
1288 229 66
1289 232 57
1290 243 50
1291 235 60
1292 231 56
1293 73 74
1294 75 78
1295 75 73
1296 78 74
1297 68 82
1298 77 81
1299 81 74
1300 81 82
1301 71 78
1302 78 70
1303 74 77
1304 75 81
1305 71 78
1306 69 78
1307 68 69
1308 70 77
1309 78 70
1310 68 71
1311 137 199
1312 134 210
1313 140 212
1314 133 206
1315 143 213
1316 129 199
1317 131 204
1318 130 196
1319 133 203
1320 143 207
1321 129 196
1322 140 206
1323 133 197
1324 131 206
1325 130 202
1326 138 198
1327 131 203
1328 132 202
1329 137 207
1330 140 203
1331 132 204
1332 140 206
1333 142 205
1334 139 203
1335 134 208
1336 132 198
1337 139 198
1338 132 210
1339 141 206
1340 134 212
1341 249 248
1342 253 237
1343 251 234
1344 254 242
1345 253 248
1346 251 233
1347 258 233
1348 251 241
1349 265 231
1350 256 239
1351 250 245
1352 257 231
1353 251 246
1354 260 239
1355 257 233
1356 253 247
1357 265 230
1358 257 237
1359 262 232
1360 259 233
1361 261 233
1362 264 235
1363 253 235
1364 250 237
1365 253 236
1366 265 245
1367 264 241
1368 252 243
1369 260 245
1370 256 237
1371 86 260
1372 86 258
1373 91 253
1374 93 255
1375 96 260
1376 83 250
1377 89 255
1378 94 261
1379 84 260
1380 97 257
1381 97 262
1382 90 254
1383 97 251
1384 87 261
1385 93 258
1386 94 259
1387 83 253
1388 97 250
1389 93 253
1390 88 264
1391 95 253
1392 83 258
1393 92 251
1394 97 264
1395 85 263
1396 90 253
1397 89 254
1398 84 249
1399 92 249
1400 86 260
1401 248 174
1402 244 166
1403 245 170
1404 238 173
1405 245 164
1406 234 172
1407 238 164
1408 241 165
1409 233 171
1410 248 171
1411 231 161
1412 240 177
1413 233 169
1414 243 174
1415 245 175
1416 230 169
1417 245 173
1418 233 167
1419 229 168
1420 235 169
1421 235 167
1422 237 171
1423 243 166
1424 241 172
1425 237 170
1426 248 168
1427 241 165
1428 242 169
1429 240 172
1430 234 173
1431 145 123
1432 153 124
1433 152 123
1434 145 118
1435 148 123
1436 156 125
1437 156 116
1438 159 119
1439 152 127
1440 144 113
1441 160 117
1442 153 119
1443 158 115
1444 146 124
1445 157 123
1446 149 121
1447 154 114
1448 150 115
1449 148 128
1450 147 124
1451 144 121
1452 146 121
1453 158 124
1454 158 128
1455 150 115
1456 149 125
1457 155 117
1458 152 121
1459 156 119
1460 144 127
1461 57 53
1462 62 61
1463 51 53
1464 67 61
1465 52 60
1466 67 51
1467 55 63
1468 57 54
1469 59 54
1470 58 61
1471 63 65
1472 50 53
1473 61 56
1474 56 53
1475 51 53
1476 54 52
1477 63 55
1478 64 55
1479 65 58
1480 67 62
1481 61 52
1482 85 32
1483 85 48
1484 86 41
1485 86 33
1486 86 40
1487 96 49
1488 84 49
1489 83 36
1490 96 37
1491 92 48
1492 84 47
1493 92 36
1494 93 39
1495 84 45
1496 95 35
1497 88 46
1498 91 35
1499 87 49
1500 94 37
1501 89 36
1502 85 39
1503 89 36
1504 95 47
1505 92 47
1506 93 41
1507 90 35
1508 87 40
1509 87 47
1510 90 41
1511 87 49
1512 235 177
1513 234 166
1514 245 177
1515 248 165
1516 230 164
1517 248 178
1518 233 177
1519 247 170
1520 232 165
1521 239 170
1522 242 170
1523 241 176
1524 238 172
1525 233 172
1526 233 174
1527 232 166
1528 242 170
1529 245 166
1530 241 164
1531 246 161
1532 236 175
1533 235 170
1534 241 178
1535 244 169
1536 244 164
1537 230 170
1538 245 176
1539 236 173
1540 245 172
1541 229 174
1542 85 32
1543 90 47
1544 89 39
1545 97 48
1546 90 39
1547 89 34
1548 95 46
1549 91 44
1550 90 32
1551 83 38
1552 96 35
1553 84 31
1554 95 40
1555 96 35
1556 91 45
1557 88 38
1558 83 33
1559 94 46
1560 92 33
1561 85 43
1562 89 36
1563 96 48
1564 95 41
1565 92 39
1566 86 45
1567 87 41
1568 96 35
1569 89 43
1570 84 36
1571 85 45
1572 190 170
1573 181 163
1574 190 169
1575 193 176
1576 180 163
1577 193 175
1578 195 162
1579 186 166
1580 180 164
1581 184 169
1582 194 179
1583 185 171
1584 187 174
1585 183 162
1586 183 171
1587 180 164
1588 191 175
1589 182 168
1590 185 161
1591 181 169
1592 190 166
1593 193 168
1594 194 173
1595 182 174
1596 195 168
1597 191 164
1598 185 177
1599 184 169
1600 182 165
1601 192 168
1602 151 84
1603 158 91
1604 156 95
1605 153 84
1606 155 83
1607 153 85
1608 149 89
1609 151 87
1610 153 95
1611 159 97
1612 156 92
1613 156 83
1614 148 94
1615 144 94
1616 146 95
1617 153 84
1618 146 83
1619 152 90
1620 144 91
1621 154 88
1622 158 83
1623 144 95
1624 146 87
1625 150 86
1626 146 87
1627 148 86
1628 147 88
1629 153 97
1630 154 94
1631 159 85
1632 207 210
1633 213 200
1634 197 196
1635 210 199
1636 199 197
1637 203 208
1638 205 212
1639 209 200
1640 213 199
1641 204 202
1642 205 200
1643 211 206
1644 203 213
1645 205 203
1646 198 203
1647 210 205
1648 212 207
1649 212 208
1650 212 203
1651 204 201
1652 198 199
1653 210 206
1654 55 39
1655 64 36
1656 50 44
1657 52 32
1658 55 39
1659 67 33
1660 66 36
1661 52 34
1662 52 42
1663 66 43
1664 62 39
1665 63 49
1666 53 39
1667 56 49
1668 63 48
1669 50 42
1670 52 49
1671 57 39
1672 61 34
1673 63 35
1674 53 41
1675 64 47
1676 55 46
1677 52 38
1678 56 46
1679 53 42
1680 64 40
1681 55 43
1682 53 46
1683 60 37
1684 145 100
1685 153 99
1686 146 103
1687 156 107
1688 151 103
1689 153 99
1690 148 102
1691 155 107
1692 151 103
1693 158 101
1694 157 100
1695 160 106
1696 157 100
1697 150 106
1698 152 103
1699 149 104
1700 150 109
1701 149 104
1702 153 98
1703 151 102
1704 159 110
1705 152 99
1706 160 107
1707 145 99
1708 160 109
1709 155 110
1710 157 107
1711 156 104
1712 148 103
1713 147 98
1714 20 232
1715 27 242
1716 16 238
1717 28 243
1718 15 241
1719 26 231
1720 14 230
1721 24 229
1722 27 234
1723 16 246
1724 21 242
1725 20 240
1726 15 239
1727 16 239
1728 19 231
1729 19 247
1730 22 243
1731 28 235
1732 16 238
1733 24 246
1734 29 234
1735 17 238
1736 22 229
1737 18 235
1738 17 242
1739 30 242
1740 17 245
1741 30 236
1742 29 236
1743 17 232
1744 0 36
1745 10 41
1746 7 38
1747 4 38
1748 4 42
1749 4 39
1750 2 31
1751 6 45
1752 7 37
1753 2 39
1754 5 48
1755 8 33
1756 9 36
1757 2 48
1758 9 45
1759 2 40
1760 6 32
1761 3 40
1762 10 42
1763 0 39
1764 1 41
1765 5 48
1766 8 47
1767 7 48
1768 10 41
1769 6 36
1770 1 48
1771 0 42
1772 261 81
1773 258 69
1774 264 68
1775 251 76
1776 252 78
1777 255 73
1778 259 79
1779 253 82
1780 250 69
1781 252 69
1782 252 81
1783 258 69
1784 249 79
1785 256 74
1786 265 79
1787 258 73
1788 263 77
1789 250 82
1790 260 77
1791 264 81
1792 250 78
1793 251 74
1794 259 68
1795 260 72
1796 251 74
1797 249 81
1798 253 70
1799 264 71
1800 260 75
1801 251 74
1802 140 116
1803 130 127
1804 132 115
1805 140 123
1806 138 126
1807 129 116
1808 140 127
1809 133 113
1810 142 122
1811 142 124
1812 137 115
1813 130 113
1814 132 127
1815 138 127
1816 134 125
1817 135 128
1818 131 123
1819 129 123
1820 133 123
1821 137 117
1822 141 114
1823 140 123
1824 133 114
1825 134 117
1826 129 116
1827 137 127
1828 132 115
1829 129 116
1830 133 127
1831 136 119
1832 56 99
1833 56 108
1834 51 99
1835 51 112
1836 55 101
1837 65 111
1838 57 103
1839 58 102
1840 59 98
1841 58 104
1842 57 101
1843 56 107
1844 59 111
1845 59 109
1846 60 109
1847 52 107
1848 54 105
1849 56 104
1850 60 103
1851 65 110
1852 54 107
1853 64 101
1854 50 105
1855 66 108
1856 63 110
1857 63 110
1858 55 109
1859 54 100
1860 51 98
1861 58 111
1862 47 66
1863 34 59
1864 49 50
1865 38 50
1866 44 66
1867 42 60
1868 47 53
1869 47 62
1870 46 67
1871 40 50
1872 39 65
1873 31 54
1874 38 66
1875 33 57
1876 42 52
1877 43 54
1878 47 52
1879 41 63
1880 38 65
1881 42 57
1882 41 53
1883 43 62
1884 49 51
1885 45 60
1886 44 57
1887 34 52
1888 37 64
1889 38 66
1890 35 62
1891 35 56
1892 38 160
1893 33 159
1894 35 152
1895 46 151
1896 42 160
1897 37 155
1898 45 144
1899 36 152
1900 35 145
1901 39 148
1902 39 145
1903 39 149
1904 37 144
1905 37 158
1906 35 149
1907 47 149
1908 49 145
1909 40 145
1910 44 154
1911 40 145
1912 41 152
1913 36 154
1914 32 153
1915 37 157
1916 39 148
1917 41 157
1918 37 155
1919 36 148
1920 31 155
1921 39 148
1922 204 260
1923 197 262
1924 196 264
1925 200 263
1926 209 265
1927 205 250
1928 207 264
1929 204 261
1930 205 260
1931 201 250
1932 207 265
1933 205 259
1934 201 250
1935 199 260
1936 209 263
1937 196 249
1938 204 257
1939 196 258
1940 199 252
1941 205 262
1942 196 262
1943 196 253
1944 196 252
1945 206 265
1946 213 259
1947 204 264
1948 209 263
1949 199 250
1950 208 249
1951 203 255
1952 213 237
1953 206 243
1954 213 235
1955 197 239
1956 213 237
1957 197 232
1958 199 232
1959 212 236
1960 198 229
1961 197 232
1962 202 243
1963 208 232
1964 206 235
1965 208 234
1966 207 237
1967 201 248
1968 205 246
1969 206 243
1970 196 231
1971 210 235
1972 202 231
1973 201 240
1974 200 242
1975 198 229
1976 200 246
1977 209 230
1978 211 244
1979 200 234
1980 203 244
1981 196 233
1982 239 142
1983 233 143
1984 231 139
1985 231 131
1986 239 130
1987 233 133
1988 239 133
1989 235 139
1990 232 136
1991 238 134
1992 244 132
1993 238 143
1994 242 137
1995 235 137
1996 231 129
1997 247 137
1998 244 129
1999 247 142
2000 242 134
2001 230 140
2002 229 141
2003 235 135
2004 229 142
2005 240 135
2006 233 143
2007 237 135
2008 243 135
2009 232 131
2010 239 133
2011 232 138
2012 186 140
2013 188 129
2014 193 142
2015 184 135
2016 181 129
2017 188 131
2018 188 138
2019 188 130
2020 182 138
2021 194 133
2022 193 137
2023 189 141
2024 192 142
2025 181 135
2026 180 132
2027 182 142
2028 185 131
2029 188 131
2030 184 129
2031 190 132
2032 186 139
2033 190 135
2034 194 135
2035 189 132
2036 183 129
2037 186 140
2038 193 138
2039 187 138
2040 195 140
2041 188 133
2042 108 263
2043 102 257
2044 106 259
2045 102 252
2046 108 256
2047 106 261
2048 108 253
2049 112 249
2050 108 250
2051 101 265
2052 104 260
2053 100 264
2054 104 254
2055 111 252
2056 98 254
2057 108 263
2058 110 256
2059 100 252
2060 99 256
2061 98 262
2062 99 250
2063 98 259
2064 109 253
2065 110 252
2066 107 255
2067 100 251
2068 107 250
2069 104 250
2070 98 254
2071 104 258
2072 183 249
2073 194 249
2074 188 249
2075 186 260
2076 195 249
2077 191 262
2078 181 255
2079 186 249
2080 189 251
2081 181 253
2082 194 255
2083 189 250
2084 189 249
2085 187 262
2086 183 260
2087 194 258
2088 194 250
2089 185 256
2090 195 259
2091 190 256
2092 195 259
2093 194 255
2094 189 253
2095 195 259
2096 186 256
2097 183 249
2098 186 263
2099 184 264
2100 184 253
2101 191 258
2102 69 151
2103 72 158
2104 75 145
2105 78 156
2106 76 157
2107 74 155
2108 75 154
2109 77 155
2110 76 160
2111 81 151
2112 68 152
2113 79 149
2114 79 144
2115 72 152
2116 74 154
2117 77 154
2118 68 145
2119 73 145
2120 70 156
2121 71 158
2122 82 154
2123 74 157
2124 73 156
2125 81 153
2126 78 146
2127 82 144
2128 76 157
2129 75 160
2130 79 146
2131 82 145
2132 181 257
2133 187 264
2134 183 249
2135 181 258
2136 182 256
2137 194 263
2138 190 257
2139 193 257
2140 193 258
2141 186 252
2142 180 260
2143 185 256
2144 184 255
2145 189 253
2146 192 261
2147 188 253
2148 182 254
2149 191 255
2150 191 254
2151 184 263
2152 189 251
2153 194 259
2154 188 252
2155 185 263
2156 190 251
2157 190 252
2158 193 249
2159 192 264
2160 191 254
2161 182 262
2162 16 4
2163 29 0
2164 29 4
2165 19 5
2166 18 4
2167 17 3
2168 13 5
2169 17 1
2170 20 2
2171 20 4
2172 24 7
2173 17 10
2174 22 7
2175 17 11
2176 24 5
2177 25 7
2178 23 5
2179 22 6
2180 30 9
2181 23 9
2182 25 0
2183 18 10
2184 15 0
2185 30 3
2186 12 7
2187 15 7
2188 22 1
2189 27 1
2190 14 6
2191 16 10
2192 144 174
2193 144 169
2194 156 163
2195 148 179
2196 154 166
2197 157 162
2198 149 179
2199 153 178
2200 151 178
2201 158 169
2202 155 172
2203 150 173
2204 158 161
2205 156 168
2206 159 173
2207 157 173
2208 150 163
2209 153 173
2210 148 179
2211 158 177
2212 151 173
2213 157 177
2214 150 174
2215 159 173
2216 146 173
2217 147 167
2218 147 170
2219 148 171
2220 145 172
2221 153 162
2222 149 240
2223 155 241
2224 157 230
2225 151 248
2226 144 247
2227 159 233
2228 148 242
2229 160 243
2230 154 247
2231 155 233
2232 160 242
2233 146 248
2234 145 247
2235 145 231
2236 146 246
2237 146 229
2238 145 234
2239 151 236
2240 158 245
2241 159 244
2242 160 236
2243 149 246
2244 148 239
2245 144 230
2246 152 248
2247 147 232
2248 156 244
2249 146 246
2250 153 243
2251 157 248
2252 137 95
2253 139 96
2254 136 85
2255 136 84
2256 142 83
2257 142 91
2258 135 91
2259 138 93
2260 142 84
2261 134 83
2262 130 91
2263 143 90
2264 129 94
2265 135 93
2266 140 89
2267 138 93
2268 131 90
2269 132 86
2270 129 85
2271 136 94
2272 137 90
2273 140 91
2274 129 89
2275 133 95
2276 131 96
2277 130 85
2278 135 95
2279 143 97
2280 130 95
2281 181 143
2282 180 143
2283 183 138
2284 194 139
2285 185 129
2286 184 140
2287 192 137
2288 181 133
2289 192 143
2290 189 137
2291 193 134
2292 185 141
2293 190 143
2294 194 134
2295 182 138
2296 195 139
2297 184 132
2298 192 138
2299 186 135
2300 188 135
2301 191 143
2302 185 136
2303 194 140
2304 191 141
2305 194 135
2306 187 141
2307 192 138
2308 180 140
2309 189 134
2310 188 143
2311 128 244
2312 115 246
2313 125 236
2314 117 244
2315 120 241
2316 125 237
2317 125 237
2318 116 232
2319 128 232
2320 115 242
2321 116 244
2322 120 232
2323 128 247
2324 122 241
2325 118 247
2326 127 238
2327 113 243
2328 114 245
2329 117 243
2330 122 242
2331 115 239
2332 126 237
2333 124 247
2334 118 243
2335 121 240
2336 126 230
2337 122 240
2338 117 243
2339 115 245
2340 113 235
2341 102 116
2342 105 128
2343 99 113
2344 103 117
2345 106 123
2346 100 118
2347 98 113
2348 106 113
2349 103 123
2350 111 124
2351 107 115
2352 107 126
2353 112 114
2354 112 121
2355 100 114
2356 100 125
2357 112 128
2358 103 123
2359 106 119
2360 108 115
2361 110 116
2362 99 113
2363 108 113
2364 106 120
2365 104 128
2366 108 120
2367 102 125
2368 109 118
2369 98 123
2370 110 124
2371 66 106
2372 58 106
2373 64 99
2374 55 101
2375 65 109
2376 57 103
2377 65 103
2378 60 106
2379 51 112
2380 64 104
2381 60 111
2382 54 98
2383 62 108
2384 54 104
2385 62 110
2386 52 111
2387 51 104
2388 55 106
2389 63 99
2390 55 102
2391 51 107
2392 53 99
2393 50 102
2394 50 98
2395 67 112
2396 51 108
2397 54 104
2398 57 98
2399 66 102
2400 52 108
2401 143 218
2402 138 219
2403 134 221
2404 132 221
2405 129 222
2406 131 224
2407 140 215
2408 139 223
2409 134 220
2410 139 224
2411 143 220
2412 138 216
2413 131 219
2414 136 216
2415 143 218
2416 134 228
2417 142 217
2418 139 218
2419 136 215
2420 137 217
2421 129 227
2422 140 220
2423 139 219
2424 134 218
2425 140 214
2426 133 217
2427 140 227
2428 130 214
2429 139 228
2430 143 224
2431 65 235
2432 56 233
2433 62 235
2434 56 248
2435 51 234
2436 62 244
2437 58 238
2438 58 235
2439 58 245
2440 60 241
2441 56 244
2442 59 232
2443 50 238
2444 51 242
2445 51 232
2446 63 241
2447 61 240
2448 55 233
2449 57 244
2450 55 229
2451 58 229
2452 54 248
2453 50 243
2454 66 239
2455 67 231
2456 66 232
2457 53 238
2458 54 244
2459 56 232
2460 60 234
2461 218 145
2462 214 157
2463 223 157
2464 228 156
2465 224 151
2466 224 145
2467 226 147
2468 216 157
2469 225 150
2470 226 159
2471 218 154
2472 215 157
2473 227 149
2474 221 159
2475 215 154
2476 227 144
2477 227 147
2478 223 155
2479 215 154
2480 222 145
2481 227 151
2482 217 147
2483 221 159
2484 224 145
2485 217 158
2486 224 145
2487 219 146
2488 214 147
2489 215 151
2490 218 152
2491 90 72
2492 92 72
2493 97 75
2494 96 71
2495 95 69
2496 94 82
2497 84 76
2498 94 74
2499 85 68
2500 86 75
2501 95 68
2502 88 70
2503 83 78
2504 88 68
2505 94 70
2506 90 76
2507 84 70
2508 86 70
2509 85 68
2510 92 81
2511 83 68
2512 89 73
2513 87 82
2514 91 81
2515 88 74
2516 86 70
2517 97 78
2518 83 71
2519 85 73
2520 87 72
2521 154 223
2522 153 216
2523 149 215
2524 156 221
2525 152 227
2526 149 223
2527 156 217
2528 151 219
2529 158 214
2530 159 218
2531 156 221
2532 159 226
2533 145 224
2534 146 222
2535 149 217
2536 147 223
2537 153 217
2538 156 214
2539 144 226
2540 147 222
2541 148 225
2542 146 226
2543 155 222
2544 148 218
2545 146 219
2546 150 227
2547 153 227
2548 156 221
2549 159 225
2550 146 222
2551 110 123
2552 110 121
2553 110 127
2554 104 114
2555 105 114
2556 110 121
2557 99 119
2558 110 127
2559 102 118
2560 107 122
2561 101 128
2562 106 119
2563 112 114
2564 101 121
2565 100 119
2566 106 113
2567 101 114
2568 104 117
2569 99 122
2570 100 121
2571 102 116
2572 107 118
2573 107 116
2574 105 115
2575 103 127
2576 108 114
2577 101 114
2578 109 114
2579 101 128
2580 100 123
2581 94 190
2582 83 194
2583 89 180
2584 93 183
2585 88 193
2586 85 189
2587 84 187
2588 85 186
2589 97 189
2590 85 195
2591 87 188
2592 86 191
2593 92 180
2594 83 193
2595 88 194
2596 89 183
2597 83 189
2598 84 182
2599 95 185
2600 92 190
2601 92 183
2602 97 188
2603 97 190
2604 94 184
2605 92 192
2606 91 186
2607 91 195
2608 90 186
2609 84 187
2610 85 180
2611 222 183
2612 218 184
2613 221 180
2614 223 194
2615 215 182
2616 219 191
2617 227 193
2618 225 188
2619 226 195
2620 228 181
2621 219 191
2622 221 182
2623 216 191
2624 214 190
2625 216 191
2626 224 185
2627 220 192
2628 223 190
2629 218 181
2630 214 191
2631 221 191
2632 222 186
2633 215 184
2634 219 187
2635 218 192
2636 223 190
2637 224 186
2638 214 186
2639 227 187
2640 227 184
2641 32 263
2642 33 250
2643 38 253
2644 31 260
2645 41 262
2646 36 265
2647 32 265
2648 49 259
2649 32 254
2650 40 258
2651 43 262
2652 41 258
2653 45 262
2654 44 260
2655 32 263
2656 32 251
2657 44 257
2658 34 249
2659 31 261
2660 38 258
2661 49 262
2662 43 259
2663 43 255
2664 34 265
2665 37 254
2666 37 259
2667 45 263
2668 32 265
2669 31 250
2670 44 263
2671 158 24
2672 153 23
2673 147 28
2674 152 13
2675 153 27
2676 144 24
2677 156 24
2678 152 26
2679 153 16
2680 148 19
2681 146 21
2682 146 24
2683 153 18
2684 156 16
2685 144 15
2686 158 12
2687 149 30
2688 152 14
2689 150 29
2690 155 25
2691 145 30
2692 149 17
2693 147 22
2694 147 29
2695 145 25
2696 144 22
2697 152 19
2698 146 28
2699 158 15
2700 147 21
2701 172 241
2702 179 233
2703 175 240
2704 161 245
2705 166 237
2706 167 231
2707 173 242
2708 171 233
2709 165 248
2710 175 239
2711 166 232
2712 172 231
2713 167 232
2714 167 239
2715 167 235
2716 176 230
2717 162 243
2718 172 248
2719 178 243
2720 168 240
2721 175 242
2722 170 237
2723 167 244
2724 167 234
2725 176 234
2726 178 237
2727 175 241
2728 163 240
2729 175 235
2730 173 247
2731 163 120
2732 177 121
2733 161 125
2734 166 120
2735 166 118
2736 169 127
2737 179 114
2738 178 126
2739 177 123
2740 178 127
2741 170 124
2742 178 121
2743 178 119
2744 171 117
2745 161 123
2746 169 123
2747 162 118
2748 178 121
2749 173 116
2750 167 125
2751 179 126
2752 170 122
2753 173 127
2754 176 118
2755 167 117
2756 176 125
2757 166 124
2758 161 116
2759 172 123
2760 163 114
2761 235 250
2762 238 250
2763 245 260
2764 239 262
2765 235 249
2766 237 256
2767 229 252
2768 240 250
2769 236 261
2770 234 257
2771 248 260
2772 236 263
2773 236 250
2774 242 259
2775 247 257
2776 243 254
2777 232 261
2778 239 263
2779 229 255
2780 242 257
2781 246 265
2782 231 264
2783 235 252
2784 236 258
2785 245 256
2786 239 260
2787 236 262
2788 247 264
2789 239 255
2790 241 261
2791 58 111
2792 52 111
2793 50 100
2794 65 98
2795 52 104
2796 64 104
2797 52 107
2798 51 105
2799 62 104
2800 56 102
2801 64 111
2802 60 111
2803 54 109
2804 61 111
2805 53 108
2806 60 108
2807 59 109
2808 55 107
2809 51 108
2810 67 103
2811 63 108
2812 55 109
2813 58 112
2814 54 108
2815 63 101
2816 65 103
2817 51 103
2818 61 104
2819 55 109
2820 50 109
2821 124 54
2822 125 66
2823 118 54
2824 128 61
2825 113 51
2826 113 52
2827 116 54
2828 115 50
2829 117 63
2830 113 58
2831 122 63
2832 116 60
2833 126 50
2834 120 67
2835 113 65
2836 117 63
2837 120 62
2838 126 65
2839 114 62
2840 123 51
2841 120 55
2842 118 55
2843 118 62
2844 122 65
2845 121 57
2846 128 52
2847 122 62
2848 123 62
2849 120 60
2850 115 57
2851 53 80
2852 57 82
2853 66 69
2854 59 77
2855 60 75
2856 64 74
2857 67 76
2858 65 70
2859 52 79
2860 53 81
2861 64 82
2862 50 81
2863 52 72
2864 59 82
2865 57 78
2866 62 71
2867 61 76
2868 60 77
2869 66 71
2870 57 68
2871 50 76
2872 55 82
2873 58 82
2874 52 79
2875 54 81
2876 58 72
2877 56 76
2878 62 70
2879 55 80
2880 53 76
2881 231 261
2882 245 257
2883 239 254
2884 239 258
2885 235 257
2886 231 260
2887 239 249
2888 230 258
2889 241 260
2890 247 253
2891 248 264
2892 231 265
2893 239 250
2894 232 250
2895 231 261
2896 243 256
2897 245 261
2898 247 261
2899 241 254
2900 244 258
2901 237 256
2902 244 249
2903 245 253
2904 229 250
2905 231 262
2906 229 258
2907 241 252
2908 230 262
2909 244 262
2910 247 259
2911 120 119
2912 126 127
2913 118 116
2914 117 113
2915 125 114
2916 117 123
2917 114 125
2918 116 128
2919 125 113
2920 125 119
2921 113 122
2922 119 113
2923 115 120
2924 124 117
2925 117 116
2926 113 124
2927 126 114
2928 123 128
2929 116 125
2930 124 122
2931 115 126
