231 247 10 2872
0 6
1 8
2 4
3 9
4 13
5 5
6 9
7 6
8 6
9 8
10 7
11 7
12 6
13 3
14 3
15 3
16 3
17 3
18 3
19 3
20 3
21 3
22 3
23 6
24 3
25 3
26 3
27 3
28 5
29 3
30 3
31 3
32 3
33 5
34 4
35 3
36 3
37 3
38 3
39 4
40 3
41 5
42 3
43 5
44 3
45 3
46 3
47 3
48 3
49 3
50 3
51 3
52 6
53 3
54 3
55 5
56 3
57 3
58 3
59 3
60 3
61 3
62 3
63 4
64 3
65 3
66 4
67 5
68 4
69 3
70 3
71 3
72 3
73 3
74 3
75 3
76 3
77 4
78 4
79 3
80 3
81 4
82 3
83 4
84 3
85 3
86 6
87 3
88 4
89 3
90 5
91 3
92 3
93 3
94 3
95 3
96 3
97 3
98 4
99 3
100 3
101 3
102 5
103 3
104 4
105 3
106 4
107 3
108 3
109 3
110 4
111 5
112 3
113 3
114 4
115 3
116 3
117 3
118 4
119 3
120 3
121 3
122 6
123 3
124 3
125 4
126 3
127 3
128 3
129 3
130 5
131 3
132 3
133 3
134 4
135 5
136 3
137 3
138 3
139 3
140 3
141 3
142 3
143 3
144 4
145 3
146 4
147 3
148 5
149 3
150 3
151 3
152 4
153 3
154 3
155 4
156 4
157 3
158 3
159 3
160 4
161 3
162 3
163 3
164 5
165 5
166 3
167 4
168 4
169 3
170 5
171 5
172 3
173 3
174 4
175 3
176 3
177 3
178 4
179 5
180 4
181 3
182 3
183 4
184 3
185 3
186 3
187 3
188 4
189 3
190 3
191 3
192 3
193 3
194 3
195 3
196 4
197 3
198 4
199 3
200 3
201 3
202 5
203 3
204 3
205 5
206 3
207 3
208 3
209 3
210 3
211 3
212 3
213 3
214 3
215 3
216 4
217 3
218 3
219 8
220 5
221 3
222 3
223 3
224 3
225 3
226 3
227 3
228 3
229 3
230 3
0 0 1
1 0 8
2 0 11
3 0 118
4 1 3
5 1 6
6 1 8
7 1 9
8 1 83
9 2 4
10 2 6
11 2 9
12 3 4
13 3 7
14 3 9
15 3 12
16 3 100
17 3 134
18 4 6
19 4 7
20 4 8
21 4 9
22 4 10
23 4 11
24 4 32
25 4 169
26 4 201
27 4 216
28 5 6
29 5 10
30 5 11
31 5 185
32 6 8
33 6 9
34 6 10
35 7 10
36 7 11
37 8 9
38 9 50
39 10 67
40 11 149
41 12 18
42 12 22
43 12 27
44 13 23
45 14 19
46 14 23
47 15 17
48 15 25
49 16 30
50 16 31
51 19 27
52 20 28
53 21 24
54 21 30
55 23 28
56 23 25
57 24 25
58 26 28
59 28 29
60 32 42
61 32 45
62 33 44
63 33 41
64 33 46
65 33 43
66 33 49
67 34 37
68 34 39
69 34 41
70 35 37
71 36 38
72 38 43
73 39 40
74 41 45
75 43 47
76 47 48
77 50 55
78 51 57
79 51 63
80 52 53
81 52 59
82 52 55
83 52 65
84 52 66
85 54 65
86 55 63
87 55 64
88 56 57
89 58 65
90 60 61
91 61 62
92 61 66
93 67 72
94 67 68
95 67 79
96 67 81
97 68 70
98 68 77
99 69 78
100 71 75
101 73 77
102 74 75
103 74 81
104 75 80
105 76 77
106 78 80
107 81 82
108 83 86
109 83 84
110 84 87
111 84 90
112 85 92
113 85 88
114 86 89
115 86 93
116 86 88
117 90 91
118 90 99
119 92 98
120 94 97
121 95 97
122 95 98
123 96 98
124 100 108
125 100 111
126 101 111
127 102 113
128 102 112
129 102 117
130 103 108
131 104 107
132 104 106
133 105 115
134 106 114
135 107 116
136 108 115
137 109 112
138 110 111
139 110 114
140 110 112
141 118 129
142 119 130
143 120 125
144 121 130
145 122 123
146 122 126
147 122 131
148 122 128
149 124 128
150 125 131
151 127 132
152 128 132
153 129 130
154 130 132
155 130 133
156 134 148
157 135 139
158 135 146
159 135 137
160 136 145
161 136 144
162 136 141
163 137 148
164 138 140
165 138 147
166 138 144
167 141 148
168 142 143
169 142 146
170 149 161
171 150 159
172 150 167
173 150 155
174 151 154
175 152 166
176 152 168
177 153 160
178 153 156
179 154 164
180 155 168
181 156 165
182 157 160
183 158 162
184 158 164
185 161 167
186 163 165
187 164 165
188 164 166
189 169 174
190 170 173
191 170 179
192 170 183
193 171 177
194 171 176
195 171 173
196 172 178
197 174 178
198 175 179
199 176 178
200 179 182
201 180 183
202 180 184
203 181 182
204 185 192
205 186 200
206 187 189
207 188 190
208 188 198
209 189 192
210 190 196
211 191 195
212 191 194
213 192 196
214 193 195
215 194 197
216 194 200
217 195 198
218 198 199
219 201 213
220 201 208
221 202 205
222 202 206
223 202 208
224 203 211
225 204 205
226 205 209
227 205 210
228 205 212
229 206 214
230 207 209
231 208 215
232 211 213
233 216 228
234 216 222
235 217 228
236 218 219
237 219 221
238 219 227
239 219 223
240 219 229
241 219 220
242 220 225
243 220 230
244 222 223
245 224 225
246 226 230
0 24 96
1 28 93
2 16 83
3 30 95
4 30 91
5 31 89
6 20 89
7 16 99
8 16 90
9 15 94
10 12 98
11 19 83
12 17 99
13 24 84
14 14 87
15 12 85
16 21 84
17 27 88
18 25 95
19 15 97
20 22 87
21 28 89
22 23 94
23 24 90
24 14 84
25 28 87
26 13 99
27 20 92
28 31 85
29 30 83
30 165 144
31 149 145
32 157 140
33 165 142
34 155 140
35 165 141
36 157 143
37 149 137
38 149 147
39 168 141
40 152 138
41 165 145
42 160 143
43 157 147
44 155 142
45 155 143
46 167 135
47 163 144
48 153 147
49 151 135
50 164 146
51 164 141
52 159 147
53 152 136
54 150 147
55 153 146
56 165 139
57 157 148
58 158 138
59 162 135
60 109 128
61 112 120
62 102 133
63 102 123
64 110 124
65 104 126
66 101 122
67 106 120
68 100 130
69 102 131
70 101 121
71 106 118
72 108 133
73 105 130
74 115 120
75 113 126
76 101 132
77 103 132
78 104 122
79 117 123
80 110 125
81 114 133
82 102 119
83 107 126
84 101 130
85 100 126
86 115 124
87 108 127
88 113 125
89 108 127
90 229 177
91 225 182
92 225 184
93 224 181
94 220 183
95 223 174
96 218 173
97 227 170
98 222 169
99 223 170
100 225 184
101 229 176
102 222 169
103 222 171
104 217 172
105 221 181
106 225 171
107 228 180
108 223 171
109 230 184
110 222 179
111 221 183
112 225 181
113 227 174
114 216 170
115 226 176
116 221 171
117 229 175
118 222 184
119 229 173
120 195 111
121 190 102
122 186 111
123 190 102
124 196 101
125 193 110
126 197 103
127 195 110
128 187 113
129 187 105
130 192 103
131 200 108
132 200 103
133 192 113
134 195 106
135 195 117
136 193 107
137 191 100
138 193 117
139 193 102
140 186 106
141 196 105
142 190 115
143 188 101
144 190 106
145 191 100
146 190 107
147 188 106
148 188 115
149 193 106
150 151 52
151 153 54
152 162 66
153 164 62
154 151 62
155 155 57
156 167 62
157 156 64
158 154 62
159 156 66
160 156 58
161 156 61
162 161 56
163 152 54
164 161 57
165 166 60
166 167 62
167 166 52
168 154 51
169 160 52
170 168 50
171 151 55
172 159 58
173 152 62
174 158 66
175 150 50
176 149 52
177 155 65
178 155 59
179 153 50
180 168 93
181 167 99
182 149 86
183 167 98
184 161 86
185 166 92
186 168 89
187 151 86
188 167 91
189 159 95
190 156 90
191 154 95
192 160 89
193 154 84
194 149 96
195 152 90
196 154 93
197 162 89
198 149 97
199 161 99
200 164 93
201 151 98
202 168 83
203 167 96
204 167 96
205 168 86
206 153 99
207 168 93
208 155 95
209 165 89
210 45 176
211 33 174
212 36 177
213 44 179
214 41 184
215 48 173
216 44 184
217 36 172
218 40 174
219 35 174
220 41 172
221 40 169
222 48 169
223 43 171
224 46 176
225 33 183
226 37 178
227 32 178
228 47 173
229 37 178
230 33 179
231 39 177
232 45 176
233 41 179
234 49 171
235 48 175
236 36 171
237 40 174
238 49 178
239 39 178
240 63 11
241 51 3
242 52 1
243 63 8
244 63 9
245 62 4
246 53 4
247 61 1
248 51 5
249 66 1
250 57 2
251 65 0
252 62 6
253 50 11
254 61 8
255 64 8
256 54 1
257 57 7
258 56 8
259 63 10
260 61 4
261 52 2
262 51 8
263 64 9
264 50 11
265 59 10
266 61 9
267 61 9
268 56 4
269 63 9
270 132 166
271 124 161
272 128 154
273 133 150
274 122 157
275 119 162
276 126 166
277 119 160
278 129 154
279 123 161
280 126 151
281 131 151
282 118 152
283 130 155
284 122 156
285 122 161
286 122 156
287 118 149
288 120 162
289 121 155
290 125 155
291 127 165
292 132 156
293 123 161
294 126 154
295 128 156
296 118 163
297 124 167
298 131 166
299 120 156
300 8 196
301 6 188
302 3 190
303 3 194
304 3 189
305 0 200
306 2 186
307 2 191
308 3 197
309 6 186
310 11 196
311 3 187
312 2 191
313 7 190
314 1 199
315 4 196
316 3 195
317 5 195
318 9 189
319 1 193
320 1 196
321 4 193
322 5 196
323 6 187
324 7 186
325 3 192
326 4 200
327 7 194
328 4 185
329 9 187
330 45 127
331 35 132
332 34 125
333 45 128
334 39 119
335 44 123
336 45 126
337 36 118
338 32 129
339 38 128
340 38 129
341 46 125
342 33 132
343 33 119
344 37 124
345 37 123
346 34 131
347 42 133
348 44 131
349 36 121
350 45 131
351 47 128
352 43 128
353 37 126
354 39 118
355 49 125
356 41 133
357 32 123
358 46 132
359 42 121
360 3 62
361 1 66
362 0 56
363 10 58
364 6 56
365 5 55
366 6 63
367 7 62
368 0 66
369 11 51
370 5 53
371 8 57
372 7 51
373 0 54
374 8 58
375 8 53
376 11 53
377 3 62
378 1 63
379 5 55
380 0 50
381 11 51
382 0 62
383 3 64
384 9 58
385 10 65
386 9 52
387 167 9
388 155 9
389 165 11
390 162 6
391 162 0
392 158 0
393 151 10
394 162 2
395 161 7
396 154 1
397 154 9
398 165 4
399 158 9
400 161 5
401 161 7
402 156 5
403 164 5
404 157 10
405 157 0
406 156 0
407 165 10
408 149 3
409 153 11
410 153 8
411 161 0
412 152 6
413 151 10
414 166 6
415 156 6
416 162 7
417 10 58
418 3 56
419 6 55
420 7 63
421 6 58
422 7 64
423 0 64
424 5 64
425 6 56
426 0 63
427 9 54
428 5 64
429 11 52
430 4 51
431 10 52
432 1 59
433 9 63
434 5 51
435 9 60
436 8 52
437 7 54
438 9 61
439 9 63
440 2 61
441 1 55
442 1 54
443 7 59
444 4 57
445 214 224
446 203 230
447 213 217
448 215 220
449 210 224
450 208 219
451 204 220
452 208 216
453 212 221
454 210 227
455 214 219
456 214 220
457 212 223
458 204 230
459 212 228
460 204 223
461 215 227
462 212 226
463 207 224
464 209 230
465 213 218
466 210 218
467 212 218
468 212 217
469 209 227
470 215 224
471 214 226
472 201 221
473 213 219
474 212 218
475 226 227
476 217 225
477 228 227
478 227 225
479 227 230
480 224 222
481 225 226
482 228 219
483 230 229
484 219 226
485 222 227
486 222 217
487 112 25
488 109 17
489 103 31
490 112 23
491 113 12
492 101 19
493 103 21
494 112 26
495 104 18
496 101 19
497 105 30
498 111 25
499 108 21
500 104 18
501 113 30
502 107 20
503 106 29
504 113 16
505 113 18
506 103 24
507 104 30
508 114 14
509 102 15
510 111 21
511 107 26
512 116 31
513 117 14
514 108 17
515 103 24
516 102 22
517 0 10
518 34 11
519 37 6
520 46 6
521 34 3
522 46 10
523 36 1
524 36 5
525 39 2
526 38 3
527 43 4
528 49 7
529 35 0
530 35 9
531 40 5
532 36 8
533 35 9
534 39 8
535 43 3
536 47 3
537 34 11
538 40 4
539 34 8
540 44 8
541 46 9
542 39 11
543 37 4
544 36 5
545 46 0
546 33 0
547 170 154
548 176 151
549 171 161
550 178 168
551 178 161
552 178 156
553 174 154
554 180 163
555 175 159
556 171 154
557 182 165
558 180 167
559 181 149
560 176 150
561 182 156
562 177 155
563 181 165
564 171 150
565 177 159
566 184 155
567 175 149
568 182 160
569 182 156
570 180 149
571 177 155
572 169 149
573 170 155
574 174 163
575 183 158
576 183 153
577 197 178
578 198 175
579 189 175
580 189 175
581 200 184
582 193 177
583 190 172
584 194 176
585 199 169
586 199 183
587 185 171
588 196 184
589 191 171
590 196 170
591 190 181
592 188 174
593 198 178
594 189 184
595 188 180
596 200 179
597 185 182
598 186 183
599 200 175
600 189 169
601 199 181
602 199 178
603 186 177
604 187 178
605 193 172
606 197 178
607 197 85
608 195 84
609 200 83
610 194 97
611 187 93
612 198 94
613 190 84
614 186 99
615 185 91
616 193 90
617 190 89
618 194 84
619 189 98
620 191 88
621 191 90
622 188 87
623 194 93
624 199 83
625 192 85
626 198 97
627 197 91
628 192 93
629 194 95
630 188 91
631 186 87
632 199 92
633 198 90
634 197 98
635 190 92
636 199 98
637 84 163
638 91 151
639 97 160
640 85 154
641 97 166
642 97 158
643 88 167
644 87 166
645 92 168
646 95 166
647 92 156
648 87 150
649 97 156
650 88 165
651 89 155
652 94 150
653 86 149
654 97 157
655 90 166
656 94 164
657 87 160
658 93 159
659 93 150
660 84 162
661 94 163
662 87 165
663 90 157
664 91 168
665 84 168
666 96 154
667 150 52
668 167 62
669 159 50
670 162 66
671 164 56
672 162 61
673 150 51
674 166 61
675 155 52
676 160 56
677 165 63
678 161 52
679 158 64
680 164 63
681 153 62
682 152 50
683 151 62
684 166 50
685 166 59
686 158 58
687 157 50
688 150 54
689 159 50
690 168 51
691 154 56
692 156 60
693 153 51
694 153 62
695 153 63
696 155 61
697 71 230
698 81 225
699 73 218
700 78 229
701 77 229
702 73 225
703 71 228
704 71 228
705 82 217
706 70 216
707 70 226
708 68 226
709 74 228
710 71 229
711 74 226
712 71 224
713 75 218
714 71 220
715 76 221
716 81 216
717 77 216
718 79 227
719 76 222
720 75 224
721 70 219
722 71 219
723 82 220
724 72 227
725 82 226
726 75 228
727 113 56
728 113 64
729 114 54
730 105 64
731 105 62
732 103 61
733 117 61
734 103 58
735 113 62
736 113 57
737 117 62
738 102 64
739 109 56
740 100 64
741 110 63
742 106 66
743 116 58
744 104 56
745 113 56
746 102 57
747 112 62
748 106 57
749 107 52
750 114 64
751 115 50
752 116 62
753 106 65
754 113 62
755 114 60
756 107 52
757 130 47
758 130 34
759 125 33
760 122 38
761 122 42
762 123 45
763 122 38
764 127 43
765 131 32
766 123 35
767 132 33
768 131 34
769 130 38
770 124 48
771 132 33
772 125 40
773 124 36
774 125 49
775 133 36
776 124 48
777 133 43
778 122 32
779 118 39
780 124 32
781 118 32
782 126 35
783 120 36
784 120 33
785 119 46
786 128 49
787 223 4
788 224 7
789 220 5
790 222 10
791 221 11
792 220 6
793 219 10
794 225 3
795 228 10
796 224 4
797 224 10
798 217 0
799 222 11
800 224 1
801 230 1
802 223 5
803 221 8
804 219 8
805 222 5
806 226 0
807 229 2
808 226 2
809 230 9
810 222 7
811 222 10
812 230 3
813 225 0
814 229 5
815 5 3
816 0 10
817 155 181
818 168 171
819 168 178
820 157 171
821 161 179
822 149 177
823 149 178
824 158 172
825 162 175
826 151 169
827 152 182
828 168 172
829 152 169
830 159 181
831 160 177
832 162 179
833 166 170
834 159 175
835 150 184
836 165 169
837 163 172
838 167 175
839 161 172
840 154 175
841 150 174
842 156 173
843 159 175
844 155 170
845 163 183
846 162 181
847 46 166
848 34 163
849 48 150
850 41 149
851 48 149
852 42 149
853 36 150
854 35 160
855 44 149
856 38 154
857 33 151
858 40 163
859 43 155
860 40 155
861 43 160
862 46 151
863 49 155
864 36 161
865 33 160
866 45 162
867 35 165
868 34 166
869 37 162
870 40 161
871 33 152
872 48 158
873 48 158
874 47 150
875 36 160
876 36 157
877 154 64
878 152 54
879 158 54
880 165 57
881 158 65
882 163 62
883 152 55
884 152 59
885 162 63
886 157 52
887 153 61
888 165 51
889 167 64
890 149 57
891 149 53
892 163 62
893 160 53
894 150 62
895 168 58
896 162 64
897 162 63
898 166 55
899 167 53
900 153 66
901 151 50
902 163 52
903 167 62
904 149 52
905 153 50
906 162 61
907 12 168
908 28 166
909 19 154
910 22 168
911 12 159
912 31 161
913 14 149
914 22 168
915 12 157
916 23 155
917 17 151
918 27 165
919 12 157
920 18 159
921 15 151
922 25 167
923 31 158
924 27 166
925 17 164
926 27 151
927 21 167
928 20 163
929 26 151
930 30 159
931 27 151
932 27 167
933 14 152
934 14 158
935 12 166
936 27 166
937 22 33
938 25 46
939 23 34
940 28 33
941 19 36
942 17 37
943 13 32
944 22 35
945 13 36
946 13 34
947 21 47
948 26 33
949 25 38
950 31 45
951 30 34
952 24 46
953 14 42
954 20 46
955 12 47
956 28 33
957 29 33
958 14 48
959 30 49
960 24 36
961 12 34
962 17 32
963 28 45
964 22 36
965 24 43
966 17 34
967 219 54
968 226 66
969 223 54
970 224 58
971 216 51
972 224 66
973 225 57
974 226 51
975 220 51
976 217 56
977 226 53
978 225 57
979 224 62
980 227 62
981 218 57
982 225 53
983 221 64
984 217 66
985 220 63
986 230 58
987 223 62
988 223 54
989 219 66
990 228 66
991 230 61
992 221 61
993 223 53
994 219 50
995 216 65
996 228 61
997 9 123
998 2 120
999 4 118
1000 6 120
1001 6 128
1002 6 118
1003 7 121
1004 8 127
1005 5 119
1006 4 129
1007 1 123
1008 2 131
1009 8 130
1010 2 128
1011 0 132
1012 4 121
1013 8 129
1014 2 130
1015 8 128
1016 11 126
1017 0 132
1018 0 130
1019 2 119
1020 1 119
1021 1 131
1022 1 126
1023 4 130
1024 4 127
1025 0 128
1026 10 123
1027 25 106
1028 27 111
1029 16 104
1030 21 101
1031 26 111
1032 26 104
1033 27 113
1034 28 111
1035 25 100
1036 27 107
1037 28 114
1038 16 116
1039 22 116
1040 24 113
1041 16 103
1042 22 117
1043 27 116
1044 31 116
1045 21 100
1046 15 116
1047 18 107
1048 23 112
1049 20 114
1050 13 108
1051 19 100
1052 22 108
1053 15 103
1054 18 114
1055 14 102
1056 20 114
1057 127 135
1058 131 136
1059 130 139
1060 125 141
1061 121 148
1062 133 148
1063 127 135
1064 121 135
1065 126 141
1066 131 143
1067 126 143
1068 120 144
1069 133 142
1070 127 135
1071 126 143
1072 126 145
1073 131 147
1074 122 136
1075 132 138
1076 127 143
1077 118 140
1078 126 137
1079 132 136
1080 122 137
1081 127 146
1082 129 138
1083 129 142
1084 125 135
1085 130 136
1086 129 143
1087 2 143
1088 8 146
1089 11 135
1090 4 140
1091 7 137
1092 0 142
1093 8 140
1094 2 145
1095 8 145
1096 5 134
1097 0 141
1098 7 135
1099 4 144
1100 3 147
1101 0 144
1102 1 143
1103 3 135
1104 3 136
1105 9 146
1106 7 144
1107 7 138
1108 11 138
1109 6 146
1110 5 145
1111 9 147
1112 11 138
1113 5 136
1114 1 145
1115 4 139
1116 159 187
1117 149 200
1118 151 197
1119 160 198
1120 157 200
1121 156 185
1122 152 191
1123 162 191
1124 150 185
1125 156 187
1126 149 194
1127 164 190
1128 152 190
1129 167 200
1130 167 187
1131 168 191
1132 151 199
1133 156 185
1134 163 199
1135 164 190
1136 167 200
1137 166 200
1138 160 199
1139 163 185
1140 156 192
1141 168 191
1142 153 192
1143 155 200
1144 153 194
1145 151 200
1146 74 160
1147 79 164
1148 75 156
1149 80 151
1150 70 166
1151 73 165
1152 75 151
1153 70 154
1154 72 167
1155 81 160
1156 81 167
1157 81 160
1158 74 159
1159 74 166
1160 70 165
1161 81 162
1162 76 165
1163 74 156
1164 72 152
1165 70 159
1166 69 159
1167 75 159
1168 81 155
1169 75 159
1170 77 159
1171 75 166
1172 74 166
1173 75 165
1174 68 159
1175 82 166
1176 149 32
1177 151 46
1178 162 44
1179 168 42
1180 149 32
1181 159 38
1182 167 46
1183 158 34
1184 161 49
1185 160 48
1186 153 38
1187 166 38
1188 159 42
1189 159 48
1190 157 35
1191 165 44
1192 153 36
1193 161 46
1194 163 46
1195 168 36
1196 156 32
1197 161 33
1198 168 49
1199 155 42
1200 159 42
1201 168 40
1202 167 47
1203 166 46
1204 150 38
1205 150 43
1206 46 173
1207 43 172
1208 39 169
1209 43 175
1210 33 177
1211 35 175
1212 32 170
1213 33 178
1214 44 173
1215 39 178
1216 34 177
1217 35 176
1218 47 170
1219 48 171
1220 49 173
1221 49 175
1222 48 177
1223 47 184
1224 36 182
1225 47 177
1226 36 170
1227 44 172
1228 42 176
1229 33 181
1230 40 178
1231 39 184
1232 35 179
1233 42 169
1234 48 169
1235 46 174
1236 95 11
1237 91 5
1238 96 7
1239 85 9
1240 90 2
1241 83 10
1242 96 0
1243 99 10
1244 88 11
1245 98 10
1246 91 1
1247 94 10
1248 93 5
1249 89 9
1250 84 5
1251 84 9
1252 91 8
1253 96 4
1254 94 8
1255 94 8
1256 93 2
1257 98 4
1258 90 8
1259 87 10
1260 94 3
1261 83 2
1262 86 3
1263 96 10
1264 85 8
1265 192 225
1266 185 218
1267 186 229
1268 200 225
1269 198 220
1270 185 226
1271 193 222
1272 192 222
1273 193 223
1274 195 223
1275 192 222
1276 197 221
1277 196 225
1278 185 218
1279 195 221
1280 187 222
1281 195 218
1282 193 228
1283 200 219
1284 198 219
1285 185 230
1286 191 230
1287 195 228
1288 196 227
1289 193 220
1290 188 228
1291 189 216
1292 197 225
1293 191 230
1294 197 228
1295 121 145
1296 127 145
1297 123 134
1298 127 139
1299 128 141
1300 126 142
1301 127 139
1302 123 139
1303 131 148
1304 125 136
1305 123 147
1306 120 144
1307 121 147
1308 129 140
1309 127 143
1310 125 141
1311 118 135
1312 129 142
1313 133 142
1314 126 145
1315 130 144
1316 126 136
1317 124 143
1318 131 139
1319 121 135
1320 128 147
1321 131 138
1322 131 142
1323 127 137
1324 126 145
1325 62 129
1326 66 121
1327 62 132
1328 65 122
1329 61 122
1330 61 120
1331 55 120
1332 55 132
1333 60 120
1334 60 126
1335 56 124
1336 63 126
1337 55 121
1338 50 120
1339 65 127
1340 54 129
1341 53 129
1342 57 124
1343 61 131
1344 62 127
1345 56 118
1346 63 119
1347 60 125
1348 64 128
1349 50 121
1350 66 126
1351 60 126
1352 66 127
1353 63 127
1354 66 119
1355 104 180
1356 100 183
1357 109 184
1358 104 170
1359 102 169
1360 106 178
1361 104 176
1362 103 179
1363 101 178
1364 105 171
1365 107 179
1366 112 172
1367 102 182
1368 104 184
1369 108 184
1370 102 181
1371 101 184
1372 116 182
1373 113 172
1374 115 183
1375 114 181
1376 107 182
1377 111 182
1378 106 183
1379 102 170
1380 113 179
1381 100 170
1382 101 169
1383 108 177
1384 117 184
1385 49 37
1386 46 42
1387 35 32
1388 35 49
1389 37 32
1390 44 36
1391 36 39
1392 46 35
1393 42 38
1394 45 47
1395 33 36
1396 47 46
1397 32 44
1398 40 38
1399 45 43
1400 38 34
1401 44 48
1402 36 32
1403 76 219
1404 68 229
1405 78 227
1406 68 223
1407 80 227
1408 73 226
1409 76 224
1410 74 225
1411 81 219
1412 80 222
1413 67 220
1414 74 221
1415 69 228
1416 73 229
1417 68 227
1418 82 224
1419 77 228
1420 74 230
1421 73 225
1422 67 227
1423 82 225
1424 81 223
1425 69 222
1426 67 230
1427 80 225
1428 69 226
1429 68 221
1430 77 226
1431 69 222
1432 77 227
1433 44 110
1434 34 104
1435 38 100
1436 45 102
1437 33 109
1438 32 107
1439 48 104
1440 43 106
1441 34 106
1442 37 102
1443 35 114
1444 47 108
1445 45 104
1446 46 108
1447 35 103
1448 46 102
1449 45 113
1450 34 105
1451 36 113
1452 40 108
1453 42 112
1454 46 116
1455 43 112
1456 36 100
1457 32 105
1458 37 103
1459 45 102
1460 48 111
1461 36 107
1462 40 105
1463 135 192
1464 145 186
1465 147 186
1466 141 199
1467 134 185
1468 144 191
1469 147 187
1470 142 195
1471 143 195
1472 143 190
1473 136 186
1474 142 190
1475 147 190
1476 145 200
1477 137 190
1478 143 186
1479 145 195
1480 144 198
1481 142 186
1482 138 188
1483 142 191
1484 139 200
1485 137 191
1486 145 188
1487 147 200
1488 137 200
1489 137 190
1490 147 192
1491 143 186
1492 137 186
1493 50 135
1494 56 138
1495 53 138
1496 59 142
1497 50 147
1498 50 148
1499 60 144
1500 59 134
1501 59 140
1502 54 138
1503 64 147
1504 64 135
1505 52 138
1506 61 148
1507 60 148
1508 53 143
1509 51 140
1510 59 148
1511 65 141
1512 57 139
1513 65 142
1514 64 148
1515 61 140
1516 62 138
1517 55 137
1518 61 134
1519 64 136
1520 56 134
1521 58 144
1522 62 143
1523 113 221
1524 101 228
1525 102 225
1526 117 217
1527 100 217
1528 101 223
1529 114 226
1530 116 227
1531 101 216
1532 100 228
1533 117 219
1534 100 221
1535 116 216
1536 102 216
1537 108 229
1538 106 225
1539 100 216
1540 108 220
1541 109 224
1542 115 227
1543 107 229
1544 113 228
1545 109 230
1546 111 217
1547 110 223
1548 101 221
1549 117 228
1550 102 225
1551 111 225
1552 116 227
1553 71 195
1554 74 199
1555 80 188
1556 71 192
1557 79 200
1558 70 200
1559 71 198
1560 80 186
1561 76 193
1562 79 186
1563 68 188
1564 72 185
1565 81 191
1566 76 199
1567 74 188
1568 67 185
1569 72 195
1570 80 196
1571 72 200
1572 76 186
1573 73 191
1574 73 186
1575 82 191
1576 74 194
1577 77 192
1578 80 198
1579 81 188
1580 82 198
1581 70 198
1582 81 194
1583 5 126
1584 6 125
1585 0 133
1586 7 118
1587 10 132
1588 4 118
1589 7 131
1590 11 130
1591 10 121
1592 7 128
1593 10 119
1594 11 129
1595 1 131
1596 10 126
1597 8 126
1598 1 133
1599 7 120
1600 5 120
1601 10 126
1602 1 131
1603 10 119
1604 10 131
1605 11 119
1606 2 121
1607 11 126
1608 6 124
1609 7 121
1610 10 120
1611 8 131
1612 111 104
1613 101 108
1614 116 114
1615 116 112
1616 101 103
1617 108 101
1618 100 114
1619 114 108
1620 107 110
1621 115 102
1622 110 113
1623 106 105
1624 113 106
1625 101 103
1626 100 117
1627 107 110
1628 103 116
1629 102 107
1630 101 103
1631 106 115
1632 117 100
1633 113 116
1634 31 188
1635 13 199
1636 24 197
1637 21 196
1638 15 190
1639 27 197
1640 22 185
1641 15 190
1642 14 187
1643 20 188
1644 30 188
1645 30 188
1646 22 189
1647 14 195
1648 13 189
1649 18 190
1650 19 194
1651 23 193
1652 27 200
1653 19 195
1654 17 197
1655 21 191
1656 18 188
1657 16 196
1658 23 198
1659 24 192
1660 22 191
1661 13 197
1662 17 192
1663 18 196
1664 94 74
1665 90 73
1666 90 78
1667 93 74
1668 89 69
1669 89 68
1670 89 75
1671 89 74
1672 90 79
1673 88 81
1674 87 76
1675 85 82
1676 92 73
1677 91 69
1678 99 78
1679 85 69
1680 98 75
1681 86 78
1682 93 71
1683 99 82
1684 97 72
1685 93 75
1686 98 73
1687 95 71
1688 95 81
1689 86 78
1690 93 70
1691 96 80
1692 98 73
1693 94 82
1694 207 82
1695 203 80
1696 215 68
1697 204 77
1698 210 79
1699 210 73
1700 208 71
1701 201 72
1702 213 72
1703 209 74
1704 203 71
1705 206 82
1706 211 68
1707 209 80
1708 207 80
1709 213 73
1710 214 75
1711 212 69
1712 201 74
1713 206 80
1714 214 77
1715 215 82
1716 203 68
1717 214 77
1718 212 75
1719 215 75
1720 202 81
1721 209 68
1722 202 78
1723 213 81
1724 19 169
1725 13 170
1726 21 170
1727 26 184
1728 25 173
1729 21 173
1730 25 170
1731 24 182
1732 20 182
1733 29 177
1734 24 176
1735 23 182
1736 29 181
1737 27 175
1738 22 178
1739 31 184
1740 24 182
1741 13 172
1742 12 169
1743 12 175
1744 16 169
1745 12 169
1746 19 182
1747 15 172
1748 15 178
1749 23 173
1750 31 182
1751 17 170
1752 28 180
1753 22 180
1754 23 137
1755 26 134
1756 15 134
1757 30 144
1758 15 142
1759 31 141
1760 18 143
1761 28 139
1762 28 139
1763 15 134
1764 28 141
1765 22 134
1766 16 141
1767 23 135
1768 24 146
1769 20 142
1770 14 135
1771 23 134
1772 30 135
1773 22 137
1774 17 137
1775 24 138
1776 29 139
1777 27 143
1778 17 135
1779 26 145
1780 14 136
1781 15 142
1782 15 135
1783 18 142
1784 199 75
1785 192 72
1786 198 77
1787 189 81
1788 196 80
1789 185 72
1790 186 71
1791 200 74
1792 187 73
1793 200 75
1794 199 71
1795 187 81
1796 188 72
1797 194 72
1798 195 77
1799 199 82
1800 195 67
1801 190 82
1802 198 76
1803 198 75
1804 192 82
1805 195 71
1806 199 74
1807 188 74
1808 194 79
1809 188 81
1810 189 74
1811 190 81
1812 192 69
1813 200 77
1814 189 150
1815 194 151
1816 194 159
1817 186 160
1818 191 160
1819 198 159
1820 198 164
1821 199 168
1822 194 160
1823 198 153
1824 186 161
1825 194 166
1826 189 156
1827 186 168
1828 200 168
1829 199 164
1830 191 168
1831 200 167
1832 189 153
1833 190 150
1834 189 153
1835 190 153
1836 196 158
1837 189 154
1838 185 154
1839 188 150
1840 190 154
1841 189 154
1842 198 167
1843 188 158
1844 125 176
1845 130 169
1846 131 182
1847 123 177
1848 126 178
1849 118 181
1850 125 184
1851 132 181
1852 124 179
1853 120 179
1854 127 179
1855 121 174
1856 126 171
1857 129 177
1858 120 179
1859 133 178
1860 132 175
1861 129 172
1862 124 180
1863 120 174
1864 120 169
1865 129 172
1866 121 176
1867 131 180
1868 127 176
1869 124 176
1870 123 176
1871 120 178
1872 131 180
1873 123 177
1874 157 21
1875 161 30
1876 157 13
1877 165 25
1878 153 15
1879 160 25
1880 159 13
1881 161 14
1882 164 23
1883 159 31
1884 158 30
1885 166 21
1886 149 25
1887 150 18
1888 162 20
1889 155 19
1890 156 17
1891 160 17
1892 160 21
1893 155 26
1894 155 20
1895 161 27
1896 150 22
1897 166 19
1898 167 31
1899 163 28
1900 157 23
1901 163 28
1902 167 20
1903 166 25
1904 106 188
1905 112 196
1906 106 195
1907 105 193
1908 112 192
1909 110 199
1910 106 191
1911 105 194
1912 100 187
1913 110 188
1914 114 195
1915 108 193
1916 109 196
1917 112 194
1918 102 194
1919 100 194
1920 111 200
1921 105 193
1922 102 199
1923 111 186
1924 104 200
1925 115 192
1926 113 200
1927 104 194
1928 115 189
1929 106 197
1930 115 199
1931 107 199
1932 111 188
1933 100 197
1934 4 99
1935 0 84
1936 0 86
1937 11 87
1938 3 93
1939 5 91
1940 11 93
1941 10 98
1942 5 86
1943 3 94
1944 8 92
1945 10 88
1946 10 97
1947 8 90
1948 3 97
1949 3 97
1950 3 93
1951 10 98
1952 2 92
1953 10 88
1954 8 93
1955 2 94
1956 4 89
1957 3 90
1958 11 84
1959 9 99
1960 5 93
1961 8 86
1962 9 95
1963 3 95
1964 213 12
1965 206 31
1966 204 13
1967 203 17
1968 202 18
1969 202 16
1970 209 15
1971 206 18
1972 210 17
1973 208 15
1974 204 13
1975 206 17
1976 205 13
1977 210 18
1978 211 12
1979 211 24
1980 204 31
1981 215 15
1982 201 12
1983 214 22
1984 202 13
1985 211 17
1986 201 27
1987 211 21
1988 212 22
1989 206 20
1990 215 18
1991 208 26
1992 212 31
1993 209 14
1994 135 155
1995 140 164
1996 141 162
1997 142 154
1998 146 161
1999 137 163
2000 145 160
2001 142 166
2002 148 152
2003 138 155
2004 136 159
2005 148 163
2006 148 160
2007 141 150
2008 146 158
2009 147 162
2010 136 163
2011 138 149
2012 140 163
2013 144 163
2014 139 149
2015 141 165
2016 147 167
2017 147 163
2018 141 150
2019 137 168
2020 146 154
2021 141 159
2022 137 166
2023 145 166
2024 127 84
2025 124 83
2026 118 97
2027 119 93
2028 131 94
2029 131 90
2030 127 97
2031 131 98
2032 120 88
2033 127 91
2034 121 87
2035 133 97
2036 128 84
2037 130 95
2038 123 96
2039 129 94
2040 121 83
2041 131 95
2042 118 84
2043 131 98
2044 128 98
2045 131 98
2046 130 93
2047 132 84
2048 119 93
2049 120 83
2050 119 98
2051 118 98
2052 132 88
2053 118 86
2054 1 191
2055 1 193
2056 11 192
2057 4 191
2058 5 199
2059 6 192
2060 8 196
2061 10 192
2062 8 196
2063 9 188
2064 5 190
2065 3 190
2066 0 195
2067 10 195
2068 11 191
2069 0 197
2070 6 196
2071 6 199
2072 10 186
2073 10 188
2074 3 195
2075 0 192
2076 6 186
2077 10 189
2078 0 193
2079 0 200
2080 4 199
2081 1 197
2082 4 191
2083 0 193
2084 63 203
2085 62 214
2086 63 202
2087 50 205
2088 57 204
2089 58 205
2090 58 204
2091 61 211
2092 66 211
2093 59 204
2094 61 206
2095 65 204
2096 53 210
2097 63 213
2098 55 215
2099 53 212
2100 51 202
2101 66 206
2102 66 214
2103 55 207
2104 54 207
2105 50 204
2106 60 202
2107 53 212
2108 56 210
2109 64 213
2110 50 202
2111 59 205
2112 50 211
2113 58 205
2114 113 83
2115 101 90
2116 108 91
2117 104 92
2118 113 88
2119 112 86
2120 116 87
2121 109 86
2122 105 90
2123 111 96
2124 102 89
2125 113 92
2126 114 91
2127 106 95
2128 109 96
2129 111 99
2130 104 83
2131 117 91
2132 100 85
2133 105 88
2134 111 93
2135 102 94
2136 107 98
2137 110 93
2138 109 96
2139 103 98
2140 117 84
2141 101 99
2142 109 84
2143 107 90
2144 203 158
2145 205 155
2146 211 166
2147 208 159
2148 205 155
2149 213 160
2150 207 165
2151 201 163
2152 209 152
2153 211 150
2154 203 152
2155 201 161
2156 206 166
2157 204 165
2158 214 163
2159 204 160
2160 209 150
2161 201 151
2162 208 164
2163 205 166
2164 214 168
2165 210 152
2166 208 166
2167 201 162
2168 201 152
2169 214 163
2170 213 168
2171 209 165
2172 206 162
2173 215 166
2174 154 213
2175 156 210
2176 166 205
2177 160 204
2178 163 210
2179 157 207
2180 157 205
2181 161 209
2182 166 212
2183 168 212
2184 160 202
2185 166 202
2186 167 206
2187 166 204
2188 164 208
2189 161 204
2190 159 204
2191 164 208
2192 154 206
2193 157 203
2194 156 213
2195 149 203
2196 156 210
2197 162 207
2198 168 213
2199 156 202
2200 162 202
2201 163 202
2202 157 206
2203 156 204
2204 1 126
2205 10 130
2206 3 126
2207 10 129
2208 8 127
2209 11 128
2210 11 120
2211 9 128
2212 9 120
2213 11 119
2214 4 118
2215 10 124
2216 4 122
2217 0 125
2218 1 122
2219 2 132
2220 1 128
2221 2 121
2222 0 131
2223 10 120
2224 10 119
2225 4 129
2226 0 128
2227 4 126
2228 0 126
2229 8 124
2230 11 122
2231 4 129
2232 9 119
2233 140 36
2234 134 44
2235 144 42
2236 139 35
2237 136 44
2238 147 36
2239 144 32
2240 140 45
2241 134 42
2242 142 41
2243 134 34
2244 145 45
2245 137 33
2246 148 49
2247 140 43
2248 147 47
2249 138 47
2250 137 41
2251 136 32
2252 148 42
2253 140 35
2254 146 48
2255 137 48
2256 136 40
2257 148 32
2258 136 39
2259 137 32
2260 142 36
2261 136 45
2262 142 34
2263 62 19
2264 64 24
2265 61 25
2266 61 23
2267 56 21
2268 65 30
2269 54 22
2270 54 19
2271 54 25
2272 50 15
2273 52 20
2274 51 31
2275 66 12
2276 65 29
2277 55 25
2278 53 27
2279 64 23
2280 61 15
2281 55 30
2282 51 27
2283 61 26
2284 57 22
2285 55 27
2286 55 13
2287 51 28
2288 53 22
2289 66 30
2290 60 24
2291 64 27
2292 62 15
2293 74 182
2294 69 174
2295 81 170
2296 68 177
2297 76 181
2298 82 174
2299 68 178
2300 81 172
2301 80 174
2302 82 178
2303 78 170
2304 73 184
2305 82 169
2306 77 176
2307 81 178
2308 67 174
2309 69 176
2310 67 174
2311 78 172
2312 79 174
2313 80 179
2314 80 175
2315 77 175
2316 74 176
2317 68 184
2318 80 171
2319 82 178
2320 76 177
2321 79 172
2322 80 178
2323 36 22
2324 49 15
2325 42 17
2326 36 21
2327 32 23
2328 38 28
2329 38 23
2330 35 30
2331 34 30
2332 36 22
2333 34 26
2334 32 26
2335 46 26
2336 35 27
2337 34 21
2338 49 20
2339 49 13
2340 44 23
2341 39 28
2342 37 12
2343 40 27
2344 48 20
2345 39 23
2346 40 18
2347 46 18
2348 36 31
2349 38 16
2350 47 29
2351 34 27
2352 45 31
2353 203 123
2354 203 126
2355 206 121
2356 208 130
2357 209 131
2358 214 128
2359 213 119
2360 207 127
2361 210 125
2362 205 128
2363 213 119
2364 208 125
2365 215 118
2366 210 131
2367 206 129
2368 211 128
2369 205 119
2370 212 128
2371 205 125
2372 214 121
2373 214 127
2374 207 132
2375 204 122
2376 214 124
2377 208 127
2378 211 120
2379 210 125
2380 205 119
2381 201 127
2382 210 127
2383 36 223
2384 40 223
2385 33 216
2386 39 224
2387 43 225
2388 34 223
2389 48 218
2390 41 225
2391 46 223
2392 45 219
2393 39 222
2394 33 229
2395 43 216
2396 32 226
2397 38 216
2398 42 220
2399 39 218
2400 42 218
2401 38 217
2402 35 229
2403 49 221
2404 48 224
2405 49 224
2406 33 222
2407 44 224
2408 45 220
2409 41 230
2410 33 230
2411 48 220
2412 33 220
2413 166 222
2414 163 229
2415 157 225
2416 162 225
2417 159 228
2418 154 221
2419 165 228
2420 167 223
2421 168 224
2422 158 224
2423 156 225
2424 164 221
2425 161 220
2426 149 229
2427 163 216
2428 152 219
2429 167 228
2430 153 228
2431 165 217
2432 156 222
2433 149 221
2434 149 227
2435 154 223
2436 153 227
2437 165 223
2438 168 226
2439 168 225
2440 149 221
2441 160 218
2442 162 222
2443 75 76
2444 71 81
2445 69 75
2446 69 67
2447 74 78
2448 81 77
2449 75 79
2450 73 74
2451 75 76
2452 77 72
2453 80 79
2454 71 73
2455 80 82
2456 82 79
2457 76 69
2458 78 79
2459 82 68
2460 77 81
2461 78 81
2462 68 69
2463 71 76
2464 75 67
2465 76 67
2466 2 57
2467 7 65
2468 11 56
2469 8 54
2470 2 58
2471 7 53
2472 10 54
2473 5 65
2474 1 64
2475 2 65
2476 9 60
2477 7 50
2478 2 63
2479 7 66
2480 1 55
2481 8 58
2482 3 61
2483 11 59
2484 3 55
2485 9 66
2486 1 51
2487 2 64
2488 1 59
2489 8 63
2490 8 63
2491 6 66
2492 5 51
2493 0 56
2494 1 63
2495 71 92
2496 74 83
2497 69 94
2498 80 88
2499 82 99
2500 70 95
2501 71 88
2502 76 86
2503 80 86
2504 72 91
2505 73 84
2506 72 93
2507 73 93
2508 69 98
2509 69 91
2510 74 88
2511 80 85
2512 68 94
2513 73 89
2514 70 98
2515 77 90
2516 77 94
2517 77 86
2518 79 87
2519 79 88
2520 67 85
2521 68 97
2522 75 88
2523 75 86
2524 73 86
2525 137 92
2526 143 85
2527 134 95
2528 134 97
2529 142 84
2530 135 86
2531 136 99
2532 143 89
2533 143 83
2534 145 95
2535 142 84
2536 148 92
2537 147 90
2538 143 94
2539 142 90
2540 145 96
2541 136 93
2542 142 96
2543 138 91
2544 139 87
2545 144 87
2546 148 98
2547 136 93
2548 135 98
2549 136 85
2550 136 94
2551 146 92
2552 138 90
2553 134 84
2554 141 89
2555 7 96
2556 9 85
2557 6 97
2558 10 90
2559 0 96
2560 0 93
2561 4 89
2562 11 83
2563 11 87
2564 11 88
2565 5 87
2566 5 97
2567 2 97
2568 11 86
2569 9 85
2570 11 90
2571 5 88
2572 4 90
2573 2 89
2574 3 84
2575 2 98
2576 9 96
2577 6 99
2578 7 91
2579 3 96
2580 10 88
2581 0 94
2582 4 90
2583 9 84
2584 0 97
2585 177 135
2586 177 143
2587 177 142
2588 183 138
2589 173 141
2590 170 141
2591 176 148
2592 180 136
2593 172 138
2594 181 144
2595 178 140
2596 171 144
2597 172 148
2598 173 142
2599 176 143
2600 182 141
2601 183 144
2602 173 142
2603 172 142
2604 173 144
2605 171 137
2606 175 146
2607 174 135
2608 180 145
2609 182 148
2610 179 136
2611 171 135
2612 170 148
2613 179 143
2614 181 142
2615 148 124
2616 147 128
2617 134 120
2618 135 128
2619 139 130
2620 139 128
2621 139 120
2622 138 129
2623 145 124
2624 135 124
2625 145 126
2626 147 133
2627 137 124
2628 143 123
2629 141 133
2630 141 118
2631 137 131
2632 146 132
2633 134 132
2634 139 123
2635 140 125
2636 139 130
2637 145 124
2638 144 132
2639 135 132
2640 140 133
2641 136 126
2642 139 127
2643 139 131
2644 137 131
2645 177 29
2646 175 27
2647 182 29
2648 175 19
2649 183 14
2650 175 18
2651 170 23
2652 173 13
2653 172 24
2654 169 28
2655 175 15
2656 181 16
2657 177 19
2658 180 20
2659 178 21
2660 184 19
2661 180 30
2662 171 17
2663 181 26
2664 180 12
2665 173 19
2666 180 30
2667 170 18
2668 173 12
2669 172 15
2670 176 27
2671 179 26
2672 179 27
2673 172 13
2674 178 22
2675 208 204
2676 211 205
2677 214 213
2678 210 203
2679 206 212
2680 214 211
2681 210 214
2682 209 203
2683 203 212
2684 203 202
2685 203 202
2686 214 211
2687 212 206
2688 208 212
2689 201 204
2690 209 206
2691 201 207
2692 215 212
2693 201 210
2694 214 201
2695 227 104
2696 221 110
2697 219 115
2698 216 114
2699 219 103
2700 224 112
2701 228 108
2702 222 108
2703 225 112
2704 216 117
2705 217 110
2706 229 116
2707 218 105
2708 220 116
2709 223 107
2710 221 105
2711 228 109
2712 225 101
2713 223 110
2714 229 106
2715 222 106
2716 226 110
2717 230 111
2718 217 108
2719 229 114
2720 221 113
2721 225 100
2722 227 108
2723 220 107
2724 218 115
2725 197 139
2726 186 142
2727 194 135
2728 193 143
2729 187 144
2730 192 148
2731 189 139
2732 185 139
2733 196 141
2734 200 137
2735 186 143
2736 200 144
2737 185 138
2738 195 144
2739 196 140
2740 199 144
2741 197 146
2742 186 136
2743 189 143
2744 197 145
2745 194 136
2746 192 141
2747 188 140
2748 199 137
2749 187 147
2750 194 141
2751 200 143
2752 195 137
2753 188 143
2754 195 140
2755 106 212
2756 108 208
2757 114 208
2758 107 203
2759 101 214
2760 104 209
2761 110 213
2762 116 213
2763 111 212
2764 104 209
2765 101 207
2766 105 211
2767 109 210
2768 102 208
2769 109 208
2770 105 209
2771 107 207
2772 116 208
2773 100 211
2774 110 206
2775 106 208
2776 113 202
2777 103 209
2778 110 212
2779 101 213
2780 116 206
2781 110 204
2782 111 206
2783 101 212
2784 104 210
2785 213 67
2786 211 67
2787 208 73
2788 204 72
2789 203 75
2790 207 75
2791 209 78
2792 212 80
2793 211 70
2794 203 81
2795 213 72
2796 205 77
2797 213 82
2798 211 73
2799 206 76
2800 214 80
2801 214 72
2802 211 79
2803 207 81
2804 212 70
2805 207 70
2806 207 76
2807 214 79
2808 201 73
2809 207 70
2810 208 82
2811 201 72
2812 209 70
2813 209 78
2814 207 75
2815 9 59
2816 0 52
2817 5 50
2818 8 58
2819 5 55
2820 3 59
2821 10 60
2822 7 65
2823 11 60
2824 10 62
2825 2 53
2826 4 59
2827 2 53
2828 5 55
2829 5 55
2830 2 59
2831 1 66
2832 0 61
2833 5 64
2834 0 61
2835 5 53
2836 10 62
2837 6 63
2838 0 52
2839 4 63
2840 4 63
2841 7 64
2842 152 142
2843 157 137
2844 156 146
2845 150 146
2846 156 148
2847 151 138
2848 149 144
2849 167 135
2850 152 137
2851 168 148
2852 165 137
2853 164 138
2854 156 134
2855 167 135
2856 150 138
2857 157 134
2858 156 141
2859 157 142
2860 152 146
2861 157 140
2862 151 143
2863 163 146
2864 162 134
2865 167 144
2866 149 144
2867 154 140
2868 151 145
2869 164 139
2870 155 140
2871 159 145
