274 291 10 2916
0 5
1 4
2 8
3 10
4 9
5 5
6 8
7 7
8 7
9 6
10 8
11 9
12 5
13 4
14 3
15 4
16 3
17 3
18 3
19 3
20 3
21 3
22 3
23 3
24 3
25 3
26 3
27 3
28 3
29 3
30 4
31 3
32 4
33 3
34 3
35 4
36 3
37 3
38 5
39 4
40 3
41 3
42 3
43 3
44 3
45 3
46 6
47 3
48 3
49 3
50 3
51 3
52 3
53 3
54 5
55 3
56 4
57 3
58 4
59 3
60 3
61 4
62 4
63 4
64 4
65 3
66 3
67 4
68 3
69 3
70 3
71 3
72 3
73 3
74 3
75 3
76 5
77 3
78 3
79 3
80 4
81 3
82 6
83 3
84 5
85 3
86 3
87 3
88 3
89 3
90 3
91 3
92 3
93 4
94 5
95 3
96 4
97 3
98 5
99 3
100 3
101 3
102 3
103 3
104 4
105 3
106 4
107 3
108 3
109 3
110 3
111 3
112 3
113 3
114 3
115 5
116 3
117 4
118 4
119 3
120 3
121 3
122 4
123 4
124 3
125 3
126 3
127 5
128 3
129 3
130 3
131 5
132 3
133 6
134 3
135 4
136 4
137 3
138 4
139 4
140 4
141 3
142 3
143 3
144 3
145 4
146 4
147 3
148 3
149 3
150 3
151 3
152 5
153 3
154 3
155 5
156 3
157 3
158 3
159 4
160 3
161 4
162 3
163 3
164 3
165 3
166 3
167 3
168 3
169 3
170 3
171 3
172 5
173 3
174 3
175 3
176 4
177 3
178 5
179 3
180 3
181 3
182 4
183 3
184 3
185 3
186 3
187 4
188 3
189 3
190 4
191 3
192 3
193 4
194 4
195 3
196 3
197 3
198 3
199 3
200 3
201 3
202 4
203 3
204 3
205 5
206 3
207 6
208 3
209 5
210 3
211 3
212 4
213 3
214 3
215 3
216 3
217 6
218 3
219 3
220 6
221 3
222 3
223 3
224 3
225 3
226 3
227 3
228 3
229 3
230 3
231 3
232 3
233 4
234 4
235 6
236 3
237 4
238 3
239 3
240 5
241 3
242 5
243 3
244 3
245 3
246 3
247 3
248 3
249 3
250 5
251 3
252 3
253 4
254 5
255 5
256 3
257 4
258 3
259 5
260 3
261 3
262 3
263 3
264 3
265 3
266 4
267 3
268 5
269 3
270 4
271 4
272 3
273 4
0 0 9
1 0 10
2 0 217
3 1 2
4 1 3
5 1 7
6 1 237
7 2 3
8 2 5
9 2 9
10 2 11
11 2 98
12 3 6
13 3 8
14 3 9
15 3 10
16 3 167
17 3 184
18 4 5
19 4 6
20 4 8
21 4 10
22 4 11
23 4 30
24 4 46
25 4 152
26 5 10
27 5 11
28 6 8
29 6 9
30 6 10
31 6 11
32 6 132
33 7 8
34 7 10
35 7 11
36 7 12
37 7 83
38 8 64
39 8 255
40 9 10
41 10 11
42 11 113
43 11 199
44 12 26
45 12 25
46 12 29
47 13 22
48 13 18
49 14 15
50 15 19
51 15 27
52 16 24
53 16 19
54 17 28
55 18 27
56 20 23
57 21 28
58 21 25
59 23 29
60 25 27
61 30 31
62 31 43
63 31 44
64 32 44
65 32 41
66 33 35
67 34 38
68 34 45
69 35 36
70 35 41
71 35 39
72 37 38
73 38 40
74 39 42
75 39 45
76 46 51
77 46 50
78 46 54
79 47 61
80 47 63
81 48 52
82 48 56
83 49 57
84 49 62
85 50 59
86 51 56
87 53 58
88 54 58
89 54 57
90 55 62
91 55 63
92 60 61
93 64 73
94 64 77
95 65 71
96 65 82
97 66 68
98 66 81
99 67 75
100 67 76
101 69 82
102 70 80
103 70 75
104 71 74
105 72 75
106 74 79
107 76 77
108 76 82
109 78 80
110 81 82
111 83 94
112 84 87
113 84 94
114 84 85
115 85 95
116 86 89
117 86 93
118 86 87
119 88 93
120 90 93
121 91 94
122 92 93
123 95 96
124 96 97
125 98 104
126 98 109
127 98 101
128 99 106
129 100 102
130 101 112
131 102 103
132 103 104
133 105 110
134 105 106
135 106 107
136 107 108
137 108 111
138 108 109
139 113 117
140 114 120
141 115 120
142 115 124
143 115 131
144 116 128
145 116 123
146 117 121
147 117 127
148 118 123
149 118 119
150 119 129
151 119 124
152 122 127
153 122 131
154 123 126
155 125 127
156 130 131
157 132 140
158 133 142
159 133 136
160 133 139
161 133 151
162 134 137
163 134 140
164 135 140
165 135 139
166 136 146
167 137 148
168 138 143
169 138 150
170 138 147
171 140 145
172 141 150
173 144 146
174 145 149
175 147 148
176 152 161
177 152 166
178 153 159
179 153 156
180 154 159
181 155 158
182 155 164
183 155 162
184 156 157
185 157 166
186 159 165
187 160 161
188 161 162
189 163 166
190 167 178
191 168 171
192 168 169
193 169 172
194 169 173
195 170 176
196 172 176
197 172 181
198 172 182
199 173 183
200 174 178
201 175 179
202 175 181
203 177 178
204 178 181
205 180 182
206 184 187
207 184 190
208 185 188
209 186 190
210 186 198
211 187 194
212 188 192
213 189 191
214 189 193
215 190 192
216 193 196
217 193 195
218 194 195
219 195 197
220 199 212
221 200 215
222 201 202
223 201 213
224 202 204
225 203 206
226 203 207
227 205 212
228 205 207
229 205 216
230 207 210
231 207 209
232 208 210
233 209 211
234 209 215
235 212 214
236 213 214
237 217 218
238 217 222
239 217 220
240 219 226
241 219 229
242 219 220
243 220 228
244 220 236
245 221 230
246 222 230
247 223 234
248 224 235
249 225 236
250 227 235
251 228 231
252 230 234
253 232 235
254 233 235
255 233 234
256 237 242
257 238 240
258 238 239
259 239 253
260 240 250
261 240 252
262 241 254
263 242 249
264 242 251
265 242 248
266 243 250
267 244 254
268 245 253
269 245 254
270 246 253
271 247 250
272 248 254
273 255 261
274 255 267
275 255 259
276 256 269
277 257 266
278 257 268
279 258 268
280 259 260
281 259 266
282 262 273
283 263 270
284 263 268
285 264 270
286 265 268
287 265 273
288 269 271
289 270 271
290 271 272
0 257 161
1 261 166
2 267 163
3 256 159
4 265 165
5 257 157
6 272 156
7 270 163
8 264 163
9 263 153
10 263 156
11 262 158
12 262 152
13 270 154
14 257 155
15 260 152
16 272 154
17 255 156
18 261 164
19 272 163
20 272 162
21 265 156
22 255 155
23 256 163
24 268 161
25 266 165
26 271 161
27 264 153
28 273 155
29 256 158
30 265 125
31 266 131
32 272 131
33 270 117
34 265 113
35 272 118
36 268 124
37 267 119
38 269 118
39 270 128
40 257 127
41 269 113
42 272 120
43 260 129
44 266 123
45 272 117
46 266 125
47 255 122
48 255 120
49 267 123
50 261 130
51 268 115
52 258 128
53 269 129
54 269 131
55 259 128
56 264 124
57 262 131
58 272 119
59 264 129
60 186 255
61 186 267
62 193 270
63 195 268
64 187 257
65 188 255
66 188 259
67 198 265
68 187 264
69 189 258
70 195 257
71 185 270
72 192 259
73 186 257
74 190 270
75 190 272
76 193 258
77 188 271
78 190 256
79 187 265
80 197 261
81 191 272
82 194 256
83 197 271
84 194 261
85 196 262
86 191 264
87 185 263
88 186 261
89 195 272
90 148 21
91 134 22
92 147 24
93 151 21
94 145 19
95 139 24
96 142 23
97 135 13
98 133 25
99 145 12
100 143 27
101 148 17
102 144 21
103 141 13
104 144 13
105 144 12
106 137 15
107 148 27
108 147 19
109 138 28
110 136 25
111 151 18
112 148 12
113 137 13
114 148 26
115 132 13
116 146 18
117 140 21
118 139 17
119 141 28
120 60 196
121 61 184
122 59 196
123 58 185
124 53 190
125 62 197
126 56 192
127 47 196
128 50 191
129 55 184
130 59 188
131 58 191
132 53 185
133 46 194
134 59 194
135 57 196
136 51 185
137 56 195
138 52 197
139 53 191
140 59 197
141 52 185
142 62 198
143 55 194
144 62 185
145 46 192
146 46 187
147 50 184
148 62 193
149 51 196
150 207 57
151 204 61
152 201 53
153 199 59
154 209 50
155 205 62
156 212 58
157 211 63
158 200 53
159 202 54
160 208 49
161 212 52
162 210 62
163 200 49
164 213 60
165 200 58
166 207 54
167 205 47
168 200 57
169 202 60
170 206 54
171 199 61
172 201 49
173 201 55
174 216 60
175 215 58
176 201 49
177 215 59
178 203 50
179 200 61
180 38 112
181 44 110
182 40 106
183 31 105
184 37 112
185 31 105
186 36 107
187 41 101
188 31 99
189 33 98
190 33 105
191 32 102
192 37 104
193 38 98
194 45 112
195 31 110
196 40 103
197 45 100
198 32 101
199 37 98
200 45 111
201 41 103
202 32 109
203 35 101
204 41 102
205 39 98
206 38 112
207 34 100
208 42 110
209 41 112
210 39 181
211 35 168
212 39 178
213 32 174
214 45 179
215 39 171
216 32 168
217 42 168
218 45 179
219 34 171
220 32 183
221 36 173
222 33 169
223 44 167
224 40 169
225 37 180
226 45 176
227 41 168
228 31 178
229 44 168
230 40 174
231 39 175
232 42 181
233 38 180
234 39 171
235 36 175
236 40 174
237 39 181
238 39 167
239 31 174
240 203 11
241 215 2
242 213 8
243 199 8
244 216 6
245 208 9
246 202 2
247 209 8
248 213 6
249 211 9
250 206 3
251 207 4
252 212 4
253 206 11
254 202 10
255 216 10
256 207 9
257 214 1
258 205 2
259 208 4
260 212 6
261 205 5
262 206 8
263 212 4
264 201 4
265 216 3
266 216 6
267 201 2
268 213 2
269 212 7
270 178 74
271 177 81
272 176 71
273 177 67
274 169 74
275 172 75
276 168 82
277 182 71
278 175 78
279 181 66
280 181 69
281 181 77
282 168 69
283 176 69
284 173 75
285 167 74
286 179 79
287 168 66
288 181 65
289 171 65
290 182 80
291 171 75
292 181 80
293 172 66
294 168 67
295 176 77
296 176 80
297 167 73
298 173 80
299 171 74
300 134 51
301 143 51
302 139 55
303 136 52
304 134 57
305 141 60
306 149 47
307 150 61
308 140 57
309 148 47
310 137 46
311 147 57
312 139 53
313 134 50
314 149 46
315 138 63
316 145 61
317 134 51
318 135 46
319 147 47
320 139 53
321 136 59
322 144 56
323 134 58
324 140 54
325 143 62
326 145 46
327 135 62
328 143 54
329 149 50
330 84 252
331 85 241
332 83 247
333 93 240
334 90 242
335 84 254
336 90 248
337 93 253
338 86 243
339 84 252
340 93 245
341 96 251
342 90 247
343 84 253
344 96 249
345 94 244
346 89 246
347 95 254
348 91 240
349 97 240
350 92 242
351 86 241
352 96 247
353 94 254
354 93 250
355 88 247
356 95 238
357 88 240
358 91 243
359 93 241
360 226 48
361 221 46
362 232 58
363 220 58
364 230 53
365 228 56
366 223 51
367 229 49
368 236 55
369 221 50
370 236 57
371 230 51
372 229 63
373 223 51
374 232 48
375 218 59
376 225 50
377 236 57
378 232 47
379 221 49
380 236 50
381 222 48
382 231 62
383 229 46
384 232 62
385 222 57
386 219 58
387 235 59
388 221 61
389 225 59
390 57 269
391 46 267
392 48 270
393 58 267
394 47 267
395 62 257
396 57 258
397 63 256
398 57 258
399 62 256
400 59 272
401 56 267
402 49 257
403 46 255
404 50 265
405 56 266
406 55 264
407 50 264
408 51 272
409 63 262
410 46 262
411 63 267
412 56 257
413 63 267
414 60 267
415 57 261
416 57 266
417 51 271
418 51 273
419 47 271
420 218 191
421 220 195
422 218 196
423 222 185
424 236 196
425 227 191
426 230 186
427 231 189
428 229 195
429 232 197
430 226 193
431 236 184
432 226 193
433 224 196
434 225 198
435 221 192
436 232 194
437 222 194
438 218 190
439 233 184
440 221 193
441 217 193
442 222 194
443 217 185
444 227 185
445 224 197
446 232 197
447 225 190
448 236 190
449 231 187
450 49 194
451 50 185
452 53 186
453 47 192
454 47 195
455 53 197
456 46 188
457 62 189
458 51 185
459 53 197
460 59 191
461 54 194
462 59 188
463 63 188
464 53 198
465 60 189
466 59 194
467 57 184
468 48 195
469 56 189
470 46 195
471 47 195
472 60 190
473 47 197
474 61 198
475 63 187
476 53 190
477 48 186
478 46 195
479 60 190
480 199 183
481 201 181
482 214 181
483 210 174
484 214 178
485 205 170
486 205 183
487 207 176
488 203 183
489 212 180
490 199 181
491 200 177
492 205 175
493 213 176
494 202 176
495 214 177
496 213 178
497 209 177
498 203 178
499 215 179
500 209 168
501 215 174
502 208 172
503 210 183
504 201 168
505 206 171
506 210 175
507 212 169
508 205 180
509 201 175
510 214 216
511 215 202
512 209 199
513 204 210
514 204 214
515 205 202
516 216 209
517 214 206
518 202 209
519 200 202
520 206 204
521 209 202
522 207 199
523 199 203
524 200 204
525 215 208
526 212 202
527 215 203
528 201 212
529 212 208
530 205 200
531 205 211
532 211 206
533 205 204
534 200 202
535 0 1
536 73 241
537 68 250
538 74 238
539 71 244
540 82 253
541 80 238
542 69 245
543 65 243
544 75 242
545 71 238
546 73 239
547 70 248
548 82 237
549 76 246
550 72 249
551 82 253
552 65 247
553 72 242
554 70 243
555 73 239
556 82 247
557 76 239
558 71 243
559 75 237
560 71 239
561 67 241
562 80 241
563 67 246
564 74 242
565 71 244
566 235 262
567 223 271
568 222 273
569 222 273
570 231 261
571 228 264
572 230 265
573 217 267
574 227 272
575 223 262
576 230 256
577 218 262
578 223 258
579 231 264
580 236 272
581 221 271
582 227 268
583 235 273
584 223 259
585 231 271
586 230 273
587 233 264
588 223 256
589 235 273
590 219 255
591 219 261
592 218 266
593 231 273
594 229 264
595 229 261
596 26 104
597 18 102
598 25 106
599 16 109
600 22 108
601 15 104
602 28 108
603 25 112
604 20 100
605 17 100
606 18 101
607 28 107
608 15 106
609 12 102
610 18 101
611 17 104
612 21 98
613 24 102
614 28 106
615 12 111
616 15 105
617 12 108
618 24 98
619 28 99
620 23 104
621 15 105
622 19 109
623 27 110
624 29 105
625 27 101
626 194 199
627 185 216
628 185 213
629 189 216
630 198 216
631 193 204
632 187 201
633 184 205
634 198 214
635 198 204
636 191 200
637 195 210
638 197 203
639 198 201
640 190 215
641 189 199
642 193 206
643 197 207
644 197 202
645 198 207
646 198 201
647 185 210
648 195 210
649 189 204
650 197 208
651 197 210
652 196 207
653 192 200
654 185 207
655 186 212
656 253 185
657 241 188
658 238 187
659 238 189
660 243 185
661 246 197
662 254 185
663 246 193
664 252 194
665 245 194
666 242 198
667 237 184
668 254 185
669 251 189
670 247 193
671 246 189
672 247 194
673 237 194
674 242 195
675 237 195
676 249 185
677 242 192
678 238 192
679 237 189
680 250 191
681 244 190
682 245 193
683 247 194
684 246 196
685 254 190
686 222 100
687 228 112
688 228 100
689 225 107
690 229 104
691 221 107
692 234 101
693 235 104
694 224 99
695 230 104
696 227 108
697 223 108
698 227 98
699 218 102
700 225 101
701 227 108
702 226 108
703 228 101
704 222 109
705 235 109
706 228 102
707 222 102
708 231 98
709 235 108
710 222 103
711 219 101
712 236 105
713 234 107
714 218 109
715 220 101
716 246 116
717 242 116
718 243 127
719 254 119
720 251 119
721 244 119
722 240 128
723 253 119
724 239 119
725 254 115
726 237 117
727 245 119
728 247 120
729 239 122
730 238 117
731 254 116
732 244 128
733 251 116
734 245 113
735 245 116
736 253 123
737 245 113
738 253 125
739 246 115
740 238 128
741 240 126
742 239 131
743 254 118
744 249 128
745 248 128
746 55 87
747 51 90
748 46 94
749 50 83
750 47 83
751 53 83
752 52 84
753 56 92
754 53 87
755 53 95
756 55 87
757 50 97
758 47 94
759 54 94
760 53 92
761 52 90
762 53 85
763 46 88
764 54 90
765 57 96
766 47 86
767 58 90
768 57 92
769 58 90
770 53 91
771 63 92
772 52 96
773 47 87
774 52 95
775 50 92
776 15 28
777 23 16
778 12 13
779 17 22
780 17 27
781 29 15
782 19 18
783 14 13
784 14 23
785 28 27
786 24 13
787 18 28
788 19 18
789 16 23
790 17 18
791 16 18
792 27 20
793 27 23
794 18 17
795 29 19
796 24 29
797 24 14
798 16 28
799 20 22
800 28 19
801 169 243
802 167 244
803 179 237
804 182 237
805 180 240
806 170 249
807 170 253
808 179 254
809 168 241
810 183 243
811 173 253
812 172 241
813 170 240
814 183 239
815 169 247
816 182 243
817 178 251
818 171 241
819 173 240
820 177 252
821 172 252
822 172 240
823 174 250
824 169 253
825 176 245
826 179 245
827 175 246
828 179 250
829 180 251
830 174 253
831 124 244
832 122 245
833 131 253
834 119 253
835 117 248
836 114 245
837 129 252
838 127 239
839 128 239
840 116 250
841 125 249
842 130 240
843 130 248
844 114 251
845 130 251
846 120 239
847 130 241
848 124 247
849 123 239
850 118 240
851 115 247
852 123 241
853 129 237
854 123 237
855 131 253
856 118 251
857 131 254
858 129 253
859 116 248
860 128 245
861 30 53
862 32 46
863 39 55
864 32 63
865 42 56
866 40 48
867 34 63
868 37 54
869 34 49
870 33 61
871 40 54
872 33 59
873 30 53
874 44 54
875 32 62
876 36 59
877 45 53
878 41 57
879 41 61
880 36 57
881 41 62
882 35 51
883 44 46
884 31 49
885 32 46
886 36 60
887 38 59
888 35 61
889 32 52
890 33 46
891 10 23
892 8 28
893 1 28
894 9 13
895 0 17
896 0 25
897 4 28
898 5 16
899 11 25
900 0 18
901 10 23
902 8 17
903 2 12
904 10 24
905 0 13
906 10 27
907 2 22
908 1 14
909 3 27
910 8 13
911 11 18
912 8 15
913 9 21
914 1 23
915 5 26
916 0 15
917 3 14
918 6 14
919 1 28
920 7 28
921 242 117
922 250 114
923 238 117
924 254 126
925 244 129
926 238 127
927 250 128
928 239 122
929 254 117
930 243 124
931 248 119
932 250 114
933 240 113
934 252 126
935 244 113
936 251 121
937 250 123
938 243 115
939 240 122
940 237 131
941 242 120
942 242 114
943 241 117
944 240 130
945 240 119
946 249 125
947 243 131
948 237 125
949 248 123
950 240 131
951 104 12
952 107 13
953 112 28
954 110 23
955 101 15
956 110 22
957 106 17
958 108 14
959 110 16
960 104 25
961 104 24
962 111 18
963 106 12
964 109 18
965 108 20
966 112 24
967 104 13
968 106 15
969 103 15
970 103 26
971 106 17
972 109 12
973 99 27
974 107 12
975 107 28
976 112 17
977 98 20
978 100 17
979 104 24
980 101 25
981 33 100
982 33 99
983 38 101
984 33 100
985 41 101
986 44 105
987 31 105
988 45 105
989 32 101
990 38 109
991 41 108
992 30 103
993 44 101
994 40 103
995 39 111
996 43 110
997 44 100
998 32 102
999 43 100
1000 42 109
1001 42 99
1002 38 98
1003 32 108
1004 41 111
1005 40 101
1006 40 106
1007 45 103
1008 35 112
1009 30 102
1010 42 107
1011 27 181
1012 25 177
1013 17 172
1014 15 181
1015 28 177
1016 29 167
1017 24 179
1018 28 179
1019 25 178
1020 28 183
1021 23 170
1022 27 175
1023 25 175
1024 16 179
1025 12 167
1026 25 172
1027 21 180
1028 28 181
1029 17 180
1030 26 169
1031 17 178
1032 17 178
1033 14 169
1034 17 175
1035 13 176
1036 14 167
1037 24 181
1038 29 168
1039 15 179
1040 27 169
1041 271 175
1042 255 176
1043 260 181
1044 265 178
1045 273 169
1046 269 180
1047 269 174
1048 255 173
1049 259 178
1050 268 169
1051 265 173
1052 257 171
1053 257 171
1054 263 168
1055 262 172
1056 266 182
1057 261 181
1058 255 181
1059 270 175
1060 262 180
1061 255 182
1062 263 172
1063 269 168
1064 263 181
1065 259 176
1066 266 170
1067 255 170
1068 273 178
1069 261 171
1070 265 180
1071 109 123
1072 99 117
1073 112 115
1074 107 130
1075 111 126
1076 111 116
1077 106 113
1078 112 129
1079 109 120
1080 107 115
1081 110 115
1082 102 124
1083 98 122
1084 109 121
1085 102 129
1086 98 131
1087 105 126
1088 101 126
1089 99 128
1090 104 122
1091 104 115
1092 103 119
1093 107 124
1094 102 127
1095 104 126
1096 110 120
1097 100 125
1098 102 119
1099 99 128
1100 109 117
1101 51 109
1102 49 100
1103 59 100
1104 61 110
1105 63 102
1106 51 107
1107 61 104
1108 46 98
1109 53 109
1110 53 104
1111 53 104
1112 46 104
1113 59 108
1114 56 100
1115 61 103
1116 57 102
1117 61 108
1118 49 104
1119 47 98
1120 56 104
1121 50 100
1122 59 99
1123 52 107
1124 50 110
1125 55 99
1126 48 99
1127 62 101
1128 60 106
1129 60 106
1130 52 107
1131 125 259
1132 121 266
1133 128 266
1134 113 262
1135 126 273
1136 125 270
1137 120 272
1138 128 267
1139 116 272
1140 121 263
1141 127 271
1142 121 257
1143 124 257
1144 131 261
1145 113 271
1146 127 269
1147 113 263
1148 128 255
1149 115 260
1150 113 255
1151 118 259
1152 129 271
1153 130 260
1154 116 265
1155 130 258
1156 113 255
1157 123 272
1158 125 270
1159 131 271
1160 128 255
1161 183 102
1162 174 108
1163 167 104
1164 169 109
1165 175 109
1166 180 102
1167 181 107
1168 180 104
1169 183 111
1170 170 102
1171 177 101
1172 183 106
1173 181 99
1174 175 101
1175 169 112
1176 168 105
1177 171 111
1178 177 111
1179 168 107
1180 169 112
1181 169 110
1182 175 107
1183 175 106
1184 176 108
1185 172 112
1186 183 100
1187 179 104
1188 183 110
1189 176 107
1190 173 103
1191 193 210
1192 191 213
1193 186 213
1194 187 207
1195 195 204
1196 193 201
1197 196 207
1198 191 204
1199 186 213
1200 195 202
1201 194 199
1202 187 210
1203 195 209
1204 191 200
1205 194 207
1206 198 212
1207 196 199
1208 197 216
1209 198 202
1210 188 211
1211 186 209
1212 195 211
1213 190 216
1214 190 209
1215 195 214
1216 196 214
1217 184 216
1218 198 199
1219 196 210
1220 196 216
1221 166 238
1222 154 248
1223 153 241
1224 165 246
1225 165 249
1226 165 246
1227 152 251
1228 155 254
1229 154 237
1230 154 253
1231 166 244
1232 156 241
1233 157 252
1234 154 238
1235 161 249
1236 165 254
1237 165 237
1238 166 254
1239 164 250
1240 158 248
1241 152 239
1242 164 248
1243 157 252
1244 158 244
1245 157 245
1246 163 246
1247 152 251
1248 160 250
1249 158 248
1250 163 250
1251 248 161
1252 244 154
1253 243 160
1254 238 166
1255 251 157
1256 249 153
1257 237 161
1258 253 154
1259 244 154
1260 250 155
1261 253 152
1262 237 159
1263 237 156
1264 248 164
1265 239 161
1266 237 156
1267 252 157
1268 248 157
1269 242 162
1270 237 152
1271 246 166
1272 252 152
1273 243 166
1274 244 165
1275 239 161
1276 244 164
1277 253 156
1278 245 162
1279 246 162
1280 249 162
1281 187 229
1282 198 230
1283 190 235
1284 198 230
1285 188 232
1286 193 224
1287 188 230
1288 191 223
1289 185 224
1290 195 229
1291 196 231
1292 195 228
1293 190 222
1294 194 232
1295 184 232
1296 196 234
1297 192 219
1298 196 221
1299 185 221
1300 196 226
1301 184 233
1302 194 227
1303 195 230
1304 194 219
1305 188 236
1306 184 227
1307 187 227
1308 192 217
1309 193 231
1310 197 220
1311 71 35
1312 69 33
1313 80 32
1314 69 30
1315 65 32
1316 81 39
1317 77 36
1318 76 33
1319 64 44
1320 65 39
1321 74 42
1322 74 44
1323 64 35
1324 69 44
1325 82 39
1326 72 45
1327 82 32
1328 82 33
1329 71 34
1330 68 36
1331 71 37
1332 71 43
1333 64 30
1334 78 43
1335 74 37
1336 79 30
1337 73 43
1338 68 40
1339 75 45
1340 79 44
1341 28 193
1342 12 184
1343 29 194
1344 27 198
1345 21 197
1346 21 197
1347 20 197
1348 28 193
1349 18 193
1350 29 187
1351 29 188
1352 13 198
1353 16 186
1354 27 195
1355 12 185
1356 28 195
1357 21 197
1358 28 196
1359 22 192
1360 29 192
1361 13 197
1362 23 185
1363 19 192
1364 19 197
1365 25 187
1366 24 187
1367 18 191
1368 15 198
1369 12 196
1370 22 187
1371 243 50
1372 254 56
1373 241 56
1374 254 59
1375 246 49
1376 241 46
1377 237 50
1378 247 53
1379 247 61
1380 245 62
1381 254 53
1382 238 57
1383 243 59
1384 243 58
1385 251 61
1386 243 60
1387 251 57
1388 240 46
1389 241 61
1390 237 49
1391 246 63
1392 248 59
1393 253 57
1394 247 49
1395 245 50
1396 240 46
1397 253 49
1398 249 60
1399 245 49
1400 253 60
1401 97 177
1402 90 177
1403 92 175
1404 92 179
1405 86 167
1406 91 181
1407 92 183
1408 92 174
1409 87 168
1410 87 183
1411 83 169
1412 85 168
1413 97 181
1414 89 173
1415 96 172
1416 85 176
1417 89 180
1418 97 168
1419 89 183
1420 92 167
1421 92 174
1422 87 175
1423 93 171
1424 93 181
1425 91 174
1426 94 178
1427 85 170
1428 88 173
1429 91 175
1430 85 171
1431 76 9
1432 65 6
1433 79 11
1434 68 6
1435 82 1
1436 74 2
1437 66 11
1438 78 11
1439 70 1
1440 70 8
1441 74 5
1442 78 9
1443 72 8
1444 76 5
1445 81 5
1446 67 7
1447 71 11
1448 79 9
1449 75 8
1450 71 4
1451 69 1
1452 73 7
1453 71 1
1454 68 8
1455 71 4
1456 78 6
1457 80 10
1458 81 3
1459 64 0
1460 59 187
1461 57 197
1462 57 192
1463 46 197
1464 54 184
1465 57 189
1466 55 189
1467 52 191
1468 61 190
1469 48 189
1470 52 196
1471 47 194
1472 46 186
1473 58 195
1474 58 187
1475 51 187
1476 49 186
1477 60 194
1478 60 192
1479 56 196
1480 51 190
1481 59 198
1482 53 198
1483 50 196
1484 46 195
1485 53 193
1486 54 191
1487 60 196
1488 46 185
1489 49 197
1490 169 140
1491 176 148
1492 177 132
1493 171 137
1494 178 136
1495 168 150
1496 174 137
1497 178 142
1498 178 139
1499 180 133
1500 179 138
1501 171 141
1502 168 136
1503 182 138
1504 179 142
1505 167 137
1506 170 140
1507 172 142
1508 175 140
1509 169 134
1510 179 147
1511 179 150
1512 170 140
1513 177 132
1514 178 145
1515 169 138
1516 178 149
1517 177 135
1518 174 134
1519 170 146
1520 210 86
1521 212 83
1522 203 86
1523 207 96
1524 210 94
1525 210 89
1526 199 93
1527 214 83
1528 204 90
1529 205 86
1530 215 85
1531 208 85
1532 212 95
1533 213 96
1534 206 91
1535 202 88
1536 204 89
1537 206 92
1538 202 94
1539 211 88
1540 216 86
1541 203 90
1542 204 92
1543 204 85
1544 200 87
1545 206 90
1546 207 87
1547 204 84
1548 207 94
1549 199 91
1550 104 172
1551 109 181
1552 109 175
1553 99 175
1554 106 169
1555 109 172
1556 108 173
1557 100 177
1558 104 177
1559 107 182
1560 107 176
1561 111 168
1562 104 177
1563 112 177
1564 98 180
1565 102 169
1566 112 176
1567 100 175
1568 106 169
1569 100 169
1570 101 169
1571 105 181
1572 106 178
1573 101 181
1574 112 174
1575 99 176
1576 100 169
1577 110 168
1578 101 180
1579 98 168
1580 107 75
1581 110 65
1582 100 82
1583 100 65
1584 101 72
1585 99 64
1586 98 79
1587 102 74
1588 101 69
1589 101 66
1590 107 80
1591 112 80
1592 101 73
1593 99 69
1594 108 82
1595 109 82
1596 108 78
1597 103 77
1598 107 77
1599 103 74
1600 108 80
1601 98 67
1602 100 71
1603 100 82
1604 105 80
1605 107 71
1606 100 74
1607 104 73
1608 107 78
1609 105 75
1610 137 219
1611 141 234
1612 146 220
1613 144 217
1614 150 236
1615 143 219
1616 134 231
1617 137 226
1618 139 233
1619 134 225
1620 144 222
1621 134 220
1622 144 225
1623 151 220
1624 133 222
1625 150 235
1626 141 226
1627 132 230
1628 151 236
1629 144 218
1630 137 220
1631 150 233
1632 148 229
1633 149 229
1634 139 224
1635 136 235
1636 135 223
1637 144 217
1638 146 236
1639 141 221
1640 92 185
1641 96 186
1642 89 196
1643 95 192
1644 85 192
1645 92 185
1646 88 184
1647 92 197
1648 86 188
1649 96 194
1650 94 193
1651 87 190
1652 97 186
1653 84 192
1654 94 194
1655 90 188
1656 90 190
1657 96 194
1658 97 195
1659 95 196
1660 92 194
1661 96 184
1662 94 198
1663 85 185
1664 91 197
1665 89 190
1666 83 185
1667 86 186
1668 93 194
1669 83 186
1670 22 158
1671 29 156
1672 16 165
1673 25 161
1674 15 163
1675 20 154
1676 27 153
1677 12 157
1678 26 155
1679 28 156
1680 25 152
1681 13 166
1682 12 156
1683 15 152
1684 24 162
1685 19 161
1686 14 164
1687 25 163
1688 13 156
1689 17 157
1690 13 165
1691 28 161
1692 25 161
1693 27 164
1694 24 162
1695 12 165
1696 16 161
1697 22 157
1698 25 163
1699 14 157
1700 158 253
1701 157 249
1702 165 244
1703 162 242
1704 161 248
1705 154 252
1706 155 250
1707 166 252
1708 155 240
1709 155 247
1710 159 243
1711 160 239
1712 162 239
1713 165 239
1714 166 245
1715 154 248
1716 156 250
1717 164 253
1718 157 247
1719 159 250
1720 156 242
1721 166 251
1722 157 249
1723 157 246
1724 165 237
1725 166 254
1726 152 239
1727 152 245
1728 164 254
1729 153 251
1730 138 205
1731 138 213
1732 151 202
1733 149 199
1734 148 202
1735 136 211
1736 137 208
1737 149 216
1738 147 199
1739 134 201
1740 143 201
1741 141 211
1742 148 216
1743 140 205
1744 138 209
1745 137 215
1746 142 216
1747 142 202
1748 133 214
1749 135 209
1750 140 212
1751 150 205
1752 147 202
1753 151 207
1754 145 202
1755 146 203
1756 144 203
1757 134 200
1758 147 201
1759 137 206
1760 208 84
1761 203 97
1762 199 95
1763 214 85
1764 216 96
1765 208 86
1766 209 94
1767 202 92
1768 206 93
1769 205 88
1770 211 85
1771 204 84
1772 210 86
1773 209 94
1774 200 94
1775 202 93
1776 213 92
1777 203 91
1778 203 92
1779 214 86
1780 216 95
1781 209 93
1782 204 91
1783 210 94
1784 206 91
1785 214 84
1786 199 93
1787 201 84
1788 209 91
1789 203 84
1790 201 244
1791 205 240
1792 200 246
1793 215 251
1794 215 252
1795 208 247
1796 203 237
1797 199 254
1798 199 243
1799 209 243
1800 213 244
1801 201 247
1802 206 241
1803 202 245
1804 200 239
1805 202 241
1806 216 237
1807 199 237
1808 214 240
1809 215 252
1810 199 249
1811 199 246
1812 201 245
1813 208 245
1814 204 246
1815 200 252
1816 216 253
1817 199 240
1818 209 244
1819 208 244
1820 46 261
1821 60 272
1822 59 265
1823 58 263
1824 55 261
1825 53 269
1826 54 268
1827 56 265
1828 52 260
1829 52 266
1830 47 256
1831 60 265
1832 60 265
1833 55 261
1834 54 266
1835 58 265
1836 48 271
1837 56 271
1838 52 263
1839 59 255
1840 58 271
1841 56 271
1842 63 262
1843 54 270
1844 60 258
1845 63 255
1846 63 273
1847 59 264
1848 56 264
1849 56 269
1850 251 156
1851 248 164
1852 246 162
1853 240 159
1854 241 163
1855 251 160
1856 241 153
1857 241 152
1858 251 154
1859 239 166
1860 250 158
1861 242 157
1862 239 154
1863 254 163
1864 254 162
1865 238 162
1866 254 162
1867 253 152
1868 246 155
1869 247 154
1870 249 154
1871 251 153
1872 247 153
1873 253 166
1874 249 153
1875 250 160
1876 238 161
1877 250 160
1878 243 153
1879 239 164
1880 211 185
1881 201 197
1882 204 194
1883 212 186
1884 213 184
1885 201 187
1886 206 197
1887 206 189
1888 204 190
1889 199 193
1890 202 197
1891 207 196
1892 203 195
1893 215 185
1894 216 198
1895 205 188
1896 200 197
1897 214 191
1898 210 193
1899 203 197
1900 199 198
1901 208 195
1902 211 195
1903 201 187
1904 201 187
1905 202 194
1906 210 191
1907 199 191
1908 201 188
1909 200 191
1910 14 54
1911 27 52
1912 20 55
1913 17 62
1914 23 47
1915 27 51
1916 18 48
1917 13 51
1918 15 63
1919 26 62
1920 29 57
1921 26 51
1922 12 55
1923 24 54
1924 29 51
1925 23 54
1926 23 54
1927 26 63
1928 16 63
1929 12 51
1930 27 53
1931 25 52
1932 12 51
1933 29 46
1934 24 62
1935 28 62
1936 13 48
1937 18 48
1938 26 54
1939 21 51
1940 47 176
1941 50 175
1942 54 175
1943 62 180
1944 59 180
1945 61 171
1946 56 175
1947 55 183
1948 57 173
1949 53 182
1950 49 175
1951 52 168
1952 53 173
1953 61 177
1954 58 183
1955 55 172
1956 46 182
1957 62 182
1958 52 169
1959 62 169
1960 55 174
1961 63 168
1962 61 175
1963 53 178
1964 58 170
1965 57 174
1966 59 173
1967 49 176
1968 62 181
1969 54 179
1970 227 195
1971 236 189
1972 219 195
1973 225 185
1974 227 192
1975 228 197
1976 218 184
1977 226 185
1978 231 197
1979 225 192
1980 236 189
1981 230 198
1982 218 191
1983 218 197
1984 219 198
1985 235 185
1986 230 193
1987 227 188
1988 224 184
1989 226 193
1990 228 184
1991 235 196
1992 230 185
1993 226 186
1994 219 186
1995 224 190
1996 236 189
1997 221 191
1998 229 185
1999 234 194
2000 0 45
2001 4 41
2002 10 44
2003 7 34
2004 5 44
2005 8 43
2006 1 35
2007 6 39
2008 4 36
2009 6 43
2010 10 45
2011 3 40
2012 8 32
2013 3 39
2014 7 38
2015 6 32
2016 6 43
2017 3 36
2018 6 35
2019 8 39
2020 6 33
2021 3 37
2022 5 33
2023 5 36
2024 7 42
2025 6 36
2026 7 34
2027 8 38
2028 0 36
2029 178 212
2030 182 202
2031 171 200
2032 172 212
2033 180 213
2034 180 212
2035 173 200
2036 178 204
2037 170 211
2038 180 204
2039 171 211
2040 171 214
2041 177 204
2042 167 215
2043 176 201
2044 169 208
2045 172 209
2046 171 210
2047 179 201
2048 181 210
2049 171 202
2050 175 200
2051 170 205
2052 170 205
2053 167 211
2054 182 203
2055 181 209
2056 173 206
2057 181 216
2058 182 214
2059 118 7
2060 119 10
2061 131 11
2062 118 0
2063 127 4
2064 121 10
2065 115 6
2066 129 11
2067 115 7
2068 114 9
2069 131 2
2070 115 5
2071 120 10
2072 124 1
2073 122 3
2074 126 1
2075 116 5
2076 127 6
2077 130 0
2078 131 3
2079 114 6
2080 128 5
2081 115 2
2082 121 11
2083 121 3
2084 121 10
2085 120 5
2086 131 7
2087 119 0
2088 250 12
2089 244 18
2090 239 28
2091 252 27
2092 240 28
2093 239 19
2094 245 23
2095 241 20
2096 239 24
2097 247 16
2098 254 24
2099 252 17
2100 250 22
2101 246 17
2102 252 27
2103 254 16
2104 254 12
2105 253 15
2106 238 18
2107 242 12
2108 251 20
2109 249 22
2110 238 13
2111 251 24
2112 251 24
2113 238 29
2114 252 29
2115 253 16
2116 247 25
2117 240 19
2118 260 141
2119 265 138
2120 270 142
2121 257 144
2122 261 140
2123 261 146
2124 257 134
2125 257 134
2126 272 137
2127 270 141
2128 264 145
2129 273 140
2130 255 137
2131 265 136
2132 269 143
2133 255 137
2134 266 149
2135 270 133
2136 271 136
2137 265 137
2138 258 147
2139 260 132
2140 255 148
2141 259 149
2142 261 143
2143 273 151
2144 260 142
2145 265 151
2146 273 134
2147 259 133
2148 207 244
2149 206 237
2150 199 241
2151 207 247
2152 203 243
2153 203 244
2154 206 239
2155 213 251
2156 214 245
2157 200 243
2158 208 240
2159 212 240
2160 209 247
2161 204 238
2162 208 243
2163 199 248
2164 214 245
2165 204 241
2166 200 237
2167 210 247
2168 204 237
2169 204 252
2170 215 242
2171 215 240
2172 208 241
2173 208 240
2174 213 245
2175 206 253
2176 203 253
2177 203 240
2178 57 213
2179 56 202
2180 49 209
2181 53 200
2182 46 207
2183 60 216
2184 58 207
2185 63 216
2186 59 204
2187 51 204
2188 57 210
2189 53 200
2190 63 199
2191 54 213
2192 60 200
2193 56 213
2194 55 210
2195 46 200
2196 63 210
2197 51 203
2198 47 199
2199 48 204
2200 58 199
2201 61 201
2202 46 202
2203 61 206
2204 55 211
2205 62 216
2206 60 212
2207 57 206
2208 128 247
2209 123 249
2210 120 252
2211 123 237
2212 117 241
2213 127 240
2214 122 244
2215 120 242
2216 122 241
2217 119 253
2218 117 247
2219 128 248
2220 129 253
2221 120 243
2222 121 253
2223 121 250
2224 131 254
2225 126 237
2226 130 254
2227 125 246
2228 124 239
2229 126 238
2230 126 252
2231 124 242
2232 124 251
2233 125 243
2234 128 246
2235 128 252
2236 115 252
2237 124 252
2238 260 146
2239 265 140
2240 259 137
2241 264 151
2242 262 132
2243 268 132
2244 261 143
2245 262 134
2246 270 144
2247 271 136
2248 272 136
2249 263 132
2250 262 132
2251 264 138
2252 267 149
2253 257 144
2254 257 146
2255 261 134
2256 266 146
2257 269 136
2258 273 142
2259 268 142
2260 255 132
2261 272 137
2262 266 148
2263 272 137
2264 260 149
2265 259 141
2266 261 142
2267 268 149
2268 245 247
2269 253 247
2270 253 248
2271 245 242
2272 243 254
2273 241 251
2274 237 243
2275 237 253
2276 249 241
2277 247 246
2278 253 237
2279 242 247
2280 242 239
2281 246 254
2282 246 240
2283 244 250
2284 249 247
2285 254 246
2286 240 253
2287 249 252
2288 252 248
2289 241 253
2290 251 241
2291 236 224
2292 235 223
2293 219 235
2294 231 222
2295 229 234
2296 224 230
2297 228 223
2298 233 222
2299 226 231
2300 226 227
2301 235 218
2302 217 233
2303 218 227
2304 233 218
2305 226 235
2306 232 228
2307 229 227
2308 228 235
2309 221 233
2310 228 225
2311 221 225
2312 126 98
2313 124 103
2314 127 100
2315 126 102
2316 116 111
2317 122 111
2318 115 99
2319 122 99
2320 116 103
2321 128 107
2322 127 107
2323 124 110
2324 118 98
2325 127 102
2326 120 99
2327 128 109
2328 126 109
2329 127 109
2330 127 112
2331 123 112
2332 128 104
2333 130 111
2334 117 98
2335 124 100
2336 115 108
2337 122 104
2338 125 106
2339 129 101
2340 130 100
2341 125 107
2342 80 41
2343 64 34
2344 79 44
2345 79 38
2346 70 32
2347 80 37
2348 65 40
2349 67 40
2350 68 37
2351 71 38
2352 73 37
2353 79 42
2354 80 43
2355 82 40
2356 67 36
2357 66 39
2358 70 30
2359 66 30
2360 72 41
2361 75 30
2362 78 30
2363 82 33
2364 79 33
2365 71 45
2366 74 32
2367 67 39
2368 80 38
2369 78 34
2370 65 31
2371 66 38
2372 238 204
2373 247 216
2374 240 203
2375 237 205
2376 241 204
2377 254 202
2378 238 216
2379 241 207
2380 244 199
2381 244 209
2382 247 200
2383 252 204
2384 250 211
2385 251 206
2386 239 213
2387 253 205
2388 247 207
2389 249 216
2390 251 215
2391 253 204
2392 240 200
2393 249 207
2394 252 216
2395 250 215
2396 253 202
2397 254 199
2398 248 209
2399 241 202
2400 239 207
2401 245 214
2402 116 71
2403 120 82
2404 124 81
2405 126 72
2406 125 81
2407 117 76
2408 123 82
2409 118 73
2410 122 80
2411 114 69
2412 117 71
2413 130 77
2414 130 73
2415 123 76
2416 128 79
2417 129 82
2418 121 64
2419 114 73
2420 116 80
2421 130 65
2422 126 72
2423 120 67
2424 116 74
2425 122 82
2426 113 69
2427 126 71
2428 115 70
2429 125 65
2430 124 71
2431 119 82
2432 240 96
2433 248 89
2434 247 90
2435 250 88
2436 251 87
2437 240 86
2438 240 96
2439 246 86
2440 246 83
2441 244 97
2442 254 93
2443 239 83
2444 247 89
2445 245 97
2446 247 93
2447 249 96
2448 244 89
2449 253 89
2450 246 96
2451 247 89
2452 240 96
2453 249 94
2454 247 84
2455 254 88
2456 242 95
2457 250 84
2458 248 85
2459 239 96
2460 244 97
2461 253 87
2462 37 206
2463 40 201
2464 30 210
2465 35 209
2466 32 212
2467 43 212
2468 33 215
2469 43 212
2470 45 209
2471 37 213
2472 41 215
2473 37 209
2474 43 199
2475 39 201
2476 39 211
2477 37 201
2478 39 208
2479 45 202
2480 43 200
2481 40 200
2482 42 201
2483 41 205
2484 30 210
2485 44 204
2486 41 204
2487 30 216
2488 35 200
2489 39 206
2490 35 199
2491 37 206
2492 108 77
2493 109 81
2494 110 72
2495 110 82
2496 98 64
2497 98 66
2498 110 67
2499 104 81
2500 105 69
2501 100 67
2502 108 72
2503 101 80
2504 108 77
2505 109 73
2506 105 64
2507 103 73
2508 99 64
2509 110 68
2510 99 64
2511 102 67
2512 102 73
2513 103 82
2514 109 81
2515 106 69
2516 98 66
2517 99 68
2518 100 79
2519 111 72
2520 111 75
2521 105 69
2522 20 153
2523 24 155
2524 15 154
2525 14 165
2526 25 155
2527 25 154
2528 23 162
2529 14 165
2530 15 158
2531 25 157
2532 16 152
2533 26 166
2534 23 160
2535 24 164
2536 26 157
2537 12 166
2538 16 154
2539 17 157
2540 21 155
2541 24 161
2542 19 163
2543 24 157
2544 19 160
2545 21 165
2546 21 165
2547 16 155
2548 20 157
2549 14 158
2550 13 159
2551 21 165
2552 90 164
2553 90 160
2554 93 162
2555 84 163
2556 83 152
2557 92 166
2558 89 159
2559 90 154
2560 85 165
2561 93 156
2562 92 154
2563 88 154
2564 83 159
2565 83 162
2566 84 162
2567 91 160
2568 86 153
2569 93 166
2570 84 163
2571 97 166
2572 84 152
2573 92 152
2574 93 158
2575 88 156
2576 94 152
2577 93 163
2578 91 166
2579 85 158
2580 96 159
2581 95 163
2582 45 43
2583 39 44
2584 43 35
2585 34 32
2586 40 44
2587 34 42
2588 43 41
2589 36 30
2590 32 37
2591 36 44
2592 42 30
2593 43 40
2594 36 43
2595 35 30
2596 38 36
2597 42 41
2598 34 44
2599 41 31
2600 252 187
2601 240 196
2602 250 192
2603 243 196
2604 252 195
2605 241 189
2606 238 198
2607 252 194
2608 245 186
2609 251 188
2610 242 192
2611 239 198
2612 242 194
2613 244 188
2614 254 196
2615 246 193
2616 241 194
2617 240 192
2618 240 185
2619 250 187
2620 250 192
2621 243 198
2622 237 188
2623 244 190
2624 248 197
2625 254 186
2626 245 197
2627 239 196
2628 242 185
2629 243 196
2630 42 95
2631 31 83
2632 43 88
2633 38 90
2634 40 87
2635 31 95
2636 43 88
2637 43 96
2638 44 96
2639 36 83
2640 43 96
2641 45 84
2642 40 95
2643 44 88
2644 40 90
2645 42 92
2646 34 96
2647 30 97
2648 40 92
2649 33 85
2650 42 94
2651 31 88
2652 30 83
2653 39 84
2654 43 89
2655 37 93
2656 43 89
2657 30 95
2658 41 83
2659 45 86
2660 260 156
2661 258 165
2662 257 155
2663 270 160
2664 266 165
2665 271 163
2666 263 161
2667 266 159
2668 267 164
2669 271 166
2670 267 160
2671 257 165
2672 258 156
2673 273 162
2674 266 157
2675 260 161
2676 263 160
2677 270 163
2678 257 158
2679 261 154
2680 269 162
2681 263 152
2682 272 165
2683 268 153
2684 259 158
2685 260 154
2686 267 157
2687 267 154
2688 272 163
2689 272 152
2690 186 175
2691 184 169
2692 196 167
2693 189 170
2694 191 167
2695 188 173
2696 186 180
2697 186 173
2698 198 179
2699 190 174
2700 189 173
2701 187 182
2702 187 174
2703 195 176
2704 198 182
2705 192 177
2706 198 182
2707 195 174
2708 191 171
2709 188 180
2710 184 174
2711 185 178
2712 184 171
2713 193 168
2714 194 180
2715 197 168
2716 198 172
2717 185 183
2718 188 168
2719 187 174
2720 165 161
2721 159 158
2722 156 164
2723 163 162
2724 152 154
2725 154 152
2726 165 161
2727 160 163
2728 162 157
2729 157 154
2730 152 154
2731 155 165
2732 156 163
2733 164 153
2734 162 154
2735 159 161
2736 153 166
2737 52 2
2738 56 4
2739 51 6
2740 57 7
2741 48 3
2742 47 3
2743 48 3
2744 56 0
2745 46 0
2746 47 0
2747 59 10
2748 59 3
2749 61 2
2750 63 1
2751 62 1
2752 55 2
2753 50 1
2754 49 8
2755 48 6
2756 57 0
2757 58 4
2758 57 10
2759 52 1
2760 47 9
2761 48 2
2762 59 6
2763 60 6
2764 48 0
2765 52 0
2766 222 141
2767 233 142
2768 218 138
2769 218 135
2770 219 135
2771 218 137
2772 231 132
2773 220 132
2774 219 143
2775 220 136
2776 224 146
2777 230 147
2778 229 145
2779 235 134
2780 231 134
2781 227 147
2782 222 140
2783 225 136
2784 222 138
2785 229 151
2786 233 136
2787 223 134
2788 222 151
2789 236 147
2790 220 147
2791 220 146
2792 223 147
2793 232 144
2794 217 148
2795 236 149
2796 79 265
2797 76 266
2798 78 263
2799 81 267
2800 76 261
2801 75 262
2802 72 271
2803 69 270
2804 74 272
2805 77 267
2806 66 257
2807 77 260
2808 80 263
2809 77 259
2810 69 255
2811 64 271
2812 74 262
2813 68 257
2814 72 273
2815 79 266
2816 67 266
2817 82 272
2818 78 264
2819 67 267
2820 72 259
2821 67 258
2822 67 262
2823 67 261
2824 77 261
2825 72 261
2826 196 232
2827 188 222
2828 195 230
2829 184 236
2830 186 231
2831 195 236
2832 188 219
2833 190 226
2834 192 227
2835 188 221
2836 188 218
2837 185 223
2838 189 219
2839 190 225
2840 188 233
2841 193 223
2842 188 217
2843 187 230
2844 193 235
2845 197 236
2846 191 234
2847 190 221
2848 190 234
2849 193 228
2850 190 225
2851 186 221
2852 198 220
2853 195 218
2854 184 221
2855 196 219
2856 13 209
2857 27 209
2858 29 213
2859 13 201
2860 14 207
2861 17 209
2862 25 204
2863 19 213
2864 17 205
2865 29 205
2866 22 212
2867 12 210
2868 24 202
2869 16 211
2870 26 215
2871 15 212
2872 25 215
2873 26 201
2874 25 207
2875 14 199
2876 16 215
2877 12 204
2878 25 202
2879 16 210
2880 28 215
2881 17 201
2882 15 214
2883 26 209
2884 19 202
2885 17 199
2886 238 8
2887 248 8
2888 254 3
2889 253 0
2890 245 10
2891 252 2
2892 245 3
2893 238 0
2894 238 0
2895 245 4
2896 243 10
2897 252 7
2898 248 3
2899 247 5
2900 250 2
2901 251 10
2902 237 0
2903 240 8
2904 242 7
2905 248 0
2906 241 10
2907 237 10
2908 251 10
2909 239 8
2910 251 0
2911 237 0
2912 240 1
2913 239 10
2914 237 10
2915 244 2
