278 306 10 2897
0 11
1 11
2 8
3 11
4 7
5 8
6 8
7 9
8 8
9 8
10 8
11 7
12 4
13 4
14 3
15 3
16 4
17 7
18 6
19 3
20 3
21 4
22 3
23 3
24 3
25 3
26 3
27 3
28 3
29 3
30 3
31 3
32 3
33 4
34 3
35 3
36 4
37 3
38 3
39 3
40 4
41 3
42 3
43 5
44 3
45 4
46 4
47 4
48 3
49 3
50 4
51 3
52 3
53 4
54 4
55 3
56 3
57 3
58 3
59 3
60 3
61 3
62 3
63 3
64 3
65 3
66 4
67 3
68 3
69 3
70 4
71 3
72 3
73 3
74 3
75 3
76 3
77 7
78 4
79 3
80 6
81 3
82 3
83 3
84 4
85 3
86 3
87 3
88 3
89 3
90 3
91 3
92 3
93 3
94 3
95 3
96 3
97 4
98 3
99 3
100 3
101 3
102 3
103 4
104 3
105 4
106 4
107 3
108 3
109 3
110 3
111 4
112 3
113 3
114 4
115 3
116 5
117 3
118 3
119 3
120 3
121 3
122 3
123 3
124 3
125 3
126 3
127 4
128 3
129 3
130 4
131 3
132 5
133 4
134 5
135 3
136 3
137 4
138 4
139 3
140 3
141 3
142 3
143 4
144 3
145 3
146 3
147 3
148 5
149 3
150 5
151 3
152 3
153 3
154 3
155 3
156 6
157 3
158 3
159 4
160 3
161 3
162 3
163 3
164 4
165 3
166 5
167 3
168 3
169 4
170 3
171 3
172 3
173 3
174 3
175 3
176 3
177 3
178 5
179 3
180 3
181 4
182 4
183 3
184 5
185 3
186 3
187 4
188 3
189 3
190 3
191 3
192 4
193 3
194 4
195 3
196 3
197 3
198 4
199 5
200 3
201 3
202 5
203 3
204 3
205 3
206 4
207 3
208 4
209 4
210 5
211 3
212 3
213 3
214 3
215 3
216 4
217 3
218 4
219 4
220 3
221 4
222 3
223 3
224 3
225 4
226 3
227 3
228 3
229 3
230 3
231 3
232 4
233 4
234 3
235 5
236 3
237 3
238 4
239 4
240 3
241 3
242 3
243 4
244 3
245 3
246 3
247 3
248 3
249 3
250 3
251 3
252 4
253 3
254 3
255 3
256 4
257 3
258 5
259 5
260 3
261 3
262 3
263 6
264 4
265 3
266 3
267 4
268 3
269 4
270 4
271 3
272 3
273 3
274 4
275 3
276 3
277 3
0 0 2
1 0 3
2 0 4
3 0 5
4 0 6
5 0 7
6 0 8
7 0 11
8 0 32
9 1 3
10 1 4
11 1 5
12 1 6
13 1 7
14 1 8
15 1 9
16 1 10
17 1 11
18 1 150
19 2 3
20 2 11
21 2 12
22 2 188
23 2 208
24 2 241
25 3 4
26 3 5
27 3 7
28 3 8
29 3 9
30 3 10
31 3 11
32 4 5
33 4 7
34 4 11
35 4 101
36 5 7
37 5 9
38 5 10
39 5 66
40 6 8
41 6 9
42 6 10
43 6 11
44 6 168
45 6 223
46 7 8
47 7 9
48 7 11
49 7 47
50 8 132
51 9 10
52 9 85
53 9 258
54 10 116
55 12 26
56 13 19
57 13 26
58 13 15
59 14 15
60 14 16
61 16 28
62 17 20
63 17 21
64 17 29
65 17 25
66 17 31
67 18 23
68 18 28
69 18 24
70 18 25
71 21 22
72 22 27
73 24 30
74 32 43
75 32 45
76 33 38
77 33 45
78 33 40
79 34 45
80 35 43
81 36 37
82 36 39
83 39 43
84 40 41
85 41 44
86 42 46
87 44 46
88 47 62
89 47 53
90 48 51
91 49 63
92 49 50
93 50 51
94 50 64
95 52 56
96 52 54
97 53 61
98 54 58
99 54 61
100 55 60
101 57 64
102 57 58
103 59 62
104 60 62
105 61 65
106 66 77
107 67 71
108 68 70
109 68 72
110 69 80
111 70 76
112 71 77
113 72 81
114 73 77
115 74 80
116 75 80
117 76 83
118 77 81
119 77 84
120 78 80
121 78 84
122 79 82
123 82 83
124 85 89
125 85 95
126 86 93
127 87 96
128 87 97
129 88 99
130 88 100
131 90 97
132 90 92
133 91 94
134 91 93
135 92 93
136 92 100
137 95 100
138 98 99
139 101 113
140 102 114
141 103 111
142 103 110
143 104 113
144 104 111
145 105 106
146 105 114
147 105 115
148 106 108
149 106 110
150 107 110
151 109 114
152 112 114
153 116 119
154 116 120
155 116 121
156 117 129
157 117 131
158 118 127
159 119 127
160 120 122
161 121 131
162 122 125
163 123 125
164 124 130
165 124 125
166 126 130
167 128 131
168 132 139
169 132 144
170 133 140
171 133 135
172 134 138
173 134 145
174 134 140
175 135 142
176 136 148
177 137 141
178 137 138
179 140 147
180 142 143
181 143 148
182 144 149
183 146 148
184 148 149
185 150 160
186 150 163
187 151 158
188 152 166
189 153 156
190 154 162
191 155 156
192 156 162
193 156 164
194 156 166
195 156 165
196 157 161
197 158 159
198 158 167
199 159 165
200 161 164
201 163 166
202 168 182
203 169 186
204 169 182
205 170 184
206 171 179
207 171 186
208 172 181
209 173 184
210 174 181
211 175 182
212 176 187
213 177 187
214 178 183
215 178 184
216 178 186
217 179 180
218 181 182
219 181 187
220 184 185
221 188 202
222 189 198
223 190 200
224 191 193
225 192 193
226 192 206
227 194 206
228 194 198
229 195 199
230 195 202
231 196 206
232 197 207
233 198 199
234 199 200
235 201 203
236 201 207
237 202 205
238 203 204
239 204 205
240 208 212
241 208 217
242 208 213
243 209 214
244 209 222
245 210 211
246 210 215
247 210 218
248 210 216
249 213 222
250 216 219
251 217 219
252 218 221
253 220 221
254 223 235
255 224 229
256 224 232
257 225 228
258 225 235
259 225 237
260 226 234
261 226 237
262 226 240
263 227 230
264 230 234
265 231 239
266 232 235
267 233 239
268 233 238
269 236 239
270 238 240
271 241 246
272 242 253
273 242 256
274 243 246
275 243 256
276 244 247
277 244 246
278 245 249
279 245 255
280 245 257
281 247 254
282 248 253
283 250 256
284 250 257
285 251 252
286 252 253
287 258 264
288 258 270
289 259 262
290 259 270
291 259 269
292 260 266
293 261 274
294 263 273
295 263 274
296 263 276
297 263 277
298 264 268
299 264 267
300 265 276
301 266 272
302 267 275
303 269 274
304 271 272
305 272 277
0 217 221
1 209 211
2 208 220
3 219 212
4 220 215
5 222 210
6 217 221
7 212 211
8 218 217
9 209 212
10 222 218
11 208 216
12 219 218
13 212 214
14 209 218
15 210 209
16 222 220
17 222 210
18 208 210
19 211 213
20 209 218
21 187 146
22 172 135
23 186 145
24 181 145
25 186 135
26 186 141
27 171 145
28 183 144
29 177 134
30 179 135
31 175 136
32 180 146
33 169 149
34 179 146
35 174 143
36 184 148
37 185 147
38 182 142
39 180 139
40 177 140
41 177 138
42 181 137
43 181 140
44 174 133
45 173 144
46 170 134
47 179 138
48 168 139
49 170 137
50 179 143
51 44 239
52 45 234
53 41 234
54 40 239
55 39 230
56 35 229
57 42 226
58 45 223
59 34 237
60 43 227
61 44 228
62 44 228
63 43 229
64 39 238
65 41 227
66 39 224
67 39 232
68 39 227
69 37 230
70 35 229
71 32 240
72 45 236
73 46 227
74 46 234
75 37 232
76 38 232
77 35 226
78 33 235
79 35 233
80 33 235
81 0 154
82 10 166
83 6 155
84 0 161
85 8 156
86 3 159
87 1 155
88 3 162
89 11 167
90 0 155
91 8 166
92 7 158
93 4 160
94 11 165
95 0 153
96 6 160
97 2 150
98 1 156
99 5 166
100 7 165
101 2 163
102 7 157
103 9 166
104 9 156
105 11 164
106 5 151
107 10 156
108 78 237
109 77 238
110 73 240
111 70 226
112 78 226
113 79 226
114 82 240
115 84 236
116 67 232
117 69 232
118 84 235
119 67 233
120 75 228
121 69 234
122 69 233
123 77 235
124 70 229
125 70 234
126 71 231
127 70 227
128 76 229
129 76 228
130 71 223
131 71 236
132 82 230
133 66 237
134 68 234
135 80 232
136 78 229
137 67 228
138 63 52
139 52 51
140 55 51
141 63 47
142 55 54
143 65 58
144 56 61
145 62 49
146 48 47
147 60 63
148 47 57
149 53 50
150 64 54
151 53 63
152 50 53
153 61 64
154 61 62
155 65 59
156 64 65
157 59 55
158 51 53
159 63 59
160 51 53
161 58 51
162 56 61
163 254 171
164 250 180
165 249 174
166 255 175
167 249 180
168 243 175
169 246 179
170 246 187
171 243 183
172 257 185
173 245 182
174 244 177
175 242 168
176 246 179
177 250 181
178 253 180
179 251 180
180 250 182
181 255 174
182 252 169
183 256 173
184 251 172
185 248 176
186 243 179
187 250 174
188 252 169
189 252 170
190 253 178
191 251 179
192 241 174
193 86 37
194 86 33
195 90 43
196 99 39
197 88 43
198 100 43
199 98 39
200 99 42
201 94 44
202 90 35
203 96 34
204 86 33
205 99 36
206 96 43
207 93 39
208 99 44
209 99 39
210 88 39
211 92 32
212 93 37
213 90 40
214 97 42
215 85 40
216 89 32
217 91 33
218 97 37
219 92 38
220 98 45
221 89 36
222 93 37
223 248 269
224 252 272
225 247 272
226 249 263
227 246 260
228 244 260
229 245 262
230 242 265
231 251 275
232 253 271
233 248 265
234 256 258
235 243 268
236 245 259
237 257 274
238 253 269
239 257 268
240 246 275
241 241 267
242 253 258
243 246 265
244 245 270
245 241 268
246 241 268
247 256 270
248 256 276
249 246 270
250 257 258
251 247 271
252 255 263
253 161 113
254 157 114
255 166 113
256 159 112
257 155 115
258 167 102
259 156 111
260 150 114
261 150 110
262 155 114
263 158 107
264 160 104
265 151 113
266 158 107
267 154 106
268 154 111
269 150 101
270 165 106
271 167 110
272 162 102
273 156 111
274 159 104
275 156 107
276 152 106
277 159 101
278 166 110
279 163 114
280 152 103
281 166 107
282 163 104
283 4 18
284 10 21
285 4 19
286 5 19
287 7 19
288 6 12
289 6 23
290 9 26
291 11 23
292 1 13
293 4 14
294 1 28
295 5 20
296 8 21
297 0 15
298 5 23
299 3 18
300 5 19
301 3 19
302 0 25
303 9 16
304 9 12
305 3 13
306 0 16
307 2 13
308 11 22
309 10 23
310 2 28
311 10 16
312 10 16
313 77 17
314 71 17
315 66 15
316 82 28
317 78 29
318 81 15
319 78 22
320 68 24
321 73 26
322 82 18
323 75 21
324 81 31
325 70 28
326 83 16
327 74 13
328 78 18
329 82 31
330 71 22
331 73 18
332 76 12
333 77 14
334 70 15
335 79 24
336 75 13
337 70 30
338 70 23
339 71 29
340 72 28
341 79 22
342 67 17
343 176 61
344 169 55
345 177 50
346 187 59
347 184 58
348 183 54
349 173 50
350 178 52
351 181 54
352 182 49
353 176 53
354 176 51
355 178 55
356 185 63
357 176 65
358 174 59
359 168 62
360 182 57
361 178 50
362 168 50
363 176 53
364 183 47
365 180 55
366 179 61
367 174 49
368 169 53
369 182 57
370 177 49
371 184 63
372 179 56
373 50 139
374 58 132
375 54 137
376 47 134
377 57 133
378 58 136
379 51 139
380 50 138
381 64 145
382 58 146
383 53 143
384 49 133
385 51 149
386 65 149
387 55 140
388 53 143
389 51 140
390 52 132
391 52 144
392 54 132
393 47 138
394 60 146
395 61 140
396 57 138
397 65 140
398 64 141
399 60 142
400 52 148
401 52 148
402 62 135
403 79 7
404 74 8
405 79 1
406 72 0
407 74 6
408 84 6
409 72 11
410 74 0
411 74 11
412 75 10
413 68 11
414 79 6
415 74 6
416 73 4
417 77 2
418 73 10
419 70 2
420 68 5
421 84 9
422 82 8
423 75 11
424 68 9
425 76 2
426 69 1
427 76 7
428 69 2
429 71 5
430 81 9
431 82 5
432 93 68
433 88 82
434 99 68
435 85 75
436 97 76
437 98 67
438 90 81
439 99 69
440 100 68
441 96 80
442 88 71
443 86 67
444 87 82
445 93 84
446 97 77
447 96 84
448 99 79
449 89 73
450 86 73
451 96 81
452 100 78
453 85 77
454 86 71
455 94 73
456 89 75
457 96 83
458 92 80
459 93 67
460 88 84
461 86 76
462 225 233
463 224 230
464 237 232
465 225 233
466 236 230
467 228 239
468 227 223
469 229 226
470 228 224
471 224 240
472 223 238
473 226 231
474 235 230
475 223 234
476 223 226
477 233 232
478 230 240
479 224 227
480 233 234
481 237 238
482 226 228
483 237 236
484 229 228
485 223 238
486 239 226
487 236 240
488 224 199
489 228 190
490 223 201
491 232 188
492 237 201
493 230 195
494 228 201
495 227 207
496 230 202
497 224 195
498 227 192
499 228 193
500 239 205
501 240 188
502 229 205
503 226 196
504 239 207
505 239 207
506 225 196
507 226 193
508 230 190
509 230 199
510 231 195
511 226 202
512 238 199
513 233 196
514 239 199
515 238 201
516 240 192
517 232 194
518 232 88
519 237 91
520 233 92
521 229 94
522 229 91
523 236 92
524 228 94
525 238 95
526 228 92
527 240 91
528 236 92
529 225 95
530 231 93
531 232 95
532 239 100
533 229 100
534 238 95
535 228 100
536 233 93
537 223 89
538 234 99
539 229 95
540 234 93
541 223 88
542 240 89
543 225 90
544 239 95
545 229 96
546 233 89
547 235 98
548 198 108
549 207 115
550 196 112
551 201 107
552 192 101
553 205 115
554 199 111
555 200 106
556 192 101
557 200 115
558 199 101
559 194 104
560 206 102
561 193 111
562 207 106
563 197 103
564 195 111
565 206 102
566 205 115
567 198 105
568 190 106
569 207 115
570 191 108
571 202 114
572 188 104
573 189 114
574 191 104
575 203 112
576 207 102
577 203 108
578 95 57
579 86 62
580 99 64
581 89 51
582 93 60
583 87 52
584 86 56
585 93 58
586 93 58
587 90 55
588 91 47
589 89 53
590 90 52
591 93 50
592 85 63
593 100 62
594 100 52
595 98 60
596 94 47
597 99 60
598 86 50
599 99 48
600 96 65
601 95 49
602 96 54
603 85 54
604 89 47
605 88 65
606 97 63
607 86 57
608 104 226
609 105 228
610 103 236
611 111 227
612 104 232
613 112 234
614 105 223
615 115 231
616 107 226
617 103 225
618 108 236
619 106 223
620 103 234
621 115 233
622 114 223
623 114 228
624 109 232
625 115 227
626 104 230
627 115 235
628 103 226
629 105 229
630 106 239
631 114 228
632 112 240
633 106 223
634 102 231
635 101 233
636 114 228
637 114 229
638 81 156
639 77 156
640 73 160
641 82 152
642 68 153
643 80 155
644 81 160
645 80 159
646 74 156
647 74 158
648 73 164
649 72 159
650 81 158
651 75 150
652 84 152
653 72 162
654 76 157
655 84 166
656 72 158
657 78 167
658 71 164
659 75 150
660 78 161
661 68 162
662 69 153
663 84 160
664 78 158
665 78 158
666 76 164
667 84 156
668 127 96
669 120 89
670 116 98
671 130 85
672 126 95
673 127 88
674 131 96
675 129 94
676 131 99
677 119 100
678 126 86
679 121 100
680 122 98
681 129 85
682 129 92
683 118 96
684 125 89
685 117 97
686 127 89
687 123 85
688 129 92
689 123 98
690 127 100
691 128 87
692 118 99
693 123 88
694 121 94
695 124 100
696 116 87
697 128 96
698 263 242
699 264 253
700 277 242
701 272 254
702 261 242
703 264 244
704 276 241
705 266 243
706 265 251
707 259 255
708 273 245
709 271 242
710 273 250
711 269 251
712 263 248
713 274 252
714 264 251
715 270 243
716 267 253
717 272 245
718 274 247
719 260 244
720 271 243
721 272 256
722 268 249
723 265 257
724 273 243
725 271 256
726 270 249
727 276 254
728 218 69
729 218 82
730 222 70
731 209 68
732 217 69
733 215 67
734 210 82
735 210 81
736 221 77
737 213 83
738 213 71
739 219 71
740 208 82
741 212 68
742 214 79
743 208 71
744 221 77
745 212 68
746 216 73
747 218 79
748 222 69
749 212 67
750 222 82
751 211 77
752 216 84
753 222 80
754 208 78
755 215 83
756 214 81
757 216 70
758 246 17
759 242 15
760 252 23
761 248 19
762 253 18
763 255 30
764 243 20
765 242 25
766 250 13
767 250 26
768 244 18
769 248 31
770 242 30
771 255 29
772 249 19
773 252 27
774 257 18
775 244 22
776 244 28
777 247 15
778 245 16
779 244 24
780 246 17
781 248 27
782 245 18
783 243 18
784 253 17
785 255 12
786 243 20
787 107 4
788 112 8
789 104 3
790 114 10
791 115 9
792 114 10
793 108 7
794 104 2
795 111 9
796 111 10
797 105 9
798 110 8
799 102 8
800 114 7
801 114 3
802 101 6
803 110 2
804 107 2
805 114 1
806 105 9
807 112 6
808 104 1
809 107 0
810 115 1
811 106 2
812 103 5
813 106 1
814 109 9
815 206 226
816 204 237
817 195 233
818 200 224
819 198 229
820 195 224
821 196 227
822 191 224
823 203 237
824 206 232
825 196 225
826 204 232
827 195 234
828 195 230
829 193 228
830 204 235
831 199 236
832 200 240
833 198 236
834 207 236
835 195 231
836 192 233
837 192 237
838 202 226
839 200 229
840 191 223
841 193 230
842 191 234
843 195 225
844 202 229
845 56 37
846 63 39
847 58 35
848 47 46
849 63 36
850 63 36
851 63 38
852 64 41
853 50 33
854 58 38
855 50 45
856 65 40
857 60 33
858 62 37
859 53 45
860 55 42
861 58 45
862 49 40
863 63 43
864 61 33
865 62 46
866 58 43
867 56 38
868 59 42
869 60 35
870 47 35
871 51 36
872 58 38
873 54 43
874 58 34
875 143 138
876 133 141
877 135 137
878 137 139
879 145 146
880 149 133
881 142 146
882 146 135
883 147 143
884 145 142
885 142 149
886 145 136
887 144 143
888 144 147
889 145 146
890 138 144
891 137 147
892 135 148
893 144 135
894 144 137
895 149 133
896 143 145
897 147 142
898 251 213
899 248 216
900 249 215
901 253 215
902 253 222
903 242 208
904 242 216
905 245 220
906 254 219
907 252 212
908 243 208
909 246 213
910 243 221
911 252 209
912 243 219
913 241 219
914 253 219
915 243 216
916 244 219
917 242 212
918 254 213
919 243 210
920 243 218
921 247 216
922 253 216
923 250 213
924 241 217
925 249 216
926 253 214
927 250 215
928 226 265
929 239 273
930 224 275
931 238 261
932 224 271
933 240 264
934 225 266
935 232 276
936 233 274
937 226 272
938 226 277
939 230 277
940 227 276
941 226 261
942 238 273
943 227 258
944 234 266
945 226 264
946 232 271
947 231 264
948 223 262
949 231 259
950 224 259
951 229 268
952 223 265
953 227 264
954 234 270
955 228 262
956 234 276
957 227 261
958 116 231
959 119 231
960 125 226
961 118 226
962 117 224
963 123 225
964 126 224
965 128 234
966 118 235
967 130 239
968 119 224
969 128 226
970 124 231
971 127 224
972 116 226
973 125 237
974 130 231
975 124 230
976 116 237
977 116 226
978 124 226
979 126 233
980 116 235
981 117 230
982 125 230
983 126 232
984 125 228
985 127 227
986 126 233
987 120 235
988 186 210
989 179 210
990 175 216
991 182 213
992 178 216
993 180 212
994 182 211
995 176 216
996 179 222
997 184 214
998 172 217
999 181 216
1000 184 212
1001 180 217
1002 185 216
1003 185 209
1004 177 219
1005 185 219
1006 182 212
1007 173 213
1008 187 212
1009 181 214
1010 171 216
1011 183 217
1012 172 210
1013 171 222
1014 170 219
1015 169 209
1016 172 211
1017 172 220
1018 260 140
1019 266 141
1020 276 139
1021 264 145
1022 274 142
1023 277 145
1024 263 133
1025 275 141
1026 261 143
1027 271 147
1028 261 148
1029 269 136
1030 258 141
1031 270 139
1032 269 133
1033 269 142
1034 261 146
1035 259 135
1036 277 134
1037 267 134
1038 262 139
1039 269 147
1040 265 148
1041 259 148
1042 268 132
1043 276 136
1044 269 138
1045 269 132
1046 262 134
1047 258 132
1048 113 166
1049 110 160
1050 115 160
1051 115 159
1052 109 167
1053 110 154
1054 111 161
1055 115 152
1056 108 155
1057 102 165
1058 102 155
1059 105 167
1060 114 167
1061 109 162
1062 111 163
1063 107 161
1064 103 152
1065 108 153
1066 107 161
1067 109 157
1068 103 154
1069 111 159
1070 103 152
1071 104 150
1072 104 151
1073 114 155
1074 114 164
1075 113 166
1076 109 154
1077 112 162
1078 263 154
1079 272 164
1080 266 161
1081 272 162
1082 259 155
1083 266 152
1084 260 154
1085 260 159
1086 260 159
1087 274 163
1088 265 158
1089 261 164
1090 259 156
1091 273 151
1092 275 158
1093 266 152
1094 275 162
1095 273 151
1096 258 150
1097 258 156
1098 272 151
1099 263 153
1100 276 160
1101 263 158
1102 264 158
1103 265 154
1104 264 162
1105 258 153
1106 271 153
1107 260 150
1108 199 70
1109 202 84
1110 204 67
1111 192 75
1112 203 82
1113 197 82
1114 200 74
1115 200 68
1116 206 73
1117 206 84
1118 195 81
1119 199 70
1120 190 82
1121 193 71
1122 193 78
1123 199 71
1124 199 76
1125 207 70
1126 207 70
1127 192 72
1128 197 71
1129 193 76
1130 189 84
1131 192 75
1132 193 67
1133 201 73
1134 202 72
1135 200 81
1136 196 81
1137 206 75
1138 229 7
1139 224 1
1140 230 9
1141 239 8
1142 231 2
1143 229 1
1144 227 10
1145 232 3
1146 230 4
1147 224 0
1148 236 6
1149 232 9
1150 237 11
1151 227 3
1152 231 5
1153 224 1
1154 235 3
1155 239 5
1156 234 0
1157 239 11
1158 229 0
1159 224 5
1160 238 6
1161 228 3
1162 229 4
1163 239 3
1164 235 2
1165 157 6
1166 158 0
1167 154 2
1168 158 0
1169 158 0
1170 159 6
1171 167 6
1172 161 8
1173 158 9
1174 160 3
1175 152 2
1176 159 4
1177 160 6
1178 154 4
1179 164 3
1180 152 6
1181 154 4
1182 151 11
1183 159 7
1184 155 9
1185 153 9
1186 167 4
1187 162 5
1188 163 7
1189 160 10
1190 154 7
1191 163 7
1192 164 11
1193 153 6
1194 152 5
1195 113 193
1196 104 193
1197 114 207
1198 114 203
1199 110 203
1200 104 188
1201 104 204
1202 101 207
1203 115 194
1204 105 190
1205 112 201
1206 115 191
1207 101 203
1208 104 195
1209 105 191
1210 108 200
1211 115 202
1212 112 203
1213 108 199
1214 106 204
1215 105 191
1216 102 206
1217 101 198
1218 106 201
1219 114 202
1220 108 189
1221 109 194
1222 104 207
1223 107 201
1224 114 205
1225 13 223
1226 28 239
1227 21 227
1228 18 236
1229 31 236
1230 12 226
1231 19 226
1232 19 240
1233 15 226
1234 17 237
1235 29 231
1236 27 231
1237 23 230
1238 24 233
1239 27 225
1240 17 235
1241 12 239
1242 24 240
1243 16 238
1244 31 239
1245 26 238
1246 14 228
1247 30 231
1248 22 239
1249 12 240
1250 14 234
1251 20 228
1252 17 231
1253 16 236
1254 26 236
1255 176 163
1256 173 161
1257 172 157
1258 185 152
1259 185 158
1260 175 166
1261 187 152
1262 170 153
1263 168 156
1264 176 167
1265 182 150
1266 170 153
1267 184 150
1268 176 159
1269 176 158
1270 168 151
1271 172 160
1272 169 151
1273 180 164
1274 184 160
1275 168 159
1276 169 159
1277 176 167
1278 175 166
1279 169 164
1280 177 155
1281 184 164
1282 169 159
1283 174 153
1284 180 165
1285 103 168
1286 112 187
1287 111 179
1288 111 181
1289 105 176
1290 113 169
1291 113 187
1292 112 176
1293 114 177
1294 112 180
1295 105 185
1296 115 186
1297 112 168
1298 108 175
1299 102 174
1300 111 184
1301 109 179
1302 107 171
1303 110 185
1304 114 181
1305 110 174
1306 112 181
1307 105 183
1308 101 170
1309 107 168
1310 105 184
1311 109 174
1312 108 169
1313 102 173
1314 105 175
1315 112 134
1316 109 134
1317 103 139
1318 111 144
1319 108 141
1320 108 143
1321 108 144
1322 108 143
1323 111 149
1324 106 140
1325 104 143
1326 108 142
1327 109 133
1328 101 149
1329 111 147
1330 110 147
1331 105 147
1332 105 132
1333 115 141
1334 114 136
1335 110 138
1336 111 146
1337 115 134
1338 101 132
1339 108 132
1340 109 139
1341 112 145
1342 107 143
1343 103 133
1344 104 137
1345 155 118
1346 166 121
1347 153 126
1348 163 118
1349 151 122
1350 152 121
1351 165 119
1352 158 125
1353 162 124
1354 159 125
1355 157 130
1356 162 124
1357 157 121
1358 166 117
1359 157 118
1360 165 129
1361 156 120
1362 152 119
1363 155 123
1364 161 126
1365 157 131
1366 157 116
1367 152 117
1368 164 131
1369 158 127
1370 153 120
1371 152 130
1372 152 126
1373 163 121
1374 153 123
1375 8 126
1376 9 123
1377 10 129
1378 6 122
1379 2 118
1380 6 123
1381 2 123
1382 2 127
1383 6 127
1384 11 123
1385 8 121
1386 9 118
1387 9 117
1388 4 118
1389 5 120
1390 0 116
1391 0 131
1392 10 126
1393 6 121
1394 2 117
1395 11 117
1396 7 128
1397 9 125
1398 8 119
1399 8 121
1400 9 131
1401 10 128
1402 168 116
1403 180 131
1404 170 123
1405 181 122
1406 183 119
1407 175 116
1408 187 126
1409 183 116
1410 185 131
1411 176 131
1412 175 130
1413 186 122
1414 173 122
1415 181 116
1416 179 125
1417 181 127
1418 175 118
1419 170 119
1420 179 131
1421 182 125
1422 171 129
1423 183 123
1424 176 116
1425 174 122
1426 171 117
1427 173 128
1428 174 122
1429 182 116
1430 172 128
1431 186 118
1432 14 220
1433 25 208
1434 13 218
1435 26 219
1436 30 214
1437 17 212
1438 31 209
1439 30 210
1440 26 217
1441 13 215
1442 30 208
1443 12 220
1444 12 211
1445 21 216
1446 31 213
1447 24 216
1448 28 211
1449 12 221
1450 25 212
1451 26 215
1452 24 218
1453 23 216
1454 28 212
1455 16 220
1456 15 213
1457 21 214
1458 27 213
1459 28 214
1460 21 220
1461 18 215
1462 212 227
1463 212 227
1464 221 235
1465 218 224
1466 208 233
1467 211 224
1468 217 231
1469 212 223
1470 210 240
1471 212 225
1472 217 227
1473 216 228
1474 220 239
1475 210 236
1476 219 232
1477 213 239
1478 213 228
1479 217 231
1480 218 236
1481 220 234
1482 217 238
1483 211 227
1484 221 234
1485 222 226
1486 209 231
1487 212 223
1488 215 238
1489 215 236
1490 212 227
1491 221 233
1492 142 62
1493 145 50
1494 133 48
1495 148 57
1496 139 48
1497 145 59
1498 137 65
1499 147 52
1500 134 51
1501 139 54
1502 142 62
1503 143 59
1504 146 58
1505 148 50
1506 140 48
1507 146 48
1508 142 57
1509 148 56
1510 142 55
1511 142 55
1512 138 65
1513 133 47
1514 148 64
1515 134 47
1516 142 51
1517 145 56
1518 132 61
1519 134 58
1520 144 51
1521 139 55
1522 238 171
1523 224 179
1524 228 168
1525 231 183
1526 236 187
1527 231 172
1528 239 169
1529 232 169
1530 231 169
1531 224 174
1532 227 176
1533 225 171
1534 238 181
1535 233 175
1536 236 181
1537 240 184
1538 235 182
1539 231 170
1540 233 181
1541 236 187
1542 226 186
1543 232 171
1544 240 185
1545 228 185
1546 227 170
1547 230 181
1548 233 175
1549 229 183
1550 228 179
1551 257 264
1552 257 265
1553 246 262
1554 251 271
1555 245 260
1556 241 274
1557 257 261
1558 247 259
1559 252 276
1560 249 277
1561 249 268
1562 249 272
1563 250 267
1564 253 275
1565 244 273
1566 248 269
1567 247 273
1568 248 271
1569 256 258
1570 246 277
1571 241 274
1572 253 261
1573 256 259
1574 245 272
1575 244 275
1576 249 272
1577 242 274
1578 254 270
1579 244 268
1580 246 263
1581 107 105
1582 109 106
1583 114 110
1584 111 109
1585 111 115
1586 107 113
1587 101 108
1588 111 106
1589 106 104
1590 114 110
1591 112 108
1592 108 102
1593 115 104
1594 101 110
1595 102 110
1596 114 111
1597 107 109
1598 104 112
1599 103 55
1600 110 58
1601 111 59
1602 102 58
1603 115 52
1604 111 48
1605 113 51
1606 102 57
1607 107 51
1608 106 63
1609 105 61
1610 103 63
1611 107 55
1612 106 54
1613 102 63
1614 110 50
1615 105 62
1616 108 49
1617 101 57
1618 103 56
1619 105 50
1620 114 56
1621 108 57
1622 102 60
1623 105 60
1624 114 55
1625 109 54
1626 107 63
1627 110 52
1628 112 60
1629 104 88
1630 110 99
1631 113 91
1632 105 95
1633 107 91
1634 101 93
1635 109 95
1636 109 92
1637 107 88
1638 108 87
1639 105 88
1640 101 99
1641 101 90
1642 114 85
1643 101 100
1644 110 97
1645 109 93
1646 114 99
1647 102 97
1648 108 99
1649 115 85
1650 109 86
1651 107 97
1652 105 86
1653 113 90
1654 105 87
1655 104 90
1656 102 93
1657 110 89
1658 109 98
1659 157 227
1660 159 234
1661 151 226
1662 151 237
1663 161 237
1664 159 224
1665 156 237
1666 167 235
1667 163 233
1668 156 234
1669 167 237
1670 167 233
1671 161 239
1672 163 238
1673 155 226
1674 165 232
1675 159 235
1676 155 224
1677 150 237
1678 156 235
1679 157 234
1680 160 233
1681 158 237
1682 159 239
1683 165 239
1684 150 232
1685 163 235
1686 167 236
1687 157 237
1688 150 238
1689 102 244
1690 105 251
1691 111 241
1692 104 257
1693 114 255
1694 102 243
1695 115 248
1696 108 253
1697 115 257
1698 101 248
1699 112 248
1700 108 253
1701 115 254
1702 106 246
1703 101 250
1704 102 255
1705 114 256
1706 115 241
1707 114 252
1708 109 252
1709 115 257
1710 106 247
1711 112 257
1712 106 243
1713 108 250
1714 104 253
1715 101 242
1716 108 251
1717 111 247
1718 105 248
1719 253 257
1720 241 249
1721 257 248
1722 247 245
1723 252 254
1724 250 241
1725 245 244
1726 244 257
1727 255 244
1728 247 252
1729 246 252
1730 255 242
1731 245 247
1732 252 241
1733 242 247
1734 251 254
1735 249 254
1736 243 249
1737 252 241
1738 245 253
1739 127 248
1740 120 241
1741 122 249
1742 121 255
1743 131 244
1744 122 250
1745 119 246
1746 123 252
1747 122 252
1748 124 253
1749 126 253
1750 127 250
1751 124 243
1752 125 242
1753 123 246
1754 125 247
1755 129 257
1756 122 252
1757 128 249
1758 116 253
1759 119 256
1760 120 243
1761 118 253
1762 120 256
1763 117 252
1764 120 256
1765 125 243
1766 117 253
1767 125 253
1768 117 250
1769 20 151
1770 21 156
1771 19 151
1772 14 155
1773 22 153
1774 28 167
1775 25 157
1776 31 159
1777 26 158
1778 26 158
1779 18 156
1780 17 153
1781 14 151
1782 22 166
1783 21 159
1784 28 162
1785 15 151
1786 30 157
1787 23 160
1788 18 159
1789 13 151
1790 24 160
1791 24 153
1792 31 157
1793 30 160
1794 15 151
1795 28 152
1796 14 160
1797 24 162
1798 31 151
1799 15 235
1800 28 232
1801 18 238
1802 17 240
1803 16 225
1804 19 226
1805 26 227
1806 16 230
1807 16 238
1808 20 226
1809 27 227
1810 27 231
1811 21 226
1812 18 227
1813 29 238
1814 23 229
1815 12 230
1816 22 235
1817 31 237
1818 24 233
1819 27 238
1820 22 240
1821 26 223
1822 31 223
1823 19 227
1824 30 232
1825 30 223
1826 31 226
1827 14 231
1828 30 234
1829 235 266
1830 230 265
1831 224 275
1832 227 272
1833 225 270
1834 238 270
1835 235 272
1836 223 269
1837 238 260
1838 226 265
1839 237 275
1840 237 265
1841 227 269
1842 229 268
1843 226 263
1844 236 260
1845 223 271
1846 240 259
1847 228 265
1848 232 267
1849 228 259
1850 225 258
1851 229 269
1852 231 269
1853 229 265
1854 224 258
1855 237 270
1856 232 273
1857 227 273
1858 237 262
1859 93 270
1860 96 265
1861 97 274
1862 100 275
1863 97 264
1864 95 276
1865 86 269
1866 97 274
1867 99 260
1868 91 268
1869 98 273
1870 86 269
1871 87 267
1872 100 269
1873 89 268
1874 94 262
1875 90 265
1876 95 261
1877 93 272
1878 85 275
1879 86 258
1880 90 270
1881 92 259
1882 89 271
1883 99 267
1884 95 275
1885 96 259
1886 88 274
1887 91 260
1888 96 261
1889 44 261
1890 35 275
1891 35 273
1892 35 273
1893 32 274
1894 46 277
1895 39 268
1896 41 261
1897 33 274
1898 45 277
1899 36 272
1900 34 259
1901 41 273
1902 39 266
1903 33 261
1904 33 269
1905 34 259
1906 32 260
1907 41 260
1908 42 258
1909 34 275
1910 42 272
1911 43 271
1912 40 273
1913 43 271
1914 34 268
1915 42 259
1916 33 277
1917 36 262
1918 39 258
1919 134 231
1920 133 229
1921 133 230
1922 149 223
1923 143 238
1924 140 224
1925 143 238
1926 144 234
1927 138 232
1928 144 223
1929 133 234
1930 142 234
1931 144 231
1932 136 228
1933 148 235
1934 132 226
1935 143 240
1936 142 225
1937 143 237
1938 147 223
1939 142 237
1940 135 226
1941 141 235
1942 140 229
1943 139 230
1944 135 234
1945 138 239
1946 142 235
1947 135 234
1948 133 233
1949 104 57
1950 112 61
1951 107 47
1952 103 60
1953 113 51
1954 101 62
1955 113 51
1956 112 63
1957 110 62
1958 113 62
1959 109 62
1960 115 55
1961 114 49
1962 104 49
1963 101 59
1964 107 47
1965 114 53
1966 107 61
1967 115 65
1968 107 57
1969 110 62
1970 105 51
1971 104 61
1972 113 50
1973 112 47
1974 102 48
1975 108 56
1976 105 47
1977 107 59
1978 101 57
1979 120 173
1980 125 181
1981 120 170
1982 120 174
1983 130 181
1984 126 177
1985 131 184
1986 131 183
1987 125 181
1988 118 175
1989 117 184
1990 119 183
1991 126 182
1992 121 180
1993 127 186
1994 124 182
1995 118 182
1996 131 168
1997 117 173
1998 123 174
1999 130 174
2000 126 170
2001 122 176
2002 128 176
2003 120 179
2004 130 181
2005 126 168
2006 118 176
2007 118 172
2008 125 174
2009 9 274
2010 5 259
2011 6 270
2012 8 267
2013 6 273
2014 5 276
2015 8 269
2016 1 272
2017 0 267
2018 1 265
2019 8 276
2020 1 263
2021 9 260
2022 0 277
2023 3 269
2024 1 271
2025 0 273
2026 1 271
2027 0 267
2028 3 274
2029 5 275
2030 11 269
2031 7 272
2032 9 267
2033 2 263
2034 5 270
2035 7 262
2036 5 272
2037 106 5
2038 109 9
2039 109 3
2040 106 5
2041 103 0
2042 109 9
2043 103 2
2044 103 6
2045 111 9
2046 113 3
2047 113 10
2048 113 1
2049 103 6
2050 109 0
2051 112 1
2052 112 2
2053 102 0
2054 111 11
2055 103 0
2056 105 8
2057 107 7
2058 115 8
2059 110 5
2060 102 6
2061 104 4
2062 110 2
2063 112 10
2064 110 0
2065 113 10
2066 233 254
2067 237 251
2068 232 250
2069 223 249
2070 235 250
2071 232 255
2072 236 244
2073 232 250
2074 227 250
2075 234 256
2076 230 245
2077 230 246
2078 240 252
2079 239 244
2080 225 248
2081 237 256
2082 240 243
2083 229 241
2084 225 248
2085 236 255
2086 239 246
2087 234 242
2088 229 241
2089 228 256
2090 240 245
2091 237 257
2092 228 245
2093 237 246
2094 232 250
2095 239 245
2096 82 62
2097 69 49
2098 82 60
2099 67 58
2100 70 48
2101 74 52
2102 69 59
2103 72 58
2104 70 51
2105 67 47
2106 75 52
2107 69 47
2108 80 56
2109 67 58
2110 75 51
2111 84 50
2112 78 51
2113 74 65
2114 78 52
2115 70 63
2116 66 65
2117 69 56
2118 78 49
2119 72 51
2120 73 62
2121 80 51
2122 79 64
2123 77 52
2124 67 50
2125 82 63
2126 161 149
2127 166 141
2128 159 137
2129 158 146
2130 159 148
2131 152 141
2132 152 143
2133 162 136
2134 151 141
2135 159 148
2136 166 144
2137 160 138
2138 167 140
2139 155 147
2140 163 136
2141 158 139
2142 157 140
2143 162 140
2144 151 132
2145 167 146
2146 150 145
2147 155 141
2148 159 145
2149 154 143
2150 163 147
2151 157 149
2152 164 134
2153 165 142
2154 151 138
2155 165 135
2156 217 95
2157 220 100
2158 222 89
2159 209 97
2160 208 85
2161 218 98
2162 216 98
2163 214 87
2164 216 88
2165 216 98
2166 208 88
2167 216 93
2168 221 92
2169 209 93
2170 208 92
2171 221 97
2172 208 90
2173 213 90
2174 219 88
2175 219 86
2176 211 92
2177 211 90
2178 211 88
2179 218 94
2180 220 87
2181 215 100
2182 210 87
2183 213 97
2184 222 86
2185 218 93
2186 52 203
2187 47 197
2188 51 205
2189 59 191
2190 56 202
2191 47 201
2192 51 199
2193 60 193
2194 53 191
2195 54 196
2196 59 192
2197 65 202
2198 64 192
2199 60 191
2200 63 207
2201 61 188
2202 65 198
2203 60 196
2204 65 197
2205 55 201
2206 62 203
2207 49 192
2208 63 203
2209 59 203
2210 63 205
2211 53 207
2212 52 203
2213 47 195
2214 63 203
2215 47 196
2216 191 1
2217 195 2
2218 193 8
2219 197 2
2220 190 8
2221 206 6
2222 192 7
2223 207 9
2224 197 0
2225 203 7
2226 189 5
2227 198 10
2228 195 6
2229 189 0
2230 191 8
2231 191 6
2232 198 4
2233 207 0
2234 193 1
2235 199 7
2236 195 11
2237 202 5
2238 199 11
2239 188 10
2240 195 5
2241 192 8
2242 206 10
2243 192 2
2244 194 5
2245 200 8
2246 268 39
2247 274 46
2248 271 44
2249 272 33
2250 274 36
2251 268 39
2252 273 33
2253 262 46
2254 273 33
2255 265 42
2256 274 43
2257 270 35
2258 272 41
2259 272 45
2260 258 43
2261 275 39
2262 264 36
2263 277 46
2264 277 36
2265 275 33
2266 269 37
2267 263 44
2268 276 35
2269 265 33
2270 260 32
2271 260 40
2272 262 45
2273 266 39
2274 272 41
2275 267 44
2276 77 203
2277 83 203
2278 84 195
2279 77 190
2280 70 202
2281 75 204
2282 80 193
2283 72 200
2284 69 198
2285 75 190
2286 84 199
2287 67 203
2288 81 199
2289 71 191
2290 74 194
2291 84 196
2292 73 203
2293 76 203
2294 79 195
2295 72 197
2296 71 206
2297 78 198
2298 77 205
2299 67 201
2300 83 200
2301 77 201
2302 78 190
2303 71 200
2304 81 193
2305 82 189
2306 75 191
2307 73 193
2308 77 196
2309 77 203
2310 73 189
2311 71 191
2312 80 190
2313 80 203
2314 69 201
2315 74 202
2316 68 193
2317 76 199
2318 80 203
2319 77 197
2320 78 195
2321 67 200
2322 66 191
2323 72 193
2324 72 204
2325 74 201
2326 80 193
2327 66 200
2328 78 196
2329 66 204
2330 74 205
2331 79 191
2332 79 190
2333 72 205
2334 70 199
2335 72 192
2336 204 145
2337 194 133
2338 197 137
2339 191 137
2340 202 142
2341 193 139
2342 202 133
2343 191 134
2344 196 149
2345 196 136
2346 202 146
2347 198 133
2348 188 138
2349 192 148
2350 201 147
2351 191 145
2352 198 146
2353 207 132
2354 207 144
2355 199 140
2356 197 142
2357 192 136
2358 188 134
2359 207 139
2360 205 140
2361 197 136
2362 206 147
2363 191 134
2364 200 149
2365 207 132
2366 234 196
2367 236 203
2368 239 192
2369 232 196
2370 239 196
2371 236 188
2372 229 202
2373 226 191
2374 224 196
2375 230 203
2376 228 203
2377 227 188
2378 230 198
2379 225 201
2380 230 193
2381 238 191
2382 229 192
2383 223 194
2384 223 202
2385 238 190
2386 228 191
2387 231 207
2388 236 189
2389 223 204
2390 224 189
2391 239 203
2392 240 202
2393 224 194
2394 238 191
2395 229 196
2396 253 100
2397 251 90
2398 253 100
2399 253 90
2400 253 88
2401 254 93
2402 253 100
2403 257 93
2404 245 94
2405 254 99
2406 257 93
2407 246 90
2408 257 100
2409 245 86
2410 255 86
2411 248 94
2412 243 92
2413 256 95
2414 249 86
2415 250 89
2416 251 95
2417 251 87
2418 241 90
2419 249 97
2420 257 88
2421 251 99
2422 244 94
2423 244 100
2424 248 88
2425 255 100
2426 83 190
2427 83 206
2428 78 195
2429 67 194
2430 73 200
2431 72 202
2432 81 205
2433 67 190
2434 73 199
2435 68 203
2436 71 207
2437 77 201
2438 83 200
2439 72 195
2440 75 206
2441 80 204
2442 74 188
2443 68 202
2444 78 199
2445 70 199
2446 74 190
2447 74 204
2448 84 203
2449 66 194
2450 78 201
2451 77 190
2452 75 190
2453 70 196
2454 83 192
2455 74 190
2456 238 73
2457 226 81
2458 231 80
2459 239 83
2460 223 78
2461 227 81
2462 228 84
2463 226 73
2464 226 78
2465 237 77
2466 228 71
2467 238 72
2468 230 82
2469 240 69
2470 233 79
2471 234 81
2472 237 76
2473 237 76
2474 237 79
2475 223 76
2476 231 74
2477 225 81
2478 230 83
2479 227 74
2480 232 66
2481 239 76
2482 236 81
2483 238 80
2484 237 72
2485 239 74
2486 41 38
2487 41 34
2488 38 46
2489 38 35
2490 40 39
2491 36 46
2492 32 36
2493 38 39
2494 38 34
2495 44 38
2496 42 34
2497 33 37
2498 38 39
2499 38 43
2500 34 36
2501 45 35
2502 43 46
2503 39 42
2504 36 40
2505 39 42
2506 41 32
2507 35 45
2508 36 42
2509 221 138
2510 219 135
2511 218 143
2512 217 146
2513 208 149
2514 211 141
2515 213 146
2516 219 137
2517 211 141
2518 218 142
2519 222 138
2520 212 137
2521 212 138
2522 218 134
2523 219 146
2524 217 143
2525 221 138
2526 216 144
2527 215 139
2528 218 135
2529 215 132
2530 220 145
2531 219 138
2532 212 132
2533 208 145
2534 217 134
2535 222 139
2536 221 148
2537 217 144
2538 219 134
2539 61 125
2540 53 127
2541 62 127
2542 50 128
2543 64 118
2544 50 122
2545 60 118
2546 52 119
2547 62 128
2548 51 120
2549 65 118
2550 58 127
2551 48 130
2552 52 125
2553 50 128
2554 51 123
2555 61 117
2556 49 117
2557 52 121
2558 48 119
2559 61 117
2560 52 119
2561 64 129
2562 55 124
2563 50 124
2564 62 116
2565 49 121
2566 48 121
2567 51 120
2568 57 128
2569 215 254
2570 222 257
2571 222 255
2572 216 246
2573 209 254
2574 213 251
2575 221 249
2576 215 250
2577 213 253
2578 220 252
2579 222 248
2580 222 252
2581 221 257
2582 213 248
2583 215 248
2584 212 251
2585 215 244
2586 212 255
2587 217 245
2588 214 255
2589 213 244
2590 219 257
2591 221 246
2592 221 242
2593 214 256
2594 209 251
2595 210 257
2596 208 246
2597 209 250
2598 222 250
2599 7 146
2600 1 148
2601 0 141
2602 9 138
2603 3 137
2604 4 139
2605 5 138
2606 10 136
2607 2 133
2608 6 137
2609 3 140
2610 1 145
2611 11 135
2612 6 145
2613 5 140
2614 11 135
2615 7 137
2616 11 135
2617 6 134
2618 2 139
2619 0 142
2620 2 143
2621 5 132
2622 7 134
2623 10 146
2624 3 142
2625 6 148
2626 11 146
2627 167 253
2628 152 253
2629 152 257
2630 165 244
2631 162 243
2632 165 246
2633 156 244
2634 161 241
2635 151 254
2636 151 247
2637 161 241
2638 165 245
2639 155 244
2640 163 256
2641 164 246
2642 164 244
2643 163 246
2644 154 256
2645 153 244
2646 163 247
2647 151 257
2648 163 254
2649 166 250
2650 150 250
2651 167 245
2652 159 252
2653 161 250
2654 162 256
2655 165 251
2656 160 250
2657 172 11
2658 173 8
2659 171 3
2660 179 6
2661 187 9
2662 173 3
2663 180 10
2664 172 4
2665 178 8
2666 173 4
2667 171 4
2668 186 4
2669 171 11
2670 180 8
2671 178 3
2672 178 3
2673 177 4
2674 178 6
2675 171 9
2676 175 6
2677 183 6
2678 175 4
2679 186 10
2680 179 4
2681 170 10
2682 182 4
2683 178 11
2684 169 7
2685 177 2
2686 175 0
2687 136 192
2688 133 204
2689 138 190
2690 133 199
2691 145 191
2692 138 190
2693 139 205
2694 133 202
2695 147 196
2696 143 205
2697 146 203
2698 142 206
2699 146 194
2700 149 197
2701 139 195
2702 135 195
2703 144 190
2704 132 195
2705 136 206
2706 146 189
2707 132 195
2708 137 207
2709 144 195
2710 141 201
2711 137 190
2712 134 188
2713 132 196
2714 141 194
2715 137 204
2716 149 198
2717 34 84
2718 39 67
2719 46 77
2720 36 79
2721 40 81
2722 37 84
2723 39 82
2724 32 82
2725 44 84
2726 38 84
2727 34 66
2728 33 82
2729 36 70
2730 40 70
2731 34 70
2732 35 79
2733 37 73
2734 45 70
2735 45 84
2736 32 67
2737 44 73
2738 46 74
2739 46 73
2740 41 79
2741 46 82
2742 34 66
2743 37 69
2744 38 71
2745 42 71
2746 33 75
2747 262 14
2748 269 15
2749 277 31
2750 271 12
2751 261 19
2752 275 18
2753 270 23
2754 272 13
2755 269 20
2756 275 25
2757 258 13
2758 261 14
2759 267 26
2760 265 21
2761 271 20
2762 265 22
2763 275 12
2764 267 28
2765 276 19
2766 275 28
2767 266 31
2768 268 24
2769 266 27
2770 269 12
2771 269 21
2772 276 26
2773 262 27
2774 268 18
2775 262 27
2776 262 18
2777 39 100
2778 32 100
2779 44 95
2780 34 92
2781 44 93
2782 37 86
2783 40 89
2784 39 100
2785 34 94
2786 39 93
2787 33 96
2788 33 95
2789 32 94
2790 45 98
2791 34 86
2792 41 99
2793 37 97
2794 34 86
2795 33 90
2796 33 89
2797 40 90
2798 33 92
2799 43 87
2800 37 97
2801 41 88
2802 38 86
2803 33 94
2804 33 86
2805 43 99
2806 35 99
2807 32 217
2808 46 219
2809 32 211
2810 38 215
2811 36 209
2812 44 211
2813 41 216
2814 40 220
2815 39 210
2816 46 217
2817 40 212
2818 46 214
2819 46 220
2820 32 219
2821 44 213
2822 44 214
2823 45 215
2824 35 212
2825 34 219
2826 40 221
2827 45 208
2828 39 212
2829 36 217
2830 45 216
2831 43 211
2832 41 211
2833 42 214
2834 39 212
2835 44 221
2836 33 213
2837 252 132
2838 250 139
2839 254 149
2840 247 147
2841 243 142
2842 250 135
2843 248 134
2844 243 139
2845 256 144
2846 248 140
2847 247 139
2848 246 133
2849 256 133
2850 254 149
2851 254 133
2852 252 141
2853 255 134
2854 247 137
2855 251 147
2856 245 148
2857 249 140
2858 244 145
2859 241 135
2860 248 141
2861 245 147
2862 242 138
2863 241 141
2864 253 141
2865 249 145
2866 251 148
2867 79 64
2868 73 59
2869 84 49
2870 79 61
2871 78 48
2872 83 58
2873 79 64
2874 75 58
2875 81 55
2876 78 51
2877 76 56
2878 67 62
2879 81 54
2880 82 50
2881 66 54
2882 74 64
2883 82 65
2884 66 59
2885 72 50
2886 83 52
2887 81 64
2888 72 51
2889 76 48
2890 73 58
2891 75 61
2892 73 59
2893 75 56
2894 72 61
2895 83 58
2896 81 50
