238 252 10 2924
0 3
1 8
2 8
3 6
4 9
5 5
6 5
7 9
8 6
9 8
10 7
11 4
12 3
13 5
14 4
15 4
16 4
17 3
18 4
19 5
20 5
21 4
22 3
23 3
24 3
25 3
26 3
27 3
28 4
29 3
30 3
31 5
32 3
33 3
34 3
35 4
36 6
37 3
38 5
39 3
40 5
41 4
42 3
43 3
44 4
45 3
46 4
47 3
48 3
49 3
50 5
51 4
52 3
53 3
54 3
55 3
56 3
57 3
58 4
59 4
60 4
61 8
62 3
63 3
64 3
65 5
66 3
67 3
68 3
69 3
70 3
71 3
72 3
73 3
74 3
75 3
76 6
77 6
78 4
79 4
80 3
81 3
82 4
83 3
84 3
85 3
86 3
87 3
88 3
89 3
90 3
91 3
92 3
93 4
94 6
95 3
96 3
97 3
98 3
99 3
100 3
101 3
102 3
103 3
104 4
105 3
106 4
107 5
108 4
109 3
110 3
111 4
112 3
113 4
114 4
115 3
116 3
117 3
118 3
119 4
120 3
121 3
122 3
123 5
124 3
125 4
126 3
127 3
128 3
129 4
130 3
131 4
132 3
133 4
134 4
135 4
136 3
137 4
138 4
139 4
140 3
141 3
142 4
143 5
144 3
145 4
146 3
147 3
148 4
149 3
150 4
151 3
152 3
153 3
154 3
155 3
156 3
157 3
158 3
159 3
160 3
161 3
162 3
163 3
164 3
165 3
166 3
167 3
168 3
169 3
170 5
171 3
172 6
173 3
174 5
175 5
176 3
177 3
178 3
179 3
180 3
181 3
182 3
183 3
184 3
185 4
186 4
187 3
188 3
189 3
190 5
191 4
192 3
193 4
194 3
195 3
196 3
197 8
198 3
199 3
200 3
201 3
202 3
203 3
204 3
205 4
206 3
207 4
208 3
209 3
210 3
211 4
212 3
213 3
214 5
215 4
216 4
217 4
218 4
219 3
220 4
221 3
222 5
223 3
224 3
225 3
226 4
227 5
228 4
229 5
230 3
231 3
232 3
233 3
234 3
235 4
236 3
237 3
0 0 10
1 0 12
2 1 2
3 1 3
4 1 4
5 1 9
6 1 10
7 1 11
8 1 107
9 1 157
10 2 4
11 2 6
12 2 7
13 2 9
14 2 10
15 3 4
16 3 5
17 3 6
18 3 7
19 3 10
20 4 5
21 4 8
22 4 91
23 4 191
24 5 6
25 5 7
26 6 9
27 6 207
28 7 8
29 7 9
30 7 10
31 7 61
32 8 9
33 8 27
34 9 45
35 9 76
36 9 125
37 10 222
38 11 142
39 11 173
40 12 18
41 13 17
42 13 23
43 13 19
44 14 24
45 14 26
46 15 19
47 15 20
48 15 21
49 16 22
50 16 19
51 18 20
52 20 25
53 21 26
54 27 36
55 28 31
56 28 36
57 29 35
58 29 40
59 30 42
60 31 32
61 31 34
62 33 42
63 33 36
64 35 41
65 36 44
66 37 40
67 38 39
68 38 40
69 38 44
70 41 43
71 45 54
72 46 47
73 46 51
74 46 55
75 46 60
76 48 51
77 49 56
78 50 53
79 50 59
80 50 58
81 52 54
82 52 56
83 52 58
84 57 59
85 58 60
86 61 62
87 61 67
88 61 72
89 61 69
90 61 74
91 61 65
92 62 63
93 64 73
94 64 71
95 65 66
96 65 70
97 65 68
98 68 75
99 69 71
100 76 88
101 76 86
102 76 84
103 77 79
104 77 81
105 77 84
106 77 90
107 78 85
108 78 82
109 78 86
110 79 80
111 81 87
112 82 89
113 83 85
114 91 93
115 92 98
116 92 104
117 93 99
118 93 104
119 94 96
120 94 97
121 94 100
122 94 106
123 95 104
124 100 101
125 102 104
126 102 105
127 102 103
128 103 106
129 107 112
130 107 121
131 108 121
132 108 123
133 109 123
134 110 114
135 111 119
136 111 124
137 112 117
138 113 120
139 113 115
140 114 118
141 114 120
142 115 123
143 116 121
144 117 122
145 119 123
146 125 133
147 126 135
148 127 131
149 128 133
150 129 140
151 129 130
152 130 135
153 130 134
154 131 137
155 132 138
156 133 134
157 134 139
158 136 139
159 137 138
160 138 139
161 139 141
162 142 152
163 142 148
164 143 150
165 143 145
166 143 156
167 144 156
168 145 148
169 146 154
170 146 153
171 147 150
172 149 151
173 151 153
174 151 156
175 154 155
176 157 162
177 157 172
178 158 168
179 158 166
180 158 170
181 159 169
182 160 171
183 161 170
184 163 165
185 164 172
186 165 167
187 166 171
188 167 172
189 169 170
190 170 172
191 173 187
192 174 177
193 174 180
194 174 186
195 175 183
196 175 188
197 175 190
198 176 180
199 178 190
200 179 189
201 180 184
202 181 184
203 182 190
204 184 185
205 185 189
206 186 190
207 187 190
208 191 205
209 192 194
210 192 197
211 193 202
212 193 201
213 193 197
214 195 200
215 195 197
216 196 197
217 197 204
218 197 206
219 198 206
220 199 202
221 201 203
222 203 205
223 207 220
224 208 211
225 209 220
226 209 218
227 210 214
228 210 221
229 211 219
230 211 215
231 211 217
232 212 214
233 213 216
234 214 216
235 215 218
236 217 221
237 222 231
238 222 227
239 223 228
240 224 237
241 225 227
242 226 234
243 226 229
244 227 233
245 227 232
246 227 235
247 228 236
248 229 235
249 229 237
250 230 232
251 232 236
0 115 214
1 109 215
2 123 216
3 110 215
4 119 221
5 124 213
6 114 214
7 108 217
8 113 221
9 111 216
10 123 209
11 108 217
12 108 217
13 108 220
14 110 209
15 120 219
16 109 209
17 120 221
18 114 212
19 119 216
20 109 213
21 110 211
22 117 209
23 116 210
24 120 211
25 124 209
26 108 212
27 119 212
28 110 208
29 111 219
30 223 220
31 237 207
32 225 213
33 229 216
34 235 211
35 229 208
36 229 212
37 236 207
38 233 216
39 229 211
40 233 210
41 230 215
42 223 210
43 232 217
44 223 208
45 224 219
46 235 211
47 226 207
48 222 221
49 228 218
50 226 216
51 235 219
52 224 221
53 231 209
54 233 208
55 234 210
56 225 221
57 234 219
58 228 217
59 223 214
60 190 42
61 180 35
62 175 38
63 181 39
64 181 39
65 183 39
66 182 33
67 178 38
68 179 43
69 179 33
70 175 29
71 177 41
72 185 38
73 174 32
74 187 40
75 181 35
76 190 34
77 176 42
78 179 42
79 190 37
80 175 34
81 177 33
82 180 30
83 186 42
84 177 30
85 182 34
86 173 31
87 178 42
88 177 37
89 185 38
90 56 7
91 59 10
92 49 8
93 53 2
94 53 5
95 56 8
96 48 10
97 52 10
98 47 10
99 56 0
100 47 11
101 59 1
102 52 7
103 56 2
104 48 7
105 59 10
106 54 6
107 48 4
108 46 0
109 50 1
110 58 1
111 47 4
112 51 8
113 51 4
114 46 4
115 51 5
116 50 10
117 47 5
118 50 9
119 58 9
120 237 84
121 228 83
122 236 81
123 234 84
124 223 84
125 229 90
126 233 81
127 232 82
128 222 76
129 222 76
130 228 83
131 229 82
132 222 84
133 224 80
134 235 89
135 222 90
136 223 87
137 237 77
138 227 78
139 229 84
140 226 83
141 222 89
142 227 81
143 222 86
144 224 81
145 234 76
146 222 89
147 235 81
148 226 76
149 235 80
150 207 64
151 215 75
152 218 64
153 221 64
154 210 66
155 219 69
156 212 64
157 207 72
158 212 72
159 213 62
160 212 63
161 219 63
162 209 65
163 208 69
164 208 73
165 209 75
166 209 69
167 220 62
168 218 70
169 221 62
170 221 63
171 208 66
172 216 68
173 218 71
174 219 66
175 215 72
176 214 74
177 214 69
178 218 72
179 221 67
180 66 26
181 75 12
182 63 23
183 69 14
184 73 12
185 70 12
186 62 26
187 65 16
188 65 19
189 64 23
190 68 14
191 66 19
192 74 24
193 69 16
194 61 20
195 65 25
196 68 17
197 64 16
198 64 26
199 72 23
200 67 13
201 64 22
202 61 14
203 62 13
204 69 12
205 70 20
206 73 13
207 65 20
208 68 24
209 61 22
210 97 136
211 92 134
212 98 139
213 99 136
214 96 128
215 101 127
216 104 126
217 91 136
218 95 141
219 105 131
220 105 130
221 97 130
222 99 129
223 100 137
224 105 130
225 97 141
226 101 134
227 106 136
228 102 125
229 96 139
230 102 137
231 103 138
232 96 127
233 99 138
234 100 134
235 102 128
236 104 134
237 102 140
238 95 134
239 101 130
240 185 168
241 173 163
242 184 162
243 184 158
244 174 165
245 175 159
246 181 166
247 184 161
248 190 160
249 185 159
250 179 172
251 174 162
252 178 167
253 180 169
254 173 163
255 183 163
256 184 172
257 187 158
258 188 165
259 176 165
260 173 162
261 174 170
262 175 163
263 186 163
264 190 157
265 177 161
266 180 157
267 186 166
268 182 163
269 185 163
270 159 18
271 159 20
272 159 14
273 163 13
274 168 15
275 169 16
276 168 24
277 170 13
278 161 16
279 160 24
280 166 18
281 159 12
282 162 20
283 167 23
284 163 17
285 169 20
286 170 13
287 158 19
288 166 18
289 166 23
290 163 16
291 163 22
292 165 12
293 165 13
294 157 16
295 158 21
296 164 21
297 166 19
298 159 19
299 161 19
300 236 6
301 231 0
302 235 5
303 232 10
304 226 5
305 230 9
306 223 3
307 224 7
308 225 11
309 233 7
310 237 9
311 223 1
312 235 8
313 229 7
314 237 8
315 228 0
316 226 4
317 231 11
318 222 8
319 224 11
320 235 0
321 224 7
322 223 6
323 224 3
324 229 0
325 223 7
326 225 8
327 230 6
328 231 11
329 225 3
330 73 197
331 61 197
332 61 204
333 62 193
334 66 196
335 75 194
336 75 194
337 66 197
338 71 197
339 71 206
340 70 195
341 74 192
342 75 192
343 63 200
344 65 200
345 75 200
346 64 202
347 70 203
348 65 203
349 64 199
350 75 206
351 69 195
352 62 196
353 72 203
354 61 199
355 65 196
356 69 192
357 74 197
358 63 206
359 72 206
360 219 116
361 210 124
362 210 124
363 219 112
364 218 108
365 210 111
366 219 117
367 214 124
368 218 115
369 213 117
370 218 122
371 215 120
372 209 117
373 212 122
374 215 116
375 209 123
376 215 123
377 210 119
378 210 117
379 219 109
380 207 112
381 213 113
382 218 112
383 211 121
384 221 110
385 218 109
386 207 116
387 219 119
388 212 116
389 218 120
390 32 154
391 44 156
392 28 152
393 37 144
394 29 156
395 35 152
396 32 146
397 43 153
398 39 156
399 39 155
400 27 145
401 38 146
402 35 148
403 36 156
404 30 154
405 31 142
406 39 142
407 29 156
408 29 147
409 32 151
410 30 149
411 35 145
412 43 150
413 27 151
414 36 152
415 39 155
416 43 147
417 44 146
418 41 146
419 43 142
420 6 149
421 9 155
422 8 142
423 2 142
424 10 150
425 9 148
426 11 154
427 4 145
428 0 146
429 2 153
430 2 154
431 7 148
432 11 155
433 5 156
434 11 153
435 6 149
436 1 144
437 3 148
438 3 156
439 4 150
440 8 146
441 2 145
442 3 145
443 6 144
444 6 154
445 8 143
446 0 145
447 1 149
448 0 155
449 7 154
450 31 18
451 44 14
452 41 21
453 44 26
454 42 14
455 27 12
456 28 22
457 35 13
458 32 17
459 27 15
460 43 26
461 33 19
462 30 18
463 43 21
464 39 20
465 42 15
466 36 25
467 37 17
468 44 12
469 44 13
470 39 15
471 42 16
472 43 18
473 36 12
474 37 23
475 32 20
476 34 18
477 29 15
478 35 21
479 29 18
480 225 151
481 230 149
482 237 154
483 222 156
484 237 145
485 223 155
486 234 146
487 226 142
488 227 148
489 230 155
490 230 143
491 226 152
492 228 153
493 230 144
494 223 149
495 226 149
496 228 148
497 237 145
498 227 142
499 228 148
500 230 151
501 232 143
502 230 156
503 224 143
504 236 149
505 222 155
506 233 156
507 228 146
508 235 142
509 229 149
510 29 192
511 27 197
512 36 204
513 36 206
514 33 194
515 39 205
516 31 196
517 41 201
518 39 202
519 34 195
520 44 197
521 29 203
522 36 193
523 38 191
524 32 202
525 34 195
526 30 200
527 31 196
528 28 206
529 29 196
530 29 191
531 40 195
532 41 193
533 43 194
534 27 204
535 38 204
536 41 202
537 36 201
538 36 198
539 37 198
540 221 101
541 218 95
542 220 91
543 219 98
544 210 92
545 215 105
546 207 106
547 212 97
548 208 95
549 216 95
550 212 103
551 210 96
552 217 103
553 210 92
554 217 97
555 221 106
556 209 104
557 220 102
558 207 91
559 208 98
560 208 106
561 216 101
562 221 97
563 210 101
564 217 105
565 209 92
566 213 93
567 208 93
568 216 103
569 208 99
570 212 180
571 221 175
572 208 179
573 208 174
574 216 180
575 216 187
576 219 176
577 212 173
578 216 178
579 219 175
580 207 189
581 212 174
582 219 185
583 218 185
584 208 188
585 213 182
586 216 181
587 218 177
588 208 190
589 212 183
590 211 185
591 218 182
592 210 184
593 208 177
594 215 190
595 221 173
596 210 183
597 211 188
598 221 184
599 218 182
600 94 159
601 102 164
602 91 163
603 91 160
604 98 164
605 101 159
606 104 157
607 97 159
608 104 165
609 91 172
610 91 159
611 103 157
612 97 172
613 94 164
614 97 159
615 100 164
616 97 162
617 101 168
618 91 166
619 102 170
620 104 168
621 105 167
622 103 168
623 101 164
624 98 158
625 104 158
626 91 159
627 91 165
628 101 163
629 96 161
630 17 15
631 24 17
632 20 16
633 17 21
634 23 25
635 23 18
636 20 13
637 21 23
638 16 21
639 24 12
640 14 23
641 14 12
642 21 18
643 13 14
644 22 17
645 12 17
646 20 24
647 12 13
648 17 18
649 12 17
650 15 17
651 12 15
652 20 16
653 13 26
654 121 100
655 117 96
656 116 105
657 123 100
658 117 105
659 112 104
660 124 106
661 112 102
662 117 103
663 111 91
664 113 99
665 118 92
666 119 95
667 124 97
668 119 95
669 120 91
670 121 100
671 122 103
672 107 93
673 119 97
674 116 93
675 112 91
676 117 101
677 121 106
678 118 91
679 120 102
680 117 105
681 116 96
682 119 94
683 116 97
684 152 217
685 142 211
686 152 209
687 147 221
688 154 215
689 152 219
690 145 214
691 143 220
692 149 217
693 143 221
694 147 208
695 150 219
696 152 209
697 146 220
698 153 219
699 144 208
700 149 216
701 147 215
702 146 214
703 150 209
704 149 217
705 150 217
706 151 221
707 154 211
708 148 219
709 148 220
710 143 219
711 147 220
712 151 207
713 153 221
714 1 97
715 5 102
716 9 101
717 10 93
718 0 99
719 9 100
720 10 94
721 0 92
722 6 97
723 0 104
724 4 106
725 6 105
726 9 103
727 6 100
728 11 106
729 4 92
730 7 102
731 3 104
732 7 103
733 11 103
734 6 98
735 6 97
736 2 100
737 7 92
738 4 105
739 10 93
740 0 103
741 8 99
742 185 0
743 179 10
744 178 3
745 176 4
746 187 1
747 183 10
748 174 7
749 186 3
750 175 5
751 180 2
752 177 2
753 176 4
754 187 9
755 188 11
756 187 3
757 184 4
758 185 7
759 187 9
760 189 1
761 180 9
762 177 8
763 173 8
764 186 10
765 185 11
766 189 2
767 184 2
768 176 11
769 175 2
770 180 7
771 157 46
772 157 58
773 167 45
774 159 50
775 158 47
776 168 57
777 169 48
778 166 54
779 167 55
780 160 50
781 166 58
782 165 49
783 171 59
784 169 48
785 161 53
786 171 51
787 159 55
788 164 50
789 167 55
790 164 49
791 160 51
792 171 45
793 158 60
794 168 48
795 157 51
796 167 49
797 169 45
798 158 49
799 161 54
800 170 55
801 210 52
802 213 52
803 216 45
804 220 58
805 207 51
806 220 57
807 209 46
808 217 60
809 221 48
810 217 57
811 209 47
812 210 55
813 211 58
814 218 47
815 213 49
816 208 45
817 210 56
818 212 51
819 210 58
820 221 54
821 219 45
822 220 57
823 217 59
824 212 45
825 218 50
826 217 58
827 215 53
828 218 50
829 211 55
830 218 48
831 126 205
832 130 205
833 134 204
834 129 196
835 128 202
836 131 198
837 130 202
838 138 199
839 139 199
840 134 200
841 138 200
842 138 199
843 134 197
844 129 196
845 138 203
846 136 197
847 128 192
848 131 191
849 136 200
850 127 194
851 129 192
852 126 204
853 133 191
854 129 192
855 134 197
856 135 198
857 128 196
858 139 195
859 130 203
860 141 197
861 66 205
862 75 201
863 63 200
864 74 191
865 72 203
866 61 200
867 69 196
868 67 200
869 66 203
870 64 202
871 70 204
872 61 206
873 74 203
874 70 194
875 73 200
876 66 197
877 67 195
878 63 199
879 72 205
880 65 204
881 66 205
882 73 194
883 68 195
884 65 191
885 62 202
886 70 197
887 66 193
888 62 193
889 70 196
890 73 194
891 89 84
892 79 87
893 82 84
894 83 80
895 82 77
896 81 78
897 90 83
898 78 84
899 87 83
900 87 78
901 80 78
902 83 89
903 86 80
904 79 82
905 77 82
906 85 89
907 80 87
908 84 87
909 209 13
910 211 18
911 216 12
912 221 19
913 212 15
914 208 20
915 212 23
916 221 22
917 218 19
918 219 13
919 220 18
920 207 24
921 208 22
922 217 19
923 213 12
924 215 21
925 212 26
926 219 26
927 214 16
928 215 24
929 210 20
930 221 12
931 217 25
932 216 14
933 213 25
934 215 24
935 217 23
936 209 16
937 217 15
938 219 12
939 116 219
940 123 213
941 117 213
942 118 216
943 124 215
944 116 212
945 107 221
946 118 217
947 122 209
948 119 219
949 123 209
950 124 208
951 108 221
952 119 219
953 119 210
954 108 220
955 108 213
956 107 212
957 109 211
958 123 212
959 109 211
960 110 207
961 111 211
962 123 210
963 124 209
964 114 215
965 115 221
966 111 211
967 116 209
968 115 209
969 45 55
970 58 47
971 45 53
972 51 49
973 59 60
974 54 60
975 50 45
976 45 49
977 50 56
978 47 49
979 54 55
980 51 54
981 53 56
982 54 50
983 57 56
984 57 56
985 55 54
986 58 51
987 54 50
988 87 153
989 86 143
990 76 154
991 76 151
992 78 154
993 80 143
994 83 153
995 76 151
996 90 149
997 82 149
998 87 149
999 88 143
1000 83 156
1001 78 145
1002 84 145
1003 84 143
1004 80 148
1005 83 142
1006 87 145
1007 88 154
1008 85 150
1009 80 144
1010 85 145
1011 82 146
1012 85 150
1013 84 154
1014 86 152
1015 81 148
1016 90 150
1017 87 150
1018 122 206
1019 118 198
1020 108 199
1021 114 205
1022 121 194
1023 110 204
1024 117 197
1025 118 199
1026 108 199
1027 124 204
1028 110 206
1029 116 197
1030 121 198
1031 123 192
1032 110 199
1033 120 201
1034 111 198
1035 116 193
1036 114 191
1037 121 203
1038 112 201
1039 115 194
1040 122 192
1041 115 201
1042 122 193
1043 114 195
1044 120 194
1045 116 196
1046 115 203
1047 124 205
1048 228 1
1049 231 2
1050 226 3
1051 223 10
1052 222 11
1053 224 11
1054 228 5
1055 233 3
1056 222 8
1057 229 6
1058 234 2
1059 229 4
1060 230 7
1061 223 5
1062 233 3
1063 232 11
1064 236 2
1065 234 11
1066 235 11
1067 230 11
1068 230 11
1069 226 7
1070 237 7
1071 227 4
1072 224 8
1073 227 9
1074 228 7
1075 237 5
1076 223 6
1077 213 222
1078 212 232
1079 207 226
1080 219 227
1081 207 230
1082 221 236
1083 219 228
1084 209 233
1085 210 225
1086 215 232
1087 214 224
1088 213 236
1089 214 237
1090 218 226
1091 208 233
1092 214 233
1093 221 222
1094 217 226
1095 207 224
1096 207 234
1097 221 237
1098 220 223
1099 215 237
1100 218 222
1101 210 228
1102 218 226
1103 217 233
1104 210 232
1105 215 228
1106 220 223
1107 100 190
1108 95 190
1109 103 179
1110 98 176
1111 98 174
1112 91 186
1113 101 190
1114 96 185
1115 93 175
1116 97 185
1117 99 187
1118 93 177
1119 102 189
1120 102 184
1121 95 181
1122 94 174
1123 91 178
1124 96 175
1125 91 173
1126 105 188
1127 99 174
1128 99 186
1129 101 177
1130 103 186
1131 95 181
1132 97 176
1133 96 189
1134 95 188
1135 102 188
1136 98 175
1137 217 172
1138 215 163
1139 208 161
1140 210 164
1141 216 159
1142 210 170
1143 215 159
1144 218 160
1145 215 171
1146 219 168
1147 211 162
1148 212 157
1149 217 165
1150 214 158
1151 215 171
1152 212 165
1153 214 169
1154 211 168
1155 218 159
1156 214 167
1157 211 165
1158 210 157
1159 209 166
1160 209 162
1161 218 172
1162 213 159
1163 214 160
1164 208 171
1165 208 168
1166 209 167
1167 67 51
1168 63 54
1169 69 48
1170 66 49
1171 68 47
1172 70 59
1173 71 47
1174 68 58
1175 66 55
1176 68 49
1177 61 56
1178 72 59
1179 62 52
1180 61 58
1181 68 53
1182 74 55
1183 67 46
1184 69 50
1185 67 55
1186 66 52
1187 68 52
1188 62 52
1189 72 49
1190 65 59
1191 75 50
1192 66 49
1193 71 59
1194 66 58
1195 72 58
1196 64 56
1197 196 30
1198 194 42
1199 198 39
1200 198 40
1201 201 28
1202 205 30
1203 194 31
1204 203 34
1205 202 32
1206 205 36
1207 206 36
1208 199 34
1209 204 41
1210 192 38
1211 202 35
1212 201 44
1213 192 44
1214 191 34
1215 201 27
1216 197 36
1217 203 38
1218 192 38
1219 204 31
1220 198 32
1221 198 39
1222 200 36
1223 204 33
1224 199 44
1225 198 29
1226 191 40
1227 148 187
1228 152 185
1229 155 182
1230 146 176
1231 148 173
1232 153 177
1233 142 183
1234 154 179
1235 147 187
1236 147 177
1237 145 179
1238 145 183
1239 156 185
1240 147 179
1241 155 189
1242 143 184
1243 145 174
1244 145 184
1245 146 183
1246 151 182
1247 149 177
1248 146 174
1249 146 182
1250 144 181
1251 152 190
1252 151 174
1253 156 188
1254 150 181
1255 151 179
1256 146 180
1257 115 36
1258 122 28
1259 113 39
1260 119 44
1261 109 30
1262 116 28
1263 109 34
1264 121 38
1265 116 28
1266 117 39
1267 119 30
1268 113 36
1269 123 34
1270 122 28
1271 111 37
1272 124 29
1273 124 32
1274 123 37
1275 117 39
1276 109 33
1277 122 44
1278 118 44
1279 109 31
1280 112 31
1281 108 43
1282 111 27
1283 109 28
1284 121 44
1285 107 38
1286 122 37
1287 89 140
1288 86 128
1289 79 140
1290 83 126
1291 85 126
1292 89 138
1293 82 126
1294 76 133
1295 80 133
1296 83 141
1297 78 135
1298 90 135
1299 79 136
1300 83 135
1301 85 131
1302 88 131
1303 84 140
1304 89 137
1305 79 136
1306 89 128
1307 80 141
1308 79 137
1309 82 125
1310 79 133
1311 87 134
1312 88 139
1313 81 141
1314 76 130
1315 85 125
1316 82 140
1317 216 127
1318 209 130
1319 211 134
1320 211 129
1321 216 127
1322 220 130
1323 217 138
1324 209 126
1325 211 125
1326 219 133
1327 207 129
1328 220 127
1329 215 130
1330 221 135
1331 209 141
1332 208 136
1333 214 141
1334 220 132
1335 219 131
1336 210 130
1337 210 137
1338 217 132
1339 219 128
1340 216 133
1341 221 127
1342 213 126
1343 208 130
1344 213 138
1345 207 137
1346 219 127
1347 90 143
1348 82 145
1349 88 153
1350 89 146
1351 79 148
1352 86 147
1353 85 143
1354 83 142
1355 77 150
1356 85 150
1357 78 148
1358 90 152
1359 90 152
1360 85 152
1361 90 156
1362 84 153
1363 81 145
1364 86 147
1365 77 142
1366 79 148
1367 88 147
1368 88 144
1369 84 156
1370 80 143
1371 84 156
1372 87 151
1373 88 153
1374 84 143
1375 87 142
1376 84 150
1377 64 38
1378 68 32
1379 70 35
1380 67 27
1381 63 43
1382 61 30
1383 63 38
1384 63 42
1385 72 30
1386 64 44
1387 66 42
1388 70 44
1389 62 37
1390 63 31
1391 61 44
1392 66 40
1393 65 40
1394 71 35
1395 70 34
1396 61 31
1397 66 33
1398 64 40
1399 69 27
1400 62 34
1401 68 33
1402 62 40
1403 70 29
1404 69 34
1405 67 27
1406 75 41
1407 57 25
1408 53 15
1409 56 14
1410 53 13
1411 45 26
1412 57 18
1413 60 23
1414 49 12
1415 52 12
1416 56 25
1417 49 20
1418 47 19
1419 48 17
1420 58 25
1421 53 15
1422 48 18
1423 59 24
1424 59 22
1425 50 14
1426 45 15
1427 47 25
1428 50 24
1429 53 19
1430 45 16
1431 55 22
1432 52 14
1433 58 17
1434 58 21
1435 53 12
1436 51 23
1437 199 157
1438 195 158
1439 201 166
1440 201 170
1441 202 163
1442 203 163
1443 196 166
1444 191 170
1445 201 169
1446 206 171
1447 195 170
1448 193 164
1449 191 168
1450 202 169
1451 197 167
1452 192 160
1453 194 159
1454 197 171
1455 205 159
1456 194 169
1457 197 169
1458 204 169
1459 193 169
1460 198 159
1461 200 170
1462 202 172
1463 201 164
1464 204 166
1465 196 169
1466 205 165
1467 66 125
1468 61 131
1469 63 137
1470 68 136
1471 67 126
1472 67 128
1473 70 137
1474 65 127
1475 70 136
1476 62 136
1477 64 140
1478 70 134
1479 70 130
1480 73 137
1481 73 139
1482 63 141
1483 68 138
1484 64 127
1485 75 130
1486 67 127
1487 64 141
1488 64 125
1489 73 141
1490 71 135
1491 65 132
1492 62 125
1493 66 127
1494 64 139
1495 70 129
1496 67 129
1497 145 35
1498 147 39
1499 152 38
1500 155 44
1501 142 29
1502 151 30
1503 147 34
1504 143 40
1505 147 28
1506 150 30
1507 146 43
1508 148 44
1509 149 28
1510 155 40
1511 155 30
1512 144 39
1513 153 40
1514 144 29
1515 146 31
1516 152 36
1517 152 31
1518 149 36
1519 154 40
1520 154 29
1521 145 44
1522 143 35
1523 153 44
1524 146 39
1525 155 39
1526 143 28
1527 49 31
1528 50 30
1529 51 37
1530 54 29
1531 47 34
1532 50 37
1533 59 40
1534 49 37
1535 55 41
1536 47 37
1537 59 38
1538 58 42
1539 53 40
1540 46 27
1541 55 35
1542 46 29
1543 56 37
1544 57 42
1545 57 36
1546 47 30
1547 46 44
1548 60 42
1549 58 39
1550 53 42
1551 57 28
1552 48 39
1553 48 36
1554 46 43
1555 47 39
1556 55 44
1557 143 113
1558 155 109
1559 152 108
1560 146 119
1561 147 124
1562 142 123
1563 144 117
1564 143 124
1565 156 113
1566 146 119
1567 155 108
1568 154 109
1569 142 112
1570 144 107
1571 152 110
1572 149 120
1573 145 119
1574 150 113
1575 148 116
1576 151 115
1577 150 120
1578 146 111
1579 145 116
1580 147 110
1581 148 121
1582 152 109
1583 153 117
1584 147 121
1585 146 115
1586 143 121
1587 119 51
1588 115 49
1589 121 58
1590 107 54
1591 121 56
1592 115 51
1593 110 45
1594 122 58
1595 109 47
1596 124 58
1597 116 53
1598 117 57
1599 121 45
1600 111 52
1601 120 47
1602 124 47
1603 120 48
1604 113 54
1605 111 46
1606 107 49
1607 118 51
1608 116 54
1609 109 52
1610 108 46
1611 118 51
1612 122 58
1613 111 57
1614 113 52
1615 124 58
1616 122 53
1617 76 137
1618 81 134
1619 80 141
1620 83 133
1621 89 135
1622 90 128
1623 82 138
1624 81 129
1625 78 130
1626 76 138
1627 90 138
1628 78 130
1629 76 127
1630 89 129
1631 78 140
1632 81 130
1633 88 141
1634 86 137
1635 81 136
1636 76 127
1637 88 125
1638 81 130
1639 79 136
1640 87 133
1641 78 131
1642 84 130
1643 90 134
1644 77 140
1645 81 129
1646 79 135
1647 40 231
1648 31 230
1649 36 224
1650 43 225
1651 37 235
1652 31 229
1653 39 227
1654 37 235
1655 44 235
1656 34 224
1657 32 226
1658 34 225
1659 34 225
1660 41 235
1661 30 237
1662 40 222
1663 30 227
1664 33 222
1665 31 232
1666 39 231
1667 28 237
1668 34 231
1669 38 224
1670 39 233
1671 36 232
1672 43 231
1673 35 228
1674 29 222
1675 30 231
1676 35 237
1677 83 189
1678 78 189
1679 84 188
1680 83 178
1681 88 179
1682 87 190
1683 81 180
1684 79 173
1685 76 180
1686 84 184
1687 88 176
1688 83 190
1689 78 176
1690 86 189
1691 83 175
1692 79 179
1693 84 190
1694 88 174
1695 86 187
1696 82 182
1697 83 181
1698 84 185
1699 86 182
1700 82 186
1701 78 184
1702 85 185
1703 85 180
1704 87 176
1705 81 182
1706 80 178
1707 33 152
1708 30 151
1709 27 146
1710 41 143
1711 30 152
1712 44 143
1713 29 149
1714 39 156
1715 30 148
1716 40 152
1717 35 150
1718 38 143
1719 43 154
1720 44 144
1721 34 151
1722 37 145
1723 41 145
1724 44 152
1725 43 154
1726 37 156
1727 32 150
1728 28 155
1729 29 149
1730 33 150
1731 38 152
1732 35 148
1733 28 142
1734 42 145
1735 42 150
1736 27 144
1737 96 14
1738 94 25
1739 94 15
1740 93 26
1741 93 17
1742 103 14
1743 103 23
1744 102 22
1745 105 14
1746 93 12
1747 100 12
1748 95 26
1749 95 18
1750 99 26
1751 98 17
1752 99 13
1753 93 15
1754 98 19
1755 103 25
1756 100 25
1757 96 25
1758 99 22
1759 106 18
1760 104 15
1761 95 25
1762 103 24
1763 103 17
1764 91 14
1765 93 18
1766 96 15
1767 19 122
1768 23 122
1769 25 124
1770 23 107
1771 14 114
1772 18 109
1773 17 124
1774 16 115
1775 20 117
1776 26 108
1777 18 122
1778 22 112
1779 22 124
1780 15 107
1781 25 124
1782 14 108
1783 15 117
1784 16 111
1785 26 120
1786 26 112
1787 21 107
1788 19 113
1789 24 111
1790 14 113
1791 23 114
1792 12 110
1793 26 115
1794 21 118
1795 13 114
1796 18 121
1797 109 157
1798 118 158
1799 108 164
1800 120 160
1801 115 157
1802 122 163
1803 115 160
1804 117 157
1805 108 167
1806 115 170
1807 109 168
1808 119 170
1809 110 157
1810 107 170
1811 119 165
1812 114 159
1813 117 164
1814 107 172
1815 119 164
1816 114 170
1817 109 157
1818 113 158
1819 119 163
1820 108 172
1821 124 171
1822 121 172
1823 120 161
1824 122 166
1825 122 165
1826 111 164
1827 212 223
1828 212 222
1829 209 233
1830 208 231
1831 221 232
1832 218 227
1833 213 222
1834 220 231
1835 208 237
1836 220 234
1837 217 228
1838 212 232
1839 216 225
1840 207 234
1841 218 236
1842 219 226
1843 209 228
1844 210 224
1845 217 233
1846 209 230
1847 209 230
1848 216 226
1849 215 229
1850 215 225
1851 219 234
1852 208 222
1853 220 227
1854 215 223
1855 207 234
1856 220 228
1857 71 114
1858 72 113
1859 65 113
1860 75 123
1861 71 116
1862 74 124
1863 74 109
1864 63 117
1865 73 121
1866 70 121
1867 68 123
1868 65 110
1869 75 123
1870 64 119
1871 69 116
1872 61 107
1873 68 114
1874 70 122
1875 65 121
1876 66 122
1877 65 117
1878 73 121
1879 66 107
1880 61 112
1881 68 110
1882 69 116
1883 69 111
1884 71 108
1885 72 108
1886 63 108
1887 6 205
1888 7 196
1889 4 195
1890 0 199
1891 10 195
1892 0 205
1893 0 206
1894 5 192
1895 10 194
1896 6 199
1897 8 196
1898 7 198
1899 2 205
1900 1 204
1901 4 200
1902 9 198
1903 11 201
1904 2 203
1905 5 204
1906 6 202
1907 8 201
1908 6 194
1909 3 196
1910 3 205
1911 11 206
1912 10 197
1913 4 192
1914 10 200
1915 73 142
1916 61 151
1917 61 151
1918 64 151
1919 66 142
1920 73 148
1921 67 156
1922 67 142
1923 67 148
1924 68 155
1925 74 149
1926 62 155
1927 70 143
1928 74 146
1929 75 147
1930 75 149
1931 75 148
1932 72 146
1933 74 153
1934 63 142
1935 64 150
1936 74 156
1937 75 148
1938 69 148
1939 64 142
1940 64 144
1941 72 149
1942 67 147
1943 66 155
1944 70 147
1945 81 34
1946 90 41
1947 86 41
1948 89 30
1949 87 37
1950 80 34
1951 89 31
1952 85 29
1953 78 32
1954 85 41
1955 84 29
1956 82 43
1957 88 40
1958 86 29
1959 88 42
1960 78 29
1961 77 32
1962 87 35
1963 77 29
1964 78 29
1965 84 29
1966 84 33
1967 90 38
1968 89 38
1969 79 44
1970 79 43
1971 80 34
1972 84 39
1973 86 37
1974 81 37
1975 116 11
1976 117 2
1977 109 0
1978 119 10
1979 110 1
1980 109 5
1981 118 2
1982 115 10
1983 119 7
1984 109 0
1985 107 7
1986 124 7
1987 116 10
1988 122 11
1989 116 2
1990 108 2
1991 109 8
1992 111 11
1993 115 9
1994 113 1
1995 115 4
1996 114 10
1997 116 6
1998 111 2
1999 110 1
2000 111 8
2001 119 7
2002 121 6
2003 50 92
2004 57 104
2005 50 97
2006 57 103
2007 48 95
2008 50 104
2009 53 91
2010 59 92
2011 49 92
2012 49 91
2013 55 102
2014 55 98
2015 49 91
2016 53 102
2017 59 91
2018 59 93
2019 52 92
2020 51 99
2021 57 103
2022 51 97
2023 46 97
2024 47 100
2025 56 100
2026 52 106
2027 58 99
2028 56 94
2029 48 92
2030 48 106
2031 46 105
2032 55 93
2033 117 132
2034 124 135
2035 110 128
2036 111 129
2037 107 128
2038 124 140
2039 107 138
2040 112 126
2041 108 126
2042 116 129
2043 116 134
2044 117 126
2045 122 128
2046 112 138
2047 118 139
2048 122 139
2049 124 127
2050 117 140
2051 110 137
2052 122 126
2053 108 132
2054 112 131
2055 111 134
2056 120 136
2057 115 135
2058 121 135
2059 110 136
2060 108 128
2061 122 128
2062 114 133
2063 120 141
2064 108 131
2065 112 131
2066 121 141
2067 114 138
2068 110 129
2069 124 131
2070 116 141
2071 107 133
2072 113 141
2073 108 129
2074 110 128
2075 121 127
2076 115 127
2077 107 139
2078 113 139
2079 107 127
2080 118 126
2081 120 128
2082 110 129
2083 108 126
2084 109 133
2085 114 138
2086 123 137
2087 114 125
2088 107 135
2089 109 136
2090 114 139
2091 118 141
2092 108 136
2093 191 204
2094 192 202
2095 192 203
2096 195 202
2097 198 195
2098 198 202
2099 199 205
2100 193 194
2101 197 205
2102 205 202
2103 205 198
2104 206 191
2105 206 200
2106 201 204
2107 203 199
2108 191 199
2109 207 221
2110 210 213
2111 208 209
2112 210 218
2113 220 208
2114 220 221
2115 219 214
2116 208 213
2117 210 219
2118 211 216
2119 213 211
2120 216 208
2121 219 209
2122 210 208
2123 208 214
2124 208 209
2125 210 207
2126 220 210
2127 215 207
2128 216 220
2129 212 208
2130 220 219
2131 215 216
2132 207 212
2133 111 24
2134 113 26
2135 122 22
2136 116 21
2137 107 22
2138 117 14
2139 107 18
2140 122 22
2141 116 22
2142 117 16
2143 111 24
2144 121 16
2145 121 25
2146 118 23
2147 119 18
2148 107 24
2149 119 24
2150 110 21
2151 114 24
2152 108 25
2153 118 23
2154 109 12
2155 113 24
2156 124 19
2157 121 20
2158 114 23
2159 120 22
2160 124 25
2161 117 12
2162 117 21
2163 211 147
2164 208 152
2165 219 150
2166 218 147
2167 221 145
2168 220 147
2169 212 152
2170 218 149
2171 219 155
2172 221 145
2173 217 145
2174 209 155
2175 221 150
2176 209 144
2177 219 149
2178 221 150
2179 216 145
2180 212 143
2181 208 150
2182 212 145
2183 207 147
2184 216 146
2185 211 142
2186 212 142
2187 219 154
2188 212 144
2189 212 150
2190 215 153
2191 210 143
2192 214 155
2193 96 95
2194 100 105
2195 101 106
2196 101 97
2197 106 101
2198 101 106
2199 92 99
2200 92 105
2201 91 96
2202 106 91
2203 92 101
2204 100 102
2205 91 94
2206 105 106
2207 95 94
2208 103 92
2209 99 100
2210 105 93
2211 100 102
2212 93 98
2213 94 92
2214 98 96
2215 99 98
2216 127 151
2217 137 144
2218 130 144
2219 130 145
2220 141 147
2221 132 144
2222 129 151
2223 135 145
2224 126 142
2225 138 142
2226 141 154
2227 131 152
2228 141 149
2229 126 145
2230 127 156
2231 139 153
2232 131 145
2233 125 145
2234 126 146
2235 139 153
2236 135 155
2237 134 144
2238 126 143
2239 125 145
2240 133 144
2241 133 146
2242 135 144
2243 138 151
2244 140 148
2245 126 153
2246 176 133
2247 182 140
2248 176 137
2249 176 136
2250 188 141
2251 173 131
2252 173 130
2253 176 125
2254 183 135
2255 189 141
2256 185 128
2257 180 138
2258 178 138
2259 180 134
2260 187 140
2261 187 138
2262 183 138
2263 189 132
2264 182 125
2265 190 137
2266 183 126
2267 189 137
2268 187 130
2269 184 127
2270 190 134
2271 188 129
2272 179 130
2273 189 134
2274 187 141
2275 179 134
2276 86 2
2277 80 1
2278 90 8
2279 77 2
2280 78 1
2281 82 10
2282 87 10
2283 81 4
2284 86 3
2285 76 5
2286 88 6
2287 84 5
2288 81 6
2289 81 10
2290 84 3
2291 83 0
2292 79 8
2293 82 4
2294 87 1
2295 88 1
2296 86 8
2297 80 5
2298 88 3
2299 87 2
2300 83 10
2301 81 1
2302 77 2
2303 82 10
2304 83 7
2305 83 0
2306 200 11
2307 201 10
2308 201 0
2309 206 0
2310 198 4
2311 192 3
2312 202 3
2313 198 4
2314 203 5
2315 198 11
2316 201 4
2317 196 0
2318 195 0
2319 199 9
2320 201 10
2321 191 7
2322 202 8
2323 203 2
2324 196 10
2325 201 6
2326 192 2
2327 198 2
2328 199 0
2329 197 8
2330 204 3
2331 195 6
2332 198 8
2333 199 3
2334 205 2
2335 59 37
2336 59 34
2337 59 35
2338 49 31
2339 51 27
2340 45 37
2341 53 34
2342 60 30
2343 49 44
2344 54 32
2345 51 41
2346 55 34
2347 52 34
2348 45 44
2349 46 40
2350 58 29
2351 56 40
2352 52 33
2353 52 35
2354 46 43
2355 51 27
2356 49 40
2357 51 27
2358 54 35
2359 47 30
2360 57 34
2361 57 41
2362 54 44
2363 49 36
2364 52 39
2365 64 9
2366 70 11
2367 70 2
2368 66 0
2369 66 0
2370 74 3
2371 70 4
2372 69 5
2373 74 1
2374 70 10
2375 70 1
2376 65 8
2377 66 11
2378 63 1
2379 70 6
2380 65 6
2381 68 8
2382 61 11
2383 71 4
2384 64 4
2385 72 11
2386 70 7
2387 63 6
2388 61 11
2389 71 6
2390 72 10
2391 71 5
2392 73 3
2393 208 169
2394 215 168
2395 220 157
2396 216 172
2397 216 171
2398 212 172
2399 216 158
2400 220 159
2401 218 164
2402 220 159
2403 219 170
2404 208 162
2405 207 171
2406 210 158
2407 211 170
2408 209 162
2409 220 166
2410 221 162
2411 210 157
2412 219 158
2413 219 168
2414 219 168
2415 220 171
2416 217 171
2417 213 164
2418 216 171
2419 213 164
2420 210 168
2421 220 166
2422 220 164
2423 76 34
2424 85 31
2425 79 42
2426 77 39
2427 82 27
2428 76 30
2429 89 37
2430 89 41
2431 79 43
2432 87 31
2433 85 41
2434 76 43
2435 79 28
2436 81 30
2437 86 35
2438 88 27
2439 79 40
2440 79 43
2441 83 38
2442 83 31
2443 82 27
2444 79 37
2445 85 30
2446 84 39
2447 82 43
2448 85 38
2449 79 39
2450 80 32
2451 79 41
2452 84 39
2453 55 176
2454 51 186
2455 47 182
2456 48 182
2457 48 190
2458 50 175
2459 55 176
2460 57 190
2461 59 174
2462 57 179
2463 46 182
2464 50 179
2465 45 185
2466 59 174
2467 47 187
2468 58 179
2469 53 185
2470 58 187
2471 45 182
2472 53 179
2473 57 178
2474 55 185
2475 51 187
2476 59 187
2477 47 176
2478 47 188
2479 46 182
2480 56 173
2481 55 178
2482 60 187
2483 220 100
2484 214 102
2485 219 104
2486 215 106
2487 212 96
2488 210 95
2489 213 94
2490 210 99
2491 208 94
2492 211 104
2493 212 99
2494 210 102
2495 209 92
2496 214 93
2497 212 105
2498 214 99
2499 221 92
2500 215 95
2501 219 102
2502 215 97
2503 210 106
2504 207 99
2505 209 95
2506 212 94
2507 212 101
2508 216 96
2509 217 94
2510 220 93
2511 209 99
2512 220 106
2513 122 125
2514 113 131
2515 123 137
2516 112 139
2517 123 141
2518 107 126
2519 111 141
2520 116 141
2521 109 131
2522 123 134
2523 112 140
2524 120 129
2525 118 132
2526 118 133
2527 111 134
2528 107 132
2529 108 138
2530 109 129
2531 124 139
2532 117 141
2533 123 131
2534 108 141
2535 108 132
2536 109 130
2537 117 129
2538 116 140
2539 107 125
2540 122 129
2541 112 139
2542 111 131
2543 209 24
2544 211 19
2545 221 19
2546 212 19
2547 210 21
2548 219 22
2549 211 18
2550 208 19
2551 215 24
2552 208 20
2553 216 20
2554 210 17
2555 213 20
2556 221 14
2557 215 23
2558 218 16
2559 220 21
2560 214 21
2561 208 25
2562 213 22
2563 216 13
2564 214 13
2565 208 12
2566 221 16
2567 212 19
2568 217 18
2569 212 13
2570 216 23
2571 209 21
2572 218 15
2573 76 145
2574 90 151
2575 78 155
2576 78 143
2577 82 147
2578 83 152
2579 82 142
2580 79 143
2581 78 147
2582 78 142
2583 82 153
2584 79 154
2585 77 142
2586 81 145
2587 76 152
2588 87 149
2589 87 148
2590 76 149
2591 77 146
2592 86 146
2593 79 144
2594 83 143
2595 80 145
2596 89 155
2597 81 145
2598 89 154
2599 82 145
2600 89 142
2601 83 152
2602 81 152
2603 236 103
2604 224 95
2605 234 97
2606 230 95
2607 236 92
2608 225 91
2609 227 97
2610 234 93
2611 224 104
2612 229 98
2613 235 101
2614 231 99
2615 227 101
2616 227 104
2617 229 100
2618 234 105
2619 233 92
2620 223 92
2621 232 103
2622 228 102
2623 229 97
2624 234 96
2625 229 91
2626 224 92
2627 225 91
2628 231 91
2629 237 100
2630 233 92
2631 226 106
2632 224 93
2633 163 52
2634 167 52
2635 167 51
2636 167 48
2637 169 57
2638 164 50
2639 170 47
2640 165 57
2641 169 50
2642 164 52
2643 169 48
2644 164 48
2645 170 46
2646 158 60
2647 165 52
2648 162 47
2649 171 49
2650 168 46
2651 157 47
2652 157 53
2653 164 57
2654 166 47
2655 162 52
2656 168 58
2657 170 45
2658 162 48
2659 169 56
2660 157 45
2661 161 46
2662 172 59
2663 51 73
2664 59 63
2665 46 61
2666 45 62
2667 56 67
2668 47 70
2669 45 73
2670 57 70
2671 57 73
2672 46 61
2673 56 69
2674 50 69
2675 57 64
2676 48 61
2677 54 72
2678 53 69
2679 50 62
2680 50 66
2681 56 70
2682 47 66
2683 56 66
2684 51 62
2685 48 70
2686 56 62
2687 56 66
2688 55 72
2689 60 66
2690 51 66
2691 59 68
2692 51 73
2693 122 67
2694 117 65
2695 116 74
2696 121 61
2697 118 63
2698 116 65
2699 108 69
2700 115 65
2701 117 61
2702 124 70
2703 117 68
2704 113 64
2705 110 73
2706 118 66
2707 111 65
2708 115 74
2709 123 66
2710 122 72
2711 119 71
2712 120 61
2713 121 63
2714 115 73
2715 119 71
2716 124 68
2717 121 68
2718 107 68
2719 124 73
2720 109 70
2721 123 68
2722 109 65
2723 57 45
2724 60 45
2725 47 57
2726 49 46
2727 54 47
2728 57 54
2729 57 55
2730 54 50
2731 56 60
2732 53 49
2733 48 55
2734 51 59
2735 46 54
2736 59 45
2737 48 52
2738 52 57
2739 50 46
2740 49 53
2741 48 50
2742 59 51
2743 55 59
2744 227 171
2745 232 161
2746 226 165
2747 234 158
2748 223 161
2749 228 167
2750 232 159
2751 230 159
2752 224 171
2753 228 162
2754 237 162
2755 235 158
2756 225 161
2757 231 165
2758 224 169
2759 236 159
2760 226 170
2761 224 165
2762 230 163
2763 223 157
2764 226 161
2765 222 172
2766 230 165
2767 231 165
2768 236 169
2769 227 169
2770 236 164
2771 230 157
2772 223 161
2773 236 166
2774 215 56
2775 214 45
2776 209 49
2777 212 51
2778 212 52
2779 218 56
2780 211 52
2781 207 49
2782 218 45
2783 208 45
2784 213 56
2785 214 54
2786 218 58
2787 209 48
2788 210 58
2789 220 51
2790 210 46
2791 211 53
2792 213 49
2793 221 49
2794 215 47
2795 213 55
2796 210 54
2797 221 59
2798 215 47
2799 207 59
2800 209 56
2801 216 53
2802 214 58
2803 212 56
2804 43 220
2805 27 208
2806 43 212
2807 36 221
2808 40 212
2809 32 215
2810 36 208
2811 36 215
2812 37 214
2813 34 209
2814 29 207
2815 28 214
2816 36 208
2817 43 208
2818 38 209
2819 27 210
2820 36 210
2821 44 219
2822 39 209
2823 28 209
2824 37 212
2825 36 220
2826 40 216
2827 38 213
2828 41 219
2829 29 210
2830 41 210
2831 35 216
2832 31 217
2833 36 214
2834 39 4
2835 37 0
2836 39 0
2837 29 1
2838 36 9
2839 44 0
2840 31 9
2841 38 8
2842 33 5
2843 36 2
2844 28 5
2845 38 2
2846 39 10
2847 29 2
2848 28 5
2849 30 11
2850 36 5
2851 41 3
2852 29 5
2853 31 0
2854 38 11
2855 33 9
2856 36 3
2857 37 3
2858 38 2
2859 35 0
2860 40 10
2861 44 7
2862 42 2
2863 41 0
2864 80 161
2865 79 169
2866 81 165
2867 86 171
2868 77 163
2869 80 171
2870 77 172
2871 85 164
2872 89 169
2873 79 170
2874 86 160
2875 86 172
2876 78 170
2877 78 159
2878 86 165
2879 87 157
2880 81 163
2881 80 157
2882 78 165
2883 84 164
2884 90 162
2885 79 161
2886 77 165
2887 76 168
2888 79 171
2889 85 161
2890 76 168
2891 87 160
2892 90 164
2893 83 159
2894 26 139
2895 18 140
2896 17 141
2897 22 140
2898 20 141
2899 12 128
2900 19 128
2901 23 139
2902 17 141
2903 17 140
2904 26 138
2905 14 136
2906 16 127
2907 25 136
2908 25 125
2909 22 136
2910 23 129
2911 22 128
2912 26 136
2913 22 125
2914 20 127
2915 21 128
2916 13 130
2917 16 132
2918 12 128
2919 14 140
2920 12 128
2921 22 133
2922 20 135
2923 13 126
