220 239 10 2908
0 4
1 9
2 11
3 3
4 8
5 7
6 9
7 8
8 6
9 10
10 7
11 7
12 5
13 3
14 3
15 4
16 3
17 3
18 3
19 3
20 3
21 3
22 4
23 4
24 3
25 3
26 3
27 5
28 3
29 5
30 3
31 3
32 4
33 3
34 3
35 3
36 3
37 3
38 3
39 3
40 3
41 3
42 3
43 3
44 3
45 5
46 3
47 4
48 4
49 4
50 3
51 5
52 4
53 3
54 4
55 3
56 3
57 4
58 3
59 3
60 3
61 4
62 4
63 3
64 3
65 6
66 3
67 3
68 3
69 3
70 5
71 3
72 5
73 4
74 3
75 3
76 3
77 3
78 3
79 3
80 3
81 3
82 4
83 3
84 4
85 4
86 3
87 4
88 3
89 4
90 3
91 4
92 3
93 3
94 3
95 3
96 3
97 3
98 5
99 4
100 3
101 3
102 6
103 3
104 3
105 5
106 3
107 4
108 3
109 5
110 4
111 4
112 3
113 3
114 3
115 3
116 3
117 3
118 3
119 3
120 3
121 5
122 3
123 5
124 3
125 4
126 3
127 3
128 5
129 3
130 3
131 3
132 3
133 3
134 3
135 3
136 4
137 5
138 4
139 3
140 4
141 4
142 4
143 3
144 3
145 3
146 4
147 3
148 3
149 3
150 4
151 6
152 3
153 3
154 3
155 4
156 4
157 3
158 3
159 3
160 3
161 3
162 3
163 4
164 4
165 3
166 5
167 5
168 3
169 3
170 6
171 3
172 3
173 3
174 4
175 3
176 4
177 3
178 4
179 3
180 3
181 3
182 3
183 3
184 3
185 4
186 4
187 3
188 4
189 3
190 3
191 3
192 3
193 4
194 4
195 3
196 4
197 3
198 4
199 4
200 3
201 6
202 3
203 4
204 4
205 3
206 3
207 4
208 3
209 3
210 4
211 4
212 3
213 3
214 3
215 3
216 3
217 7
218 3
219 3
0 0 2
1 0 10
2 0 11
3 0 125
4 1 2
5 1 4
6 1 9
7 1 11
8 1 89
9 1 170
10 1 203
11 2 4
12 2 7
13 2 8
14 2 9
15 2 10
16 2 11
17 2 70
18 3 6
19 3 9
20 3 140
21 4 5
22 4 6
23 4 7
24 4 9
25 4 155
26 5 6
27 5 7
28 5 10
29 5 51
30 6 7
31 6 8
32 6 9
33 6 10
34 6 11
35 6 32
36 7 9
37 7 12
38 8 9
39 8 11
40 9 10
41 9 185
42 11 107
43 12 24
44 12 30
45 12 20
46 13 26
47 13 16
48 14 28
49 15 18
50 15 29
51 15 26
52 16 24
53 17 27
54 19 23
55 20 31
56 21 22
57 21 29
58 22 27
59 23 26
60 25 29
61 27 28
62 32 43
63 32 44
64 32 45
65 33 48
66 34 35
67 35 49
68 36 49
69 36 46
70 37 38
71 37 42
72 39 46
73 40 45
74 41 48
75 41 47
76 42 48
77 45 48
78 46 47
79 47 50
80 51 61
81 51 52
82 52 54
83 53 65
84 53 61
85 54 56
86 54 69
87 55 67
88 55 57
89 56 58
90 57 63
91 57 68
92 57 65
93 59 62
94 60 65
95 62 66
96 64 65
97 66 69
98 70 74
99 70 82
100 71 79
101 71 82
102 71 85
103 72 75
104 72 81
105 72 73
106 73 79
107 76 82
108 77 88
109 78 79
110 80 81
111 83 85
112 83 87
113 84 87
114 84 86
115 86 88
116 89 97
117 90 91
118 90 102
119 91 98
120 92 105
121 92 99
122 93 102
123 93 106
124 94 95
125 95 105
126 96 99
127 96 104
128 97 105
129 98 103
130 98 104
131 100 102
132 101 102
133 107 122
134 108 120
135 109 115
136 109 116
137 109 123
138 110 118
139 110 123
140 111 113
141 111 123
142 111 119
143 112 114
144 112 123
145 117 118
146 119 121
147 120 123
148 121 122
149 121 124
150 125 133
151 126 136
152 127 128
153 128 134
154 128 138
155 129 136
156 129 130
157 130 131
158 131 135
159 131 137
160 132 137
161 133 139
162 137 138
163 137 139
164 140 152
165 140 146
166 141 150
167 141 146
168 142 153
169 142 151
170 143 149
171 144 150
172 145 146
173 146 151
174 147 150
175 148 151
176 149 151
177 149 154
178 155 163
179 156 162
180 156 165
181 156 164
182 157 166
183 158 169
184 159 162
185 160 167
186 161 164
187 163 165
188 164 167
189 166 167
190 166 168
191 168 169
192 170 179
193 170 181
194 170 171
195 171 183
196 172 177
197 173 184
198 174 180
199 174 178
200 174 176
201 175 182
202 176 183
203 176 184
204 177 181
205 178 182
206 185 192
207 186 197
208 186 192
209 187 201
210 188 200
211 188 201
212 189 193
213 190 196
214 191 200
215 192 194
216 193 199
217 194 200
218 195 198
219 196 202
220 197 198
221 199 201
222 201 202
223 203 207
224 203 219
225 204 205
226 204 210
227 206 217
228 207 217
229 208 209
230 208 210
231 209 216
232 210 211
233 211 217
234 212 218
235 212 214
236 213 217
237 214 215
238 214 217
0 205 10
1 205 11
2 204 8
3 204 10
4 203 0
5 214 1
6 216 4
7 215 8
8 216 2
9 214 8
10 211 5
11 205 0
12 214 9
13 206 4
14 205 7
15 204 11
16 209 5
17 215 3
18 205 4
19 213 3
20 214 5
21 213 3
22 209 9
23 205 10
24 219 0
25 206 1
26 207 6
27 210 9
28 204 9
29 206 10
30 207 42
31 214 32
32 219 43
33 212 48
34 211 35
35 217 42
36 205 35
37 217 34
38 206 33
39 206 37
40 209 42
41 210 33
42 213 35
43 215 48
44 218 39
45 219 49
46 211 48
47 210 37
48 208 39
49 216 47
50 218 48
51 203 40
52 217 44
53 207 40
54 217 43
55 210 45
56 217 47
57 215 33
58 207 34
59 204 33
60 71 9
61 88 9
62 83 11
63 83 1
64 71 11
65 79 5
66 83 8
67 72 10
68 76 6
69 85 2
70 73 8
71 79 10
72 79 6
73 85 6
74 78 8
75 83 5
76 82 5
77 80 1
78 74 0
79 86 11
80 75 8
81 71 9
82 88 4
83 83 11
84 75 1
85 79 0
86 87 2
87 84 6
88 84 1
89 199 190
90 187 197
91 190 198
92 189 195
93 189 187
94 185 188
95 187 197
96 198 196
97 195 186
98 193 192
99 187 194
100 202 194
101 185 193
102 196 185
103 190 186
104 186 190
105 196 195
106 199 196
107 194 198
108 200 198
109 192 189
110 197 185
111 116 71
112 116 76
113 107 81
114 108 87
115 119 76
116 114 82
117 110 87
118 123 72
119 114 88
120 116 79
121 121 72
122 111 81
123 123 82
124 123 79
125 111 72
126 109 85
127 119 79
128 123 76
129 113 83
130 107 78
131 107 84
132 124 71
133 111 82
134 120 74
135 116 71
136 111 87
137 116 73
138 111 82
139 107 84
140 123 72
141 127 17
142 131 19
143 137 27
144 136 15
145 134 13
146 125 28
147 139 30
148 127 20
149 138 24
150 132 28
151 130 25
152 129 16
153 137 22
154 129 15
155 127 13
156 130 23
157 131 13
158 132 21
159 125 29
160 138 31
161 128 20
162 131 23
163 125 25
164 135 31
165 137 24
166 125 27
167 127 23
168 128 20
169 125 20
170 131 25
171 59 51
172 67 59
173 53 52
174 69 51
175 67 59
176 62 61
177 52 62
178 58 67
179 58 64
180 51 57
181 64 54
182 65 62
183 66 68
184 61 54
185 54 68
186 56 55
187 69 55
188 57 56
189 59 55
190 52 62
191 66 57
192 66 52
193 102 192
194 102 198
195 93 194
196 94 195
197 90 202
198 89 185
199 106 198
200 93 185
201 98 185
202 100 190
203 102 193
204 101 185
205 91 188
206 98 195
207 104 190
208 97 191
209 105 195
210 92 189
211 99 195
212 106 194
213 95 186
214 106 187
215 97 202
216 105 192
217 98 202
218 100 193
219 103 198
220 90 194
221 102 191
222 105 202
223 14 155
224 26 168
225 27 158
226 25 167
227 30 159
228 14 161
229 21 156
230 20 164
231 19 166
232 15 166
233 15 156
234 31 165
235 16 156
236 30 157
237 15 157
238 31 166
239 26 167
240 19 165
241 12 167
242 27 159
243 17 158
244 20 167
245 12 155
246 23 166
247 24 158
248 23 166
249 16 159
250 16 155
251 25 169
252 16 155
253 117 35
254 109 41
255 122 33
256 120 34
257 120 50
258 108 37
259 124 33
260 117 50
261 116 36
262 121 34
263 121 44
264 124 33
265 107 48
266 119 33
267 110 49
268 121 43
269 117 41
270 119 46
271 113 46
272 115 42
273 116 48
274 124 46
275 107 34
276 124 34
277 111 47
278 107 47
279 119 41
280 116 32
281 119 37
282 116 38
283 86 125
284 83 125
285 73 127
286 75 132
287 75 135
288 70 139
289 87 134
290 70 138
291 79 137
292 84 137
293 70 126
294 70 134
295 79 131
296 73 127
297 86 126
298 73 128
299 86 127
300 88 138
301 76 139
302 82 134
303 80 126
304 85 133
305 72 138
306 70 128
307 82 129
308 82 137
309 85 130
310 70 139
311 85 139
312 73 127
313 164 97
314 160 103
315 165 96
316 163 98
317 163 92
318 165 93
319 157 101
320 169 106
321 168 98
322 155 91
323 163 101
324 163 94
325 155 98
326 163 97
327 166 101
328 169 90
329 162 94
330 160 94
331 158 89
332 156 104
333 162 99
334 155 104
335 167 105
336 167 91
337 156 99
338 166 106
339 157 93
340 168 101
341 160 89
342 155 100
343 104 147
344 93 150
345 99 149
346 92 147
347 92 150
348 89 140
349 89 150
350 105 154
351 105 145
352 93 153
353 93 144
354 98 146
355 94 147
356 95 150
357 106 152
358 103 150
359 105 147
360 105 146
361 101 144
362 101 143
363 105 141
364 101 143
365 89 141
366 101 154
367 96 144
368 92 149
369 94 148
370 102 147
371 93 143
372 102 142
373 162 199
374 158 189
375 160 189
376 164 189
377 165 199
378 161 185
379 165 194
380 162 190
381 169 188
382 156 193
383 156 200
384 168 202
385 169 199
386 156 187
387 159 202
388 163 196
389 156 196
390 161 191
391 162 189
392 164 202
393 163 185
394 159 192
395 157 190
396 157 190
397 167 192
398 158 187
399 155 197
400 160 195
401 168 190
402 169 185
403 184 146
404 175 151
405 171 141
406 182 154
407 184 150
408 177 146
409 179 150
410 176 145
411 170 150
412 176 144
413 170 143
414 183 142
415 175 143
416 182 140
417 173 154
418 178 143
419 173 143
420 175 149
421 170 153
422 170 152
423 184 144
424 178 152
425 178 145
426 174 143
427 173 152
428 171 149
429 173 150
430 174 147
431 175 148
432 183 149
433 155 138
434 169 133
435 159 127
436 159 128
437 155 133
438 159 130
439 158 137
440 166 135
441 167 129
442 162 138
443 159 136
444 156 133
445 159 133
446 158 125
447 162 126
448 169 134
449 169 125
450 164 138
451 163 135
452 168 132
453 156 128
454 161 134
455 156 133
456 161 128
457 164 129
458 159 129
459 162 138
460 168 139
461 165 125
462 166 128
463 183 19
464 171 14
465 183 22
466 176 16
467 178 28
468 172 18
469 177 13
470 184 16
471 180 23
472 172 19
473 170 18
474 173 14
475 179 22
476 174 15
477 177 19
478 178 25
479 175 30
480 183 25
481 181 20
482 180 17
483 174 16
484 180 24
485 179 14
486 180 18
487 177 18
488 171 13
489 171 19
490 177 23
491 184 31
492 172 19
493 147 214
494 152 216
495 146 212
496 150 216
497 148 212
498 141 209
499 141 212
500 146 217
501 148 205
502 148 204
503 145 208
504 150 208
505 149 219
506 140 211
507 140 204
508 150 216
509 148 204
510 148 203
511 143 208
512 147 219
513 147 204
514 145 217
515 142 210
516 153 218
517 149 219
518 152 217
519 149 206
520 142 214
521 145 211
522 144 210
523 140 163
524 142 169
525 153 167
526 142 160
527 140 155
528 146 166
529 152 163
530 147 155
531 149 158
532 145 168
533 144 169
534 142 159
535 150 169
536 151 157
537 148 157
538 144 155
539 149 157
540 146 162
541 145 159
542 142 156
543 152 167
544 154 160
545 140 157
546 141 162
547 140 163
548 143 162
549 153 160
550 145 166
551 144 162
552 148 155
553 68 143
554 67 142
555 55 145
556 56 146
557 54 151
558 56 152
559 52 150
560 53 149
561 57 143
562 63 150
563 68 142
564 53 142
565 54 151
566 57 141
567 54 145
568 61 153
569 59 150
570 68 141
571 61 148
572 66 151
573 69 147
574 61 146
575 53 146
576 69 152
577 52 151
578 60 144
579 52 143
580 55 149
581 69 142
582 67 151
583 150 121
584 152 114
585 150 121
586 142 115
587 149 122
588 142 123
589 148 121
590 142 122
591 151 123
592 147 111
593 149 109
594 150 111
595 142 110
596 141 119
597 148 114
598 143 122
599 148 117
600 151 116
601 145 119
602 140 111
603 150 124
604 143 112
605 141 110
606 149 123
607 153 121
608 144 113
609 154 109
610 143 118
611 151 124
612 147 108
613 155 147
614 162 152
615 165 147
616 163 145
617 167 146
618 167 141
619 162 146
620 165 147
621 160 151
622 160 154
623 156 154
624 157 141
625 163 146
626 165 140
627 169 142
628 168 140
629 161 142
630 157 143
631 165 145
632 161 141
633 156 147
634 165 142
635 156 145
636 160 150
637 163 149
638 155 140
639 164 147
640 158 142
641 161 146
642 163 146
643 201 11
644 190 1
645 192 11
646 199 7
647 187 2
648 202 6
649 186 11
650 187 0
651 200 7
652 190 8
653 189 5
654 202 1
655 188 0
656 189 10
657 194 4
658 190 6
659 198 5
660 199 0
661 194 8
662 192 6
663 195 8
664 188 4
665 202 5
666 195 9
667 201 9
668 197 7
669 201 5
670 194 8
671 199 0
672 62 137
673 69 138
674 67 131
675 62 139
676 61 135
677 56 127
678 64 134
679 51 129
680 59 129
681 60 130
682 57 132
683 54 129
684 58 139
685 56 125
686 57 138
687 60 139
688 52 131
689 68 137
690 54 135
691 63 138
692 66 136
693 67 131
694 58 134
695 56 126
696 58 127
697 65 136
698 58 130
699 67 137
700 57 139
701 64 128
702 142 179
703 140 183
704 140 184
705 143 170
706 151 171
707 150 176
708 149 180
709 149 173
710 145 183
711 154 170
712 145 178
713 152 180
714 146 174
715 143 178
716 151 182
717 140 182
718 146 171
719 149 176
720 149 180
721 154 182
722 145 179
723 145 184
724 146 172
725 150 175
726 142 182
727 141 177
728 153 170
729 152 183
730 150 180
731 142 177
732 99 89
733 96 91
734 106 89
735 95 102
736 106 90
737 106 99
738 96 94
739 89 95
740 93 91
741 96 100
742 104 93
743 97 93
744 90 97
745 90 105
746 105 104
747 96 97
748 100 97
749 89 92
750 96 106
751 103 99
752 97 101
753 96 89
754 204 117
755 209 123
756 209 111
757 216 118
758 213 115
759 216 108
760 217 119
761 215 121
762 206 110
763 205 109
764 219 112
765 217 118
766 216 117
767 210 123
768 209 121
769 205 110
770 209 108
771 215 122
772 218 107
773 212 124
774 210 108
775 206 107
776 207 118
777 207 119
778 204 123
779 205 123
780 209 119
781 208 109
782 204 114
783 205 120
784 161 0
785 162 0
786 165 5
787 167 7
788 163 6
789 168 9
790 169 2
791 168 3
792 166 3
793 164 9
794 165 3
795 169 11
796 165 0
797 169 3
798 166 11
799 158 0
800 169 4
801 162 1
802 163 11
803 162 11
804 157 10
805 167 3
806 159 4
807 165 9
808 168 10
809 168 3
810 166 1
811 166 10
812 139 11
813 132 0
814 125 9
815 129 11
816 137 8
817 136 11
818 127 10
819 139 10
820 136 5
821 131 8
822 131 2
823 128 3
824 127 2
825 129 7
826 135 4
827 127 4
828 129 10
829 126 1
830 129 9
831 133 4
832 134 0
833 136 1
834 126 8
835 139 8
836 135 10
837 136 2
838 130 3
839 126 4
840 138 10
841 25 77
842 15 78
843 15 88
844 21 86
845 17 77
846 30 72
847 26 87
848 17 75
849 16 88
850 29 73
851 17 75
852 28 88
853 21 79
854 26 82
855 31 73
856 13 82
857 30 82
858 15 83
859 16 73
860 24 84
861 29 84
862 12 73
863 30 79
864 21 84
865 12 70
866 30 77
867 16 81
868 13 78
869 13 72
870 25 77
871 219 206
872 213 210
873 218 210
874 213 203
875 219 205
876 214 216
877 210 206
878 215 206
879 212 205
880 210 212
881 205 218
882 206 212
883 205 208
884 212 211
885 213 215
886 207 208
887 217 216
888 218 217
889 95 28
890 100 21
891 99 31
892 93 28
893 103 22
894 96 24
895 97 21
896 99 24
897 105 12
898 105 13
899 96 28
900 101 29
901 102 22
902 97 25
903 90 12
904 105 30
905 97 29
906 102 24
907 100 24
908 94 25
909 105 15
910 95 31
911 91 29
912 100 12
913 95 12
914 98 24
915 93 31
916 93 20
917 89 12
918 102 12
919 91 201
920 90 186
921 103 200
922 103 187
923 94 195
924 97 200
925 105 188
926 95 195
927 106 189
928 102 198
929 105 198
930 106 195
931 91 186
932 99 198
933 101 197
934 90 201
935 99 195
936 103 196
937 104 186
938 97 186
939 91 185
940 104 192
941 99 199
942 106 201
943 93 195
944 94 195
945 94 190
946 106 201
947 100 194
948 95 188
949 117 8
950 109 4
951 111 6
952 117 11
953 109 7
954 108 8
955 115 0
956 115 5
957 116 6
958 124 3
959 124 3
960 124 2
961 115 7
962 117 5
963 118 1
964 124 2
965 116 1
966 110 6
967 123 6
968 118 10
969 109 10
970 111 11
971 123 1
972 123 9
973 120 2
974 116 4
975 113 11
976 110 2
977 121 2
978 122 9
979 107 141
980 115 142
981 109 142
982 118 144
983 108 152
984 116 140
985 112 152
986 109 147
987 107 147
988 115 142
989 110 152
990 116 147
991 124 154
992 114 140
993 111 148
994 107 147
995 119 142
996 121 145
997 114 141
998 113 154
999 117 153
1000 122 148
1001 110 144
1002 108 145
1003 109 151
1004 108 145
1005 115 148
1006 114 143
1007 115 154
1008 121 154
1009 153 191
1010 154 199
1011 153 192
1012 147 187
1013 141 200
1014 151 198
1015 146 201
1016 147 201
1017 144 199
1018 144 201
1019 146 185
1020 148 196
1021 147 192
1022 146 197
1023 150 190
1024 140 194
1025 145 201
1026 149 194
1027 149 197
1028 149 200
1029 145 195
1030 143 198
1031 143 197
1032 143 193
1033 150 187
1034 150 201
1035 140 202
1036 143 198
1037 151 193
1038 148 195
1039 177 69
1040 177 54
1041 177 61
1042 176 52
1043 170 67
1044 177 57
1045 178 56
1046 170 58
1047 181 63
1048 183 69
1049 171 54
1050 182 57
1051 177 51
1052 182 60
1053 171 56
1054 184 66
1055 172 58
1056 171 65
1057 177 59
1058 179 55
1059 183 69
1060 170 65
1061 177 63
1062 182 53
1063 176 56
1064 178 65
1065 179 59
1066 183 55
1067 170 55
1068 177 60
1069 30 14
1070 24 26
1071 12 21
1072 29 24
1073 20 28
1074 30 19
1075 12 23
1076 16 20
1077 17 31
1078 13 21
1079 21 12
1080 13 28
1081 14 22
1082 15 30
1083 20 26
1084 15 16
1085 27 16
1086 18 23
1087 12 21
1088 28 24
1089 16 27
1090 12 28
1091 13 12
1092 15 28
1093 22 18
1094 21 23
1095 59 98
1096 65 89
1097 64 97
1098 55 100
1099 55 96
1100 59 91
1101 55 104
1102 64 90
1103 65 91
1104 51 91
1105 60 102
1106 54 106
1107 56 106
1108 51 100
1109 58 93
1110 65 101
1111 64 103
1112 69 101
1113 61 98
1114 53 95
1115 52 100
1116 53 93
1117 53 89
1118 54 104
1119 56 104
1120 53 101
1121 64 102
1122 52 92
1123 53 94
1124 68 91
1125 76 138
1126 74 131
1127 77 137
1128 77 137
1129 86 125
1130 74 129
1131 84 136
1132 71 130
1133 70 125
1134 76 135
1135 80 133
1136 85 126
1137 83 131
1138 79 128
1139 79 125
1140 86 130
1141 71 130
1142 80 131
1143 72 132
1144 79 135
1145 83 127
1146 84 126
1147 84 128
1148 75 127
1149 77 136
1150 75 136
1151 83 130
1152 75 135
1153 78 138
1154 74 136
1155 43 98
1156 50 89
1157 44 100
1158 41 99
1159 36 90
1160 36 101
1161 33 101
1162 48 99
1163 46 95
1164 39 96
1165 36 106
1166 34 106
1167 42 91
1168 33 104
1169 33 89
1170 44 93
1171 49 92
1172 43 89
1173 42 92
1174 40 99
1175 38 101
1176 33 95
1177 37 91
1178 44 97
1179 44 100
1180 47 99
1181 39 91
1182 46 93
1183 37 103
1184 45 101
1185 136 115
1186 126 110
1187 129 117
1188 139 117
1189 139 122
1190 125 117
1191 136 113
1192 127 114
1193 139 108
1194 133 112
1195 126 113
1196 125 115
1197 126 124
1198 129 124
1199 139 121
1200 126 108
1201 130 123
1202 134 114
1203 137 107
1204 128 116
1205 136 111
1206 127 108
1207 133 123
1208 137 117
1209 137 122
1210 132 117
1211 131 108
1212 134 118
1213 138 119
1214 128 113
1215 138 65
1216 135 54
1217 125 58
1218 132 60
1219 137 62
1220 136 51
1221 134 59
1222 138 57
1223 131 52
1224 137 65
1225 126 52
1226 137 68
1227 129 63
1228 133 69
1229 134 67
1230 130 63
1231 134 60
1232 131 64
1233 134 67
1234 128 66
1235 126 69
1236 125 54
1237 136 52
1238 139 55
1239 125 55
1240 126 64
1241 139 57
1242 133 60
1243 131 62
1244 128 64
1245 142 155
1246 151 156
1247 154 163
1248 145 156
1249 143 161
1250 141 164
1251 144 167
1252 146 168
1253 149 168
1254 142 162
1255 142 168
1256 142 156
1257 142 163
1258 153 156
1259 152 162
1260 151 161
1261 142 167
1262 142 161
1263 141 156
1264 141 166
1265 143 157
1266 149 163
1267 143 156
1268 154 155
1269 142 163
1270 140 162
1271 142 157
1272 148 169
1273 141 159
1274 141 166
1275 204 143
1276 215 141
1277 206 146
1278 203 146
1279 209 143
1280 214 140
1281 208 148
1282 212 148
1283 218 151
1284 215 153
1285 204 142
1286 206 141
1287 214 153
1288 216 143
1289 217 147
1290 207 153
1291 206 148
1292 217 141
1293 207 152
1294 203 147
1295 210 145
1296 205 146
1297 212 146
1298 206 144
1299 215 148
1300 209 141
1301 207 150
1302 209 148
1303 204 149
1304 207 153
1305 28 1
1306 19 3
1307 27 1
1308 27 4
1309 29 9
1310 21 2
1311 14 6
1312 22 0
1313 18 6
1314 14 10
1315 24 9
1316 21 3
1317 13 3
1318 19 3
1319 21 9
1320 18 7
1321 25 3
1322 30 10
1323 29 11
1324 23 6
1325 13 10
1326 21 3
1327 23 2
1328 26 9
1329 20 10
1330 31 0
1331 26 4
1332 25 1
1333 9 71
1334 6 72
1335 8 77
1336 2 85
1337 0 85
1338 9 87
1339 2 83
1340 1 81
1341 11 83
1342 4 84
1343 11 85
1344 1 85
1345 7 84
1346 6 85
1347 0 80
1348 1 73
1349 11 80
1350 8 78
1351 9 87
1352 11 77
1353 9 74
1354 8 83
1355 2 80
1356 0 76
1357 0 78
1358 7 88
1359 1 74
1360 9 78
1361 2 76
1362 10 157
1363 5 161
1364 7 166
1365 11 160
1366 0 163
1367 7 164
1368 3 155
1369 3 158
1370 10 168
1371 7 163
1372 0 165
1373 0 166
1374 9 169
1375 6 160
1376 10 158
1377 7 158
1378 7 162
1379 9 158
1380 11 167
1381 2 162
1382 0 156
1383 4 160
1384 9 158
1385 2 163
1386 3 161
1387 8 169
1388 1 158
1389 5 159
1390 9 166
1391 4 166
1392 73 165
1393 70 159
1394 75 159
1395 84 159
1396 80 163
1397 72 164
1398 84 161
1399 76 162
1400 72 158
1401 77 160
1402 71 166
1403 75 156
1404 73 167
1405 71 168
1406 80 162
1407 74 156
1408 84 159
1409 77 166
1410 75 169
1411 79 156
1412 85 165
1413 70 169
1414 83 164
1415 76 163
1416 72 162
1417 80 161
1418 77 161
1419 77 158
1420 83 155
1421 81 162
1422 185 196
1423 191 196
1424 187 198
1425 195 191
1426 191 192
1427 198 189
1428 187 192
1429 193 187
1430 199 198
1431 200 195
1432 189 196
1433 198 192
1434 198 191
1435 187 198
1436 199 200
1437 190 188
1438 190 197
1439 191 202
1440 191 193
1441 39 52
1442 34 51
1443 43 58
1444 36 57
1445 50 64
1446 33 69
1447 36 55
1448 40 61
1449 33 51
1450 46 55
1451 40 64
1452 42 58
1453 48 68
1454 40 57
1455 35 65
1456 37 52
1457 47 62
1458 49 52
1459 40 56
1460 32 51
1461 41 55
1462 50 52
1463 34 63
1464 33 56
1465 39 56
1466 43 62
1467 44 69
1468 38 64
1469 46 63
1470 34 54
1471 83 102
1472 75 94
1473 80 104
1474 88 94
1475 74 100
1476 85 100
1477 79 91
1478 82 105
1479 74 105
1480 79 97
1481 88 95
1482 78 96
1483 83 103
1484 73 91
1485 86 106
1486 86 105
1487 84 92
1488 72 90
1489 73 97
1490 87 100
1491 73 93
1492 78 96
1493 73 102
1494 82 106
1495 84 104
1496 76 106
1497 76 104
1498 87 106
1499 73 98
1500 86 91
1501 135 34
1502 137 49
1503 138 49
1504 135 40
1505 125 49
1506 132 47
1507 125 48
1508 139 32
1509 126 33
1510 130 46
1511 138 36
1512 128 43
1513 136 44
1514 133 37
1515 125 44
1516 129 39
1517 126 36
1518 138 50
1519 129 44
1520 134 38
1521 135 42
1522 134 49
1523 134 43
1524 130 48
1525 133 44
1526 139 49
1527 135 47
1528 128 40
1529 138 32
1530 125 45
1531 1 68
1532 5 62
1533 11 67
1534 6 57
1535 9 59
1536 0 69
1537 4 68
1538 2 62
1539 11 56
1540 7 59
1541 5 59
1542 0 51
1543 2 57
1544 10 56
1545 9 69
1546 1 59
1547 0 61
1548 5 55
1549 2 55
1550 3 56
1551 7 63
1552 4 59
1553 8 53
1554 11 51
1555 1 55
1556 4 54
1557 4 60
1558 6 67
1559 4 57
1560 7 65
1561 152 142
1562 151 150
1563 154 150
1564 143 141
1565 145 144
1566 146 144
1567 147 143
1568 144 142
1569 153 140
1570 143 146
1571 144 142
1572 145 153
1573 153 144
1574 140 144
1575 151 144
1576 153 146
1577 140 150
1578 142 144
1579 154 153
1580 140 147
1581 141 152
1582 109 150
1583 111 142
1584 117 148
1585 107 150
1586 121 141
1587 112 145
1588 118 147
1589 114 151
1590 124 147
1591 114 144
1592 109 143
1593 121 149
1594 110 140
1595 107 145
1596 112 145
1597 109 142
1598 116 153
1599 116 141
1600 120 146
1601 124 152
1602 112 153
1603 112 140
1604 120 146
1605 116 140
1606 117 153
1607 120 143
1608 114 153
1609 111 152
1610 115 140
1611 117 141
1612 25 74
1613 28 76
1614 31 86
1615 19 72
1616 20 81
1617 16 71
1618 19 74
1619 29 88
1620 19 86
1621 12 85
1622 18 72
1623 21 83
1624 23 80
1625 22 84
1626 30 80
1627 15 74
1628 21 78
1629 21 71
1630 19 87
1631 20 88
1632 31 77
1633 20 78
1634 27 74
1635 30 75
1636 19 73
1637 18 86
1638 20 81
1639 20 83
1640 18 72
1641 22 74
1642 112 80
1643 110 85
1644 120 78
1645 121 71
1646 111 72
1647 122 70
1648 123 78
1649 116 85
1650 112 85
1651 113 84
1652 110 77
1653 116 80
1654 111 81
1655 114 88
1656 120 87
1657 121 86
1658 120 75
1659 118 74
1660 114 71
1661 116 82
1662 116 77
1663 123 87
1664 109 74
1665 118 85
1666 120 82
1667 109 71
1668 121 72
1669 117 74
1670 111 70
1671 112 73
1672 30 191
1673 24 188
1674 30 185
1675 25 185
1676 22 193
1677 15 185
1678 30 190
1679 30 189
1680 30 185
1681 15 189
1682 24 198
1683 22 189
1684 31 185
1685 26 189
1686 25 192
1687 31 202
1688 22 185
1689 20 193
1690 12 195
1691 30 187
1692 20 186
1693 12 188
1694 19 188
1695 30 187
1696 24 186
1697 30 201
1698 27 189
1699 27 185
1700 26 198
1701 21 193
1702 107 29
1703 114 19
1704 110 30
1705 123 24
1706 108 16
1707 118 29
1708 120 19
1709 122 26
1710 115 21
1711 119 15
1712 115 20
1713 122 27
1714 124 20
1715 117 25
1716 119 25
1717 116 14
1718 118 16
1719 115 25
1720 111 21
1721 113 15
1722 123 18
1723 123 16
1724 115 16
1725 107 19
1726 111 20
1727 122 21
1728 122 16
1729 112 17
1730 120 15
1731 119 14
1732 178 106
1733 180 94
1734 175 90
1735 179 106
1736 171 98
1737 182 103
1738 184 101
1739 178 102
1740 177 103
1741 178 105
1742 170 103
1743 176 100
1744 182 92
1745 184 96
1746 173 96
1747 171 97
1748 180 104
1749 171 92
1750 183 95
1751 184 101
1752 172 89
1753 180 93
1754 174 101
1755 183 100
1756 170 96
1757 183 96
1758 178 97
1759 171 100
1760 176 89
1761 171 99
1762 39 153
1763 48 146
1764 36 149
1765 33 150
1766 45 141
1767 50 149
1768 32 143
1769 35 152
1770 41 144
1771 46 146
1772 49 154
1773 50 154
1774 32 149
1775 42 153
1776 36 149
1777 38 152
1778 39 151
1779 40 150
1780 46 148
1781 47 142
1782 46 150
1783 39 147
1784 33 146
1785 43 151
1786 43 145
1787 36 151
1788 46 142
1789 32 145
1790 45 153
1791 48 153
1792 82 197
1793 74 201
1794 79 202
1795 75 199
1796 83 200
1797 83 189
1798 84 192
1799 72 191
1800 81 202
1801 77 195
1802 80 188
1803 86 189
1804 85 201
1805 82 200
1806 83 187
1807 80 199
1808 88 196
1809 82 190
1810 73 191
1811 88 202
1812 75 196
1813 77 189
1814 74 188
1815 82 193
1816 87 187
1817 75 199
1818 82 199
1819 77 185
1820 71 201
1821 72 198
1822 190 11
1823 187 9
1824 202 9
1825 194 3
1826 194 7
1827 196 1
1828 199 4
1829 198 5
1830 187 2
1831 191 0
1832 191 0
1833 190 5
1834 202 1
1835 193 6
1836 196 2
1837 201 3
1838 192 0
1839 185 5
1840 191 9
1841 192 4
1842 191 3
1843 194 8
1844 201 4
1845 193 6
1846 187 6
1847 186 6
1848 201 9
1849 186 9
1850 186 4
1851 194 10
1852 132 207
1853 132 213
1854 133 205
1855 128 204
1856 135 213
1857 131 207
1858 131 204
1859 133 208
1860 132 218
1861 132 216
1862 129 218
1863 133 203
1864 139 209
1865 129 206
1866 130 204
1867 133 214
1868 130 205
1869 136 210
1870 125 217
1871 137 205
1872 137 211
1873 133 206
1874 131 208
1875 129 213
1876 135 215
1877 137 216
1878 129 209
1879 131 205
1880 139 216
1881 139 216
1882 19 219
1883 18 216
1884 12 209
1885 24 205
1886 29 207
1887 21 213
1888 18 214
1889 14 210
1890 19 204
1891 30 210
1892 26 203
1893 27 207
1894 21 206
1895 12 204
1896 22 207
1897 18 217
1898 26 211
1899 31 219
1900 16 215
1901 12 205
1902 29 210
1903 17 206
1904 21 210
1905 19 208
1906 17 212
1907 14 208
1908 24 219
1909 27 206
1910 21 211
1911 22 207
1912 106 89
1913 102 99
1914 94 104
1915 93 89
1916 93 92
1917 93 104
1918 97 106
1919 104 106
1920 93 105
1921 106 98
1922 92 93
1923 95 100
1924 98 102
1925 94 101
1926 106 99
1927 90 99
1928 95 103
1929 96 100
1930 102 92
1931 99 101
1932 104 92
1933 102 97
1934 97 93
1935 104 97
1936 154 216
1937 147 209
1938 143 216
1939 141 213
1940 151 206
1941 149 216
1942 151 210
1943 146 213
1944 140 216
1945 147 204
1946 153 207
1947 150 212
1948 141 205
1949 144 204
1950 146 206
1951 140 219
1952 145 205
1953 150 217
1954 150 209
1955 152 206
1956 151 211
1957 149 215
1958 149 216
1959 152 216
1960 145 215
1961 151 211
1962 152 207
1963 144 214
1964 153 217
1965 154 212
1966 132 114
1967 133 109
1968 139 114
1969 134 112
1970 133 118
1971 127 117
1972 132 121
1973 132 119
1974 128 111
1975 134 111
1976 135 123
1977 129 118
1978 125 111
1979 132 113
1980 129 108
1981 130 114
1982 133 115
1983 131 117
1984 134 115
1985 135 111
1986 139 107
1987 133 117
1988 129 123
1989 139 117
1990 125 115
1991 126 124
1992 138 124
1993 127 115
1994 135 119
1995 131 111
1996 27 64
1997 21 54
1998 12 67
1999 12 67
2000 22 63
2001 20 54
2002 12 65
2003 14 54
2004 16 67
2005 24 63
2006 29 66
2007 18 52
2008 24 66
2009 18 51
2010 13 52
2011 26 52
2012 14 59
2013 24 54
2014 17 67
2015 24 56
2016 20 62
2017 25 59
2018 31 56
2019 19 53
2020 29 63
2021 20 58
2022 12 52
2023 14 58
2024 25 64
2025 19 68
2026 111 49
2027 116 33
2028 123 33
2029 122 43
2030 122 41
2031 112 34
2032 116 48
2033 108 49
2034 117 34
2035 121 45
2036 112 39
2037 113 48
2038 119 39
2039 115 45
2040 117 49
2041 109 50
2042 114 49
2043 122 47
2044 108 46
2045 119 36
2046 120 35
2047 111 46
2048 120 34
2049 119 39
2050 108 50
2051 109 49
2052 112 37
2053 115 48
2054 119 39
2055 110 48
2056 110 75
2057 112 76
2058 109 85
2059 114 75
2060 107 87
2061 115 83
2062 116 70
2063 110 88
2064 121 75
2065 113 83
2066 121 79
2067 122 88
2068 118 71
2069 112 78
2070 116 87
2071 107 79
2072 119 80
2073 111 74
2074 121 81
2075 116 75
2076 121 74
2077 114 88
2078 120 83
2079 116 88
2080 116 71
2081 109 71
2082 114 74
2083 118 70
2084 114 82
2085 107 78
2086 136 144
2087 135 147
2088 137 140
2089 139 144
2090 135 140
2091 128 144
2092 132 146
2093 129 145
2094 135 142
2095 136 141
2096 132 152
2097 131 149
2098 133 143
2099 136 151
2100 130 153
2101 127 151
2102 133 144
2103 134 142
2104 134 148
2105 128 150
2106 136 145
2107 139 149
2108 136 148
2109 131 146
2110 126 143
2111 138 146
2112 132 145
2113 135 144
2114 134 151
2115 136 140
2116 112 177
2117 119 181
2118 113 184
2119 116 184
2120 119 171
2121 117 181
2122 111 175
2123 121 179
2124 116 184
2125 116 176
2126 110 184
2127 115 182
2128 116 182
2129 119 175
2130 110 181
2131 121 181
2132 107 179
2133 122 175
2134 117 174
2135 111 180
2136 109 184
2137 122 171
2138 124 176
2139 123 184
2140 107 175
2141 124 174
2142 121 184
2143 114 176
2144 115 182
2145 122 178
2146 140 43
2147 140 43
2148 142 49
2149 150 39
2150 154 42
2151 149 39
2152 153 38
2153 148 50
2154 152 50
2155 145 40
2156 143 37
2157 149 43
2158 152 32
2159 149 44
2160 154 48
2161 141 44
2162 146 35
2163 151 32
2164 140 34
2165 153 50
2166 147 38
2167 148 50
2168 149 49
2169 153 40
2170 140 32
2171 143 48
2172 150 35
2173 148 37
2174 145 48
2175 154 39
2176 109 209
2177 111 215
2178 109 217
2179 112 205
2180 119 204
2181 123 218
2182 116 219
2183 113 203
2184 110 209
2185 111 216
2186 116 211
2187 124 209
2188 111 207
2189 107 212
2190 117 212
2191 115 212
2192 109 214
2193 108 209
2194 113 213
2195 115 208
2196 115 204
2197 112 207
2198 123 204
2199 118 213
2200 113 207
2201 124 207
2202 114 219
2203 108 204
2204 117 206
2205 118 210
2206 150 5
2207 146 10
2208 143 3
2209 153 3
2210 148 10
2211 142 11
2212 154 4
2213 150 3
2214 145 11
2215 152 9
2216 141 3
2217 152 11
2218 145 10
2219 145 11
2220 145 6
2221 149 11
2222 148 0
2223 144 11
2224 153 3
2225 151 6
2226 150 0
2227 147 4
2228 151 0
2229 153 0
2230 149 6
2231 149 4
2232 141 7
2233 140 5
2234 151 0
2235 146 1
2236 116 31
2237 118 15
2238 107 28
2239 122 30
2240 119 20
2241 120 20
2242 107 19
2243 112 15
2244 115 22
2245 110 18
2246 112 21
2247 117 12
2248 109 28
2249 116 31
2250 124 27
2251 123 25
2252 110 14
2253 123 20
2254 109 27
2255 112 28
2256 118 23
2257 123 25
2258 123 25
2259 112 25
2260 116 26
2261 122 19
2262 107 24
2263 116 16
2264 124 29
2265 109 19
2266 0 188
2267 1 195
2268 7 197
2269 3 197
2270 1 188
2271 10 202
2272 0 194
2273 8 192
2274 2 188
2275 5 201
2276 11 191
2277 10 200
2278 2 196
2279 7 197
2280 6 201
2281 7 198
2282 5 189
2283 3 200
2284 8 195
2285 9 190
2286 10 195
2287 6 193
2288 2 188
2289 0 189
2290 1 186
2291 11 187
2292 1 202
2293 2 193
2294 10 193
2295 9 134
2296 5 134
2297 4 127
2298 0 131
2299 9 136
2300 2 137
2301 6 133
2302 9 127
2303 5 137
2304 3 127
2305 5 127
2306 6 128
2307 7 136
2308 3 136
2309 1 129
2310 2 138
2311 3 130
2312 1 129
2313 4 135
2314 3 139
2315 2 137
2316 4 137
2317 1 139
2318 0 131
2319 0 130
2320 1 133
2321 87 33
2322 81 43
2323 84 40
2324 74 34
2325 82 49
2326 86 33
2327 74 37
2328 85 36
2329 88 39
2330 86 34
2331 74 50
2332 87 35
2333 76 48
2334 70 46
2335 83 43
2336 75 46
2337 70 39
2338 70 36
2339 70 39
2340 85 41
2341 81 41
2342 80 34
2343 86 32
2344 78 40
2345 81 36
2346 75 50
2347 74 34
2348 78 41
2349 86 33
2350 78 43
2351 101 47
2352 91 46
2353 94 37
2354 89 42
2355 106 36
2356 101 40
2357 93 42
2358 100 34
2359 100 41
2360 102 39
2361 105 34
2362 95 47
2363 106 34
2364 99 50
2365 105 44
2366 106 35
2367 104 36
2368 93 39
2369 98 46
2370 93 44
2371 106 43
2372 101 40
2373 97 42
2374 92 37
2375 96 33
2376 95 38
2377 94 46
2378 106 38
2379 94 45
2380 103 37
2381 50 18
2382 49 31
2383 42 21
2384 36 16
2385 40 27
2386 39 20
2387 36 29
2388 47 13
2389 46 30
2390 37 18
2391 42 14
2392 36 19
2393 45 28
2394 38 30
2395 40 16
2396 47 20
2397 50 24
2398 50 26
2399 45 14
2400 47 12
2401 40 31
2402 42 29
2403 49 16
2404 35 18
2405 42 20
2406 34 23
2407 44 23
2408 47 30
2409 36 23
2410 43 14
2411 34 198
2412 35 186
2413 40 193
2414 44 199
2415 47 201
2416 32 201
2417 43 202
2418 49 189
2419 37 201
2420 46 202
2421 50 189
2422 36 185
2423 38 194
2424 49 199
2425 35 198
2426 46 193
2427 41 195
2428 50 188
2429 33 194
2430 46 199
2431 32 194
2432 38 188
2433 48 192
2434 40 194
2435 47 189
2436 33 200
2437 32 196
2438 41 198
2439 37 194
2440 37 201
2441 202 168
2442 186 158
2443 187 161
2444 198 163
2445 190 159
2446 195 165
2447 195 161
2448 189 169
2449 195 168
2450 189 169
2451 194 167
2452 187 162
2453 198 164
2454 198 168
2455 201 167
2456 187 156
2457 202 159
2458 197 158
2459 196 168
2460 195 162
2461 189 164
2462 185 163
2463 187 168
2464 191 162
2465 186 164
2466 198 167
2467 202 169
2468 196 165
2469 192 158
2470 201 156
2471 135 203
2472 125 205
2473 129 212
2474 131 205
2475 136 215
2476 138 211
2477 126 211
2478 126 210
2479 132 207
2480 126 203
2481 130 209
2482 125 206
2483 134 207
2484 135 204
2485 128 217
2486 128 219
2487 129 215
2488 135 215
2489 134 215
2490 127 218
2491 132 216
2492 135 213
2493 129 211
2494 128 219
2495 126 219
2496 134 208
2497 130 203
2498 125 211
2499 138 206
2500 137 204
2501 58 137
2502 52 138
2503 58 133
2504 58 138
2505 58 127
2506 66 133
2507 56 139
2508 58 131
2509 55 130
2510 61 138
2511 64 129
2512 67 136
2513 60 136
2514 61 129
2515 54 125
2516 67 127
2517 62 136
2518 67 137
2519 65 125
2520 55 128
2521 55 131
2522 67 136
2523 57 129
2524 52 132
2525 63 129
2526 62 129
2527 65 127
2528 59 137
2529 63 133
2530 57 130
2531 14 95
2532 22 94
2533 25 91
2534 26 90
2535 18 103
2536 30 97
2537 31 93
2538 23 102
2539 16 100
2540 26 91
2541 24 99
2542 30 91
2543 15 96
2544 12 100
2545 30 103
2546 31 97
2547 21 102
2548 22 96
2549 19 102
2550 29 91
2551 20 100
2552 26 102
2553 26 89
2554 25 104
2555 21 106
2556 21 96
2557 31 99
2558 13 105
2559 29 101
2560 16 106
2561 0 74
2562 0 79
2563 2 73
2564 4 88
2565 3 86
2566 0 88
2567 3 83
2568 10 72
2569 4 85
2570 9 71
2571 11 75
2572 9 82
2573 3 76
2574 5 87
2575 4 80
2576 11 74
2577 5 84
2578 8 76
2579 2 79
2580 11 83
2581 10 72
2582 0 88
2583 2 80
2584 0 75
2585 11 87
2586 6 80
2587 0 86
2588 128 10
2589 135 5
2590 128 2
2591 135 0
2592 136 11
2593 133 6
2594 137 10
2595 133 2
2596 134 0
2597 132 11
2598 126 8
2599 139 7
2600 134 6
2601 138 4
2602 136 6
2603 130 8
2604 128 4
2605 131 6
2606 134 6
2607 129 11
2608 137 1
2609 138 10
2610 125 8
2611 130 7
2612 133 10
2613 136 5
2614 134 5
2615 126 5
2616 138 1
2617 126 2
2618 172 132
2619 177 136
2620 171 130
2621 170 138
2622 184 132
2623 175 133
2624 170 139
2625 175 136
2626 173 131
2627 181 131
2628 184 127
2629 173 137
2630 180 131
2631 181 138
2632 179 132
2633 175 137
2634 181 130
2635 173 125
2636 177 129
2637 176 138
2638 182 138
2639 174 132
2640 176 133
2641 184 125
2642 182 128
2643 183 127
2644 181 130
2645 173 138
2646 182 136
2647 173 135
2648 100 217
2649 97 210
2650 105 212
2651 90 205
2652 90 214
2653 95 204
2654 104 213
2655 100 205
2656 97 208
2657 96 208
2658 94 219
2659 104 209
2660 100 213
2661 97 208
2662 95 205
2663 99 210
2664 105 208
2665 105 206
2666 103 212
2667 98 218
2668 91 211
2669 100 206
2670 104 208
2671 99 209
2672 103 214
2673 92 203
2674 105 216
2675 90 212
2676 104 211
2677 98 205
2678 150 0
2679 148 7
2680 143 2
2681 153 8
2682 153 4
2683 152 6
2684 150 7
2685 143 10
2686 151 10
2687 152 9
2688 147 3
2689 143 8
2690 147 8
2691 152 8
2692 149 2
2693 147 4
2694 142 2
2695 147 6
2696 146 2
2697 147 11
2698 154 7
2699 141 2
2700 140 4
2701 150 5
2702 151 4
2703 143 1
2704 152 6
2705 153 4
2706 141 7
2707 141 3
2708 129 18
2709 129 30
2710 129 23
2711 128 14
2712 135 24
2713 127 31
2714 134 29
2715 130 28
2716 128 17
2717 125 30
2718 137 23
2719 127 27
2720 138 22
2721 132 31
2722 127 28
2723 126 15
2724 128 28
2725 132 27
2726 127 28
2727 127 14
2728 131 20
2729 125 31
2730 136 15
2731 136 13
2732 131 18
2733 129 24
2734 135 31
2735 135 24
2736 125 21
2737 136 24
2738 12 185
2739 24 199
2740 16 197
2741 18 194
2742 19 195
2743 25 200
2744 16 200
2745 30 195
2746 13 193
2747 29 201
2748 12 200
2749 15 197
2750 22 188
2751 29 202
2752 29 199
2753 26 185
2754 30 187
2755 19 186
2756 26 189
2757 16 193
2758 29 202
2759 15 200
2760 21 199
2761 22 197
2762 19 185
2763 21 195
2764 25 188
2765 24 200
2766 17 189
2767 16 192
2768 167 52
2769 169 60
2770 159 66
2771 163 66
2772 162 57
2773 160 57
2774 164 61
2775 159 56
2776 168 64
2777 165 58
2778 169 57
2779 168 54
2780 155 58
2781 155 69
2782 159 58
2783 168 57
2784 169 64
2785 164 64
2786 165 66
2787 159 66
2788 155 65
2789 165 56
2790 169 54
2791 157 51
2792 157 69
2793 159 66
2794 164 56
2795 155 57
2796 169 57
2797 169 55
2798 169 159
2799 160 159
2800 168 160
2801 163 167
2802 157 161
2803 162 167
2804 162 163
2805 155 161
2806 156 169
2807 160 159
2808 166 165
2809 162 166
2810 157 164
2811 168 165
2812 158 167
2813 160 161
2814 161 166
2815 161 160
2816 160 169
2817 158 165
2818 152 117
2819 151 119
2820 147 114
2821 150 114
2822 151 117
2823 153 120
2824 150 122
2825 140 113
2826 143 123
2827 151 107
2828 146 117
2829 145 108
2830 146 121
2831 141 109
2832 141 119
2833 153 116
2834 154 115
2835 150 115
2836 147 115
2837 150 124
2838 144 107
2839 152 111
2840 150 118
2841 141 117
2842 147 120
2843 146 112
2844 141 111
2845 152 118
2846 152 118
2847 150 111
2848 113 149
2849 118 140
2850 117 146
2851 119 150
2852 112 141
2853 116 151
2854 110 149
2855 110 151
2856 116 146
2857 117 153
2858 124 147
2859 115 141
2860 109 154
2861 117 140
2862 113 146
2863 108 148
2864 110 150
2865 118 141
2866 109 140
2867 120 140
2868 114 152
2869 115 153
2870 111 148
2871 109 147
2872 111 149
2873 114 149
2874 108 145
2875 119 145
2876 111 153
2877 108 144
2878 172 7
2879 173 11
2880 184 4
2881 184 0
2882 176 6
2883 172 6
2884 175 2
2885 183 11
2886 177 3
2887 183 0
2888 183 0
2889 182 5
2890 183 9
2891 171 10
2892 170 6
2893 172 5
2894 182 0
2895 175 6
2896 174 8
2897 171 8
2898 183 5
2899 183 1
2900 175 9
2901 184 2
2902 172 10
2903 182 7
2904 182 0
2905 177 9
2906 184 11
2907 179 9
