240 259 10 2919
0 10
1 7
2 6
3 9
4 9
5 6
6 6
7 8
8 9
9 6
10 7
11 8
12 6
13 3
14 4
15 3
16 3
17 3
18 3
19 3
20 4
21 5
22 3
23 3
24 4
25 3
26 4
27 3
28 3
29 3
30 6
31 3
32 3
33 3
34 3
35 3
36 3
37 3
38 3
39 3
40 3
41 4
42 3
43 6
44 3
45 3
46 3
47 3
48 3
49 5
50 5
51 3
52 4
53 3
54 3
55 3
56 3
57 3
58 4
59 3
60 4
61 3
62 3
63 3
64 3
65 3
66 5
67 3
68 3
69 3
70 3
71 3
72 4
73 3
74 6
75 4
76 4
77 4
78 3
79 3
80 3
81 4
82 4
83 3
84 3
85 3
86 4
87 3
88 3
89 3
90 3
91 3
92 7
93 3
94 3
95 4
96 4
97 3
98 3
99 3
100 3
101 3
102 3
103 3
104 3
105 3
106 3
107 4
108 3
109 4
110 3
111 4
112 3
113 3
114 5
115 3
116 3
117 3
118 5
119 3
120 4
121 3
122 3
123 3
124 3
125 3
126 4
127 3
128 3
129 3
130 5
131 4
132 3
133 4
134 4
135 3
136 3
137 4
138 3
139 3
140 3
141 3
142 4
143 5
144 4
145 4
146 3
147 4
148 3
149 3
150 3
151 3
152 3
153 5
154 3
155 4
156 5
157 3
158 3
159 4
160 4
161 3
162 3
163 3
164 4
165 3
166 5
167 3
168 3
169 5
170 3
171 4
172 3
173 4
174 4
175 4
176 3
177 3
178 3
179 4
180 3
181 3
182 4
183 3
184 3
185 3
186 3
187 3
188 3
189 3
190 3
191 4
192 3
193 4
194 3
195 3
196 3
197 4
198 3
199 4
200 3
201 3
202 5
203 3
204 3
205 7
206 4
207 3
208 3
209 3
210 3
211 3
212 4
213 4
214 3
215 3
216 4
217 3
218 3
219 3
220 4
221 3
222 3
223 4
224 3
225 3
226 4
227 3
228 5
229 3
230 3
231 4
232 4
233 3
234 4
235 3
236 3
237 3
238 6
239 3
0 0 1
1 0 2
2 0 4
3 0 5
4 0 7
5 0 8
6 0 11
7 0 134
8 1 2
9 1 3
10 1 6
11 1 8
12 1 9
13 1 30
14 2 7
15 2 11
16 2 169
17 3 5
18 3 6
19 3 9
20 3 10
21 3 11
22 3 188
23 4 7
24 4 8
25 4 10
26 4 11
27 4 83
28 4 224
29 5 6
30 5 7
31 5 8
32 5 101
33 6 7
34 6 12
35 7 49
36 8 9
37 8 10
38 8 11
39 9 10
40 9 68
41 10 154
42 11 118
43 11 205
44 12 24
45 12 21
46 12 20
47 13 22
48 13 21
49 14 17
50 14 20
51 15 28
52 15 18
53 16 29
54 18 27
55 19 22
56 20 29
57 21 23
58 21 26
59 24 25
60 26 27
61 30 38
62 30 33
63 30 48
64 31 41
65 32 37
66 33 36
67 33 41
68 34 37
69 35 38
70 36 42
71 37 47
72 39 43
73 40 45
74 41 44
75 43 46
76 43 47
77 43 48
78 45 47
79 49 63
80 49 50
81 50 53
82 50 61
83 50 52
84 50 67
85 51 52
86 52 60
87 54 62
88 54 65
89 54 66
90 55 58
91 56 66
92 57 66
93 58 59
94 58 61
95 60 66
96 64 66
97 68 77
98 69 73
99 69 74
100 70 82
101 71 81
102 72 74
103 72 76
104 73 78
105 74 75
106 74 80
107 74 81
108 75 77
109 76 82
110 78 79
111 83 93
112 83 94
113 84 92
114 85 94
115 85 86
116 85 100
117 86 96
118 87 92
119 88 91
120 88 97
121 88 96
122 89 95
123 90 96
124 92 95
125 92 98
126 92 97
127 96 99
128 101 114
129 102 112
130 102 115
131 102 117
132 103 107
133 103 114
134 104 107
135 105 109
136 106 107
137 107 113
138 108 111
139 108 115
140 109 111
141 110 111
142 112 114
143 116 117
144 118 123
145 118 130
146 119 130
147 120 127
148 120 130
149 121 131
150 122 133
151 124 126
152 125 133
153 126 127
154 128 129
155 129 133
156 130 131
157 130 133
158 131 132
159 134 150
160 134 145
161 135 146
162 136 145
163 137 139
164 137 152
165 137 153
166 138 145
167 140 148
168 141 153
169 142 145
170 142 148
171 143 148
172 143 144
173 143 146
174 144 147
175 146 149
176 147 151
177 149 153
178 154 165
179 155 167
180 155 166
181 156 158
182 156 161
183 156 160
184 157 163
185 157 161
186 159 162
187 159 160
188 159 164
189 164 165
190 164 166
191 166 168
192 169 178
193 169 173
194 170 177
195 170 186
196 171 184
197 171 185
198 171 178
199 172 185
200 173 182
201 173 187
202 174 183
203 174 177
204 175 176
205 175 180
206 175 182
207 177 181
208 179 186
209 179 187
210 188 204
211 189 195
212 190 202
213 190 194
214 191 203
215 191 201
216 192 197
217 193 197
218 193 202
219 194 204
220 195 200
221 196 203
222 197 199
223 198 202
224 199 200
225 199 201
226 205 216
227 205 213
228 205 222
229 205 223
230 206 210
231 206 217
232 206 218
233 206 215
234 207 208
235 208 211
236 209 216
237 211 220
238 212 221
239 212 223
240 213 214
241 213 215
242 219 220
243 219 222
244 224 226
245 224 228
246 225 226
247 226 235
248 227 232
249 228 229
250 228 231
251 230 238
252 231 234
253 232 237
254 232 239
255 233 238
256 234 238
257 235 236
258 237 238
0 38 175
1 40 186
2 45 180
3 48 179
4 41 170
5 46 174
6 39 177
7 46 174
8 44 172
9 30 176
10 30 169
11 46 184
12 34 184
13 41 181
14 41 175
15 44 185
16 33 174
17 42 177
18 32 175
19 38 180
20 35 175
21 37 174
22 47 182
23 40 179
24 34 174
25 32 186
26 39 176
27 40 183
28 40 181
29 30 187
30 1 164
31 3 161
32 11 157
33 6 167
34 5 168
35 2 160
36 9 166
37 6 167
38 2 163
39 8 158
40 5 159
41 5 167
42 11 168
43 9 158
44 2 161
45 3 157
46 2 155
47 9 159
48 10 161
49 5 160
50 3 160
51 8 168
52 11 154
53 4 160
54 1 157
55 3 167
56 8 161
57 9 161
58 8 159
59 47 206
60 37 220
61 46 205
62 44 221
63 40 220
64 34 207
65 31 207
66 30 215
67 33 218
68 30 219
69 44 219
70 42 207
71 39 220
72 40 206
73 31 220
74 47 218
75 33 218
76 44 210
77 39 205
78 30 220
79 40 211
80 41 209
81 36 205
82 41 222
83 32 217
84 39 211
85 31 207
86 47 207
87 39 206
88 44 222
89 208 225
90 211 224
91 222 239
92 207 237
93 210 237
94 222 224
95 206 238
96 217 230
97 218 237
98 223 229
99 212 235
100 217 225
101 212 226
102 223 234
103 215 224
104 207 227
105 210 233
106 223 233
107 205 224
108 207 226
109 215 233
110 223 237
111 208 229
112 221 224
113 222 230
114 206 239
115 216 235
116 205 226
117 219 232
118 207 230
119 200 15
120 188 21
121 189 19
122 202 22
123 189 25
124 193 16
125 203 25
126 188 15
127 200 25
128 189 29
129 204 16
130 196 21
131 199 14
132 192 25
133 204 29
134 188 18
135 203 28
136 188 12
137 201 21
138 192 24
139 189 25
140 202 23
141 201 29
142 201 27
143 197 22
144 191 21
145 201 18
146 189 29
147 190 26
148 202 13
149 44 47
150 35 43
151 45 31
152 44 45
153 30 32
154 45 30
155 33 45
156 32 30
157 41 40
158 41 40
159 31 47
160 35 34
161 47 35
162 44 40
163 39 30
164 39 33
165 32 40
166 34 46
167 46 38
168 43 34
169 43 31
170 210 166
171 215 166
172 219 168
173 211 156
174 209 155
175 219 161
176 208 167
177 215 163
178 214 161
179 220 157
180 215 155
181 207 168
182 213 165
183 213 156
184 211 154
185 206 168
186 220 166
187 209 155
188 208 157
189 220 157
190 206 154
191 219 161
192 216 161
193 206 158
194 212 165
195 219 159
196 222 160
197 216 163
198 206 163
199 215 163
200 191 209
201 198 206
202 201 210
203 195 212
204 195 205
205 202 206
206 195 205
207 201 219
208 201 212
209 189 210
210 194 207
211 189 205
212 198 222
213 202 213
214 198 217
215 193 223
216 204 223
217 204 206
218 191 213
219 190 207
220 201 217
221 200 223
222 198 218
223 198 205
224 195 214
225 199 214
226 195 217
227 191 211
228 202 213
229 199 222
230 105 216
231 101 211
232 103 210
233 106 210
234 103 211
235 112 213
236 102 217
237 114 217
238 110 210
239 102 217
240 116 212
241 110 211
242 103 215
243 117 222
244 113 214
245 111 216
246 110 210
247 111 213
248 104 205
249 113 206
250 117 217
251 117 207
252 113 207
253 107 218
254 109 218
255 115 217
256 101 221
257 103 214
258 115 206
259 113 219
260 123 36
261 124 34
262 120 33
263 122 46
264 130 37
265 120 34
266 131 41
267 119 34
268 128 37
269 123 40
270 126 38
271 127 42
272 122 37
273 126 37
274 123 32
275 124 37
276 124 39
277 125 39
278 127 43
279 133 32
280 129 40
281 122 40
282 131 40
283 125 44
284 120 38
285 128 31
286 121 38
287 122 44
288 132 30
289 123 46
290 183 81
291 179 80
292 185 75
293 176 82
294 183 70
295 180 72
296 184 68
297 180 75
298 174 76
299 181 79
300 172 71
301 184 69
302 172 74
303 179 71
304 170 77
305 182 70
306 183 80
307 170 68
308 173 70
309 180 74
310 176 72
311 171 82
312 183 75
313 179 72
314 185 69
315 181 68
316 171 75
317 186 68
318 169 68
319 177 75
320 13 183
321 20 176
322 19 186
323 19 179
324 14 176
325 16 169
326 23 173
327 24 180
328 12 186
329 13 180
330 24 170
331 23 183
332 23 184
333 24 177
334 18 186
335 18 184
336 13 177
337 18 176
338 12 169
339 25 177
340 26 182
341 13 179
342 18 178
343 15 178
344 13 171
345 27 181
346 14 171
347 12 171
348 12 175
349 12 179
350 119 205
351 131 208
352 129 218
353 131 214
354 127 212
355 126 217
356 127 219
357 123 208
358 124 221
359 125 218
360 127 215
361 128 223
362 123 214
363 131 219
364 125 220
365 127 214
366 126 213
367 119 219
368 126 208
369 124 211
370 121 212
371 121 217
372 123 207
373 128 210
374 125 210
375 128 209
376 120 218
377 129 205
378 123 206
379 123 205
380 168 203
381 157 192
382 162 194
383 163 195
384 160 197
385 163 189
386 166 199
387 168 201
388 166 190
389 157 202
390 164 191
391 167 199
392 161 200
393 165 194
394 161 190
395 163 204
396 156 203
397 161 195
398 156 197
399 162 197
400 167 194
401 155 192
402 160 189
403 157 204
404 165 203
405 168 198
406 166 199
407 166 204
408 163 191
409 158 194
410 48 41
411 37 40
412 48 40
413 35 39
414 41 38
415 30 45
416 35 43
417 41 43
418 30 32
419 37 42
420 44 42
421 46 31
422 48 31
423 40 42
424 40 37
425 34 44
426 37 39
427 41 32
428 30 32
429 31 34
430 63 101
431 63 110
432 65 112
433 56 117
434 52 111
435 55 109
436 61 111
437 54 108
438 55 105
439 65 109
440 67 117
441 62 108
442 49 107
443 49 112
444 52 107
445 63 112
446 61 114
447 59 107
448 66 101
449 56 103
450 50 107
451 50 117
452 63 110
453 49 111
454 65 114
455 66 106
456 51 101
457 65 106
458 63 116
459 61 106
460 112 106
461 102 105
462 110 116
463 107 101
464 105 115
465 105 113
466 105 107
467 104 108
468 101 104
469 111 104
470 110 117
471 109 114
472 108 116
473 110 101
474 107 101
475 117 101
476 111 112
477 109 101
478 103 111
479 116 105
480 120 43
481 121 45
482 121 39
483 118 42
484 124 35
485 122 38
486 131 47
487 119 31
488 118 48
489 120 33
490 119 42
491 122 41
492 120 38
493 130 37
494 119 32
495 129 44
496 120 31
497 131 33
498 124 45
499 128 42
500 123 33
501 119 32
502 125 43
503 121 32
504 128 46
505 128 39
506 125 35
507 125 35
508 125 35
509 132 44
510 196 54
511 197 52
512 191 62
513 188 64
514 194 66
515 191 53
516 200 52
517 188 55
518 202 58
519 196 50
520 194 64
521 201 60
522 204 65
523 202 56
524 200 60
525 193 53
526 188 59
527 189 67
528 201 63
529 193 61
530 200 52
531 196 61
532 192 66
533 204 64
534 199 65
535 196 55
536 202 58
537 191 61
538 197 64
539 190 63
540 61 202
541 49 194
542 61 204
543 54 194
544 57 188
545 60 199
546 54 193
547 60 200
548 59 194
549 66 195
550 57 200
551 52 203
552 60 195
553 61 191
554 59 190
555 66 198
556 62 194
557 59 191
558 66 199
559 57 196
560 65 196
561 65 199
562 49 196
563 58 188
564 57 188
565 57 191
566 52 193
567 67 194
568 64 203
569 67 194
570 86 3
571 91 0
572 98 4
573 95 1
574 89 4
575 95 2
576 91 8
577 83 9
578 84 2
579 89 10
580 86 3
581 91 11
582 92 10
583 85 2
584 84 3
585 100 9
586 89 11
587 98 5
588 86 3
589 95 10
590 91 8
591 91 1
592 100 9
593 87 5
594 93 3
595 85 7
596 90 1
597 93 6
598 94 9
599 21 82
600 28 77
601 22 82
602 26 72
603 15 71
604 17 68
605 23 78
606 22 79
607 25 75
608 14 74
609 19 71
610 22 75
611 13 79
612 17 75
613 27 76
614 19 82
615 19 81
616 15 70
617 15 75
618 17 74
619 24 72
620 28 72
621 14 77
622 15 82
623 28 71
624 28 70
625 20 70
626 28 71
627 27 81
628 17 80
629 164 104
630 165 102
631 154 110
632 166 104
633 160 104
634 166 111
635 162 113
636 160 107
637 168 104
638 162 114
639 161 117
640 158 112
641 155 103
642 167 111
643 156 105
644 155 117
645 167 113
646 162 107
647 156 111
648 168 115
649 160 111
650 157 103
651 167 113
652 164 110
653 156 111
654 159 112
655 159 113
656 157 107
657 167 103
658 166 113
659 211 17
660 221 19
661 206 15
662 205 13
663 218 28
664 211 12
665 217 12
666 209 23
667 215 23
668 217 20
669 205 19
670 211 13
671 217 21
672 205 15
673 217 14
674 212 17
675 215 22
676 210 26
677 220 16
678 215 25
679 223 16
680 207 21
681 208 20
682 222 19
683 210 18
684 217 24
685 222 15
686 208 19
687 212 17
688 211 19
689 189 109
690 200 111
691 193 109
692 204 113
693 204 114
694 197 105
695 190 104
696 199 111
697 191 107
698 195 105
699 192 112
700 189 104
701 192 111
702 190 110
703 196 102
704 197 106
705 189 117
706 190 102
707 201 109
708 194 103
709 200 103
710 188 114
711 195 112
712 188 117
713 202 103
714 195 103
715 200 114
716 200 101
717 196 101
718 190 106
719 55 180
720 51 170
721 52 185
722 63 176
723 66 175
724 60 180
725 62 175
726 55 184
727 49 169
728 51 182
729 62 173
730 55 185
731 60 171
732 60 178
733 54 169
734 64 170
735 61 181
736 54 187
737 50 186
738 63 176
739 58 184
740 54 174
741 51 187
742 54 182
743 51 180
744 58 176
745 52 185
746 64 185
747 59 182
748 59 184
749 136 6
750 140 2
751 144 8
752 148 11
753 140 4
754 144 10
755 140 2
756 141 5
757 149 9
758 135 2
759 140 11
760 147 7
761 145 4
762 142 8
763 139 11
764 143 6
765 146 5
766 139 10
767 150 6
768 136 9
769 140 11
770 141 10
771 145 8
772 141 2
773 143 5
774 152 1
775 142 6
776 149 7
777 153 11
778 149 8
779 153 128
780 147 125
781 141 125
782 141 122
783 153 119
784 141 127
785 151 130
786 147 118
787 148 126
788 135 121
789 152 126
790 134 121
791 138 126
792 136 133
793 146 121
794 134 128
795 142 121
796 135 125
797 136 127
798 143 127
799 147 123
800 135 128
801 136 118
802 138 132
803 146 125
804 145 129
805 153 130
806 136 132
807 142 125
808 137 121
809 218 229
810 211 235
811 206 236
812 218 226
813 221 224
814 220 235
815 223 235
816 215 237
817 214 231
818 209 238
819 210 226
820 215 224
821 213 225
822 222 228
823 219 228
824 220 228
825 208 239
826 214 233
827 205 230
828 223 226
829 206 236
830 223 232
831 218 228
832 214 239
833 208 228
834 207 231
835 215 237
836 209 225
837 221 228
838 213 232
839 35 214
840 48 212
841 37 210
842 33 218
843 31 205
844 31 211
845 38 217
846 40 206
847 35 217
848 37 219
849 33 209
850 33 221
851 45 217
852 30 209
853 42 214
854 35 217
855 41 206
856 44 211
857 36 220
858 33 208
859 34 207
860 37 222
861 39 208
862 42 215
863 32 217
864 43 221
865 32 217
866 30 217
867 31 206
868 37 213
869 162 67
870 161 58
871 168 52
872 160 64
873 157 51
874 162 49
875 156 59
876 157 64
877 167 56
878 166 67
879 159 50
880 161 65
881 159 53
882 156 63
883 166 61
884 163 56
885 164 58
886 158 58
887 167 57
888 161 60
889 164 54
890 167 54
891 154 55
892 163 52
893 154 58
894 157 49
895 168 58
896 161 52
897 165 54
898 158 49
899 199 158
900 196 157
901 189 158
902 199 163
903 189 163
904 201 158
905 202 165
906 200 159
907 192 165
908 196 166
909 192 156
910 201 168
911 204 160
912 192 164
913 190 155
914 203 166
915 194 168
916 203 163
917 189 154
918 188 157
919 192 167
920 197 167
921 190 157
922 191 156
923 198 160
924 190 156
925 200 154
926 194 161
927 190 155
928 200 160
929 213 155
930 208 156
931 212 164
932 222 160
933 205 167
934 210 161
935 211 159
936 211 157
937 223 166
938 213 156
939 214 155
940 212 159
941 223 160
942 213 164
943 212 165
944 222 162
945 206 157
946 210 156
947 220 155
948 215 158
949 206 158
950 207 161
951 223 158
952 223 165
953 211 162
954 211 158
955 211 167
956 223 154
957 208 156
958 214 154
959 12 89
960 22 97
961 15 97
962 22 94
963 27 91
964 27 83
965 26 85
966 25 91
967 21 88
968 22 94
969 20 100
970 24 83
971 28 91
972 29 87
973 25 92
974 20 100
975 17 88
976 29 93
977 20 97
978 22 90
979 23 89
980 12 83
981 23 90
982 14 95
983 16 99
984 27 91
985 14 87
986 15 84
987 17 100
988 26 99
989 50 32
990 53 46
991 64 32
992 60 44
993 62 44
994 60 30
995 49 38
996 63 42
997 55 44
998 56 43
999 64 32
1000 61 35
1001 63 47
1002 53 45
1003 58 48
1004 53 41
1005 63 47
1006 67 38
1007 49 37
1008 57 34
1009 59 39
1010 56 35
1011 50 43
1012 59 35
1013 51 40
1014 57 46
1015 63 30
1016 51 46
1017 63 33
1018 50 30
1019 10 170
1020 9 184
1021 6 185
1022 1 177
1023 8 170
1024 3 186
1025 2 175
1026 2 170
1027 6 181
1028 8 173
1029 4 175
1030 7 179
1031 5 186
1032 0 177
1033 8 175
1034 7 182
1035 0 187
1036 10 177
1037 3 180
1038 10 173
1039 6 170
1040 1 177
1041 1 178
1042 3 177
1043 6 180
1044 0 179
1045 9 178
1046 6 181
1047 3 187
1048 2 176
1049 24 150
1050 16 135
1051 13 149
1052 13 137
1053 19 136
1054 12 142
1055 14 134
1056 14 144
1057 24 135
1058 25 144
1059 18 143
1060 21 148
1061 20 148
1062 28 147
1063 18 134
1064 26 141
1065 29 137
1066 12 134
1067 18 152
1068 17 151
1069 17 148
1070 16 146
1071 26 141
1072 13 145
1073 26 139
1074 15 135
1075 23 151
1076 23 135
1077 14 147
1078 23 138
1079 30 10
1080 40 5
1081 34 10
1082 46 10
1083 47 0
1084 48 10
1085 37 8
1086 37 0
1087 48 11
1088 32 10
1089 47 7
1090 37 10
1091 48 2
1092 33 2
1093 46 10
1094 37 8
1095 32 8
1096 33 10
1097 41 3
1098 44 6
1099 38 0
1100 43 5
1101 40 10
1102 46 7
1103 44 1
1104 40 0
1105 33 10
1106 102 106
1107 110 106
1108 110 116
1109 110 115
1110 115 106
1111 108 104
1112 115 101
1113 112 109
1114 101 113
1115 112 111
1116 111 104
1117 115 106
1118 113 109
1119 115 103
1120 107 102
1121 106 116
1122 109 103
1123 114 110
1124 112 113
1125 117 107
1126 115 105
1127 107 112
1128 111 116
1129 116 110
1130 115 116
1131 108 112
1132 110 105
1133 116 101
1134 104 117
1135 107 102
1136 103 117
1137 105 110
1138 105 116
1139 101 116
1140 113 117
1141 116 109
1142 104 101
1143 113 117
1144 101 111
1145 2 206
1146 2 212
1147 2 210
1148 5 217
1149 2 209
1150 3 216
1151 3 215
1152 3 206
1153 5 215
1154 5 222
1155 1 205
1156 1 212
1157 2 217
1158 2 220
1159 2 210
1160 1 211
1161 8 208
1162 7 216
1163 3 207
1164 8 216
1165 6 220
1166 3 216
1167 8 212
1168 5 208
1169 7 212
1170 0 210
1171 10 220
1172 9 211
1173 10 223
1174 4 223
1175 131 42
1176 133 44
1177 129 42
1178 119 44
1179 121 45
1180 123 32
1181 133 41
1182 126 41
1183 128 32
1184 129 30
1185 118 39
1186 122 43
1187 122 36
1188 128 33
1189 119 47
1190 121 42
1191 129 33
1192 123 37
1193 120 39
1194 124 30
1195 126 31
1196 122 34
1197 128 30
1198 130 31
1199 132 42
1200 127 48
1201 118 41
1202 125 33
1203 127 46
1204 133 42
1205 106 221
1206 114 221
1207 117 223
1208 106 219
1209 111 211
1210 106 220
1211 112 209
1212 117 205
1213 109 222
1214 107 213
1215 116 209
1216 102 220
1217 109 210
1218 111 221
1219 113 223
1220 115 220
1221 105 211
1222 108 209
1223 107 220
1224 103 207
1225 105 222
1226 112 205
1227 111 217
1228 111 218
1229 101 207
1230 105 216
1231 108 220
1232 110 214
1233 114 213
1234 113 213
1235 61 159
1236 53 161
1237 65 154
1238 61 155
1239 63 162
1240 63 162
1241 67 163
1242 55 161
1243 59 159
1244 61 168
1245 58 161
1246 66 157
1247 49 164
1248 64 160
1249 60 158
1250 66 161
1251 61 161
1252 51 164
1253 59 168
1254 66 166
1255 63 161
1256 59 161
1257 60 162
1258 59 155
1259 67 167
1260 49 164
1261 55 165
1262 61 158
1263 65 168
1264 61 155
1265 188 197
1266 192 189
1267 200 202
1268 196 194
1269 204 195
1270 204 196
1271 204 195
1272 204 193
1273 196 188
1274 194 196
1275 202 188
1276 188 200
1277 190 201
1278 188 191
1279 198 199
1280 198 196
1281 192 200
1282 200 196
1283 203 204
1284 190 201
1285 201 188
1286 44 1
1287 34 0
1288 38 6
1289 42 7
1290 36 9
1291 43 11
1292 33 10
1293 48 3
1294 43 0
1295 33 0
1296 39 6
1297 47 8
1298 30 4
1299 43 0
1300 47 10
1301 39 2
1302 43 11
1303 41 2
1304 37 1
1305 38 6
1306 34 8
1307 33 8
1308 39 8
1309 36 8
1310 40 5
1311 40 3
1312 39 8
1313 32 5
1314 177 62
1315 178 56
1316 181 61
1317 178 56
1318 171 61
1319 180 62
1320 173 53
1321 172 59
1322 178 55
1323 174 54
1324 174 56
1325 182 57
1326 184 52
1327 176 64
1328 180 65
1329 187 62
1330 179 52
1331 175 50
1332 182 55
1333 179 52
1334 179 65
1335 185 64
1336 182 55
1337 172 64
1338 180 58
1339 177 52
1340 177 55
1341 175 58
1342 182 65
1343 172 65
1344 64 139
1345 64 138
1346 59 148
1347 67 146
1348 61 134
1349 54 148
1350 61 136
1351 57 139
1352 55 137
1353 64 134
1354 64 139
1355 61 142
1356 63 134
1357 49 150
1358 49 134
1359 57 144
1360 51 146
1361 54 141
1362 59 140
1363 65 138
1364 58 141
1365 49 152
1366 65 153
1367 64 142
1368 65 135
1369 57 140
1370 67 145
1371 52 147
1372 63 137
1373 55 149
1374 93 34
1375 98 32
1376 94 32
1377 95 40
1378 85 48
1379 87 35
1380 99 39
1381 87 41
1382 98 32
1383 90 44
1384 89 40
1385 88 47
1386 95 33
1387 85 45
1388 97 30
1389 100 35
1390 83 48
1391 86 37
1392 88 35
1393 93 46
1394 84 43
1395 83 39
1396 88 30
1397 96 38
1398 95 39
1399 85 41
1400 84 33
1401 100 43
1402 98 36
1403 97 32
1404 68 210
1405 78 211
1406 77 210
1407 80 205
1408 75 222
1409 78 210
1410 73 206
1411 68 214
1412 72 216
1413 72 211
1414 68 206
1415 71 205
1416 70 212
1417 81 223
1418 69 208
1419 69 217
1420 77 213
1421 75 220
1422 75 212
1423 71 215
1424 69 210
1425 77 209
1426 74 217
1427 72 212
1428 81 220
1429 71 210
1430 70 214
1431 80 215
1432 75 212
1433 72 222
1434 205 23
1435 208 28
1436 206 17
1437 212 13
1438 221 13
1439 214 14
1440 219 13
1441 208 28
1442 222 23
1443 219 17
1444 215 24
1445 209 15
1446 215 27
1447 213 20
1448 215 27
1449 223 23
1450 206 25
1451 215 21
1452 214 18
1453 209 21
1454 218 13
1455 219 28
1456 223 14
1457 208 17
1458 220 14
1459 206 18
1460 207 26
1461 206 21
1462 221 26
1463 220 19
1464 229 10
1465 233 3
1466 231 6
1467 234 8
1468 229 1
1469 225 6
1470 236 11
1471 235 10
1472 234 11
1473 237 7
1474 225 1
1475 236 3
1476 238 3
1477 224 5
1478 225 3
1479 233 8
1480 229 11
1481 231 6
1482 226 10
1483 232 9
1484 228 9
1485 228 7
1486 236 2
1487 230 6
1488 225 9
1489 235 0
1490 230 3
1491 225 10
1492 238 4
1493 233 2
1494 179 48
1495 170 36
1496 187 36
1497 180 37
1498 185 45
1499 181 37
1500 169 45
1501 182 44
1502 184 40
1503 174 36
1504 186 37
1505 170 42
1506 182 31
1507 179 37
1508 180 44
1509 174 34
1510 181 42
1511 176 47
1512 181 30
1513 170 45
1514 171 48
1515 178 43
1516 187 43
1517 175 40
1518 172 43
1519 180 46
1520 185 31
1521 181 40
1522 173 33
1523 176 38
1524 155 108
1525 163 112
1526 154 110
1527 165 112
1528 168 101
1529 168 104
1530 168 116
1531 160 106
1532 159 114
1533 163 111
1534 167 104
1535 161 117
1536 160 110
1537 154 108
1538 155 116
1539 154 101
1540 158 108
1541 167 101
1542 160 102
1543 167 104
1544 162 111
1545 159 109
1546 168 105
1547 161 112
1548 165 104
1549 158 102
1550 154 111
1551 154 109
1552 158 105
1553 166 112
1554 69 37
1555 81 39
1556 76 37
1557 78 30
1558 69 30
1559 71 38
1560 69 47
1561 80 33
1562 73 37
1563 73 48
1564 76 41
1565 76 47
1566 81 47
1567 69 32
1568 77 42
1569 74 36
1570 70 31
1571 71 43
1572 69 37
1573 81 30
1574 75 38
1575 78 32
1576 80 38
1577 68 32
1578 73 46
1579 70 47
1580 70 37
1581 69 40
1582 81 34
1583 70 41
1584 198 152
1585 193 150
1586 192 135
1587 199 142
1588 188 138
1589 204 134
1590 203 150
1591 202 151
1592 200 141
1593 199 152
1594 197 152
1595 190 148
1596 202 137
1597 189 144
1598 199 153
1599 196 152
1600 192 135
1601 196 146
1602 194 142
1603 195 152
1604 190 146
1605 189 139
1606 200 143
1607 196 146
1608 197 149
1609 201 138
1610 188 144
1611 191 136
1612 199 146
1613 202 140
1614 37 143
1615 47 148
1616 40 135
1617 43 143
1618 44 144
1619 46 135
1620 47 149
1621 31 152
1622 33 145
1623 35 150
1624 38 135
1625 39 135
1626 32 135
1627 42 139
1628 34 149
1629 33 153
1630 41 138
1631 47 135
1632 41 146
1633 45 135
1634 34 136
1635 46 147
1636 46 142
1637 38 139
1638 43 141
1639 33 142
1640 31 136
1641 41 149
1642 35 145
1643 40 137
1644 78 171
1645 79 181
1646 75 171
1647 76 179
1648 72 186
1649 68 184
1650 68 176
1651 81 186
1652 71 169
1653 77 179
1654 70 187
1655 75 172
1656 73 181
1657 71 187
1658 82 174
1659 68 185
1660 69 169
1661 82 172
1662 70 187
1663 81 186
1664 75 177
1665 75 173
1666 78 170
1667 70 178
1668 69 172
1669 79 173
1670 80 186
1671 80 172
1672 81 169
1673 78 177
1674 201 32
1675 189 46
1676 194 38
1677 192 40
1678 200 47
1679 199 39
1680 196 37
1681 198 39
1682 201 45
1683 196 35
1684 195 42
1685 188 39
1686 198 40
1687 203 39
1688 189 33
1689 193 41
1690 204 39
1691 192 33
1692 192 30
1693 191 47
1694 200 32
1695 198 48
1696 188 42
1697 198 46
1698 200 44
1699 200 35
1700 198 48
1701 192 48
1702 196 30
1703 203 42
1704 15 180
1705 24 177
1706 20 184
1707 24 179
1708 29 185
1709 28 170
1710 17 185
1711 22 177
1712 24 169
1713 21 169
1714 29 186
1715 25 181
1716 26 178
1717 27 179
1718 18 181
1719 14 183
1720 22 174
1721 28 170
1722 14 172
1723 19 170
1724 29 169
1725 20 172
1726 16 181
1727 26 174
1728 26 184
1729 17 186
1730 15 172
1731 19 181
1732 14 182
1733 16 186
1734 209 106
1735 207 109
1736 209 109
1737 208 110
1738 220 117
1739 219 114
1740 209 111
1741 212 112
1742 206 114
1743 220 111
1744 205 112
1745 207 115
1746 209 102
1747 213 105
1748 205 109
1749 220 105
1750 218 114
1751 221 111
1752 219 101
1753 213 110
1754 218 103
1755 213 102
1756 210 115
1757 207 106
1758 207 104
1759 208 112
1760 217 104
1761 222 110
1762 219 109
1763 223 112
1764 82 90
1765 81 83
1766 76 97
1767 75 100
1768 77 89
1769 73 98
1770 69 99
1771 76 87
1772 81 89
1773 82 83
1774 77 88
1775 76 89
1776 69 97
1777 77 84
1778 78 94
1779 76 100
1780 73 92
1781 80 85
1782 77 99
1783 82 83
1784 75 96
1785 78 96
1786 71 93
1787 74 85
1788 74 87
1789 76 92
1790 72 87
1791 70 84
1792 69 91
1793 71 97
1794 80 44
1795 73 35
1796 77 36
1797 70 38
1798 71 36
1799 82 33
1800 70 36
1801 75 34
1802 81 39
1803 79 30
1804 72 45
1805 78 32
1806 72 32
1807 76 43
1808 78 41
1809 69 31
1810 81 43
1811 68 48
1812 79 37
1813 78 40
1814 78 36
1815 70 32
1816 74 32
1817 82 46
1818 78 30
1819 71 43
1820 79 36
1821 81 33
1822 77 34
1823 79 45
1824 171 23
1825 178 22
1826 180 18
1827 181 18
1828 174 25
1829 178 27
1830 181 15
1831 173 18
1832 181 25
1833 177 18
1834 170 20
1835 181 18
1836 183 22
1837 179 13
1838 173 19
1839 179 17
1840 171 15
1841 181 19
1842 171 17
1843 184 21
1844 173 24
1845 171 23
1846 179 20
1847 176 17
1848 172 12
1849 176 17
1850 171 19
1851 178 27
1852 178 21
1853 179 19
1854 185 229
1855 182 234
1856 175 225
1857 174 238
1858 179 235
1859 187 231
1860 187 228
1861 183 239
1862 182 234
1863 174 225
1864 180 230
1865 180 228
1866 184 227
1867 185 233
1868 173 225
1869 173 237
1870 185 239
1871 173 234
1872 183 235
1873 180 231
1874 175 238
1875 169 233
1876 175 234
1877 181 237
1878 171 237
1879 179 226
1880 181 239
1881 174 230
1882 181 229
1883 170 239
1884 2 67
1885 4 52
1886 1 61
1887 1 62
1888 2 51
1889 3 52
1890 3 62
1891 11 58
1892 10 54
1893 0 60
1894 3 54
1895 9 67
1896 3 65
1897 7 56
1898 6 61
1899 1 51
1900 6 50
1901 8 66
1902 10 67
1903 5 56
1904 11 64
1905 5 67
1906 9 58
1907 9 51
1908 11 61
1909 7 59
1910 8 52
1911 1 57
1912 5 60
1913 173 142
1914 183 150
1915 172 141
1916 181 141
1917 187 138
1918 171 152
1919 183 135
1920 175 150
1921 172 135
1922 177 136
1923 178 135
1924 175 153
1925 176 151
1926 170 134
1927 180 144
1928 170 140
1929 171 149
1930 179 146
1931 175 144
1932 175 146
1933 170 151
1934 171 147
1935 170 147
1936 184 138
1937 177 152
1938 174 134
1939 170 149
1940 178 134
1941 176 141
1942 183 138
1943 221 123
1944 212 125
1945 213 119
1946 217 119
1947 215 125
1948 213 122
1949 214 124
1950 214 120
1951 219 122
1952 214 126
1953 206 124
1954 211 128
1955 205 125
1956 221 122
1957 208 123
1958 213 130
1959 209 130
1960 205 130
1961 215 118
1962 217 128
1963 220 129
1964 212 128
1965 221 122
1966 209 127
1967 210 126
1968 219 130
1969 218 122
1970 219 128
1971 214 127
1972 210 130
1973 162 204
1974 160 192
1975 168 199
1976 159 200
1977 156 203
1978 154 191
1979 164 204
1980 154 193
1981 156 192
1982 156 201
1983 155 188
1984 168 191
1985 165 192
1986 162 189
1987 155 190
1988 167 201
1989 161 192
1990 155 196
1991 168 192
1992 155 200
1993 156 190
1994 168 200
1995 161 200
1996 164 195
1997 165 204
1998 166 203
1999 163 194
2000 164 196
2001 160 203
2002 167 203
2003 208 66
2004 216 65
2005 220 51
2006 214 62
2007 209 49
2008 223 59
2009 212 51
2010 218 52
2011 216 57
2012 209 65
2013 208 50
2014 220 61
2015 205 66
2016 211 60
2017 211 62
2018 211 49
2019 214 50
2020 220 50
2021 219 52
2022 214 63
2023 216 65
2024 207 55
2025 215 64
2026 205 55
2027 205 64
2028 221 58
2029 205 67
2030 222 63
2031 221 51
2032 220 60
2033 166 171
2034 157 174
2035 163 182
2036 164 180
2037 165 174
2038 164 169
2039 165 175
2040 158 178
2041 159 187
2042 158 176
2043 160 171
2044 155 178
2045 166 178
2046 162 179
2047 154 175
2048 165 179
2049 157 181
2050 165 175
2051 165 174
2052 158 174
2053 167 186
2054 157 179
2055 155 183
2056 161 175
2057 163 181
2058 158 175
2059 164 179
2060 165 172
2061 155 186
2062 166 185
2063 222 1
2064 207 10
2065 217 8
2066 222 4
2067 211 4
2068 222 8
2069 217 5
2070 215 8
2071 206 5
2072 222 4
2073 212 5
2074 209 3
2075 221 2
2076 206 10
2077 206 3
2078 219 6
2079 214 5
2080 215 3
2081 211 10
2082 212 9
2083 219 2
2084 209 3
2085 215 2
2086 213 5
2087 206 10
2088 207 6
2089 219 9
2090 222 0
2091 59 124
2092 56 128
2093 67 123
2094 66 126
2095 64 133
2096 57 122
2097 53 132
2098 51 118
2099 53 122
2100 65 125
2101 50 131
2102 66 124
2103 62 121
2104 56 124
2105 52 126
2106 65 130
2107 62 123
2108 59 119
2109 63 129
2110 64 119
2111 61 124
2112 67 130
2113 56 118
2114 61 131
2115 61 128
2116 59 119
2117 58 126
2118 54 126
2119 57 130
2120 49 124
2121 164 115
2122 154 101
2123 166 107
2124 154 109
2125 160 102
2126 162 117
2127 161 108
2128 165 106
2129 165 106
2130 155 101
2131 164 112
2132 154 117
2133 168 116
2134 168 104
2135 167 102
2136 168 110
2137 162 115
2138 164 105
2139 156 116
2140 158 116
2141 161 101
2142 168 102
2143 168 104
2144 157 103
2145 163 115
2146 160 106
2147 167 102
2148 155 107
2149 157 110
2150 159 108
2151 236 100
2152 230 95
2153 232 89
2154 231 88
2155 234 95
2156 239 86
2157 235 94
2158 225 86
2159 235 88
2160 227 91
2161 230 83
2162 235 91
2163 229 87
2164 229 91
2165 229 88
2166 225 100
2167 230 83
2168 238 94
2169 235 88
2170 229 92
2171 235 95
2172 239 86
2173 224 91
2174 233 92
2175 235 96
2176 236 85
2177 227 89
2178 225 83
2179 229 100
2180 147 80
2181 150 73
2182 150 68
2183 147 82
2184 138 74
2185 144 71
2186 143 78
2187 143 69
2188 141 79
2189 150 70
2190 151 75
2191 140 70
2192 136 76
2193 141 75
2194 134 77
2195 148 78
2196 140 80
2197 139 72
2198 148 77
2199 140 81
2200 139 76
2201 141 68
2202 153 71
2203 148 75
2204 134 74
2205 153 74
2206 142 78
2207 136 73
2208 143 72
2209 142 78
2210 20 178
2211 29 175
2212 27 172
2213 22 183
2214 28 170
2215 12 177
2216 17 172
2217 24 187
2218 17 187
2219 25 182
2220 13 185
2221 12 181
2222 23 183
2223 15 182
2224 26 176
2225 29 171
2226 26 179
2227 21 180
2228 13 183
2229 22 179
2230 24 171
2231 24 173
2232 18 187
2233 28 178
2234 14 173
2235 23 172
2236 21 178
2237 29 172
2238 16 174
2239 12 182
2240 81 73
2241 78 80
2242 70 69
2243 77 72
2244 71 69
2245 78 70
2246 78 72
2247 82 79
2248 73 71
2249 78 72
2250 82 73
2251 78 81
2252 69 79
2253 75 73
2254 78 74
2255 82 68
2256 70 69
2257 72 70
2258 73 75
2259 70 78
2260 71 78
2261 14 153
2262 24 140
2263 22 145
2264 12 134
2265 21 137
2266 23 150
2267 22 137
2268 13 135
2269 26 145
2270 18 137
2271 24 135
2272 27 139
2273 12 144
2274 23 151
2275 25 151
2276 14 142
2277 13 134
2278 26 151
2279 18 140
2280 20 149
2281 26 134
2282 28 152
2283 15 138
2284 25 142
2285 13 150
2286 22 149
2287 17 136
2288 21 147
2289 18 138
2290 20 142
2291 109 202
2292 109 195
2293 112 192
2294 115 196
2295 114 190
2296 103 200
2297 113 200
2298 116 188
2299 115 194
2300 110 199
2301 116 191
2302 114 198
2303 109 188
2304 105 196
2305 115 197
2306 113 202
2307 102 192
2308 116 198
2309 104 198
2310 108 201
2311 115 191
2312 114 194
2313 102 197
2314 105 199
2315 115 201
2316 108 197
2317 104 190
2318 105 195
2319 109 200
2320 117 197
2321 169 51
2322 186 57
2323 178 55
2324 174 53
2325 181 63
2326 179 51
2327 175 60
2328 173 50
2329 175 49
2330 186 60
2331 173 54
2332 175 59
2333 173 61
2334 180 61
2335 178 50
2336 186 49
2337 176 54
2338 171 51
2339 183 50
2340 183 61
2341 170 57
2342 180 50
2343 169 57
2344 181 51
2345 180 54
2346 173 67
2347 170 50
2348 185 66
2349 173 56
2350 185 60
2351 77 109
2352 81 101
2353 74 105
2354 82 104
2355 76 111
2356 68 113
2357 76 111
2358 77 105
2359 72 106
2360 77 105
2361 71 107
2362 79 110
2363 73 108
2364 71 114
2365 80 108
2366 76 115
2367 71 102
2368 81 101
2369 74 112
2370 72 101
2371 75 113
2372 69 106
2373 80 113
2374 70 108
2375 79 106
2376 76 105
2377 71 113
2378 81 116
2379 79 113
2380 77 104
2381 132 194
2382 129 200
2383 131 192
2384 125 196
2385 125 202
2386 128 190
2387 128 199
2388 118 202
2389 118 199
2390 118 196
2391 124 192
2392 128 198
2393 133 202
2394 128 189
2395 132 199
2396 119 193
2397 131 198
2398 126 196
2399 127 204
2400 130 198
2401 131 192
2402 119 195
2403 124 201
2404 132 201
2405 128 191
2406 132 193
2407 124 193
2408 133 195
2409 133 201
2410 120 192
2411 68 142
2412 77 153
2413 70 145
2414 81 144
2415 79 144
2416 80 138
2417 68 135
2418 71 149
2419 82 140
2420 74 134
2421 75 138
2422 70 134
2423 72 142
2424 77 134
2425 68 149
2426 80 135
2427 82 137
2428 76 152
2429 82 141
2430 79 136
2431 78 134
2432 71 138
2433 74 151
2434 78 150
2435 69 143
2436 81 145
2437 75 145
2438 73 150
2439 70 146
2440 78 146
2441 201 20
2442 200 16
2443 198 27
2444 200 21
2445 189 20
2446 188 19
2447 203 25
2448 189 21
2449 194 27
2450 200 21
2451 188 23
2452 194 27
2453 198 12
2454 188 13
2455 191 25
2456 191 29
2457 196 16
2458 194 20
2459 188 21
2460 196 25
2461 195 13
2462 194 26
2463 201 21
2464 204 24
2465 191 29
2466 201 23
2467 189 28
2468 194 18
2469 199 27
2470 196 18
2471 21 129
2472 28 124
2473 23 130
2474 28 132
2475 12 130
2476 26 125
2477 20 119
2478 16 122
2479 25 120
2480 19 129
2481 20 132
2482 17 132
2483 20 128
2484 12 129
2485 15 129
2486 22 130
2487 29 118
2488 27 121
2489 23 120
2490 19 132
2491 15 130
2492 27 120
2493 24 131
2494 21 126
2495 24 124
2496 21 131
2497 17 119
2498 13 123
2499 27 118
2500 14 131
2501 64 85
2502 66 98
2503 57 89
2504 57 94
2505 55 100
2506 53 85
2507 49 96
2508 63 98
2509 52 97
2510 67 93
2511 53 86
2512 66 85
2513 54 97
2514 63 100
2515 66 95
2516 62 88
2517 57 89
2518 58 92
2519 64 90
2520 67 86
2521 49 96
2522 52 91
2523 52 93
2524 58 88
2525 62 86
2526 64 99
2527 65 89
2528 65 85
2529 59 100
2530 51 98
2531 130 69
2532 129 71
2533 125 79
2534 127 74
2535 132 68
2536 126 68
2537 124 68
2538 123 79
2539 121 72
2540 131 75
2541 127 75
2542 131 75
2543 133 71
2544 125 78
2545 129 68
2546 133 74
2547 120 81
2548 127 79
2549 130 74
2550 129 78
2551 124 74
2552 128 74
2553 131 68
2554 124 69
2555 132 75
2556 133 74
2557 123 74
2558 121 72
2559 133 76
2560 126 73
2561 147 189
2562 150 188
2563 151 199
2564 146 200
2565 143 188
2566 150 199
2567 149 191
2568 145 191
2569 135 189
2570 146 193
2571 139 202
2572 147 200
2573 141 203
2574 143 191
2575 140 189
2576 149 204
2577 144 188
2578 149 196
2579 146 194
2580 145 203
2581 142 204
2582 153 196
2583 153 189
2584 152 197
2585 150 189
2586 152 198
2587 148 189
2588 141 201
2589 134 197
2590 137 202
2591 239 27
2592 226 28
2593 232 16
2594 239 16
2595 225 19
2596 230 14
2597 238 23
2598 226 13
2599 233 22
2600 224 17
2601 225 29
2602 233 24
2603 235 29
2604 225 23
2605 234 13
2606 225 20
2607 229 14
2608 237 20
2609 238 16
2610 237 26
2611 226 19
2612 227 15
2613 239 17
2614 239 24
2615 231 26
2616 224 13
2617 237 25
2618 224 18
2619 227 18
2620 232 26
2621 131 67
2622 125 53
2623 122 58
2624 126 53
2625 118 52
2626 118 56
2627 132 54
2628 120 52
2629 123 64
2630 131 58
2631 125 58
2632 129 50
2633 121 55
2634 128 66
2635 127 66
2636 126 52
2637 132 67
2638 133 52
2639 120 57
2640 131 53
2641 126 62
2642 132 52
2643 120 55
2644 133 49
2645 127 53
2646 129 56
2647 118 61
2648 121 66
2649 123 50
2650 123 54
2651 48 116
2652 36 115
2653 48 117
2654 48 107
2655 45 113
2656 30 117
2657 45 112
2658 39 108
2659 31 108
2660 31 105
2661 48 117
2662 41 103
2663 33 112
2664 32 116
2665 34 101
2666 33 104
2667 46 117
2668 42 104
2669 48 102
2670 37 115
2671 46 102
2672 31 112
2673 39 117
2674 48 117
2675 43 105
2676 45 115
2677 31 113
2678 40 106
2679 32 105
2680 44 109
2681 155 235
2682 161 234
2683 166 237
2684 158 226
2685 166 234
2686 167 239
2687 165 237
2688 161 237
2689 161 233
2690 162 229
2691 168 236
2692 162 226
2693 167 225
2694 161 234
2695 160 233
2696 157 225
2697 163 226
2698 168 226
2699 158 230
2700 158 225
2701 158 229
2702 160 232
2703 157 232
2704 157 228
2705 159 225
2706 154 227
2707 162 225
2708 154 238
2709 157 232
2710 168 229
2711 120 154
2712 123 157
2713 119 166
2714 120 164
2715 127 161
2716 129 160
2717 126 156
2718 121 154
2719 121 168
2720 127 157
2721 127 163
2722 132 157
2723 132 166
2724 123 154
2725 120 159
2726 121 154
2727 129 167
2728 130 166
2729 131 159
2730 127 162
2731 131 165
2732 125 156
2733 118 162
2734 129 158
2735 123 157
2736 121 168
2737 124 165
2738 118 164
2739 126 166
2740 122 164
2741 156 3
2742 164 11
2743 165 1
2744 162 0
2745 160 11
2746 162 0
2747 168 3
2748 160 7
2749 160 7
2750 167 0
2751 167 3
2752 157 7
2753 164 8
2754 168 2
2755 160 11
2756 163 3
2757 166 7
2758 165 0
2759 164 6
2760 155 9
2761 157 9
2762 163 4
2763 160 3
2764 158 6
2765 158 6
2766 158 1
2767 163 4
2768 166 6
2769 122 231
2770 133 238
2771 119 227
2772 132 236
2773 125 225
2774 119 238
2775 132 228
2776 123 237
2777 118 232
2778 126 224
2779 127 226
2780 131 227
2781 122 237
2782 124 236
2783 122 230
2784 128 224
2785 125 229
2786 133 234
2787 125 238
2788 132 228
2789 128 229
2790 123 229
2791 129 226
2792 125 229
2793 132 228
2794 126 231
2795 118 227
2796 133 238
2797 124 229
2798 122 228
2799 42 65
2800 37 60
2801 30 66
2802 30 52
2803 44 60
2804 37 56
2805 36 50
2806 43 55
2807 30 67
2808 34 63
2809 35 51
2810 41 58
2811 43 61
2812 41 60
2813 41 66
2814 35 56
2815 43 52
2816 48 61
2817 31 59
2818 31 55
2819 34 60
2820 36 65
2821 46 66
2822 35 65
2823 45 50
2824 40 61
2825 41 53
2826 31 63
2827 47 50
2828 40 61
2829 206 30
2830 208 46
2831 209 34
2832 223 43
2833 208 39
2834 205 43
2835 209 39
2836 207 31
2837 214 33
2838 205 45
2839 207 45
2840 210 44
2841 212 34
2842 221 48
2843 209 45
2844 214 41
2845 222 38
2846 215 37
2847 220 42
2848 207 35
2849 218 32
2850 208 39
2851 222 42
2852 220 32
2853 207 46
2854 221 40
2855 221 48
2856 221 40
2857 215 35
2858 216 47
2859 197 182
2860 191 187
2861 199 182
2862 190 173
2863 188 182
2864 200 180
2865 195 187
2866 188 184
2867 196 183
2868 192 173
2869 192 178
2870 202 177
2871 200 173
2872 196 171
2873 203 180
2874 190 172
2875 204 181
2876 194 187
2877 194 178
2878 201 173
2879 192 171
2880 195 169
2881 198 182
2882 188 187
2883 189 177
2884 192 170
2885 202 179
2886 200 182
2887 189 176
2888 203 174
2889 52 172
2890 62 182
2891 63 175
2892 63 181
2893 66 174
2894 57 182
2895 51 173
2896 62 184
2897 67 175
2898 62 170
2899 61 186
2900 59 176
2901 64 187
2902 58 169
2903 55 172
2904 61 184
2905 64 177
2906 65 173
2907 63 181
2908 53 186
2909 67 180
2910 51 180
2911 50 185
2912 56 179
2913 67 178
2914 64 172
2915 49 173
2916 59 180
2917 50 180
2918 54 174
