279 300 10 2878
0 6
1 10
2 6
3 9
4 10
5 9
6 4
7 8
8 8
9 6
10 7
11 9
12 4
13 4
14 3
15 3
16 3
17 5
18 3
19 3
20 3
21 3
22 4
23 3
24 4
25 3
26 3
27 3
28 5
29 5
30 3
31 3
32 3
33 3
34 4
35 3
36 5
37 4
38 3
39 3
40 3
41 3
42 3
43 3
44 3
45 3
46 5
47 4
48 3
49 3
50 3
51 4
52 3
53 3
54 3
55 3
56 3
57 3
58 4
59 3
60 5
61 3
62 3
63 3
64 4
65 4
66 3
67 3
68 3
69 3
70 5
71 3
72 3
73 3
74 3
75 3
76 3
77 3
78 3
79 3
80 3
81 5
82 3
83 4
84 3
85 3
86 3
87 3
88 5
89 3
90 4
91 3
92 4
93 3
94 3
95 3
96 3
97 3
98 3
99 3
100 3
101 3
102 3
103 4
104 3
105 3
106 3
107 3
108 3
109 3
110 3
111 3
112 3
113 3
114 3
115 3
116 3
117 5
118 3
119 4
120 3
121 4
122 3
123 4
124 3
125 3
126 3
127 3
128 3
129 4
130 3
131 5
132 4
133 4
134 3
135 3
136 5
137 4
138 3
139 3
140 3
141 3
142 4
143 3
144 3
145 3
146 5
147 3
148 3
149 3
150 3
151 4
152 4
153 3
154 3
155 3
156 3
157 3
158 3
159 5
160 4
161 6
162 3
163 5
164 3
165 3
166 3
167 4
168 5
169 3
170 3
171 3
172 3
173 3
174 3
175 6
176 3
177 3
178 3
179 4
180 3
181 3
182 3
183 3
184 4
185 3
186 3
187 3
188 3
189 4
190 3
191 3
192 3
193 4
194 3
195 6
196 3
197 4
198 3
199 4
200 3
201 4
202 3
203 3
204 3
205 3
206 3
207 3
208 3
209 3
210 4
211 3
212 3
213 3
214 4
215 3
216 3
217 3
218 3
219 3
220 3
221 3
222 4
223 3
224 3
225 3
226 7
227 3
228 3
229 4
230 4
231 3
232 3
233 4
234 6
235 3
236 3
237 3
238 3
239 3
240 3
241 3
242 3
243 4
244 3
245 4
246 3
247 4
248 3
249 3
250 3
251 4
252 3
253 3
254 4
255 3
256 3
257 3
258 3
259 3
260 3
261 5
262 3
263 4
264 4
265 4
266 3
267 3
268 3
269 3
270 3
271 3
272 3
273 3
274 3
275 3
276 3
277 3
278 3
0 0 1
1 0 4
2 0 5
3 0 7
4 0 11
5 1 3
6 1 5
7 1 8
8 1 10
9 1 11
10 1 83
11 1 103
12 1 227
13 2 3
14 2 4
15 2 8
16 2 10
17 3 4
18 3 5
19 3 7
20 3 9
21 3 11
22 3 160
23 3 194
24 4 5
25 4 6
26 4 7
27 4 8
28 4 175
29 4 210
30 5 7
31 5 8
32 5 10
33 5 29
34 5 46
35 6 11
36 7 10
37 7 11
38 7 123
39 8 10
40 8 243
41 8 262
42 9 10
43 9 11
44 9 12
45 10 11
46 11 64
47 11 142
48 12 15
49 12 20
50 12 17
51 13 14
52 13 28
53 16 18
54 17 19
55 17 23
56 17 22
57 18 19
58 21 24
59 21 25
60 22 25
61 22 28
62 24 27
63 26 28
64 29 30
65 29 36
66 29 34
67 31 38
68 32 38
69 33 35
70 34 41
71 35 37
72 36 38
73 36 37
74 37 42
75 37 39
76 39 43
77 40 42
78 41 44
79 41 45
80 46 48
81 46 47
82 46 54
83 47 55
84 47 58
85 49 52
86 49 51
87 50 51
88 51 63
89 52 60
90 53 54
91 53 60
92 56 60
93 57 58
94 58 59
95 60 61
96 60 62
97 64 76
98 64 65
99 65 77
100 65 73
101 66 75
102 66 81
103 67 81
104 68 81
105 68 76
106 69 74
107 70 71
108 70 79
109 70 80
110 72 78
111 73 78
112 73 82
113 74 76
114 80 81
115 83 91
116 83 92
117 83 94
118 84 93
119 84 85
120 84 102
121 85 99
122 85 98
123 86 88
124 87 100
125 88 89
126 88 99
127 90 95
128 90 96
129 90 94
130 90 98
131 92 101
132 97 100
133 100 101
134 103 111
135 103 121
136 104 105
137 105 106
138 105 117
139 106 115
140 107 114
141 108 116
142 108 112
143 109 113
144 110 112
145 110 114
146 113 120
147 113 119
148 114 118
149 116 121
150 117 119
151 117 118
152 118 122
153 123 132
154 124 128
155 125 136
156 126 137
157 127 139
158 128 133
159 129 133
160 129 137
161 130 134
162 131 134
163 131 139
164 131 135
165 132 140
166 132 136
167 135 137
168 136 137
169 136 141
170 138 140
171 142 155
172 143 152
173 144 145
174 144 152
175 146 152
176 146 157
177 146 156
178 147 156
179 147 159
180 148 154
181 149 150
182 149 159
183 151 154
184 151 156
185 153 159
186 155 159
187 157 158
188 160 161
189 161 165
190 161 168
191 161 170
192 162 163
193 163 169
194 163 164
195 163 168
196 164 171
197 166 168
198 167 172
199 167 174
200 170 172
201 171 173
202 175 187
203 175 188
204 175 179
205 175 189
206 175 183
207 176 181
208 177 182
209 178 181
210 179 185
211 179 190
212 180 190
213 181 193
214 182 185
215 183 193
216 184 191
217 184 189
218 186 193
219 192 193
220 194 201
221 195 196
222 195 207
223 195 202
224 195 201
225 197 200
226 197 207
227 198 206
228 198 199
229 199 201
230 201 209
231 202 205
232 202 208
233 203 204
234 203 207
235 210 216
236 211 215
237 211 214
238 212 213
239 212 224
240 213 217
241 214 222
242 214 223
243 214 217
244 216 226
245 218 220
246 219 226
247 220 222
248 221 226
249 224 226
250 225 226
251 227 236
252 227 228
253 228 235
254 228 241
255 229 230
256 229 241
257 230 232
258 231 233
259 233 234
260 233 242
261 234 237
262 234 239
263 234 240
264 234 241
265 238 240
266 243 258
267 244 252
268 245 249
269 245 257
270 245 247
271 246 258
272 246 259
273 246 260
274 247 259
275 248 254
276 248 255
277 250 256
278 251 256
279 251 254
280 252 261
281 253 261
282 255 259
283 260 261
284 262 270
285 262 268
286 263 268
287 263 264
288 263 266
289 264 276
290 265 267
291 265 269
292 266 278
293 268 271
294 269 271
295 270 274
296 272 275
297 272 277
298 273 277
299 276 277
0 263 201
1 263 198
2 274 197
3 275 197
4 268 201
5 276 206
6 262 202
7 272 196
8 266 204
9 263 209
10 263 195
11 266 202
12 262 199
13 267 199
14 277 204
15 269 196
16 270 208
17 277 208
18 272 205
19 275 204
20 262 196
21 275 199
22 268 198
23 272 203
24 269 203
25 266 205
26 265 197
27 263 195
28 262 209
29 262 204
30 30 228
31 34 233
32 45 241
33 37 242
34 34 239
35 31 238
36 34 236
37 35 240
38 42 227
39 45 234
40 41 239
41 34 231
42 35 232
43 31 231
44 42 235
45 42 240
46 35 240
47 30 227
48 38 230
49 31 236
50 37 234
51 44 241
52 35 241
53 38 233
54 39 232
55 42 227
56 38 241
57 43 233
58 35 238
59 44 242
60 225 4
61 223 6
62 225 9
63 218 2
64 222 1
65 213 7
66 222 9
67 216 0
68 220 1
69 223 10
70 218 2
71 219 5
72 220 9
73 226 6
74 226 2
75 225 11
76 211 2
77 213 2
78 221 4
79 224 6
80 223 11
81 216 10
82 223 8
83 210 9
84 213 8
85 219 3
86 221 9
87 225 7
88 219 9
89 202 90
90 207 99
91 205 87
92 206 92
93 194 100
94 203 92
95 196 85
96 202 96
97 205 87
98 208 85
99 203 99
100 194 98
101 200 93
102 201 100
103 204 91
104 201 100
105 202 97
106 197 94
107 198 88
108 204 92
109 208 93
110 203 86
111 208 101
112 200 102
113 199 85
114 196 88
115 201 101
116 195 98
117 197 88
118 198 91
119 59 101
120 60 95
121 49 88
122 55 85
123 56 98
124 58 101
125 49 92
126 63 87
127 52 87
128 63 87
129 63 93
130 55 95
131 53 88
132 49 84
133 54 92
134 50 98
135 62 94
136 49 91
137 59 83
138 54 101
139 57 100
140 62 100
141 47 95
142 54 92
143 62 84
144 53 88
145 46 90
146 52 97
147 54 88
148 48 100
149 61 34
150 54 34
151 61 41
152 60 33
153 51 33
154 62 39
155 50 42
156 49 29
157 58 35
158 53 39
159 55 33
160 54 35
161 62 42
162 63 29
163 49 41
164 53 36
165 52 39
166 55 31
167 62 34
168 55 39
169 52 34
170 59 31
171 48 38
172 47 41
173 58 41
174 55 31
175 50 30
176 46 38
177 56 32
178 49 38
179 26 197
180 27 200
181 24 199
182 21 200
183 14 204
184 19 208
185 18 200
186 19 195
187 23 195
188 25 206
189 24 195
190 17 209
191 21 209
192 17 200
193 16 196
194 12 198
195 20 202
196 25 199
197 19 199
198 16 202
199 20 201
200 19 201
201 24 197
202 28 203
203 27 201
204 12 201
205 13 206
206 17 203
207 18 195
208 23 203
209 64 213
210 66 212
211 68 224
212 72 217
213 69 216
214 79 224
215 74 210
216 80 211
217 73 217
218 81 216
219 64 225
220 66 215
221 74 224
222 75 215
223 70 226
224 82 221
225 72 210
226 68 215
227 82 215
228 64 224
229 74 210
230 66 226
231 70 220
232 80 225
233 81 218
234 81 225
235 69 210
236 80 211
237 82 217
238 66 223
239 191 208
240 185 196
241 182 209
242 192 202
243 177 204
244 176 194
245 192 199
246 188 209
247 176 194
248 178 198
249 190 203
250 192 204
251 192 207
252 186 196
253 178 204
254 185 197
255 192 194
256 188 198
257 175 207
258 188 196
259 188 202
260 193 197
261 178 208
262 175 194
263 176 194
264 187 204
265 188 196
266 183 200
267 192 201
268 185 202
269 91 232
270 96 236
271 89 227
272 94 238
273 85 241
274 83 241
275 101 227
276 96 227
277 97 233
278 93 236
279 85 231
280 95 242
281 83 239
282 86 227
283 96 231
284 87 236
285 91 231
286 84 242
287 98 227
288 89 231
289 95 241
290 102 241
291 92 241
292 83 240
293 96 236
294 91 240
295 98 229
296 83 235
297 90 238
298 90 232
299 166 6
300 170 2
301 165 11
302 162 3
303 164 1
304 164 7
305 166 3
306 166 9
307 172 9
308 169 4
309 163 7
310 167 6
311 165 11
312 173 3
313 170 9
314 162 9
315 170 0
316 174 2
317 173 11
318 169 1
319 174 3
320 168 3
321 174 2
322 174 0
323 170 3
324 170 5
325 166 2
326 171 6
327 49 247
328 60 256
329 58 244
330 46 257
331 51 258
332 60 245
333 61 252
334 63 248
335 47 254
336 51 248
337 62 243
338 46 249
339 48 245
340 55 249
341 52 243
342 50 250
343 60 260
344 61 254
345 59 246
346 51 257
347 56 251
348 48 261
349 53 252
350 62 253
351 48 254
352 47 245
353 58 250
354 53 243
355 58 250
356 51 257
357 31 155
358 35 157
359 30 158
360 44 149
361 41 148
362 30 147
363 42 152
364 37 148
365 38 152
366 31 146
367 34 157
368 40 158
369 30 156
370 40 147
371 41 153
372 39 151
373 33 158
374 45 145
375 33 154
376 31 152
377 33 142
378 40 156
379 31 145
380 36 145
381 31 159
382 43 151
383 35 151
384 39 148
385 30 157
386 38 154
387 72 249
388 70 245
389 80 255
390 72 247
391 68 258
392 80 259
393 80 258
394 77 247
395 73 257
396 76 258
397 73 256
398 65 243
399 72 256
400 78 257
401 76 253
402 80 250
403 71 254
404 76 256
405 67 260
406 71 258
407 82 258
408 65 246
409 68 255
410 74 253
411 72 255
412 64 257
413 80 255
414 68 250
415 65 244
416 68 246
417 24 123
418 21 130
419 19 129
420 17 136
421 15 138
422 24 131
423 13 131
424 25 139
425 23 134
426 23 139
427 25 123
428 22 128
429 16 130
430 27 139
431 14 138
432 12 139
433 19 137
434 15 134
435 24 132
436 25 130
437 13 135
438 25 135
439 14 126
440 22 140
441 14 124
442 13 137
443 12 123
444 12 130
445 20 130
446 25 131
447 20 172
448 21 168
449 23 169
450 16 162
451 24 172
452 15 171
453 13 166
454 16 166
455 26 173
456 18 172
457 19 162
458 12 162
459 14 169
460 27 170
461 15 174
462 21 172
463 14 169
464 27 168
465 24 168
466 24 171
467 23 170
468 24 172
469 12 160
470 21 165
471 18 174
472 26 173
473 20 170
474 28 165
475 16 162
476 21 164
477 114 48
478 111 46
479 116 61
480 118 63
481 109 53
482 118 53
483 110 53
484 103 49
485 103 63
486 105 59
487 117 53
488 107 63
489 112 58
490 106 56
491 106 49
492 108 54
493 108 49
494 115 58
495 118 59
496 114 54
497 110 49
498 106 60
499 122 56
500 115 51
501 111 50
502 122 50
503 105 52
504 111 54
505 105 51
506 116 50
507 256 24
508 250 12
509 249 12
510 250 17
511 249 25
512 258 22
513 252 16
514 256 16
515 257 26
516 261 22
517 244 27
518 246 17
519 245 27
520 255 22
521 259 16
522 258 19
523 251 23
524 258 26
525 256 18
526 260 25
527 248 28
528 261 26
529 245 12
530 261 23
531 253 20
532 246 15
533 244 25
534 260 14
535 245 16
536 259 14
537 29 159
538 30 158
539 34 154
540 31 154
541 42 144
542 38 145
543 30 152
544 35 152
545 35 143
546 39 153
547 42 143
548 36 157
549 30 157
550 34 155
551 35 152
552 40 152
553 33 155
554 35 150
555 44 150
556 45 144
557 29 150
558 39 145
559 37 155
560 32 154
561 35 159
562 37 151
563 40 157
564 36 157
565 34 150
566 41 154
567 164 172
568 163 173
569 166 170
570 174 173
571 163 165
572 167 164
573 163 173
574 171 170
575 161 162
576 165 167
577 174 170
578 162 174
579 172 168
580 166 169
581 169 166
582 167 173
583 168 173
584 165 166
585 167 164
586 171 165
587 91 226
588 97 222
589 89 210
590 94 218
591 84 223
592 97 213
593 91 215
594 88 218
595 98 218
596 88 215
597 93 216
598 102 214
599 90 216
600 99 226
601 98 225
602 97 220
603 92 216
604 88 220
605 89 211
606 88 216
607 97 212
608 98 213
609 83 210
610 89 211
611 97 222
612 102 211
613 85 223
614 96 215
615 92 226
616 100 224
617 87 55
618 94 49
619 85 56
620 93 61
621 92 57
622 102 47
623 94 54
624 86 60
625 97 62
626 96 62
627 102 57
628 97 62
629 91 46
630 100 60
631 87 49
632 86 46
633 88 53
634 86 46
635 87 60
636 102 56
637 87 60
638 97 51
639 88 54
640 98 56
641 87 51
642 101 47
643 86 48
644 95 50
645 95 49
646 86 60
647 231 146
648 237 156
649 227 157
650 234 149
651 227 142
652 233 142
653 241 156
654 238 144
655 240 151
656 229 152
657 241 154
658 230 150
659 239 153
660 242 159
661 229 142
662 236 150
663 240 149
664 234 144
665 235 155
666 227 145
667 233 149
668 228 154
669 235 143
670 241 147
671 229 143
672 232 142
673 230 148
674 231 150
675 239 154
676 241 152
677 16 252
678 14 253
679 18 257
680 28 252
681 26 245
682 26 247
683 26 255
684 17 246
685 19 251
686 21 259
687 20 260
688 17 253
689 17 247
690 25 246
691 24 259
692 19 247
693 16 248
694 16 248
695 26 254
696 13 251
697 20 253
698 25 259
699 26 257
700 16 259
701 17 255
702 24 252
703 13 253
704 23 244
705 24 258
706 26 254
707 253 216
708 254 226
709 254 223
710 256 215
711 258 225
712 254 216
713 254 214
714 249 222
715 257 225
716 243 218
717 259 211
718 256 223
719 244 215
720 249 210
721 260 218
722 251 221
723 247 218
724 256 210
725 252 226
726 259 226
727 258 210
728 259 224
729 257 214
730 259 225
731 259 221
732 257 222
733 254 210
734 246 215
735 257 213
736 258 221
737 59 106
738 61 105
739 58 107
740 54 107
741 51 119
742 55 112
743 56 103
744 52 107
745 46 114
746 51 115
747 63 108
748 51 116
749 59 105
750 56 110
751 53 110
752 59 103
753 61 116
754 61 110
755 55 103
756 53 122
757 60 118
758 50 119
759 47 105
760 54 122
761 51 108
762 63 117
763 55 113
764 52 111
765 62 122
766 61 118
767 142 239
768 153 239
769 148 242
770 146 233
771 154 234
772 152 239
773 152 233
774 146 230
775 146 231
776 154 229
777 148 227
778 146 240
779 144 233
780 150 233
781 152 236
782 158 231
783 158 238
784 149 229
785 146 227
786 144 229
787 147 236
788 152 233
789 159 231
790 150 230
791 143 233
792 154 228
793 144 236
794 150 231
795 148 237
796 150 234
797 135 127
798 134 140
799 124 137
800 126 125
801 124 139
802 137 127
803 130 126
804 141 126
805 138 135
806 124 130
807 139 126
808 123 133
809 139 129
810 127 140
811 126 133
812 135 123
813 139 128
814 132 134
815 140 131
816 126 133
817 140 127
818 138 135
819 125 134
820 97 215
821 97 211
822 94 210
823 97 226
824 99 213
825 102 222
826 96 218
827 102 221
828 99 217
829 94 224
830 93 223
831 91 216
832 100 219
833 93 225
834 83 219
835 102 212
836 85 217
837 88 217
838 102 223
839 100 221
840 93 217
841 102 223
842 86 216
843 88 213
844 93 219
845 91 214
846 83 210
847 98 219
848 85 213
849 101 215
850 30 76
851 38 66
852 41 79
853 45 81
854 41 81
855 35 71
856 34 69
857 41 73
858 33 68
859 41 79
860 34 78
861 32 70
862 32 64
863 30 79
864 39 64
865 39 70
866 30 78
867 38 81
868 36 74
869 40 69
870 32 67
871 39 65
872 36 66
873 44 66
874 40 82
875 30 77
876 33 65
877 31 65
878 39 69
879 43 74
880 243 135
881 245 124
882 253 135
883 254 141
884 243 132
885 244 134
886 245 134
887 252 127
888 256 132
889 243 128
890 256 123
891 247 127
892 255 136
893 251 127
894 252 133
895 258 126
896 251 131
897 261 134
898 248 136
899 259 130
900 246 139
901 257 131
902 257 133
903 250 141
904 247 126
905 251 134
906 256 135
907 253 139
908 255 123
909 257 124
910 124 91
911 125 85
912 126 100
913 140 92
914 134 91
915 129 84
916 127 96
917 130 92
918 133 94
919 131 83
920 129 97
921 141 94
922 125 83
923 141 84
924 136 100
925 136 89
926 139 97
927 134 102
928 131 88
929 138 95
930 124 89
931 127 86
932 137 88
933 135 92
934 126 98
935 133 102
936 135 101
937 140 102
938 138 101
939 125 85
940 263 76
941 265 78
942 275 80
943 273 69
944 264 70
945 276 74
946 274 77
947 262 75
948 271 82
949 272 66
950 265 68
951 264 67
952 267 68
953 278 75
954 268 79
955 272 75
956 262 80
957 274 74
958 272 70
959 273 69
960 267 78
961 274 76
962 264 70
963 274 73
964 266 73
965 276 73
966 262 78
967 263 81
968 265 64
969 270 71
970 205 50
971 194 61
972 198 62
973 194 61
974 205 50
975 205 62
976 195 63
977 204 63
978 195 51
979 202 53
980 197 51
981 208 59
982 202 52
983 201 53
984 196 52
985 194 46
986 199 55
987 201 59
988 204 52
989 207 54
990 200 56
991 196 57
992 199 59
993 205 59
994 200 53
995 207 47
996 200 50
997 208 46
998 198 54
999 198 49
1000 32 144
1001 42 156
1002 32 151
1003 41 157
1004 35 149
1005 35 147
1006 43 147
1007 29 156
1008 32 149
1009 45 144
1010 44 153
1011 44 148
1012 33 150
1013 43 151
1014 33 154
1015 36 157
1016 29 156
1017 35 159
1018 35 146
1019 42 148
1020 42 142
1021 29 146
1022 40 156
1023 41 142
1024 31 147
1025 33 156
1026 41 159
1027 29 145
1028 35 150
1029 30 142
1030 236 204
1031 237 205
1032 235 197
1033 229 196
1034 238 199
1035 242 198
1036 232 209
1037 234 197
1038 235 200
1039 232 198
1040 234 194
1041 241 203
1042 239 204
1043 230 199
1044 241 194
1045 240 204
1046 234 197
1047 234 194
1048 235 204
1049 242 196
1050 241 198
1051 231 204
1052 230 199
1053 228 201
1054 233 194
1055 237 205
1056 229 203
1057 234 209
1058 239 194
1059 229 194
1060 220 246
1061 216 259
1062 226 253
1063 211 247
1064 217 252
1065 215 245
1066 212 257
1067 218 244
1068 221 261
1069 214 251
1070 223 257
1071 225 248
1072 217 250
1073 219 258
1074 221 250
1075 211 248
1076 222 247
1077 212 260
1078 217 244
1079 218 258
1080 213 259
1081 215 256
1082 216 243
1083 215 253
1084 213 249
1085 210 244
1086 215 257
1087 226 248
1088 217 243
1089 224 243
1090 190 191
1091 189 178
1092 184 178
1093 180 185
1094 188 192
1095 193 184
1096 186 189
1097 186 175
1098 190 177
1099 178 189
1100 179 193
1101 186 182
1102 184 181
1103 185 181
1104 186 175
1105 186 180
1106 177 180
1107 189 182
1108 190 189
1109 193 185
1110 180 184
1111 182 188
1112 204 202
1113 197 206
1114 194 208
1115 194 207
1116 204 202
1117 205 196
1118 199 202
1119 204 208
1120 197 206
1121 208 194
1122 198 194
1123 197 205
1124 194 208
1125 200 203
1126 198 195
1127 204 199
1128 194 207
1129 196 150
1130 196 155
1131 197 142
1132 196 147
1133 199 154
1134 199 146
1135 195 146
1136 200 152
1137 200 155
1138 201 143
1139 201 155
1140 201 149
1141 196 156
1142 196 149
1143 206 142
1144 208 151
1145 195 142
1146 196 152
1147 197 159
1148 200 159
1149 198 143
1150 204 142
1151 201 146
1152 206 142
1153 209 157
1154 205 159
1155 207 152
1156 204 142
1157 206 147
1158 202 146
1159 31 44
1160 42 45
1161 43 41
1162 41 40
1163 35 32
1164 29 39
1165 38 34
1166 36 41
1167 33 43
1168 38 34
1169 38 45
1170 44 36
1171 35 40
1172 39 29
1173 45 43
1174 41 33
1175 34 42
1176 45 37
1177 192 190
1178 180 178
1179 192 185
1180 178 185
1181 193 180
1182 186 188
1183 176 184
1184 187 184
1185 187 185
1186 176 190
1187 189 186
1188 186 185
1189 193 179
1190 193 188
1191 190 188
1192 192 180
1193 178 185
1194 251 253
1195 244 248
1196 245 254
1197 250 261
1198 253 255
1199 246 256
1200 256 253
1201 253 257
1202 256 253
1203 261 249
1204 245 261
1205 259 257
1206 253 256
1207 244 248
1208 259 243
1209 251 249
1210 250 245
1211 243 251
1212 245 244
1213 246 257
1214 259 250
1215 171 78
1216 167 64
1217 170 76
1218 168 64
1219 166 74
1220 165 75
1221 173 70
1222 165 78
1223 166 64
1224 174 64
1225 172 69
1226 172 65
1227 163 80
1228 173 72
1229 161 70
1230 164 82
1231 161 65
1232 166 66
1233 161 69
1234 171 80
1235 161 69
1236 166 81
1237 162 68
1238 170 76
1239 170 81
1240 165 82
1241 163 77
1242 172 64
1243 170 74
1244 169 65
1245 19 10
1246 13 4
1247 28 5
1248 22 2
1249 12 8
1250 20 4
1251 18 7
1252 19 0
1253 28 9
1254 21 2
1255 14 0
1256 26 8
1257 24 0
1258 17 8
1259 22 4
1260 21 9
1261 20 3
1262 13 4
1263 17 6
1264 21 5
1265 12 5
1266 25 9
1267 21 2
1268 16 4
1269 13 1
1270 16 3
1271 21 8
1272 259 124
1273 248 139
1274 254 126
1275 249 136
1276 256 134
1277 259 124
1278 245 138
1279 259 133
1280 261 124
1281 258 132
1282 259 139
1283 251 141
1284 246 127
1285 248 130
1286 254 131
1287 258 125
1288 251 138
1289 248 133
1290 248 138
1291 243 123
1292 249 135
1293 250 138
1294 249 133
1295 244 125
1296 259 136
1297 258 139
1298 257 139
1299 243 140
1300 246 138
1301 254 139
1302 30 257
1303 45 250
1304 45 248
1305 45 249
1306 45 249
1307 33 250
1308 30 250
1309 29 260
1310 40 249
1311 29 257
1312 43 247
1313 38 249
1314 41 259
1315 35 260
1316 45 258
1317 33 246
1318 34 258
1319 44 249
1320 37 253
1321 43 244
1322 45 249
1323 37 255
1324 39 252
1325 44 248
1326 39 243
1327 33 250
1328 32 254
1329 45 252
1330 41 260
1331 44 244
1332 65 138
1333 72 123
1334 76 131
1335 67 127
1336 78 127
1337 65 137
1338 75 127
1339 71 129
1340 79 136
1341 80 139
1342 68 133
1343 75 126
1344 68 124
1345 73 128
1346 81 141
1347 75 125
1348 67 125
1349 68 138
1350 65 139
1351 80 134
1352 73 129
1353 71 133
1354 68 129
1355 66 141
1356 71 138
1357 78 127
1358 81 133
1359 67 134
1360 80 125
1361 74 130
1362 6 178
1363 9 186
1364 8 188
1365 2 179
1366 11 183
1367 2 180
1368 5 184
1369 10 182
1370 7 185
1371 10 187
1372 4 180
1373 2 184
1374 8 188
1375 7 185
1376 11 184
1377 5 182
1378 0 190
1379 0 193
1380 10 182
1381 9 186
1382 6 186
1383 8 179
1384 1 185
1385 6 179
1386 5 184
1387 3 177
1388 9 188
1389 0 183
1390 174 140
1391 161 127
1392 168 136
1393 167 123
1394 161 137
1395 164 139
1396 171 140
1397 173 125
1398 172 135
1399 173 126
1400 174 133
1401 174 133
1402 166 133
1403 172 136
1404 173 133
1405 168 136
1406 160 134
1407 164 125
1408 167 123
1409 173 129
1410 170 135
1411 171 131
1412 170 132
1413 164 136
1414 170 128
1415 160 135
1416 162 136
1417 172 139
1418 172 131
1419 170 128
1420 226 207
1421 213 198
1422 213 208
1423 226 199
1424 211 209
1425 223 201
1426 218 207
1427 218 194
1428 221 205
1429 223 203
1430 219 204
1431 222 207
1432 219 203
1433 224 194
1434 221 201
1435 226 195
1436 225 209
1437 210 198
1438 216 202
1439 225 208
1440 218 195
1441 212 206
1442 220 206
1443 213 207
1444 218 207
1445 212 204
1446 214 194
1447 214 205
1448 221 208
1449 222 196
1450 25 152
1451 26 151
1452 26 156
1453 26 158
1454 25 156
1455 17 155
1456 27 152
1457 23 145
1458 18 152
1459 17 148
1460 22 145
1461 16 150
1462 27 154
1463 27 153
1464 12 155
1465 13 159
1466 28 146
1467 17 157
1468 24 150
1469 18 145
1470 18 142
1471 28 147
1472 16 152
1473 14 150
1474 20 155
1475 28 145
1476 19 146
1477 28 152
1478 18 154
1479 27 159
1480 118 49
1481 109 51
1482 113 47
1483 122 61
1484 117 50
1485 115 48
1486 105 56
1487 122 60
1488 122 49
1489 112 54
1490 105 53
1491 122 56
1492 108 56
1493 109 59
1494 119 57
1495 114 49
1496 120 51
1497 105 63
1498 108 46
1499 114 61
1500 108 48
1501 107 46
1502 110 61
1503 113 62
1504 109 60
1505 105 47
1506 111 49
1507 106 59
1508 122 55
1509 103 53
1510 113 228
1511 119 235
1512 116 232
1513 116 232
1514 108 238
1515 120 241
1516 119 235
1517 117 230
1518 105 234
1519 114 239
1520 107 231
1521 107 229
1522 108 231
1523 103 239
1524 119 230
1525 116 230
1526 109 240
1527 119 238
1528 116 231
1529 116 240
1530 119 238
1531 112 228
1532 114 234
1533 118 236
1534 112 232
1535 119 242
1536 112 242
1537 113 241
1538 119 228
1539 103 231
1540 237 212
1541 240 215
1542 238 222
1543 241 221
1544 229 214
1545 235 224
1546 232 215
1547 236 223
1548 227 210
1549 240 223
1550 237 210
1551 232 215
1552 232 210
1553 240 219
1554 231 224
1555 236 224
1556 230 218
1557 242 215
1558 240 225
1559 238 210
1560 235 222
1561 236 213
1562 242 216
1563 241 210
1564 233 216
1565 231 226
1566 242 223
1567 236 224
1568 231 222
1569 239 215
1570 271 139
1571 277 124
1572 274 138
1573 268 131
1574 277 131
1575 264 130
1576 263 135
1577 263 140
1578 272 126
1579 262 123
1580 265 140
1581 276 124
1582 262 132
1583 264 135
1584 268 124
1585 278 124
1586 270 136
1587 271 135
1588 266 128
1589 269 124
1590 263 141
1591 274 128
1592 278 138
1593 267 131
1594 276 131
1595 274 134
1596 262 134
1597 268 135
1598 277 135
1599 271 127
1600 265 256
1601 274 259
1602 266 261
1603 268 254
1604 276 249
1605 268 253
1606 268 251
1607 271 253
1608 264 256
1609 272 246
1610 278 258
1611 270 248
1612 275 260
1613 266 243
1614 276 256
1615 268 246
1616 278 257
1617 274 248
1618 263 251
1619 273 259
1620 266 255
1621 272 258
1622 267 255
1623 273 244
1624 262 251
1625 271 251
1626 270 258
1627 273 257
1628 264 254
1629 277 250
1630 13 122
1631 26 108
1632 16 117
1633 18 121
1634 12 109
1635 17 104
1636 23 122
1637 25 118
1638 12 108
1639 15 104
1640 16 112
1641 27 103
1642 28 116
1643 28 104
1644 17 106
1645 24 120
1646 16 112
1647 26 122
1648 25 116
1649 28 108
1650 24 106
1651 25 120
1652 17 111
1653 16 113
1654 15 114
1655 16 111
1656 12 119
1657 28 106
1658 20 103
1659 18 114
1660 128 127
1661 128 138
1662 131 126
1663 141 135
1664 123 141
1665 124 137
1666 136 139
1667 126 134
1668 139 140
1669 130 132
1670 139 132
1671 123 129
1672 139 126
1673 139 136
1674 141 129
1675 133 127
1676 132 131
1677 138 128
1678 140 129
1679 130 123
1680 123 125
1681 173 6
1682 170 2
1683 174 6
1684 168 4
1685 169 0
1686 165 10
1687 161 10
1688 172 9
1689 169 9
1690 174 7
1691 164 7
1692 169 2
1693 173 10
1694 173 10
1695 163 9
1696 172 4
1697 171 2
1698 167 2
1699 172 9
1700 174 4
1701 162 6
1702 172 1
1703 170 9
1704 161 2
1705 169 7
1706 172 10
1707 173 10
1708 161 11
1709 156 0
1710 146 11
1711 149 8
1712 157 0
1713 152 3
1714 159 11
1715 149 6
1716 144 2
1717 152 11
1718 153 1
1719 149 8
1720 158 7
1721 156 3
1722 152 8
1723 158 10
1724 144 1
1725 159 6
1726 159 7
1727 159 3
1728 159 9
1729 149 6
1730 152 0
1731 144 2
1732 147 3
1733 154 2
1734 158 1
1735 151 0
1736 144 1
1737 145 1
1738 146 86
1739 144 87
1740 153 92
1741 154 95
1742 150 84
1743 142 86
1744 158 98
1745 157 91
1746 148 97
1747 154 84
1748 142 99
1749 155 88
1750 155 87
1751 142 97
1752 152 89
1753 145 101
1754 145 85
1755 148 99
1756 150 101
1757 144 96
1758 148 89
1759 156 91
1760 158 90
1761 145 95
1762 157 97
1763 149 101
1764 153 101
1765 147 98
1766 156 86
1767 157 92
1768 201 200
1769 206 203
1770 199 196
1771 207 194
1772 197 208
1773 203 199
1774 194 208
1775 199 207
1776 197 194
1777 208 197
1778 204 198
1779 198 207
1780 208 199
1781 207 205
1782 196 206
1783 202 194
1784 198 194
1785 207 194
1786 253 184
1787 252 189
1788 247 184
1789 248 188
1790 251 175
1791 245 177
1792 244 189
1793 252 182
1794 261 180
1795 245 188
1796 251 193
1797 250 187
1798 257 185
1799 243 187
1800 252 179
1801 250 180
1802 249 185
1803 250 182
1804 252 189
1805 246 188
1806 255 187
1807 253 176
1808 261 187
1809 243 183
1810 258 178
1811 255 190
1812 251 182
1813 255 175
1814 259 183
1815 250 177
1816 212 198
1817 215 196
1818 220 200
1819 210 194
1820 214 206
1821 221 200
1822 219 200
1823 226 208
1824 210 194
1825 225 204
1826 221 202
1827 216 195
1828 214 203
1829 220 198
1830 218 206
1831 224 202
1832 212 204
1833 217 201
1834 224 203
1835 210 201
1836 222 200
1837 213 199
1838 223 195
1839 213 202
1840 224 198
1841 225 198
1842 223 202
1843 220 207
1844 225 203
1845 215 201
1846 95 0
1847 91 3
1848 86 11
1849 86 11
1850 85 10
1851 91 5
1852 87 0
1853 86 9
1854 95 6
1855 99 11
1856 90 6
1857 90 10
1858 101 0
1859 100 8
1860 100 9
1861 85 0
1862 85 6
1863 95 10
1864 100 6
1865 87 1
1866 96 6
1867 100 6
1868 91 3
1869 88 9
1870 99 2
1871 85 3
1872 99 3
1873 85 11
1874 20 263
1875 12 277
1876 18 264
1877 16 262
1878 26 274
1879 20 268
1880 14 277
1881 20 264
1882 19 277
1883 28 265
1884 16 266
1885 16 265
1886 12 263
1887 25 270
1888 19 265
1889 12 270
1890 27 266
1891 26 264
1892 24 264
1893 15 269
1894 26 275
1895 18 276
1896 17 278
1897 13 276
1898 15 264
1899 27 272
1900 22 263
1901 23 272
1902 16 277
1903 19 269
1904 171 231
1905 174 230
1906 163 242
1907 171 242
1908 162 239
1909 167 227
1910 172 240
1911 163 237
1912 162 231
1913 164 235
1914 173 234
1915 171 232
1916 162 235
1917 172 241
1918 170 234
1919 161 234
1920 161 228
1921 162 233
1922 166 239
1923 170 231
1924 168 232
1925 169 231
1926 171 242
1927 163 229
1928 161 235
1929 161 235
1930 165 233
1931 168 227
1932 167 229
1933 171 231
1934 225 105
1935 224 114
1936 217 112
1937 216 105
1938 215 115
1939 217 113
1940 216 118
1941 217 114
1942 210 109
1943 221 120
1944 215 113
1945 226 110
1946 222 110
1947 211 112
1948 220 111
1949 218 104
1950 223 112
1951 220 111
1952 211 108
1953 211 118
1954 215 109
1955 219 108
1956 222 108
1957 225 103
1958 225 107
1959 225 118
1960 221 120
1961 225 115
1962 219 118
1963 217 104
1964 272 258
1965 276 249
1966 269 253
1967 275 244
1968 266 254
1969 272 258
1970 276 250
1971 278 261
1972 271 255
1973 265 243
1974 264 247
1975 268 259
1976 270 256
1977 274 257
1978 278 252
1979 278 252
1980 274 250
1981 277 250
1982 270 249
1983 267 251
1984 271 257
1985 270 254
1986 273 246
1987 268 259
1988 275 254
1989 264 251
1990 267 252
1991 276 250
1992 264 251
1993 268 260
1994 277 105
1995 270 119
1996 262 109
1997 274 120
1998 269 106
1999 275 119
2000 267 110
2001 269 112
2002 275 106
2003 272 106
2004 262 108
2005 274 111
2006 276 112
2007 267 115
2008 270 104
2009 272 120
2010 278 103
2011 274 117
2012 270 111
2013 271 109
2014 264 116
2015 269 109
2016 266 114
2017 263 114
2018 262 103
2019 275 113
2020 273 117
2021 264 103
2022 271 109
2023 268 112
2024 65 72
2025 70 67
2026 72 69
2027 65 68
2028 70 82
2029 78 68
2030 79 67
2031 78 68
2032 79 81
2033 69 73
2034 69 65
2035 68 72
2036 75 65
2037 76 79
2038 70 69
2039 80 74
2040 74 65
2041 73 74
2042 66 78
2043 81 73
2044 115 26
2045 111 20
2046 112 21
2047 116 26
2048 111 18
2049 118 23
2050 115 17
2051 114 25
2052 105 17
2053 109 13
2054 112 22
2055 117 12
2056 105 28
2057 111 24
2058 117 20
2059 120 21
2060 105 27
2061 116 17
2062 116 19
2063 117 14
2064 117 20
2065 120 26
2066 112 15
2067 106 17
2068 112 21
2069 110 17
2070 114 20
2071 108 28
2072 111 21
2073 122 16
2074 38 17
2075 35 12
2076 34 14
2077 39 20
2078 35 25
2079 42 21
2080 36 15
2081 39 14
2082 33 19
2083 32 12
2084 31 21
2085 40 28
2086 43 24
2087 41 20
2088 43 13
2089 37 14
2090 37 17
2091 35 21
2092 38 14
2093 38 20
2094 31 22
2095 43 15
2096 34 28
2097 33 20
2098 44 15
2099 44 25
2100 31 18
2101 42 26
2102 43 21
2103 29 18
2104 13 128
2105 21 128
2106 28 138
2107 19 130
2108 17 126
2109 19 141
2110 20 139
2111 24 127
2112 15 124
2113 22 125
2114 25 123
2115 23 140
2116 16 129
2117 18 139
2118 15 136
2119 14 127
2120 17 134
2121 17 125
2122 21 125
2123 22 124
2124 15 127
2125 21 125
2126 15 139
2127 20 132
2128 28 136
2129 19 134
2130 27 141
2131 12 136
2132 13 127
2133 13 141
2134 209 262
2135 201 274
2136 199 277
2137 203 278
2138 200 274
2139 198 272
2140 199 266
2141 201 274
2142 206 273
2143 200 278
2144 207 270
2145 198 268
2146 200 265
2147 207 278
2148 204 276
2149 196 265
2150 203 268
2151 203 268
2152 209 262
2153 209 263
2154 195 272
2155 206 268
2156 202 277
2157 206 272
2158 202 263
2159 206 275
2160 207 268
2161 203 263
2162 207 262
2163 204 262
2164 243 28
2165 252 24
2166 255 17
2167 245 22
2168 261 27
2169 255 25
2170 258 19
2171 252 23
2172 249 22
2173 251 17
2174 249 12
2175 261 23
2176 246 17
2177 247 23
2178 246 21
2179 257 21
2180 256 26
2181 260 28
2182 257 21
2183 246 17
2184 261 24
2185 256 19
2186 247 18
2187 251 27
2188 248 18
2189 247 27
2190 245 19
2191 243 16
2192 253 19
2193 257 22
2194 154 214
2195 154 210
2196 146 222
2197 153 218
2198 159 210
2199 156 226
2200 158 223
2201 156 226
2202 150 223
2203 142 222
2204 143 225
2205 158 212
2206 154 219
2207 154 215
2208 143 222
2209 147 220
2210 157 210
2211 146 213
2212 159 214
2213 148 213
2214 153 213
2215 151 215
2216 157 219
2217 157 212
2218 151 215
2219 158 212
2220 142 225
2221 147 213
2222 158 212
2223 151 210
2224 192 268
2225 182 278
2226 190 263
2227 185 270
2228 192 268
2229 182 267
2230 192 265
2231 175 268
2232 183 271
2233 183 270
2234 187 278
2235 181 262
2236 178 267
2237 186 277
2238 187 270
2239 187 270
2240 186 276
2241 176 276
2242 192 266
2243 181 264
2244 177 277
2245 184 275
2246 191 270
2247 186 277
2248 182 268
2249 176 266
2250 182 267
2251 179 275
2252 191 277
2253 180 274
2254 23 101
2255 27 102
2256 26 98
2257 18 91
2258 14 96
2259 28 97
2260 21 89
2261 14 96
2262 20 83
2263 24 86
2264 20 85
2265 28 96
2266 15 98
2267 18 94
2268 17 98
2269 21 83
2270 13 97
2271 20 83
2272 13 83
2273 20 84
2274 13 100
2275 22 88
2276 26 100
2277 22 102
2278 17 84
2279 28 98
2280 21 89
2281 13 87
2282 23 85
2283 15 85
2284 198 125
2285 204 127
2286 202 130
2287 202 137
2288 198 125
2289 194 128
2290 200 138
2291 195 127
2292 197 136
2293 204 141
2294 209 134
2295 208 132
2296 206 126
2297 208 135
2298 205 126
2299 205 136
2300 198 139
2301 203 130
2302 205 123
2303 204 138
2304 204 127
2305 209 134
2306 203 134
2307 195 123
2308 207 135
2309 209 123
2310 204 127
2311 198 123
2312 201 137
2313 194 127
2314 55 151
2315 54 159
2316 60 150
2317 63 151
2318 48 147
2319 49 151
2320 55 145
2321 58 147
2322 49 151
2323 60 147
2324 49 153
2325 53 156
2326 62 145
2327 59 142
2328 57 148
2329 50 159
2330 54 142
2331 52 154
2332 59 148
2333 49 158
2334 59 149
2335 54 151
2336 58 143
2337 53 146
2338 63 146
2339 48 148
2340 50 157
2341 50 147
2342 51 142
2343 48 147
2344 136 250
2345 126 247
2346 128 249
2347 133 252
2348 131 261
2349 124 243
2350 127 254
2351 139 244
2352 125 245
2353 141 246
2354 130 254
2355 135 245
2356 124 249
2357 137 255
2358 124 261
2359 140 254
2360 141 258
2361 123 251
2362 140 252
2363 138 250
2364 135 260
2365 126 258
2366 132 260
2367 132 258
2368 130 258
2369 136 246
2370 130 244
2371 140 259
2372 135 255
2373 127 251
2374 246 169
2375 250 164
2376 260 169
2377 243 163
2378 260 163
2379 261 169
2380 257 171
2381 253 172
2382 260 172
2383 258 174
2384 254 172
2385 246 162
2386 248 172
2387 246 162
2388 257 167
2389 252 165
2390 244 173
2391 254 163
2392 256 160
2393 245 163
2394 260 172
2395 248 174
2396 261 172
2397 254 169
2398 259 163
2399 246 166
2400 259 171
2401 247 162
2402 255 173
2403 244 168
2404 81 2
2405 73 3
2406 78 7
2407 78 5
2408 77 3
2409 75 11
2410 73 9
2411 65 9
2412 79 5
2413 82 1
2414 78 1
2415 64 5
2416 82 4
2417 79 6
2418 70 6
2419 69 8
2420 80 7
2421 66 3
2422 80 4
2423 79 6
2424 76 5
2425 79 3
2426 72 7
2427 77 3
2428 75 8
2429 75 9
2430 81 11
2431 77 8
2432 205 7
2433 195 0
2434 201 5
2435 195 5
2436 205 8
2437 202 7
2438 205 6
2439 207 3
2440 197 4
2441 196 1
2442 209 6
2443 198 7
2444 196 4
2445 203 3
2446 207 8
2447 200 6
2448 204 10
2449 196 5
2450 207 7
2451 207 9
2452 196 1
2453 201 0
2454 197 5
2455 209 5
2456 195 7
2457 202 5
2458 209 9
2459 208 5
2460 199 5
2461 160 211
2462 169 210
2463 165 215
2464 168 210
2465 170 216
2466 173 218
2467 162 213
2468 161 221
2469 173 210
2470 171 222
2471 172 218
2472 163 219
2473 163 219
2474 162 219
2475 172 223
2476 168 218
2477 164 215
2478 166 221
2479 163 220
2480 174 214
2481 169 216
2482 164 223
2483 162 225
2484 160 213
2485 160 222
2486 174 210
2487 168 226
2488 169 215
2489 166 213
2490 172 224
2491 167 159
2492 165 152
2493 161 143
2494 160 143
2495 160 142
2496 160 155
2497 160 145
2498 174 158
2499 174 142
2500 174 147
2501 169 159
2502 162 158
2503 168 156
2504 169 148
2505 173 153
2506 165 150
2507 164 152
2508 160 146
2509 168 156
2510 161 154
2511 171 159
2512 162 143
2513 160 151
2514 167 143
2515 171 155
2516 174 147
2517 160 151
2518 171 154
2519 173 153
2520 174 156
2521 97 246
2522 100 258
2523 84 243
2524 89 246
2525 94 257
2526 86 245
2527 91 251
2528 100 257
2529 86 256
2530 90 259
2531 96 261
2532 92 251
2533 93 260
2534 100 247
2535 85 246
2536 99 244
2537 85 249
2538 90 252
2539 100 256
2540 91 246
2541 85 253
2542 95 246
2543 90 254
2544 92 246
2545 96 260
2546 84 256
2547 92 248
2548 89 247
2549 101 243
2550 92 259
2551 21 157
2552 18 148
2553 15 151
2554 14 149
2555 25 158
2556 15 158
2557 20 149
2558 22 144
2559 12 143
2560 15 153
2561 16 152
2562 20 143
2563 15 153
2564 28 159
2565 23 143
2566 26 156
2567 28 147
2568 12 159
2569 21 149
2570 24 144
2571 12 154
2572 28 142
2573 19 153
2574 16 148
2575 17 154
2576 26 156
2577 24 155
2578 19 153
2579 18 145
2580 24 158
2581 70 148
2582 81 146
2583 75 148
2584 79 158
2585 78 149
2586 74 150
2587 69 145
2588 64 150
2589 82 155
2590 75 154
2591 65 154
2592 78 148
2593 82 154
2594 68 157
2595 72 155
2596 75 151
2597 71 159
2598 80 147
2599 78 144
2600 71 145
2601 67 158
2602 79 157
2603 69 157
2604 70 151
2605 77 151
2606 76 146
2607 71 155
2608 79 150
2609 71 142
2610 77 157
2611 103 42
2612 122 35
2613 106 37
2614 117 33
2615 113 37
2616 118 33
2617 115 44
2618 120 36
2619 122 37
2620 113 42
2621 122 31
2622 113 36
2623 106 36
2624 115 34
2625 121 31
2626 121 37
2627 120 36
2628 103 42
2629 119 37
2630 107 36
2631 116 45
2632 111 35
2633 110 39
2634 109 41
2635 120 38
2636 112 45
2637 121 35
2638 106 30
2639 106 35
2640 113 30
2641 0 62
2642 2 48
2643 0 55
2644 11 60
2645 3 57
2646 2 61
2647 2 51
2648 11 51
2649 6 51
2650 10 52
2651 6 62
2652 8 49
2653 0 48
2654 11 59
2655 2 61
2656 1 63
2657 9 47
2658 9 47
2659 1 53
2660 4 50
2661 8 62
2662 10 54
2663 9 61
2664 10 56
2665 11 57
2666 4 55
2667 9 57
2668 0 61
2669 8 48
2670 52 76
2671 46 81
2672 63 75
2673 51 76
2674 59 69
2675 63 74
2676 46 68
2677 53 76
2678 54 68
2679 54 82
2680 47 82
2681 53 73
2682 63 70
2683 47 71
2684 46 78
2685 55 64
2686 60 81
2687 48 64
2688 46 64
2689 46 71
2690 49 74
2691 54 80
2692 57 73
2693 55 82
2694 52 74
2695 62 66
2696 56 65
2697 59 81
2698 62 80
2699 46 78
2700 14 185
2701 21 190
2702 26 188
2703 14 186
2704 20 180
2705 15 179
2706 26 185
2707 28 189
2708 15 186
2709 14 189
2710 20 178
2711 14 191
2712 16 188
2713 17 186
2714 24 193
2715 24 182
2716 22 186
2717 26 187
2718 15 186
2719 26 188
2720 25 186
2721 20 181
2722 15 179
2723 23 183
2724 25 190
2725 15 191
2726 19 177
2727 28 179
2728 16 192
2729 22 181
2730 87 57
2731 100 63
2732 90 62
2733 92 48
2734 101 59
2735 93 63
2736 84 49
2737 93 47
2738 100 56
2739 96 54
2740 85 54
2741 100 46
2742 100 54
2743 84 49
2744 89 61
2745 98 55
2746 92 52
2747 101 60
2748 83 51
2749 101 52
2750 88 47
2751 92 46
2752 99 57
2753 94 48
2754 90 49
2755 96 62
2756 98 51
2757 97 56
2758 85 51
2759 88 57
2760 258 12
2761 247 15
2762 255 14
2763 247 16
2764 260 28
2765 256 26
2766 247 13
2767 247 19
2768 247 24
2769 254 22
2770 250 17
2771 254 27
2772 247 20
2773 253 28
2774 248 26
2775 243 14
2776 249 28
2777 261 19
2778 251 24
2779 245 13
2780 250 14
2781 245 22
2782 255 13
2783 249 25
2784 256 22
2785 256 27
2786 244 15
2787 245 13
2788 258 16
2789 251 17
2790 61 1
2791 56 0
2792 63 6
2793 52 8
2794 51 7
2795 60 7
2796 47 7
2797 52 10
2798 51 5
2799 58 9
2800 55 11
2801 48 8
2802 60 1
2803 48 11
2804 49 11
2805 54 0
2806 63 6
2807 58 10
2808 57 7
2809 61 6
2810 58 3
2811 58 0
2812 60 0
2813 56 1
2814 53 11
2815 59 0
2816 50 6
2817 59 9
2818 49 4
2819 100 32
2820 85 45
2821 91 38
2822 85 42
2823 87 32
2824 86 34
2825 95 41
2826 102 39
2827 84 30
2828 89 35
2829 87 36
2830 98 32
2831 87 41
2832 100 29
2833 85 37
2834 94 39
2835 99 44
2836 87 35
2837 95 45
2838 89 44
2839 99 29
2840 102 40
2841 89 30
2842 85 31
2843 85 41
2844 101 42
2845 91 32
2846 84 45
2847 102 42
2848 85 37
2849 93 4
2850 102 11
2851 90 9
2852 92 9
2853 101 8
2854 85 9
2855 89 7
2856 90 4
2857 95 11
2858 87 11
2859 102 11
2860 101 10
2861 98 3
2862 89 4
2863 90 7
2864 89 1
2865 95 6
2866 87 2
2867 101 2
2868 90 11
2869 97 6
2870 87 11
2871 84 8
2872 95 7
2873 93 3
2874 92 3
2875 99 5
2876 91 6
2877 102 5
