266 287 10 2898
0 7
1 8
2 5
3 5
4 6
5 7
6 8
7 10
8 6
9 10
10 12
11 8
12 5
13 3
14 4
15 3
16 3
17 3
18 3
19 3
20 4
21 4
22 3
23 3
24 3
25 3
26 4
27 4
28 3
29 3
30 3
31 3
32 6
33 4
34 3
35 5
36 3
37 3
38 3
39 3
40 3
41 3
42 3
43 3
44 4
45 3
46 3
47 3
48 3
49 3
50 3
51 4
52 3
53 5
54 3
55 3
56 4
57 3
58 3
59 3
60 3
61 4
62 3
63 3
64 3
65 3
66 3
67 3
68 6
69 3
70 3
71 3
72 3
73 4
74 3
75 5
76 8
77 3
78 3
79 3
80 3
81 4
82 3
83 3
84 4
85 3
86 3
87 3
88 3
89 3
90 3
91 3
92 4
93 3
94 5
95 3
96 3
97 3
98 4
99 3
100 4
101 4
102 3
103 3
104 3
105 3
106 3
107 3
108 3
109 3
110 4
111 3
112 4
113 3
114 5
115 3
116 5
117 3
118 3
119 3
120 3
121 3
122 5
123 3
124 3
125 3
126 3
127 5
128 3
129 3
130 4
131 3
132 3
133 3
134 3
135 3
136 3
137 3
138 3
139 3
140 3
141 3
142 3
143 3
144 3
145 3
146 3
147 5
148 3
149 3
150 3
151 4
152 5
153 3
154 4
155 3
156 6
157 3
158 3
159 3
160 4
161 3
162 3
163 3
164 3
165 3
166 5
167 3
168 4
169 3
170 4
171 3
172 3
173 3
174 4
175 3
176 4
177 5
178 5
179 3
180 3
181 5
182 5
183 3
184 3
185 3
186 3
187 3
188 3
189 3
190 3
191 3
192 3
193 3
194 4
195 3
196 3
197 3
198 3
199 4
200 4
201 3
202 3
203 3
204 3
205 3
206 3
207 3
208 3
209 3
210 3
211 3
212 3
213 5
214 3
215 3
216 3
217 3
218 3
219 3
220 3
221 3
222 5
223 3
224 4
225 3
226 4
227 3
228 3
229 3
230 3
231 4
232 3
233 3
234 3
235 3
236 3
237 3
238 3
239 4
240 3
241 3
242 3
243 3
244 4
245 4
246 4
247 6
248 3
249 3
250 3
251 3
252 4
253 4
254 3
255 3
256 3
257 3
258 3
259 4
260 3
261 3
262 4
263 4
264 3
265 3
0 0 1
1 0 4
2 0 7
3 0 10
4 0 11
5 0 61
6 0 142
7 1 2
8 1 3
9 1 7
10 1 9
11 1 10
12 1 29
13 2 5
14 2 6
15 2 7
16 3 4
17 3 6
18 3 10
19 3 160
20 4 5
21 4 6
22 4 11
23 5 9
24 5 10
25 5 176
26 5 229
27 6 7
28 6 8
29 6 9
30 6 11
31 7 8
32 7 9
33 7 10
34 7 44
35 7 127
36 7 209
37 8 9
38 8 10
39 8 93
40 9 10
41 9 11
42 9 247
43 10 11
44 10 12
45 10 76
46 10 194
47 11 112
48 12 19
49 12 26
50 12 27
51 13 24
52 14 23
53 14 16
54 14 21
55 14 22
56 15 25
57 15 26
58 16 24
59 17 19
60 18 20
61 20 24
62 21 27
63 22 28
64 29 30
65 30 34
66 31 33
67 31 32
68 32 37
69 32 39
70 32 41
71 32 36
72 33 38
73 34 37
74 35 36
75 35 42
76 35 43
77 39 40
78 44 55
79 44 51
80 45 54
81 46 53
82 47 57
83 47 59
84 47 48
85 48 56
86 48 60
87 49 59
88 50 53
89 50 59
90 51 52
91 52 58
92 53 58
93 54 56
94 61 64
95 61 70
96 61 75
97 62 75
98 63 69
99 63 70
100 65 71
101 66 68
102 67 68
103 68 74
104 68 75
105 71 75
106 72 73
107 73 74
108 76 78
109 76 81
110 76 83
111 76 79
112 76 91
113 76 92
114 77 78
115 79 90
116 80 87
117 80 90
118 81 82
119 83 86
120 84 89
121 84 91
122 85 86
123 88 92
124 93 98
125 93 94
126 94 107
127 94 96
128 94 100
129 94 111
130 95 101
131 96 105
132 97 109
133 97 105
134 98 103
135 99 103
136 100 110
137 101 110
138 102 104
139 102 108
140 106 110
141 107 108
142 112 122
143 112 114
144 112 123
145 113 118
146 113 114
147 114 117
148 114 116
149 115 122
150 116 124
151 116 125
152 118 121
153 119 124
154 120 122
155 123 126
156 127 128
157 127 135
158 127 138
159 128 129
160 129 133
161 130 131
162 130 139
163 132 139
164 134 135
165 135 139
166 136 140
167 136 138
168 137 138
169 137 141
170 142 144
171 143 152
172 144 147
173 145 156
174 146 152
175 146 151
176 147 156
177 147 159
178 148 153
179 148 157
180 149 154
181 150 154
182 151 156
183 152 154
184 154 158
185 155 156
186 156 157
187 160 161
188 161 170
189 162 168
190 163 174
191 164 170
192 164 173
193 164 174
194 165 166
195 166 172
196 166 168
197 166 175
198 167 171
199 167 174
200 168 174
201 169 170
202 176 182
203 177 183
204 177 188
205 177 184
206 178 187
207 178 184
208 178 182
209 179 180
210 179 189
211 179 181
212 180 186
213 181 191
214 181 190
215 182 190
216 182 193
217 184 192
218 185 188
219 194 196
220 194 203
221 194 200
222 195 201
223 197 199
224 197 208
225 198 201
226 198 207
227 198 199
228 199 202
229 200 207
230 201 204
231 202 205
232 203 206
233 209 223
234 210 223
235 211 227
236 211 218
237 212 226
238 212 218
239 212 213
240 213 225
241 213 222
242 214 222
243 215 221
244 215 218
245 216 226
246 217 224
247 217 221
248 219 228
249 220 224
250 222 228
251 223 228
252 229 236
253 229 240
254 230 239
255 231 238
256 231 234
257 232 244
258 232 239
259 233 237
260 234 245
261 235 236
262 237 244
263 239 240
264 239 243
265 240 241
266 242 246
267 243 245
268 245 246
269 247 259
270 247 260
271 247 262
272 248 253
273 248 252
274 249 264
275 250 259
276 251 253
277 252 258
278 252 264
279 252 265
280 254 255
281 255 261
282 255 258
283 256 263
284 257 262
285 262 265
286 263 265
0 17 148
1 26 157
2 28 155
3 18 159
4 15 158
5 24 145
6 22 153
7 15 154
8 16 150
9 22 157
10 20 153
11 27 156
12 20 151
13 12 142
14 12 152
15 23 144
16 16 157
17 25 144
18 23 147
19 28 143
20 13 144
21 18 147
22 21 148
23 20 150
24 12 158
25 15 159
26 19 148
27 19 149
28 24 149
29 13 147
30 68 192
31 72 190
32 66 189
33 63 179
34 61 183
35 71 193
36 72 189
37 65 188
38 73 190
39 71 183
40 75 184
41 66 189
42 72 193
43 74 177
44 61 177
45 75 192
46 63 178
47 70 179
48 73 184
49 64 183
50 68 193
51 74 184
52 71 179
53 69 185
54 64 176
55 61 186
56 61 178
57 62 182
58 67 186
59 68 193
60 75 119
61 67 112
62 63 117
63 72 116
64 62 116
65 65 122
66 66 114
67 67 125
68 74 113
69 70 112
70 67 117
71 72 123
72 70 118
73 65 113
74 70 112
75 61 112
76 74 124
77 64 126
78 63 112
79 75 116
80 74 119
81 74 123
82 64 124
83 71 120
84 66 121
85 65 119
86 75 123
87 75 120
88 73 124
89 73 122
90 1 217
91 7 214
92 11 211
93 7 221
94 4 215
95 4 213
96 10 218
97 4 223
98 2 212
99 7 213
100 11 225
101 10 217
102 5 218
103 2 216
104 2 214
105 4 222
106 10 212
107 11 223
108 6 226
109 1 217
110 10 221
111 5 219
112 9 213
113 9 217
114 8 220
115 0 214
116 6 223
117 5 223
118 2 216
119 0 226
120 142 167
121 153 166
122 148 169
123 156 175
124 143 161
125 146 172
126 148 171
127 142 163
128 149 175
129 149 173
130 149 167
131 143 173
132 145 165
133 158 164
134 147 168
135 142 165
136 158 164
137 156 162
138 159 161
139 154 167
140 157 166
141 143 165
142 158 170
143 151 173
144 159 174
145 145 173
146 149 169
147 153 174
148 151 166
149 155 172
150 7 106
151 4 106
152 8 101
153 1 101
154 2 106
155 6 94
156 11 109
157 7 101
158 9 94
159 4 102
160 9 106
161 6 97
162 0 101
163 11 100
164 5 101
165 0 100
166 8 108
167 0 104
168 1 99
169 10 94
170 3 105
171 1 106
172 9 109
173 6 102
174 3 107
175 11 107
176 0 95
177 11 100
178 4 108
179 7 95
180 5 156
181 11 145
182 2 150
183 8 148
184 9 143
185 7 149
186 10 155
187 5 144
188 11 156
189 5 157
190 11 159
191 8 153
192 9 142
193 4 146
194 11 149
195 3 154
196 8 144
197 2 144
198 1 150
199 5 144
200 3 144
201 2 152
202 4 151
203 11 150
204 3 152
205 10 147
206 9 153
207 1 152
208 1 149
209 10 159
210 57 123
211 58 113
212 51 121
213 50 121
214 47 114
215 47 117
216 56 121
217 46 113
218 59 116
219 48 118
220 44 114
221 49 114
222 53 115
223 56 118
224 59 115
225 45 125
226 52 121
227 50 122
228 48 112
229 45 126
230 49 123
231 45 114
232 58 121
233 48 120
234 55 116
235 58 121
236 44 126
237 59 112
238 50 124
239 50 114
240 203 157
241 200 142
242 195 146
243 200 145
244 194 142
245 194 143
246 194 152
247 201 151
248 205 142
249 208 156
250 205 158
251 206 157
252 204 151
253 198 143
254 194 150
255 207 154
256 198 149
257 201 146
258 197 147
259 201 158
260 203 147
261 202 156
262 207 159
263 201 157
264 201 150
265 203 148
266 206 143
267 198 147
268 207 148
269 205 149
270 214 192
271 213 180
272 216 178
273 216 192
274 215 177
275 218 192
276 223 180
277 223 177
278 214 188
279 224 183
280 214 193
281 221 192
282 227 190
283 216 183
284 210 192
285 223 192
286 219 179
287 214 192
288 223 177
289 222 182
290 228 189
291 209 187
292 218 188
293 223 185
294 217 192
295 214 182
296 223 177
297 212 185
298 218 193
299 213 190
300 135 5
301 131 4
302 131 8
303 130 7
304 140 1
305 137 8
306 131 10
307 140 2
308 139 7
309 140 0
310 130 5
311 127 3
312 135 0
313 135 1
314 137 0
315 131 9
316 139 11
317 128 9
318 132 3
319 127 11
320 139 2
321 137 4
322 136 6
323 141 0
324 135 5
325 136 7
326 131 9
327 181 233
328 193 246
329 177 245
330 182 229
331 186 238
332 190 238
333 178 240
334 188 230
335 187 233
336 186 237
337 193 244
338 189 232
339 186 231
340 181 236
341 184 241
342 190 237
343 182 229
344 188 232
345 192 229
346 183 237
347 193 246
348 193 230
349 184 246
350 187 233
351 191 236
352 190 234
353 180 238
354 189 242
355 176 242
356 188 242
357 260 3
358 264 10
359 251 5
360 264 2
361 252 1
362 259 5
363 253 1
364 254 9
365 250 10
366 252 7
367 253 0
368 258 9
369 253 6
370 248 0
371 252 8
372 253 8
373 255 8
374 261 3
375 262 5
376 261 5
377 257 9
378 264 8
379 255 6
380 250 0
381 252 5
382 249 6
383 255 2
384 249 9
385 263 9
386 89 200
387 80 196
388 86 194
389 80 195
390 92 200
391 77 200
392 87 199
393 87 206
394 87 195
395 92 201
396 86 202
397 84 200
398 82 196
399 77 199
400 86 201
401 87 198
402 90 194
403 78 196
404 80 204
405 85 194
406 78 203
407 86 202
408 88 208
409 78 199
410 79 196
411 84 206
412 86 207
413 81 194
414 81 203
415 77 201
416 49 183
417 45 190
418 55 177
419 55 176
420 54 180
421 53 193
422 50 193
423 52 180
424 50 186
425 55 192
426 60 187
427 49 191
428 54 190
429 60 182
430 47 176
431 52 176
432 50 188
433 59 183
434 49 186
435 45 180
436 57 185
437 48 184
438 46 176
439 58 186
440 51 189
441 57 179
442 44 192
443 49 182
444 47 189
445 46 187
446 168 236
447 171 233
448 166 241
449 168 234
450 168 230
451 172 232
452 168 230
453 168 234
454 160 243
455 162 234
456 166 230
457 168 234
458 172 244
459 166 230
460 172 236
461 171 229
462 167 230
463 164 235
464 169 231
465 173 231
466 165 234
467 163 235
468 166 235
469 165 238
470 163 245
471 173 245
472 172 230
473 168 236
474 160 246
475 169 246
476 7 242
477 0 236
478 2 232
479 8 242
480 1 242
481 2 231
482 8 232
483 9 236
484 3 234
485 6 246
486 9 244
487 9 245
488 6 240
489 5 237
490 6 239
491 3 246
492 6 237
493 7 229
494 9 242
495 2 234
496 4 235
497 4 243
498 8 240
499 6 239
500 3 231
501 1 246
502 1 236
503 7 239
504 5 241
505 183 11
506 187 8
507 192 11
508 187 2
509 178 10
510 176 7
511 180 4
512 178 5
513 189 0
514 186 4
515 193 8
516 187 3
517 190 5
518 189 0
519 190 2
520 183 3
521 193 2
522 191 3
523 183 3
524 180 11
525 178 4
526 177 8
527 180 5
528 184 1
529 193 10
530 192 4
531 185 10
532 179 9
533 192 5
534 177 7
535 209 211
536 219 209
537 214 217
538 210 226
539 214 225
540 219 217
541 211 228
542 209 218
543 212 217
544 213 221
545 216 213
546 222 218
547 209 220
548 228 220
549 225 215
550 228 215
551 223 217
552 220 228
553 223 218
554 210 217
555 227 212
556 32 78
557 30 83
558 29 78
559 35 79
560 42 85
561 32 82
562 42 76
563 30 76
564 30 82
565 39 90
566 40 89
567 41 77
568 40 76
569 31 82
570 39 76
571 43 89
572 39 80
573 37 79
574 31 80
575 31 84
576 34 91
577 39 81
578 43 78
579 40 86
580 30 84
581 39 76
582 32 82
583 34 79
584 29 78
585 33 80
586 146 78
587 142 84
588 147 92
589 153 89
590 146 83
591 142 78
592 152 79
593 143 78
594 149 78
595 144 80
596 150 76
597 147 79
598 152 83
599 154 86
600 159 78
601 150 82
602 155 86
603 156 91
604 147 87
605 153 88
606 151 78
607 144 76
608 150 81
609 151 76
610 146 78
611 152 82
612 159 76
613 151 91
614 151 88
615 159 81
616 77 84
617 78 90
618 86 87
619 85 89
620 85 92
621 85 87
622 90 85
623 84 86
624 90 85
625 79 89
626 84 82
627 88 82
628 91 90
629 86 91
630 84 82
631 89 76
632 90 89
633 83 90
634 86 87
635 90 82
636 89 81
637 84 83
638 81 84
639 236 179
640 246 192
641 236 190
642 241 177
643 230 185
644 240 181
645 240 181
646 232 177
647 240 189
648 244 176
649 241 177
650 242 190
651 241 177
652 231 192
653 232 177
654 236 189
655 229 187
656 235 193
657 234 183
658 229 183
659 237 189
660 238 192
661 245 179
662 230 186
663 239 184
664 240 191
665 231 189
666 237 180
667 246 181
668 235 182
669 99 95
670 106 105
671 95 107
672 98 100
673 106 104
674 108 97
675 104 96
676 93 97
677 109 108
678 103 102
679 100 105
680 96 102
681 103 105
682 104 100
683 96 104
684 103 105
685 99 106
686 104 96
687 96 106
688 258 158
689 247 153
690 247 144
691 256 143
692 251 155
693 254 143
694 264 147
695 260 156
696 258 146
697 249 147
698 262 159
699 262 159
700 254 147
701 249 158
702 251 159
703 253 142
704 253 146
705 253 143
706 258 149
707 262 145
708 252 148
709 263 145
710 265 148
711 259 152
712 256 145
713 256 147
714 258 157
715 256 147
716 261 146
717 262 150
718 244 10
719 237 10
720 242 11
721 229 6
722 237 6
723 242 8
724 240 10
725 233 0
726 232 6
727 241 1
728 246 8
729 241 11
730 235 0
731 229 7
732 239 11
733 242 4
734 243 8
735 241 7
736 233 3
737 239 4
738 238 9
739 245 3
740 246 6
741 244 3
742 245 9
743 246 2
744 229 6
745 230 10
746 234 7
747 36 182
748 31 180
749 30 183
750 35 191
751 29 179
752 41 193
753 39 183
754 37 193
755 38 182
756 31 190
757 39 190
758 42 188
759 38 176
760 29 176
761 43 189
762 39 189
763 35 178
764 43 193
765 42 178
766 29 192
767 38 180
768 43 188
769 40 186
770 42 193
771 37 187
772 30 193
773 41 184
774 29 183
775 41 185
776 37 184
777 69 7
778 71 7
779 63 7
780 63 3
781 68 3
782 67 8
783 70 5
784 62 9
785 67 11
786 63 8
787 69 10
788 67 3
789 73 5
790 69 5
791 73 10
792 62 3
793 74 5
794 72 3
795 73 6
796 72 9
797 70 6
798 69 7
799 74 4
800 63 11
801 71 10
802 73 6
803 64 2
804 63 1
805 62 0
806 71 1
807 166 98
808 161 103
809 168 103
810 175 109
811 173 101
812 167 102
813 164 105
814 160 100
815 169 109
816 172 93
817 162 94
818 174 103
819 167 95
820 174 106
821 166 106
822 172 98
823 172 109
824 175 98
825 169 111
826 163 103
827 169 99
828 170 99
829 172 111
830 165 93
831 167 109
832 166 104
833 162 93
834 171 97
835 170 100
836 170 111
837 42 86
838 39 84
839 32 88
840 38 81
841 34 84
842 40 88
843 34 87
844 42 91
845 32 91
846 42 84
847 38 91
848 31 78
849 41 88
850 32 81
851 29 77
852 30 77
853 41 79
854 36 78
855 30 78
856 32 82
857 29 84
858 37 81
859 41 85
860 29 77
861 38 82
862 33 89
863 39 82
864 37 86
865 35 84
866 36 90
867 157 119
868 155 126
869 151 116
870 153 118
871 143 120
872 143 113
873 156 120
874 149 113
875 147 112
876 154 116
877 144 123
878 143 117
879 153 116
880 147 123
881 158 118
882 149 112
883 157 118
884 151 124
885 149 123
886 147 114
887 152 122
888 157 122
889 151 125
890 158 123
891 159 112
892 158 119
893 156 119
894 146 125
895 146 114
896 143 121
897 99 75
898 99 74
899 108 65
900 95 74
901 102 72
902 93 71
903 103 64
904 103 64
905 107 63
906 108 68
907 110 70
908 93 74
909 111 65
910 95 75
911 109 69
912 108 75
913 94 68
914 107 65
915 111 68
916 111 73
917 95 65
918 93 73
919 97 64
920 100 64
921 104 74
922 97 62
923 102 65
924 98 68
925 101 71
926 108 62
927 185 196
928 188 199
929 186 206
930 177 197
931 183 207
932 191 194
933 176 199
934 179 196
935 186 205
936 184 197
937 190 194
938 189 204
939 178 198
940 190 204
941 180 199
942 189 204
943 181 199
944 181 204
945 180 205
946 190 208
947 191 205
948 176 205
949 186 202
950 191 207
951 186 201
952 191 198
953 184 208
954 180 203
955 191 194
956 176 203
957 89 129
958 83 136
959 79 130
960 86 138
961 92 134
962 88 132
963 92 138
964 92 130
965 92 140
966 87 131
967 76 141
968 84 127
969 84 128
970 89 136
971 82 140
972 88 138
973 87 139
974 81 141
975 84 141
976 79 129
977 80 127
978 88 139
979 85 130
980 83 133
981 77 127
982 79 139
983 82 140
984 88 138
985 89 137
986 86 130
987 232 22
988 241 16
989 245 28
990 239 28
991 236 14
992 243 19
993 237 17
994 242 13
995 241 15
996 231 16
997 237 22
998 244 18
999 236 14
1000 243 20
1001 237 23
1002 243 25
1003 241 25
1004 229 22
1005 240 14
1006 232 13
1007 236 14
1008 233 28
1009 239 18
1010 238 16
1011 234 16
1012 234 26
1013 235 15
1014 233 12
1015 241 24
1016 236 12
1017 5 179
1018 2 182
1019 9 186
1020 3 182
1021 8 192
1022 1 185
1023 9 183
1024 7 180
1025 8 188
1026 9 190
1027 8 182
1028 6 177
1029 10 182
1030 0 176
1031 8 186
1032 4 181
1033 8 180
1034 5 183
1035 2 191
1036 10 185
1037 4 183
1038 3 189
1039 1 179
1040 9 189
1041 11 189
1042 0 188
1043 7 180
1044 1 183
1045 5 179
1046 8 192
1047 71 40
1048 65 41
1049 63 36
1050 64 38
1051 69 39
1052 71 41
1053 68 33
1054 74 41
1055 71 29
1056 75 36
1057 73 35
1058 68 37
1059 74 43
1060 71 42
1061 63 30
1062 71 38
1063 64 38
1064 61 41
1065 67 41
1066 61 35
1067 74 29
1068 72 37
1069 72 36
1070 66 31
1071 62 35
1072 63 30
1073 64 37
1074 68 42
1075 66 41
1076 64 39
1077 265 9
1078 252 3
1079 250 7
1080 251 10
1081 256 2
1082 249 3
1083 257 1
1084 256 2
1085 252 4
1086 248 10
1087 249 2
1088 255 0
1089 255 8
1090 252 2
1091 255 3
1092 261 11
1093 254 8
1094 249 9
1095 252 4
1096 256 6
1097 265 6
1098 257 0
1099 253 5
1100 257 1
1101 256 1
1102 263 4
1103 261 1
1104 256 6
1105 258 7
1106 262 4
1107 131 154
1108 136 151
1109 131 146
1110 138 153
1111 136 158
1112 141 151
1113 141 142
1114 135 158
1115 134 154
1116 128 151
1117 135 148
1118 132 146
1119 129 153
1120 139 151
1121 136 159
1122 129 147
1123 141 157
1124 140 158
1125 130 151
1126 131 149
1127 129 142
1128 138 150
1129 129 149
1130 130 149
1131 132 149
1132 140 148
1133 134 152
1134 127 144
1135 137 150
1136 130 150
1137 245 113
1138 233 119
1139 240 119
1140 233 120
1141 231 114
1142 236 122
1143 237 122
1144 236 117
1145 237 125
1146 246 115
1147 231 122
1148 232 124
1149 240 118
1150 234 119
1151 244 126
1152 243 114
1153 245 126
1154 242 126
1155 241 118
1156 236 124
1157 234 115
1158 234 120
1159 232 123
1160 230 114
1161 232 116
1162 245 117
1163 237 118
1164 240 115
1165 244 124
1166 236 118
1167 209 199
1168 214 206
1169 220 200
1170 217 204
1171 213 194
1172 217 201
1173 217 202
1174 213 200
1175 220 207
1176 223 198
1177 226 200
1178 226 201
1179 219 205
1180 215 195
1181 228 198
1182 217 198
1183 217 208
1184 213 205
1185 219 200
1186 213 208
1187 221 198
1188 212 198
1189 212 206
1190 213 201
1191 216 195
1192 226 199
1193 218 199
1194 215 204
1195 227 201
1196 214 198
1197 193 201
1198 188 198
1199 183 207
1200 183 195
1201 179 202
1202 191 199
1203 176 195
1204 192 196
1205 191 195
1206 191 203
1207 186 198
1208 189 194
1209 183 203
1210 188 203
1211 190 206
1212 182 197
1213 189 207
1214 184 207
1215 182 199
1216 182 200
1217 183 194
1218 176 197
1219 179 201
1220 193 194
1221 191 201
1222 189 197
1223 179 204
1224 180 200
1225 185 196
1226 193 200
1227 86 173
1228 82 171
1229 83 160
1230 82 174
1231 86 165
1232 85 173
1233 88 173
1234 84 167
1235 86 169
1236 88 164
1237 80 160
1238 83 173
1239 84 173
1240 82 173
1241 88 168
1242 88 173
1243 89 167
1244 81 172
1245 84 175
1246 92 162
1247 88 175
1248 85 165
1249 79 170
1250 85 160
1251 81 162
1252 85 166
1253 81 162
1254 76 163
1255 79 164
1256 91 161
1257 42 41
1258 31 35
1259 29 42
1260 39 35
1261 38 43
1262 33 39
1263 31 43
1264 38 35
1265 37 40
1266 40 36
1267 29 42
1268 29 35
1269 29 33
1270 32 43
1271 41 34
1272 34 31
1273 34 31
1274 176 231
1275 181 237
1276 191 230
1277 179 229
1278 192 240
1279 187 239
1280 189 239
1281 179 232
1282 193 241
1283 180 231
1284 177 235
1285 192 231
1286 176 230
1287 192 232
1288 177 244
1289 179 231
1290 187 233
1291 184 246
1292 192 238
1293 186 230
1294 178 233
1295 184 243
1296 177 238
1297 182 239
1298 180 234
1299 184 239
1300 176 240
1301 179 230
1302 184 243
1303 183 233
1304 16 192
1305 13 179
1306 26 185
1307 14 179
1308 20 186
1309 24 191
1310 15 181
1311 20 178
1312 24 180
1313 16 188
1314 12 188
1315 28 189
1316 15 189
1317 25 189
1318 20 190
1319 15 187
1320 19 192
1321 13 176
1322 14 176
1323 17 190
1324 27 187
1325 21 181
1326 27 180
1327 18 185
1328 22 177
1329 18 183
1330 15 193
1331 23 187
1332 27 185
1333 24 187
1334 104 12
1335 103 25
1336 104 22
1337 98 16
1338 93 26
1339 95 20
1340 100 25
1341 107 24
1342 96 28
1343 105 20
1344 100 25
1345 99 12
1346 109 19
1347 100 18
1348 100 20
1349 99 20
1350 105 14
1351 97 26
1352 111 20
1353 110 24
1354 111 27
1355 105 24
1356 110 21
1357 107 22
1358 102 24
1359 106 20
1360 94 24
1361 98 21
1362 111 14
1363 99 19
1364 229 51
1365 238 58
1366 246 49
1367 229 54
1368 245 59
1369 229 57
1370 244 45
1371 237 49
1372 229 50
1373 233 55
1374 233 47
1375 241 57
1376 236 53
1377 230 48
1378 243 47
1379 244 53
1380 236 55
1381 246 44
1382 236 51
1383 234 45
1384 241 50
1385 234 48
1386 243 55
1387 239 46
1388 240 59
1389 240 45
1390 244 55
1391 230 48
1392 241 45
1393 236 58
1394 232 150
1395 237 155
1396 240 155
1397 232 153
1398 245 148
1399 243 150
1400 233 142
1401 244 154
1402 239 147
1403 246 159
1404 232 151
1405 240 142
1406 242 153
1407 241 142
1408 232 150
1409 234 149
1410 237 147
1411 232 147
1412 246 155
1413 229 155
1414 231 142
1415 245 154
1416 233 153
1417 231 153
1418 235 153
1419 230 151
1420 239 156
1421 229 144
1422 232 143
1423 243 153
1424 53 55
1425 56 53
1426 49 44
1427 56 44
1428 51 49
1429 51 46
1430 59 55
1431 45 52
1432 55 56
1433 45 57
1434 58 45
1435 51 54
1436 55 52
1437 58 47
1438 57 55
1439 55 46
1440 60 58
1441 47 53
1442 57 52
1443 45 50
1444 59 56
1445 55 48
1446 56 59
1447 24 10
1448 27 6
1449 22 10
1450 16 7
1451 15 10
1452 18 3
1453 26 3
1454 13 5
1455 21 8
1456 16 10
1457 27 3
1458 13 11
1459 17 1
1460 27 7
1461 15 1
1462 14 5
1463 15 6
1464 28 7
1465 17 4
1466 22 2
1467 24 1
1468 27 5
1469 19 8
1470 27 2
1471 13 10
1472 13 3
1473 28 8
1474 14 7
1475 205 122
1476 196 123
1477 198 113
1478 208 114
1479 197 121
1480 197 125
1481 198 120
1482 197 114
1483 198 125
1484 199 119
1485 202 125
1486 207 116
1487 198 117
1488 199 114
1489 197 119
1490 196 116
1491 206 125
1492 207 114
1493 208 120
1494 200 125
1495 200 115
1496 206 120
1497 202 124
1498 195 123
1499 197 115
1500 198 112
1501 195 123
1502 202 123
1503 203 119
1504 197 121
1505 159 70
1506 142 73
1507 146 70
1508 157 75
1509 157 69
1510 151 65
1511 154 74
1512 152 75
1513 151 74
1514 145 73
1515 143 71
1516 147 64
1517 153 69
1518 154 72
1519 145 62
1520 157 66
1521 143 68
1522 157 65
1523 144 68
1524 157 68
1525 153 72
1526 158 74
1527 151 62
1528 157 70
1529 146 72
1530 159 65
1531 144 70
1532 143 69
1533 155 63
1534 158 74
1535 102 227
1536 100 222
1537 108 222
1538 104 215
1539 96 217
1540 104 216
1541 95 225
1542 94 227
1543 95 222
1544 100 210
1545 95 210
1546 101 215
1547 111 212
1548 109 212
1549 93 209
1550 111 215
1551 98 211
1552 106 211
1553 110 222
1554 110 211
1555 99 215
1556 94 212
1557 107 225
1558 98 221
1559 109 211
1560 103 215
1561 109 212
1562 111 218
1563 93 225
1564 108 227
1565 204 190
1566 196 181
1567 198 182
1568 202 185
1569 196 178
1570 198 191
1571 208 190
1572 203 192
1573 207 180
1574 198 181
1575 195 188
1576 202 184
1577 203 191
1578 206 190
1579 207 192
1580 199 186
1581 206 193
1582 202 184
1583 203 178
1584 194 191
1585 201 185
1586 194 189
1587 205 183
1588 196 185
1589 203 189
1590 194 179
1591 199 191
1592 206 191
1593 207 192
1594 194 177
1595 122 158
1596 124 153
1597 123 142
1598 115 145
1599 116 151
1600 114 143
1601 118 144
1602 118 157
1603 115 155
1604 117 159
1605 124 159
1606 116 144
1607 112 142
1608 122 150
1609 119 145
1610 120 143
1611 117 157
1612 114 154
1613 116 151
1614 124 149
1615 116 158
1616 116 158
1617 120 146
1618 120 159
1619 122 154
1620 115 155
1621 114 154
1622 116 147
1623 114 154
1624 114 155
1625 96 92
1626 107 87
1627 107 82
1628 106 84
1629 104 81
1630 99 76
1631 111 81
1632 93 76
1633 107 88
1634 95 77
1635 105 80
1636 110 86
1637 94 80
1638 104 82
1639 95 78
1640 107 84
1641 93 85
1642 94 86
1643 105 89
1644 96 91
1645 95 77
1646 111 79
1647 106 84
1648 105 84
1649 104 89
1650 99 79
1651 106 79
1652 101 78
1653 99 79
1654 107 85
1655 19 194
1656 17 206
1657 25 197
1658 22 207
1659 21 206
1660 26 205
1661 16 204
1662 24 199
1663 26 202
1664 27 205
1665 12 203
1666 13 200
1667 20 206
1668 14 207
1669 13 194
1670 28 205
1671 28 196
1672 20 207
1673 28 207
1674 28 201
1675 13 208
1676 24 194
1677 26 195
1678 21 205
1679 28 201
1680 17 194
1681 13 206
1682 27 194
1683 17 202
1684 22 201
1685 197 37
1686 204 30
1687 195 37
1688 201 38
1689 202 43
1690 208 35
1691 206 43
1692 207 43
1693 198 29
1694 200 41
1695 198 40
1696 194 43
1697 206 42
1698 208 31
1699 203 30
1700 204 34
1701 204 32
1702 208 31
1703 204 43
1704 204 37
1705 194 32
1706 200 33
1707 196 39
1708 207 34
1709 208 29
1710 206 43
1711 202 37
1712 197 34
1713 197 43
1714 206 42
1715 105 51
1716 101 55
1717 104 45
1718 102 49
1719 110 51
1720 107 56
1721 95 60
1722 111 47
1723 100 49
1724 97 47
1725 101 47
1726 98 56
1727 106 46
1728 102 56
1729 96 58
1730 107 58
1731 99 53
1732 109 52
1733 94 56
1734 97 51
1735 103 52
1736 104 53
1737 110 60
1738 101 55
1739 106 54
1740 99 51
1741 110 56
1742 106 47
1743 97 48
1744 109 47
1745 147 170
1746 143 173
1747 148 166
1748 159 167
1749 157 171
1750 159 175
1751 155 175
1752 142 171
1753 155 169
1754 146 168
1755 154 170
1756 157 175
1757 158 175
1758 151 171
1759 144 161
1760 159 167
1761 150 169
1762 158 165
1763 150 173
1764 159 167
1765 144 162
1766 145 161
1767 155 166
1768 159 164
1769 156 175
1770 152 167
1771 158 168
1772 146 165
1773 158 170
1774 149 175
1775 54 107
1776 44 104
1777 58 103
1778 59 104
1779 51 103
1780 55 94
1781 60 105
1782 44 94
1783 59 95
1784 53 94
1785 49 93
1786 56 108
1787 55 97
1788 52 97
1789 56 106
1790 53 95
1791 46 96
1792 54 111
1793 46 106
1794 46 105
1795 55 110
1796 54 111
1797 59 110
1798 58 110
1799 60 100
1800 60 95
1801 51 104
1802 50 100
1803 53 102
1804 58 96
1805 8 46
1806 2 56
1807 3 54
1808 8 55
1809 9 56
1810 1 56
1811 11 60
1812 5 45
1813 3 47
1814 0 50
1815 0 48
1816 10 59
1817 9 52
1818 2 46
1819 2 48
1820 1 56
1821 9 52
1822 3 51
1823 10 54
1824 7 54
1825 2 45
1826 8 48
1827 6 57
1828 11 46
1829 0 52
1830 6 46
1831 2 53
1832 8 51
1833 4 53
1834 186 125
1835 180 114
1836 177 120
1837 190 112
1838 185 125
1839 176 115
1840 189 116
1841 180 116
1842 176 115
1843 185 121
1844 179 114
1845 187 115
1846 184 122
1847 183 123
1848 189 126
1849 193 113
1850 186 115
1851 191 117
1852 179 118
1853 186 126
1854 177 113
1855 176 120
1856 178 120
1857 186 115
1858 188 113
1859 176 123
1860 188 126
1861 179 117
1862 179 126
1863 186 114
1864 1 222
1865 0 223
1866 6 221
1867 3 220
1868 1 228
1869 5 218
1870 9 214
1871 3 222
1872 11 226
1873 10 219
1874 9 216
1875 10 224
1876 5 213
1877 1 227
1878 10 217
1879 6 216
1880 7 216
1881 2 224
1882 5 224
1883 11 225
1884 6 219
1885 5 222
1886 7 224
1887 2 220
1888 6 222
1889 11 226
1890 3 226
1891 8 220
1892 0 217
1893 11 228
1894 250 191
1895 255 191
1896 252 181
1897 252 187
1898 249 178
1899 256 178
1900 260 193
1901 254 189
1902 255 177
1903 265 184
1904 251 187
1905 263 184
1906 258 188
1907 250 178
1908 260 188
1909 264 186
1910 264 188
1911 253 176
1912 263 186
1913 251 177
1914 252 177
1915 261 185
1916 261 188
1917 264 181
1918 257 182
1919 248 176
1920 252 181
1921 257 191
1922 249 180
1923 250 190
1924 115 80
1925 125 89
1926 113 82
1927 117 89
1928 125 79
1929 124 78
1930 124 90
1931 125 83
1932 117 92
1933 121 90
1934 116 86
1935 121 78
1936 112 92
1937 117 90
1938 120 80
1939 120 85
1940 115 88
1941 122 87
1942 115 88
1943 115 86
1944 117 85
1945 113 92
1946 114 84
1947 117 80
1948 125 78
1949 121 90
1950 125 78
1951 117 81
1952 117 78
1953 117 80
1954 189 114
1955 187 121
1956 188 116
1957 189 118
1958 180 122
1959 181 117
1960 179 115
1961 178 113
1962 188 124
1963 190 117
1964 193 117
1965 187 121
1966 188 122
1967 189 123
1968 179 116
1969 189 117
1970 193 123
1971 193 120
1972 190 126
1973 185 123
1974 187 126
1975 185 112
1976 189 116
1977 187 125
1978 190 125
1979 177 124
1980 176 115
1981 177 121
1982 185 114
1983 176 118
1984 17 71
1985 16 71
1986 22 62
1987 16 74
1988 25 66
1989 15 62
1990 22 72
1991 14 68
1992 13 73
1993 23 61
1994 24 61
1995 27 72
1996 22 66
1997 15 70
1998 14 62
1999 12 62
2000 19 69
2001 13 75
2002 28 66
2003 15 70
2004 24 65
2005 26 63
2006 14 69
2007 22 65
2008 12 69
2009 23 70
2010 15 73
2011 16 72
2012 20 63
2013 12 63
2014 77 132
2015 76 136
2016 92 134
2017 76 140
2018 86 129
2019 81 136
2020 78 131
2021 83 139
2022 80 134
2023 77 129
2024 87 130
2025 78 136
2026 89 138
2027 78 127
2028 90 132
2029 92 129
2030 91 129
2031 91 141
2032 78 140
2033 85 138
2034 91 141
2035 83 141
2036 87 141
2037 90 137
2038 82 139
2039 88 141
2040 83 128
2041 88 140
2042 78 136
2043 81 137
2044 86 91
2045 80 91
2046 91 77
2047 82 86
2048 80 89
2049 81 90
2050 80 92
2051 84 86
2052 77 86
2053 88 77
2054 87 83
2055 86 84
2056 89 82
2057 83 89
2058 84 90
2059 90 89
2060 84 85
2061 153 112
2062 153 121
2063 159 113
2064 152 114
2065 145 115
2066 147 115
2067 143 112
2068 147 123
2069 149 123
2070 143 120
2071 157 118
2072 154 120
2073 148 118
2074 147 126
2075 153 120
2076 142 122
2077 144 113
2078 156 122
2079 156 115
2080 154 120
2081 155 126
2082 144 116
2083 158 120
2084 145 119
2085 155 118
2086 152 122
2087 142 123
2088 159 120
2089 159 126
2090 143 123
2091 201 25
2092 202 18
2093 204 24
2094 204 23
2095 198 23
2096 202 26
2097 198 19
2098 202 16
2099 202 15
2100 195 12
2101 199 14
2102 201 24
2103 195 22
2104 200 15
2105 199 16
2106 195 28
2107 197 13
2108 201 16
2109 202 21
2110 197 19
2111 200 24
2112 204 18
2113 204 26
2114 201 23
2115 199 23
2116 207 17
2117 201 15
2118 206 23
2119 206 12
2120 204 20
2121 90 111
2122 78 109
2123 89 98
2124 82 100
2125 79 109
2126 82 97
2127 86 105
2128 83 106
2129 86 101
2130 85 108
2131 86 99
2132 84 102
2133 76 96
2134 76 105
2135 77 102
2136 78 110
2137 90 100
2138 81 105
2139 90 93
2140 90 104
2141 83 96
2142 83 101
2143 79 107
2144 83 99
2145 76 100
2146 77 106
2147 81 103
2148 88 101
2149 78 106
2150 77 98
2151 141 197
2152 139 205
2153 136 195
2154 133 196
2155 136 207
2156 137 202
2157 139 208
2158 129 195
2159 129 202
2160 131 199
2161 139 203
2162 135 196
2163 136 203
2164 131 199
2165 140 206
2166 134 201
2167 138 196
2168 139 206
2169 134 203
2170 132 203
2171 140 198
2172 132 207
2173 139 205
2174 131 207
2175 137 194
2176 130 205
2177 139 199
2178 128 204
2179 135 207
2180 135 200
2181 217 238
2182 217 245
2183 213 233
2184 211 229
2185 222 231
2186 217 233
2187 214 246
2188 217 237
2189 224 233
2190 213 245
2191 226 243
2192 222 240
2193 209 234
2194 228 233
2195 216 243
2196 217 243
2197 211 229
2198 210 235
2199 217 235
2200 223 230
2201 215 233
2202 227 246
2203 219 246
2204 223 246
2205 211 240
2206 224 231
2207 226 236
2208 224 239
2209 209 234
2210 221 232
2211 197 144
2212 196 156
2213 208 155
2214 200 144
2215 196 145
2216 207 142
2217 204 144
2218 194 158
2219 194 151
2220 206 157
2221 204 155
2222 197 142
2223 206 158
2224 207 145
2225 198 147
2226 206 147
2227 197 143
2228 206 153
2229 198 153
2230 203 150
2231 198 159
2232 194 156
2233 197 142
2234 203 153
2235 201 145
2236 197 156
2237 206 145
2238 204 152
2239 208 156
2240 197 149
2241 83 166
2242 82 162
2243 77 167
2244 82 167
2245 91 174
2246 76 160
2247 82 168
2248 87 172
2249 79 170
2250 87 173
2251 81 164
2252 84 172
2253 81 175
2254 87 170
2255 81 164
2256 90 166
2257 76 169
2258 79 168
2259 85 162
2260 82 160
2261 86 160
2262 91 164
2263 91 168
2264 84 174
2265 91 174
2266 87 171
2267 78 162
2268 85 166
2269 90 160
2270 85 161
2271 211 235
2272 227 237
2273 220 243
2274 215 245
2275 222 239
2276 211 230
2277 212 230
2278 222 241
2279 224 237
2280 209 231
2281 215 229
2282 222 233
2283 210 237
2284 216 236
2285 216 240
2286 209 232
2287 225 232
2288 228 239
2289 224 233
2290 222 243
2291 220 242
2292 225 236
2293 212 229
2294 220 244
2295 217 229
2296 223 238
2297 219 246
2298 228 242
2299 225 240
2300 211 241
2301 216 126
2302 219 116
2303 225 112
2304 214 116
2305 212 126
2306 219 122
2307 227 117
2308 221 121
2309 226 117
2310 227 120
2311 212 116
2312 211 115
2313 219 126
2314 221 121
2315 211 117
2316 216 117
2317 216 120
2318 218 115
2319 223 119
2320 209 124
2321 221 125
2322 214 117
2323 225 125
2324 214 113
2325 228 115
2326 227 114
2327 216 116
2328 213 125
2329 211 126
2330 209 122
2331 195 10
2332 204 1
2333 208 10
2334 198 0
2335 197 11
2336 204 11
2337 199 4
2338 207 9
2339 208 2
2340 208 4
2341 197 11
2342 204 5
2343 208 0
2344 201 4
2345 205 2
2346 202 10
2347 202 8
2348 195 11
2349 196 7
2350 206 11
2351 195 4
2352 202 0
2353 196 3
2354 199 10
2355 204 3
2356 201 8
2357 201 9
2358 197 6
2359 197 11
2360 58 126
2361 55 122
2362 48 117
2363 58 122
2364 60 113
2365 50 118
2366 55 114
2367 44 115
2368 54 115
2369 51 117
2370 57 113
2371 50 123
2372 58 119
2373 56 112
2374 48 120
2375 46 113
2376 59 124
2377 52 126
2378 55 112
2379 59 116
2380 52 124
2381 56 125
2382 47 115
2383 52 122
2384 60 120
2385 54 115
2386 60 119
2387 47 122
2388 52 125
2389 47 113
2390 73 15
2391 74 13
2392 69 18
2393 69 28
2394 64 28
2395 73 17
2396 69 24
2397 67 26
2398 73 18
2399 63 18
2400 70 12
2401 64 22
2402 71 21
2403 63 23
2404 65 17
2405 61 15
2406 65 19
2407 61 24
2408 65 13
2409 66 23
2410 69 28
2411 70 15
2412 72 12
2413 72 26
2414 63 16
2415 75 16
2416 69 14
2417 61 23
2418 66 13
2419 71 22
2420 9 82
2421 5 81
2422 7 84
2423 11 84
2424 0 92
2425 3 89
2426 2 84
2427 6 86
2428 11 77
2429 10 88
2430 11 84
2431 3 87
2432 7 80
2433 3 82
2434 0 83
2435 9 79
2436 4 77
2437 7 79
2438 11 77
2439 2 92
2440 4 89
2441 6 77
2442 1 82
2443 6 76
2444 0 78
2445 0 91
2446 7 91
2447 8 81
2448 0 82
2449 4 81
2450 113 28
2451 126 17
2452 121 17
2453 114 28
2454 125 13
2455 124 14
2456 120 27
2457 116 14
2458 113 17
2459 113 16
2460 112 17
2461 115 16
2462 114 25
2463 114 26
2464 121 28
2465 120 27
2466 119 23
2467 122 24
2468 117 18
2469 116 16
2470 124 16
2471 123 13
2472 125 19
2473 117 26
2474 119 17
2475 118 22
2476 116 18
2477 119 23
2478 115 20
2479 114 25
2480 35 85
2481 38 87
2482 37 87
2483 35 82
2484 38 86
2485 36 92
2486 42 83
2487 41 86
2488 40 82
2489 39 78
2490 29 92
2491 41 84
2492 37 76
2493 29 83
2494 34 89
2495 39 84
2496 40 82
2497 36 92
2498 31 83
2499 38 91
2500 32 83
2501 36 84
2502 34 76
2503 31 91
2504 31 83
2505 39 80
2506 29 84
2507 41 77
2508 33 83
2509 43 92
2510 26 242
2511 18 229
2512 13 246
2513 27 231
2514 16 243
2515 27 232
2516 26 237
2517 12 244
2518 14 238
2519 19 246
2520 20 238
2521 27 245
2522 15 240
2523 13 244
2524 24 235
2525 12 243
2526 27 240
2527 27 238
2528 21 243
2529 25 237
2530 14 230
2531 28 245
2532 26 243
2533 27 229
2534 16 243
2535 22 231
2536 18 237
2537 18 244
2538 18 245
2539 28 242
2540 91 261
2541 84 253
2542 78 251
2543 86 263
2544 87 265
2545 81 263
2546 78 249
2547 85 248
2548 85 256
2549 87 252
2550 83 247
2551 85 258
2552 80 255
2553 90 263
2554 85 264
2555 79 259
2556 78 253
2557 92 254
2558 82 252
2559 90 264
2560 82 255
2561 92 258
2562 76 253
2563 82 251
2564 85 247
2565 84 255
2566 77 265
2567 80 262
2568 78 249
2569 79 263
2570 159 9
2571 149 10
2572 154 8
2573 151 6
2574 157 0
2575 158 11
2576 150 9
2577 154 2
2578 149 0
2579 158 7
2580 156 2
2581 157 9
2582 144 11
2583 142 5
2584 146 7
2585 142 2
2586 145 3
2587 157 2
2588 147 1
2589 148 4
2590 144 1
2591 154 9
2592 155 7
2593 155 9
2594 149 6
2595 144 7
2596 159 4
2597 154 11
2598 247 21
2599 265 15
2600 249 13
2601 249 26
2602 258 17
2603 262 12
2604 249 18
2605 251 21
2606 263 18
2607 264 18
2608 261 13
2609 254 12
2610 262 26
2611 249 27
2612 253 18
2613 254 28
2614 264 12
2615 248 21
2616 261 15
2617 256 21
2618 250 22
2619 251 19
2620 259 25
2621 262 15
2622 262 19
2623 250 28
2624 260 14
2625 263 16
2626 254 27
2627 263 22
2628 77 135
2629 77 132
2630 81 128
2631 92 129
2632 77 129
2633 92 132
2634 88 139
2635 83 136
2636 79 138
2637 92 137
2638 83 137
2639 87 135
2640 82 135
2641 77 132
2642 81 140
2643 86 132
2644 90 136
2645 90 137
2646 78 131
2647 86 141
2648 82 138
2649 89 137
2650 83 140
2651 86 134
2652 88 138
2653 83 140
2654 79 135
2655 87 134
2656 85 127
2657 91 137
2658 40 201
2659 32 199
2660 34 197
2661 32 194
2662 42 201
2663 38 207
2664 35 202
2665 41 207
2666 32 207
2667 37 208
2668 31 205
2669 31 197
2670 40 196
2671 37 205
2672 38 200
2673 43 203
2674 36 200
2675 32 199
2676 37 204
2677 42 196
2678 29 200
2679 35 206
2680 32 198
2681 34 206
2682 35 203
2683 37 208
2684 31 199
2685 35 195
2686 34 194
2687 34 207
2688 195 30
2689 207 41
2690 195 30
2691 198 41
2692 206 36
2693 204 36
2694 204 39
2695 202 35
2696 198 42
2697 197 38
2698 208 30
2699 198 37
2700 201 30
2701 199 32
2702 201 43
2703 202 34
2704 196 35
2705 201 32
2706 194 43
2707 202 40
2708 202 40
2709 204 34
2710 196 37
2711 202 36
2712 197 42
2713 201 40
2714 204 36
2715 194 35
2716 197 36
2717 197 34
2718 83 75
2719 90 73
2720 84 61
2721 90 67
2722 82 71
2723 77 75
2724 89 62
2725 77 66
2726 92 64
2727 81 67
2728 87 72
2729 78 74
2730 78 62
2731 89 63
2732 85 65
2733 78 62
2734 90 62
2735 78 66
2736 87 64
2737 77 62
2738 81 61
2739 86 61
2740 81 69
2741 77 62
2742 89 70
2743 86 74
2744 89 75
2745 85 69
2746 81 62
2747 78 61
2748 147 208
2749 155 197
2750 149 195
2751 149 204
2752 147 196
2753 143 200
2754 150 204
2755 157 204
2756 157 197
2757 145 198
2758 153 207
2759 148 200
2760 158 200
2761 143 205
2762 153 196
2763 148 201
2764 143 201
2765 149 207
2766 155 196
2767 146 194
2768 154 195
2769 142 199
2770 144 201
2771 143 203
2772 148 198
2773 154 200
2774 144 197
2775 144 207
2776 148 204
2777 144 201
2778 169 16
2779 160 25
2780 174 25
2781 175 26
2782 174 18
2783 161 13
2784 166 23
2785 161 19
2786 160 13
2787 171 13
2788 169 21
2789 167 21
2790 166 20
2791 163 15
2792 166 24
2793 160 17
2794 174 28
2795 166 20
2796 160 12
2797 168 17
2798 167 19
2799 166 28
2800 173 23
2801 170 21
2802 175 13
2803 175 14
2804 162 28
2805 171 19
2806 173 12
2807 168 20
2808 90 167
2809 81 166
2810 77 162
2811 79 175
2812 86 164
2813 89 172
2814 79 167
2815 80 175
2816 81 166
2817 84 163
2818 91 165
2819 88 172
2820 89 163
2821 87 172
2822 76 160
2823 91 170
2824 89 171
2825 78 167
2826 90 170
2827 76 171
2828 78 164
2829 82 163
2830 82 167
2831 80 169
2832 76 163
2833 84 170
2834 91 161
2835 78 163
2836 92 172
2837 82 161
2838 193 13
2839 189 16
2840 183 28
2841 186 17
2842 188 12
2843 177 22
2844 181 16
2845 186 25
2846 176 28
2847 182 27
2848 184 22
2849 178 26
2850 186 12
2851 178 24
2852 178 28
2853 176 19
2854 176 14
2855 192 25
2856 182 27
2857 176 15
2858 181 19
2859 185 21
2860 186 19
2861 177 27
2862 182 22
2863 179 24
2864 180 22
2865 184 13
2866 182 19
2867 193 26
2868 59 184
2869 52 177
2870 54 190
2871 60 188
2872 50 184
2873 60 178
2874 47 190
2875 53 182
2876 51 192
2877 50 178
2878 44 192
2879 47 188
2880 53 180
2881 54 191
2882 46 190
2883 56 185
2884 51 185
2885 60 182
2886 46 183
2887 48 184
2888 46 180
2889 49 193
2890 54 176
2891 49 186
2892 56 182
2893 44 176
2894 58 181
2895 51 182
2896 53 178
2897 53 192
