253 272 10 2853
0 7
1 10
2 10
3 8
4 7
5 6
6 8
7 6
8 7
9 8
10 7
11 8
12 5
13 3
14 3
15 3
16 4
17 3
18 4
19 3
20 3
21 3
22 3
23 3
24 6
25 3
26 3
27 3
28 5
29 4
30 3
31 4
32 3
33 4
34 4
35 3
36 3
37 3
38 4
39 3
40 3
41 3
42 3
43 4
44 3
45 5
46 3
47 3
48 3
49 5
50 4
51 3
52 4
53 3
54 3
55 3
56 4
57 4
58 5
59 3
60 3
61 3
62 4
63 3
64 3
65 4
66 3
67 4
68 4
69 3
70 4
71 3
72 3
73 3
74 4
75 3
76 3
77 3
78 4
79 3
80 3
81 4
82 3
83 4
84 3
85 3
86 3
87 4
88 3
89 3
90 4
91 5
92 5
93 3
94 3
95 3
96 4
97 3
98 4
99 3
100 3
101 3
102 3
103 3
104 4
105 3
106 3
107 3
108 4
109 5
110 3
111 5
112 3
113 3
114 3
115 3
116 3
117 4
118 3
119 3
120 3
121 3
122 4
123 3
124 4
125 3
126 3
127 3
128 3
129 3
130 4
131 3
132 3
133 4
134 3
135 4
136 4
137 4
138 3
139 3
140 3
141 3
142 3
143 4
144 3
145 4
146 3
147 5
148 3
149 3
150 5
151 3
152 6
153 4
154 4
155 3
156 3
157 3
158 4
159 3
160 5
161 3
162 3
163 4
164 3
165 3
166 4
167 3
168 3
169 5
170 4
171 3
172 4
173 3
174 4
175 5
176 3
177 3
178 3
179 4
180 3
181 5
182 3
183 3
184 3
185 3
186 5
187 3
188 3
189 5
190 3
191 3
192 4
193 4
194 4
195 3
196 3
197 5
198 3
199 3
200 3
201 3
202 3
203 3
204 4
205 3
206 3
207 5
208 3
209 4
210 3
211 5
212 3
213 3
214 4
215 3
216 3
217 4
218 5
219 3
220 4
221 5
222 3
223 4
224 4
225 3
226 4
227 3
228 3
229 3
230 3
231 4
232 4
233 3
234 3
235 4
236 4
237 5
238 4
239 4
240 3
241 3
242 3
243 3
244 4
245 3
246 3
247 3
248 3
249 3
250 4
251 6
252 3
0 0 2
1 0 3
2 0 4
3 0 5
4 0 8
5 0 11
6 0 138
7 1 2
8 1 4
9 1 6
10 1 7
11 1 9
12 1 10
13 1 11
14 1 118
15 2 3
16 2 6
17 2 7
18 2 9
19 2 10
20 2 189
21 3 5
22 3 11
23 3 30
24 3 67
25 4 8
26 4 9
27 4 11
28 4 84
29 4 223
30 5 6
31 5 8
32 6 7
33 6 8
34 6 10
35 7 8
36 7 11
37 7 12
38 9 10
39 9 170
40 9 238
41 10 204
42 11 49
43 11 99
44 11 153
45 12 20
46 12 24
47 13 25
48 13 29
49 14 24
50 15 19
51 15 16
52 16 24
53 16 18
54 17 24
55 18 21
56 18 26
57 19 28
58 22 28
59 23 24
60 26 29
61 27 28
62 30 48
63 31 37
64 31 45
65 32 38
66 33 45
67 33 35
68 34 46
69 34 41
70 34 39
71 35 48
72 36 43
73 37 38
74 38 39
75 40 45
76 41 42
77 41 47
78 43 47
79 44 45
80 49 63
81 49 50
82 50 64
83 50 58
84 51 56
85 51 66
86 52 53
87 52 60
88 53 57
89 53 58
90 54 58
91 55 63
92 56 65
93 57 62
94 59 61
95 59 62
96 60 65
97 67 69
98 68 71
99 68 77
100 68 79
101 68 73
102 69 70
103 70 77
104 72 81
105 73 76
106 73 83
107 74 80
108 74 78
109 75 79
110 78 81
111 78 83
112 80 82
113 84 90
114 85 90
115 86 87
116 87 89
117 87 95
118 87 98
119 88 91
120 90 93
121 90 92
122 91 96
123 91 98
124 92 97
125 92 96
126 94 98
127 99 111
128 100 112
129 100 101
130 101 111
131 102 110
132 102 109
133 103 109
134 104 111
135 104 115
136 105 111
137 106 116
138 107 113
139 108 109
140 108 117
141 112 114
142 112 116
143 113 117
144 115 117
145 118 126
146 119 122
147 119 130
148 120 135
149 121 122
150 122 129
151 122 133
152 123 136
153 124 134
154 124 130
155 125 133
156 126 137
157 127 131
158 127 128
159 128 135
160 128 137
161 130 135
162 132 135
163 136 137
164 138 147
165 139 142
166 139 150
167 140 148
168 140 151
169 141 143
170 143 145
171 144 150
172 145 147
173 145 152
174 146 147
175 149 152
176 150 152
177 151 152
178 153 162
179 153 169
180 154 155
181 154 165
182 154 158
183 154 169
184 155 157
185 155 164
186 156 160
187 158 168
188 159 163
189 160 166
190 160 169
191 161 164
192 163 169
193 166 167
194 170 173
195 170 181
196 171 172
197 172 186
198 173 175
199 174 179
200 174 181
201 175 177
202 175 178
203 176 188
204 179 185
205 180 183
206 181 183
207 181 184
208 182 186
209 184 188
210 186 187
211 187 188
212 189 195
213 189 201
214 189 194
215 190 191
216 191 192
217 192 197
218 193 197
219 193 194
220 193 198
221 195 196
222 197 199
223 198 200
224 200 202
225 200 203
226 204 218
227 205 211
228 205 222
229 206 216
230 206 220
231 207 219
232 207 220
233 207 211
234 208 218
235 209 213
236 209 217
237 210 214
238 211 217
239 212 217
240 214 221
241 215 216
242 216 221
243 218 221
244 223 231
245 224 227
246 224 229
247 225 235
248 226 233
249 226 231
250 226 235
251 228 234
252 229 232
253 230 237
254 231 236
255 232 236
256 234 237
257 235 237
258 238 245
259 238 251
260 239 250
261 239 244
262 240 247
263 240 243
264 241 247
265 242 243
266 242 250
267 244 251
268 246 251
269 247 249
270 248 250
271 251 252
0 195 14
1 192 19
2 201 14
3 203 19
4 200 18
5 200 24
6 193 13
7 193 14
8 198 25
9 202 20
10 192 17
11 199 23
12 196 14
13 195 17
14 200 18
15 200 28
16 199 13
17 197 22
18 192 23
19 197 13
20 194 19
21 196 16
22 200 28
23 194 12
24 193 29
25 195 17
26 195 28
27 189 22
28 203 14
29 191 13
30 58 35
31 59 48
32 61 36
33 64 46
34 51 30
35 49 38
36 64 33
37 63 31
38 59 36
39 61 32
40 63 38
41 63 46
42 62 42
43 52 36
44 65 36
45 63 47
46 64 42
47 52 32
48 55 41
49 53 46
50 60 35
51 62 30
52 61 43
53 61 34
54 66 47
55 65 35
56 66 34
57 53 41
58 55 34
59 56 36
60 202 48
61 189 37
62 199 38
63 191 39
64 198 39
65 197 43
66 196 36
67 193 38
68 198 42
69 194 37
70 203 35
71 191 30
72 201 48
73 190 47
74 203 39
75 194 37
76 192 35
77 191 31
78 196 34
79 196 31
80 194 46
81 196 37
82 196 31
83 201 35
84 190 38
85 198 30
86 193 47
87 190 31
88 196 33
89 194 35
90 78 10
91 79 10
92 70 0
93 79 1
94 82 10
95 74 9
96 75 11
97 78 0
98 83 1
99 83 4
100 67 4
101 81 2
102 70 8
103 82 7
104 76 5
105 77 3
106 76 3
107 83 3
108 79 7
109 76 3
110 75 4
111 67 1
112 74 10
113 80 3
114 79 2
115 70 8
116 72 7
117 76 0
118 69 9
119 73 7
120 228 78
121 225 82
122 224 71
123 223 75
124 230 75
125 230 74
126 224 83
127 230 78
128 231 75
129 234 67
130 230 68
131 234 68
132 223 72
133 230 73
134 226 77
135 231 74
136 231 72
137 233 77
138 223 83
139 233 79
140 229 74
141 224 74
142 228 83
143 223 67
144 236 75
145 231 70
146 223 83
147 236 80
148 223 81
149 231 81
150 154 110
151 154 108
152 157 99
153 157 103
154 158 104
155 157 100
156 154 106
157 169 99
158 163 106
159 161 113
160 164 100
161 169 116
162 160 114
163 169 110
164 166 105
165 158 104
166 161 116
167 161 105
168 158 109
169 169 113
170 167 108
171 160 112
172 168 113
173 160 117
174 158 104
175 157 111
176 157 113
177 166 106
178 158 108
179 157 112
180 232 161
181 234 157
182 231 165
183 232 156
184 223 168
185 231 156
186 229 153
187 224 164
188 227 153
189 234 161
190 230 160
191 229 169
192 224 165
193 225 154
194 226 166
195 235 160
196 235 161
197 231 159
198 224 166
199 235 160
200 226 156
201 230 158
202 225 154
203 237 157
204 232 156
205 237 154
206 225 156
207 231 166
208 231 153
209 226 156
210 18 72
211 21 83
212 21 70
213 22 81
214 27 67
215 23 73
216 24 74
217 29 75
218 28 76
219 15 68
220 24 82
221 29 73
222 28 72
223 14 72
224 14 81
225 27 83
226 25 69
227 19 68
228 14 67
229 21 82
230 16 74
231 14 81
232 19 78
233 22 72
234 13 68
235 23 73
236 28 72
237 26 67
238 16 81
239 22 77
240 33 164
241 44 168
242 48 168
243 38 164
244 48 161
245 47 164
246 36 162
247 33 157
248 33 165
249 46 158
250 41 160
251 48 168
252 40 157
253 44 159
254 41 169
255 48 156
256 32 157
257 40 165
258 47 154
259 45 153
260 35 158
261 30 166
262 42 159
263 37 160
264 42 166
265 41 162
266 45 158
267 36 165
268 36 158
269 34 162
270 84 97
271 89 85
272 94 88
273 88 94
274 86 90
275 84 91
276 97 86
277 89 84
278 84 98
279 95 85
280 87 93
281 87 85
282 84 89
283 89 96
284 90 88
285 92 98
286 95 97
287 89 94
288 91 84
289 88 86
290 91 86
291 93 97
292 101 224
293 110 233
294 107 235
295 106 228
296 115 233
297 102 236
298 99 235
299 111 229
300 105 229
301 117 226
302 117 231
303 107 234
304 102 227
305 112 227
306 100 231
307 109 234
308 103 228
309 104 235
310 108 229
311 113 234
312 117 234
313 117 235
314 116 234
315 112 233
316 108 234
317 117 232
318 105 237
319 112 229
320 111 236
321 117 227
322 8 132
323 2 126
324 10 119
325 4 132
326 7 133
327 6 119
328 1 119
329 0 130
330 11 137
331 7 130
332 5 124
333 9 131
334 3 131
335 0 134
336 9 124
337 9 131
338 0 121
339 0 123
340 11 127
341 6 120
342 2 121
343 3 120
344 9 135
345 8 119
346 11 137
347 2 122
348 0 118
349 10 123
350 3 118
351 6 123
352 202 103
353 197 115
354 198 101
355 199 110
356 203 113
357 193 111
358 196 108
359 199 117
360 192 99
361 202 102
362 195 110
363 199 99
364 192 103
365 192 110
366 199 115
367 197 108
368 199 113
369 189 104
370 190 115
371 197 117
372 197 116
373 202 100
374 201 108
375 202 116
376 192 113
377 191 110
378 189 111
379 199 108
380 200 103
381 198 107
382 171 28
383 181 24
384 185 25
385 188 20
386 181 14
387 188 27
388 186 24
389 176 26
390 179 13
391 171 25
392 185 16
393 177 26
394 188 14
395 181 15
396 184 27
397 170 19
398 173 17
399 175 17
400 185 17
401 186 26
402 177 24
403 177 12
404 182 26
405 174 20
406 186 24
407 188 24
408 184 13
409 188 24
410 172 24
411 182 28
412 236 52
413 228 56
414 230 53
415 232 50
416 227 63
417 234 54
418 227 50
419 223 61
420 229 65
421 226 58
422 225 54
423 236 59
424 228 55
425 226 65
426 223 66
427 228 50
428 236 65
429 228 49
430 223 60
431 224 50
432 223 66
433 231 65
434 225 63
435 232 50
436 225 59
437 235 64
438 228 60
439 230 54
440 230 63
441 230 65
442 227 195
443 237 201
444 232 202
445 229 200
446 237 198
447 236 200
448 227 197
449 237 190
450 226 201
451 236 203
452 226 203
453 235 189
454 232 191
455 226 190
456 225 195
457 235 197
458 232 194
459 230 189
460 226 192
461 231 193
462 229 189
463 231 192
464 223 201
465 231 191
466 236 199
467 231 199
468 233 202
469 225 201
470 224 201
471 228 199
472 36 58
473 38 54
474 33 64
475 42 54
476 43 57
477 44 58
478 36 52
479 44 64
480 44 57
481 32 63
482 35 63
483 46 52
484 39 52
485 36 65
486 35 59
487 40 65
488 40 53
489 42 58
490 38 62
491 36 62
492 41 50
493 46 63
494 36 58
495 31 60
496 40 61
497 38 57
498 41 54
499 34 62
500 35 65
501 43 65
502 236 122
503 224 137
504 226 128
505 234 127
506 236 123
507 232 118
508 233 128
509 235 118
510 228 118
511 232 132
512 224 136
513 234 125
514 225 120
515 224 119
516 228 121
517 224 131
518 236 129
519 227 135
520 234 135
521 227 136
522 237 127
523 224 133
524 233 129
525 230 127
526 230 123
527 224 118
528 237 129
529 235 128
530 237 121
531 235 133
532 238 188
533 242 184
534 240 183
535 242 188
536 238 184
537 244 182
538 239 180
539 239 174
540 249 176
541 252 183
542 241 188
543 243 186
544 239 185
545 239 176
546 246 177
547 248 175
548 241 185
549 240 182
550 245 186
551 248 188
552 246 183
553 241 181
554 250 182
555 241 175
556 245 178
557 244 180
558 247 177
559 245 179
560 244 187
561 244 179
562 148 116
563 138 100
564 146 114
565 140 109
566 138 109
567 147 116
568 151 107
569 139 100
570 147 104
571 151 106
572 146 100
573 143 115
574 143 115
575 138 111
576 139 99
577 139 111
578 148 110
579 148 100
580 143 99
581 143 116
582 140 113
583 145 110
584 141 100
585 150 110
586 145 116
587 141 110
588 149 106
589 140 101
590 138 106
591 150 109
592 231 229
593 227 223
594 229 235
595 233 237
596 232 230
597 234 227
598 229 234
599 229 235
600 231 237
601 236 225
602 227 225
603 232 228
604 236 235
605 228 223
606 228 235
607 229 228
608 225 224
609 112 113
610 113 99
611 103 115
612 106 108
613 102 113
614 109 113
615 103 105
616 104 100
617 108 112
618 113 99
619 102 111
620 107 109
621 99 112
622 103 110
623 107 114
624 109 114
625 109 106
626 16 87
627 12 84
628 24 92
629 27 90
630 17 89
631 19 94
632 25 93
633 16 93
634 15 84
635 16 89
636 20 87
637 22 97
638 22 88
639 17 88
640 26 98
641 19 87
642 18 96
643 19 95
644 12 85
645 16 94
646 22 84
647 23 90
648 16 89
649 19 94
650 24 97
651 13 98
652 14 95
653 17 87
654 13 92
655 12 91
656 251 210
657 242 211
658 238 222
659 240 215
660 246 222
661 245 216
662 245 220
663 247 215
664 243 204
665 243 210
666 241 211
667 240 216
668 242 211
669 245 205
670 246 205
671 251 211
672 247 210
673 252 210
674 249 211
675 250 208
676 247 220
677 250 215
678 238 206
679 247 221
680 239 209
681 251 213
682 242 204
683 245 219
684 246 209
685 251 221
686 222 45
687 217 42
688 210 33
689 213 31
690 204 39
691 204 34
692 211 31
693 213 43
694 206 48
695 213 31
696 217 37
697 221 34
698 207 36
699 206 34
700 219 41
701 220 30
702 220 32
703 206 44
704 204 37
705 207 37
706 204 42
707 222 31
708 204 31
709 220 30
710 206 33
711 216 41
712 211 37
713 222 44
714 206 38
715 218 38
716 118 213
717 130 215
718 127 204
719 133 215
720 135 220
721 133 220
722 131 209
723 135 217
724 131 220
725 137 209
726 127 221
727 128 212
728 137 207
729 120 212
730 128 207
731 122 210
732 135 210
733 125 219
734 124 206
735 131 217
736 118 209
737 130 209
738 122 221
739 137 213
740 123 214
741 124 213
742 121 220
743 121 220
744 127 222
745 131 209
746 239 196
747 243 195
748 249 200
749 243 201
750 244 196
751 239 191
752 246 191
753 238 192
754 240 196
755 252 192
756 244 196
757 239 193
758 244 194
759 240 191
760 242 191
761 245 201
762 243 203
763 248 202
764 242 199
765 240 190
766 239 194
767 239 197
768 251 193
769 248 195
770 239 192
771 252 195
772 244 197
773 250 195
774 252 200
775 241 198
776 42 119
777 36 135
778 30 132
779 47 134
780 38 119
781 36 131
782 44 131
783 35 134
784 47 123
785 35 134
786 41 120
787 33 124
788 31 126
789 42 120
790 33 119
791 36 128
792 33 125
793 46 121
794 36 120
795 35 126
796 32 126
797 45 134
798 40 125
799 37 133
800 46 119
801 36 132
802 43 137
803 36 134
804 39 126
805 31 124
806 130 104
807 133 111
808 126 110
809 137 105
810 131 100
811 133 108
812 129 107
813 127 109
814 128 115
815 132 112
816 125 103
817 122 111
818 133 107
819 120 115
820 136 102
821 131 100
822 122 103
823 135 103
824 126 107
825 125 106
826 120 108
827 131 108
828 132 110
829 128 110
830 137 115
831 131 112
832 127 102
833 123 116
834 128 110
835 123 114
836 207 242
837 212 243
838 205 245
839 209 238
840 211 247
841 216 250
842 213 238
843 213 245
844 204 241
845 216 252
846 215 251
847 219 242
848 219 238
849 216 246
850 215 239
851 215 247
852 217 246
853 220 245
854 207 245
855 206 252
856 214 248
857 209 238
858 216 252
859 208 245
860 214 251
861 212 240
862 222 244
863 222 249
864 210 249
865 214 248
866 195 1
867 194 10
868 195 1
869 199 5
870 191 2
871 192 10
872 203 1
873 192 2
874 196 9
875 190 1
876 191 2
877 192 7
878 194 10
879 191 5
880 200 9
881 203 3
882 202 1
883 195 3
884 192 1
885 190 11
886 203 1
887 195 4
888 192 11
889 203 11
890 192 11
891 195 11
892 198 7
893 110 181
894 117 187
895 110 179
896 99 188
897 115 172
898 101 175
899 105 174
900 110 187
901 104 171
902 117 181
903 117 187
904 106 181
905 101 177
906 112 187
907 104 183
908 106 186
909 117 183
910 107 175
911 113 178
912 102 174
913 109 181
914 113 182
915 111 176
916 101 173
917 116 179
918 115 175
919 99 172
920 114 179
921 111 176
922 113 175
923 174 214
924 171 222
925 185 219
926 183 221
927 170 217
928 184 210
929 178 208
930 175 214
931 187 216
932 171 206
933 178 219
934 173 218
935 170 215
936 188 205
937 179 221
938 182 206
939 176 210
940 187 219
941 173 217
942 185 221
943 180 220
944 182 211
945 178 211
946 170 204
947 187 205
948 181 215
949 171 211
950 185 204
951 183 212
952 176 214
953 218 243
954 220 239
955 205 245
956 220 251
957 215 238
958 212 247
959 220 242
960 206 244
961 206 245
962 219 238
963 218 243
964 214 239
965 205 252
966 205 243
967 207 251
968 219 246
969 210 240
970 216 248
971 205 241
972 210 241
973 212 252
974 213 250
975 210 239
976 206 241
977 208 241
978 212 252
979 212 247
980 212 246
981 214 251
982 206 251
983 169 30
984 160 44
985 161 48
986 164 32
987 155 46
988 168 44
989 155 44
990 164 44
991 162 37
992 154 40
993 167 45
994 161 39
995 158 36
996 164 30
997 169 34
998 153 48
999 158 47
1000 154 37
1001 167 35
1002 163 43
1003 167 30
1004 157 48
1005 166 47
1006 168 41
1007 159 38
1008 168 45
1009 153 47
1010 167 42
1011 161 38
1012 169 39
1013 80 228
1014 69 230
1015 78 227
1016 82 234
1017 72 231
1018 78 236
1019 75 234
1020 75 232
1021 82 223
1022 80 228
1023 76 227
1024 74 230
1025 79 224
1026 71 228
1027 72 230
1028 81 224
1029 81 228
1030 78 229
1031 83 225
1032 78 234
1033 67 228
1034 83 230
1035 74 232
1036 73 232
1037 81 235
1038 69 235
1039 67 224
1040 81 230
1041 75 232
1042 82 234
1043 19 226
1044 12 226
1045 18 231
1046 29 225
1047 13 232
1048 24 234
1049 17 230
1050 24 233
1051 16 231
1052 17 225
1053 29 223
1054 13 229
1055 16 233
1056 22 232
1057 20 236
1058 21 223
1059 15 237
1060 25 231
1061 28 236
1062 27 223
1063 14 237
1064 19 234
1065 25 228
1066 26 226
1067 24 223
1068 18 233
1069 14 223
1070 13 234
1071 17 225
1072 14 223
1073 125 252
1074 130 241
1075 126 250
1076 128 239
1077 133 243
1078 131 246
1079 136 243
1080 120 250
1081 135 247
1082 132 244
1083 136 247
1084 120 248
1085 132 240
1086 118 241
1087 130 241
1088 119 238
1089 124 242
1090 126 252
1091 127 239
1092 128 251
1093 125 250
1094 122 251
1095 136 241
1096 127 238
1097 122 241
1098 129 247
1099 120 250
1100 135 247
1101 130 248
1102 127 241
1103 61 55
1104 66 55
1105 55 50
1106 61 56
1107 49 52
1108 51 49
1109 60 58
1110 64 59
1111 60 64
1112 58 60
1113 66 60
1114 65 55
1115 51 63
1116 65 53
1117 65 50
1118 57 65
1119 62 60
1120 54 51
1121 59 49
1122 143 218
1123 148 212
1124 148 204
1125 138 209
1126 152 207
1127 142 213
1128 148 221
1129 145 219
1130 144 219
1131 152 222
1132 149 221
1133 144 212
1134 143 213
1135 149 214
1136 144 214
1137 139 211
1138 147 211
1139 143 208
1140 149 208
1141 144 210
1142 151 218
1143 145 210
1144 143 214
1145 140 215
1146 151 222
1147 151 217
1148 141 215
1149 150 221
1150 148 204
1151 152 205
1152 22 147
1153 23 147
1154 24 141
1155 26 152
1156 20 139
1157 25 139
1158 20 140
1159 19 145
1160 28 147
1161 19 148
1162 29 152
1163 18 148
1164 28 142
1165 27 149
1166 28 150
1167 29 144
1168 23 144
1169 13 143
1170 22 145
1171 18 149
1172 16 149
1173 28 138
1174 17 142
1175 27 146
1176 19 150
1177 28 151
1178 15 139
1179 21 146
1180 12 141
1181 29 144
1182 109 160
1183 104 161
1184 114 156
1185 105 153
1186 103 159
1187 113 159
1188 105 154
1189 117 166
1190 108 160
1191 105 157
1192 105 157
1193 107 164
1194 99 166
1195 114 166
1196 102 164
1197 105 166
1198 102 162
1199 107 159
1200 102 159
1201 107 161
1202 114 158
1203 113 168
1204 111 156
1205 99 155
1206 116 165
1207 113 161
1208 99 163
1209 102 169
1210 103 169
1211 111 168
1212 227 100
1213 237 108
1214 233 112
1215 230 100
1216 225 101
1217 233 103
1218 230 111
1219 226 105
1220 233 109
1221 232 111
1222 233 105
1223 230 106
1224 230 106
1225 236 100
1226 225 116
1227 230 117
1228 232 112
1229 231 113
1230 231 105
1231 236 111
1232 232 99
1233 237 107
1234 228 114
1235 229 111
1236 226 108
1237 232 99
1238 234 101
1239 235 115
1240 226 107
1241 225 109
1242 175 107
1243 180 101
1244 181 109
1245 175 113
1246 173 110
1247 182 102
1248 170 102
1249 185 106
1250 183 109
1251 175 109
1252 179 99
1253 187 108
1254 176 100
1255 185 115
1256 187 107
1257 184 116
1258 173 112
1259 187 113
1260 175 113
1261 186 112
1262 171 116
1263 181 117
1264 185 105
1265 183 116
1266 175 106
1267 188 115
1268 179 108
1269 179 111
1270 174 114
1271 176 116
1272 5 9
1273 118 27
1274 124 13
1275 120 22
1276 135 17
1277 137 27
1278 134 18
1279 120 28
1280 134 24
1281 121 26
1282 136 20
1283 126 29
1284 125 27
1285 123 17
1286 131 16
1287 136 14
1288 133 12
1289 121 13
1290 124 14
1291 121 26
1292 123 23
1293 119 23
1294 120 28
1295 130 25
1296 118 17
1297 119 29
1298 124 21
1299 131 28
1300 122 22
1301 134 23
1302 128 18
1303 52 213
1304 60 204
1305 61 215
1306 51 209
1307 59 208
1308 49 217
1309 51 212
1310 50 216
1311 55 215
1312 58 211
1313 53 204
1314 50 206
1315 61 216
1316 58 215
1317 57 220
1318 64 208
1319 58 221
1320 50 207
1321 54 210
1322 62 210
1323 51 219
1324 49 215
1325 57 214
1326 63 207
1327 60 220
1328 54 220
1329 54 211
1330 64 210
1331 63 222
1332 54 212
1333 32 13
1334 32 16
1335 46 24
1336 43 14
1337 48 25
1338 35 23
1339 47 18
1340 40 18
1341 48 21
1342 47 29
1343 44 28
1344 48 14
1345 44 27
1346 45 19
1347 35 22
1348 48 19
1349 46 25
1350 39 17
1351 48 23
1352 33 17
1353 37 29
1354 37 17
1355 41 23
1356 44 24
1357 47 21
1358 35 24
1359 33 19
1360 46 12
1361 45 13
1362 40 21
1363 116 150
1364 100 148
1365 117 150
1366 112 150
1367 117 138
1368 113 138
1369 116 150
1370 111 143
1371 102 151
1372 108 139
1373 103 145
1374 105 142
1375 108 142
1376 102 145
1377 112 152
1378 115 141
1379 104 146
1380 102 141
1381 104 152
1382 110 141
1383 109 149
1384 115 139
1385 117 150
1386 111 148
1387 104 142
1388 104 150
1389 99 141
1390 108 146
1391 108 146
1392 101 151
1393 0 134
1394 9 137
1395 9 123
1396 5 136
1397 3 124
1398 2 123
1399 7 119
1400 9 135
1401 8 137
1402 8 129
1403 6 126
1404 11 134
1405 3 123
1406 11 121
1407 5 131
1408 6 126
1409 9 131
1410 10 131
1411 5 127
1412 11 135
1413 4 127
1414 5 133
1415 4 121
1416 1 125
1417 4 132
1418 0 132
1419 9 123
1420 9 137
1421 2 136
1422 1 123
1423 112 231
1424 116 223
1425 111 233
1426 101 226
1427 101 225
1428 101 235
1429 111 226
1430 99 236
1431 106 229
1432 102 225
1433 101 234
1434 101 227
1435 107 225
1436 102 236
1437 117 225
1438 112 228
1439 106 223
1440 117 229
1441 109 235
1442 111 230
1443 111 231
1444 103 231
1445 107 226
1446 107 229
1447 115 231
1448 102 236
1449 111 237
1450 106 234
1451 109 228
1452 100 236
1453 113 101
1454 111 109
1455 103 110
1456 101 103
1457 101 108
1458 105 103
1459 103 111
1460 113 102
1461 111 102
1462 113 111
1463 117 111
1464 99 102
1465 116 104
1466 111 106
1467 104 103
1468 109 115
1469 108 104
1470 100 102
1471 109 112
1472 103 106
1473 116 99
1474 212 45
1475 222 36
1476 204 40
1477 219 46
1478 221 40
1479 212 39
1480 219 35
1481 219 42
1482 214 43
1483 209 40
1484 210 47
1485 214 41
1486 217 46
1487 205 36
1488 219 45
1489 212 39
1490 210 32
1491 206 34
1492 204 32
1493 216 38
1494 218 31
1495 204 32
1496 214 45
1497 213 41
1498 214 46
1499 219 34
1500 213 36
1501 222 30
1502 214 42
1503 220 33
1504 52 238
1505 61 241
1506 53 247
1507 56 241
1508 58 251
1509 65 251
1510 59 241
1511 61 243
1512 52 251
1513 63 243
1514 56 242
1515 59 245
1516 65 238
1517 60 242
1518 66 239
1519 50 252
1520 66 238
1521 57 245
1522 53 238
1523 51 248
1524 59 238
1525 50 245
1526 55 241
1527 59 242
1528 51 243
1529 63 241
1530 53 243
1531 59 250
1532 57 251
1533 52 245
1534 218 189
1535 205 195
1536 205 190
1537 221 191
1538 205 189
1539 212 190
1540 208 203
1541 212 194
1542 212 199
1543 221 191
1544 204 194
1545 217 203
1546 220 189
1547 218 201
1548 218 197
1549 213 192
1550 214 193
1551 205 202
1552 218 190
1553 222 200
1554 207 201
1555 213 194
1556 221 203
1557 206 192
1558 207 192
1559 206 192
1560 222 194
1561 220 203
1562 213 202
1563 212 192
1564 233 107
1565 225 117
1566 228 105
1567 237 114
1568 225 101
1569 231 106
1570 232 103
1571 232 105
1572 228 114
1573 234 106
1574 232 105
1575 226 101
1576 237 108
1577 233 106
1578 223 102
1579 223 106
1580 235 113
1581 236 105
1582 229 110
1583 223 101
1584 223 104
1585 226 109
1586 223 100
1587 236 117
1588 233 106
1589 237 106
1590 232 107
1591 227 108
1592 237 108
1593 224 103
1594 168 163
1595 166 153
1596 168 157
1597 166 157
1598 165 161
1599 153 161
1600 165 153
1601 169 157
1602 155 166
1603 159 154
1604 162 167
1605 156 154
1606 161 154
1607 165 163
1608 155 159
1609 158 166
1610 104 142
1611 103 143
1612 116 140
1613 101 147
1614 115 142
1615 117 151
1616 102 145
1617 104 147
1618 114 141
1619 104 143
1620 115 139
1621 108 139
1622 108 148
1623 106 151
1624 117 145
1625 114 152
1626 114 146
1627 117 141
1628 102 152
1629 117 144
1630 110 143
1631 101 142
1632 107 142
1633 116 143
1634 115 143
1635 103 143
1636 107 139
1637 117 143
1638 112 143
1639 103 150
1640 232 174
1641 229 171
1642 226 187
1643 226 183
1644 234 172
1645 227 176
1646 234 176
1647 229 182
1648 223 180
1649 232 176
1650 227 184
1651 223 176
1652 235 171
1653 223 180
1654 226 178
1655 226 177
1656 228 178
1657 237 170
1658 223 177
1659 234 177
1660 237 170
1661 237 185
1662 224 176
1663 230 180
1664 230 187
1665 235 170
1666 225 170
1667 234 188
1668 226 172
1669 234 182
1670 5 9
1671 156 204
1672 165 208
1673 166 208
1674 167 220
1675 166 218
1676 159 205
1677 168 217
1678 159 220
1679 162 214
1680 169 210
1681 168 220
1682 163 216
1683 168 209
1684 157 205
1685 162 214
1686 157 207
1687 167 219
1688 169 218
1689 154 207
1690 163 209
1691 155 222
1692 154 219
1693 158 222
1694 163 219
1695 154 216
1696 162 205
1697 166 215
1698 158 222
1699 154 221
1700 157 218
1701 228 230
1702 224 231
1703 232 225
1704 234 229
1705 229 226
1706 223 227
1707 231 237
1708 237 236
1709 226 234
1710 225 227
1711 232 234
1712 228 225
1713 224 228
1714 237 232
1715 224 230
1716 235 223
1717 91 192
1718 90 193
1719 95 199
1720 93 191
1721 89 197
1722 95 199
1723 96 189
1724 95 193
1725 86 198
1726 98 202
1727 85 191
1728 86 196
1729 97 198
1730 88 199
1731 86 193
1732 85 198
1733 97 197
1734 91 199
1735 86 189
1736 84 198
1737 97 199
1738 96 203
1739 95 195
1740 93 203
1741 98 199
1742 89 190
1743 92 198
1744 89 193
1745 89 197
1746 91 202
1747 240 85
1748 241 97
1749 251 85
1750 246 93
1751 240 95
1752 243 95
1753 240 95
1754 238 95
1755 248 94
1756 251 97
1757 252 86
1758 251 84
1759 248 88
1760 251 97
1761 245 90
1762 242 87
1763 250 98
1764 239 87
1765 238 84
1766 239 90
1767 245 94
1768 247 97
1769 246 88
1770 244 91
1771 245 87
1772 245 93
1773 250 91
1774 240 96
1775 244 92
1776 239 96
1777 126 38
1778 122 35
1779 120 46
1780 131 45
1781 120 37
1782 132 39
1783 128 33
1784 133 36
1785 124 33
1786 132 40
1787 136 46
1788 137 48
1789 132 38
1790 121 40
1791 130 35
1792 128 32
1793 134 44
1794 119 38
1795 131 37
1796 122 39
1797 122 34
1798 130 43
1799 119 45
1800 130 42
1801 135 40
1802 125 38
1803 128 48
1804 134 40
1805 135 34
1806 126 34
1807 0 226
1808 2 233
1809 11 236
1810 3 226
1811 11 226
1812 6 237
1813 0 232
1814 5 235
1815 7 235
1816 1 233
1817 9 237
1818 9 229
1819 10 230
1820 6 226
1821 3 228
1822 10 235
1823 3 224
1824 3 232
1825 4 228
1826 5 228
1827 11 229
1828 5 225
1829 1 228
1830 1 234
1831 8 236
1832 7 234
1833 11 234
1834 8 235
1835 7 230
1836 0 225
1837 243 189
1838 246 189
1839 240 189
1840 244 201
1841 243 190
1842 247 200
1843 246 193
1844 250 195
1845 246 190
1846 251 194
1847 239 199
1848 247 203
1849 241 197
1850 250 203
1851 242 199
1852 251 196
1853 244 193
1854 238 199
1855 250 193
1856 245 202
1857 250 193
1858 248 199
1859 247 196
1860 252 191
1861 252 190
1862 248 193
1863 246 192
1864 240 198
1865 240 197
1866 243 193
1867 99 174
1868 106 171
1869 106 182
1870 114 172
1871 110 182
1872 113 175
1873 104 187
1874 111 187
1875 111 179
1876 103 172
1877 110 170
1878 113 181
1879 100 173
1880 104 175
1881 99 175
1882 106 170
1883 115 182
1884 103 183
1885 111 178
1886 111 177
1887 101 171
1888 116 176
1889 112 181
1890 107 177
1891 100 187
1892 109 175
1893 108 172
1894 110 188
1895 102 182
1896 105 186
1897 188 25
1898 176 26
1899 180 13
1900 187 26
1901 183 28
1902 179 18
1903 179 24
1904 177 26
1905 174 25
1906 188 26
1907 177 21
1908 176 12
1909 170 26
1910 171 12
1911 171 28
1912 180 19
1913 178 29
1914 171 19
1915 178 24
1916 184 25
1917 183 16
1918 184 14
1919 179 14
1920 174 28
1921 188 27
1922 179 29
1923 187 21
1924 176 18
1925 182 21
1926 179 20
1927 49 167
1928 55 156
1929 59 162
1930 59 156
1931 61 161
1932 58 160
1933 60 168
1934 59 168
1935 51 162
1936 59 167
1937 50 166
1938 49 161
1939 63 165
1940 54 159
1941 60 161
1942 65 162
1943 49 157
1944 60 162
1945 52 161
1946 60 168
1947 66 155
1948 63 158
1949 49 154
1950 62 159
1951 62 164
1952 55 162
1953 57 156
1954 50 154
1955 52 168
1956 50 163
1957 196 20
1958 200 13
1959 190 24
1960 198 20
1961 192 13
1962 199 20
1963 201 29
1964 190 22
1965 191 13
1966 193 18
1967 194 16
1968 191 17
1969 193 19
1970 201 14
1971 198 16
1972 200 18
1973 198 14
1974 193 22
1975 189 18
1976 197 21
1977 193 28
1978 193 12
1979 201 17
1980 193 26
1981 191 27
1982 195 18
1983 192 28
1984 190 21
1985 197 12
1986 190 18
1987 102 193
1988 112 195
1989 109 190
1990 99 192
1991 101 200
1992 113 190
1993 112 195
1994 109 202
1995 111 193
1996 99 189
1997 113 203
1998 101 196
1999 102 193
2000 113 202
2001 103 190
2002 105 200
2003 110 190
2004 109 195
2005 99 189
2006 117 192
2007 110 193
2008 108 195
2009 105 203
2010 100 191
2011 100 203
2012 108 201
2013 114 193
2014 112 202
2015 111 190
2016 102 198
2017 0 166
2018 8 169
2019 6 161
2020 2 160
2021 0 169
2022 5 168
2023 0 158
2024 2 169
2025 10 162
2026 3 162
2027 1 154
2028 0 163
2029 1 166
2030 2 155
2031 7 169
2032 9 154
2033 6 159
2034 5 166
2035 9 158
2036 2 169
2037 7 159
2038 5 158
2039 1 155
2040 6 169
2041 1 168
2042 5 167
2043 1 169
2044 1 168
2045 10 160
2046 0 162
2047 240 38
2048 247 35
2049 240 32
2050 245 45
2051 251 46
2052 241 37
2053 247 40
2054 250 44
2055 242 47
2056 251 34
2057 251 32
2058 248 39
2059 244 40
2060 247 37
2061 248 37
2062 238 46
2063 252 36
2064 245 40
2065 246 48
2066 238 32
2067 245 39
2068 252 31
2069 247 30
2070 246 43
2071 247 42
2072 248 46
2073 247 41
2074 243 32
2075 242 38
2076 251 34
2077 216 165
2078 221 168
2079 220 162
2080 219 166
2081 204 164
2082 211 162
2083 219 164
2084 221 157
2085 207 158
2086 217 157
2087 209 161
2088 215 167
2089 209 169
2090 222 169
2091 222 168
2092 213 161
2093 210 169
2094 219 157
2095 215 154
2096 217 159
2097 208 161
2098 211 169
2099 220 163
2100 222 169
2101 207 153
2102 211 167
2103 215 159
2104 209 154
2105 206 164
2106 214 154
2107 97 247
2108 86 252
2109 90 250
2110 93 249
2111 86 242
2112 86 243
2113 88 238
2114 88 251
2115 88 246
2116 93 249
2117 86 248
2118 89 250
2119 89 242
2120 85 249
2121 98 238
2122 98 241
2123 84 249
2124 86 241
2125 97 241
2126 91 244
2127 93 243
2128 87 250
2129 84 252
2130 95 240
2131 88 242
2132 98 252
2133 94 241
2134 86 249
2135 85 252
2136 85 246
2137 53 83
2138 61 78
2139 52 79
2140 59 70
2141 63 68
2142 56 76
2143 64 79
2144 54 81
2145 64 76
2146 53 68
2147 66 77
2148 54 81
2149 53 67
2150 54 75
2151 55 67
2152 54 80
2153 53 80
2154 52 77
2155 54 80
2156 61 75
2157 64 82
2158 57 79
2159 53 71
2160 54 67
2161 63 79
2162 53 67
2163 60 70
2164 56 74
2165 65 78
2166 58 69
2167 165 212
2168 160 218
2169 160 205
2170 155 204
2171 159 220
2172 161 207
2173 159 218
2174 168 212
2175 159 214
2176 158 205
2177 162 209
2178 159 211
2179 158 215
2180 153 214
2181 155 213
2182 166 209
2183 153 212
2184 169 205
2185 154 218
2186 165 204
2187 162 209
2188 161 213
2189 168 209
2190 162 205
2191 160 222
2192 169 206
2193 163 218
2194 168 204
2195 158 211
2196 166 204
2197 244 27
2198 249 25
2199 241 17
2200 250 19
2201 251 21
2202 251 29
2203 247 24
2204 252 27
2205 248 25
2206 240 18
2207 239 25
2208 249 22
2209 241 28
2210 246 21
2211 249 17
2212 244 26
2213 246 13
2214 248 16
2215 244 27
2216 250 17
2217 251 17
2218 252 25
2219 240 24
2220 247 22
2221 243 26
2222 247 13
2223 250 19
2224 248 15
2225 242 28
2226 241 14
2227 116 90
2228 109 91
2229 113 95
2230 105 93
2231 106 88
2232 104 95
2233 101 98
2234 111 92
2235 114 96
2236 100 95
2237 107 96
2238 109 86
2239 106 85
2240 101 88
2241 111 98
2242 114 91
2243 110 93
2244 103 98
2245 102 89
2246 107 88
2247 103 97
2248 110 94
2249 115 96
2250 111 88
2251 110 89
2252 111 95
2253 99 85
2254 117 93
2255 112 87
2256 104 87
2257 235 4
2258 228 6
2259 235 7
2260 228 7
2261 233 11
2262 227 8
2263 232 10
2264 226 8
2265 224 8
2266 223 6
2267 236 2
2268 237 11
2269 236 7
2270 228 4
2271 228 2
2272 230 7
2273 227 11
2274 229 1
2275 227 8
2276 234 0
2277 237 8
2278 236 10
2279 225 2
2280 226 3
2281 234 9
2282 226 4
2283 230 7
2284 225 5
2285 237 3
2286 232 4
2287 189 82
2288 190 72
2289 197 81
2290 195 82
2291 195 68
2292 193 82
2293 197 67
2294 199 67
2295 192 72
2296 192 73
2297 197 75
2298 202 72
2299 200 70
2300 195 80
2301 203 74
2302 191 80
2303 191 81
2304 196 67
2305 203 75
2306 194 74
2307 191 82
2308 196 77
2309 203 80
2310 192 81
2311 189 71
2312 191 82
2313 201 68
2314 191 77
2315 196 83
2316 197 79
2317 166 14
2318 153 29
2319 162 17
2320 167 29
2321 162 24
2322 165 26
2323 163 24
2324 158 20
2325 160 21
2326 161 24
2327 162 13
2328 156 24
2329 160 25
2330 161 22
2331 155 18
2332 155 22
2333 156 28
2334 164 18
2335 163 22
2336 169 13
2337 168 25
2338 158 14
2339 163 17
2340 159 14
2341 163 15
2342 158 23
2343 169 20
2344 155 14
2345 154 21
2346 165 27
2347 30 96
2348 33 95
2349 40 87
2350 40 85
2351 40 93
2352 32 87
2353 48 89
2354 48 86
2355 34 84
2356 38 91
2357 43 94
2358 47 85
2359 31 90
2360 44 87
2361 37 85
2362 34 88
2363 47 92
2364 41 85
2365 41 96
2366 33 89
2367 48 89
2368 40 86
2369 47 95
2370 34 94
2371 43 92
2372 42 90
2373 37 97
2374 42 91
2375 41 96
2376 35 96
2377 157 216
2378 156 207
2379 157 218
2380 157 210
2381 155 206
2382 161 206
2383 156 210
2384 166 213
2385 155 217
2386 159 218
2387 165 216
2388 161 222
2389 167 213
2390 153 210
2391 154 214
2392 168 221
2393 165 220
2394 156 222
2395 169 213
2396 155 213
2397 168 208
2398 169 204
2399 153 204
2400 156 211
2401 159 218
2402 162 208
2403 168 216
2404 154 214
2405 167 208
2406 158 209
2407 231 150
2408 230 143
2409 229 146
2410 232 138
2411 234 138
2412 224 140
2413 225 142
2414 232 148
2415 235 140
2416 233 146
2417 227 143
2418 224 140
2419 228 147
2420 231 148
2421 234 143
2422 233 139
2423 234 145
2424 225 152
2425 227 149
2426 236 144
2427 236 145
2428 223 150
2429 233 151
2430 223 143
2431 224 150
2432 228 139
2433 225 151
2434 229 143
2435 232 141
2436 223 148
2437 221 27
2438 216 18
2439 215 12
2440 209 27
2441 221 23
2442 210 21
2443 214 28
2444 211 14
2445 221 18
2446 206 21
2447 210 16
2448 220 19
2449 213 21
2450 208 18
2451 208 18
2452 206 27
2453 221 28
2454 221 16
2455 205 20
2456 213 19
2457 211 28
2458 222 26
2459 209 22
2460 216 27
2461 209 27
2462 215 19
2463 221 13
2464 212 19
2465 222 18
2466 215 15
2467 122 218
2468 133 210
2469 127 222
2470 132 204
2471 118 210
2472 130 218
2473 118 222
2474 124 210
2475 133 213
2476 133 213
2477 119 214
2478 135 217
2479 121 205
2480 137 220
2481 135 216
2482 132 213
2483 119 221
2484 118 207
2485 125 219
2486 125 212
2487 128 216
2488 124 212
2489 133 220
2490 130 219
2491 123 205
2492 127 204
2493 129 209
2494 129 213
2495 125 208
2496 123 216
2497 37 228
2498 45 229
2499 42 225
2500 43 234
2501 42 232
2502 43 235
2503 48 233
2504 30 237
2505 31 228
2506 46 234
2507 38 227
2508 48 225
2509 37 232
2510 44 234
2511 38 234
2512 31 226
2513 47 236
2514 32 225
2515 35 230
2516 48 236
2517 46 232
2518 37 226
2519 32 232
2520 37 227
2521 48 237
2522 35 232
2523 39 226
2524 33 226
2525 48 225
2526 33 231
2527 43 82
2528 44 74
2529 31 70
2530 35 82
2531 30 73
2532 42 81
2533 41 75
2534 41 80
2535 39 78
2536 38 83
2537 45 74
2538 44 70
2539 40 74
2540 33 76
2541 48 70
2542 42 75
2543 44 83
2544 45 67
2545 47 71
2546 41 67
2547 40 67
2548 45 70
2549 38 69
2550 31 79
2551 35 71
2552 44 75
2553 35 76
2554 48 73
2555 31 82
2556 33 72
2557 128 5
2558 124 4
2559 131 2
2560 128 0
2561 123 8
2562 128 6
2563 133 4
2564 131 11
2565 134 8
2566 125 3
2567 126 11
2568 120 10
2569 126 8
2570 135 8
2571 134 7
2572 128 2
2573 125 9
2574 135 4
2575 122 6
2576 134 10
2577 132 6
2578 135 9
2579 129 7
2580 125 4
2581 118 5
2582 130 5
2583 122 6
2584 106 22
2585 113 22
2586 99 24
2587 115 16
2588 112 24
2589 109 12
2590 106 28
2591 110 21
2592 106 13
2593 99 27
2594 103 15
2595 115 15
2596 113 17
2597 113 20
2598 100 14
2599 112 20
2600 112 25
2601 113 24
2602 108 20
2603 114 15
2604 99 25
2605 100 25
2606 99 28
2607 105 20
2608 108 29
2609 116 18
2610 99 21
2611 101 19
2612 101 19
2613 107 18
2614 10 217
2615 0 208
2616 10 213
2617 6 209
2618 0 206
2619 6 206
2620 0 220
2621 5 206
2622 8 212
2623 4 221
2624 9 211
2625 5 217
2626 10 216
2627 9 209
2628 9 215
2629 5 214
2630 8 208
2631 1 211
2632 10 211
2633 11 220
2634 1 209
2635 4 222
2636 0 210
2637 2 219
2638 0 206
2639 2 213
2640 3 212
2641 2 221
2642 2 216
2643 8 213
2644 60 235
2645 56 226
2646 49 232
2647 61 235
2648 50 226
2649 62 225
2650 63 235
2651 60 232
2652 50 226
2653 62 230
2654 59 231
2655 57 237
2656 57 225
2657 50 226
2658 58 236
2659 50 224
2660 49 232
2661 62 226
2662 63 237
2663 50 226
2664 50 227
2665 60 234
2666 60 232
2667 51 223
2668 53 233
2669 61 227
2670 53 237
2671 51 224
2672 59 227
2673 57 227
2674 68 2
2675 76 8
2676 80 3
2677 83 4
2678 75 6
2679 77 3
2680 83 5
2681 81 6
2682 72 8
2683 79 10
2684 67 6
2685 77 10
2686 71 5
2687 76 10
2688 71 7
2689 82 2
2690 67 4
2691 75 6
2692 79 9
2693 67 6
2694 83 2
2695 77 0
2696 73 2
2697 81 2
2698 78 2
2699 75 0
2700 77 3
2701 82 1
2702 76 3
2703 251 15
2704 242 18
2705 247 19
2706 246 15
2707 250 27
2708 244 17
2709 242 16
2710 239 23
2711 239 21
2712 242 19
2713 249 22
2714 245 22
2715 243 21
2716 245 29
2717 249 28
2718 249 19
2719 251 24
2720 252 28
2721 252 23
2722 241 14
2723 248 24
2724 242 24
2725 238 24
2726 238 18
2727 241 21
2728 248 29
2729 248 16
2730 242 12
2731 240 17
2732 240 14
2733 179 228
2734 180 224
2735 175 230
2736 173 228
2737 173 232
2738 184 227
2739 173 233
2740 171 232
2741 175 234
2742 183 224
2743 172 229
2744 174 225
2745 175 230
2746 175 224
2747 182 230
2748 184 230
2749 179 234
2750 180 231
2751 180 237
2752 175 225
2753 175 236
2754 185 232
2755 186 223
2756 188 232
2757 187 227
2758 181 232
2759 181 223
2760 172 229
2761 172 223
2762 178 233
2763 90 144
2764 98 146
2765 98 138
2766 87 143
2767 91 138
2768 93 143
2769 91 138
2770 87 144
2771 98 147
2772 90 140
2773 85 152
2774 88 149
2775 95 140
2776 94 140
2777 84 152
2778 96 142
2779 88 141
2780 92 145
2781 85 149
2782 91 145
2783 88 152
2784 85 140
2785 92 139
2786 88 143
2787 94 147
2788 94 138
2789 88 149
2790 86 147
2791 97 140
2792 94 145
2793 52 184
2794 49 180
2795 52 185
2796 53 172
2797 58 182
2798 55 171
2799 62 171
2800 66 186
2801 60 177
2802 53 178
2803 49 181
2804 49 183
2805 51 185
2806 53 173
2807 66 188
2808 59 184
2809 56 178
2810 58 185
2811 66 182
2812 52 176
2813 62 176
2814 52 186
2815 56 170
2816 54 187
2817 66 181
2818 56 186
2819 62 176
2820 61 186
2821 61 177
2822 57 172
2823 207 17
2824 210 16
2825 220 17
2826 207 12
2827 214 26
2828 206 23
2829 222 23
2830 204 27
2831 214 17
2832 217 27
2833 210 17
2834 216 27
2835 209 29
2836 207 13
2837 206 15
2838 221 12
2839 216 15
2840 212 19
2841 211 16
2842 210 21
2843 222 22
2844 220 22
2845 222 14
2846 211 12
2847 215 23
2848 206 23
2849 214 23
2850 204 17
2851 204 15
2852 207 12
