244 266 10 2932
0 9
1 9
2 8
3 4
4 13
5 3
6 9
7 8
8 9
9 8
10 8
11 8
12 5
13 4
14 3
15 4
16 3
17 3
18 3
19 3
20 3
21 3
22 4
23 3
24 3
25 4
26 3
27 4
28 3
29 4
30 4
31 3
32 3
33 4
34 3
35 4
36 3
37 3
38 3
39 4
40 6
41 3
42 4
43 3
44 5
45 3
46 3
47 4
48 3
49 5
50 4
51 4
52 3
53 3
54 3
55 4
56 3
57 3
58 3
59 3
60 4
61 3
62 4
63 3
64 3
65 3
66 4
67 3
68 4
69 4
70 5
71 3
72 5
73 3
74 3
75 4
76 3
77 3
78 3
79 3
80 4
81 4
82 3
83 3
84 3
85 3
86 3
87 3
88 4
89 3
90 3
91 6
92 3
93 4
94 4
95 3
96 3
97 3
98 3
99 3
100 4
101 4
102 3
103 4
104 3
105 3
106 3
107 3
108 3
109 7
110 4
111 3
112 3
113 3
114 4
115 4
116 5
117 3
118 3
119 4
120 3
121 3
122 3
123 3
124 3
125 3
126 4
127 3
128 4
129 3
130 5
131 3
132 6
133 5
134 3
135 3
136 3
137 3
138 3
139 5
140 4
141 6
142 3
143 3
144 4
145 3
146 3
147 3
148 3
149 3
150 3
151 4
152 4
153 3
154 3
155 3
156 3
157 5
158 3
159 3
160 3
161 4
162 3
163 3
164 3
165 3
166 3
167 4
168 3
169 3
170 3
171 5
172 3
173 5
174 3
175 4
176 3
177 5
178 3
179 4
180 3
181 4
182 3
183 3
184 3
185 3
186 3
187 5
188 3
189 4
190 4
191 3
192 6
193 3
194 5
195 3
196 3
197 3
198 3
199 4
200 3
201 3
202 4
203 3
204 3
205 6
206 3
207 4
208 3
209 4
210 4
211 5
212 3
213 3
214 4
215 4
216 3
217 3
218 3
219 4
220 3
221 3
222 4
223 3
224 4
225 3
226 4
227 3
228 3
229 6
230 3
231 3
232 3
233 3
234 3
235 3
236 4
237 3
238 4
239 3
240 4
241 3
242 3
243 3
0 0 1
1 0 2
2 0 3
3 0 4
4 0 7
5 0 11
6 0 194
7 1 4
8 1 6
9 1 7
10 1 8
11 1 11
12 1 47
13 1 101
14 1 157
15 2 3
16 2 4
17 2 8
18 2 10
19 2 11
20 2 81
21 3 4
22 3 6
23 4 5
24 4 7
25 4 8
26 4 10
27 4 11
28 4 177
29 4 211
30 5 7
31 6 8
32 6 9
33 6 10
34 6 11
35 6 119
36 7 9
37 7 10
38 7 226
39 8 9
40 8 10
41 8 29
42 8 139
43 9 11
44 9 12
45 9 62
46 10 11
47 12 27
48 12 19
49 13 26
50 13 22
51 14 25
52 15 20
53 15 19
54 16 23
55 16 28
56 17 25
57 17 27
58 18 22
59 19 23
60 21 27
61 22 28
62 24 26
63 29 37
64 29 43
65 29 35
66 30 32
67 30 33
68 31 40
69 32 38
70 33 44
71 33 42
72 34 44
73 35 44
74 36 40
75 39 41
76 39 40
77 40 44
78 42 46
79 44 45
80 47 58
81 47 60
82 47 61
83 48 57
84 48 49
85 49 56
86 49 55
87 50 59
88 50 51
89 51 56
90 52 59
91 53 58
92 54 55
93 54 60
94 62 67
95 62 72
96 63 76
97 64 77
98 65 80
99 66 71
100 66 79
101 66 75
102 68 76
103 68 75
104 69 70
105 69 75
106 69 80
107 70 77
108 70 72
109 72 78
110 73 79
111 74 75
112 81 86
113 82 83
114 82 85
115 84 85
116 84 91
117 86 95
118 86 91
119 87 91
120 87 100
121 88 94
122 88 100
123 89 92
124 89 97
125 89 98
126 90 98
127 90 94
128 91 93
129 92 96
130 93 99
131 101 114
132 102 103
133 103 105
134 103 114
135 104 109
136 105 111
137 106 113
138 107 109
139 108 115
140 109 114
141 109 117
142 109 118
143 110 113
144 110 112
145 112 116
146 115 116
147 116 117
148 119 121
149 119 138
150 120 132
151 121 126
152 121 137
153 122 128
154 123 133
155 123 126
156 124 130
157 125 130
158 127 133
159 128 130
160 129 132
161 130 136
162 131 133
163 132 136
164 132 138
165 133 134
166 134 135
167 139 150
168 139 140
169 140 155
170 140 148
171 141 143
172 141 149
173 141 153
174 141 152
175 142 152
176 142 156
177 144 148
178 144 152
179 145 151
180 146 151
181 147 155
182 149 151
183 150 154
184 157 160
185 157 163
186 158 171
187 159 170
188 159 168
189 159 161
190 160 167
191 161 173
192 162 174
193 162 167
194 163 166
195 164 175
196 165 171
197 166 173
198 168 175
199 169 172
200 169 173
201 169 171
202 171 176
203 177 184
204 177 192
205 178 187
206 179 186
207 179 190
208 179 184
209 180 193
210 181 183
211 181 187
212 182 185
213 182 192
214 187 188
215 187 192
216 189 191
217 189 190
218 192 193
219 194 206
220 194 203
221 195 204
222 195 210
223 196 202
224 196 205
225 197 201
226 198 208
227 198 205
228 199 203
229 199 209
230 200 202
231 201 207
232 205 207
233 205 210
234 209 210
235 211 223
236 211 222
237 212 224
238 212 214
239 213 222
240 214 215
241 215 218
242 216 219
243 217 219
244 217 221
245 218 222
246 220 222
247 220 225
248 221 224
249 226 237
250 226 238
251 227 242
252 228 239
253 229 231
254 229 238
255 229 240
256 229 243
257 230 238
258 232 243
259 233 236
260 234 241
261 234 243
262 235 236
263 236 242
264 236 240
265 237 239
0 8 170
1 4 167
2 9 175
3 10 176
4 11 165
5 11 171
6 10 165
7 11 159
8 8 164
9 5 166
10 3 157
11 7 163
12 3 169
13 6 176
14 8 168
15 1 159
16 4 174
17 9 161
18 3 175
19 3 157
20 6 166
21 0 167
22 6 160
23 3 166
24 1 161
25 46 195
26 37 199
27 32 195
28 32 199
29 37 205
30 31 197
31 36 202
32 44 204
33 29 210
34 29 202
35 44 199
36 30 209
37 31 198
38 41 194
39 37 201
40 37 204
41 36 207
42 46 207
43 33 210
44 46 196
45 39 198
46 42 197
47 30 208
48 40 197
49 40 194
50 31 195
51 44 199
52 33 196
53 45 202
54 43 199
55 119 174
56 133 164
57 127 173
58 128 170
59 138 175
60 130 173
61 128 157
62 129 172
63 126 168
64 135 171
65 123 170
66 124 164
67 135 160
68 125 163
69 125 162
70 136 176
71 124 159
72 129 171
73 122 168
74 136 172
75 124 168
76 132 175
77 121 162
78 127 167
79 123 174
80 126 170
81 136 160
82 125 165
83 120 157
84 131 176
85 130 8
86 128 0
87 127 11
88 124 8
89 138 4
90 137 9
91 132 10
92 135 4
93 128 7
94 126 7
95 138 10
96 123 3
97 126 7
98 131 8
99 133 6
100 136 7
101 121 9
102 121 9
103 121 2
104 132 3
105 129 10
106 135 5
107 135 5
108 131 1
109 130 11
110 123 1
111 129 11
112 128 1
113 127 4
114 123 2
115 197 192
116 198 191
117 197 178
118 199 190
119 197 186
120 205 180
121 208 178
122 195 192
123 194 191
124 205 190
125 205 181
126 197 177
127 207 191
128 195 185
129 201 177
130 201 191
131 203 181
132 210 180
133 200 184
134 199 180
135 209 177
136 206 190
137 198 191
138 209 184
139 205 181
140 197 192
141 199 189
142 195 185
143 197 192
144 197 180
145 212 145
146 219 153
147 222 140
148 217 151
149 212 141
150 218 149
151 218 155
152 219 150
153 215 149
154 222 153
155 212 154
156 221 141
157 221 141
158 225 151
159 216 146
160 225 142
161 224 156
162 222 141
163 222 156
164 224 140
165 219 144
166 216 139
167 218 151
168 216 144
169 211 152
170 216 148
171 216 141
172 221 146
173 222 145
174 223 151
175 57 29
176 50 33
177 52 33
178 47 37
179 56 36
180 54 32
181 56 32
182 57 38
183 60 39
184 59 44
185 50 34
186 48 43
187 59 35
188 58 29
189 47 30
190 48 38
191 56 46
192 60 42
193 52 42
194 57 44
195 51 35
196 49 44
197 59 44
198 52 39
199 48 31
200 49 30
201 61 40
202 55 31
203 55 46
204 53 31
205 169 109
206 171 105
207 168 115
208 173 115
209 158 106
210 174 108
211 162 101
212 170 108
213 161 109
214 168 108
215 175 108
216 175 114
217 162 105
218 175 107
219 174 116
220 165 105
221 168 101
222 163 107
223 176 115
224 165 113
225 164 111
226 175 113
227 162 106
228 175 112
229 168 118
230 160 112
231 170 111
232 166 109
233 172 109
234 168 115
235 231 149
236 240 154
237 238 152
238 243 146
239 243 140
240 228 155
241 238 142
242 229 142
243 233 145
244 228 148
245 236 149
246 238 154
247 234 148
248 240 153
249 233 143
250 235 148
251 232 152
252 236 144
253 236 146
254 243 151
255 241 151
256 243 144
257 231 150
258 235 140
259 233 147
260 226 146
261 230 156
262 242 143
263 235 140
264 237 149
265 177 44
266 179 32
267 189 39
268 185 34
269 191 32
270 182 40
271 191 44
272 177 39
273 193 44
274 185 41
275 182 39
276 185 29
277 190 43
278 187 42
279 189 41
280 183 44
281 183 33
282 180 38
283 193 33
284 179 46
285 186 30
286 184 33
287 185 40
288 177 39
289 192 35
290 178 33
291 181 31
292 188 44
293 184 38
294 184 45
295 78 48
296 76 59
297 77 60
298 73 54
299 67 60
300 70 54
301 77 55
302 78 49
303 78 49
304 66 59
305 65 54
306 78 58
307 67 61
308 73 51
309 65 58
310 69 47
311 75 59
312 80 60
313 72 51
314 72 50
315 78 51
316 79 59
317 74 50
318 70 59
319 78 50
320 68 58
321 74 60
322 72 51
323 67 59
324 76 56
325 42 15
326 29 24
327 46 25
328 33 17
329 44 23
330 37 21
331 43 24
332 36 26
333 33 23
334 40 24
335 35 27
336 31 28
337 30 28
338 40 26
339 33 18
340 32 21
341 42 12
342 33 16
343 33 27
344 37 23
345 43 18
346 31 18
347 39 23
348 32 21
349 29 19
350 40 19
351 32 26
352 37 24
353 37 26
354 30 24
355 43 96
356 33 95
357 32 91
358 41 88
359 29 97
360 38 84
361 46 82
362 43 96
363 31 93
364 29 90
365 46 87
366 35 91
367 41 92
368 41 99
369 34 100
370 45 94
371 29 85
372 46 84
373 38 84
374 32 90
375 45 98
376 36 96
377 32 88
378 41 89
379 42 93
380 42 93
381 31 83
382 44 99
383 40 96
384 44 95
385 116 141
386 117 149
387 110 154
388 112 140
389 110 140
390 102 149
391 112 149
392 104 150
393 108 152
394 114 148
395 110 148
396 113 143
397 102 147
398 102 142
399 118 155
400 114 152
401 107 151
402 109 148
403 104 153
404 113 145
405 117 150
406 113 145
407 107 153
408 103 151
409 107 147
410 111 141
411 103 148
412 109 145
413 109 147
414 108 152
415 9 76
416 0 70
417 5 77
418 7 67
419 0 75
420 6 77
421 2 77
422 7 65
423 5 68
424 1 71
425 6 75
426 3 74
427 1 79
428 0 77
429 0 69
430 8 79
431 9 80
432 4 65
433 7 74
434 2 71
435 1 70
436 7 77
437 6 80
438 5 80
439 6 68
440 9 80
441 1 65
442 3 71
443 3 74
444 11 69
445 51 95
446 47 86
447 60 100
448 58 97
449 54 86
450 61 84
451 57 83
452 60 94
453 60 90
454 49 97
455 54 98
456 51 92
457 60 88
458 60 89
459 57 84
460 56 81
461 57 97
462 55 87
463 52 92
464 60 84
465 59 95
466 53 92
467 52 94
468 48 89
469 53 88
470 58 98
471 59 83
472 50 87
473 60 95
474 48 89
475 64 225
476 64 225
477 76 217
478 68 221
479 73 211
480 79 212
481 67 218
482 76 215
483 67 211
484 62 225
485 75 222
486 80 218
487 73 224
488 67 223
489 67 213
490 70 220
491 75 212
492 77 217
493 78 219
494 78 221
495 67 218
496 73 219
497 65 219
498 75 214
499 75 225
500 67 224
501 76 212
502 74 219
503 66 225
504 74 212
505 187 45
506 189 46
507 193 39
508 189 40
509 191 42
510 188 35
511 191 29
512 184 42
513 180 44
514 192 34
515 187 46
516 181 33
517 189 46
518 182 36
519 185 35
520 177 46
521 179 46
522 179 41
523 192 32
524 188 38
525 193 38
526 183 41
527 178 31
528 188 46
529 189 46
530 183 38
531 179 33
532 189 36
533 178 33
534 184 34
535 97 140
536 92 153
537 93 154
538 87 151
539 92 147
540 87 149
541 81 153
542 81 153
543 89 153
544 87 140
545 98 142
546 84 144
547 89 148
548 91 147
549 94 148
550 88 149
551 83 148
552 93 156
553 85 149
554 94 153
555 93 147
556 95 143
557 82 139
558 90 142
559 96 150
560 86 143
561 87 140
562 95 154
563 87 140
564 100 140
565 213 19
566 214 16
567 223 26
568 224 25
569 223 19
570 216 12
571 221 15
572 212 23
573 218 23
574 212 16
575 213 22
576 218 24
577 215 12
578 218 14
579 224 17
580 213 22
581 216 19
582 222 20
583 219 28
584 224 22
585 212 24
586 223 17
587 213 23
588 216 13
589 223 27
590 220 22
591 212 14
592 218 23
593 224 28
594 218 24
595 161 48
596 176 57
597 167 58
598 176 59
599 167 60
600 164 50
601 168 59
602 171 50
603 170 48
604 164 56
605 158 59
606 160 52
607 170 54
608 158 51
609 171 52
610 160 55
611 167 55
612 173 61
613 168 48
614 165 59
615 169 47
616 160 59
617 173 56
618 172 51
619 173 57
620 164 60
621 160 54
622 171 50
623 167 49
624 172 54
625 164 54
626 158 58
627 158 61
628 157 51
629 161 52
630 162 58
631 160 54
632 165 55
633 168 59
634 160 47
635 162 50
636 167 51
637 176 59
638 170 48
639 163 55
640 166 53
641 161 51
642 159 61
643 170 48
644 159 53
645 169 52
646 164 57
647 157 56
648 163 56
649 171 50
650 158 53
651 166 48
652 173 58
653 173 51
654 173 54
655 3 208
656 3 209
657 3 195
658 7 195
659 0 204
660 2 197
661 0 198
662 7 203
663 10 195
664 4 210
665 0 195
666 8 194
667 3 206
668 10 207
669 9 203
670 0 205
671 8 202
672 10 200
673 5 204
674 9 201
675 6 210
676 4 201
677 10 203
678 1 206
679 3 201
680 1 198
681 9 200
682 10 201
683 7 207
684 112 14
685 111 23
686 110 24
687 104 28
688 101 20
689 115 21
690 101 24
691 118 13
692 106 19
693 106 25
694 106 16
695 118 19
696 109 17
697 103 15
698 116 25
699 117 21
700 117 21
701 103 14
702 106 18
703 102 24
704 109 15
705 109 27
706 107 16
707 102 16
708 111 24
709 101 25
710 110 21
711 116 14
712 109 21
713 117 17
714 165 27
715 157 26
716 172 18
717 166 13
718 176 15
719 162 28
720 165 14
721 173 17
722 172 20
723 176 23
724 176 19
725 163 18
726 173 26
727 159 26
728 172 28
729 168 23
730 166 22
731 162 21
732 167 14
733 167 25
734 162 19
735 157 17
736 170 27
737 175 12
738 160 20
739 176 25
740 161 17
741 173 25
742 176 23
743 176 22
744 174 192
745 157 184
746 171 188
747 169 179
748 159 180
749 169 189
750 170 183
751 161 183
752 171 190
753 169 190
754 168 191
755 168 191
756 162 183
757 166 185
758 171 182
759 164 190
760 167 178
761 160 188
762 163 190
763 166 187
764 168 193
765 172 188
766 160 177
767 171 187
768 173 188
769 161 185
770 157 182
771 170 180
772 172 178
773 175 186
774 114 51
775 110 59
776 118 50
777 111 60
778 106 55
779 117 54
780 112 59
781 104 55
782 103 53
783 104 56
784 112 55
785 117 51
786 102 55
787 116 60
788 106 60
789 117 58
790 117 47
791 118 55
792 116 50
793 117 52
794 117 59
795 115 51
796 113 47
797 118 52
798 117 60
799 106 47
800 117 61
801 118 52
802 114 48
803 107 56
804 21 217
805 23 214
806 28 212
807 22 219
808 22 222
809 15 213
810 24 217
811 27 214
812 22 214
813 27 213
814 23 222
815 18 216
816 14 217
817 15 214
818 19 217
819 18 222
820 20 214
821 14 212
822 19 220
823 17 213
824 17 223
825 20 218
826 22 214
827 17 222
828 24 220
829 18 224
830 19 213
831 24 223
832 27 224
833 27 216
834 235 103
835 230 114
836 237 107
837 238 115
838 230 117
839 226 115
840 226 109
841 241 115
842 229 102
843 226 116
844 231 117
845 228 101
846 232 111
847 241 108
848 240 102
849 236 110
850 228 110
851 241 103
852 240 104
853 234 103
854 238 109
855 242 103
856 231 103
857 241 116
858 226 114
859 226 105
860 242 114
861 228 110
862 232 115
863 232 101
864 149 240
865 149 239
866 155 228
867 155 241
868 147 236
869 140 242
870 141 234
871 150 240
872 145 241
873 145 238
874 139 226
875 143 243
876 150 231
877 153 229
878 146 233
879 142 229
880 150 230
881 156 238
882 151 240
883 155 229
884 147 239
885 139 226
886 149 237
887 156 235
888 151 229
889 151 242
890 149 243
891 156 230
892 141 241
893 149 236
894 175 165
895 164 160
896 160 170
897 160 161
898 171 160
899 161 176
900 173 165
901 162 158
902 164 163
903 168 171
904 158 167
905 168 162
906 169 160
907 164 161
908 175 160
909 164 162
910 160 159
911 164 159
912 167 161
913 168 70
914 176 71
915 161 78
916 175 62
917 164 79
918 164 72
919 170 77
920 164 63
921 157 80
922 169 80
923 165 76
924 159 73
925 173 63
926 169 76
927 161 63
928 158 62
929 166 70
930 172 78
931 170 75
932 162 77
933 160 70
934 167 62
935 172 78
936 174 77
937 165 62
938 161 78
939 167 74
940 165 79
941 176 72
942 173 72
943 112 58
944 116 53
945 114 48
946 106 53
947 109 57
948 117 55
949 113 56
950 115 60
951 102 49
952 115 47
953 104 51
954 102 58
955 104 51
956 105 58
957 103 56
958 105 56
959 118 49
960 116 54
961 110 49
962 106 55
963 111 57
964 112 55
965 115 49
966 112 55
967 114 55
968 101 48
969 112 61
970 118 61
971 105 58
972 117 54
973 218 80
974 225 63
975 220 78
976 223 69
977 215 62
978 222 64
979 225 79
980 224 70
981 219 72
982 223 62
983 216 78
984 213 64
985 215 62
986 220 71
987 215 64
988 218 69
989 212 76
990 215 73
991 217 62
992 218 69
993 221 66
994 214 73
995 225 73
996 223 77
997 217 72
998 211 66
999 221 66
1000 213 63
1001 214 72
1002 216 66
1003 150 197
1004 140 197
1005 149 202
1006 140 197
1007 152 208
1008 149 207
1009 143 205
1010 140 200
1011 148 194
1012 152 202
1013 151 202
1014 150 208
1015 139 206
1016 153 210
1017 154 199
1018 142 206
1019 140 206
1020 142 204
1021 152 200
1022 149 200
1023 151 200
1024 156 202
1025 151 200
1026 151 196
1027 145 200
1028 150 206
1029 156 198
1030 156 207
1031 154 207
1032 152 208
1033 18 113
1034 15 103
1035 20 118
1036 12 106
1037 26 112
1038 17 114
1039 12 106
1040 25 114
1041 28 113
1042 28 102
1043 19 103
1044 24 115
1045 14 104
1046 13 105
1047 25 108
1048 26 118
1049 23 108
1050 12 117
1051 16 101
1052 21 115
1053 17 110
1054 13 112
1055 18 115
1056 16 111
1057 26 104
1058 14 102
1059 27 114
1060 27 107
1061 17 111
1062 15 108
1063 102 215
1064 116 213
1065 114 213
1066 101 225
1067 102 219
1068 109 224
1069 103 216
1070 101 215
1071 111 212
1072 118 221
1073 112 218
1074 109 222
1075 118 219
1076 101 212
1077 109 215
1078 102 222
1079 112 214
1080 110 223
1081 112 213
1082 104 220
1083 101 213
1084 113 215
1085 103 213
1086 116 223
1087 106 220
1088 114 212
1089 115 213
1090 114 212
1091 111 213
1092 106 224
1093 138 105
1094 135 110
1095 124 115
1096 124 117
1097 134 101
1098 120 110
1099 131 106
1100 123 103
1101 125 114
1102 122 101
1103 137 116
1104 129 101
1105 129 113
1106 120 111
1107 138 111
1108 133 108
1109 129 113
1110 132 118
1111 129 113
1112 131 105
1113 131 116
1114 121 110
1115 137 104
1116 128 116
1117 123 113
1118 125 104
1119 122 106
1120 119 109
1121 133 102
1122 131 105
1123 174 106
1124 170 105
1125 160 103
1126 175 105
1127 174 117
1128 168 117
1129 167 103
1130 165 101
1131 172 114
1132 173 105
1133 159 104
1134 171 105
1135 171 118
1136 165 107
1137 166 110
1138 159 101
1139 169 108
1140 174 109
1141 166 114
1142 160 114
1143 165 118
1144 161 101
1145 174 118
1146 164 107
1147 169 116
1148 174 102
1149 160 109
1150 169 106
1151 159 110
1152 164 103
1153 233 166
1154 228 176
1155 236 174
1156 237 171
1157 241 158
1158 229 169
1159 232 168
1160 237 170
1161 229 164
1162 235 173
1163 233 173
1164 242 157
1165 229 173
1166 233 157
1167 234 161
1168 242 175
1169 236 168
1170 243 159
1171 236 169
1172 243 175
1173 234 170
1174 236 159
1175 232 167
1176 227 172
1177 237 158
1178 233 164
1179 240 164
1180 239 159
1181 238 166
1182 229 157
1183 83 173
1184 99 173
1185 82 171
1186 88 158
1187 95 176
1188 89 173
1189 87 170
1190 98 159
1191 98 176
1192 99 164
1193 97 174
1194 92 164
1195 92 172
1196 100 176
1197 98 175
1198 100 169
1199 91 160
1200 93 164
1201 97 172
1202 87 168
1203 94 161
1204 100 163
1205 87 159
1206 95 170
1207 86 175
1208 84 166
1209 93 164
1210 83 166
1211 84 174
1212 88 161
1213 96 226
1214 81 233
1215 91 235
1216 83 242
1217 84 242
1218 83 228
1219 93 242
1220 99 230
1221 98 243
1222 89 240
1223 87 242
1224 100 238
1225 85 237
1226 96 242
1227 83 230
1228 88 228
1229 99 234
1230 88 229
1231 81 238
1232 89 240
1233 82 241
1234 92 231
1235 96 242
1236 98 231
1237 81 233
1238 95 243
1239 98 230
1240 81 241
1241 93 240
1242 87 240
1243 18 17
1244 26 14
1245 20 16
1246 14 21
1247 25 22
1248 20 28
1249 17 26
1250 19 22
1251 27 15
1252 22 21
1253 17 20
1254 21 14
1255 24 22
1256 23 27
1257 28 25
1258 27 24
1259 16 24
1260 25 21
1261 13 15
1262 21 20
1263 17 24
1264 15 18
1265 240 5
1266 228 6
1267 236 3
1268 239 2
1269 239 9
1270 239 0
1271 243 0
1272 236 3
1273 227 1
1274 227 4
1275 232 7
1276 236 7
1277 228 11
1278 238 2
1279 240 5
1280 234 8
1281 242 7
1282 231 3
1283 236 6
1284 242 3
1285 233 9
1286 227 4
1287 235 3
1288 229 8
1289 239 5
1290 226 3
1291 228 1
1292 243 5
1293 230 11
1294 227 0
1295 229 87
1296 236 91
1297 227 91
1298 230 82
1299 229 87
1300 227 99
1301 233 90
1302 236 81
1303 243 82
1304 243 89
1305 242 81
1306 237 95
1307 230 82
1308 229 91
1309 230 97
1310 228 92
1311 227 96
1312 226 87
1313 226 88
1314 240 96
1315 239 82
1316 238 86
1317 232 96
1318 230 87
1319 236 88
1320 229 95
1321 230 94
1322 234 97
1323 227 89
1324 232 91
1325 14 221
1326 14 212
1327 28 215
1328 21 213
1329 18 211
1330 22 218
1331 26 216
1332 26 211
1333 21 214
1334 27 224
1335 19 218
1336 22 225
1337 18 224
1338 14 222
1339 13 217
1340 20 214
1341 17 214
1342 18 211
1343 15 221
1344 14 218
1345 20 224
1346 18 220
1347 13 220
1348 16 219
1349 25 216
1350 17 223
1351 20 220
1352 14 213
1353 13 221
1354 14 212
1355 122 64
1356 131 62
1357 131 77
1358 124 71
1359 126 75
1360 129 73
1361 126 66
1362 121 65
1363 123 78
1364 127 67
1365 138 79
1366 120 71
1367 123 65
1368 128 63
1369 127 73
1370 123 66
1371 131 70
1372 133 72
1373 138 72
1374 122 70
1375 124 78
1376 130 62
1377 134 78
1378 131 65
1379 132 79
1380 131 79
1381 135 79
1382 122 68
1383 133 66
1384 128 73
1385 25 155
1386 23 150
1387 26 141
1388 17 149
1389 24 152
1390 22 149
1391 15 146
1392 12 142
1393 25 154
1394 27 152
1395 21 149
1396 28 156
1397 13 146
1398 15 140
1399 15 142
1400 27 143
1401 19 149
1402 20 142
1403 25 146
1404 19 149
1405 26 139
1406 20 142
1407 24 148
1408 28 155
1409 20 149
1410 14 149
1411 17 151
1412 14 148
1413 19 149
1414 15 153
1415 152 80
1416 147 77
1417 147 75
1418 152 62
1419 149 70
1420 145 63
1421 155 72
1422 146 79
1423 141 73
1424 139 65
1425 139 63
1426 144 71
1427 153 71
1428 139 73
1429 143 68
1430 151 70
1431 151 74
1432 153 66
1433 142 76
1434 153 65
1435 146 77
1436 155 76
1437 147 75
1438 144 76
1439 150 74
1440 154 76
1441 150 67
1442 155 68
1443 145 63
1444 146 76
1445 104 213
1446 113 219
1447 106 214
1448 108 222
1449 112 220
1450 116 219
1451 108 213
1452 106 222
1453 108 221
1454 117 214
1455 118 219
1456 110 218
1457 103 214
1458 112 218
1459 116 217
1460 107 215
1461 107 219
1462 114 211
1463 111 224
1464 111 218
1465 117 221
1466 118 221
1467 104 217
1468 106 225
1469 110 220
1470 115 223
1471 114 213
1472 110 213
1473 102 218
1474 102 221
1475 232 109
1476 231 103
1477 228 113
1478 238 109
1479 236 115
1480 227 111
1481 238 104
1482 243 109
1483 237 115
1484 239 108
1485 240 118
1486 236 101
1487 239 117
1488 237 104
1489 229 113
1490 241 106
1491 227 114
1492 241 117
1493 239 104
1494 230 110
1495 239 109
1496 237 114
1497 231 117
1498 242 117
1499 234 112
1500 233 113
1501 230 102
1502 235 116
1503 235 102
1504 240 102
1505 193 85
1506 187 98
1507 188 90
1508 180 98
1509 178 87
1510 189 86
1511 181 81
1512 182 91
1513 191 95
1514 179 86
1515 177 91
1516 183 85
1517 182 84
1518 177 92
1519 192 97
1520 182 91
1521 187 95
1522 190 94
1523 188 99
1524 179 89
1525 191 87
1526 184 92
1527 192 90
1528 191 82
1529 183 97
1530 181 100
1531 184 92
1532 177 86
1533 179 95
1534 185 89
1535 217 196
1536 224 195
1537 217 202
1538 221 195
1539 212 206
1540 219 205
1541 218 205
1542 214 202
1543 213 201
1544 220 202
1545 220 206
1546 222 198
1547 224 196
1548 224 204
1549 223 194
1550 217 200
1551 223 198
1552 216 204
1553 217 200
1554 223 210
1555 213 206
1556 224 206
1557 212 204
1558 224 199
1559 213 204
1560 219 201
1561 213 204
1562 217 205
1563 223 197
1564 211 204
1565 217 170
1566 224 168
1567 219 159
1568 218 166
1569 223 159
1570 217 161
1571 221 162
1572 212 168
1573 224 158
1574 214 168
1575 218 161
1576 224 159
1577 219 170
1578 215 157
1579 214 168
1580 220 175
1581 221 168
1582 215 157
1583 220 158
1584 224 161
1585 211 165
1586 213 170
1587 212 170
1588 224 172
1589 224 159
1590 224 160
1591 213 159
1592 220 173
1593 220 171
1594 220 169
1595 230 74
1596 230 69
1597 239 71
1598 236 75
1599 236 76
1600 233 64
1601 232 62
1602 234 78
1603 241 74
1604 243 75
1605 239 63
1606 239 65
1607 231 66
1608 241 73
1609 242 80
1610 235 80
1611 232 66
1612 241 74
1613 232 64
1614 237 75
1615 243 69
1616 240 63
1617 227 63
1618 231 73
1619 232 64
1620 236 66
1621 226 66
1622 226 69
1623 236 69
1624 232 71
1625 61 21
1626 55 23
1627 58 25
1628 50 14
1629 53 20
1630 52 20
1631 51 21
1632 53 17
1633 53 24
1634 51 22
1635 55 27
1636 48 25
1637 60 24
1638 60 18
1639 55 15
1640 56 28
1641 59 23
1642 50 13
1643 56 18
1644 48 17
1645 60 25
1646 54 15
1647 51 28
1648 53 28
1649 61 27
1650 57 22
1651 60 20
1652 59 24
1653 48 21
1654 59 24
1655 50 192
1656 55 193
1657 51 191
1658 48 185
1659 60 180
1660 51 187
1661 49 181
1662 47 177
1663 47 181
1664 60 191
1665 49 184
1666 60 191
1667 54 185
1668 55 178
1669 47 189
1670 53 191
1671 57 177
1672 51 185
1673 60 188
1674 58 187
1675 48 177
1676 52 187
1677 51 181
1678 61 185
1679 51 180
1680 50 179
1681 48 180
1682 60 192
1683 57 193
1684 59 182
1685 241 27
1686 240 20
1687 235 27
1688 234 25
1689 243 18
1690 229 16
1691 235 23
1692 238 28
1693 234 16
1694 241 26
1695 236 22
1696 243 13
1697 226 22
1698 239 13
1699 231 21
1700 235 12
1701 234 27
1702 232 20
1703 232 25
1704 242 21
1705 240 14
1706 238 12
1707 227 14
1708 243 21
1709 232 16
1710 238 28
1711 231 28
1712 228 26
1713 239 21
1714 237 13
1715 177 78
1716 180 65
1717 189 67
1718 192 67
1719 185 71
1720 178 73
1721 186 74
1722 184 70
1723 181 80
1724 188 79
1725 184 72
1726 177 75
1727 179 65
1728 186 76
1729 179 74
1730 192 73
1731 191 66
1732 193 62
1733 185 80
1734 181 70
1735 187 73
1736 185 70
1737 191 64
1738 178 68
1739 189 80
1740 186 63
1741 177 72
1742 178 71
1743 184 68
1744 187 70
1745 141 186
1746 152 193
1747 156 178
1748 149 186
1749 139 186
1750 147 181
1751 156 187
1752 151 193
1753 144 193
1754 150 188
1755 154 192
1756 154 190
1757 139 183
1758 139 182
1759 149 179
1760 154 188
1761 154 191
1762 152 188
1763 153 179
1764 149 191
1765 141 192
1766 148 177
1767 149 191
1768 152 189
1769 151 192
1770 156 182
1771 152 186
1772 154 184
1773 142 187
1774 142 181
1775 221 36
1776 224 38
1777 219 35
1778 222 36
1779 224 30
1780 212 36
1781 225 32
1782 220 39
1783 217 30
1784 221 29
1785 213 43
1786 217 33
1787 225 42
1788 225 36
1789 218 35
1790 213 38
1791 216 31
1792 211 34
1793 216 38
1794 211 39
1795 218 45
1796 219 32
1797 221 36
1798 211 41
1799 213 30
1800 211 29
1801 220 35
1802 221 29
1803 211 39
1804 219 40
1805 152 120
1806 156 122
1807 144 127
1808 139 136
1809 150 120
1810 156 123
1811 145 138
1812 145 135
1813 142 120
1814 139 138
1815 144 132
1816 149 131
1817 141 120
1818 146 124
1819 145 120
1820 153 137
1821 153 128
1822 144 123
1823 143 136
1824 153 120
1825 151 123
1826 141 124
1827 139 133
1828 153 126
1829 148 127
1830 151 135
1831 153 131
1832 154 135
1833 156 123
1834 151 129
1835 16 186
1836 12 178
1837 24 184
1838 16 186
1839 17 180
1840 22 181
1841 23 190
1842 24 181
1843 28 190
1844 13 178
1845 26 193
1846 26 180
1847 22 190
1848 16 183
1849 12 180
1850 13 178
1851 15 188
1852 21 184
1853 27 178
1854 14 181
1855 15 185
1856 20 189
1857 25 177
1858 27 189
1859 14 186
1860 24 177
1861 17 178
1862 14 190
1863 17 180
1864 16 178
1865 125 69
1866 122 77
1867 132 71
1868 132 64
1869 134 76
1870 134 63
1871 136 75
1872 124 77
1873 123 76
1874 136 76
1875 130 80
1876 122 69
1877 134 68
1878 135 74
1879 131 77
1880 138 71
1881 126 66
1882 131 67
1883 129 72
1884 127 71
1885 137 62
1886 120 71
1887 134 71
1888 127 69
1889 127 65
1890 132 64
1891 119 70
1892 120 62
1893 119 75
1894 119 78
1895 208 207
1896 210 203
1897 200 197
1898 194 200
1899 204 200
1900 200 198
1901 209 204
1902 200 208
1903 198 203
1904 197 200
1905 200 205
1906 208 199
1907 205 206
1908 202 204
1909 200 209
1910 199 200
1911 200 203
1912 197 194
1913 208 206
1914 209 197
1915 207 206
1916 194 200
1917 209 207
1918 206 196
1919 33 90
1920 43 89
1921 37 89
1922 41 87
1923 42 94
1924 39 100
1925 42 81
1926 37 92
1927 34 81
1928 39 83
1929 46 85
1930 30 94
1931 30 83
1932 36 91
1933 44 86
1934 31 91
1935 30 81
1936 36 97
1937 38 85
1938 41 83
1939 35 92
1940 43 84
1941 46 88
1942 46 86
1943 32 84
1944 45 90
1945 37 81
1946 39 88
1947 29 88
1948 42 95
1949 110 231
1950 110 228
1951 116 238
1952 110 242
1953 111 233
1954 109 229
1955 107 232
1956 113 229
1957 117 226
1958 115 238
1959 102 236
1960 110 230
1961 101 228
1962 108 242
1963 111 226
1964 111 241
1965 104 232
1966 114 231
1967 107 232
1968 110 229
1969 106 232
1970 114 229
1971 105 242
1972 106 238
1973 110 231
1974 103 241
1975 106 242
1976 112 232
1977 115 226
1978 102 228
1979 183 40
1980 183 37
1981 185 32
1982 186 40
1983 178 34
1984 178 37
1985 183 35
1986 191 29
1987 178 38
1988 186 32
1989 186 44
1990 178 35
1991 193 41
1992 193 40
1993 187 44
1994 185 36
1995 178 45
1996 178 46
1997 187 30
1998 189 44
1999 178 43
2000 179 32
2001 192 29
2002 192 39
2003 189 40
2004 178 31
2005 177 31
2006 180 46
2007 187 43
2008 186 32
2009 211 243
2010 213 238
2011 223 228
2012 220 231
2013 214 228
2014 216 241
2015 223 241
2016 223 234
2017 214 232
2018 213 228
2019 218 239
2020 214 234
2021 222 234
2022 211 242
2023 211 228
2024 211 232
2025 213 238
2026 216 230
2027 216 236
2028 223 243
2029 223 243
2030 215 236
2031 222 228
2032 213 236
2033 213 243
2034 215 226
2035 224 230
2036 219 239
2037 221 236
2038 215 226
2039 95 223
2040 95 211
2041 81 215
2042 99 220
2043 100 216
2044 81 212
2045 93 216
2046 85 218
2047 93 211
2048 85 223
2049 89 215
2050 90 216
2051 92 215
2052 81 220
2053 97 224
2054 96 216
2055 89 222
2056 86 211
2057 91 220
2058 95 218
2059 84 217
2060 84 212
2061 82 212
2062 96 212
2063 84 223
2064 95 218
2065 89 220
2066 81 225
2067 81 223
2068 90 220
2069 225 39
2070 215 36
2071 217 38
2072 221 29
2073 212 44
2074 216 37
2075 218 36
2076 213 35
2077 212 33
2078 218 37
2079 223 36
2080 215 37
2081 224 37
2082 211 30
2083 221 38
2084 215 45
2085 224 33
2086 212 34
2087 217 33
2088 213 30
2089 224 35
2090 223 33
2091 225 36
2092 216 32
2093 213 36
2094 218 31
2095 212 35
2096 222 29
2097 213 41
2098 218 38
2099 142 126
2100 150 124
2101 152 128
2102 140 134
2103 154 130
2104 150 126
2105 154 126
2106 144 135
2107 144 125
2108 148 126
2109 147 136
2110 147 133
2111 152 129
2112 148 130
2113 141 121
2114 147 131
2115 145 122
2116 152 127
2117 141 129
2118 150 133
2119 147 128
2120 148 119
2121 144 137
2122 155 137
2123 147 135
2124 145 134
2125 150 129
2126 152 138
2127 144 133
2128 153 130
2129 125 213
2130 127 222
2131 132 217
2132 134 216
2133 129 225
2134 121 215
2135 127 219
2136 127 225
2137 122 213
2138 133 215
2139 125 214
2140 132 217
2141 124 225
2142 119 221
2143 131 212
2144 126 212
2145 134 215
2146 131 221
2147 138 216
2148 132 217
2149 121 220
2150 135 213
2151 124 213
2152 129 222
2153 126 211
2154 128 217
2155 120 214
2156 130 214
2157 123 213
2158 135 222
2159 2 54
2160 3 60
2161 1 55
2162 10 49
2163 7 50
2164 1 57
2165 11 50
2166 10 58
2167 10 47
2168 7 59
2169 0 54
2170 0 55
2171 0 61
2172 7 49
2173 9 47
2174 9 60
2175 5 52
2176 0 54
2177 0 51
2178 6 48
2179 10 48
2180 10 55
2181 7 61
2182 2 56
2183 4 61
2184 9 54
2185 3 48
2186 9 175
2187 2 158
2188 0 162
2189 6 166
2190 4 167
2191 3 163
2192 3 174
2193 0 159
2194 7 165
2195 9 174
2196 5 157
2197 9 168
2198 9 159
2199 1 175
2200 9 171
2201 6 158
2202 10 160
2203 9 159
2204 10 159
2205 2 168
2206 10 164
2207 3 175
2208 6 165
2209 0 168
2210 4 175
2211 11 173
2212 9 158
2213 8 176
2214 10 158
2215 2 164
2216 53 220
2217 51 223
2218 48 216
2219 47 216
2220 53 221
2221 57 212
2222 55 216
2223 50 217
2224 50 222
2225 52 213
2226 52 217
2227 54 217
2228 49 214
2229 47 222
2230 58 216
2231 60 216
2232 51 222
2233 59 216
2234 51 222
2235 47 217
2236 55 213
2237 52 217
2238 53 218
2239 54 218
2240 53 224
2241 49 214
2242 58 225
2243 48 212
2244 51 217
2245 54 224
2246 51 225
2247 58 211
2248 53 220
2249 51 212
2250 50 225
2251 56 217
2252 57 222
2253 48 224
2254 56 217
2255 59 225
2256 52 223
2257 50 220
2258 54 211
2259 57 223
2260 60 220
2261 58 222
2262 47 222
2263 50 214
2264 54 225
2265 58 223
2266 56 221
2267 55 214
2268 56 217
2269 53 211
2270 51 222
2271 47 219
2272 56 218
2273 54 220
2274 49 215
2275 55 216
2276 220 160
2277 211 169
2278 217 163
2279 222 157
2280 220 172
2281 212 172
2282 211 166
2283 214 176
2284 219 166
2285 225 158
2286 216 162
2287 222 160
2288 221 164
2289 220 165
2290 215 163
2291 211 168
2292 223 158
2293 219 174
2294 215 176
2295 213 167
2296 225 173
2297 211 175
2298 218 163
2299 223 159
2300 212 174
2301 212 168
2302 211 169
2303 225 159
2304 212 172
2305 217 173
2306 110 215
2307 101 221
2308 104 215
2309 103 223
2310 104 223
2311 117 219
2312 111 211
2313 107 219
2314 114 219
2315 109 223
2316 118 216
2317 109 219
2318 101 220
2319 111 213
2320 116 222
2321 110 220
2322 103 221
2323 102 212
2324 117 215
2325 109 211
2326 101 213
2327 115 223
2328 118 215
2329 116 223
2330 102 222
2331 104 225
2332 117 213
2333 103 219
2334 104 223
2335 104 219
2336 51 7
2337 52 7
2338 55 0
2339 50 5
2340 51 0
2341 61 5
2342 57 8
2343 47 9
2344 54 4
2345 58 5
2346 59 3
2347 55 11
2348 54 8
2349 59 6
2350 51 10
2351 50 10
2352 50 2
2353 55 9
2354 49 10
2355 61 10
2356 61 11
2357 55 3
2358 47 5
2359 51 8
2360 57 5
2361 50 10
2362 142 16
2363 139 16
2364 147 15
2365 156 20
2366 154 16
2367 155 18
2368 151 25
2369 153 23
2370 152 13
2371 151 20
2372 151 27
2373 145 18
2374 139 26
2375 144 18
2376 140 22
2377 153 14
2378 156 23
2379 145 23
2380 147 19
2381 150 23
2382 148 14
2383 142 24
2384 144 17
2385 153 15
2386 152 24
2387 143 16
2388 140 23
2389 148 27
2390 146 13
2391 150 26
2392 133 17
2393 134 13
2394 121 20
2395 121 22
2396 121 14
2397 120 22
2398 137 17
2399 130 24
2400 124 28
2401 136 27
2402 119 19
2403 138 12
2404 121 16
2405 123 25
2406 123 24
2407 120 17
2408 136 28
2409 134 16
2410 130 16
2411 137 19
2412 124 26
2413 132 16
2414 119 17
2415 133 25
2416 138 13
2417 127 25
2418 128 23
2419 132 12
2420 124 16
2421 131 23
2422 29 184
2423 35 179
2424 44 180
2425 36 178
2426 38 187
2427 34 180
2428 46 184
2429 46 187
2430 36 192
2431 42 185
2432 35 189
2433 42 182
2434 34 177
2435 29 189
2436 43 192
2437 45 179
2438 43 191
2439 30 193
2440 30 183
2441 30 188
2442 41 180
2443 34 182
2444 37 180
2445 38 184
2446 29 185
2447 31 187
2448 46 177
2449 30 186
2450 34 187
2451 41 186
2452 155 38
2453 149 29
2454 140 41
2455 151 40
2456 143 32
2457 156 42
2458 139 41
2459 149 40
2460 148 35
2461 151 30
2462 139 31
2463 146 32
2464 150 37
2465 140 39
2466 141 37
2467 155 39
2468 155 35
2469 145 30
2470 142 37
2471 140 37
2472 143 46
2473 149 39
2474 146 36
2475 156 42
2476 142 32
2477 156 44
2478 147 31
2479 139 33
2480 141 35
2481 141 41
2482 108 21
2483 107 25
2484 116 21
2485 103 27
2486 104 22
2487 113 15
2488 115 28
2489 102 19
2490 110 14
2491 105 22
2492 114 23
2493 117 18
2494 106 28
2495 113 22
2496 114 23
2497 110 17
2498 112 18
2499 103 21
2500 108 28
2501 117 12
2502 113 22
2503 109 17
2504 118 14
2505 106 17
2506 116 22
2507 115 16
2508 113 21
2509 115 22
2510 106 18
2511 105 16
2512 69 200
2513 75 202
2514 68 194
2515 69 202
2516 73 197
2517 73 197
2518 80 209
2519 79 208
2520 62 210
2521 67 207
2522 78 210
2523 75 197
2524 79 209
2525 69 208
2526 71 209
2527 72 197
2528 72 197
2529 74 200
2530 80 209
2531 77 204
2532 75 201
2533 73 203
2534 72 200
2535 70 200
2536 69 201
2537 62 196
2538 79 204
2539 69 198
2540 62 205
2541 68 197
2542 175 25
2543 161 20
2544 164 26
2545 166 28
2546 171 26
2547 168 28
2548 174 20
2549 166 21
2550 163 14
2551 166 13
2552 159 14
2553 162 12
2554 159 19
2555 176 23
2556 174 20
2557 157 24
2558 158 21
2559 171 24
2560 173 21
2561 160 16
2562 162 23
2563 170 19
2564 172 13
2565 172 21
2566 174 20
2567 160 25
2568 166 21
2569 162 13
2570 165 23
2571 166 28
2572 217 243
2573 212 237
2574 216 228
2575 223 228
2576 220 238
2577 219 231
2578 224 230
2579 220 231
2580 220 233
2581 221 239
2582 223 238
2583 216 235
2584 222 231
2585 223 242
2586 216 230
2587 221 235
2588 219 235
2589 215 237
2590 212 241
2591 225 226
2592 213 237
2593 211 237
2594 225 239
2595 225 235
2596 211 242
2597 214 239
2598 218 243
2599 212 227
2600 211 242
2601 225 231
2602 94 51
2603 97 58
2604 84 57
2605 96 59
2606 90 49
2607 95 59
2608 81 54
2609 94 56
2610 97 49
2611 92 57
2612 88 51
2613 87 53
2614 88 54
2615 81 47
2616 97 56
2617 94 47
2618 84 61
2619 84 57
2620 88 48
2621 90 51
2622 87 55
2623 90 50
2624 87 59
2625 94 59
2626 81 51
2627 98 59
2628 87 59
2629 83 56
2630 95 50
2631 87 51
2632 32 70
2633 33 68
2634 32 77
2635 33 62
2636 37 80
2637 40 62
2638 33 74
2639 31 64
2640 32 65
2641 32 66
2642 41 66
2643 46 68
2644 29 68
2645 36 72
2646 36 69
2647 29 68
2648 46 73
2649 36 76
2650 29 63
2651 44 65
2652 40 77
2653 32 69
2654 41 76
2655 41 66
2656 40 76
2657 31 65
2658 35 62
2659 37 65
2660 30 72
2661 34 62
2662 215 190
2663 225 181
2664 211 182
2665 213 184
2666 222 180
2667 212 178
2668 217 189
2669 225 185
2670 211 181
2671 216 193
2672 217 193
2673 220 188
2674 212 186
2675 225 185
2676 222 187
2677 215 188
2678 214 180
2679 217 191
2680 212 177
2681 224 189
2682 212 192
2683 216 191
2684 222 181
2685 221 188
2686 225 184
2687 214 184
2688 218 187
2689 218 191
2690 219 178
2691 215 186
2692 45 97
2693 36 85
2694 31 97
2695 34 89
2696 29 93
2697 35 97
2698 42 97
2699 44 94
2700 39 89
2701 40 83
2702 35 85
2703 31 89
2704 32 89
2705 38 94
2706 38 92
2707 42 98
2708 39 82
2709 38 84
2710 43 87
2711 41 99
2712 40 89
2713 29 99
2714 40 82
2715 33 85
2716 32 97
2717 33 81
2718 44 84
2719 34 99
2720 29 94
2721 37 85
2722 221 58
2723 220 57
2724 211 50
2725 212 50
2726 222 50
2727 219 51
2728 213 47
2729 222 55
2730 214 58
2731 211 47
2732 225 52
2733 225 59
2734 223 60
2735 224 48
2736 224 60
2737 219 57
2738 221 59
2739 217 53
2740 223 48
2741 225 58
2742 216 50
2743 212 55
2744 218 47
2745 218 52
2746 224 49
2747 219 50
2748 223 50
2749 225 47
2750 219 61
2751 216 52
2752 6 170
2753 7 168
2754 4 171
2755 2 172
2756 4 165
2757 5 157
2758 4 166
2759 8 158
2760 11 174
2761 3 163
2762 7 170
2763 3 167
2764 9 175
2765 5 170
2766 8 176
2767 5 171
2768 0 168
2769 2 157
2770 9 162
2771 4 163
2772 7 162
2773 8 159
2774 6 165
2775 2 168
2776 0 173
2777 8 164
2778 11 164
2779 9 171
2780 7 165
2781 4 158
2782 69 223
2783 72 212
2784 74 216
2785 67 223
2786 68 217
2787 70 217
2788 72 211
2789 74 212
2790 77 221
2791 66 225
2792 71 218
2793 65 222
2794 71 214
2795 68 225
2796 65 224
2797 73 225
2798 62 215
2799 78 222
2800 67 217
2801 64 212
2802 66 213
2803 70 225
2804 68 211
2805 68 219
2806 66 212
2807 70 215
2808 70 215
2809 62 212
2810 66 221
2811 73 222
2812 51 187
2813 52 179
2814 56 183
2815 51 178
2816 53 188
2817 58 190
2818 48 178
2819 56 184
2820 49 183
2821 56 190
2822 58 188
2823 52 193
2824 61 184
2825 57 178
2826 60 180
2827 53 182
2828 60 181
2829 61 187
2830 47 190
2831 59 185
2832 51 177
2833 52 181
2834 51 183
2835 54 178
2836 48 182
2837 61 183
2838 53 177
2839 47 190
2840 58 193
2841 54 188
2842 33 218
2843 36 223
2844 33 214
2845 46 215
2846 35 222
2847 30 224
2848 31 215
2849 46 222
2850 37 224
2851 45 215
2852 34 219
2853 38 220
2854 37 218
2855 34 219
2856 44 211
2857 34 219
2858 40 211
2859 43 213
2860 41 225
2861 39 217
2862 31 213
2863 44 222
2864 39 223
2865 45 219
2866 31 221
2867 46 211
2868 38 224
2869 42 216
2870 46 223
2871 39 216
2872 37 103
2873 42 118
2874 37 115
2875 41 112
2876 35 102
2877 33 107
2878 35 101
2879 43 108
2880 41 116
2881 30 110
2882 39 106
2883 41 103
2884 46 112
2885 42 109
2886 35 104
2887 35 109
2888 46 107
2889 45 111
2890 36 108
2891 37 108
2892 38 105
2893 31 117
2894 33 113
2895 35 102
2896 35 103
2897 43 116
2898 32 102
2899 41 103
2900 32 112
2901 40 101
2902 23 170
2903 12 172
2904 23 167
2905 18 164
2906 22 162
2907 23 163
2908 26 172
2909 21 160
2910 12 171
2911 16 173
2912 22 171
2913 24 166
2914 25 171
2915 26 175
2916 21 158
2917 27 170
2918 22 157
2919 23 173
2920 23 167
2921 27 167
2922 18 165
2923 20 167
2924 15 175
2925 23 160
2926 13 170
2927 28 162
2928 16 160
2929 13 165
2930 18 161
2931 24 173
