229 252 10 2903
0 10
1 7
2 5
3 6
4 7
5 3
6 7
7 11
8 11
9 11
10 7
11 7
12 4
13 4
14 3
15 3
16 3
17 3
18 4
19 4
20 3
21 3
22 3
23 3
24 5
25 3
26 3
27 5
28 3
29 4
30 3
31 3
32 3
33 3
34 3
35 3
36 3
37 3
38 3
39 5
40 3
41 3
42 3
43 3
44 5
45 4
46 3
47 3
48 5
49 3
50 3
51 3
52 5
53 3
54 4
55 3
56 3
57 3
58 3
59 3
60 3
61 3
62 3
63 3
64 6
65 3
66 3
67 3
68 4
69 3
70 3
71 3
72 5
73 3
74 4
75 3
76 3
77 3
78 5
79 3
80 3
81 5
82 3
83 3
84 4
85 4
86 3
87 3
88 4
89 3
90 4
91 3
92 3
93 4
94 3
95 5
96 3
97 3
98 3
99 4
100 5
101 3
102 3
103 3
104 3
105 3
106 4
107 3
108 3
109 4
110 3
111 3
112 3
113 3
114 3
115 4
116 3
117 3
118 4
119 3
120 4
121 5
122 3
123 3
124 3
125 3
126 3
127 3
128 3
129 4
130 4
131 4
132 3
133 4
134 3
135 3
136 3
137 3
138 3
139 3
140 5
141 4
142 6
143 3
144 4
145 3
146 3
147 3
148 5
149 3
150 3
151 5
152 4
153 4
154 3
155 3
156 3
157 3
158 4
159 3
160 3
161 5
162 3
163 3
164 3
165 4
166 3
167 3
168 3
169 3
170 3
171 3
172 4
173 3
174 3
175 3
176 5
177 4
178 3
179 4
180 3
181 3
182 3
183 3
184 3
185 4
186 3
187 3
188 4
189 3
190 3
191 4
192 4
193 3
194 4
195 3
196 4
197 4
198 6
199 3
200 3
201 5
202 4
203 3
204 3
205 3
206 3
207 3
208 3
209 3
210 3
211 4
212 3
213 3
214 3
215 3
216 3
217 3
218 3
219 3
220 4
221 3
222 4
223 3
224 3
225 3
226 3
227 6
228 5
0 0 1
1 0 4
2 0 5
3 0 7
4 0 8
5 0 9
6 0 11
7 0 130
8 1 3
9 1 4
10 1 7
11 1 8
12 1 10
13 1 12
14 2 3
15 2 7
16 2 8
17 2 11
18 2 45
19 3 6
20 3 8
21 3 9
22 3 11
23 4 6
24 4 8
25 4 79
26 5 9
27 5 11
28 6 7
29 6 8
30 6 10
31 6 95
32 6 170
33 7 8
34 7 9
35 7 10
36 7 11
37 7 210
38 8 9
39 8 10
40 8 11
41 8 190
42 9 10
43 9 30
44 9 111
45 9 150
46 10 62
47 12 24
48 13 19
49 13 27
50 14 24
51 15 24
52 16 25
53 16 23
54 16 27
55 17 28
56 18 21
57 18 24
58 18 19
59 20 28
60 22 25
61 23 26
62 27 29
63 28 29
64 30 36
65 31 39
66 32 39
67 32 43
68 32 33
69 33 41
70 34 41
71 34 44
72 35 40
73 35 38
74 36 39
75 37 44
76 38 42
77 42 44
78 45 46
79 45 50
80 45 52
81 46 51
82 47 60
83 48 52
84 48 60
85 48 61
86 49 58
87 49 52
88 50 53
89 53 54
90 54 56
91 55 57
92 57 59
93 57 61
94 62 63
95 62 72
96 63 68
97 63 76
98 64 66
99 64 72
100 64 77
101 64 78
102 65 68
103 67 72
104 69 72
105 70 74
106 71 74
107 71 78
108 73 75
109 75 78
110 79 90
111 80 81
112 80 84
113 81 88
114 81 87
115 81 85
116 82 88
117 83 85
118 84 93
119 85 91
120 86 88
121 87 90
122 89 93
123 92 93
124 93 94
125 95 97
126 95 106
127 95 100
128 95 107
129 96 104
130 98 99
131 99 105
132 100 102
133 100 105
134 101 109
135 102 108
136 103 106
137 104 109
138 105 109
139 107 110
140 111 116
141 111 112
142 112 127
143 113 122
144 114 117
145 115 127
146 115 123
147 116 119
148 117 122
149 117 121
150 118 125
151 118 126
152 120 126
153 120 129
154 121 124
155 121 128
156 121 129
157 123 128
158 130 135
159 130 140
160 131 140
161 131 142
162 132 141
163 133 139
164 133 144
165 133 148
166 134 137
167 134 143
168 136 144
169 138 148
170 140 148
171 141 144
172 142 143
173 142 147
174 142 146
175 145 148
176 146 149
177 150 168
178 150 161
179 151 167
180 151 161
181 151 169
182 152 153
183 152 158
184 153 155
185 154 162
186 154 157
187 154 165
188 156 161
189 157 166
190 158 163
191 159 160
192 160 164
193 160 162
194 161 163
195 161 165
196 170 180
197 170 172
198 171 188
199 172 181
200 172 185
201 173 174
202 173 177
203 173 178
204 175 181
205 176 187
206 176 182
207 176 178
208 177 186
209 178 189
210 179 184
211 179 185
212 179 182
213 180 183
214 185 188
215 190 194
216 190 192
217 191 207
218 191 208
219 191 195
220 192 196
221 193 198
222 194 204
223 195 198
224 196 198
225 197 205
226 197 201
227 198 203
228 199 202
229 199 209
230 200 204
231 201 206
232 201 207
233 202 203
234 210 215
235 211 216
236 211 220
237 212 222
238 213 222
239 213 228
240 214 228
241 215 221
242 216 226
243 217 228
244 218 224
245 219 224
246 219 227
247 220 225
248 220 227
249 221 227
250 222 223
251 222 227
0 56 80
1 48 87
2 46 93
3 57 83
4 51 94
5 61 80
6 61 79
7 51 85
8 50 90
9 46 80
10 46 88
11 49 82
12 61 81
13 52 91
14 53 87
15 50 90
16 46 88
17 61 87
18 50 93
19 48 79
20 53 81
21 59 92
22 59 87
23 54 88
24 48 90
25 57 94
26 57 92
27 52 89
28 54 86
29 54 84
30 6 141
31 5 131
32 8 146
33 9 143
34 6 149
35 0 133
36 0 147
37 10 143
38 4 140
39 0 145
40 4 135
41 8 147
42 4 138
43 11 131
44 4 146
45 11 132
46 4 144
47 11 147
48 8 135
49 3 146
50 6 142
51 6 138
52 3 145
53 3 147
54 3 139
55 1 134
56 11 134
57 0 138
58 2 133
59 6 133
60 214 47
61 226 51
62 212 56
63 217 46
64 226 51
65 210 51
66 227 47
67 227 52
68 218 56
69 227 53
70 225 50
71 212 50
72 228 54
73 221 59
74 221 46
75 217 55
76 227 52
77 212 60
78 210 55
79 216 56
80 222 61
81 216 60
82 226 54
83 214 55
84 226 55
85 217 61
86 226 52
87 217 60
88 213 54
89 224 50
90 224 154
91 214 165
92 228 165
93 211 150
94 217 162
95 215 154
96 213 166
97 223 152
98 220 167
99 212 169
100 224 150
101 216 160
102 220 166
103 228 161
104 210 165
105 216 150
106 228 154
107 210 160
108 210 160
109 211 150
110 213 151
111 220 153
112 211 154
113 222 159
114 215 165
115 216 160
116 213 153
117 223 167
118 225 160
119 212 169
120 60 152
121 59 154
122 49 157
123 46 150
124 56 156
125 60 160
126 52 151
127 47 158
128 56 167
129 55 152
130 47 150
131 47 162
132 57 151
133 61 152
134 56 160
135 54 163
136 54 153
137 55 160
138 56 165
139 49 154
140 54 161
141 47 165
142 55 155
143 60 156
144 47 165
145 61 164
146 46 163
147 58 155
148 51 157
149 52 161
150 16 182
151 28 177
152 23 181
153 28 184
154 15 175
155 25 171
156 12 182
157 18 186
158 24 186
159 23 172
160 20 171
161 18 170
162 12 178
163 28 176
164 18 180
165 17 170
166 14 170
167 29 180
168 27 189
169 12 170
170 12 177
171 22 182
172 13 178
173 17 182
174 16 172
175 25 180
176 23 186
177 13 179
178 26 182
179 16 183
180 195 40
181 204 42
182 208 42
183 195 38
184 202 32
185 205 41
186 208 37
187 207 41
188 197 30
189 198 36
190 190 40
191 197 37
192 206 30
193 198 41
194 193 33
195 194 31
196 197 43
197 209 35
198 193 33
199 201 33
200 209 38
201 193 42
202 197 30
203 205 43
204 207 30
205 205 37
206 209 37
207 207 41
208 196 41
209 208 34
210 78 83
211 63 85
212 69 89
213 76 92
214 65 79
215 77 86
216 65 81
217 71 92
218 65 89
219 62 91
220 68 85
221 77 80
222 69 94
223 64 88
224 62 83
225 77 79
226 62 83
227 78 84
228 68 92
229 74 93
230 76 94
231 66 80
232 74 81
233 68 82
234 73 86
235 70 90
236 63 79
237 70 94
238 69 91
239 71 83
240 95 129
241 107 119
242 109 119
243 100 111
244 99 121
245 104 121
246 101 127
247 107 122
248 98 120
249 99 115
250 100 111
251 100 115
252 109 113
253 99 111
254 103 112
255 109 129
256 99 123
257 97 124
258 104 120
259 105 119
260 107 127
261 107 122
262 98 129
263 109 129
264 98 112
265 108 121
266 107 113
267 107 126
268 106 119
269 108 119
270 100 127
271 95 117
272 109 128
273 98 118
274 95 112
275 99 123
276 101 113
277 104 118
278 109 120
279 103 117
280 95 114
281 100 129
282 107 111
283 101 114
284 108 122
285 101 126
286 95 128
287 104 117
288 95 122
289 108 127
290 110 126
291 95 125
292 107 121
293 95 128
294 102 126
295 96 112
296 100 123
297 107 121
298 96 112
299 101 123
300 132 60
301 140 61
302 135 56
303 135 50
304 143 55
305 146 47
306 139 46
307 148 47
308 148 54
309 141 54
310 139 59
311 149 55
312 140 54
313 134 56
314 148 47
315 133 51
316 143 53
317 146 45
318 149 61
319 139 51
320 142 49
321 143 45
322 142 57
323 140 47
324 142 47
325 140 51
326 130 54
327 148 51
328 131 55
329 133 56
330 25 224
331 21 212
332 15 210
333 24 221
334 18 222
335 14 226
336 25 226
337 23 212
338 28 211
339 26 222
340 25 216
341 22 217
342 12 227
343 29 222
344 22 216
345 13 211
346 14 211
347 21 226
348 13 220
349 27 225
350 27 227
351 28 217
352 18 215
353 23 220
354 16 223
355 22 220
356 16 221
357 23 223
358 23 215
359 24 220
360 219 183
361 222 178
362 223 172
363 220 179
364 214 182
365 217 179
366 225 188
367 211 186
368 224 185
369 223 183
370 221 188
371 225 172
372 210 174
373 216 182
374 220 183
375 213 174
376 219 171
377 210 175
378 213 183
379 210 170
380 214 170
381 222 188
382 211 186
383 220 181
384 226 173
385 216 173
386 210 183
387 210 181
388 223 187
389 216 186
390 182 22
391 184 19
392 176 21
393 183 25
394 173 23
395 180 27
396 173 14
397 184 19
398 182 23
399 182 25
400 175 24
401 180 13
402 175 22
403 172 13
404 172 15
405 183 22
406 170 26
407 170 12
408 186 24
409 186 28
410 180 17
411 185 19
412 184 14
413 174 14
414 170 26
415 180 18
416 176 26
417 173 27
418 186 13
419 174 16
420 70 11
421 64 6
422 75 2
423 64 11
424 75 10
425 62 5
426 78 4
427 69 3
428 71 4
429 67 11
430 74 6
431 73 9
432 65 9
433 70 1
434 65 8
435 78 1
436 71 4
437 65 11
438 68 7
439 71 1
440 73 2
441 63 3
442 62 11
443 67 10
444 76 7
445 72 4
446 64 2
447 76 4
448 68 7
449 117 152
450 121 166
451 119 168
452 126 167
453 126 158
454 126 154
455 127 156
456 119 169
457 122 150
458 119 163
459 121 155
460 127 158
461 120 158
462 127 157
463 124 164
464 122 163
465 129 164
466 118 152
467 120 166
468 127 159
469 112 154
470 127 160
471 128 160
472 126 159
473 112 166
474 117 162
475 127 161
476 118 161
477 124 165
478 81 104
479 91 104
480 92 98
481 92 95
482 81 98
483 84 97
484 84 107
485 85 103
486 83 108
487 89 101
488 84 107
489 86 101
490 86 95
491 93 99
492 94 101
493 90 98
494 88 110
495 91 108
496 93 106
497 92 104
498 83 102
499 79 102
500 88 101
501 82 109
502 92 110
503 90 100
504 86 105
505 79 102
506 85 109
507 81 95
508 13 52
509 16 45
510 16 54
511 17 50
512 23 55
513 27 57
514 22 51
515 18 49
516 17 56
517 17 60
518 12 52
519 12 58
520 23 46
521 13 55
522 23 55
523 17 55
524 22 47
525 25 49
526 16 45
527 18 60
528 17 51
529 22 54
530 27 51
531 19 56
532 25 51
533 23 45
534 19 48
535 15 45
536 20 58
537 27 50
538 46 0
539 56 1
540 59 4
541 52 8
542 52 11
543 52 8
544 53 4
545 57 4
546 45 5
547 61 9
548 49 8
549 49 5
550 53 3
551 57 6
552 50 3
553 57 11
554 52 0
555 58 5
556 49 10
557 60 2
558 52 4
559 54 0
560 56 10
561 61 0
562 54 5
563 46 5
564 108 4
565 98 0
566 95 11
567 105 11
568 101 11
569 105 2
570 104 9
571 99 10
572 100 7
573 101 3
574 97 7
575 103 3
576 98 10
577 103 10
578 95 1
579 108 1
580 102 6
581 95 5
582 96 8
583 96 4
584 104 10
585 106 11
586 105 11
587 96 8
588 107 4
589 106 0
590 108 9
591 100 8
592 99 1
593 106 5
594 102 110
595 97 98
596 108 104
597 101 99
598 99 96
599 97 101
600 104 110
601 108 107
602 96 102
603 101 102
604 100 103
605 104 107
606 106 96
607 95 108
608 101 110
609 102 104
610 98 106
611 97 98
612 123 224
613 113 219
614 127 217
615 128 219
616 125 227
617 120 215
618 114 214
619 124 218
620 125 225
621 125 221
622 118 215
623 128 213
624 124 223
625 129 228
626 114 211
627 124 213
628 115 212
629 124 211
630 114 221
631 126 210
632 112 228
633 125 220
634 116 213
635 123 215
636 124 217
637 112 211
638 129 220
639 115 212
640 126 215
641 118 215
642 82 186
643 94 188
644 81 180
645 79 175
646 85 184
647 82 171
648 93 173
649 83 186
650 86 185
651 81 173
652 94 184
653 87 182
654 79 188
655 82 185
656 82 172
657 94 171
658 88 183
659 85 183
660 87 181
661 93 189
662 83 185
663 83 170
664 84 171
665 80 181
666 87 172
667 86 180
668 85 171
669 94 171
670 82 175
671 92 178
672 50 83
673 49 81
674 51 89
675 53 93
676 46 88
677 49 91
678 46 94
679 52 83
680 50 84
681 58 89
682 53 93
683 51 81
684 54 85
685 58 94
686 57 94
687 46 84
688 57 94
689 58 93
690 53 85
691 57 85
692 50 94
693 45 89
694 45 80
695 48 94
696 54 83
697 45 90
698 53 85
699 49 90
700 61 86
701 46 90
702 33 139
703 38 148
704 35 136
705 40 133
706 36 139
707 32 144
708 36 134
709 37 135
710 39 135
711 32 134
712 34 138
713 36 149
714 40 141
715 30 137
716 33 133
717 44 136
718 44 145
719 41 143
720 38 132
721 32 131
722 39 132
723 31 145
724 43 137
725 33 136
726 41 146
727 40 149
728 32 131
729 40 149
730 30 147
731 37 143
732 143 101
733 146 98
734 138 99
735 132 104
736 136 108
737 142 105
738 144 106
739 131 104
740 146 95
741 130 97
742 130 97
743 135 110
744 140 101
745 144 101
746 144 100
747 146 100
748 138 104
749 138 97
750 131 103
751 140 98
752 149 103
753 140 97
754 134 99
755 137 95
756 140 96
757 145 97
758 141 102
759 130 107
760 137 106
761 131 110
762 214 73
763 211 74
764 223 63
765 217 74
766 227 67
767 223 65
768 216 71
769 225 69
770 211 76
771 210 78
772 223 74
773 223 78
774 223 63
775 228 69
776 224 74
777 213 78
778 222 67
779 218 68
780 213 66
781 226 74
782 214 71
783 214 62
784 220 75
785 222 78
786 225 72
787 219 71
788 217 62
789 225 63
790 226 71
791 213 71
792 81 56
793 83 58
794 92 54
795 93 57
796 86 46
797 81 58
798 81 54
799 90 54
800 94 58
801 88 57
802 85 61
803 86 60
804 94 49
805 83 55
806 90 47
807 88 59
808 88 50
809 84 57
810 88 55
811 89 48
812 94 47
813 93 50
814 84 54
815 83 52
816 88 51
817 94 56
818 82 59
819 92 46
820 85 54
821 82 57
822 130 208
823 141 206
824 145 203
825 135 197
826 143 190
827 148 207
828 133 205
829 149 195
830 135 191
831 147 194
832 137 201
833 147 191
834 132 202
835 149 195
836 137 199
837 143 200
838 142 195
839 141 197
840 146 209
841 135 204
842 139 200
843 132 197
844 132 205
845 142 200
846 143 197
847 135 205
848 140 202
849 141 192
850 140 197
851 139 207
852 186 63
853 184 75
854 179 67
855 187 65
856 172 67
857 182 65
858 172 77
859 172 63
860 185 74
861 173 72
862 173 77
863 170 70
864 178 65
865 187 67
866 174 70
867 180 64
868 173 70
869 170 77
870 176 68
871 189 63
872 180 71
873 181 68
874 178 69
875 182 68
876 170 68
877 180 76
878 171 71
879 184 72
880 189 72
881 174 74
882 34 169
883 32 162
884 41 168
885 38 162
886 36 165
887 38 152
888 39 167
889 40 159
890 38 161
891 32 154
892 34 164
893 32 163
894 34 168
895 44 160
896 36 150
897 33 158
898 42 153
899 42 153
900 44 165
901 41 154
902 39 151
903 36 163
904 31 159
905 42 167
906 42 152
907 37 165
908 36 167
909 40 156
910 43 166
911 92 43
912 85 35
913 90 31
914 93 30
915 94 44
916 84 40
917 79 39
918 84 34
919 85 34
920 79 41
921 80 34
922 85 40
923 93 43
924 82 32
925 89 33
926 81 43
927 88 35
928 81 31
929 88 36
930 86 34
931 81 42
932 79 37
933 92 44
934 85 32
935 85 32
936 89 36
937 82 37
938 83 42
939 94 32
940 84 44
941 179 40
942 175 40
943 183 32
944 175 43
945 181 44
946 176 42
947 179 43
948 170 43
949 188 43
950 187 32
951 189 31
952 178 40
953 179 31
954 172 31
955 176 30
956 170 38
957 181 33
958 184 44
959 176 40
960 173 31
961 186 39
962 171 44
963 171 31
964 184 43
965 171 37
966 181 32
967 181 30
968 184 33
969 175 36
970 173 41
971 29 221
972 18 225
973 25 224
974 13 224
975 19 214
976 13 218
977 20 219
978 21 227
979 15 225
980 24 227
981 22 224
982 15 219
983 16 212
984 19 223
985 21 224
986 28 226
987 24 223
988 21 219
989 29 210
990 13 227
991 12 227
992 15 218
993 18 216
994 22 224
995 25 226
996 17 226
997 24 220
998 25 216
999 20 222
1000 12 227
1001 42 130
1002 31 130
1003 36 135
1004 38 143
1005 31 148
1006 42 143
1007 30 139
1008 38 142
1009 37 137
1010 40 146
1011 30 144
1012 41 134
1013 34 135
1014 32 144
1015 32 149
1016 31 140
1017 31 139
1018 36 146
1019 36 135
1020 43 131
1021 31 142
1022 40 148
1023 36 148
1024 34 148
1025 36 136
1026 37 147
1027 41 145
1028 42 140
1029 33 139
1030 40 135
1031 103 42
1032 95 39
1033 102 30
1034 101 34
1035 100 39
1036 97 36
1037 99 32
1038 96 31
1039 105 44
1040 105 44
1041 99 44
1042 97 30
1043 109 37
1044 100 32
1045 100 34
1046 103 38
1047 99 39
1048 100 42
1049 105 33
1050 104 31
1051 109 38
1052 101 31
1053 95 43
1054 109 42
1055 102 44
1056 100 43
1057 107 31
1058 107 30
1059 103 41
1060 108 44
1061 38 5
1062 41 4
1063 32 1
1064 36 10
1065 42 0
1066 44 7
1067 37 3
1068 38 4
1069 37 4
1070 40 7
1071 37 1
1072 41 0
1073 38 9
1074 33 4
1075 31 0
1076 42 0
1077 31 4
1078 41 1
1079 35 5
1080 39 0
1081 40 11
1082 41 5
1083 40 10
1084 39 4
1085 40 1
1086 32 2
1087 38 9
1088 40 1
1089 38 0
1090 139 181
1091 149 182
1092 146 181
1093 137 189
1094 138 178
1095 130 181
1096 140 179
1097 145 180
1098 148 172
1099 135 173
1100 137 188
1101 141 181
1102 141 183
1103 140 176
1104 146 179
1105 132 180
1106 147 180
1107 133 174
1108 138 183
1109 131 175
1110 149 187
1111 142 179
1112 133 189
1113 139 189
1114 143 189
1115 136 184
1116 135 189
1117 137 171
1118 141 181
1119 143 171
1120 39 147
1121 40 142
1122 30 141
1123 32 132
1124 36 131
1125 41 143
1126 31 144
1127 33 131
1128 41 145
1129 33 142
1130 35 132
1131 35 130
1132 44 135
1133 35 145
1134 32 142
1135 41 139
1136 37 144
1137 38 146
1138 36 138
1139 34 148
1140 37 141
1141 38 149
1142 41 142
1143 41 141
1144 44 131
1145 43 148
1146 36 147
1147 41 141
1148 33 149
1149 44 144
1150 46 117
1151 61 126
1152 60 115
1153 53 122
1154 61 111
1155 57 118
1156 56 129
1157 61 111
1158 48 126
1159 50 129
1160 60 115
1161 49 115
1162 49 116
1163 60 119
1164 59 125
1165 54 127
1166 46 126
1167 59 116
1168 50 129
1169 51 128
1170 49 117
1171 46 128
1172 50 129
1173 46 118
1174 46 114
1175 57 115
1176 61 123
1177 48 124
1178 58 115
1179 49 118
1180 204 177
1181 203 174
1182 200 183
1183 200 175
1184 199 187
1185 206 183
1186 203 189
1187 207 172
1188 200 171
1189 196 181
1190 205 171
1191 195 174
1192 201 174
1193 205 183
1194 198 189
1195 200 179
1196 190 179
1197 198 174
1198 199 186
1199 194 179
1200 208 182
1201 209 184
1202 208 175
1203 201 187
1204 209 172
1205 192 187
1206 203 173
1207 196 172
1208 199 182
1209 204 185
1210 122 220
1211 119 223
1212 120 226
1213 118 225
1214 123 213
1215 118 216
1216 129 217
1217 120 218
1218 119 225
1219 111 220
1220 129 223
1221 129 227
1222 117 225
1223 113 217
1224 121 228
1225 128 228
1226 116 227
1227 115 220
1228 112 210
1229 115 218
1230 116 228
1231 118 212
1232 122 221
1233 124 211
1234 126 218
1235 128 217
1236 127 224
1237 113 218
1238 118 226
1239 119 220
1240 3 166
1241 3 160
1242 11 150
1243 4 164
1244 11 154
1245 5 151
1246 0 163
1247 5 167
1248 3 158
1249 5 161
1250 0 169
1251 4 161
1252 1 156
1253 6 160
1254 10 168
1255 9 162
1256 6 153
1257 10 153
1258 10 160
1259 1 158
1260 4 156
1261 5 152
1262 11 169
1263 10 168
1264 2 154
1265 9 158
1266 3 153
1267 9 164
1268 0 159
1269 97 151
1270 102 168
1271 108 160
1272 95 154
1273 106 154
1274 101 165
1275 105 160
1276 108 159
1277 110 161
1278 98 150
1279 98 166
1280 97 158
1281 106 155
1282 97 164
1283 105 154
1284 97 156
1285 109 158
1286 107 159
1287 97 151
1288 100 156
1289 110 162
1290 110 154
1291 101 150
1292 95 160
1293 108 162
1294 95 162
1295 104 161
1296 106 157
1297 108 164
1298 98 166
1299 113 0
1300 127 7
1301 112 8
1302 119 3
1303 118 2
1304 129 6
1305 115 9
1306 120 3
1307 117 9
1308 127 4
1309 115 7
1310 116 8
1311 112 7
1312 117 4
1313 112 7
1314 111 4
1315 115 5
1316 115 10
1317 118 4
1318 119 7
1319 114 5
1320 115 3
1321 120 10
1322 113 7
1323 114 9
1324 126 9
1325 119 7
1326 119 6
1327 120 10
1328 176 74
1329 172 72
1330 174 72
1331 184 69
1332 173 63
1333 171 73
1334 177 68
1335 185 68
1336 188 74
1337 177 77
1338 183 62
1339 185 76
1340 184 68
1341 188 69
1342 170 69
1343 177 78
1344 178 63
1345 185 75
1346 188 68
1347 175 70
1348 172 66
1349 187 74
1350 177 65
1351 170 68
1352 179 78
1353 184 66
1354 175 65
1355 182 68
1356 186 73
1357 184 72
1358 63 64
1359 71 63
1360 77 62
1361 63 78
1362 73 69
1363 64 76
1364 66 75
1365 78 65
1366 76 77
1367 69 68
1368 77 62
1369 77 73
1370 77 76
1371 69 78
1372 78 67
1373 67 70
1374 70 78
1375 72 65
1376 116 220
1377 117 219
1378 118 225
1379 124 216
1380 120 218
1381 119 227
1382 118 215
1383 123 210
1384 125 211
1385 127 218
1386 111 224
1387 118 227
1388 112 221
1389 128 219
1390 119 226
1391 127 217
1392 115 226
1393 128 215
1394 127 227
1395 113 225
1396 117 222
1397 123 213
1398 116 211
1399 119 223
1400 118 220
1401 118 223
1402 113 215
1403 118 214
1404 121 228
1405 114 210
1406 13 71
1407 29 72
1408 17 69
1409 12 64
1410 13 67
1411 26 64
1412 28 71
1413 24 68
1414 29 65
1415 20 70
1416 16 78
1417 27 75
1418 15 64
1419 19 62
1420 24 69
1421 24 76
1422 22 74
1423 25 68
1424 29 76
1425 27 74
1426 21 66
1427 19 76
1428 22 62
1429 21 68
1430 22 65
1431 22 66
1432 14 70
1433 15 74
1434 17 78
1435 22 78
1436 73 179
1437 72 177
1438 63 178
1439 63 189
1440 69 177
1441 71 185
1442 77 186
1443 73 186
1444 63 172
1445 70 185
1446 65 183
1447 68 178
1448 77 179
1449 71 177
1450 72 179
1451 73 181
1452 76 184
1453 75 170
1454 76 186
1455 69 176
1456 74 183
1457 62 175
1458 62 179
1459 78 173
1460 72 189
1461 62 189
1462 67 181
1463 77 182
1464 63 173
1465 70 189
1466 110 183
1467 99 173
1468 102 187
1469 109 171
1470 104 183
1471 102 181
1472 103 173
1473 96 177
1474 97 171
1475 109 170
1476 99 171
1477 108 175
1478 95 176
1479 102 181
1480 95 182
1481 110 176
1482 104 185
1483 97 175
1484 105 181
1485 99 188
1486 104 173
1487 96 181
1488 106 186
1489 100 172
1490 108 179
1491 95 180
1492 105 189
1493 99 183
1494 99 187
1495 109 177
1496 2 60
1497 10 55
1498 5 47
1499 8 61
1500 10 56
1501 4 47
1502 7 48
1503 4 46
1504 1 52
1505 6 55
1506 9 51
1507 4 49
1508 11 47
1509 5 46
1510 8 58
1511 1 48
1512 5 47
1513 2 53
1514 0 58
1515 1 59
1516 1 55
1517 1 54
1518 2 54
1519 3 61
1520 4 47
1521 9 56
1522 1 56
1523 11 52
1524 11 60
1525 11 51
1526 195 117
1527 200 129
1528 194 123
1529 205 112
1530 203 124
1531 195 126
1532 191 120
1533 203 125
1534 202 129
1535 192 124
1536 192 121
1537 191 113
1538 203 125
1539 199 113
1540 191 112
1541 204 116
1542 193 125
1543 198 122
1544 197 125
1545 195 125
1546 199 125
1547 191 125
1548 194 124
1549 202 123
1550 203 125
1551 194 120
1552 191 123
1553 202 115
1554 191 111
1555 194 111
1556 43 45
1557 44 57
1558 33 56
1559 43 54
1560 44 55
1561 40 48
1562 43 50
1563 36 60
1564 42 56
1565 38 46
1566 37 59
1567 31 48
1568 44 47
1569 30 47
1570 31 48
1571 41 51
1572 43 57
1573 35 61
1574 36 51
1575 39 55
1576 35 50
1577 41 50
1578 43 52
1579 38 57
1580 39 47
1581 30 61
1582 42 48
1583 32 54
1584 32 46
1585 31 58
1586 204 7
1587 192 1
1588 191 5
1589 208 1
1590 198 1
1591 199 11
1592 203 9
1593 206 3
1594 193 3
1595 209 7
1596 208 3
1597 205 10
1598 198 2
1599 209 3
1600 197 10
1601 206 8
1602 194 2
1603 194 4
1604 201 6
1605 201 0
1606 193 9
1607 196 9
1608 209 7
1609 205 5
1610 199 4
1611 192 4
1612 207 11
1613 205 6
1614 211 213
1615 224 226
1616 213 221
1617 211 222
1618 212 225
1619 215 211
1620 220 228
1621 217 226
1622 212 215
1623 225 223
1624 226 215
1625 226 221
1626 228 212
1627 223 210
1628 210 212
1629 222 225
1630 217 224
1631 224 222
1632 228 215
1633 220 215
1634 211 214
1635 222 226
1636 176 202
1637 182 207
1638 177 190
1639 183 199
1640 178 205
1641 174 202
1642 185 202
1643 173 195
1644 177 192
1645 177 205
1646 189 190
1647 176 200
1648 189 204
1649 175 205
1650 173 200
1651 171 199
1652 188 192
1653 184 206
1654 176 193
1655 170 200
1656 177 209
1657 187 199
1658 185 203
1659 180 209
1660 178 196
1661 174 197
1662 184 195
1663 184 205
1664 187 199
1665 174 200
1666 210 65
1667 215 75
1668 217 75
1669 212 76
1670 224 68
1671 213 64
1672 224 78
1673 220 72
1674 226 71
1675 228 72
1676 228 63
1677 219 77
1678 212 63
1679 221 74
1680 225 74
1681 217 66
1682 226 64
1683 210 71
1684 214 62
1685 210 64
1686 218 75
1687 212 76
1688 221 69
1689 221 76
1690 212 73
1691 220 69
1692 224 65
1693 226 73
1694 218 69
1695 219 63
1696 108 103
1697 99 95
1698 96 95
1699 106 104
1700 104 95
1701 95 104
1702 99 103
1703 104 108
1704 104 108
1705 106 108
1706 96 101
1707 103 104
1708 99 103
1709 95 101
1710 97 105
1711 99 103
1712 104 102
1713 96 95
1714 95 99
1715 96 108
1716 103 110
1717 134 45
1718 138 54
1719 140 59
1720 136 61
1721 142 45
1722 144 52
1723 142 59
1724 149 54
1725 146 54
1726 144 47
1727 148 50
1728 142 48
1729 130 57
1730 132 61
1731 148 52
1732 149 51
1733 131 47
1734 133 56
1735 134 46
1736 130 48
1737 145 55
1738 142 48
1739 143 57
1740 143 53
1741 148 61
1742 135 48
1743 137 60
1744 130 58
1745 136 53
1746 141 59
1747 213 91
1748 219 92
1749 210 84
1750 223 91
1751 223 94
1752 217 84
1753 227 94
1754 212 83
1755 219 94
1756 226 91
1757 217 85
1758 228 86
1759 214 84
1760 210 85
1761 219 94
1762 227 94
1763 220 82
1764 221 83
1765 226 94
1766 216 83
1767 210 89
1768 221 94
1769 217 82
1770 212 84
1771 226 85
1772 211 84
1773 224 92
1774 215 93
1775 228 81
1776 212 80
1777 3 59
1778 10 60
1779 5 46
1780 4 57
1781 3 58
1782 5 60
1783 1 56
1784 9 57
1785 4 61
1786 3 49
1787 11 48
1788 0 54
1789 8 51
1790 0 57
1791 10 46
1792 7 52
1793 5 55
1794 0 60
1795 0 45
1796 1 61
1797 8 55
1798 5 45
1799 8 52
1800 1 53
1801 6 46
1802 11 53
1803 7 46
1804 4 56
1805 56 91
1806 50 81
1807 60 94
1808 60 84
1809 55 79
1810 56 82
1811 54 81
1812 49 83
1813 48 80
1814 53 88
1815 53 89
1816 58 92
1817 55 84
1818 58 90
1819 49 94
1820 46 92
1821 45 85
1822 58 80
1823 49 92
1824 56 84
1825 58 90
1826 54 87
1827 46 87
1828 47 90
1829 49 91
1830 45 93
1831 48 83
1832 55 83
1833 57 84
1834 53 81
1835 139 46
1836 141 58
1837 132 45
1838 142 47
1839 146 48
1840 146 54
1841 137 56
1842 144 47
1843 134 61
1844 149 45
1845 137 49
1846 139 55
1847 149 53
1848 144 45
1849 142 59
1850 138 50
1851 142 56
1852 144 53
1853 137 57
1854 140 54
1855 144 48
1856 142 52
1857 146 49
1858 139 57
1859 140 51
1860 148 53
1861 135 61
1862 148 46
1863 142 45
1864 145 48
1865 10 152
1866 7 166
1867 0 154
1868 11 164
1869 7 168
1870 9 162
1871 6 151
1872 0 166
1873 5 159
1874 2 169
1875 3 151
1876 11 151
1877 6 151
1878 4 153
1879 3 160
1880 6 151
1881 6 163
1882 7 161
1883 7 169
1884 3 159
1885 1 164
1886 5 153
1887 4 151
1888 7 160
1889 5 162
1890 9 165
1891 8 169
1892 0 155
1893 0 160
1894 184 138
1895 175 133
1896 187 136
1897 187 137
1898 184 147
1899 185 139
1900 185 139
1901 179 131
1902 181 141
1903 178 135
1904 181 139
1905 178 144
1906 180 145
1907 177 131
1908 189 132
1909 184 139
1910 183 147
1911 171 148
1912 174 139
1913 182 138
1914 177 149
1915 180 149
1916 171 132
1917 180 144
1918 176 130
1919 189 148
1920 181 141
1921 181 147
1922 182 131
1923 181 148
1924 56 107
1925 52 108
1926 53 110
1927 47 101
1928 47 105
1929 55 109
1930 47 109
1931 52 98
1932 51 110
1933 52 96
1934 56 99
1935 59 96
1936 61 96
1937 61 97
1938 53 105
1939 45 103
1940 53 103
1941 49 95
1942 56 104
1943 55 107
1944 58 106
1945 46 99
1946 51 101
1947 51 96
1948 60 108
1949 49 103
1950 48 102
1951 49 99
1952 47 97
1953 53 104
1954 61 201
1955 46 204
1956 55 197
1957 52 194
1958 55 192
1959 56 199
1960 55 199
1961 61 193
1962 48 192
1963 60 200
1964 53 192
1965 60 200
1966 55 201
1967 61 202
1968 48 195
1969 61 204
1970 60 193
1971 54 191
1972 53 207
1973 53 191
1974 59 193
1975 58 201
1976 47 202
1977 50 206
1978 47 190
1979 57 193
1980 46 207
1981 58 204
1982 56 193
1983 56 199
1984 176 54
1985 185 52
1986 179 49
1987 180 52
1988 177 46
1989 183 48
1990 185 50
1991 177 46
1992 177 49
1993 172 46
1994 179 49
1995 180 53
1996 187 51
1997 184 45
1998 178 49
1999 179 58
2000 185 61
2001 178 55
2002 180 56
2003 184 53
2004 181 45
2005 171 56
2006 182 49
2007 177 56
2008 179 61
2009 172 56
2010 183 60
2011 181 59
2012 172 47
2013 171 52
2014 86 64
2015 85 64
2016 84 74
2017 86 75
2018 80 73
2019 84 77
2020 89 65
2021 91 78
2022 93 69
2023 93 78
2024 92 76
2025 91 69
2026 94 70
2027 87 70
2028 79 77
2029 90 64
2030 92 78
2031 88 77
2032 79 71
2033 85 71
2034 93 66
2035 84 66
2036 80 78
2037 79 65
2038 93 74
2039 93 64
2040 94 62
2041 83 73
2042 84 77
2043 92 72
2044 99 21
2045 102 13
2046 97 20
2047 96 17
2048 110 29
2049 103 20
2050 107 14
2051 104 27
2052 107 12
2053 109 23
2054 106 18
2055 100 12
2056 102 18
2057 106 13
2058 110 22
2059 108 22
2060 104 25
2061 103 25
2062 106 18
2063 95 26
2064 95 19
2065 106 21
2066 99 15
2067 103 24
2068 105 19
2069 98 14
2070 108 15
2071 101 24
2072 110 20
2073 107 25
2074 55 45
2075 53 59
2076 49 61
2077 54 61
2078 46 55
2079 61 58
2080 47 58
2081 49 60
2082 57 54
2083 59 58
2084 55 53
2085 51 53
2086 47 46
2087 55 54
2088 52 56
2089 47 51
2090 57 45
2091 48 46
2092 168 160
2093 157 150
2094 165 164
2095 169 157
2096 167 156
2097 159 169
2098 151 164
2099 164 155
2100 160 157
2101 164 151
2102 158 156
2103 168 153
2104 153 156
2105 157 168
2106 152 154
2107 150 158
2108 152 164
2109 153 150
2110 157 156
2111 166 151
2112 169 156
2113 169 152
2114 34 125
2115 35 118
2116 38 122
2117 33 122
2118 40 128
2119 32 112
2120 37 117
2121 43 127
2122 31 111
2123 33 121
2124 41 129
2125 30 122
2126 37 116
2127 32 121
2128 37 125
2129 37 115
2130 30 123
2131 39 116
2132 43 125
2133 30 124
2134 31 118
2135 44 128
2136 41 128
2137 35 123
2138 38 116
2139 37 118
2140 33 124
2141 35 111
2142 36 120
2143 35 119
2144 70 132
2145 65 135
2146 65 133
2147 74 130
2148 78 148
2149 67 137
2150 63 136
2151 62 137
2152 65 138
2153 67 139
2154 68 147
2155 72 130
2156 62 138
2157 70 131
2158 69 136
2159 67 140
2160 69 133
2161 72 149
2162 74 133
2163 67 149
2164 67 136
2165 78 149
2166 70 142
2167 75 136
2168 71 130
2169 71 148
2170 71 142
2171 68 147
2172 76 134
2173 73 144
2174 43 132
2175 43 140
2176 40 131
2177 32 135
2178 43 134
2179 35 145
2180 35 130
2181 39 148
2182 32 134
2183 40 139
2184 42 138
2185 36 149
2186 43 139
2187 35 132
2188 30 148
2189 32 141
2190 31 141
2191 40 139
2192 41 149
2193 40 141
2194 38 136
2195 31 136
2196 36 140
2197 35 145
2198 44 145
2199 34 148
2200 41 137
2201 36 144
2202 40 140
2203 41 135
2204 3 56
2205 6 57
2206 8 60
2207 7 59
2208 5 61
2209 6 54
2210 6 50
2211 0 46
2212 5 51
2213 4 55
2214 5 60
2215 11 59
2216 11 55
2217 0 50
2218 8 59
2219 10 45
2220 11 53
2221 11 51
2222 8 51
2223 7 58
2224 11 59
2225 8 53
2226 10 52
2227 6 48
2228 0 45
2229 3 54
2230 10 55
2231 1 56
2232 2 51
2233 4 50
2234 116 62
2235 117 66
2236 114 66
2237 122 75
2238 117 74
2239 129 73
2240 119 71
2241 120 67
2242 126 65
2243 126 77
2244 118 74
2245 117 64
2246 125 69
2247 111 63
2248 129 78
2249 126 73
2250 121 64
2251 111 64
2252 123 64
2253 111 66
2254 114 63
2255 115 63
2256 125 77
2257 111 73
2258 115 70
2259 129 63
2260 116 74
2261 123 66
2262 121 67
2263 129 74
2264 35 199
2265 36 203
2266 41 191
2267 39 196
2268 32 201
2269 44 193
2270 33 202
2271 44 196
2272 39 196
2273 38 196
2274 38 198
2275 37 194
2276 43 209
2277 34 195
2278 44 200
2279 44 201
2280 35 202
2281 38 204
2282 33 199
2283 33 205
2284 34 195
2285 44 196
2286 43 198
2287 42 201
2288 31 205
2289 38 195
2290 39 201
2291 40 192
2292 41 208
2293 38 206
2294 148 143
2295 139 149
2296 141 149
2297 143 130
2298 144 149
2299 147 139
2300 141 148
2301 144 142
2302 131 132
2303 136 145
2304 148 132
2305 130 145
2306 137 146
2307 142 141
2308 140 134
2309 135 137
2310 133 146
2311 139 142
2312 145 142
2313 132 137
2314 138 141
2315 144 131
2316 143 140
2317 135 147
2318 143 148
2319 126 216
2320 124 227
2321 126 218
2322 115 215
2323 121 221
2324 124 224
2325 121 224
2326 124 214
2327 116 220
2328 123 217
2329 129 218
2330 121 223
2331 112 219
2332 129 215
2333 124 227
2334 115 222
2335 113 213
2336 126 228
2337 122 221
2338 113 226
2339 115 226
2340 126 225
2341 128 228
2342 126 219
2343 123 226
2344 121 219
2345 117 210
2346 127 216
2347 114 224
2348 119 216
2349 123 24
2350 117 23
2351 112 24
2352 115 22
2353 129 19
2354 126 26
2355 124 21
2356 119 14
2357 126 19
2358 124 13
2359 118 14
2360 118 27
2361 122 22
2362 118 17
2363 129 16
2364 118 15
2365 117 17
2366 125 29
2367 127 26
2368 128 22
2369 128 27
2370 121 23
2371 128 23
2372 128 21
2373 125 18
2374 116 29
2375 119 12
2376 126 22
2377 120 12
2378 111 22
2379 58 223
2380 48 217
2381 46 223
2382 60 228
2383 52 225
2384 47 217
2385 59 215
2386 51 228
2387 50 228
2388 46 211
2389 45 217
2390 47 214
2391 57 225
2392 45 213
2393 55 225
2394 47 224
2395 47 219
2396 61 228
2397 53 220
2398 61 210
2399 54 224
2400 49 218
2401 59 219
2402 51 220
2403 45 225
2404 49 228
2405 52 225
2406 54 218
2407 60 220
2408 51 228
2409 201 143
2410 204 142
2411 205 149
2412 191 145
2413 198 130
2414 196 143
2415 208 149
2416 200 131
2417 191 131
2418 204 138
2419 199 133
2420 208 136
2421 209 131
2422 195 143
2423 205 145
2424 209 138
2425 204 136
2426 200 139
2427 197 147
2428 198 133
2429 193 133
2430 200 132
2431 192 147
2432 192 139
2433 208 134
2434 195 135
2435 194 147
2436 194 142
2437 194 141
2438 204 137
2439 56 95
2440 59 104
2441 55 110
2442 47 110
2443 59 105
2444 51 102
2445 57 103
2446 58 95
2447 57 108
2448 60 103
2449 61 99
2450 47 109
2451 51 99
2452 52 106
2453 60 99
2454 49 101
2455 57 95
2456 45 105
2457 47 107
2458 55 97
2459 50 104
2460 58 105
2461 52 102
2462 54 103
2463 49 95
2464 45 99
2465 58 104
2466 52 103
2467 54 106
2468 57 101
2469 86 41
2470 93 35
2471 83 34
2472 89 40
2473 80 35
2474 89 33
2475 94 35
2476 88 43
2477 89 33
2478 86 40
2479 89 43
2480 86 30
2481 79 39
2482 90 39
2483 89 30
2484 93 36
2485 94 37
2486 80 32
2487 93 37
2488 79 39
2489 94 39
2490 80 36
2491 81 40
2492 90 36
2493 86 30
2494 80 41
2495 84 44
2496 83 38
2497 91 33
2498 87 44
2499 159 196
2500 159 197
2501 156 199
2502 162 204
2503 165 204
2504 151 202
2505 154 195
2506 163 205
2507 151 207
2508 155 209
2509 166 200
2510 168 206
2511 167 193
2512 162 203
2513 163 203
2514 163 195
2515 158 209
2516 156 198
2517 168 192
2518 166 208
2519 151 197
2520 160 191
2521 154 192
2522 157 206
2523 150 203
2524 168 193
2525 150 193
2526 168 192
2527 156 203
2528 156 207
2529 185 6
2530 182 2
2531 180 3
2532 175 9
2533 183 9
2534 181 5
2535 179 1
2536 189 10
2537 178 1
2538 179 10
2539 186 2
2540 174 2
2541 178 8
2542 172 9
2543 186 10
2544 173 0
2545 189 4
2546 176 6
2547 184 0
2548 185 0
2549 185 8
2550 171 4
2551 182 9
2552 188 2
2553 189 7
2554 171 5
2555 185 4
2556 178 9
2557 185 11
2558 184 2
2559 141 37
2560 134 34
2561 132 39
2562 149 36
2563 143 38
2564 141 33
2565 130 41
2566 149 40
2567 144 36
2568 142 40
2569 145 30
2570 132 30
2571 135 37
2572 149 42
2573 138 44
2574 147 39
2575 141 33
2576 148 32
2577 147 35
2578 140 33
2579 141 41
2580 130 41
2581 144 38
2582 147 31
2583 134 34
2584 136 39
2585 139 38
2586 144 40
2587 137 38
2588 136 44
2589 174 148
2590 183 135
2591 175 145
2592 180 139
2593 181 149
2594 187 130
2595 183 131
2596 176 130
2597 182 137
2598 176 148
2599 188 139
2600 177 142
2601 180 132
2602 175 138
2603 186 135
2604 179 148
2605 189 142
2606 188 139
2607 174 141
2608 177 146
2609 174 133
2610 182 138
2611 177 133
2612 180 137
2613 183 143
2614 176 139
2615 187 149
2616 177 133
2617 172 131
2618 189 137
2619 44 74
2620 41 77
2621 43 74
2622 44 64
2623 44 65
2624 36 68
2625 36 76
2626 42 69
2627 34 67
2628 32 67
2629 44 67
2630 33 63
2631 38 67
2632 34 74
2633 38 68
2634 43 69
2635 40 63
2636 34 75
2637 31 77
2638 37 65
2639 35 68
2640 37 64
2641 38 75
2642 38 68
2643 42 76
2644 42 64
2645 39 67
2646 30 64
2647 42 74
2648 33 74
2649 29 124
2650 29 111
2651 15 127
2652 28 125
2653 12 121
2654 26 113
2655 15 124
2656 16 126
2657 18 117
2658 18 115
2659 18 119
2660 21 122
2661 19 119
2662 23 124
2663 14 126
2664 25 116
2665 14 114
2666 27 124
2667 13 125
2668 28 126
2669 20 128
2670 25 126
2671 21 120
2672 15 114
2673 26 114
2674 22 128
2675 19 112
2676 12 125
2677 22 111
2678 21 119
2679 74 155
2680 76 154
2681 64 158
2682 76 161
2683 72 157
2684 76 156
2685 66 165
2686 75 169
2687 66 152
2688 69 159
2689 69 168
2690 71 166
2691 75 167
2692 69 150
2693 77 152
2694 77 159
2695 63 160
2696 65 161
2697 77 154
2698 66 165
2699 74 154
2700 74 166
2701 70 165
2702 74 161
2703 65 162
2704 77 165
2705 66 157
2706 78 162
2707 64 158
2708 64 153
2709 219 58
2710 221 52
2711 218 48
2712 228 58
2713 228 46
2714 220 60
2715 227 57
2716 221 57
2717 224 46
2718 226 55
2719 214 50
2720 228 52
2721 223 51
2722 216 51
2723 215 51
2724 221 59
2725 215 53
2726 212 55
2727 216 49
2728 213 59
2729 218 51
2730 223 47
2731 224 51
2732 227 48
2733 221 59
2734 224 47
2735 214 53
2736 218 48
2737 218 50
2738 219 52
2739 68 69
2740 70 72
2741 73 67
2742 75 77
2743 65 67
2744 74 76
2745 66 76
2746 67 74
2747 73 77
2748 74 62
2749 69 71
2750 67 75
2751 76 66
2752 69 66
2753 65 66
2754 75 74
2755 66 70
2756 69 65
2757 74 66
2758 77 71
2759 76 67
2760 75 77
2761 70 67
2762 157 147
2763 150 141
2764 160 133
2765 164 149
2766 163 144
2767 156 132
2768 166 140
2769 163 136
2770 157 130
2771 162 145
2772 167 137
2773 166 147
2774 161 133
2775 163 149
2776 151 137
2777 168 134
2778 164 149
2779 157 146
2780 157 141
2781 151 136
2782 168 132
2783 160 148
2784 154 132
2785 158 146
2786 164 145
2787 153 134
2788 150 134
2789 164 139
2790 163 144
2791 152 144
2792 73 67
2793 76 78
2794 68 70
2795 66 67
2796 77 73
2797 73 77
2798 62 77
2799 62 77
2800 65 75
2801 68 73
2802 71 62
2803 76 70
2804 68 73
2805 77 70
2806 65 67
2807 68 71
2808 77 67
2809 64 74
2810 62 65
2811 74 66
2812 72 76
2813 126 71
2814 115 65
2815 116 67
2816 124 73
2817 122 64
2818 116 72
2819 112 63
2820 112 78
2821 119 65
2822 114 73
2823 122 69
2824 122 75
2825 111 75
2826 114 73
2827 116 65
2828 129 75
2829 118 69
2830 119 75
2831 128 70
2832 117 78
2833 129 68
2834 117 69
2835 126 73
2836 119 66
2837 117 64
2838 113 69
2839 113 74
2840 119 77
2841 114 73
2842 123 78
2843 226 188
2844 217 175
2845 217 176
2846 225 179
2847 215 175
2848 215 185
2849 225 189
2850 221 181
2851 219 187
2852 210 175
2853 210 183
2854 225 179
2855 212 188
2856 221 186
2857 215 176
2858 218 189
2859 216 179
2860 221 171
2861 226 174
2862 220 180
2863 212 182
2864 211 178
2865 217 177
2866 224 171
2867 226 188
2868 217 183
2869 222 187
2870 225 174
2871 218 182
2872 217 176
2873 193 66
2874 195 74
2875 206 70
2876 209 70
2877 198 71
2878 209 72
2879 191 63
2880 197 76
2881 204 70
2882 205 71
2883 205 70
2884 190 62
2885 208 69
2886 191 63
2887 196 74
2888 190 65
2889 203 62
2890 202 64
2891 208 64
2892 201 73
2893 207 62
2894 203 71
2895 192 78
2896 196 69
2897 195 72
2898 196 65
2899 209 65
2900 208 78
2901 203 64
2902 192 71
